200
113,159,69,19,
133,59,53,157,
114,155,89,14,
153,158,138,67,
179,83,79,138,
85,171,107,175,
21,95,164,74,
103,63,72,169,
78,178,101,95,
63,174,108,59,
136,164,41,78,
45,117,142,93,
40,90,62,57,
69,18,64,62,
31,47,122,79,
90,101,141,81,
76,34,38,127,
86,72,182,67,
139,64,192,106,
87,178,113,109,
41,109,138,138,
68,144,150,137,
23,113,34,67,
86,148,37,46,
104,5,103,16,
182,74,101,9,
76,159,126,158,
11,96,19,129,
19,138,67,180,
16,70,88,167,
14,57,133,67,
87,99,166,107,
133,176,77,178,
139,107,89,47,
124,132,87,6,
173,79,43,88,
187,98,18,146,
107,31,118,159,
37,165,151,174,
131,155,114,66,
63,49,107,39,
11,67,105,50,
135,69,30,115,
55,45,103,189,
129,8,16,107,
84,103,120,11,
93,162,136,46,
130,176,101,28,
60,157,154,87,
140,180,116,162,
30,87,58,134,
146,151,121,95,
22,96,125,6,
65,157,79,13,
83,31,36,45,
64,162,43,166,
113,34,51,144,
9,84,96,46,
34,129,107,30,
173,102,86,170,
80,9,134,39,
79,25,123,122,
126,85,38,80,
115,113,112,146,
102,101,118,162,
107,90,48,156,
14,78,54,67,
92,142,182,75,
89,7,161,63,
93,66,9,94,
176,54,43,71,
89,62,131,107,
109,67,164,113,
133,82,49,164,
158,139,104,100,
143,150,45,83,
114,95,1,111,
139,38,44,171,
40,43,138,111,
133,80,67,135,
184,82,93,8,
164,80,124,99,
166,63,50,104,
80,160,35,92,
78,44,49,99,
143,78,126,12,
80,72,87,35,
104,171,192,101,
39,169,127,143,
124,107,98,98,
64,63,86,181,
80,38,6,69,
162,78,109,150,
190,82,134,57,
129,76,139,141,
65,53,80,22,
140,114,70,170,
85,24,173,98,
141,25,23,45,
105,163,115,188,
58,47,103,105,
98,115,13,105,
78,75,33,23,
76,72,168,104,
69,175,26,33,
177,57,88,92,
85,180,75,174,
148,135,54,148,
125,91,106,42,
41,104,7,132,
134,98,152,158,
56,129,110,46,
47,151,147,85,
6,65,49,30,
156,156,149,156,
90,169,187,96,
110,177,77,149,
51,56,65,161,
89,68,93,78,
143,123,79,176,
14,69,24,106,
79,184,31,102,
102,179,62,176,
152,156,123,112,
19,133,33,128,
138,150,104,42,
7,118,19,121,
110,179,114,36,
105,105,104,167,
46,90,92,110,
83,20,63,61,
76,169,111,2,
153,123,137,68,
96,60,164,71,
44,45,63,160,
85,96,5,84,
60,160,117,167,
182,63,151,168,
82,16,23,151,
90,41,46,33,
136,162,33,45,
74,145,150,113,
111,51,71,72,
48,26,53,63,
122,9,18,77,
116,7,124,77,
104,26,78,82,
7,132,43,116,
152,78,110,91,
134,156,5,65,
44,143,142,163,
6,100,125,89,
52,60,138,66,
68,21,101,97,
190,103,41,56,
97,86,74,31,
117,9,98,111,
124,34,81,151,
154,109,106,109,
5,78,18,145,
188,94,142,84,
146,33,132,133,
11,75,65,49,
124,112,148,74,
64,177,175,55,
91,19,92,149,
82,87,122,109,
126,130,188,100,
48,21,108,189,
27,123,53,129,
62,184,11,54,
69,148,61,22,
129,163,128,86,
106,105,10,67,
105,18,74,66,
44,170,134,45,
151,109,108,146,
52,51,24,104,
158,137,104,17,
21,65,162,93,
144,71,103,12,
89,34,111,37,
166,101,91,70,
19,96,145,115,
140,116,131,124,
73,183,165,112,
71,10,161,164,
11,84,81,99,
128,27,59,128,
148,150,15,140,
8,128,82,141,
138,59,127,8,
78,145,112,35,
43,144,48,107,
95,146,68,59,
152,85,187,95,
98,80,35,156,
125,134,122,78,
17,116,39,90,
96,70,98,60,
