[setting] seed:0
[solver] type:ECBS
[solver] w:3.250000
[solver] ID:0
[solver] Lowlevelnode:310
[solver] solved:1
[solver] elapsed:4
[solver] makespan:63
[problem] timesteplimit:10000
[problem] type:MAPF
[problem] agentnum:20
[graph] width:49
[graph] height:49
[graph] filename:./map/arena.map
[task] id:16,start:0,end:0,service time:0,nodes:324,
[task] id:7,start:0,end:0,service time:0,nodes:1189,
[task] id:4,start:0,end:0,service time:0,nodes:651,
[task] id:15,start:0,end:0,service time:0,nodes:525,
[task] id:2,start:0,end:0,service time:0,nodes:2315,
[task] id:0,start:0,end:0,service time:0,nodes:1425,
[task] id:1,start:0,end:0,service time:0,nodes:1150,
[task] id:3,start:0,end:0,service time:0,nodes:1311,
[task] id:18,start:0,end:0,service time:0,nodes:2130,
[task] id:10,start:0,end:0,service time:0,nodes:575,
[task] id:12,start:0,end:0,service time:0,nodes:111,
[task] id:17,start:0,end:0,service time:0,nodes:616,
[task] id:9,start:0,end:0,service time:0,nodes:313,
[task] id:5,start:0,end:0,service time:0,nodes:1540,
[task] id:8,start:0,end:0,service time:0,nodes:1335,
[task] id:14,start:0,end:0,service time:0,nodes:889,
[task] id:6,start:0,end:0,service time:0,nodes:1563,
[task] id:13,start:0,end:0,service time:0,nodes:745,
[task] id:11,start:0,end:0,service time:0,nodes:383,
[task] id:19,start:0,end:0,service time:0,nodes:2216,
[agent] id:0
path:1053,1102,1151,1200,1249,1298,1347,1396,1445,1444,1443,1442,1441,1440,1439,1438,1437,1436,1435,1434,1433,1432,1431,1430,1429,1428,1427,1426,1425,1425,1425,1425,1425,1425,1425,1425,1425,1425,1425,1425,1425,1425,1425,1425,1425,1425,1425,1425,1425,1425,1425,1425,1425,1425,1425,1425,1425,1425,1425,1425,1425,1425,1425,1425,
goal:1425,1425,1425,1425,1425,1425,1425,1425,1425,1425,1425,1425,1425,1425,1425,1425,1425,1425,1425,1425,1425,1425,1425,1425,1425,1425,1425,1425,1425,1425,1425,1425,1425,1425,1425,1425,1425,1425,1425,1425,1425,1425,1425,1425,1425,1425,1425,1425,1425,1425,1425,1425,1425,1425,1425,1425,1425,1425,1425,1425,1425,1425,1425,1425,
size:28
[agent] id:1
path:1995,1946,1897,1848,1799,1750,1701,1652,1603,1554,1505,1456,1407,1358,1309,1260,1211,1162,1161,1160,1159,1158,1157,1156,1155,1154,1153,1152,1151,1150,1150,1150,1150,1150,1150,1150,1150,1150,1150,1150,1150,1150,1150,1150,1150,1150,1150,1150,1150,1150,1150,1150,1150,1150,1150,1150,1150,1150,1150,1150,1150,1150,1150,1150,
goal:1150,1150,1150,1150,1150,1150,1150,1150,1150,1150,1150,1150,1150,1150,1150,1150,1150,1150,1150,1150,1150,1150,1150,1150,1150,1150,1150,1150,1150,1150,1150,1150,1150,1150,1150,1150,1150,1150,1150,1150,1150,1150,1150,1150,1150,1150,1150,1150,1150,1150,1150,1150,1150,1150,1150,1150,1150,1150,1150,1150,1150,1150,1150,1150,
size:29
[agent] id:2
path:1233,1282,1283,1332,1381,1430,1479,1528,1577,1626,1675,1724,1773,1822,1871,1920,1969,2018,2067,2116,2165,2214,2263,2312,2313,2314,2315,2315,2315,2315,2315,2315,2315,2315,2315,2315,2315,2315,2315,2315,2315,2315,2315,2315,2315,2315,2315,2315,2315,2315,2315,2315,2315,2315,2315,2315,2315,2315,2315,2315,2315,2315,2315,2315,
goal:2315,2315,2315,2315,2315,2315,2315,2315,2315,2315,2315,2315,2315,2315,2315,2315,2315,2315,2315,2315,2315,2315,2315,2315,2315,2315,2315,2315,2315,2315,2315,2315,2315,2315,2315,2315,2315,2315,2315,2315,2315,2315,2315,2315,2315,2315,2315,2315,2315,2315,2315,2315,2315,2315,2315,2315,2315,2315,2315,2315,2315,2315,2315,2315,
size:26
[agent] id:3
path:1382,1333,1284,1285,1286,1287,1288,1289,1290,1291,1292,1293,1294,1295,1296,1297,1298,1299,1300,1301,1302,1303,1304,1305,1306,1307,1308,1309,1310,1311,1311,1311,1311,1311,1311,1311,1311,1311,1311,1311,1311,1311,1311,1311,1311,1311,1311,1311,1311,1311,1311,1311,1311,1311,1311,1311,1311,1311,1311,1311,1311,1311,1311,1311,
goal:1311,1311,1311,1311,1311,1311,1311,1311,1311,1311,1311,1311,1311,1311,1311,1311,1311,1311,1311,1311,1311,1311,1311,1311,1311,1311,1311,1311,1311,1311,1311,1311,1311,1311,1311,1311,1311,1311,1311,1311,1311,1311,1311,1311,1311,1311,1311,1311,1311,1311,1311,1311,1311,1311,1311,1311,1311,1311,1311,1311,1311,1311,1311,1311,
size:29
[agent] id:4
path:1341,1292,1243,1194,1145,1096,1047,998,949,948,947,946,945,896,847,798,749,700,651,651,651,651,651,651,651,651,651,651,651,651,651,651,651,651,651,651,651,651,651,651,651,651,651,651,651,651,651,651,651,651,651,651,651,651,651,651,651,651,651,651,651,651,651,651,
goal:651,651,651,651,651,651,651,651,651,651,651,651,651,651,651,651,651,651,651,651,651,651,651,651,651,651,651,651,651,651,651,651,651,651,651,651,651,651,651,651,651,651,651,651,651,651,651,651,651,651,651,651,651,651,651,651,651,651,651,651,651,651,651,651,
size:18
[agent] id:5
path:393,442,491,540,589,638,687,688,689,738,787,836,885,934,983,1032,1081,1130,1179,1228,1277,1326,1375,1424,1473,1474,1475,1476,1477,1478,1479,1480,1481,1482,1483,1484,1485,1486,1487,1488,1489,1538,1539,1540,1540,1540,1540,1540,1540,1540,1540,1540,1540,1540,1540,1540,1540,1540,1540,1540,1540,1540,1540,1540,
goal:1540,1540,1540,1540,1540,1540,1540,1540,1540,1540,1540,1540,1540,1540,1540,1540,1540,1540,1540,1540,1540,1540,1540,1540,1540,1540,1540,1540,1540,1540,1540,1540,1540,1540,1540,1540,1540,1540,1540,1540,1540,1540,1540,1540,1540,1540,1540,1540,1540,1540,1540,1540,1540,1540,1540,1540,1540,1540,1540,1540,1540,1540,1540,1540,
size:43
[agent] id:6
path:1227,1276,1277,1326,1375,1424,1473,1474,1475,1476,1477,1478,1479,1480,1481,1482,1483,1484,1485,1486,1487,1488,1489,1490,1491,1492,1493,1494,1495,1496,1497,1498,1499,1500,1501,1502,1503,1504,1505,1554,1555,1556,1557,1558,1559,1560,1561,1562,1563,1563,1563,1563,1563,1563,1563,1563,1563,1563,1563,1563,1563,1563,1563,1563,
goal:1563,1563,1563,1563,1563,1563,1563,1563,1563,1563,1563,1563,1563,1563,1563,1563,1563,1563,1563,1563,1563,1563,1563,1563,1563,1563,1563,1563,1563,1563,1563,1563,1563,1563,1563,1563,1563,1563,1563,1563,1563,1563,1563,1563,1563,1563,1563,1563,1563,1563,1563,1563,1563,1563,1563,1563,1563,1563,1563,1563,1563,1563,1563,1563,
size:48
[agent] id:7
path:794,843,892,941,990,1039,1088,1137,1186,1187,1188,1189,1189,1189,1189,1189,1189,1189,1189,1189,1189,1189,1189,1189,1189,1189,1189,1189,1189,1189,1189,1189,1189,1189,1189,1189,1189,1189,1189,1189,1189,1189,1189,1189,1189,1189,1189,1189,1189,1189,1189,1189,1189,1189,1189,1189,1189,1189,1189,1189,1189,1189,1189,1189,
goal:1189,1189,1189,1189,1189,1189,1189,1189,1189,1189,1189,1189,1189,1189,1189,1189,1189,1189,1189,1189,1189,1189,1189,1189,1189,1189,1189,1189,1189,1189,1189,1189,1189,1189,1189,1189,1189,1189,1189,1189,1189,1189,1189,1189,1189,1189,1189,1189,1189,1189,1189,1189,1189,1189,1189,1189,1189,1189,1189,1189,1189,1189,1189,1189,
size:11
[agent] id:8
path:2291,2242,2193,2144,2095,2046,1997,1948,1899,1850,1801,1752,1703,1654,1605,1556,1507,1458,1409,1360,1359,1358,1357,1356,1355,1354,1353,1352,1351,1350,1349,1348,1347,1346,1345,1344,1343,1342,1341,1340,1339,1338,1337,1336,1335,1335,1335,1335,1335,1335,1335,1335,1335,1335,1335,1335,1335,1335,1335,1335,1335,1335,1335,1335,
goal:1335,1335,1335,1335,1335,1335,1335,1335,1335,1335,1335,1335,1335,1335,1335,1335,1335,1335,1335,1335,1335,1335,1335,1335,1335,1335,1335,1335,1335,1335,1335,1335,1335,1335,1335,1335,1335,1335,1335,1335,1335,1335,1335,1335,1335,1335,1335,1335,1335,1335,1335,1335,1335,1335,1335,1335,1335,1335,1335,1335,1335,1335,1335,1335,
size:44
[agent] id:9
path:1821,1772,1723,1674,1625,1576,1527,1478,1429,1380,1331,1282,1233,1184,1135,1086,1037,988,939,890,841,792,743,694,645,596,547,498,449,400,351,302,303,304,305,306,307,308,309,310,311,312,313,313,313,313,313,313,313,313,313,313,313,313,313,313,313,313,313,313,313,313,313,313,
goal:313,313,313,313,313,313,313,313,313,313,313,313,313,313,313,313,313,313,313,313,313,313,313,313,313,313,313,313,313,313,313,313,313,313,313,313,313,313,313,313,313,313,313,313,313,313,313,313,313,313,313,313,313,313,313,313,313,313,313,313,313,313,313,313,
size:42
[agent] id:10
path:788,739,690,641,592,543,544,545,546,547,548,549,550,551,552,553,554,555,556,557,558,559,560,561,562,563,564,565,566,567,568,569,570,571,572,573,574,575,575,575,575,575,575,575,575,575,575,575,575,575,575,575,575,575,575,575,575,575,575,575,575,575,575,575,
goal:575,575,575,575,575,575,575,575,575,575,575,575,575,575,575,575,575,575,575,575,575,575,575,575,575,575,575,575,575,575,575,575,575,575,575,575,575,575,575,575,575,575,575,575,575,575,575,575,575,575,575,575,575,575,575,575,575,575,575,575,575,575,575,575,
size:37
[agent] id:11
path:2021,1972,1923,1874,1825,1776,1727,1678,1629,1580,1531,1482,1433,1384,1335,1286,1237,1188,1139,1090,1041,992,943,894,845,796,747,698,649,600,551,502,503,504,505,506,507,508,509,510,511,512,513,514,515,516,467,418,369,370,371,372,373,374,375,376,377,378,379,380,381,382,383,383,
goal:383,383,383,383,383,383,383,383,383,383,383,383,383,383,383,383,383,383,383,383,383,383,383,383,383,383,383,383,383,383,383,383,383,383,383,383,383,383,383,383,383,383,383,383,383,383,383,383,383,383,383,383,383,383,383,383,383,383,383,383,383,383,383,383,
size:62
[agent] id:12
path:1348,1299,1250,1201,1152,1103,1054,1005,956,907,858,809,760,711,662,613,564,515,514,513,512,463,414,365,316,267,218,169,168,167,166,165,164,163,162,161,112,111,111,111,111,111,111,111,111,111,111,111,111,111,111,111,111,111,111,111,111,111,111,111,111,111,111,111,
goal:111,111,111,111,111,111,111,111,111,111,111,111,111,111,111,111,111,111,111,111,111,111,111,111,111,111,111,111,111,111,111,111,111,111,111,111,111,111,111,111,111,111,111,111,111,111,111,111,111,111,111,111,111,111,111,111,111,111,111,111,111,111,111,111,
size:37
[agent] id:13
path:1563,1514,1465,1416,1367,1318,1269,1220,1171,1122,1073,1024,975,974,973,972,971,970,969,968,967,966,965,964,963,962,961,960,959,958,957,956,955,954,953,952,951,950,949,948,947,946,945,896,847,798,749,748,747,746,745,745,745,745,745,745,745,745,745,745,745,745,745,745,
goal:745,745,745,745,745,745,745,745,745,745,745,745,745,745,745,745,745,745,745,745,745,745,745,745,745,745,745,745,745,745,745,745,745,745,745,745,745,745,745,745,745,745,745,745,745,745,745,745,745,745,745,745,745,745,745,745,745,745,745,745,745,745,745,745,
size:50
[agent] id:14
path:1750,1701,1652,1603,1554,1505,1456,1407,1358,1309,1260,1211,1162,1113,1064,1015,966,965,964,963,962,961,960,959,958,957,956,955,954,953,952,951,950,949,948,947,946,945,896,895,894,893,892,891,890,889,889,889,889,889,889,889,889,889,889,889,889,889,889,889,889,889,889,889,
goal:889,889,889,889,889,889,889,889,889,889,889,889,889,889,889,889,889,889,889,889,889,889,889,889,889,889,889,889,889,889,889,889,889,889,889,889,889,889,889,889,889,889,889,889,889,889,889,889,889,889,889,889,889,889,889,889,889,889,889,889,889,889,889,889,
size:45
[agent] id:15
path:1315,1266,1217,1168,1119,1070,1021,972,923,874,825,776,727,678,629,580,531,530,529,528,527,526,525,525,525,525,525,525,525,525,525,525,525,525,525,525,525,525,525,525,525,525,525,525,525,525,525,525,525,525,525,525,525,525,525,525,525,525,525,525,525,525,525,525,
goal:525,525,525,525,525,525,525,525,525,525,525,525,525,525,525,525,525,525,525,525,525,525,525,525,525,525,525,525,525,525,525,525,525,525,525,525,525,525,525,525,525,525,525,525,525,525,525,525,525,525,525,525,525,525,525,525,525,525,525,525,525,525,525,525,
size:22
[agent] id:16
path:764,715,666,617,568,519,470,421,372,323,324,324,324,324,324,324,324,324,324,324,324,324,324,324,324,324,324,324,324,324,324,324,324,324,324,324,324,324,324,324,324,324,324,324,324,324,324,324,324,324,324,324,324,324,324,324,324,324,324,324,324,324,324,324,
goal:324,324,324,324,324,324,324,324,324,324,324,324,324,324,324,324,324,324,324,324,324,324,324,324,324,324,324,324,324,324,324,324,324,324,324,324,324,324,324,324,324,324,324,324,324,324,324,324,324,324,324,324,324,324,324,324,324,324,324,324,324,324,324,324,
size:10
[agent] id:17
path:1429,1380,1331,1282,1233,1184,1135,1086,1037,988,939,890,841,792,743,694,645,596,597,598,599,600,601,602,603,604,605,606,607,608,609,610,611,612,613,614,615,616,616,616,616,616,616,616,616,616,616,616,616,616,616,616,616,616,616,616,616,616,616,616,616,616,616,616,
goal:616,616,616,616,616,616,616,616,616,616,616,616,616,616,616,616,616,616,616,616,616,616,616,616,616,616,616,616,616,616,616,616,616,616,616,616,616,616,616,616,616,616,616,616,616,616,616,616,616,616,616,616,616,616,616,616,616,616,616,616,616,616,616,616,
size:37
[agent] id:18
path:1516,1565,1614,1663,1712,1761,1810,1859,1908,1957,2006,2055,2104,2153,2152,2151,2150,2149,2148,2147,2146,2145,2144,2143,2142,2141,2140,2139,2138,2137,2136,2135,2134,2133,2132,2131,2130,2130,2130,2130,2130,2130,2130,2130,2130,2130,2130,2130,2130,2130,2130,2130,2130,2130,2130,2130,2130,2130,2130,2130,2130,2130,2130,2130,
goal:2130,2130,2130,2130,2130,2130,2130,2130,2130,2130,2130,2130,2130,2130,2130,2130,2130,2130,2130,2130,2130,2130,2130,2130,2130,2130,2130,2130,2130,2130,2130,2130,2130,2130,2130,2130,2130,2130,2130,2130,2130,2130,2130,2130,2130,2130,2130,2130,2130,2130,2130,2130,2130,2130,2130,2130,2130,2130,2130,2130,2130,2130,2130,2130,
size:36
[agent] id:19
path:829,878,927,976,1025,1074,1123,1172,1221,1270,1319,1368,1417,1466,1515,1564,1613,1662,1711,1760,1809,1858,1907,1956,2005,2054,2103,2152,2201,2250,2249,2248,2247,2246,2245,2244,2243,2242,2241,2240,2239,2238,2237,2236,2235,2234,2233,2232,2231,2230,2229,2228,2227,2226,2225,2224,2223,2222,2221,2220,2219,2218,2217,2216,
goal:2216,2216,2216,2216,2216,2216,2216,2216,2216,2216,2216,2216,2216,2216,2216,2216,2216,2216,2216,2216,2216,2216,2216,2216,2216,2216,2216,2216,2216,2216,2216,2216,2216,2216,2216,2216,2216,2216,2216,2216,2216,2216,2216,2216,2216,2216,2216,2216,2216,2216,2216,2216,2216,2216,2216,2216,2216,2216,2216,2216,2216,2216,2216,2216,
size:63
SolutionCost:717
