[setting] seed:5
[solver] type:ECBS
[solver] w:3.250000
[solver] ID:0
[solver] Lowlevelnode:3208
[solver] solved:1
[solver] elapsed:22
[solver] makespan:62
[problem] timesteplimit:10000
[problem] type:MAPF
[problem] agentnum:20
[graph] width:53
[graph] height:22
[graph] filename:./map/kivalike.map
[task] id:2,start:0,end:0,service time:0,nodes:844,
[task] id:4,start:0,end:0,service time:0,nodes:826,
[task] id:18,start:0,end:0,service time:0,nodes:477,
[task] id:17,start:0,end:0,service time:0,nodes:1140,
[task] id:1,start:0,end:0,service time:0,nodes:803,
[task] id:19,start:0,end:0,service time:0,nodes:648,
[task] id:16,start:0,end:0,service time:0,nodes:202,
[task] id:7,start:0,end:0,service time:0,nodes:726,
[task] id:12,start:0,end:0,service time:0,nodes:971,
[task] id:10,start:0,end:0,service time:0,nodes:121,
[task] id:5,start:0,end:0,service time:0,nodes:1161,
[task] id:9,start:0,end:0,service time:0,nodes:316,
[task] id:11,start:0,end:0,service time:0,nodes:1119,
[task] id:15,start:0,end:0,service time:0,nodes:1110,
[task] id:0,start:0,end:0,service time:0,nodes:1003,
[task] id:14,start:0,end:0,service time:0,nodes:9,
[task] id:8,start:0,end:0,service time:0,nodes:475,
[task] id:13,start:0,end:0,service time:0,nodes:863,
[task] id:6,start:0,end:0,service time:0,nodes:804,
[task] id:3,start:0,end:0,service time:0,nodes:1162,
[agent] id:0
path:336,337,338,339,340,341,342,343,344,397,450,503,556,609,662,715,768,821,874,927,980,981,982,983,984,985,986,987,988,989,990,991,992,993,994,995,996,997,998,999,1000,1001,1002,1003,1003,1003,1003,1003,1003,1003,1003,1003,1003,1003,1003,1003,1003,1003,1003,1003,1003,1003,1003,
goal:1003,1003,1003,1003,1003,1003,1003,1003,1003,1003,1003,1003,1003,1003,1003,1003,1003,1003,1003,1003,1003,1003,1003,1003,1003,1003,1003,1003,1003,1003,1003,1003,1003,1003,1003,1003,1003,1003,1003,1003,1003,1003,1003,1003,1003,1003,1003,1003,1003,1003,1003,1003,1003,1003,1003,1003,1003,1003,1003,1003,1003,1003,1003,
size:43
[agent] id:1
path:166,165,164,163,216,269,322,375,428,481,534,587,640,693,746,799,800,801,802,803,803,803,803,803,803,803,803,803,803,803,803,803,803,803,803,803,803,803,803,803,803,803,803,803,803,803,803,803,803,803,803,803,803,803,803,803,803,803,803,803,803,803,803,
goal:803,803,803,803,803,803,803,803,803,803,803,803,803,803,803,803,803,803,803,803,803,803,803,803,803,803,803,803,803,803,803,803,803,803,803,803,803,803,803,803,803,803,803,803,803,803,803,803,803,803,803,803,803,803,803,803,803,803,803,803,803,803,803,
size:19
[agent] id:2
path:687,740,793,846,845,844,844,844,844,844,844,844,844,844,844,844,844,844,844,844,844,844,844,844,844,844,844,844,844,844,844,844,844,844,844,844,844,844,844,844,844,844,844,844,844,844,844,844,844,844,844,844,844,844,844,844,844,844,844,844,844,844,844,
goal:844,844,844,844,844,844,844,844,844,844,844,844,844,844,844,844,844,844,844,844,844,844,844,844,844,844,844,844,844,844,844,844,844,844,844,844,844,844,844,844,844,844,844,844,844,844,844,844,844,844,844,844,844,844,844,844,844,844,844,844,844,844,844,
size:5
[agent] id:3
path:216,269,322,375,428,481,482,483,484,485,486,487,488,489,490,491,492,545,598,651,652,653,654,655,656,657,658,659,660,661,662,663,664,665,666,667,668,669,670,671,672,673,674,675,676,677,678,679,680,681,682,683,684,737,790,843,896,949,1002,1055,1108,1109,1162,
goal:1162,1162,1162,1162,1162,1162,1162,1162,1162,1162,1162,1162,1162,1162,1162,1162,1162,1162,1162,1162,1162,1162,1162,1162,1162,1162,1162,1162,1162,1162,1162,1162,1162,1162,1162,1162,1162,1162,1162,1162,1162,1162,1162,1162,1162,1162,1162,1162,1162,1162,1162,1162,1162,1162,1162,1162,1162,1162,1162,1162,1162,1162,1162,
size:62
[agent] id:4
path:676,675,674,673,726,779,832,831,830,829,828,827,826,826,826,826,826,826,826,826,826,826,826,826,826,826,826,826,826,826,826,826,826,826,826,826,826,826,826,826,826,826,826,826,826,826,826,826,826,826,826,826,826,826,826,826,826,826,826,826,826,826,826,
goal:826,826,826,826,826,826,826,826,826,826,826,826,826,826,826,826,826,826,826,826,826,826,826,826,826,826,826,826,826,826,826,826,826,826,826,826,826,826,826,826,826,826,826,826,826,826,826,826,826,826,826,826,826,826,826,826,826,826,826,826,826,826,826,
size:12
[agent] id:5
path:197,198,199,200,201,202,203,204,205,206,207,260,313,366,419,472,525,578,631,684,737,790,843,896,949,1002,1055,1108,1161,1161,1161,1161,1161,1161,1161,1161,1161,1161,1161,1161,1161,1161,1161,1161,1161,1161,1161,1161,1161,1161,1161,1161,1161,1161,1161,1161,1161,1161,1161,1161,1161,1161,1161,
goal:1161,1161,1161,1161,1161,1161,1161,1161,1161,1161,1161,1161,1161,1161,1161,1161,1161,1161,1161,1161,1161,1161,1161,1161,1161,1161,1161,1161,1161,1161,1161,1161,1161,1161,1161,1161,1161,1161,1161,1161,1161,1161,1161,1161,1161,1161,1161,1161,1161,1161,1161,1161,1161,1161,1161,1161,1161,1161,1161,1161,1161,1161,1161,
size:28
[agent] id:6
path:368,421,474,527,580,579,578,578,525,524,523,522,521,520,519,518,517,516,515,514,513,512,511,510,509,508,507,506,505,504,503,556,609,662,715,768,821,820,819,818,817,816,815,814,813,812,811,810,809,808,807,806,805,804,804,804,804,804,804,804,804,804,804,
goal:804,804,804,804,804,804,804,804,804,804,804,804,804,804,804,804,804,804,804,804,804,804,804,804,804,804,804,804,804,804,804,804,804,804,804,804,804,804,804,804,804,804,804,804,804,804,804,804,804,804,804,804,804,804,804,804,804,804,804,804,804,804,804,
size:53
[agent] id:7
path:768,715,662,609,556,503,504,505,506,507,508,509,510,511,512,513,513,514,567,620,673,673,726,726,726,726,726,726,726,726,726,726,726,726,726,726,726,726,726,726,726,726,726,726,726,726,726,726,726,726,726,726,726,726,726,726,726,726,726,726,726,726,726,
goal:726,726,726,726,726,726,726,726,726,726,726,726,726,726,726,726,726,726,726,726,726,726,726,726,726,726,726,726,726,726,726,726,726,726,726,726,726,726,726,726,726,726,726,726,726,726,726,726,726,726,726,726,726,726,726,726,726,726,726,726,726,726,726,
size:22
[agent] id:8
path:170,171,172,173,174,227,280,333,334,335,336,337,338,339,340,341,342,343,344,345,346,347,348,349,350,351,352,353,354,355,356,357,358,359,360,361,362,363,364,365,366,419,472,473,474,475,475,475,475,475,475,475,475,475,475,475,475,475,475,475,475,475,475,
goal:475,475,475,475,475,475,475,475,475,475,475,475,475,475,475,475,475,475,475,475,475,475,475,475,475,475,475,475,475,475,475,475,475,475,475,475,475,475,475,475,475,475,475,475,475,475,475,475,475,475,475,475,475,475,475,475,475,475,475,475,475,475,475,
size:45
[agent] id:9
path:985,986,987,988,989,990,991,938,885,832,779,726,673,620,567,514,461,408,355,356,357,358,359,360,361,362,363,364,365,366,313,314,315,316,316,316,316,316,316,316,316,316,316,316,316,316,316,316,316,316,316,316,316,316,316,316,316,316,316,316,316,316,316,
goal:316,316,316,316,316,316,316,316,316,316,316,316,316,316,316,316,316,316,316,316,316,316,316,316,316,316,316,316,316,316,316,316,316,316,316,316,316,316,316,316,316,316,316,316,316,316,316,316,316,316,316,316,316,316,316,316,316,316,316,316,316,316,316,
size:33
[agent] id:10
path:353,352,351,350,349,348,347,346,345,344,291,238,185,184,183,182,181,180,179,178,177,176,175,174,121,121,121,121,121,121,121,121,121,121,121,121,121,121,121,121,121,121,121,121,121,121,121,121,121,121,121,121,121,121,121,121,121,121,121,121,121,121,121,
goal:121,121,121,121,121,121,121,121,121,121,121,121,121,121,121,121,121,121,121,121,121,121,121,121,121,121,121,121,121,121,121,121,121,121,121,121,121,121,121,121,121,121,121,121,121,121,121,121,121,121,121,121,121,121,121,121,121,121,121,121,121,121,121,
size:24
[agent] id:11
path:347,346,345,344,397,450,503,556,609,662,715,768,821,874,927,980,1033,1086,1139,1138,1137,1136,1135,1134,1133,1132,1131,1130,1129,1128,1127,1126,1125,1124,1123,1122,1121,1120,1119,1119,1119,1119,1119,1119,1119,1119,1119,1119,1119,1119,1119,1119,1119,1119,1119,1119,1119,1119,1119,1119,1119,1119,1119,
goal:1119,1119,1119,1119,1119,1119,1119,1119,1119,1119,1119,1119,1119,1119,1119,1119,1119,1119,1119,1119,1119,1119,1119,1119,1119,1119,1119,1119,1119,1119,1119,1119,1119,1119,1119,1119,1119,1119,1119,1119,1119,1119,1119,1119,1119,1119,1119,1119,1119,1119,1119,1119,1119,1119,1119,1119,1119,1119,1119,1119,1119,1119,1119,
size:38
[agent] id:12
path:670,669,668,667,666,665,664,663,662,715,768,821,874,927,980,979,978,977,976,975,974,973,972,971,971,971,971,971,971,971,971,971,971,971,971,971,971,971,971,971,971,971,971,971,971,971,971,971,971,971,971,971,971,971,971,971,971,971,971,971,971,971,971,
goal:971,971,971,971,971,971,971,971,971,971,971,971,971,971,971,971,971,971,971,971,971,971,971,971,971,971,971,971,971,971,971,971,971,971,971,971,971,971,971,971,971,971,971,971,971,971,971,971,971,971,971,971,971,971,971,971,971,971,971,971,971,971,971,
size:23
[agent] id:13
path:422,475,528,528,527,526,525,524,523,522,521,520,519,518,517,516,515,515,514,513,512,511,510,509,508,507,506,505,504,503,556,609,662,715,768,821,820,819,818,817,816,815,814,813,812,811,810,863,863,863,863,863,863,863,863,863,863,863,863,863,863,863,863,
goal:863,863,863,863,863,863,863,863,863,863,863,863,863,863,863,863,863,863,863,863,863,863,863,863,863,863,863,863,863,863,863,863,863,863,863,863,863,863,863,863,863,863,863,863,863,863,863,863,863,863,863,863,863,863,863,863,863,863,863,863,863,863,863,
size:47
[agent] id:14
path:520,519,518,517,516,515,514,461,408,355,302,249,196,143,90,37,36,35,34,33,32,31,30,29,28,27,26,25,24,23,22,21,20,19,18,17,16,15,14,13,12,11,10,9,9,9,9,9,9,9,9,9,9,9,9,9,9,9,9,9,9,9,9,
goal:9,9,9,9,9,9,9,9,9,9,9,9,9,9,9,9,9,9,9,9,9,9,9,9,9,9,9,9,9,9,9,9,9,9,9,9,9,9,9,9,9,9,9,9,9,9,9,9,9,9,9,9,9,9,9,9,9,9,9,9,9,9,9,
size:43
[agent] id:15
path:30,31,32,33,34,35,36,37,90,143,196,197,198,199,200,201,202,203,204,205,206,207,260,313,366,419,472,525,578,631,684,737,790,843,896,949,1002,1055,1108,1109,1110,1110,1110,1110,1110,1110,1110,1110,1110,1110,1110,1110,1110,1110,1110,1110,1110,1110,1110,1110,1110,1110,1110,
goal:1110,1110,1110,1110,1110,1110,1110,1110,1110,1110,1110,1110,1110,1110,1110,1110,1110,1110,1110,1110,1110,1110,1110,1110,1110,1110,1110,1110,1110,1110,1110,1110,1110,1110,1110,1110,1110,1110,1110,1110,1110,1110,1110,1110,1110,1110,1110,1110,1110,1110,1110,1110,1110,1110,1110,1110,1110,1110,1110,1110,1110,1110,1110,
size:40
[agent] id:16
path:343,344,291,238,185,186,187,188,189,190,191,192,193,194,195,196,197,198,199,200,201,202,202,202,202,202,202,202,202,202,202,202,202,202,202,202,202,202,202,202,202,202,202,202,202,202,202,202,202,202,202,202,202,202,202,202,202,202,202,202,202,202,202,
goal:202,202,202,202,202,202,202,202,202,202,202,202,202,202,202,202,202,202,202,202,202,202,202,202,202,202,202,202,202,202,202,202,202,202,202,202,202,202,202,202,202,202,202,202,202,202,202,202,202,202,202,202,202,202,202,202,202,202,202,202,202,202,202,
size:21
[agent] id:17
path:1154,1153,1152,1151,1150,1149,1148,1147,1146,1145,1144,1143,1142,1141,1140,1140,1140,1140,1140,1140,1140,1140,1140,1140,1140,1140,1140,1140,1140,1140,1140,1140,1140,1140,1140,1140,1140,1140,1140,1140,1140,1140,1140,1140,1140,1140,1140,1140,1140,1140,1140,1140,1140,1140,1140,1140,1140,1140,1140,1140,1140,1140,1140,
goal:1140,1140,1140,1140,1140,1140,1140,1140,1140,1140,1140,1140,1140,1140,1140,1140,1140,1140,1140,1140,1140,1140,1140,1140,1140,1140,1140,1140,1140,1140,1140,1140,1140,1140,1140,1140,1140,1140,1140,1140,1140,1140,1140,1140,1140,1140,1140,1140,1140,1140,1140,1140,1140,1140,1140,1140,1140,1140,1140,1140,1140,1140,1140,
size:14
[agent] id:18
path:801,800,799,746,693,640,587,534,481,480,479,478,477,477,477,477,477,477,477,477,477,477,477,477,477,477,477,477,477,477,477,477,477,477,477,477,477,477,477,477,477,477,477,477,477,477,477,477,477,477,477,477,477,477,477,477,477,477,477,477,477,477,477,
goal:477,477,477,477,477,477,477,477,477,477,477,477,477,477,477,477,477,477,477,477,477,477,477,477,477,477,477,477,477,477,477,477,477,477,477,477,477,477,477,477,477,477,477,477,477,477,477,477,477,477,477,477,477,477,477,477,477,477,477,477,477,477,477,
size:12
[agent] id:19
path:1121,1122,1123,1124,1125,1126,1127,1128,1075,1022,969,916,863,810,757,704,651,650,649,648,648,648,648,648,648,648,648,648,648,648,648,648,648,648,648,648,648,648,648,648,648,648,648,648,648,648,648,648,648,648,648,648,648,648,648,648,648,648,648,648,648,648,648,
goal:648,648,648,648,648,648,648,648,648,648,648,648,648,648,648,648,648,648,648,648,648,648,648,648,648,648,648,648,648,648,648,648,648,648,648,648,648,648,648,648,648,648,648,648,648,648,648,648,648,648,648,648,648,648,648,648,648,648,648,648,648,648,648,
size:19
SolutionCost:603
