[setting] seed:0
[solver] type:ECBS
[solver] w:5.250000
[solver] ID:0
[solver] Lowlevelnode:14344
[solver] solved:1
[solver] elapsed:66
[solver] makespan:59
[problem] timesteplimit:10000
[problem] type:MAPF
[problem] agentnum:20
[graph] width:53
[graph] height:22
[graph] filename:./map/kivalike.map
[task] id:16,start:0,end:0,service time:0,nodes:162,
[task] id:2,start:0,end:0,service time:0,nodes:1108,
[task] id:9,start:0,end:0,service time:0,nodes:983,
[task] id:1,start:0,end:0,service time:0,nodes:166,
[task] id:10,start:0,end:0,service time:0,nodes:487,
[task] id:0,start:0,end:0,service time:0,nodes:516,
[task] id:7,start:0,end:0,service time:0,nodes:842,
[task] id:11,start:0,end:0,service time:0,nodes:201,
[task] id:18,start:0,end:0,service time:0,nodes:194,
[task] id:14,start:0,end:0,service time:0,nodes:501,
[task] id:8,start:0,end:0,service time:0,nodes:646,
[task] id:3,start:0,end:0,service time:0,nodes:439,
[task] id:19,start:0,end:0,service time:0,nodes:824,
[task] id:5,start:0,end:0,service time:0,nodes:490,
[task] id:13,start:0,end:0,service time:0,nodes:1113,
[task] id:4,start:0,end:0,service time:0,nodes:1145,
[task] id:12,start:0,end:0,service time:0,nodes:800,
[task] id:6,start:0,end:0,service time:0,nodes:1006,
[task] id:15,start:0,end:0,service time:0,nodes:639,
[task] id:17,start:0,end:0,service time:0,nodes:485,
[agent] id:0
path:27,28,29,30,31,32,33,34,35,36,37,90,143,196,249,302,355,408,461,514,515,516,516,516,516,516,516,516,516,516,516,516,516,516,516,516,516,516,516,516,516,516,516,516,516,516,516,516,516,516,516,516,516,516,516,516,516,516,516,516,
goal:516,516,516,516,516,516,516,516,516,516,516,516,516,516,516,516,516,516,516,516,516,516,516,516,516,516,516,516,516,516,516,516,516,516,516,516,516,516,516,516,516,516,516,516,516,516,516,516,516,516,516,516,516,516,516,516,516,516,516,516,
size:21
[agent] id:1
path:796,743,690,637,584,531,478,425,372,319,266,213,214,215,216,163,164,165,166,166,166,166,166,166,166,166,166,166,166,166,166,166,166,166,166,166,166,166,166,166,166,166,166,166,166,166,166,166,166,166,166,166,166,166,166,166,166,166,166,166,
goal:166,166,166,166,166,166,166,166,166,166,166,166,166,166,166,166,166,166,166,166,166,166,166,166,166,166,166,166,166,166,166,166,166,166,166,166,166,166,166,166,166,166,166,166,166,166,166,166,166,166,166,166,166,166,166,166,166,166,166,166,
size:18
[agent] id:2
path:885,938,991,992,993,994,995,996,997,998,999,1000,1001,1002,1055,1108,1108,1108,1108,1108,1108,1108,1108,1108,1108,1108,1108,1108,1108,1108,1108,1108,1108,1108,1108,1108,1108,1108,1108,1108,1108,1108,1108,1108,1108,1108,1108,1108,1108,1108,1108,1108,1108,1108,1108,1108,1108,1108,1108,1108,
goal:1108,1108,1108,1108,1108,1108,1108,1108,1108,1108,1108,1108,1108,1108,1108,1108,1108,1108,1108,1108,1108,1108,1108,1108,1108,1108,1108,1108,1108,1108,1108,1108,1108,1108,1108,1108,1108,1108,1108,1108,1108,1108,1108,1108,1108,1108,1108,1108,1108,1108,1108,1108,1108,1108,1108,1108,1108,1108,1108,1108,
size:15
[agent] id:3
path:682,681,680,679,678,677,676,675,674,673,620,567,514,513,512,511,510,509,508,507,506,505,504,503,502,501,500,499,498,497,496,495,494,493,492,439,439,439,439,439,439,439,439,439,439,439,439,439,439,439,439,439,439,439,439,439,439,439,439,439,
goal:439,439,439,439,439,439,439,439,439,439,439,439,439,439,439,439,439,439,439,439,439,439,439,439,439,439,439,439,439,439,439,439,439,439,439,439,439,439,439,439,439,439,439,439,439,439,439,439,439,439,439,439,439,439,439,439,439,439,439,439,
size:35
[agent] id:4
path:479,532,585,638,691,744,797,850,903,956,1009,1062,1115,1116,1117,1118,1119,1120,1121,1122,1123,1124,1125,1126,1127,1128,1129,1130,1131,1132,1133,1134,1135,1136,1137,1138,1139,1140,1141,1142,1143,1144,1145,1145,1145,1145,1145,1145,1145,1145,1145,1145,1145,1145,1145,1145,1145,1145,1145,1145,
goal:1145,1145,1145,1145,1145,1145,1145,1145,1145,1145,1145,1145,1145,1145,1145,1145,1145,1145,1145,1145,1145,1145,1145,1145,1145,1145,1145,1145,1145,1145,1145,1145,1145,1145,1145,1145,1145,1145,1145,1145,1145,1145,1145,1145,1145,1145,1145,1145,1145,1145,1145,1145,1145,1145,1145,1145,1145,1145,1145,1145,
size:42
[agent] id:5
path:578,631,684,683,682,681,680,679,678,677,676,675,674,673,672,671,670,669,668,667,666,665,664,663,662,661,660,659,658,657,656,655,654,653,652,651,598,545,492,491,490,490,490,490,490,490,490,490,490,490,490,490,490,490,490,490,490,490,490,490,
goal:490,490,490,490,490,490,490,490,490,490,490,490,490,490,490,490,490,490,490,490,490,490,490,490,490,490,490,490,490,490,490,490,490,490,490,490,490,490,490,490,490,490,490,490,490,490,490,490,490,490,490,490,490,490,490,490,490,490,490,490,
size:40
[agent] id:6
path:169,170,171,172,173,174,227,280,333,334,335,336,337,338,339,340,341,342,343,344,345,346,347,348,349,350,351,352,353,354,355,408,461,514,567,620,673,726,779,832,885,938,991,992,993,994,995,996,997,998,999,1000,1001,1002,1003,1004,1005,1006,1006,1006,
goal:1006,1006,1006,1006,1006,1006,1006,1006,1006,1006,1006,1006,1006,1006,1006,1006,1006,1006,1006,1006,1006,1006,1006,1006,1006,1006,1006,1006,1006,1006,1006,1006,1006,1006,1006,1006,1006,1006,1006,1006,1006,1006,1006,1006,1006,1006,1006,1006,1006,1006,1006,1006,1006,1006,1006,1006,1006,1006,1006,1006,
size:57
[agent] id:7
path:768,821,822,823,824,825,826,827,828,829,830,831,832,833,834,835,836,837,838,839,840,841,842,842,842,842,842,842,842,842,842,842,842,842,842,842,842,842,842,842,842,842,842,842,842,842,842,842,842,842,842,842,842,842,842,842,842,842,842,842,
goal:842,842,842,842,842,842,842,842,842,842,842,842,842,842,842,842,842,842,842,842,842,842,842,842,842,842,842,842,842,842,842,842,842,842,842,842,842,842,842,842,842,842,842,842,842,842,842,842,842,842,842,842,842,842,842,842,842,842,842,842,
size:22
[agent] id:8
path:26,79,132,185,238,291,344,397,450,503,502,501,500,499,498,497,496,495,494,493,492,545,598,651,650,649,648,647,646,646,646,646,646,646,646,646,646,646,646,646,646,646,646,646,646,646,646,646,646,646,646,646,646,646,646,646,646,646,646,646,
goal:646,646,646,646,646,646,646,646,646,646,646,646,646,646,646,646,646,646,646,646,646,646,646,646,646,646,646,646,646,646,646,646,646,646,646,646,646,646,646,646,646,646,646,646,646,646,646,646,646,646,646,646,646,646,646,646,646,646,646,646,
size:28
[agent] id:9
path:1075,1022,969,970,971,972,973,974,975,976,977,978,979,980,981,982,983,983,983,983,983,983,983,983,983,983,983,983,983,983,983,983,983,983,983,983,983,983,983,983,983,983,983,983,983,983,983,983,983,983,983,983,983,983,983,983,983,983,983,983,
goal:983,983,983,983,983,983,983,983,983,983,983,983,983,983,983,983,983,983,983,983,983,983,983,983,983,983,983,983,983,983,983,983,983,983,983,983,983,983,983,983,983,983,983,983,983,983,983,983,983,983,983,983,983,983,983,983,983,983,983,983,
size:16
[agent] id:10
path:1129,1128,1075,1022,969,916,863,810,757,704,651,598,545,492,491,490,489,488,487,487,487,487,487,487,487,487,487,487,487,487,487,487,487,487,487,487,487,487,487,487,487,487,487,487,487,487,487,487,487,487,487,487,487,487,487,487,487,487,487,487,
goal:487,487,487,487,487,487,487,487,487,487,487,487,487,487,487,487,487,487,487,487,487,487,487,487,487,487,487,487,487,487,487,487,487,487,487,487,487,487,487,487,487,487,487,487,487,487,487,487,487,487,487,487,487,487,487,487,487,487,487,487,
size:18
[agent] id:11
path:999,1000,1001,1002,949,896,843,790,737,684,631,578,525,472,419,366,313,260,207,206,205,204,203,202,201,201,201,201,201,201,201,201,201,201,201,201,201,201,201,201,201,201,201,201,201,201,201,201,201,201,201,201,201,201,201,201,201,201,201,201,
goal:201,201,201,201,201,201,201,201,201,201,201,201,201,201,201,201,201,201,201,201,201,201,201,201,201,201,201,201,201,201,201,201,201,201,201,201,201,201,201,201,201,201,201,201,201,201,201,201,201,201,201,201,201,201,201,201,201,201,201,201,
size:24
[agent] id:12
path:261,314,367,420,473,526,525,524,523,522,521,520,519,518,517,516,515,514,567,620,673,726,779,832,831,830,829,828,827,826,825,824,823,822,821,820,819,818,817,816,815,814,813,812,811,810,809,808,807,806,805,804,803,802,801,800,800,800,800,800,
goal:800,800,800,800,800,800,800,800,800,800,800,800,800,800,800,800,800,800,800,800,800,800,800,800,800,800,800,800,800,800,800,800,800,800,800,800,800,800,800,800,800,800,800,800,800,800,800,800,800,800,800,800,800,800,800,800,800,800,800,800,
size:55
[agent] id:13
path:20,19,18,17,16,15,68,121,174,227,280,333,386,439,492,545,598,651,704,757,810,863,916,969,1022,1075,1128,1127,1126,1125,1124,1123,1122,1121,1120,1119,1118,1117,1116,1115,1114,1113,1113,1113,1113,1113,1113,1113,1113,1113,1113,1113,1113,1113,1113,1113,1113,1113,1113,1113,
goal:1113,1113,1113,1113,1113,1113,1113,1113,1113,1113,1113,1113,1113,1113,1113,1113,1113,1113,1113,1113,1113,1113,1113,1113,1113,1113,1113,1113,1113,1113,1113,1113,1113,1113,1113,1113,1113,1113,1113,1113,1113,1113,1113,1113,1113,1113,1113,1113,1113,1113,1113,1113,1113,1113,1113,1113,1113,1113,1113,1113,
size:41
[agent] id:14
path:36,37,90,143,196,249,302,355,408,461,514,513,512,511,510,509,508,507,506,505,504,503,503,450,450,503,502,501,501,501,501,501,501,501,501,501,501,501,501,501,501,501,501,501,501,501,501,501,501,501,501,501,501,501,501,501,501,501,501,501,
goal:501,501,501,501,501,501,501,501,501,501,501,501,501,501,501,501,501,501,501,501,501,501,501,501,501,501,501,501,501,501,501,501,501,501,501,501,501,501,501,501,501,501,501,501,501,501,501,501,501,501,501,501,501,501,501,501,501,501,501,501,
size:27
[agent] id:15
path:899,846,793,740,687,686,685,684,683,682,681,680,679,678,677,676,675,674,673,672,671,670,669,668,667,666,665,664,663,662,661,660,659,658,657,656,655,654,653,652,651,704,757,810,809,808,807,806,805,804,803,802,801,800,799,746,693,640,639,639,
goal:639,639,639,639,639,639,639,639,639,639,639,639,639,639,639,639,639,639,639,639,639,639,639,639,639,639,639,639,639,639,639,639,639,639,639,639,639,639,639,639,639,639,639,639,639,639,639,639,639,639,639,639,639,639,639,639,639,639,639,639,
size:58
[agent] id:16
path:530,477,424,371,318,265,212,159,160,161,162,162,162,162,162,162,162,162,162,162,162,162,162,162,162,162,162,162,162,162,162,162,162,162,162,162,162,162,162,162,162,162,162,162,162,162,162,162,162,162,162,162,162,162,162,162,162,162,162,162,
goal:162,162,162,162,162,162,162,162,162,162,162,162,162,162,162,162,162,162,162,162,162,162,162,162,162,162,162,162,162,162,162,162,162,162,162,162,162,162,162,162,162,162,162,162,162,162,162,162,162,162,162,162,162,162,162,162,162,162,162,162,
size:10
[agent] id:17
path:419,472,525,524,523,522,521,520,519,518,517,516,515,514,513,512,511,510,509,508,507,506,505,504,503,556,556,503,450,397,344,343,342,341,340,339,338,337,336,335,334,333,332,331,330,329,328,327,326,325,324,323,322,375,428,481,482,483,484,485,
goal:485,485,485,485,485,485,485,485,485,485,485,485,485,485,485,485,485,485,485,485,485,485,485,485,485,485,485,485,485,485,485,485,485,485,485,485,485,485,485,485,485,485,485,485,485,485,485,485,485,485,485,485,485,485,485,485,485,485,485,485,
size:59
[agent] id:18
path:1086,1033,980,927,874,821,768,715,662,609,556,503,450,397,344,291,238,185,186,187,188,189,190,191,192,193,194,194,194,194,194,194,194,194,194,194,194,194,194,194,194,194,194,194,194,194,194,194,194,194,194,194,194,194,194,194,194,194,194,194,
goal:194,194,194,194,194,194,194,194,194,194,194,194,194,194,194,194,194,194,194,194,194,194,194,194,194,194,194,194,194,194,194,194,194,194,194,194,194,194,194,194,194,194,194,194,194,194,194,194,194,194,194,194,194,194,194,194,194,194,194,194,
size:26
[agent] id:19
path:101,154,207,260,313,366,365,364,363,362,361,360,359,358,357,356,356,355,408,461,461,514,567,620,673,726,779,832,831,830,829,828,827,826,825,824,824,824,824,824,824,824,824,824,824,824,824,824,824,824,824,824,824,824,824,824,824,824,824,824,
goal:824,824,824,824,824,824,824,824,824,824,824,824,824,824,824,824,824,824,824,824,824,824,824,824,824,824,824,824,824,824,824,824,824,824,824,824,824,824,824,824,824,824,824,824,824,824,824,824,824,824,824,824,824,824,824,824,824,824,824,824,
size:35
SolutionCost:647
