[setting] seed:5
[solver] type:ECBS
[solver] w:2.250000
[solver] ID:0
[solver] Lowlevelnode:10207
[solver] solved:1
[solver] elapsed:258
[solver] makespan:62
[problem] timesteplimit:10000
[problem] type:MAPF
[problem] agentnum:10
[graph] width:53
[graph] height:22
[graph] filename:./map/kivalike.map
[task] id:2,start:0,end:0,service time:0,nodes:844,
[task] id:4,start:0,end:0,service time:0,nodes:826,
[task] id:7,start:0,end:0,service time:0,nodes:726,
[task] id:1,start:0,end:0,service time:0,nodes:803,
[task] id:5,start:0,end:0,service time:0,nodes:1161,
[task] id:9,start:0,end:0,service time:0,nodes:316,
[task] id:0,start:0,end:0,service time:0,nodes:1003,
[task] id:8,start:0,end:0,service time:0,nodes:475,
[task] id:6,start:0,end:0,service time:0,nodes:804,
[task] id:3,start:0,end:0,service time:0,nodes:1162,
[agent] id:0
path:336,337,338,339,340,341,342,343,344,397,450,503,556,609,662,715,768,821,874,927,980,981,982,983,984,985,986,987,988,989,990,991,992,993,994,995,996,997,998,999,1000,1001,1002,1003,1003,1003,1003,1003,1003,1003,1003,1003,1003,1003,1003,1003,1003,1003,1003,1003,1003,1003,1003,
goal:1003,1003,1003,1003,1003,1003,1003,1003,1003,1003,1003,1003,1003,1003,1003,1003,1003,1003,1003,1003,1003,1003,1003,1003,1003,1003,1003,1003,1003,1003,1003,1003,1003,1003,1003,1003,1003,1003,1003,1003,1003,1003,1003,1003,1003,1003,1003,1003,1003,1003,1003,1003,1003,1003,1003,1003,1003,1003,1003,1003,1003,1003,1003,
size:43
[agent] id:1
path:166,165,164,163,216,269,322,375,428,481,534,587,640,693,746,799,800,801,802,803,803,803,803,803,803,803,803,803,803,803,803,803,803,803,803,803,803,803,803,803,803,803,803,803,803,803,803,803,803,803,803,803,803,803,803,803,803,803,803,803,803,803,803,
goal:803,803,803,803,803,803,803,803,803,803,803,803,803,803,803,803,803,803,803,803,803,803,803,803,803,803,803,803,803,803,803,803,803,803,803,803,803,803,803,803,803,803,803,803,803,803,803,803,803,803,803,803,803,803,803,803,803,803,803,803,803,803,803,
size:19
[agent] id:2
path:687,740,793,846,845,844,844,844,844,844,844,844,844,844,844,844,844,844,844,844,844,844,844,844,844,844,844,844,844,844,844,844,844,844,844,844,844,844,844,844,844,844,844,844,844,844,844,844,844,844,844,844,844,844,844,844,844,844,844,844,844,844,844,
goal:844,844,844,844,844,844,844,844,844,844,844,844,844,844,844,844,844,844,844,844,844,844,844,844,844,844,844,844,844,844,844,844,844,844,844,844,844,844,844,844,844,844,844,844,844,844,844,844,844,844,844,844,844,844,844,844,844,844,844,844,844,844,844,
size:5
[agent] id:3
path:216,269,322,375,428,481,534,587,640,693,746,799,852,905,958,959,960,961,962,963,964,965,966,967,968,969,970,971,972,973,974,975,976,977,978,979,980,981,982,983,984,985,986,987,988,989,990,991,992,993,994,995,996,997,998,999,1000,1001,1002,1055,1108,1109,1162,
goal:1162,1162,1162,1162,1162,1162,1162,1162,1162,1162,1162,1162,1162,1162,1162,1162,1162,1162,1162,1162,1162,1162,1162,1162,1162,1162,1162,1162,1162,1162,1162,1162,1162,1162,1162,1162,1162,1162,1162,1162,1162,1162,1162,1162,1162,1162,1162,1162,1162,1162,1162,1162,1162,1162,1162,1162,1162,1162,1162,1162,1162,1162,1162,
size:62
[agent] id:4
path:676,675,674,673,726,779,832,831,830,829,828,827,826,826,826,826,826,826,826,826,826,826,826,826,826,826,826,826,826,826,826,826,826,826,826,826,826,826,826,826,826,826,826,826,826,826,826,826,826,826,826,826,826,826,826,826,826,826,826,826,826,826,826,
goal:826,826,826,826,826,826,826,826,826,826,826,826,826,826,826,826,826,826,826,826,826,826,826,826,826,826,826,826,826,826,826,826,826,826,826,826,826,826,826,826,826,826,826,826,826,826,826,826,826,826,826,826,826,826,826,826,826,826,826,826,826,826,826,
size:12
[agent] id:5
path:197,198,199,200,201,202,203,204,205,206,207,260,313,366,419,472,525,578,631,684,737,790,843,896,949,1002,1055,1108,1161,1161,1161,1161,1161,1161,1161,1161,1161,1161,1161,1161,1161,1161,1161,1161,1161,1161,1161,1161,1161,1161,1161,1161,1161,1161,1161,1161,1161,1161,1161,1161,1161,1161,1161,
goal:1161,1161,1161,1161,1161,1161,1161,1161,1161,1161,1161,1161,1161,1161,1161,1161,1161,1161,1161,1161,1161,1161,1161,1161,1161,1161,1161,1161,1161,1161,1161,1161,1161,1161,1161,1161,1161,1161,1161,1161,1161,1161,1161,1161,1161,1161,1161,1161,1161,1161,1161,1161,1161,1161,1161,1161,1161,1161,1161,1161,1161,1161,1161,
size:28
[agent] id:6
path:368,421,474,527,580,633,686,685,684,683,682,681,680,679,678,677,676,675,674,673,672,671,670,669,668,667,666,665,664,663,662,715,768,821,820,819,818,817,816,815,814,813,812,811,810,809,808,807,806,805,804,804,804,804,804,804,804,804,804,804,804,804,804,
goal:804,804,804,804,804,804,804,804,804,804,804,804,804,804,804,804,804,804,804,804,804,804,804,804,804,804,804,804,804,804,804,804,804,804,804,804,804,804,804,804,804,804,804,804,804,804,804,804,804,804,804,804,804,804,804,804,804,804,804,804,804,804,804,
size:50
[agent] id:7
path:768,715,662,663,664,665,666,667,668,669,670,671,672,673,726,726,726,726,726,726,726,726,726,726,726,726,726,726,726,726,726,726,726,726,726,726,726,726,726,726,726,726,726,726,726,726,726,726,726,726,726,726,726,726,726,726,726,726,726,726,726,726,726,
goal:726,726,726,726,726,726,726,726,726,726,726,726,726,726,726,726,726,726,726,726,726,726,726,726,726,726,726,726,726,726,726,726,726,726,726,726,726,726,726,726,726,726,726,726,726,726,726,726,726,726,726,726,726,726,726,726,726,726,726,726,726,726,726,
size:14
[agent] id:8
path:170,171,172,173,174,227,280,333,334,335,336,337,338,339,340,341,342,343,344,345,346,347,348,349,350,351,352,353,354,355,356,357,358,359,360,361,362,363,364,365,366,419,472,473,474,475,475,475,475,475,475,475,475,475,475,475,475,475,475,475,475,475,475,
goal:475,475,475,475,475,475,475,475,475,475,475,475,475,475,475,475,475,475,475,475,475,475,475,475,475,475,475,475,475,475,475,475,475,475,475,475,475,475,475,475,475,475,475,475,475,475,475,475,475,475,475,475,475,475,475,475,475,475,475,475,475,475,475,
size:45
[agent] id:9
path:985,986,987,988,989,990,991,938,885,832,779,726,673,620,567,514,461,408,355,356,357,358,359,360,361,362,363,364,365,366,313,314,315,316,316,316,316,316,316,316,316,316,316,316,316,316,316,316,316,316,316,316,316,316,316,316,316,316,316,316,316,316,316,
goal:316,316,316,316,316,316,316,316,316,316,316,316,316,316,316,316,316,316,316,316,316,316,316,316,316,316,316,316,316,316,316,316,316,316,316,316,316,316,316,316,316,316,316,316,316,316,316,316,316,316,316,316,316,316,316,316,316,316,316,316,316,316,316,
size:33
SolutionCost:311
