[setting] seed:8
[solver] type:ECBS
[solver] w:3.250000
[solver] ID:0
[solver] Lowlevelnode:29455
[solver] solved:1
[solver] elapsed:207
[solver] makespan:77
[problem] timesteplimit:10000
[problem] type:MAPF
[problem] agentnum:30
[graph] width:53
[graph] height:22
[graph] filename:./map/kivalike.map
[task] id:7,start:0,end:0,service time:0,nodes:351,
[task] id:28,start:0,end:0,service time:0,nodes:807,
[task] id:23,start:0,end:0,service time:0,nodes:493,
[task] id:19,start:0,end:0,service time:0,nodes:181,
[task] id:5,start:0,end:0,service time:0,nodes:57,
[task] id:15,start:0,end:0,service time:0,nodes:826,
[task] id:6,start:0,end:0,service time:0,nodes:668,
[task] id:16,start:0,end:0,service time:0,nodes:193,
[task] id:4,start:0,end:0,service time:0,nodes:105,
[task] id:18,start:0,end:0,service time:0,nodes:107,
[task] id:12,start:0,end:0,service time:0,nodes:211,
[task] id:13,start:0,end:0,service time:0,nodes:1125,
[task] id:22,start:0,end:0,service time:0,nodes:51,
[task] id:2,start:0,end:0,service time:0,nodes:366,
[task] id:1,start:0,end:0,service time:0,nodes:640,
[task] id:29,start:0,end:0,service time:0,nodes:1162,
[task] id:17,start:0,end:0,service time:0,nodes:1127,
[task] id:24,start:0,end:0,service time:0,nodes:262,
[task] id:9,start:0,end:0,service time:0,nodes:43,
[task] id:10,start:0,end:0,service time:0,nodes:813,
[task] id:27,start:0,end:0,service time:0,nodes:205,
[task] id:3,start:0,end:0,service time:0,nodes:685,
[task] id:8,start:0,end:0,service time:0,nodes:847,
[task] id:11,start:0,end:0,service time:0,nodes:899,
[task] id:14,start:0,end:0,service time:0,nodes:585,
[task] id:0,start:0,end:0,service time:0,nodes:422,
[task] id:25,start:0,end:0,service time:0,nodes:368,
[task] id:26,start:0,end:0,service time:0,nodes:49,
[task] id:20,start:0,end:0,service time:0,nodes:742,
[task] id:21,start:0,end:0,service time:0,nodes:1121,
[agent] id:0
path:852,799,746,693,640,587,534,481,428,375,322,323,324,325,326,327,328,329,330,331,332,332,333,334,335,336,337,338,339,340,341,342,343,344,397,450,503,504,505,506,507,508,509,510,511,512,513,514,515,516,517,518,519,520,521,522,523,524,525,472,419,420,421,422,422,422,422,422,422,422,422,422,422,422,422,422,422,422,
goal:422,422,422,422,422,422,422,422,422,422,422,422,422,422,422,422,422,422,422,422,422,422,422,422,422,422,422,422,422,422,422,422,422,422,422,422,422,422,422,422,422,422,422,422,422,422,422,422,422,422,422,422,422,422,422,422,422,422,422,422,422,422,422,422,422,422,422,422,422,422,422,422,422,422,422,422,422,422,
size:63
[agent] id:1
path:191,190,189,188,187,186,185,184,183,182,181,180,179,178,177,176,175,174,227,280,333,386,439,492,545,598,651,650,649,648,647,646,645,644,643,642,641,640,640,640,640,640,640,640,640,640,640,640,640,640,640,640,640,640,640,640,640,640,640,640,640,640,640,640,640,640,640,640,640,640,640,640,640,640,640,640,640,640,
goal:640,640,640,640,640,640,640,640,640,640,640,640,640,640,640,640,640,640,640,640,640,640,640,640,640,640,640,640,640,640,640,640,640,640,640,640,640,640,640,640,640,640,640,640,640,640,640,640,640,640,640,640,640,640,640,640,640,640,640,640,640,640,640,640,640,640,640,640,640,640,640,640,640,640,640,640,640,640,
size:37
[agent] id:2
path:496,497,498,499,500,501,502,503,504,505,506,507,508,509,510,511,512,513,514,461,408,355,356,357,358,359,360,361,362,363,364,365,366,366,366,366,366,366,366,366,366,366,366,366,366,366,366,366,366,366,366,366,366,366,366,366,366,366,366,366,366,366,366,366,366,366,366,366,366,366,366,366,366,366,366,366,366,366,
goal:366,366,366,366,366,366,366,366,366,366,366,366,366,366,366,366,366,366,366,366,366,366,366,366,366,366,366,366,366,366,366,366,366,366,366,366,366,366,366,366,366,366,366,366,366,366,366,366,366,366,366,366,366,366,366,366,366,366,366,366,366,366,366,366,366,366,366,366,366,366,366,366,366,366,366,366,366,366,
size:32
[agent] id:3
path:905,958,959,960,961,962,963,964,965,966,967,968,969,970,971,972,973,974,975,976,977,978,979,980,927,874,927,980,981,982,983,984,985,986,987,988,989,990,991,938,885,832,779,726,673,674,675,676,677,678,679,680,681,682,683,684,685,685,685,685,685,685,685,685,685,685,685,685,685,685,685,685,685,685,685,685,685,685,
goal:685,685,685,685,685,685,685,685,685,685,685,685,685,685,685,685,685,685,685,685,685,685,685,685,685,685,685,685,685,685,685,685,685,685,685,685,685,685,685,685,685,685,685,685,685,685,685,685,685,685,685,685,685,685,685,685,685,685,685,685,685,685,685,685,685,685,685,685,685,685,685,685,685,685,685,685,685,685,
size:56
[agent] id:4
path:999,1000,1001,1002,949,896,843,790,737,684,631,578,525,472,419,366,313,260,207,154,101,102,103,104,105,105,105,105,105,105,105,105,105,105,105,105,105,105,105,105,105,105,105,105,105,105,105,105,105,105,105,105,105,105,105,105,105,105,105,105,105,105,105,105,105,105,105,105,105,105,105,105,105,105,105,105,105,105,
goal:105,105,105,105,105,105,105,105,105,105,105,105,105,105,105,105,105,105,105,105,105,105,105,105,105,105,105,105,105,105,105,105,105,105,105,105,105,105,105,105,105,105,105,105,105,105,105,105,105,105,105,105,105,105,105,105,105,105,105,105,105,105,105,105,105,105,105,105,105,105,105,105,105,105,105,105,105,105,
size:24
[agent] id:5
path:334,333,280,227,174,173,172,171,170,169,168,167,166,165,164,163,110,57,57,57,57,57,57,57,57,57,57,57,57,57,57,57,57,57,57,57,57,57,57,57,57,57,57,57,57,57,57,57,57,57,57,57,57,57,57,57,57,57,57,57,57,57,57,57,57,57,57,57,57,57,57,57,57,57,57,57,57,57,
goal:57,57,57,57,57,57,57,57,57,57,57,57,57,57,57,57,57,57,57,57,57,57,57,57,57,57,57,57,57,57,57,57,57,57,57,57,57,57,57,57,57,57,57,57,57,57,57,57,57,57,57,57,57,57,57,57,57,57,57,57,57,57,57,57,57,57,57,57,57,57,57,57,57,57,57,57,57,57,
size:17
[agent] id:6
path:523,522,521,520,519,518,517,516,515,514,514,515,514,567,620,673,672,671,670,669,668,668,668,668,668,668,668,668,668,668,668,668,668,668,668,668,668,668,668,668,668,668,668,668,668,668,668,668,668,668,668,668,668,668,668,668,668,668,668,668,668,668,668,668,668,668,668,668,668,668,668,668,668,668,668,668,668,668,
goal:668,668,668,668,668,668,668,668,668,668,668,668,668,668,668,668,668,668,668,668,668,668,668,668,668,668,668,668,668,668,668,668,668,668,668,668,668,668,668,668,668,668,668,668,668,668,668,668,668,668,668,668,668,668,668,668,668,668,668,668,668,668,668,668,668,668,668,668,668,668,668,668,668,668,668,668,668,668,
size:20
[agent] id:7
path:352,351,351,351,351,351,351,351,351,351,351,351,351,351,351,351,351,351,351,351,351,351,351,351,351,351,351,351,351,351,351,351,351,351,351,351,351,351,351,351,351,351,351,351,351,351,351,351,351,351,351,351,351,351,351,351,351,351,351,351,351,351,351,351,351,351,351,351,351,351,351,351,351,351,351,351,351,351,
goal:351,351,351,351,351,351,351,351,351,351,351,351,351,351,351,351,351,351,351,351,351,351,351,351,351,351,351,351,351,351,351,351,351,351,351,351,351,351,351,351,351,351,351,351,351,351,351,351,351,351,351,351,351,351,351,351,351,351,351,351,351,351,351,351,351,351,351,351,351,351,351,351,351,351,351,351,351,351,
size:1
[agent] id:8
path:327,328,329,330,331,332,332,333,334,335,336,337,338,339,340,341,342,343,344,397,344,343,343,344,397,450,503,504,505,506,507,508,509,510,511,512,513,514,567,620,673,674,675,676,677,678,679,680,681,682,683,684,737,790,843,844,845,846,847,847,847,847,847,847,847,847,847,847,847,847,847,847,847,847,847,847,847,847,
goal:847,847,847,847,847,847,847,847,847,847,847,847,847,847,847,847,847,847,847,847,847,847,847,847,847,847,847,847,847,847,847,847,847,847,847,847,847,847,847,847,847,847,847,847,847,847,847,847,847,847,847,847,847,847,847,847,847,847,847,847,847,847,847,847,847,847,847,847,847,847,847,847,847,847,847,847,847,847,
size:58
[agent] id:9
path:586,533,480,427,374,375,322,269,216,163,110,57,4,5,6,7,8,9,10,11,12,13,14,15,16,17,18,19,20,21,22,23,24,25,26,27,28,29,30,31,32,33,34,35,36,37,38,39,40,41,42,43,43,43,43,43,43,43,43,43,43,43,43,43,43,43,43,43,43,43,43,43,43,43,43,43,43,43,
goal:43,43,43,43,43,43,43,43,43,43,43,43,43,43,43,43,43,43,43,43,43,43,43,43,43,43,43,43,43,43,43,43,43,43,43,43,43,43,43,43,43,43,43,43,43,43,43,43,43,43,43,43,43,43,43,43,43,43,43,43,43,43,43,43,43,43,43,43,43,43,43,43,43,43,43,43,43,43,
size:51
[agent] id:10
path:261,314,367,420,473,526,579,632,685,738,791,844,843,842,841,840,839,838,837,836,835,834,833,832,885,938,991,1044,1097,1150,1149,1148,1147,1146,1145,1144,1143,1142,1141,1140,1139,1086,1033,980,927,874,821,820,819,818,817,816,815,814,813,813,813,813,813,813,813,813,813,813,813,813,813,813,813,813,813,813,813,813,813,813,813,813,
goal:813,813,813,813,813,813,813,813,813,813,813,813,813,813,813,813,813,813,813,813,813,813,813,813,813,813,813,813,813,813,813,813,813,813,813,813,813,813,813,813,813,813,813,813,813,813,813,813,813,813,813,813,813,813,813,813,813,813,813,813,813,813,813,813,813,813,813,813,813,813,813,813,813,813,813,813,813,813,
size:54
[agent] id:11
path:320,321,322,323,324,325,326,327,328,329,330,331,332,333,334,335,336,337,338,339,340,341,342,343,344,397,450,503,504,505,506,507,508,509,510,511,512,513,514,567,620,673,674,675,676,677,678,679,680,681,682,683,684,737,790,843,896,897,898,899,899,899,899,899,899,899,899,899,899,899,899,899,899,899,899,899,899,899,
goal:899,899,899,899,899,899,899,899,899,899,899,899,899,899,899,899,899,899,899,899,899,899,899,899,899,899,899,899,899,899,899,899,899,899,899,899,899,899,899,899,899,899,899,899,899,899,899,899,899,899,899,899,899,899,899,899,899,899,899,899,899,899,899,899,899,899,899,899,899,899,899,899,899,899,899,899,899,899,
size:59
[agent] id:12
path:30,31,32,33,34,35,36,37,90,143,196,197,198,199,200,201,202,203,204,205,206,207,208,209,210,211,211,211,211,211,211,211,211,211,211,211,211,211,211,211,211,211,211,211,211,211,211,211,211,211,211,211,211,211,211,211,211,211,211,211,211,211,211,211,211,211,211,211,211,211,211,211,211,211,211,211,211,211,
goal:211,211,211,211,211,211,211,211,211,211,211,211,211,211,211,211,211,211,211,211,211,211,211,211,211,211,211,211,211,211,211,211,211,211,211,211,211,211,211,211,211,211,211,211,211,211,211,211,211,211,211,211,211,211,211,211,211,211,211,211,211,211,211,211,211,211,211,211,211,211,211,211,211,211,211,211,211,211,
size:25
[agent] id:13
path:109,162,215,268,321,374,427,480,533,586,639,692,745,798,851,904,957,1010,1063,1116,1117,1118,1119,1120,1121,1122,1123,1124,1125,1125,1125,1125,1125,1125,1125,1125,1125,1125,1125,1125,1125,1125,1125,1125,1125,1125,1125,1125,1125,1125,1125,1125,1125,1125,1125,1125,1125,1125,1125,1125,1125,1125,1125,1125,1125,1125,1125,1125,1125,1125,1125,1125,1125,1125,1125,1125,1125,1125,
goal:1125,1125,1125,1125,1125,1125,1125,1125,1125,1125,1125,1125,1125,1125,1125,1125,1125,1125,1125,1125,1125,1125,1125,1125,1125,1125,1125,1125,1125,1125,1125,1125,1125,1125,1125,1125,1125,1125,1125,1125,1125,1125,1125,1125,1125,1125,1125,1125,1125,1125,1125,1125,1125,1125,1125,1125,1125,1125,1125,1125,1125,1125,1125,1125,1125,1125,1125,1125,1125,1125,1125,1125,1125,1125,1125,1125,1125,1125,
size:28
[agent] id:14
path:198,197,196,195,194,193,192,191,190,189,188,187,186,185,238,291,344,344,291,291,291,291,291,291,291,344,397,450,503,556,609,662,661,660,659,658,657,656,655,654,653,652,651,598,545,492,491,490,489,488,487,486,485,484,483,482,481,534,587,586,585,585,585,585,585,585,585,585,585,585,585,585,585,585,585,585,585,585,
goal:585,585,585,585,585,585,585,585,585,585,585,585,585,585,585,585,585,585,585,585,585,585,585,585,585,585,585,585,585,585,585,585,585,585,585,585,585,585,585,585,585,585,585,585,585,585,585,585,585,585,585,585,585,585,585,585,585,585,585,585,585,585,585,585,585,585,585,585,585,585,585,585,585,585,585,585,585,585,
size:60
[agent] id:15
path:683,682,681,680,679,678,677,676,675,674,673,726,779,832,831,830,829,828,827,826,826,826,826,826,826,826,826,826,826,826,826,826,826,826,826,826,826,826,826,826,826,826,826,826,826,826,826,826,826,826,826,826,826,826,826,826,826,826,826,826,826,826,826,826,826,826,826,826,826,826,826,826,826,826,826,826,826,826,
goal:826,826,826,826,826,826,826,826,826,826,826,826,826,826,826,826,826,826,826,826,826,826,826,826,826,826,826,826,826,826,826,826,826,826,826,826,826,826,826,826,826,826,826,826,826,826,826,826,826,826,826,826,826,826,826,826,826,826,826,826,826,826,826,826,826,826,826,826,826,826,826,826,826,826,826,826,826,826,
size:19
[agent] id:16
path:989,990,991,938,885,832,779,726,673,620,567,514,461,408,355,302,249,196,195,194,193,193,193,193,193,193,193,193,193,193,193,193,193,193,193,193,193,193,193,193,193,193,193,193,193,193,193,193,193,193,193,193,193,193,193,193,193,193,193,193,193,193,193,193,193,193,193,193,193,193,193,193,193,193,193,193,193,193,
goal:193,193,193,193,193,193,193,193,193,193,193,193,193,193,193,193,193,193,193,193,193,193,193,193,193,193,193,193,193,193,193,193,193,193,193,193,193,193,193,193,193,193,193,193,193,193,193,193,193,193,193,193,193,193,193,193,193,193,193,193,193,193,193,193,193,193,193,193,193,193,193,193,193,193,193,193,193,193,
size:20
[agent] id:17
path:1000,1001,1002,1055,1002,1001,1000,999,998,997,996,995,994,993,992,991,990,989,988,987,986,985,984,983,982,981,980,1033,1086,1139,1138,1137,1136,1135,1134,1133,1132,1131,1130,1129,1128,1127,1127,1127,1127,1127,1127,1127,1127,1127,1127,1127,1127,1127,1127,1127,1127,1127,1127,1127,1127,1127,1127,1127,1127,1127,1127,1127,1127,1127,1127,1127,1127,1127,1127,1127,1127,1127,
goal:1127,1127,1127,1127,1127,1127,1127,1127,1127,1127,1127,1127,1127,1127,1127,1127,1127,1127,1127,1127,1127,1127,1127,1127,1127,1127,1127,1127,1127,1127,1127,1127,1127,1127,1127,1127,1127,1127,1127,1127,1127,1127,1127,1127,1127,1127,1127,1127,1127,1127,1127,1127,1127,1127,1127,1127,1127,1127,1127,1127,1127,1127,1127,1127,1127,1127,1127,1127,1127,1127,1127,1127,1127,1127,1127,1127,1127,1127,
size:41
[agent] id:18
path:339,338,337,336,335,334,333,280,227,174,173,172,171,170,169,168,167,166,165,164,163,110,109,108,107,107,107,107,107,107,107,107,107,107,107,107,107,107,107,107,107,107,107,107,107,107,107,107,107,107,107,107,107,107,107,107,107,107,107,107,107,107,107,107,107,107,107,107,107,107,107,107,107,107,107,107,107,107,
goal:107,107,107,107,107,107,107,107,107,107,107,107,107,107,107,107,107,107,107,107,107,107,107,107,107,107,107,107,107,107,107,107,107,107,107,107,107,107,107,107,107,107,107,107,107,107,107,107,107,107,107,107,107,107,107,107,107,107,107,107,107,107,107,107,107,107,107,107,107,107,107,107,107,107,107,107,107,107,
size:24
[agent] id:19
path:509,508,507,506,505,504,503,450,397,344,291,238,185,184,183,182,181,181,181,181,181,181,181,181,181,181,181,181,181,181,181,181,181,181,181,181,181,181,181,181,181,181,181,181,181,181,181,181,181,181,181,181,181,181,181,181,181,181,181,181,181,181,181,181,181,181,181,181,181,181,181,181,181,181,181,181,181,181,
goal:181,181,181,181,181,181,181,181,181,181,181,181,181,181,181,181,181,181,181,181,181,181,181,181,181,181,181,181,181,181,181,181,181,181,181,181,181,181,181,181,181,181,181,181,181,181,181,181,181,181,181,181,181,181,181,181,181,181,181,181,181,181,181,181,181,181,181,181,181,181,181,181,181,181,181,181,181,181,
size:16
[agent] id:20
path:262,315,368,421,474,527,580,633,686,685,684,683,682,681,680,679,678,677,676,675,674,673,726,779,832,885,938,991,1044,1097,1150,1149,1148,1147,1146,1145,1144,1143,1142,1141,1140,1139,1086,1033,980,979,978,977,976,975,974,973,972,971,970,969,968,967,966,965,964,963,962,961,960,959,958,905,852,799,746,745,744,743,742,742,742,742,
goal:742,742,742,742,742,742,742,742,742,742,742,742,742,742,742,742,742,742,742,742,742,742,742,742,742,742,742,742,742,742,742,742,742,742,742,742,742,742,742,742,742,742,742,742,742,742,742,742,742,742,742,742,742,742,742,742,742,742,742,742,742,742,742,742,742,742,742,742,742,742,742,742,742,742,742,742,742,742,
size:74
[agent] id:21
path:158,211,264,317,370,423,476,529,582,635,688,741,794,847,900,953,1006,1005,1004,1003,1002,1001,1000,999,998,997,996,995,994,993,992,991,1044,1097,1150,1149,1148,1147,1146,1145,1144,1143,1142,1141,1140,1139,1138,1137,1136,1135,1134,1133,1132,1131,1130,1129,1128,1075,1022,969,968,967,966,965,964,963,962,961,960,959,958,1011,1064,1117,1118,1119,1120,1121,
goal:1121,1121,1121,1121,1121,1121,1121,1121,1121,1121,1121,1121,1121,1121,1121,1121,1121,1121,1121,1121,1121,1121,1121,1121,1121,1121,1121,1121,1121,1121,1121,1121,1121,1121,1121,1121,1121,1121,1121,1121,1121,1121,1121,1121,1121,1121,1121,1121,1121,1121,1121,1121,1121,1121,1121,1121,1121,1121,1121,1121,1121,1121,1121,1121,1121,1121,1121,1121,1121,1121,1121,1121,1121,1121,1121,1121,1121,1121,
size:77
[agent] id:22
path:671,672,673,620,567,514,461,408,355,302,249,196,143,90,37,38,39,40,41,42,43,44,45,46,47,48,49,50,51,51,51,51,51,51,51,51,51,51,51,51,51,51,51,51,51,51,51,51,51,51,51,51,51,51,51,51,51,51,51,51,51,51,51,51,51,51,51,51,51,51,51,51,51,51,51,51,51,51,
goal:51,51,51,51,51,51,51,51,51,51,51,51,51,51,51,51,51,51,51,51,51,51,51,51,51,51,51,51,51,51,51,51,51,51,51,51,51,51,51,51,51,51,51,51,51,51,51,51,51,51,51,51,51,51,51,51,51,51,51,51,51,51,51,51,51,51,51,51,51,51,51,51,51,51,51,51,51,51,
size:28
[agent] id:23
path:641,642,643,644,645,646,647,648,649,650,651,598,545,492,493,493,493,493,493,493,493,493,493,493,493,493,493,493,493,493,493,493,493,493,493,493,493,493,493,493,493,493,493,493,493,493,493,493,493,493,493,493,493,493,493,493,493,493,493,493,493,493,493,493,493,493,493,493,493,493,493,493,493,493,493,493,493,493,
goal:493,493,493,493,493,493,493,493,493,493,493,493,493,493,493,493,493,493,493,493,493,493,493,493,493,493,493,493,493,493,493,493,493,493,493,493,493,493,493,493,493,493,493,493,493,493,493,493,493,493,493,493,493,493,493,493,493,493,493,493,493,493,493,493,493,493,493,493,493,493,493,493,493,493,493,493,493,493,
size:14
[agent] id:24
path:971,972,973,974,975,976,977,978,979,980,927,874,821,768,715,662,609,556,503,504,505,506,507,508,509,510,511,512,513,514,515,516,517,518,519,520,521,522,523,524,525,472,419,420,367,314,261,262,262,262,262,262,262,262,262,262,262,262,262,262,262,262,262,262,262,262,262,262,262,262,262,262,262,262,262,262,262,262,
goal:262,262,262,262,262,262,262,262,262,262,262,262,262,262,262,262,262,262,262,262,262,262,262,262,262,262,262,262,262,262,262,262,262,262,262,262,262,262,262,262,262,262,262,262,262,262,262,262,262,262,262,262,262,262,262,262,262,262,262,262,262,262,262,262,262,262,262,262,262,262,262,262,262,262,262,262,262,262,
size:47
[agent] id:25
path:1062,1009,956,957,958,959,960,961,962,963,964,965,966,967,968,969,970,971,972,973,974,975,976,977,978,979,979,979,980,981,982,983,984,985,986,987,988,989,990,991,938,885,832,779,726,673,674,675,676,677,678,679,680,681,682,683,684,631,578,579,526,473,474,421,368,368,368,368,368,368,368,368,368,368,368,368,368,368,
goal:368,368,368,368,368,368,368,368,368,368,368,368,368,368,368,368,368,368,368,368,368,368,368,368,368,368,368,368,368,368,368,368,368,368,368,368,368,368,368,368,368,368,368,368,368,368,368,368,368,368,368,368,368,368,368,368,368,368,368,368,368,368,368,368,368,368,368,368,368,368,368,368,368,368,368,368,368,368,
size:64
[agent] id:26
path:1064,1011,958,905,852,799,746,693,640,641,642,643,644,645,646,647,648,649,650,651,652,653,654,655,656,657,658,659,660,661,662,715,715,662,609,556,556,503,504,505,506,507,508,509,510,511,512,513,514,515,516,517,518,519,520,521,522,523,524,525,472,419,420,367,314,261,208,155,102,49,49,49,49,49,49,49,49,49,
goal:49,49,49,49,49,49,49,49,49,49,49,49,49,49,49,49,49,49,49,49,49,49,49,49,49,49,49,49,49,49,49,49,49,49,49,49,49,49,49,49,49,49,49,49,49,49,49,49,49,49,49,49,49,49,49,49,49,49,49,49,49,49,49,49,49,49,49,49,49,49,49,49,49,49,49,49,49,49,
size:69
[agent] id:27
path:170,169,168,167,166,165,164,163,110,57,4,5,6,7,8,9,10,11,12,13,14,15,16,17,18,19,20,21,22,23,24,25,26,27,28,29,30,31,32,33,34,35,36,37,90,143,196,197,198,199,200,201,202,203,204,205,205,205,205,205,205,205,205,205,205,205,205,205,205,205,205,205,205,205,205,205,205,205,
goal:205,205,205,205,205,205,205,205,205,205,205,205,205,205,205,205,205,205,205,205,205,205,205,205,205,205,205,205,205,205,205,205,205,205,205,205,205,205,205,205,205,205,205,205,205,205,205,205,205,205,205,205,205,205,205,205,205,205,205,205,205,205,205,205,205,205,205,205,205,205,205,205,205,205,205,205,205,205,
size:55
[agent] id:28
path:797,798,799,800,801,802,803,804,805,806,807,807,807,807,807,807,807,807,807,807,807,807,807,807,807,807,807,807,807,807,807,807,807,807,807,807,807,807,807,807,807,807,807,807,807,807,807,807,807,807,807,807,807,807,807,807,807,807,807,807,807,807,807,807,807,807,807,807,807,807,807,807,807,807,807,807,807,807,
goal:807,807,807,807,807,807,807,807,807,807,807,807,807,807,807,807,807,807,807,807,807,807,807,807,807,807,807,807,807,807,807,807,807,807,807,807,807,807,807,807,807,807,807,807,807,807,807,807,807,807,807,807,807,807,807,807,807,807,807,807,807,807,807,807,807,807,807,807,807,807,807,807,807,807,807,807,807,807,
size:10
[agent] id:29
path:1122,1123,1124,1125,1126,1127,1128,1129,1130,1131,1132,1133,1134,1135,1136,1137,1138,1139,1140,1141,1142,1143,1144,1145,1146,1147,1148,1149,1150,1151,1152,1153,1154,1155,1156,1157,1158,1159,1160,1161,1162,1162,1162,1162,1162,1162,1162,1162,1162,1162,1162,1162,1162,1162,1162,1162,1162,1162,1162,1162,1162,1162,1162,1162,1162,1162,1162,1162,1162,1162,1162,1162,1162,1162,1162,1162,1162,1162,
goal:1162,1162,1162,1162,1162,1162,1162,1162,1162,1162,1162,1162,1162,1162,1162,1162,1162,1162,1162,1162,1162,1162,1162,1162,1162,1162,1162,1162,1162,1162,1162,1162,1162,1162,1162,1162,1162,1162,1162,1162,1162,1162,1162,1162,1162,1162,1162,1162,1162,1162,1162,1162,1162,1162,1162,1162,1162,1162,1162,1162,1162,1162,1162,1162,1162,1162,1162,1162,1162,1162,1162,1162,1162,1162,1162,1162,1162,1162,
size:40
SolutionCost:1183
