[setting] seed:7
[solver] type:ECBS
[solver] w:4.250000
[solver] ID:0
[solver] Lowlevelnode:1419
[solver] solved:1
[solver] elapsed:12
[solver] makespan:57
[problem] timesteplimit:10000
[problem] type:MAPF
[problem] agentnum:10
[graph] width:53
[graph] height:22
[graph] filename:./map/kivalike.map
[task] id:9,start:0,end:0,service time:0,nodes:490,
[task] id:3,start:0,end:0,service time:0,nodes:1162,
[task] id:6,start:0,end:0,service time:0,nodes:291,
[task] id:7,start:0,end:0,service time:0,nodes:267,
[task] id:10,start:0,end:0,service time:0,nodes:291,
[task] id:2,start:0,end:0,service time:0,nodes:1153,
[task] id:8,start:0,end:0,service time:0,nodes:476,
[task] id:0,start:0,end:0,service time:0,nodes:757,
[task] id:4,start:0,end:0,service time:0,nodes:19,
[task] id:5,start:0,end:0,service time:0,nodes:157,
[task] id:1,start:0,end:0,service time:0,nodes:1125,
[agent] id:0
path:1151,1150,1097,1044,991,938,885,832,831,830,829,828,827,826,825,824,823,822,821,820,819,818,817,816,815,814,813,812,811,810,757,757,757,757,757,757,757,757,757,757,757,757,757,757,757,757,757,757,757,757,757,757,757,757,757,757,757,757,
goal:757,757,757,757,757,757,757,757,757,757,757,757,757,757,757,757,757,757,757,757,757,757,757,757,757,757,757,757,757,757,757,757,757,757,757,757,757,757,757,757,757,757,757,757,757,757,757,757,757,757,757,757,757,757,757,757,757,757,
size:30
[agent] id:1
path:156,209,262,315,368,421,474,527,580,633,686,739,792,845,898,951,1004,1003,1002,1001,1000,999,998,997,996,995,994,993,992,991,1044,1097,1150,1149,1148,1147,1146,1145,1144,1143,1142,1141,1140,1139,1138,1137,1136,1135,1134,1133,1132,1131,1130,1129,1128,1127,1126,1125,
goal:1125,1125,1125,1125,1125,1125,1125,1125,1125,1125,1125,1125,1125,1125,1125,1125,1125,1125,1125,1125,1125,1125,1125,1125,1125,1125,1125,1125,1125,1125,1125,1125,1125,1125,1125,1125,1125,1125,1125,1125,1125,1125,1125,1125,1125,1125,1125,1125,1125,1125,1125,1125,1125,1125,1125,1125,1125,1125,
size:57
[agent] id:2
path:367,420,473,526,579,632,685,738,791,844,897,950,1003,1056,1109,1162,1161,1160,1159,1158,1157,1156,1155,1154,1153,1153,1153,1153,1153,1153,1153,1153,1153,1153,1153,1153,1153,1153,1153,1153,1153,1153,1153,1153,1153,1153,1153,1153,1153,1153,1153,1153,1153,1153,1153,1153,1153,1153,
goal:1153,1153,1153,1153,1153,1153,1153,1153,1153,1153,1153,1153,1153,1153,1153,1153,1153,1153,1153,1153,1153,1153,1153,1153,1153,1153,1153,1153,1153,1153,1153,1153,1153,1153,1153,1153,1153,1153,1153,1153,1153,1153,1153,1153,1153,1153,1153,1153,1153,1153,1153,1153,1153,1153,1153,1153,1153,1153,
size:24
[agent] id:3
path:832,885,938,991,992,993,994,995,996,997,998,999,1000,1001,1002,1055,1108,1161,1162,1162,1162,1162,1162,1162,1162,1162,1162,1162,1162,1162,1162,1162,1162,1162,1162,1162,1162,1162,1162,1162,1162,1162,1162,1162,1162,1162,1162,1162,1162,1162,1162,1162,1162,1162,1162,1162,1162,1162,
goal:1162,1162,1162,1162,1162,1162,1162,1162,1162,1162,1162,1162,1162,1162,1162,1162,1162,1162,1162,1162,1162,1162,1162,1162,1162,1162,1162,1162,1162,1162,1162,1162,1162,1162,1162,1162,1162,1162,1162,1162,1162,1162,1162,1162,1162,1162,1162,1162,1162,1162,1162,1162,1162,1162,1162,1162,1162,1162,
size:18
[agent] id:4
path:1144,1143,1142,1141,1140,1139,1086,1033,980,927,874,821,768,715,662,609,556,503,450,397,344,291,238,185,132,79,26,25,24,23,22,21,20,19,19,19,19,19,19,19,19,19,19,19,19,19,19,19,19,19,19,19,19,19,19,19,19,19,
goal:19,19,19,19,19,19,19,19,19,19,19,19,19,19,19,19,19,19,19,19,19,19,19,19,19,19,19,19,19,19,19,19,19,19,19,19,19,19,19,19,19,19,19,19,19,19,19,19,19,19,19,19,19,19,19,19,19,19,
size:33
[agent] id:5
path:167,168,169,170,171,172,173,174,175,176,177,178,179,180,181,182,183,184,185,186,187,188,189,190,191,192,193,194,195,196,197,198,199,200,201,202,203,204,205,206,207,154,155,156,157,157,157,157,157,157,157,157,157,157,157,157,157,157,
goal:157,157,157,157,157,157,157,157,157,157,157,157,157,157,157,157,157,157,157,157,157,157,157,157,157,157,157,157,157,157,157,157,157,157,157,157,157,157,157,157,157,157,157,157,157,157,157,157,157,157,157,157,157,157,157,157,157,157,
size:44
[agent] id:6
path:1141,1140,1139,1086,1033,980,927,874,821,768,715,662,609,556,503,450,397,344,291,344,343,343,344,291,291,291,291,291,291,291,291,291,291,291,291,291,291,291,291,291,291,291,291,291,291,291,291,291,291,291,291,291,291,291,291,291,291,291,
goal:291,291,291,291,291,291,291,291,291,291,291,291,291,291,291,291,291,291,291,291,291,291,291,291,291,291,291,291,291,291,291,291,291,291,291,291,291,291,291,291,291,291,291,291,291,291,291,291,291,291,291,291,291,291,291,291,291,291,
size:23
[agent] id:7
path:1119,1118,1117,1064,1011,958,905,852,799,746,693,640,587,534,481,428,375,322,269,268,267,267,267,267,267,267,267,267,267,267,267,267,267,267,267,267,267,267,267,267,267,267,267,267,267,267,267,267,267,267,267,267,267,267,267,267,267,267,
goal:267,267,267,267,267,267,267,267,267,267,267,267,267,267,267,267,267,267,267,267,267,267,267,267,267,267,267,267,267,267,267,267,267,267,267,267,267,267,267,267,267,267,267,267,267,267,267,267,267,267,267,267,267,267,267,267,267,267,
size:20
[agent] id:8
path:32,33,34,35,36,37,90,143,196,249,302,355,356,357,358,359,360,361,362,363,364,365,366,419,472,473,474,475,476,476,476,476,476,476,476,476,476,476,476,476,476,476,476,476,476,476,476,476,476,476,476,476,476,476,476,476,476,476,
goal:476,476,476,476,476,476,476,476,476,476,476,476,476,476,476,476,476,476,476,476,476,476,476,476,476,476,476,476,476,476,476,476,476,476,476,476,476,476,476,476,476,476,476,476,476,476,476,476,476,476,476,476,476,476,476,476,476,476,
size:28
[agent] id:9
path:970,969,916,863,810,757,704,651,598,545,492,491,490,490,490,490,490,490,490,490,490,490,490,490,490,490,490,490,490,490,490,490,490,490,490,490,490,490,490,490,490,490,490,490,490,490,490,490,490,490,490,490,490,490,490,490,490,490,
goal:490,490,490,490,490,490,490,490,490,490,490,490,490,490,490,490,490,490,490,490,490,490,490,490,490,490,490,490,490,490,490,490,490,490,490,490,490,490,490,490,490,490,490,490,490,490,490,490,490,490,490,490,490,490,490,490,490,490,
size:12
SolutionCost:289
