[setting] seed:6
[solver] type:ECBS
[solver] w:2.250000
[solver] ID:0
[solver] Lowlevelnode:3663
[solver] solved:1
[solver] elapsed:43
[solver] makespan:52
[problem] timesteplimit:10000
[problem] type:MAPF
[problem] agentnum:10
[graph] width:53
[graph] height:22
[graph] filename:./map/kivalike.map
[task] id:3,start:0,end:0,service time:0,nodes:14,
[task] id:1,start:0,end:0,service time:0,nodes:790,
[task] id:7,start:0,end:0,service time:0,nodes:175,
[task] id:6,start:0,end:0,service time:0,nodes:32,
[task] id:8,start:0,end:0,service time:0,nodes:51,
[task] id:0,start:0,end:0,service time:0,nodes:487,
[task] id:2,start:0,end:0,service time:0,nodes:745,
[task] id:5,start:0,end:0,service time:0,nodes:996,
[task] id:4,start:0,end:0,service time:0,nodes:680,
[task] id:9,start:0,end:0,service time:0,nodes:34,
[agent] id:0
path:997,996,995,994,993,992,991,938,885,832,779,726,673,620,567,514,513,512,511,510,509,508,507,506,505,504,503,502,501,500,499,498,497,496,495,494,493,492,491,490,489,488,487,487,487,487,487,487,487,487,487,487,487,
goal:487,487,487,487,487,487,487,487,487,487,487,487,487,487,487,487,487,487,487,487,487,487,487,487,487,487,487,487,487,487,487,487,487,487,487,487,487,487,487,487,487,487,487,487,487,487,487,487,487,487,487,487,487,
size:42
[agent] id:1
path:529,582,635,688,741,794,793,792,791,790,790,790,790,790,790,790,790,790,790,790,790,790,790,790,790,790,790,790,790,790,790,790,790,790,790,790,790,790,790,790,790,790,790,790,790,790,790,790,790,790,790,790,790,
goal:790,790,790,790,790,790,790,790,790,790,790,790,790,790,790,790,790,790,790,790,790,790,790,790,790,790,790,790,790,790,790,790,790,790,790,790,790,790,790,790,790,790,790,790,790,790,790,790,790,790,790,790,790,
size:9
[agent] id:2
path:33,32,31,30,29,28,27,26,79,132,185,184,183,182,181,180,179,178,177,176,175,174,227,280,333,386,439,492,545,598,651,650,649,648,647,646,645,644,643,642,641,640,693,746,745,745,745,745,745,745,745,745,745,
goal:745,745,745,745,745,745,745,745,745,745,745,745,745,745,745,745,745,745,745,745,745,745,745,745,745,745,745,745,745,745,745,745,745,745,745,745,745,745,745,745,745,745,745,745,745,745,745,745,745,745,745,745,745,
size:44
[agent] id:3
path:9,10,11,12,13,14,14,14,14,14,14,14,14,14,14,14,14,14,14,14,14,14,14,14,14,14,14,14,14,14,14,14,14,14,14,14,14,14,14,14,14,14,14,14,14,14,14,14,14,14,14,14,14,
goal:14,14,14,14,14,14,14,14,14,14,14,14,14,14,14,14,14,14,14,14,14,14,14,14,14,14,14,14,14,14,14,14,14,14,14,14,14,14,14,14,14,14,14,14,14,14,14,14,14,14,14,14,14,
size:5
[agent] id:4
path:160,213,266,319,372,425,478,531,584,637,638,639,640,641,642,643,644,645,646,647,648,649,650,651,652,653,654,655,656,657,658,659,660,661,662,663,664,665,666,667,668,669,670,671,672,673,674,675,676,677,678,679,680,
goal:680,680,680,680,680,680,680,680,680,680,680,680,680,680,680,680,680,680,680,680,680,680,680,680,680,680,680,680,680,680,680,680,680,680,680,680,680,680,680,680,680,680,680,680,680,680,680,680,680,680,680,680,680,
size:52
[agent] id:5
path:1113,1060,1007,954,955,956,957,958,959,960,961,962,963,964,965,966,967,968,969,970,971,972,973,974,975,976,977,978,979,980,981,982,983,984,985,986,987,988,989,990,991,992,993,994,995,996,996,996,996,996,996,996,996,
goal:996,996,996,996,996,996,996,996,996,996,996,996,996,996,996,996,996,996,996,996,996,996,996,996,996,996,996,996,996,996,996,996,996,996,996,996,996,996,996,996,996,996,996,996,996,996,996,996,996,996,996,996,996,
size:45
[agent] id:6
path:996,995,994,993,992,991,938,885,832,779,726,673,620,567,514,461,408,355,302,249,196,143,90,37,36,37,90,37,36,35,34,33,32,32,32,32,32,32,32,32,32,32,32,32,32,32,32,32,32,32,32,32,32,
goal:32,32,32,32,32,32,32,32,32,32,32,32,32,32,32,32,32,32,32,32,32,32,32,32,32,32,32,32,32,32,32,32,32,32,32,32,32,32,32,32,32,32,32,32,32,32,32,32,32,32,32,32,32,
size:32
[agent] id:7
path:981,980,927,874,821,768,715,662,609,556,503,450,397,344,291,238,185,184,183,182,181,180,179,178,177,176,175,175,175,175,175,175,175,175,175,175,175,175,175,175,175,175,175,175,175,175,175,175,175,175,175,175,175,
goal:175,175,175,175,175,175,175,175,175,175,175,175,175,175,175,175,175,175,175,175,175,175,175,175,175,175,175,175,175,175,175,175,175,175,175,175,175,175,175,175,175,175,175,175,175,175,175,175,175,175,175,175,175,
size:26
[agent] id:8
path:227,174,121,68,15,16,17,18,19,20,21,22,23,24,25,26,27,28,29,30,31,32,33,34,35,36,37,38,39,40,41,42,43,44,45,46,47,48,49,50,51,51,51,51,51,51,51,51,51,51,51,51,51,
goal:51,51,51,51,51,51,51,51,51,51,51,51,51,51,51,51,51,51,51,51,51,51,51,51,51,51,51,51,51,51,51,51,51,51,51,51,51,51,51,51,51,51,51,51,51,51,51,51,51,51,51,51,51,
size:40
[agent] id:9
path:798,745,692,639,586,533,480,427,374,321,322,323,324,325,326,327,328,329,330,331,332,333,334,335,336,337,338,339,340,341,342,343,344,291,238,185,186,187,188,189,190,191,192,193,194,195,196,143,90,37,36,35,34,
goal:34,34,34,34,34,34,34,34,34,34,34,34,34,34,34,34,34,34,34,34,34,34,34,34,34,34,34,34,34,34,34,34,34,34,34,34,34,34,34,34,34,34,34,34,34,34,34,34,34,34,34,34,34,
size:52
SolutionCost:347
