[setting] seed:4
[solver] type:ECBS
[solver] w:3.250000
[solver] ID:0
[solver] Lowlevelnode:7211710
[solver] solved:1
[solver] elapsed:113288
[solver] makespan:73
[problem] timesteplimit:10000
[problem] type:MAPF
[problem] agentnum:30
[graph] width:53
[graph] height:22
[graph] filename:./map/kivalike.map
[task] id:24,start:0,end:0,service time:0,nodes:204,
[task] id:8,start:0,end:0,service time:0,nodes:1111,
[task] id:16,start:0,end:0,service time:0,nodes:41,
[task] id:20,start:0,end:0,service time:0,nodes:669,
[task] id:21,start:0,end:0,service time:0,nodes:656,
[task] id:13,start:0,end:0,service time:0,nodes:324,
[task] id:2,start:0,end:0,service time:0,nodes:188,
[task] id:12,start:0,end:0,service time:0,nodes:1145,
[task] id:15,start:0,end:0,service time:0,nodes:822,
[task] id:9,start:0,end:0,service time:0,nodes:846,
[task] id:26,start:0,end:0,service time:0,nodes:408,
[task] id:28,start:0,end:0,service time:0,nodes:1143,
[task] id:22,start:0,end:0,service time:0,nodes:983,
[task] id:27,start:0,end:0,service time:0,nodes:496,
[task] id:19,start:0,end:0,service time:0,nodes:201,
[task] id:25,start:0,end:0,service time:0,nodes:183,
[task] id:18,start:0,end:0,service time:0,nodes:19,
[task] id:4,start:0,end:0,service time:0,nodes:477,
[task] id:5,start:0,end:0,service time:0,nodes:106,
[task] id:23,start:0,end:0,service time:0,nodes:500,
[task] id:6,start:0,end:0,service time:0,nodes:798,
[task] id:14,start:0,end:0,service time:0,nodes:666,
[task] id:17,start:0,end:0,service time:0,nodes:1061,
[task] id:0,start:0,end:0,service time:0,nodes:197,
[task] id:1,start:0,end:0,service time:0,nodes:960,
[task] id:10,start:0,end:0,service time:0,nodes:897,
[task] id:11,start:0,end:0,service time:0,nodes:743,
[task] id:7,start:0,end:0,service time:0,nodes:269,
[task] id:29,start:0,end:0,service time:0,nodes:528,
[task] id:30,start:0,end:0,service time:0,nodes:204,
[task] id:3,start:0,end:0,service time:0,nodes:202,
[agent] id:0
path:269,216,163,164,165,166,167,168,169,170,171,172,173,174,175,176,177,178,179,180,181,182,183,184,185,132,79,26,27,28,29,30,31,32,33,34,35,36,37,90,143,196,197,197,197,197,197,197,197,197,197,197,197,197,197,197,197,197,197,197,197,197,197,197,197,197,197,197,197,197,197,197,197,197,
goal:197,197,197,197,197,197,197,197,197,197,197,197,197,197,197,197,197,197,197,197,197,197,197,197,197,197,197,197,197,197,197,197,197,197,197,197,197,197,197,197,197,197,197,197,197,197,197,197,197,197,197,197,197,197,197,197,197,197,197,197,197,197,197,197,197,197,197,197,197,197,197,197,197,197,
size:42
[agent] id:1
path:842,841,840,839,838,837,836,835,834,833,832,885,938,991,990,989,988,987,986,985,984,983,982,981,980,979,978,977,976,975,974,973,972,971,970,969,968,967,966,965,964,963,962,961,960,960,960,960,960,960,960,960,960,960,960,960,960,960,960,960,960,960,960,960,960,960,960,960,960,960,960,960,960,960,
goal:960,960,960,960,960,960,960,960,960,960,960,960,960,960,960,960,960,960,960,960,960,960,960,960,960,960,960,960,960,960,960,960,960,960,960,960,960,960,960,960,960,960,960,960,960,960,960,960,960,960,960,960,960,960,960,960,960,960,960,960,960,960,960,960,960,960,960,960,960,960,960,960,960,960,
size:44
[agent] id:2
path:667,666,665,664,663,662,609,556,503,450,397,344,291,238,185,186,187,188,188,188,188,188,188,188,188,188,188,188,188,188,188,188,188,188,188,188,188,188,188,188,188,188,188,188,188,188,188,188,188,188,188,188,188,188,188,188,188,188,188,188,188,188,188,188,188,188,188,188,188,188,188,188,188,188,
goal:188,188,188,188,188,188,188,188,188,188,188,188,188,188,188,188,188,188,188,188,188,188,188,188,188,188,188,188,188,188,188,188,188,188,188,188,188,188,188,188,188,188,188,188,188,188,188,188,188,188,188,188,188,188,188,188,188,188,188,188,188,188,188,188,188,188,188,188,188,188,188,188,188,188,
size:17
[agent] id:3
path:1064,1117,1118,1119,1120,1121,1122,1123,1124,1125,1126,1127,1128,1129,1130,1131,1132,1133,1134,1135,1136,1137,1138,1139,1086,1033,980,927,874,821,768,715,662,609,662,661,661,662,609,556,503,450,397,344,345,346,347,348,349,350,351,352,353,354,355,356,357,358,359,360,361,362,363,364,365,366,313,260,207,206,205,204,203,202,
goal:202,202,202,202,202,202,202,202,202,202,202,202,202,202,202,202,202,202,202,202,202,202,202,202,202,202,202,202,202,202,202,202,202,202,202,202,202,202,202,202,202,202,202,202,202,202,202,202,202,202,202,202,202,202,202,202,202,202,202,202,202,202,202,202,202,202,202,202,202,202,202,202,202,202,
size:73
[agent] id:4
path:397,450,503,502,501,500,499,498,497,496,495,494,493,492,491,490,489,488,487,486,485,484,483,482,481,480,479,478,477,477,477,477,477,477,477,477,477,477,477,477,477,477,477,477,477,477,477,477,477,477,477,477,477,477,477,477,477,477,477,477,477,477,477,477,477,477,477,477,477,477,477,477,477,477,
goal:477,477,477,477,477,477,477,477,477,477,477,477,477,477,477,477,477,477,477,477,477,477,477,477,477,477,477,477,477,477,477,477,477,477,477,477,477,477,477,477,477,477,477,477,477,477,477,477,477,477,477,477,477,477,477,477,477,477,477,477,477,477,477,477,477,477,477,477,477,477,477,477,477,477,
size:28
[agent] id:5
path:966,965,964,963,962,961,960,959,958,905,852,799,746,693,640,587,534,481,428,375,322,269,216,163,110,109,108,107,106,106,106,106,106,106,106,106,106,106,106,106,106,106,106,106,106,106,106,106,106,106,106,106,106,106,106,106,106,106,106,106,106,106,106,106,106,106,106,106,106,106,106,106,106,106,
goal:106,106,106,106,106,106,106,106,106,106,106,106,106,106,106,106,106,106,106,106,106,106,106,106,106,106,106,106,106,106,106,106,106,106,106,106,106,106,106,106,106,106,106,106,106,106,106,106,106,106,106,106,106,106,106,106,106,106,106,106,106,106,106,106,106,106,106,106,106,106,106,106,106,106,
size:28
[agent] id:6
path:1097,1044,991,938,885,832,831,830,829,828,827,826,825,824,823,822,821,820,819,818,817,816,815,814,813,812,811,810,809,808,807,806,805,804,803,802,801,800,799,798,798,798,798,798,798,798,798,798,798,798,798,798,798,798,798,798,798,798,798,798,798,798,798,798,798,798,798,798,798,798,798,798,798,798,
goal:798,798,798,798,798,798,798,798,798,798,798,798,798,798,798,798,798,798,798,798,798,798,798,798,798,798,798,798,798,798,798,798,798,798,798,798,798,798,798,798,798,798,798,798,798,798,798,798,798,798,798,798,798,798,798,798,798,798,798,798,798,798,798,798,798,798,798,798,798,798,798,798,798,798,
size:39
[agent] id:7
path:741,688,635,582,529,476,423,370,369,368,367,366,365,364,363,362,361,360,359,358,357,356,355,354,353,352,351,350,349,348,347,346,345,344,343,342,341,340,339,338,337,336,335,334,333,280,227,174,173,172,171,170,169,168,167,166,165,164,163,216,269,269,269,269,269,269,269,269,269,269,269,269,269,269,
goal:269,269,269,269,269,269,269,269,269,269,269,269,269,269,269,269,269,269,269,269,269,269,269,269,269,269,269,269,269,269,269,269,269,269,269,269,269,269,269,269,269,269,269,269,269,269,269,269,269,269,269,269,269,269,269,269,269,269,269,269,269,269,269,269,269,269,269,269,269,269,269,269,269,269,
size:60
[agent] id:8
path:998,999,1000,1001,1002,1055,1108,1109,1110,1111,1111,1111,1111,1111,1111,1111,1111,1111,1111,1111,1111,1111,1111,1111,1111,1111,1111,1111,1111,1111,1111,1111,1111,1111,1111,1111,1111,1111,1111,1111,1111,1111,1111,1111,1111,1111,1111,1111,1111,1111,1111,1111,1111,1111,1111,1111,1111,1111,1111,1111,1111,1111,1111,1111,1111,1111,1111,1111,1111,1111,1111,1111,1111,1111,
goal:1111,1111,1111,1111,1111,1111,1111,1111,1111,1111,1111,1111,1111,1111,1111,1111,1111,1111,1111,1111,1111,1111,1111,1111,1111,1111,1111,1111,1111,1111,1111,1111,1111,1111,1111,1111,1111,1111,1111,1111,1111,1111,1111,1111,1111,1111,1111,1111,1111,1111,1111,1111,1111,1111,1111,1111,1111,1111,1111,1111,1111,1111,1111,1111,1111,1111,1111,1111,1111,1111,1111,1111,1111,1111,
size:9
[agent] id:9
path:358,359,360,361,362,363,364,365,366,419,472,525,578,631,684,737,790,843,844,845,846,846,846,846,846,846,846,846,846,846,846,846,846,846,846,846,846,846,846,846,846,846,846,846,846,846,846,846,846,846,846,846,846,846,846,846,846,846,846,846,846,846,846,846,846,846,846,846,846,846,846,846,846,846,
goal:846,846,846,846,846,846,846,846,846,846,846,846,846,846,846,846,846,846,846,846,846,846,846,846,846,846,846,846,846,846,846,846,846,846,846,846,846,846,846,846,846,846,846,846,846,846,846,846,846,846,846,846,846,846,846,846,846,846,846,846,846,846,846,846,846,846,846,846,846,846,846,846,846,846,
size:20
[agent] id:10
path:25,26,79,132,185,238,291,344,345,346,347,348,349,350,351,352,353,354,355,356,356,355,302,302,355,356,357,358,359,360,361,362,363,364,365,366,419,472,525,578,631,684,737,790,843,896,897,897,897,897,897,897,897,897,897,897,897,897,897,897,897,897,897,897,897,897,897,897,897,897,897,897,897,897,
goal:897,897,897,897,897,897,897,897,897,897,897,897,897,897,897,897,897,897,897,897,897,897,897,897,897,897,897,897,897,897,897,897,897,897,897,897,897,897,897,897,897,897,897,897,897,897,897,897,897,897,897,897,897,897,897,897,897,897,897,897,897,897,897,897,897,897,897,897,897,897,897,897,897,897,
size:46
[agent] id:11
path:199,198,197,196,195,196,249,302,355,408,461,514,513,512,511,510,509,508,507,506,505,504,503,556,609,662,715,768,821,820,819,818,817,816,815,814,813,812,811,810,809,808,807,806,805,804,803,802,801,800,799,746,745,744,743,743,743,743,743,743,743,743,743,743,743,743,743,743,743,743,743,743,743,743,
goal:743,743,743,743,743,743,743,743,743,743,743,743,743,743,743,743,743,743,743,743,743,743,743,743,743,743,743,743,743,743,743,743,743,743,743,743,743,743,743,743,743,743,743,743,743,743,743,743,743,743,743,743,743,743,743,743,743,743,743,743,743,743,743,743,743,743,743,743,743,743,743,743,743,743,
size:54
[agent] id:12
path:514,567,620,673,726,779,832,885,938,991,1044,1097,1150,1149,1148,1147,1146,1145,1145,1145,1145,1145,1145,1145,1145,1145,1145,1145,1145,1145,1145,1145,1145,1145,1145,1145,1145,1145,1145,1145,1145,1145,1145,1145,1145,1145,1145,1145,1145,1145,1145,1145,1145,1145,1145,1145,1145,1145,1145,1145,1145,1145,1145,1145,1145,1145,1145,1145,1145,1145,1145,1145,1145,1145,
goal:1145,1145,1145,1145,1145,1145,1145,1145,1145,1145,1145,1145,1145,1145,1145,1145,1145,1145,1145,1145,1145,1145,1145,1145,1145,1145,1145,1145,1145,1145,1145,1145,1145,1145,1145,1145,1145,1145,1145,1145,1145,1145,1145,1145,1145,1145,1145,1145,1145,1145,1145,1145,1145,1145,1145,1145,1145,1145,1145,1145,1145,1145,1145,1145,1145,1145,1145,1145,1145,1145,1145,1145,1145,1145,
size:17
[agent] id:13
path:11,10,9,8,7,6,5,4,57,110,163,216,269,322,323,324,324,324,324,324,324,324,324,324,324,324,324,324,324,324,324,324,324,324,324,324,324,324,324,324,324,324,324,324,324,324,324,324,324,324,324,324,324,324,324,324,324,324,324,324,324,324,324,324,324,324,324,324,324,324,324,324,324,324,
goal:324,324,324,324,324,324,324,324,324,324,324,324,324,324,324,324,324,324,324,324,324,324,324,324,324,324,324,324,324,324,324,324,324,324,324,324,324,324,324,324,324,324,324,324,324,324,324,324,324,324,324,324,324,324,324,324,324,324,324,324,324,324,324,324,324,324,324,324,324,324,324,324,324,324,
size:15
[agent] id:14
path:212,265,318,319,320,321,322,323,324,325,326,327,328,329,330,331,332,332,333,334,335,336,337,338,339,340,341,342,343,344,397,450,503,556,609,662,663,664,665,666,666,666,666,666,666,666,666,666,666,666,666,666,666,666,666,666,666,666,666,666,666,666,666,666,666,666,666,666,666,666,666,666,666,666,
goal:666,666,666,666,666,666,666,666,666,666,666,666,666,666,666,666,666,666,666,666,666,666,666,666,666,666,666,666,666,666,666,666,666,666,666,666,666,666,666,666,666,666,666,666,666,666,666,666,666,666,666,666,666,666,666,666,666,666,666,666,666,666,666,666,666,666,666,666,666,666,666,666,666,666,
size:39
[agent] id:15
path:649,650,651,652,653,654,655,656,657,658,659,660,661,661,662,715,768,821,822,822,822,822,822,822,822,822,822,822,822,822,822,822,822,822,822,822,822,822,822,822,822,822,822,822,822,822,822,822,822,822,822,822,822,822,822,822,822,822,822,822,822,822,822,822,822,822,822,822,822,822,822,822,822,822,
goal:822,822,822,822,822,822,822,822,822,822,822,822,822,822,822,822,822,822,822,822,822,822,822,822,822,822,822,822,822,822,822,822,822,822,822,822,822,822,822,822,822,822,822,822,822,822,822,822,822,822,822,822,822,822,822,822,822,822,822,822,822,822,822,822,822,822,822,822,822,822,822,822,822,822,
size:18
[agent] id:16
path:408,355,302,249,196,143,90,37,38,39,40,41,41,41,41,41,41,41,41,41,41,41,41,41,41,41,41,41,41,41,41,41,41,41,41,41,41,41,41,41,41,41,41,41,41,41,41,41,41,41,41,41,41,41,41,41,41,41,41,41,41,41,41,41,41,41,41,41,41,41,41,41,41,41,
goal:41,41,41,41,41,41,41,41,41,41,41,41,41,41,41,41,41,41,41,41,41,41,41,41,41,41,41,41,41,41,41,41,41,41,41,41,41,41,41,41,41,41,41,41,41,41,41,41,41,41,41,41,41,41,41,41,41,41,41,41,41,41,41,41,41,41,41,41,41,41,41,41,41,41,
size:11
[agent] id:17
path:992,991,990,989,988,987,986,985,984,983,982,981,980,979,978,977,976,975,974,973,972,971,970,969,968,967,966,965,964,963,962,961,960,959,958,1011,1064,1063,1062,1061,1061,1061,1061,1061,1061,1061,1061,1061,1061,1061,1061,1061,1061,1061,1061,1061,1061,1061,1061,1061,1061,1061,1061,1061,1061,1061,1061,1061,1061,1061,1061,1061,1061,1061,
goal:1061,1061,1061,1061,1061,1061,1061,1061,1061,1061,1061,1061,1061,1061,1061,1061,1061,1061,1061,1061,1061,1061,1061,1061,1061,1061,1061,1061,1061,1061,1061,1061,1061,1061,1061,1061,1061,1061,1061,1061,1061,1061,1061,1061,1061,1061,1061,1061,1061,1061,1061,1061,1061,1061,1061,1061,1061,1061,1061,1061,1061,1061,1061,1061,1061,1061,1061,1061,1061,1061,1061,1061,1061,1061,
size:39
[agent] id:18
path:974,973,972,971,970,969,916,863,810,757,704,651,598,545,492,439,386,333,280,227,174,121,68,15,16,17,18,19,19,19,19,19,19,19,19,19,19,19,19,19,19,19,19,19,19,19,19,19,19,19,19,19,19,19,19,19,19,19,19,19,19,19,19,19,19,19,19,19,19,19,19,19,19,19,
goal:19,19,19,19,19,19,19,19,19,19,19,19,19,19,19,19,19,19,19,19,19,19,19,19,19,19,19,19,19,19,19,19,19,19,19,19,19,19,19,19,19,19,19,19,19,19,19,19,19,19,19,19,19,19,19,19,19,19,19,19,19,19,19,19,19,19,19,19,19,19,19,19,19,19,
size:27
[agent] id:19
path:556,503,504,503,450,397,344,345,346,347,348,349,350,351,352,353,354,355,302,249,196,197,198,199,200,201,201,201,201,201,201,201,201,201,201,201,201,201,201,201,201,201,201,201,201,201,201,201,201,201,201,201,201,201,201,201,201,201,201,201,201,201,201,201,201,201,201,201,201,201,201,201,201,201,
goal:201,201,201,201,201,201,201,201,201,201,201,201,201,201,201,201,201,201,201,201,201,201,201,201,201,201,201,201,201,201,201,201,201,201,201,201,201,201,201,201,201,201,201,201,201,201,201,201,201,201,201,201,201,201,201,201,201,201,201,201,201,201,201,201,201,201,201,201,201,201,201,201,201,201,
size:25
[agent] id:20
path:980,927,874,821,768,715,662,663,664,665,666,667,668,669,669,669,669,669,669,669,669,669,669,669,669,669,669,669,669,669,669,669,669,669,669,669,669,669,669,669,669,669,669,669,669,669,669,669,669,669,669,669,669,669,669,669,669,669,669,669,669,669,669,669,669,669,669,669,669,669,669,669,669,669,
goal:669,669,669,669,669,669,669,669,669,669,669,669,669,669,669,669,669,669,669,669,669,669,669,669,669,669,669,669,669,669,669,669,669,669,669,669,669,669,669,669,669,669,669,669,669,669,669,669,669,669,669,669,669,669,669,669,669,669,669,669,669,669,669,669,669,669,669,669,669,669,669,669,669,669,
size:13
[agent] id:21
path:805,806,807,808,809,810,757,704,651,652,653,654,655,656,656,656,656,656,656,656,656,656,656,656,656,656,656,656,656,656,656,656,656,656,656,656,656,656,656,656,656,656,656,656,656,656,656,656,656,656,656,656,656,656,656,656,656,656,656,656,656,656,656,656,656,656,656,656,656,656,656,656,656,656,
goal:656,656,656,656,656,656,656,656,656,656,656,656,656,656,656,656,656,656,656,656,656,656,656,656,656,656,656,656,656,656,656,656,656,656,656,656,656,656,656,656,656,656,656,656,656,656,656,656,656,656,656,656,656,656,656,656,656,656,656,656,656,656,656,656,656,656,656,656,656,656,656,656,656,656,
size:13
[agent] id:22
path:508,509,510,511,512,513,514,567,620,673,726,779,832,885,938,991,990,989,988,987,986,985,984,983,983,983,983,983,983,983,983,983,983,983,983,983,983,983,983,983,983,983,983,983,983,983,983,983,983,983,983,983,983,983,983,983,983,983,983,983,983,983,983,983,983,983,983,983,983,983,983,983,983,983,
goal:983,983,983,983,983,983,983,983,983,983,983,983,983,983,983,983,983,983,983,983,983,983,983,983,983,983,983,983,983,983,983,983,983,983,983,983,983,983,983,983,983,983,983,983,983,983,983,983,983,983,983,983,983,983,983,983,983,983,983,983,983,983,983,983,983,983,983,983,983,983,983,983,983,983,
size:23
[agent] id:23
path:737,684,631,578,525,524,523,522,521,520,519,518,517,516,515,514,513,512,511,510,509,508,507,506,505,504,503,502,501,500,500,500,500,500,500,500,500,500,500,500,500,500,500,500,500,500,500,500,500,500,500,500,500,500,500,500,500,500,500,500,500,500,500,500,500,500,500,500,500,500,500,500,500,500,
goal:500,500,500,500,500,500,500,500,500,500,500,500,500,500,500,500,500,500,500,500,500,500,500,500,500,500,500,500,500,500,500,500,500,500,500,500,500,500,500,500,500,500,500,500,500,500,500,500,500,500,500,500,500,500,500,500,500,500,500,500,500,500,500,500,500,500,500,500,500,500,500,500,500,500,
size:29
[agent] id:24
path:211,210,209,208,207,206,205,204,204,204,204,204,204,204,204,204,204,204,204,204,204,204,204,204,204,204,204,204,204,204,204,204,204,204,204,204,204,204,204,204,204,204,204,204,204,204,204,204,204,204,204,204,204,204,204,204,204,204,204,204,204,204,204,204,204,205,206,207,154,207,206,205,204,204,
goal:204,204,204,204,204,204,204,204,204,204,204,204,204,204,204,204,204,204,204,204,204,204,204,204,204,204,204,204,204,204,204,204,204,204,204,204,204,204,204,204,204,204,204,204,204,204,204,204,204,204,204,204,204,204,204,204,204,204,204,204,204,204,204,204,204,204,204,204,204,204,204,204,204,204,
size:72
[agent] id:25
path:6,5,4,57,110,163,164,165,166,167,168,169,170,171,172,173,174,175,176,177,178,179,180,181,182,183,183,183,183,183,183,183,183,183,183,183,183,183,183,183,183,183,183,183,183,183,183,183,183,183,183,183,183,183,183,183,183,183,183,183,183,183,183,183,183,183,183,183,183,183,183,183,183,183,
goal:183,183,183,183,183,183,183,183,183,183,183,183,183,183,183,183,183,183,183,183,183,183,183,183,183,183,183,183,183,183,183,183,183,183,183,183,183,183,183,183,183,183,183,183,183,183,183,183,183,183,183,183,183,183,183,183,183,183,183,183,183,183,183,183,183,183,183,183,183,183,183,183,183,183,
size:25
[agent] id:26
path:844,791,738,685,632,579,526,525,524,523,522,521,520,519,518,517,516,515,514,461,408,408,408,408,408,408,408,408,408,408,408,408,408,408,408,408,408,408,408,408,408,408,408,408,408,408,408,408,408,408,408,408,408,408,408,408,408,408,408,408,408,408,408,408,408,408,408,408,408,408,408,408,408,408,
goal:408,408,408,408,408,408,408,408,408,408,408,408,408,408,408,408,408,408,408,408,408,408,408,408,408,408,408,408,408,408,408,408,408,408,408,408,408,408,408,408,408,408,408,408,408,408,408,408,408,408,408,408,408,408,408,408,408,408,408,408,408,408,408,408,408,408,408,408,408,408,408,408,408,408,
size:20
[agent] id:27
path:375,428,481,534,587,640,641,642,643,644,645,646,647,648,649,650,651,598,545,492,493,494,495,496,496,496,496,496,496,496,496,496,496,496,496,496,496,496,496,496,496,496,496,496,496,496,496,496,496,496,496,496,496,496,496,496,496,496,496,496,496,496,496,496,496,496,496,496,496,496,496,496,496,496,
goal:496,496,496,496,496,496,496,496,496,496,496,496,496,496,496,496,496,496,496,496,496,496,496,496,496,496,496,496,496,496,496,496,496,496,496,496,496,496,496,496,496,496,496,496,496,496,496,496,496,496,496,496,496,496,496,496,496,496,496,496,496,496,496,496,496,496,496,496,496,496,496,496,496,496,
size:23
[agent] id:28
path:663,662,715,715,662,661,661,662,715,768,821,874,927,980,1033,1086,1139,1140,1141,1142,1143,1143,1143,1143,1143,1143,1143,1143,1143,1143,1143,1143,1143,1143,1143,1143,1143,1143,1143,1143,1143,1143,1143,1143,1143,1143,1143,1143,1143,1143,1143,1143,1143,1143,1143,1143,1143,1143,1143,1143,1143,1143,1143,1143,1143,1143,1143,1143,1143,1143,1143,1143,1143,1143,
goal:1143,1143,1143,1143,1143,1143,1143,1143,1143,1143,1143,1143,1143,1143,1143,1143,1143,1143,1143,1143,1143,1143,1143,1143,1143,1143,1143,1143,1143,1143,1143,1143,1143,1143,1143,1143,1143,1143,1143,1143,1143,1143,1143,1143,1143,1143,1143,1143,1143,1143,1143,1143,1143,1143,1143,1143,1143,1143,1143,1143,1143,1143,1143,1143,1143,1143,1143,1143,1143,1143,1143,1143,1143,1143,
size:20
[agent] id:29
path:965,964,963,962,961,960,959,958,1011,1064,1117,1118,1119,1120,1121,1122,1123,1124,1125,1126,1127,1128,1129,1130,1131,1132,1133,1134,1135,1136,1137,1138,1139,1086,1033,980,927,874,821,768,715,662,609,556,503,504,505,506,507,508,509,510,511,512,513,514,515,516,517,518,519,520,521,522,523,524,525,526,527,528,528,528,528,528,
goal:528,528,528,528,528,528,528,528,528,528,528,528,528,528,528,528,528,528,528,528,528,528,528,528,528,528,528,528,528,528,528,528,528,528,528,528,528,528,528,528,528,528,528,528,528,528,528,528,528,528,528,528,528,528,528,528,528,528,528,528,528,528,528,528,528,528,528,528,528,528,528,528,528,528,
size:69
SolutionCost:958
