[setting] seed:81
[solver] type:ECBS
[solver] w:3.000000
[solver] ID:0
[solver] Lowlevelnode:3733
[solver] solved:1
[solver] elapsed:30
[solver] makespan:93
[problem] timesteplimit:10000
[problem] type:MAPF
[problem] agentnum:20
[graph] width:107
[graph] height:47
[graph] filename:./map/orz601d.map
[task] id:7,start:0,end:0,service time:0,nodes:1747,
[task] id:3,start:0,end:0,service time:0,nodes:1303,
[task] id:13,start:0,end:0,service time:0,nodes:2304,
[task] id:16,start:0,end:0,service time:0,nodes:4028,
[task] id:11,start:0,end:0,service time:0,nodes:2159,
[task] id:4,start:0,end:0,service time:0,nodes:2418,
[task] id:9,start:0,end:0,service time:0,nodes:2404,
[task] id:10,start:0,end:0,service time:0,nodes:2830,
[task] id:8,start:0,end:0,service time:0,nodes:2008,
[task] id:0,start:0,end:0,service time:0,nodes:2488,
[task] id:6,start:0,end:0,service time:0,nodes:1999,
[task] id:2,start:0,end:0,service time:0,nodes:3233,
[task] id:18,start:0,end:0,service time:0,nodes:2450,
[task] id:17,start:0,end:0,service time:0,nodes:1826,
[task] id:12,start:0,end:0,service time:0,nodes:2065,
[task] id:15,start:0,end:0,service time:0,nodes:2152,
[task] id:19,start:0,end:0,service time:0,nodes:4190,
[task] id:5,start:0,end:0,service time:0,nodes:1199,
[task] id:1,start:0,end:0,service time:0,nodes:2455,
[task] id:14,start:0,end:0,service time:0,nodes:2991,
[agent] id:0
path:2419,2526,2525,2524,2523,2522,2521,2520,2519,2518,2517,2516,2515,2514,2513,2512,2511,2510,2509,2508,2507,2506,2505,2504,2503,2502,2501,2500,2499,2498,2497,2496,2495,2494,2493,2492,2491,2490,2489,2488,2488,2488,2488,2488,2488,2488,2488,2488,2488,2488,2488,2488,2488,2488,2488,2488,2488,2488,2488,2488,2488,2488,2488,2488,2488,2488,2488,2488,2488,2488,2488,2488,2488,2488,2488,2488,2488,2488,2488,2488,2488,2488,2488,2488,2488,2488,2488,2488,2488,2488,2488,2488,2488,2488,
goal:2488,2488,2488,2488,2488,2488,2488,2488,2488,2488,2488,2488,2488,2488,2488,2488,2488,2488,2488,2488,2488,2488,2488,2488,2488,2488,2488,2488,2488,2488,2488,2488,2488,2488,2488,2488,2488,2488,2488,2488,2488,2488,2488,2488,2488,2488,2488,2488,2488,2488,2488,2488,2488,2488,2488,2488,2488,2488,2488,2488,2488,2488,2488,2488,2488,2488,2488,2488,2488,2488,2488,2488,2488,2488,2488,2488,2488,2488,2488,2488,2488,2488,2488,2488,2488,2488,2488,2488,2488,2488,2488,2488,2488,2488,
size:39
[agent] id:1
path:2803,2696,2589,2590,2591,2592,2593,2594,2595,2596,2597,2598,2599,2600,2601,2602,2603,2604,2605,2606,2607,2608,2609,2610,2611,2612,2505,2506,2507,2508,2509,2510,2511,2512,2513,2514,2515,2516,2517,2518,2519,2520,2521,2522,2523,2524,2525,2526,2527,2528,2529,2530,2531,2532,2533,2534,2535,2536,2537,2538,2539,2540,2541,2542,2543,2544,2545,2546,2547,2548,2549,2550,2551,2552,2553,2554,2555,2556,2557,2558,2451,2452,2453,2454,2455,2455,2455,2455,2455,2455,2455,2455,2455,2455,
goal:2455,2455,2455,2455,2455,2455,2455,2455,2455,2455,2455,2455,2455,2455,2455,2455,2455,2455,2455,2455,2455,2455,2455,2455,2455,2455,2455,2455,2455,2455,2455,2455,2455,2455,2455,2455,2455,2455,2455,2455,2455,2455,2455,2455,2455,2455,2455,2455,2455,2455,2455,2455,2455,2455,2455,2455,2455,2455,2455,2455,2455,2455,2455,2455,2455,2455,2455,2455,2455,2455,2455,2455,2455,2455,2455,2455,2455,2455,2455,2455,2455,2455,2455,2455,2455,2455,2455,2455,2455,2455,2455,2455,2455,2455,
size:84
[agent] id:2
path:1009,1116,1223,1330,1437,1544,1651,1758,1865,1972,2079,2186,2293,2400,2507,2614,2721,2828,2935,3042,3041,3040,3039,3038,3037,3036,3035,3034,3033,3032,3031,3030,3029,3028,3027,3026,3025,3024,3131,3238,3237,3236,3235,3234,3233,3233,3233,3233,3233,3233,3233,3233,3233,3233,3233,3233,3233,3233,3233,3233,3233,3233,3233,3233,3233,3233,3233,3233,3233,3233,3233,3233,3233,3233,3233,3233,3233,3233,3233,3233,3233,3233,3233,3233,3233,3233,3233,3233,3233,3233,3233,3233,3233,3233,
goal:3233,3233,3233,3233,3233,3233,3233,3233,3233,3233,3233,3233,3233,3233,3233,3233,3233,3233,3233,3233,3233,3233,3233,3233,3233,3233,3233,3233,3233,3233,3233,3233,3233,3233,3233,3233,3233,3233,3233,3233,3233,3233,3233,3233,3233,3233,3233,3233,3233,3233,3233,3233,3233,3233,3233,3233,3233,3233,3233,3233,3233,3233,3233,3233,3233,3233,3233,3233,3233,3233,3233,3233,3233,3233,3233,3233,3233,3233,3233,3233,3233,3233,3233,3233,3233,3233,3233,3233,3233,3233,3233,3233,3233,3233,
size:44
[agent] id:3
path:2157,2050,1943,1836,1837,1838,1839,1840,1841,1734,1627,1520,1413,1306,1305,1304,1303,1303,1303,1303,1303,1303,1303,1303,1303,1303,1303,1303,1303,1303,1303,1303,1303,1303,1303,1303,1303,1303,1303,1303,1303,1303,1303,1303,1303,1303,1303,1303,1303,1303,1303,1303,1303,1303,1303,1303,1303,1303,1303,1303,1303,1303,1303,1303,1303,1303,1303,1303,1303,1303,1303,1303,1303,1303,1303,1303,1303,1303,1303,1303,1303,1303,1303,1303,1303,1303,1303,1303,1303,1303,1303,1303,1303,1303,
goal:1303,1303,1303,1303,1303,1303,1303,1303,1303,1303,1303,1303,1303,1303,1303,1303,1303,1303,1303,1303,1303,1303,1303,1303,1303,1303,1303,1303,1303,1303,1303,1303,1303,1303,1303,1303,1303,1303,1303,1303,1303,1303,1303,1303,1303,1303,1303,1303,1303,1303,1303,1303,1303,1303,1303,1303,1303,1303,1303,1303,1303,1303,1303,1303,1303,1303,1303,1303,1303,1303,1303,1303,1303,1303,1303,1303,1303,1303,1303,1303,1303,1303,1303,1303,1303,1303,1303,1303,1303,1303,1303,1303,1303,1303,
size:16
[agent] id:4
path:3039,2932,2825,2718,2611,2504,2397,2398,2399,2400,2401,2402,2403,2404,2405,2406,2407,2408,2409,2410,2411,2412,2413,2414,2415,2416,2417,2418,2418,2418,2418,2418,2418,2418,2418,2418,2418,2418,2418,2418,2418,2418,2418,2418,2418,2418,2418,2418,2418,2418,2418,2418,2418,2418,2418,2418,2418,2418,2418,2418,2418,2418,2418,2418,2418,2418,2418,2418,2418,2418,2418,2418,2418,2418,2418,2418,2418,2418,2418,2418,2418,2418,2418,2418,2418,2418,2418,2418,2418,2418,2418,2418,2418,2418,
goal:2418,2418,2418,2418,2418,2418,2418,2418,2418,2418,2418,2418,2418,2418,2418,2418,2418,2418,2418,2418,2418,2418,2418,2418,2418,2418,2418,2418,2418,2418,2418,2418,2418,2418,2418,2418,2418,2418,2418,2418,2418,2418,2418,2418,2418,2418,2418,2418,2418,2418,2418,2418,2418,2418,2418,2418,2418,2418,2418,2418,2418,2418,2418,2418,2418,2418,2418,2418,2418,2418,2418,2418,2418,2418,2418,2418,2418,2418,2418,2418,2418,2418,2418,2418,2418,2418,2418,2418,2418,2418,2418,2418,2418,2418,
size:27
[agent] id:5
path:1037,1144,1251,1250,1249,1248,1247,1354,1461,1568,1675,1782,1889,1888,1887,1886,1885,1884,1991,1990,1989,1988,1987,1986,1985,1984,1983,1982,1981,1980,1979,1978,1977,1976,1975,1974,1973,1972,1971,1970,1969,1968,1967,1966,1965,1964,1963,1962,1961,1960,1959,1958,1957,1956,1955,1954,1847,1846,1845,1844,1843,1842,1735,1628,1521,1414,1307,1200,1199,1199,1199,1199,1199,1199,1199,1199,1199,1199,1199,1199,1199,1199,1199,1199,1199,1199,1199,1199,1199,1199,1199,1199,1199,1199,
goal:1199,1199,1199,1199,1199,1199,1199,1199,1199,1199,1199,1199,1199,1199,1199,1199,1199,1199,1199,1199,1199,1199,1199,1199,1199,1199,1199,1199,1199,1199,1199,1199,1199,1199,1199,1199,1199,1199,1199,1199,1199,1199,1199,1199,1199,1199,1199,1199,1199,1199,1199,1199,1199,1199,1199,1199,1199,1199,1199,1199,1199,1199,1199,1199,1199,1199,1199,1199,1199,1199,1199,1199,1199,1199,1199,1199,1199,1199,1199,1199,1199,1199,1199,1199,1199,1199,1199,1199,1199,1199,1199,1199,1199,1199,
size:68
[agent] id:6
path:905,1012,1119,1226,1333,1440,1439,1438,1545,1652,1759,1866,1973,1974,1975,1976,1977,1978,1979,1980,1981,1982,1983,1984,1877,1878,1985,1986,1987,1988,1989,1990,1991,1992,1993,1994,1995,1996,1997,1998,1999,1999,1999,1999,1999,1999,1999,1999,1999,1999,1999,1999,1999,1999,1999,1999,1999,1999,1999,1999,1999,1999,1999,1999,1999,1999,1999,1999,1999,1999,1999,1999,1999,1999,1999,1999,1999,1999,1999,1999,1999,1999,1999,1999,1999,1999,1999,1999,1999,1999,1999,1999,1999,1999,
goal:1999,1999,1999,1999,1999,1999,1999,1999,1999,1999,1999,1999,1999,1999,1999,1999,1999,1999,1999,1999,1999,1999,1999,1999,1999,1999,1999,1999,1999,1999,1999,1999,1999,1999,1999,1999,1999,1999,1999,1999,1999,1999,1999,1999,1999,1999,1999,1999,1999,1999,1999,1999,1999,1999,1999,1999,1999,1999,1999,1999,1999,1999,1999,1999,1999,1999,1999,1999,1999,1999,1999,1999,1999,1999,1999,1999,1999,1999,1999,1999,1999,1999,1999,1999,1999,1999,1999,1999,1999,1999,1999,1999,1999,1999,
size:40
[agent] id:7
path:1853,1746,1747,1747,1747,1747,1747,1747,1747,1747,1747,1747,1747,1747,1747,1747,1747,1747,1747,1747,1747,1747,1747,1747,1747,1747,1747,1747,1747,1747,1747,1747,1747,1747,1747,1747,1747,1747,1747,1747,1747,1747,1747,1747,1747,1747,1747,1747,1747,1747,1747,1747,1747,1747,1747,1747,1747,1747,1747,1747,1747,1747,1747,1747,1747,1747,1747,1747,1747,1747,1747,1747,1747,1747,1747,1747,1747,1747,1747,1747,1747,1747,1747,1747,1747,1747,1747,1747,1747,1747,1747,1747,1747,1747,
goal:1747,1747,1747,1747,1747,1747,1747,1747,1747,1747,1747,1747,1747,1747,1747,1747,1747,1747,1747,1747,1747,1747,1747,1747,1747,1747,1747,1747,1747,1747,1747,1747,1747,1747,1747,1747,1747,1747,1747,1747,1747,1747,1747,1747,1747,1747,1747,1747,1747,1747,1747,1747,1747,1747,1747,1747,1747,1747,1747,1747,1747,1747,1747,1747,1747,1747,1747,1747,1747,1747,1747,1747,1747,1747,1747,1747,1747,1747,1747,1747,1747,1747,1747,1747,1747,1747,1747,1747,1747,1747,1747,1747,1747,1747,
size:2
[agent] id:8
path:3917,3810,3703,3596,3597,3598,3599,3600,3601,3494,3387,3280,3173,3066,2959,2852,2745,2638,2531,2424,2317,2210,2103,1996,1997,1998,1999,2000,2001,2002,2003,2004,2005,2006,2007,2008,2008,2008,2008,2008,2008,2008,2008,2008,2008,2008,2008,2008,2008,2008,2008,2008,2008,2008,2008,2008,2008,2008,2008,2008,2008,2008,2008,2008,2008,2008,2008,2008,2008,2008,2008,2008,2008,2008,2008,2008,2008,2008,2008,2008,2008,2008,2008,2008,2008,2008,2008,2008,2008,2008,2008,2008,2008,2008,
goal:2008,2008,2008,2008,2008,2008,2008,2008,2008,2008,2008,2008,2008,2008,2008,2008,2008,2008,2008,2008,2008,2008,2008,2008,2008,2008,2008,2008,2008,2008,2008,2008,2008,2008,2008,2008,2008,2008,2008,2008,2008,2008,2008,2008,2008,2008,2008,2008,2008,2008,2008,2008,2008,2008,2008,2008,2008,2008,2008,2008,2008,2008,2008,2008,2008,2008,2008,2008,2008,2008,2008,2008,2008,2008,2008,2008,2008,2008,2008,2008,2008,2008,2008,2008,2008,2008,2008,2008,2008,2008,2008,2008,2008,2008,
size:35
[agent] id:9
path:2108,2215,2214,2213,2212,2211,2210,2209,2208,2207,2206,2205,2204,2203,2202,2201,2200,2199,2198,2197,2196,2303,2410,2409,2408,2407,2406,2405,2404,2404,2404,2404,2404,2404,2404,2404,2404,2404,2404,2404,2404,2404,2404,2404,2404,2404,2404,2404,2404,2404,2404,2404,2404,2404,2404,2404,2404,2404,2404,2404,2404,2404,2404,2404,2404,2404,2404,2404,2404,2404,2404,2404,2404,2404,2404,2404,2404,2404,2404,2404,2404,2404,2404,2404,2404,2404,2404,2404,2404,2404,2404,2404,2404,2404,
goal:2404,2404,2404,2404,2404,2404,2404,2404,2404,2404,2404,2404,2404,2404,2404,2404,2404,2404,2404,2404,2404,2404,2404,2404,2404,2404,2404,2404,2404,2404,2404,2404,2404,2404,2404,2404,2404,2404,2404,2404,2404,2404,2404,2404,2404,2404,2404,2404,2404,2404,2404,2404,2404,2404,2404,2404,2404,2404,2404,2404,2404,2404,2404,2404,2404,2404,2404,2404,2404,2404,2404,2404,2404,2404,2404,2404,2404,2404,2404,2404,2404,2404,2404,2404,2404,2404,2404,2404,2404,2404,2404,2404,2404,2404,
size:28
[agent] id:10
path:3494,3387,3280,3173,3066,2959,2852,2851,2850,2849,2848,2847,2846,2845,2844,2843,2842,2841,2840,2839,2838,2837,2836,2835,2834,2833,2832,2831,2830,2830,2830,2830,2830,2830,2830,2830,2830,2830,2830,2830,2830,2830,2830,2830,2830,2830,2830,2830,2830,2830,2830,2830,2830,2830,2830,2830,2830,2830,2830,2830,2830,2830,2830,2830,2830,2830,2830,2830,2830,2830,2830,2830,2830,2830,2830,2830,2830,2830,2830,2830,2830,2830,2830,2830,2830,2830,2830,2830,2830,2830,2830,2830,2830,2830,
goal:2830,2830,2830,2830,2830,2830,2830,2830,2830,2830,2830,2830,2830,2830,2830,2830,2830,2830,2830,2830,2830,2830,2830,2830,2830,2830,2830,2830,2830,2830,2830,2830,2830,2830,2830,2830,2830,2830,2830,2830,2830,2830,2830,2830,2830,2830,2830,2830,2830,2830,2830,2830,2830,2830,2830,2830,2830,2830,2830,2830,2830,2830,2830,2830,2830,2830,2830,2830,2830,2830,2830,2830,2830,2830,2830,2830,2830,2830,2830,2830,2830,2830,2830,2830,2830,2830,2830,2830,2830,2830,2830,2830,2830,2830,
size:28
[agent] id:11
path:4192,4085,3978,3871,3764,3765,3766,3767,3660,3553,3446,3339,3232,3125,3018,2911,2804,2697,2590,2483,2376,2269,2162,2161,2160,2159,2159,2159,2159,2159,2159,2159,2159,2159,2159,2159,2159,2159,2159,2159,2159,2159,2159,2159,2159,2159,2159,2159,2159,2159,2159,2159,2159,2159,2159,2159,2159,2159,2159,2159,2159,2159,2159,2159,2159,2159,2159,2159,2159,2159,2159,2159,2159,2159,2159,2159,2159,2159,2159,2159,2159,2159,2159,2159,2159,2159,2159,2159,2159,2159,2159,2159,2159,2159,
goal:2159,2159,2159,2159,2159,2159,2159,2159,2159,2159,2159,2159,2159,2159,2159,2159,2159,2159,2159,2159,2159,2159,2159,2159,2159,2159,2159,2159,2159,2159,2159,2159,2159,2159,2159,2159,2159,2159,2159,2159,2159,2159,2159,2159,2159,2159,2159,2159,2159,2159,2159,2159,2159,2159,2159,2159,2159,2159,2159,2159,2159,2159,2159,2159,2159,2159,2159,2159,2159,2159,2159,2159,2159,2159,2159,2159,2159,2159,2159,2159,2159,2159,2159,2159,2159,2159,2159,2159,2159,2159,2159,2159,2159,2159,
size:25
[agent] id:12
path:2333,2226,2119,2118,2117,2116,2115,2114,2113,2112,2111,2110,2109,2108,2107,2106,2105,2104,2103,2102,2101,2100,2099,2098,2097,2096,2095,2094,2093,2092,2091,2090,2089,2088,2087,2086,2085,2084,2083,2082,2081,2080,2079,2078,2077,2076,2075,2074,2073,2072,2071,2070,2069,2068,2067,2066,2065,2065,2065,2065,2065,2065,2065,2065,2065,2065,2065,2065,2065,2065,2065,2065,2065,2065,2065,2065,2065,2065,2065,2065,2065,2065,2065,2065,2065,2065,2065,2065,2065,2065,2065,2065,2065,2065,
goal:2065,2065,2065,2065,2065,2065,2065,2065,2065,2065,2065,2065,2065,2065,2065,2065,2065,2065,2065,2065,2065,2065,2065,2065,2065,2065,2065,2065,2065,2065,2065,2065,2065,2065,2065,2065,2065,2065,2065,2065,2065,2065,2065,2065,2065,2065,2065,2065,2065,2065,2065,2065,2065,2065,2065,2065,2065,2065,2065,2065,2065,2065,2065,2065,2065,2065,2065,2065,2065,2065,2065,2065,2065,2065,2065,2065,2065,2065,2065,2065,2065,2065,2065,2065,2065,2065,2065,2065,2065,2065,2065,2065,2065,2065,
size:56
[agent] id:13
path:2536,2429,2322,2321,2320,2319,2318,2317,2316,2315,2314,2313,2312,2311,2310,2309,2308,2307,2306,2305,2304,2304,2304,2304,2304,2304,2304,2304,2304,2304,2304,2304,2304,2304,2304,2304,2304,2304,2304,2304,2304,2304,2304,2304,2304,2304,2304,2304,2304,2304,2304,2304,2304,2304,2304,2304,2304,2304,2304,2304,2304,2304,2304,2304,2304,2304,2304,2304,2304,2304,2304,2304,2304,2304,2304,2304,2304,2304,2304,2304,2304,2304,2304,2304,2304,2304,2304,2304,2304,2304,2304,2304,2304,2304,
goal:2304,2304,2304,2304,2304,2304,2304,2304,2304,2304,2304,2304,2304,2304,2304,2304,2304,2304,2304,2304,2304,2304,2304,2304,2304,2304,2304,2304,2304,2304,2304,2304,2304,2304,2304,2304,2304,2304,2304,2304,2304,2304,2304,2304,2304,2304,2304,2304,2304,2304,2304,2304,2304,2304,2304,2304,2304,2304,2304,2304,2304,2304,2304,2304,2304,2304,2304,2304,2304,2304,2304,2304,2304,2304,2304,2304,2304,2304,2304,2304,2304,2304,2304,2304,2304,2304,2304,2304,2304,2304,2304,2304,2304,2304,
size:20
[agent] id:14
path:1944,2051,2158,2265,2372,2479,2586,2587,2588,2589,2590,2591,2592,2593,2594,2595,2596,2597,2598,2599,2600,2601,2602,2603,2604,2605,2606,2607,2608,2609,2610,2611,2612,2613,2614,2615,2616,2617,2618,2619,2620,2621,2622,2623,2624,2625,2626,2627,2628,2629,2630,2631,2632,2633,2634,2635,2636,2637,2638,2639,2640,2641,2642,2643,2644,2645,2646,2647,2648,2649,2650,2651,2652,2653,2654,2655,2656,2657,2658,2659,2660,2661,2662,2663,2664,2665,2772,2879,2986,2987,2988,2989,2990,2991,
goal:2991,2991,2991,2991,2991,2991,2991,2991,2991,2991,2991,2991,2991,2991,2991,2991,2991,2991,2991,2991,2991,2991,2991,2991,2991,2991,2991,2991,2991,2991,2991,2991,2991,2991,2991,2991,2991,2991,2991,2991,2991,2991,2991,2991,2991,2991,2991,2991,2991,2991,2991,2991,2991,2991,2991,2991,2991,2991,2991,2991,2991,2991,2991,2991,2991,2991,2991,2991,2991,2991,2991,2991,2991,2991,2991,2991,2991,2991,2991,2991,2991,2991,2991,2991,2991,2991,2991,2991,2991,2991,2991,2991,2991,2991,
size:93
[agent] id:15
path:2741,2634,2527,2526,2525,2524,2523,2522,2521,2520,2519,2518,2517,2516,2515,2514,2513,2512,2511,2510,2509,2508,2507,2506,2505,2504,2503,2396,2395,2394,2393,2392,2391,2390,2389,2388,2387,2386,2385,2384,2383,2382,2381,2380,2379,2378,2377,2376,2375,2374,2373,2372,2371,2370,2369,2368,2367,2260,2153,2152,2152,2152,2152,2152,2152,2152,2152,2152,2152,2152,2152,2152,2152,2152,2152,2152,2152,2152,2152,2152,2152,2152,2152,2152,2152,2152,2152,2152,2152,2152,2152,2152,2152,2152,
goal:2152,2152,2152,2152,2152,2152,2152,2152,2152,2152,2152,2152,2152,2152,2152,2152,2152,2152,2152,2152,2152,2152,2152,2152,2152,2152,2152,2152,2152,2152,2152,2152,2152,2152,2152,2152,2152,2152,2152,2152,2152,2152,2152,2152,2152,2152,2152,2152,2152,2152,2152,2152,2152,2152,2152,2152,2152,2152,2152,2152,2152,2152,2152,2152,2152,2152,2152,2152,2152,2152,2152,2152,2152,2152,2152,2152,2152,2152,2152,2152,2152,2152,2152,2152,2152,2152,2152,2152,2152,2152,2152,2152,2152,2152,
size:59
[agent] id:16
path:2735,2842,2949,3056,3057,3058,3059,3060,3061,3062,3169,3170,3171,3172,3173,3280,3387,3494,3601,3708,3815,3922,4029,4028,4028,4028,4028,4028,4028,4028,4028,4028,4028,4028,4028,4028,4028,4028,4028,4028,4028,4028,4028,4028,4028,4028,4028,4028,4028,4028,4028,4028,4028,4028,4028,4028,4028,4028,4028,4028,4028,4028,4028,4028,4028,4028,4028,4028,4028,4028,4028,4028,4028,4028,4028,4028,4028,4028,4028,4028,4028,4028,4028,4028,4028,4028,4028,4028,4028,4028,4028,4028,4028,4028,
goal:4028,4028,4028,4028,4028,4028,4028,4028,4028,4028,4028,4028,4028,4028,4028,4028,4028,4028,4028,4028,4028,4028,4028,4028,4028,4028,4028,4028,4028,4028,4028,4028,4028,4028,4028,4028,4028,4028,4028,4028,4028,4028,4028,4028,4028,4028,4028,4028,4028,4028,4028,4028,4028,4028,4028,4028,4028,4028,4028,4028,4028,4028,4028,4028,4028,4028,4028,4028,4028,4028,4028,4028,4028,4028,4028,4028,4028,4028,4028,4028,4028,4028,4028,4028,4028,4028,4028,4028,4028,4028,4028,4028,4028,4028,
size:23
[agent] id:17
path:1976,1975,1974,1973,1972,1971,1970,1969,1968,1967,1966,1965,1964,1963,1962,1961,1960,1959,1958,1957,1956,1955,1954,1953,1952,1951,1950,1949,1948,1947,1946,1945,1944,1943,2050,2157,2264,2371,2370,2369,2368,2367,2260,2153,2046,1939,1938,1831,1830,1829,1828,1827,1826,1826,1826,1826,1826,1826,1826,1826,1826,1826,1826,1826,1826,1826,1826,1826,1826,1826,1826,1826,1826,1826,1826,1826,1826,1826,1826,1826,1826,1826,1826,1826,1826,1826,1826,1826,1826,1826,1826,1826,1826,1826,
goal:1826,1826,1826,1826,1826,1826,1826,1826,1826,1826,1826,1826,1826,1826,1826,1826,1826,1826,1826,1826,1826,1826,1826,1826,1826,1826,1826,1826,1826,1826,1826,1826,1826,1826,1826,1826,1826,1826,1826,1826,1826,1826,1826,1826,1826,1826,1826,1826,1826,1826,1826,1826,1826,1826,1826,1826,1826,1826,1826,1826,1826,1826,1826,1826,1826,1826,1826,1826,1826,1826,1826,1826,1826,1826,1826,1826,1826,1826,1826,1826,1826,1826,1826,1826,1826,1826,1826,1826,1826,1826,1826,1826,1826,1826,
size:52
[agent] id:18
path:2406,2407,2408,2409,2410,2411,2412,2413,2414,2415,2416,2417,2418,2419,2420,2421,2422,2423,2424,2425,2426,2427,2428,2429,2430,2431,2432,2433,2434,2435,2436,2437,2438,2439,2440,2441,2442,2443,2444,2445,2446,2447,2448,2449,2450,2450,2450,2450,2450,2450,2450,2450,2450,2450,2450,2450,2450,2450,2450,2450,2450,2450,2450,2450,2450,2450,2450,2450,2450,2450,2450,2450,2450,2450,2450,2450,2450,2450,2450,2450,2450,2450,2450,2450,2450,2450,2450,2450,2450,2450,2450,2450,2450,2450,
goal:2450,2450,2450,2450,2450,2450,2450,2450,2450,2450,2450,2450,2450,2450,2450,2450,2450,2450,2450,2450,2450,2450,2450,2450,2450,2450,2450,2450,2450,2450,2450,2450,2450,2450,2450,2450,2450,2450,2450,2450,2450,2450,2450,2450,2450,2450,2450,2450,2450,2450,2450,2450,2450,2450,2450,2450,2450,2450,2450,2450,2450,2450,2450,2450,2450,2450,2450,2450,2450,2450,2450,2450,2450,2450,2450,2450,2450,2450,2450,2450,2450,2450,2450,2450,2450,2450,2450,2450,2450,2450,2450,2450,2450,2450,
size:44
[agent] id:19
path:1114,1221,1328,1435,1436,1437,1544,1651,1758,1865,1972,2079,2186,2293,2400,2507,2614,2721,2828,2935,3042,3041,3040,3039,3038,3037,3036,3035,3034,3033,3032,3031,3030,3029,3028,3027,3026,3025,3024,3131,3238,3345,3344,3343,3342,3341,3340,3447,3554,3661,3768,3875,3982,4089,4196,4195,4194,4193,4192,4191,4190,4190,4190,4190,4190,4190,4190,4190,4190,4190,4190,4190,4190,4190,4190,4190,4190,4190,4190,4190,4190,4190,4190,4190,4190,4190,4190,4190,4190,4190,4190,4190,4190,4190,
goal:4190,4190,4190,4190,4190,4190,4190,4190,4190,4190,4190,4190,4190,4190,4190,4190,4190,4190,4190,4190,4190,4190,4190,4190,4190,4190,4190,4190,4190,4190,4190,4190,4190,4190,4190,4190,4190,4190,4190,4190,4190,4190,4190,4190,4190,4190,4190,4190,4190,4190,4190,4190,4190,4190,4190,4190,4190,4190,4190,4190,4190,4190,4190,4190,4190,4190,4190,4190,4190,4190,4190,4190,4190,4190,4190,4190,4190,4190,4190,4190,4190,4190,4190,4190,4190,4190,4190,4190,4190,4190,4190,4190,4190,4190,
size:60
SolutionCost:843
