[setting] seed:17
[solver] type:ECBS
[solver] w:3.000000
[solver] ID:0
[solver] Lowlevelnode:44813
[solver] solved:1
[solver] elapsed:926
[solver] makespan:82
[problem] timesteplimit:10000
[problem] type:MAPF
[problem] agentnum:20
[graph] width:107
[graph] height:47
[graph] filename:./map/orz601d.map
[task] id:12,start:0,end:0,service time:0,nodes:2599,
[task] id:13,start:0,end:0,service time:0,nodes:2511,
[task] id:3,start:0,end:0,service time:0,nodes:3711,
[task] id:10,start:0,end:0,service time:0,nodes:2530,
[task] id:9,start:0,end:0,service time:0,nodes:2971,
[task] id:11,start:0,end:0,service time:0,nodes:1652,
[task] id:0,start:0,end:0,service time:0,nodes:2432,
[task] id:14,start:0,end:0,service time:0,nodes:3177,
[task] id:8,start:0,end:0,service time:0,nodes:1439,
[task] id:4,start:0,end:0,service time:0,nodes:1983,
[task] id:1,start:0,end:0,service time:0,nodes:2387,
[task] id:2,start:0,end:0,service time:0,nodes:2729,
[task] id:6,start:0,end:0,service time:0,nodes:877,
[task] id:17,start:0,end:0,service time:0,nodes:717,
[task] id:19,start:0,end:0,service time:0,nodes:3128,
[task] id:16,start:0,end:0,service time:0,nodes:2979,
[task] id:5,start:0,end:0,service time:0,nodes:3975,
[task] id:18,start:0,end:0,service time:0,nodes:2597,
[task] id:7,start:0,end:0,service time:0,nodes:3307,
[task] id:15,start:0,end:0,service time:0,nodes:1253,
[agent] id:0
path:3194,3087,2980,2873,2766,2659,2552,2445,2444,2443,2442,2441,2440,2439,2438,2437,2436,2435,2434,2433,2432,2432,2432,2432,2432,2432,2432,2432,2432,2432,2432,2432,2432,2432,2432,2432,2432,2432,2432,2432,2432,2432,2432,2432,2432,2432,2432,2432,2432,2432,2432,2432,2432,2432,2432,2432,2432,2432,2432,2432,2432,2432,2432,2432,2432,2432,2432,2432,2432,2432,2432,2432,2432,2432,2432,2432,2432,2432,2432,2432,2432,2432,2432,
goal:2432,2432,2432,2432,2432,2432,2432,2432,2432,2432,2432,2432,2432,2432,2432,2432,2432,2432,2432,2432,2432,2432,2432,2432,2432,2432,2432,2432,2432,2432,2432,2432,2432,2432,2432,2432,2432,2432,2432,2432,2432,2432,2432,2432,2432,2432,2432,2432,2432,2432,2432,2432,2432,2432,2432,2432,2432,2432,2432,2432,2432,2432,2432,2432,2432,2432,2432,2432,2432,2432,2432,2432,2432,2432,2432,2432,2432,2432,2432,2432,2432,2432,2432,
size:20
[agent] id:1
path:2839,2732,2625,2518,2411,2410,2409,2408,2407,2406,2405,2404,2403,2402,2401,2400,2399,2398,2397,2396,2395,2394,2393,2392,2391,2390,2389,2388,2387,2387,2387,2387,2387,2387,2387,2387,2387,2387,2387,2387,2387,2387,2387,2387,2387,2387,2387,2387,2387,2387,2387,2387,2387,2387,2387,2387,2387,2387,2387,2387,2387,2387,2387,2387,2387,2387,2387,2387,2387,2387,2387,2387,2387,2387,2387,2387,2387,2387,2387,2387,2387,2387,2387,
goal:2387,2387,2387,2387,2387,2387,2387,2387,2387,2387,2387,2387,2387,2387,2387,2387,2387,2387,2387,2387,2387,2387,2387,2387,2387,2387,2387,2387,2387,2387,2387,2387,2387,2387,2387,2387,2387,2387,2387,2387,2387,2387,2387,2387,2387,2387,2387,2387,2387,2387,2387,2387,2387,2387,2387,2387,2387,2387,2387,2387,2387,2387,2387,2387,2387,2387,2387,2387,2387,2387,2387,2387,2387,2387,2387,2387,2387,2387,2387,2387,2387,2387,2387,
size:28
[agent] id:2
path:1038,1145,1252,1359,1466,1465,1464,1463,1462,1569,1676,1783,1890,1997,2104,2211,2318,2425,2532,2639,2746,2745,2744,2743,2742,2741,2740,2739,2738,2737,2736,2735,2734,2733,2732,2731,2730,2729,2729,2729,2729,2729,2729,2729,2729,2729,2729,2729,2729,2729,2729,2729,2729,2729,2729,2729,2729,2729,2729,2729,2729,2729,2729,2729,2729,2729,2729,2729,2729,2729,2729,2729,2729,2729,2729,2729,2729,2729,2729,2729,2729,2729,2729,
goal:2729,2729,2729,2729,2729,2729,2729,2729,2729,2729,2729,2729,2729,2729,2729,2729,2729,2729,2729,2729,2729,2729,2729,2729,2729,2729,2729,2729,2729,2729,2729,2729,2729,2729,2729,2729,2729,2729,2729,2729,2729,2729,2729,2729,2729,2729,2729,2729,2729,2729,2729,2729,2729,2729,2729,2729,2729,2729,2729,2729,2729,2729,2729,2729,2729,2729,2729,2729,2729,2729,2729,2729,2729,2729,2729,2729,2729,2729,2729,2729,2729,2729,2729,
size:37
[agent] id:3
path:3705,3706,3707,3708,3709,3710,3711,3711,3711,3711,3711,3711,3711,3711,3711,3711,3711,3711,3711,3711,3711,3711,3711,3711,3711,3711,3711,3711,3711,3711,3711,3711,3711,3711,3711,3711,3711,3711,3711,3711,3711,3711,3711,3711,3711,3711,3711,3711,3711,3711,3711,3711,3711,3711,3711,3711,3711,3711,3711,3711,3711,3711,3711,3711,3711,3711,3711,3711,3711,3711,3711,3711,3711,3711,3711,3711,3711,3711,3711,3711,3711,3711,3711,
goal:3711,3711,3711,3711,3711,3711,3711,3711,3711,3711,3711,3711,3711,3711,3711,3711,3711,3711,3711,3711,3711,3711,3711,3711,3711,3711,3711,3711,3711,3711,3711,3711,3711,3711,3711,3711,3711,3711,3711,3711,3711,3711,3711,3711,3711,3711,3711,3711,3711,3711,3711,3711,3711,3711,3711,3711,3711,3711,3711,3711,3711,3711,3711,3711,3711,3711,3711,3711,3711,3711,3711,3711,3711,3711,3711,3711,3711,3711,3711,3711,3711,3711,3711,
size:6
[agent] id:4
path:2114,2007,2006,2005,2004,2003,2002,2001,2000,1999,1998,1997,1996,1995,1994,1993,1992,1991,1990,1989,1988,1987,1986,1985,1984,1983,1983,1983,1983,1983,1983,1983,1983,1983,1983,1983,1983,1983,1983,1983,1983,1983,1983,1983,1983,1983,1983,1983,1983,1983,1983,1983,1983,1983,1983,1983,1983,1983,1983,1983,1983,1983,1983,1983,1983,1983,1983,1983,1983,1983,1983,1983,1983,1983,1983,1983,1983,1983,1983,1983,1983,1983,1983,
goal:1983,1983,1983,1983,1983,1983,1983,1983,1983,1983,1983,1983,1983,1983,1983,1983,1983,1983,1983,1983,1983,1983,1983,1983,1983,1983,1983,1983,1983,1983,1983,1983,1983,1983,1983,1983,1983,1983,1983,1983,1983,1983,1983,1983,1983,1983,1983,1983,1983,1983,1983,1983,1983,1983,1983,1983,1983,1983,1983,1983,1983,1983,1983,1983,1983,1983,1983,1983,1983,1983,1983,1983,1983,1983,1983,1983,1983,1983,1983,1983,1983,1983,1983,
size:25
[agent] id:5
path:1003,1110,1217,1324,1325,1326,1433,1434,1435,1436,1437,1544,1651,1758,1865,1972,2079,2186,2293,2400,2507,2614,2721,2828,2935,3042,3041,3040,3039,3038,3037,3036,3035,3034,3033,3032,3031,3030,3029,3028,3027,3026,3025,3024,3131,3238,3345,3344,3343,3342,3341,3340,3447,3554,3661,3768,3875,3982,3981,3980,3979,3978,3977,3976,3975,3975,3975,3975,3975,3975,3975,3975,3975,3975,3975,3975,3975,3975,3975,3975,3975,3975,3975,
goal:3975,3975,3975,3975,3975,3975,3975,3975,3975,3975,3975,3975,3975,3975,3975,3975,3975,3975,3975,3975,3975,3975,3975,3975,3975,3975,3975,3975,3975,3975,3975,3975,3975,3975,3975,3975,3975,3975,3975,3975,3975,3975,3975,3975,3975,3975,3975,3975,3975,3975,3975,3975,3975,3975,3975,3975,3975,3975,3975,3975,3975,3975,3975,3975,3975,3975,3975,3975,3975,3975,3975,3975,3975,3975,3975,3975,3975,3975,3975,3975,3975,3975,3975,
size:64
[agent] id:6
path:1983,1982,1981,1980,1979,1978,1977,1976,1975,1974,1973,1972,1971,1970,1969,1968,1967,1966,1965,1964,1963,1962,1961,1960,1959,1958,1957,1956,1955,1954,1847,1846,1845,1844,1843,1842,1735,1628,1521,1414,1307,1200,1093,986,879,878,877,877,877,877,877,877,877,877,877,877,877,877,877,877,877,877,877,877,877,877,877,877,877,877,877,877,877,877,877,877,877,877,877,877,877,877,877,
goal:877,877,877,877,877,877,877,877,877,877,877,877,877,877,877,877,877,877,877,877,877,877,877,877,877,877,877,877,877,877,877,877,877,877,877,877,877,877,877,877,877,877,877,877,877,877,877,877,877,877,877,877,877,877,877,877,877,877,877,877,877,877,877,877,877,877,877,877,877,877,877,877,877,877,877,877,877,877,877,877,877,877,877,
size:46
[agent] id:7
path:908,1015,1122,1229,1336,1443,1442,1441,1440,1439,1438,1545,1652,1759,1758,1865,1972,2079,2186,2293,2400,2401,2402,2403,2404,2405,2512,2513,2514,2515,2516,2517,2518,2519,2520,2521,2522,2629,2630,2631,2632,2633,2634,2635,2636,2637,2638,2639,2640,2641,2642,2643,2644,2645,2646,2647,2648,2649,2650,2651,2652,2653,2654,2655,2656,2657,2658,2659,2660,2661,2662,2663,2664,2665,2772,2879,2986,3093,3200,3307,3307,3307,3307,
goal:3307,3307,3307,3307,3307,3307,3307,3307,3307,3307,3307,3307,3307,3307,3307,3307,3307,3307,3307,3307,3307,3307,3307,3307,3307,3307,3307,3307,3307,3307,3307,3307,3307,3307,3307,3307,3307,3307,3307,3307,3307,3307,3307,3307,3307,3307,3307,3307,3307,3307,3307,3307,3307,3307,3307,3307,3307,3307,3307,3307,3307,3307,3307,3307,3307,3307,3307,3307,3307,3307,3307,3307,3307,3307,3307,3307,3307,3307,3307,3307,3307,3307,3307,
size:79
[agent] id:8
path:2942,2835,2728,2621,2514,2407,2300,2193,2086,1979,1978,1871,1870,1869,1868,1867,1866,1759,1758,1651,1544,1437,1438,1439,1439,1439,1439,1439,1439,1439,1439,1439,1439,1439,1439,1439,1439,1439,1439,1439,1439,1439,1439,1439,1439,1439,1439,1439,1439,1439,1439,1439,1439,1439,1439,1439,1439,1439,1439,1439,1439,1439,1439,1439,1439,1439,1439,1439,1439,1439,1439,1439,1439,1439,1439,1439,1439,1439,1439,1439,1439,1439,1439,
goal:1439,1439,1439,1439,1439,1439,1439,1439,1439,1439,1439,1439,1439,1439,1439,1439,1439,1439,1439,1439,1439,1439,1439,1439,1439,1439,1439,1439,1439,1439,1439,1439,1439,1439,1439,1439,1439,1439,1439,1439,1439,1439,1439,1439,1439,1439,1439,1439,1439,1439,1439,1439,1439,1439,1439,1439,1439,1439,1439,1439,1439,1439,1439,1439,1439,1439,1439,1439,1439,1439,1439,1439,1439,1439,1439,1439,1439,1439,1439,1439,1439,1439,1439,
size:23
[agent] id:9
path:2850,2957,2958,2959,2960,2961,2962,2963,2964,2965,2966,2967,2968,2969,2970,2971,2971,2971,2971,2971,2971,2971,2971,2971,2971,2971,2971,2971,2971,2971,2971,2971,2971,2971,2971,2971,2971,2971,2971,2971,2971,2971,2971,2971,2971,2971,2971,2971,2971,2971,2971,2971,2971,2971,2971,2971,2971,2971,2971,2971,2971,2971,2971,2971,2971,2971,2971,2971,2971,2971,2971,2971,2971,2971,2971,2971,2971,2971,2971,2971,2971,2971,2971,
goal:2971,2971,2971,2971,2971,2971,2971,2971,2971,2971,2971,2971,2971,2971,2971,2971,2971,2971,2971,2971,2971,2971,2971,2971,2971,2971,2971,2971,2971,2971,2971,2971,2971,2971,2971,2971,2971,2971,2971,2971,2971,2971,2971,2971,2971,2971,2971,2971,2971,2971,2971,2971,2971,2971,2971,2971,2971,2971,2971,2971,2971,2971,2971,2971,2971,2971,2971,2971,2971,2971,2971,2971,2971,2971,2971,2971,2971,2971,2971,2971,2971,2971,2971,
size:15
[agent] id:10
path:2625,2518,2519,2520,2521,2522,2523,2524,2525,2526,2527,2528,2529,2530,2530,2530,2530,2530,2530,2530,2530,2530,2530,2530,2530,2530,2530,2530,2530,2530,2530,2530,2530,2530,2530,2530,2530,2530,2530,2530,2530,2530,2530,2530,2530,2530,2530,2530,2530,2530,2530,2530,2530,2530,2530,2530,2530,2530,2530,2530,2530,2530,2530,2530,2530,2530,2530,2530,2530,2530,2530,2530,2530,2530,2530,2530,2530,2530,2530,2530,2530,2530,2530,
goal:2530,2530,2530,2530,2530,2530,2530,2530,2530,2530,2530,2530,2530,2530,2530,2530,2530,2530,2530,2530,2530,2530,2530,2530,2530,2530,2530,2530,2530,2530,2530,2530,2530,2530,2530,2530,2530,2530,2530,2530,2530,2530,2530,2530,2530,2530,2530,2530,2530,2530,2530,2530,2530,2530,2530,2530,2530,2530,2530,2530,2530,2530,2530,2530,2530,2530,2530,2530,2530,2530,2530,2530,2530,2530,2530,2530,2530,2530,2530,2530,2530,2530,2530,
size:13
[agent] id:11
path:2198,2091,1984,1983,1982,1981,1980,1979,1978,1871,1870,1869,1868,1867,1866,1759,1652,1652,1652,1652,1652,1652,1652,1652,1652,1652,1652,1652,1652,1652,1652,1652,1652,1652,1652,1652,1652,1652,1652,1652,1652,1652,1652,1652,1652,1652,1652,1652,1652,1652,1652,1652,1652,1652,1652,1652,1652,1652,1652,1652,1652,1652,1652,1652,1652,1652,1652,1652,1652,1652,1652,1652,1652,1652,1652,1652,1652,1652,1652,1652,1652,1652,1652,
goal:1652,1652,1652,1652,1652,1652,1652,1652,1652,1652,1652,1652,1652,1652,1652,1652,1652,1652,1652,1652,1652,1652,1652,1652,1652,1652,1652,1652,1652,1652,1652,1652,1652,1652,1652,1652,1652,1652,1652,1652,1652,1652,1652,1652,1652,1652,1652,1652,1652,1652,1652,1652,1652,1652,1652,1652,1652,1652,1652,1652,1652,1652,1652,1652,1652,1652,1652,1652,1652,1652,1652,1652,1652,1652,1652,1652,1652,1652,1652,1652,1652,1652,1652,
size:16
[agent] id:12
path:2496,2603,2602,2601,2600,2599,2599,2599,2599,2599,2599,2599,2599,2599,2599,2599,2599,2599,2599,2599,2599,2599,2599,2599,2599,2599,2599,2599,2599,2599,2599,2599,2599,2599,2599,2599,2599,2599,2599,2599,2599,2599,2599,2599,2599,2599,2599,2599,2599,2599,2599,2599,2599,2599,2599,2599,2599,2599,2599,2599,2599,2599,2599,2599,2599,2599,2599,2599,2599,2599,2599,2599,2599,2599,2599,2599,2599,2599,2599,2599,2599,2599,2599,
goal:2599,2599,2599,2599,2599,2599,2599,2599,2599,2599,2599,2599,2599,2599,2599,2599,2599,2599,2599,2599,2599,2599,2599,2599,2599,2599,2599,2599,2599,2599,2599,2599,2599,2599,2599,2599,2599,2599,2599,2599,2599,2599,2599,2599,2599,2599,2599,2599,2599,2599,2599,2599,2599,2599,2599,2599,2599,2599,2599,2599,2599,2599,2599,2599,2599,2599,2599,2599,2599,2599,2599,2599,2599,2599,2599,2599,2599,2599,2599,2599,2599,2599,2599,
size:5
[agent] id:13
path:2938,2831,2724,2617,2510,2511,2511,2511,2511,2511,2511,2511,2511,2511,2511,2511,2511,2511,2511,2511,2511,2511,2511,2511,2511,2511,2511,2511,2511,2511,2511,2511,2511,2511,2511,2511,2511,2511,2511,2511,2511,2511,2511,2511,2511,2511,2511,2511,2511,2511,2511,2511,2511,2511,2511,2511,2511,2511,2511,2511,2511,2511,2511,2511,2511,2511,2511,2511,2511,2511,2511,2511,2511,2511,2511,2511,2511,2511,2511,2511,2511,2511,2511,
goal:2511,2511,2511,2511,2511,2511,2511,2511,2511,2511,2511,2511,2511,2511,2511,2511,2511,2511,2511,2511,2511,2511,2511,2511,2511,2511,2511,2511,2511,2511,2511,2511,2511,2511,2511,2511,2511,2511,2511,2511,2511,2511,2511,2511,2511,2511,2511,2511,2511,2511,2511,2511,2511,2511,2511,2511,2511,2511,2511,2511,2511,2511,2511,2511,2511,2511,2511,2511,2511,2511,2511,2511,2511,2511,2511,2511,2511,2511,2511,2511,2511,2511,2511,
size:5
[agent] id:14
path:2117,2224,2331,2438,2545,2652,2759,2866,2973,3080,3079,3078,3077,3076,3075,3074,3073,3072,3179,3178,3177,3177,3177,3177,3177,3177,3177,3177,3177,3177,3177,3177,3177,3177,3177,3177,3177,3177,3177,3177,3177,3177,3177,3177,3177,3177,3177,3177,3177,3177,3177,3177,3177,3177,3177,3177,3177,3177,3177,3177,3177,3177,3177,3177,3177,3177,3177,3177,3177,3177,3177,3177,3177,3177,3177,3177,3177,3177,3177,3177,3177,3177,3177,
goal:3177,3177,3177,3177,3177,3177,3177,3177,3177,3177,3177,3177,3177,3177,3177,3177,3177,3177,3177,3177,3177,3177,3177,3177,3177,3177,3177,3177,3177,3177,3177,3177,3177,3177,3177,3177,3177,3177,3177,3177,3177,3177,3177,3177,3177,3177,3177,3177,3177,3177,3177,3177,3177,3177,3177,3177,3177,3177,3177,3177,3177,3177,3177,3177,3177,3177,3177,3177,3177,3177,3177,3177,3177,3177,3177,3177,3177,3177,3177,3177,3177,3177,3177,
size:20
[agent] id:15
path:3979,3872,3765,3766,3767,3660,3553,3446,3339,3232,3125,3018,2911,2804,2697,2590,2483,2376,2269,2162,2055,2056,2057,2058,2059,2060,2061,2062,2063,2064,2065,2066,2067,2068,2069,2070,2071,2072,2073,2074,2075,2076,2077,2078,2079,2080,2081,2082,2083,2084,2085,2086,2087,2088,2089,2090,2091,1984,1985,1986,1987,1988,1989,1990,1991,1884,1885,1886,1887,1888,1889,1782,1675,1568,1461,1354,1247,1248,1249,1250,1251,1252,1253,
goal:1253,1253,1253,1253,1253,1253,1253,1253,1253,1253,1253,1253,1253,1253,1253,1253,1253,1253,1253,1253,1253,1253,1253,1253,1253,1253,1253,1253,1253,1253,1253,1253,1253,1253,1253,1253,1253,1253,1253,1253,1253,1253,1253,1253,1253,1253,1253,1253,1253,1253,1253,1253,1253,1253,1253,1253,1253,1253,1253,1253,1253,1253,1253,1253,1253,1253,1253,1253,1253,1253,1253,1253,1253,1253,1253,1253,1253,1253,1253,1253,1253,1253,1253,
size:82
[agent] id:16
path:2709,2816,2817,2818,2819,2820,2821,2822,2823,2824,2825,2826,2827,2828,2829,2830,2831,2832,2833,2834,2835,2836,2837,2838,2839,2840,2841,2842,2843,2844,2845,2846,2847,2848,2849,2850,2851,2852,2853,2854,2855,2856,2857,2858,2859,2860,2861,2862,2863,2864,2865,2972,2973,2974,2975,2976,2977,2978,2979,2979,2979,2979,2979,2979,2979,2979,2979,2979,2979,2979,2979,2979,2979,2979,2979,2979,2979,2979,2979,2979,2979,2979,2979,
goal:2979,2979,2979,2979,2979,2979,2979,2979,2979,2979,2979,2979,2979,2979,2979,2979,2979,2979,2979,2979,2979,2979,2979,2979,2979,2979,2979,2979,2979,2979,2979,2979,2979,2979,2979,2979,2979,2979,2979,2979,2979,2979,2979,2979,2979,2979,2979,2979,2979,2979,2979,2979,2979,2979,2979,2979,2979,2979,2979,2979,2979,2979,2979,2979,2979,2979,2979,2979,2979,2979,2979,2979,2979,2979,2979,2979,2979,2979,2979,2979,2979,2979,2979,
size:58
[agent] id:17
path:2399,2292,2185,2078,2079,2080,2081,2082,2083,2084,2085,2086,2087,2088,2089,2090,2091,2092,2093,2094,2095,2096,1989,1990,1991,1884,1885,1886,1887,1888,1889,1782,1675,1568,1461,1354,1247,1140,1033,926,819,712,713,714,715,716,717,717,717,717,717,717,717,717,717,717,717,717,717,717,717,717,717,717,717,717,717,717,717,717,717,717,717,717,717,717,717,717,717,717,717,717,717,
goal:717,717,717,717,717,717,717,717,717,717,717,717,717,717,717,717,717,717,717,717,717,717,717,717,717,717,717,717,717,717,717,717,717,717,717,717,717,717,717,717,717,717,717,717,717,717,717,717,717,717,717,717,717,717,717,717,717,717,717,717,717,717,717,717,717,717,717,717,717,717,717,717,717,717,717,717,717,717,717,717,717,717,717,
size:46
[agent] id:18
path:1908,2015,2122,2229,2336,2443,2442,2441,2440,2439,2438,2437,2436,2435,2434,2433,2432,2431,2430,2429,2428,2427,2426,2425,2424,2423,2422,2421,2420,2419,2418,2417,2416,2415,2414,2413,2412,2411,2410,2409,2408,2407,2406,2405,2404,2403,2510,2509,2508,2507,2506,2505,2504,2503,2502,2501,2500,2499,2498,2497,2496,2495,2494,2493,2492,2491,2598,2597,2597,2597,2597,2597,2597,2597,2597,2597,2597,2597,2597,2597,2597,2597,2597,
goal:2597,2597,2597,2597,2597,2597,2597,2597,2597,2597,2597,2597,2597,2597,2597,2597,2597,2597,2597,2597,2597,2597,2597,2597,2597,2597,2597,2597,2597,2597,2597,2597,2597,2597,2597,2597,2597,2597,2597,2597,2597,2597,2597,2597,2597,2597,2597,2597,2597,2597,2597,2597,2597,2597,2597,2597,2597,2597,2597,2597,2597,2597,2597,2597,2597,2597,2597,2597,2597,2597,2597,2597,2597,2597,2597,2597,2597,2597,2597,2597,2597,2597,2597,
size:67
[agent] id:19
path:4031,3924,3817,3710,3603,3602,3495,3388,3281,3174,3173,3172,3171,3170,3169,3062,3061,3060,3059,3058,3057,3056,3055,3054,3053,3052,3051,3050,3049,3048,3047,3046,3045,3044,3043,3042,3041,3040,3039,3038,3037,3036,3035,3034,3033,3032,3031,3030,3029,3028,3027,3026,3025,3024,3131,3130,3129,3128,3128,3128,3128,3128,3128,3128,3128,3128,3128,3128,3128,3128,3128,3128,3128,3128,3128,3128,3128,3128,3128,3128,3128,3128,3128,
goal:3128,3128,3128,3128,3128,3128,3128,3128,3128,3128,3128,3128,3128,3128,3128,3128,3128,3128,3128,3128,3128,3128,3128,3128,3128,3128,3128,3128,3128,3128,3128,3128,3128,3128,3128,3128,3128,3128,3128,3128,3128,3128,3128,3128,3128,3128,3128,3128,3128,3128,3128,3128,3128,3128,3128,3128,3128,3128,3128,3128,3128,3128,3128,3128,3128,3128,3128,3128,3128,3128,3128,3128,3128,3128,3128,3128,3128,3128,3128,3128,3128,3128,3128,
size:57
SolutionCost:712
