[setting] seed:11
[solver] type:ECBS
[solver] w:3.000000
[solver] ID:0
[solver] Lowlevelnode:20462
[solver] solved:1
[solver] elapsed:178
[solver] makespan:88
[problem] timesteplimit:10000
[problem] type:MAPF
[problem] agentnum:10
[graph] width:107
[graph] height:47
[graph] filename:./map/orz601d.map
[task] id:1,start:0,end:0,service time:0,nodes:712,
[task] id:0,start:0,end:0,service time:0,nodes:2111,
[task] id:4,start:0,end:0,service time:0,nodes:2734,
[task] id:6,start:0,end:0,service time:0,nodes:3126,
[task] id:2,start:0,end:0,service time:0,nodes:2084,
[task] id:5,start:0,end:0,service time:0,nodes:3033,
[task] id:7,start:0,end:0,service time:0,nodes:2966,
[task] id:8,start:0,end:0,service time:0,nodes:1939,
[task] id:3,start:0,end:0,service time:0,nodes:3768,
[task] id:9,start:0,end:0,service time:0,nodes:1721,
[agent] id:0
path:2010,2117,2116,2115,2114,2113,2112,2111,2111,2111,2111,2111,2111,2111,2111,2111,2111,2111,2111,2111,2111,2111,2111,2111,2111,2111,2111,2111,2111,2111,2111,2111,2111,2111,2111,2111,2111,2111,2111,2111,2111,2111,2111,2111,2111,2111,2111,2111,2111,2111,2111,2111,2111,2111,2111,2111,2111,2111,2111,2111,2111,2111,2111,2111,2111,2111,2111,2111,2111,2111,2111,2111,2111,2111,2111,2111,2111,2111,2111,2111,2111,2111,2111,2111,2111,2111,2111,2111,2111,
goal:2111,2111,2111,2111,2111,2111,2111,2111,2111,2111,2111,2111,2111,2111,2111,2111,2111,2111,2111,2111,2111,2111,2111,2111,2111,2111,2111,2111,2111,2111,2111,2111,2111,2111,2111,2111,2111,2111,2111,2111,2111,2111,2111,2111,2111,2111,2111,2111,2111,2111,2111,2111,2111,2111,2111,2111,2111,2111,2111,2111,2111,2111,2111,2111,2111,2111,2111,2111,2111,2111,2111,2111,2111,2111,2111,2111,2111,2111,2111,2111,2111,2111,2111,2111,2111,2111,2111,2111,2111,
size:7
[agent] id:1
path:923,816,709,710,711,712,712,712,712,712,712,712,712,712,712,712,712,712,712,712,712,712,712,712,712,712,712,712,712,712,712,712,712,712,712,712,712,712,712,712,712,712,712,712,712,712,712,712,712,712,712,712,712,712,712,712,712,712,712,712,712,712,712,712,712,712,712,712,712,712,712,712,712,712,712,712,712,712,712,712,712,712,712,712,712,712,712,712,712,
goal:712,712,712,712,712,712,712,712,712,712,712,712,712,712,712,712,712,712,712,712,712,712,712,712,712,712,712,712,712,712,712,712,712,712,712,712,712,712,712,712,712,712,712,712,712,712,712,712,712,712,712,712,712,712,712,712,712,712,712,712,712,712,712,712,712,712,712,712,712,712,712,712,712,712,712,712,712,712,712,712,712,712,712,712,712,712,712,712,712,
size:5
[agent] id:2
path:581,688,795,902,1009,1116,1223,1330,1437,1544,1651,1758,1865,1972,2079,2080,2081,2082,2083,2084,2084,2084,2084,2084,2084,2084,2084,2084,2084,2084,2084,2084,2084,2084,2084,2084,2084,2084,2084,2084,2084,2084,2084,2084,2084,2084,2084,2084,2084,2084,2084,2084,2084,2084,2084,2084,2084,2084,2084,2084,2084,2084,2084,2084,2084,2084,2084,2084,2084,2084,2084,2084,2084,2084,2084,2084,2084,2084,2084,2084,2084,2084,2084,2084,2084,2084,2084,2084,2084,
goal:2084,2084,2084,2084,2084,2084,2084,2084,2084,2084,2084,2084,2084,2084,2084,2084,2084,2084,2084,2084,2084,2084,2084,2084,2084,2084,2084,2084,2084,2084,2084,2084,2084,2084,2084,2084,2084,2084,2084,2084,2084,2084,2084,2084,2084,2084,2084,2084,2084,2084,2084,2084,2084,2084,2084,2084,2084,2084,2084,2084,2084,2084,2084,2084,2084,2084,2084,2084,2084,2084,2084,2084,2084,2084,2084,2084,2084,2084,2084,2084,2084,2084,2084,2084,2084,2084,2084,2084,2084,
size:19
[agent] id:3
path:2772,2665,2664,2663,2662,2661,2660,2767,2874,2873,2872,2871,2870,2869,2868,2867,2866,2865,2864,2863,2862,2861,2860,2859,2858,2857,2856,2855,2854,2853,2852,2851,2850,2849,2848,2847,2846,2845,2844,2843,2842,2841,2840,2839,2838,2837,2836,2835,2834,2941,2940,2939,2938,2937,2936,2935,2934,2933,2932,2931,2930,2929,2928,2927,2926,2925,3032,3031,3030,3029,3028,3027,3026,3025,3024,3131,3238,3345,3344,3343,3342,3341,3340,3447,3554,3661,3768,3768,3768,
goal:3768,3768,3768,3768,3768,3768,3768,3768,3768,3768,3768,3768,3768,3768,3768,3768,3768,3768,3768,3768,3768,3768,3768,3768,3768,3768,3768,3768,3768,3768,3768,3768,3768,3768,3768,3768,3768,3768,3768,3768,3768,3768,3768,3768,3768,3768,3768,3768,3768,3768,3768,3768,3768,3768,3768,3768,3768,3768,3768,3768,3768,3768,3768,3768,3768,3768,3768,3768,3768,3768,3768,3768,3768,3768,3768,3768,3768,3768,3768,3768,3768,3768,3768,3768,3768,3768,3768,3768,3768,
size:86
[agent] id:4
path:2311,2418,2525,2632,2739,2738,2737,2736,2735,2734,2734,2734,2734,2734,2734,2734,2734,2734,2734,2734,2734,2734,2734,2734,2734,2734,2734,2734,2734,2734,2734,2734,2734,2734,2734,2734,2734,2734,2734,2734,2734,2734,2734,2734,2734,2734,2734,2734,2734,2734,2734,2734,2734,2734,2734,2734,2734,2734,2734,2734,2734,2734,2734,2734,2734,2734,2734,2734,2734,2734,2734,2734,2734,2734,2734,2734,2734,2734,2734,2734,2734,2734,2734,2734,2734,2734,2734,2734,2734,
goal:2734,2734,2734,2734,2734,2734,2734,2734,2734,2734,2734,2734,2734,2734,2734,2734,2734,2734,2734,2734,2734,2734,2734,2734,2734,2734,2734,2734,2734,2734,2734,2734,2734,2734,2734,2734,2734,2734,2734,2734,2734,2734,2734,2734,2734,2734,2734,2734,2734,2734,2734,2734,2734,2734,2734,2734,2734,2734,2734,2734,2734,2734,2734,2734,2734,2734,2734,2734,2734,2734,2734,2734,2734,2734,2734,2734,2734,2734,2734,2734,2734,2734,2734,2734,2734,2734,2734,2734,2734,
size:9
[agent] id:5
path:1016,1123,1230,1337,1336,1443,1442,1441,1440,1439,1438,1545,1652,1759,1866,1973,2080,2187,2294,2401,2508,2615,2722,2829,2936,3043,3042,3041,3040,3039,3038,3037,3036,3035,3034,3033,3033,3033,3033,3033,3033,3033,3033,3033,3033,3033,3033,3033,3033,3033,3033,3033,3033,3033,3033,3033,3033,3033,3033,3033,3033,3033,3033,3033,3033,3033,3033,3033,3033,3033,3033,3033,3033,3033,3033,3033,3033,3033,3033,3033,3033,3033,3033,3033,3033,3033,3033,3033,3033,
goal:3033,3033,3033,3033,3033,3033,3033,3033,3033,3033,3033,3033,3033,3033,3033,3033,3033,3033,3033,3033,3033,3033,3033,3033,3033,3033,3033,3033,3033,3033,3033,3033,3033,3033,3033,3033,3033,3033,3033,3033,3033,3033,3033,3033,3033,3033,3033,3033,3033,3033,3033,3033,3033,3033,3033,3033,3033,3033,3033,3033,3033,3033,3033,3033,3033,3033,3033,3033,3033,3033,3033,3033,3033,3033,3033,3033,3033,3033,3033,3033,3033,3033,3033,3033,3033,3033,3033,3033,3033,
size:35
[agent] id:6
path:1949,2056,2163,2270,2377,2484,2591,2698,2805,2912,3019,3126,3126,3126,3126,3126,3126,3126,3126,3126,3126,3126,3126,3126,3126,3126,3126,3126,3126,3126,3126,3126,3126,3126,3126,3126,3126,3126,3126,3126,3126,3126,3126,3126,3126,3126,3126,3126,3126,3126,3126,3126,3126,3126,3126,3126,3126,3126,3126,3126,3126,3126,3126,3126,3126,3126,3126,3126,3126,3126,3126,3126,3126,3126,3126,3126,3126,3126,3126,3126,3126,3126,3126,3126,3126,3126,3126,3126,3126,
goal:3126,3126,3126,3126,3126,3126,3126,3126,3126,3126,3126,3126,3126,3126,3126,3126,3126,3126,3126,3126,3126,3126,3126,3126,3126,3126,3126,3126,3126,3126,3126,3126,3126,3126,3126,3126,3126,3126,3126,3126,3126,3126,3126,3126,3126,3126,3126,3126,3126,3126,3126,3126,3126,3126,3126,3126,3126,3126,3126,3126,3126,3126,3126,3126,3126,3126,3126,3126,3126,3126,3126,3126,3126,3126,3126,3126,3126,3126,3126,3126,3126,3126,3126,3126,3126,3126,3126,3126,3126,
size:11
[agent] id:7
path:4413,4306,4199,4092,3985,3878,3771,3770,3769,3768,3661,3554,3447,3340,3233,3234,3127,3020,2913,2914,2915,2916,2917,2918,2919,2920,2921,2922,2923,2924,2925,2926,2927,2928,2929,2930,2931,2932,2933,2934,2935,2936,2937,2938,2939,2940,2941,2942,2943,2944,2945,2946,2947,2948,2949,2950,2951,2952,2953,2954,2955,2956,2957,2958,2959,2960,2961,2962,2963,2964,2965,2966,2966,2966,2966,2966,2966,2966,2966,2966,2966,2966,2966,2966,2966,2966,2966,2966,2966,
goal:2966,2966,2966,2966,2966,2966,2966,2966,2966,2966,2966,2966,2966,2966,2966,2966,2966,2966,2966,2966,2966,2966,2966,2966,2966,2966,2966,2966,2966,2966,2966,2966,2966,2966,2966,2966,2966,2966,2966,2966,2966,2966,2966,2966,2966,2966,2966,2966,2966,2966,2966,2966,2966,2966,2966,2966,2966,2966,2966,2966,2966,2966,2966,2966,2966,2966,2966,2966,2966,2966,2966,2966,2966,2966,2966,2966,2966,2966,2966,2966,2966,2966,2966,2966,2966,2966,2966,2966,2966,
size:71
[agent] id:8
path:4134,4027,3920,3813,3706,3599,3600,3601,3494,3387,3280,3173,3066,2959,2852,2745,2638,2531,2424,2423,2422,2421,2420,2419,2418,2417,2416,2415,2414,2413,2412,2411,2410,2409,2408,2407,2406,2405,2404,2403,2402,2401,2400,2399,2398,2397,2396,2395,2394,2393,2392,2391,2390,2389,2388,2387,2386,2385,2384,2383,2382,2381,2380,2379,2378,2377,2376,2375,2374,2373,2372,2371,2370,2369,2368,2367,2260,2153,2046,1939,1939,1939,1939,1939,1939,1939,1939,1939,1939,
goal:1939,1939,1939,1939,1939,1939,1939,1939,1939,1939,1939,1939,1939,1939,1939,1939,1939,1939,1939,1939,1939,1939,1939,1939,1939,1939,1939,1939,1939,1939,1939,1939,1939,1939,1939,1939,1939,1939,1939,1939,1939,1939,1939,1939,1939,1939,1939,1939,1939,1939,1939,1939,1939,1939,1939,1939,1939,1939,1939,1939,1939,1939,1939,1939,1939,1939,1939,1939,1939,1939,1939,1939,1939,1939,1939,1939,1939,1939,1939,1939,1939,1939,1939,1939,1939,1939,1939,1939,1939,
size:79
[agent] id:9
path:825,932,1039,1146,1253,1360,1467,1466,1465,1464,1463,1462,1569,1676,1783,1890,1997,2104,2211,2318,2425,2424,2423,2422,2421,2420,2419,2418,2417,2416,2415,2414,2413,2412,2411,2410,2409,2408,2407,2406,2405,2404,2403,2402,2401,2400,2399,2398,2397,2396,2395,2394,2393,2392,2391,2390,2389,2388,2387,2386,2385,2384,2383,2382,2381,2380,2379,2378,2377,2376,2375,2374,2373,2372,2371,2370,2369,2368,2367,2260,2153,2046,2045,1938,1831,1724,1723,1722,1721,
goal:1721,1721,1721,1721,1721,1721,1721,1721,1721,1721,1721,1721,1721,1721,1721,1721,1721,1721,1721,1721,1721,1721,1721,1721,1721,1721,1721,1721,1721,1721,1721,1721,1721,1721,1721,1721,1721,1721,1721,1721,1721,1721,1721,1721,1721,1721,1721,1721,1721,1721,1721,1721,1721,1721,1721,1721,1721,1721,1721,1721,1721,1721,1721,1721,1721,1721,1721,1721,1721,1721,1721,1721,1721,1721,1721,1721,1721,1721,1721,1721,1721,1721,1721,1721,1721,1721,1721,1721,1721,
size:88
SolutionCost:410
