[setting] seed:77
[solver] type:ECBS
[solver] w:3.000000
[solver] ID:0
[solver] Lowlevelnode:4735
[solver] solved:1
[solver] elapsed:42
[solver] makespan:89
[problem] timesteplimit:10000
[problem] type:MAPF
[problem] agentnum:30
[graph] width:107
[graph] height:47
[graph] filename:./map/orz601d.map
[task] id:23,start:0,end:0,service time:0,nodes:925,
[task] id:24,start:0,end:0,service time:0,nodes:767,
[task] id:12,start:0,end:0,service time:0,nodes:2504,
[task] id:27,start:0,end:0,service time:0,nodes:2651,
[task] id:10,start:0,end:0,service time:0,nodes:3036,
[task] id:16,start:0,end:0,service time:0,nodes:2451,
[task] id:19,start:0,end:0,service time:0,nodes:2831,
[task] id:29,start:0,end:0,service time:0,nodes:659,
[task] id:21,start:0,end:0,service time:0,nodes:2273,
[task] id:6,start:0,end:0,service time:0,nodes:1243,
[task] id:11,start:0,end:0,service time:0,nodes:2439,
[task] id:2,start:0,end:0,service time:0,nodes:2829,
[task] id:22,start:0,end:0,service time:0,nodes:4306,
[task] id:1,start:0,end:0,service time:0,nodes:2722,
[task] id:20,start:0,end:0,service time:0,nodes:3174,
[task] id:8,start:0,end:0,service time:0,nodes:2152,
[task] id:4,start:0,end:0,service time:0,nodes:2606,
[task] id:14,start:0,end:0,service time:0,nodes:1221,
[task] id:28,start:0,end:0,service time:0,nodes:1989,
[task] id:25,start:0,end:0,service time:0,nodes:2470,
[task] id:9,start:0,end:0,service time:0,nodes:499,
[task] id:7,start:0,end:0,service time:0,nodes:2740,
[task] id:17,start:0,end:0,service time:0,nodes:2486,
[task] id:13,start:0,end:0,service time:0,nodes:1247,
[task] id:18,start:0,end:0,service time:0,nodes:4083,
[task] id:26,start:0,end:0,service time:0,nodes:4415,
[task] id:15,start:0,end:0,service time:0,nodes:3187,
[task] id:3,start:0,end:0,service time:0,nodes:1837,
[task] id:0,start:0,end:0,service time:0,nodes:2335,
[task] id:5,start:0,end:0,service time:0,nodes:2980,
[agent] id:0
path:2484,2377,2270,2271,2272,2273,2274,2275,2276,2277,2278,2279,2280,2281,2282,2283,2284,2285,2286,2287,2288,2289,2290,2291,2292,2293,2294,2295,2296,2297,2298,2299,2300,2301,2302,2303,2304,2305,2306,2307,2308,2309,2310,2311,2312,2313,2314,2315,2316,2317,2318,2319,2320,2321,2322,2323,2324,2325,2326,2327,2328,2329,2330,2331,2332,2333,2334,2335,2335,2335,2335,2335,2335,2335,2335,2335,2335,2335,2335,2335,2335,2335,2335,2335,2335,2335,2335,2335,2335,2335,
goal:2335,2335,2335,2335,2335,2335,2335,2335,2335,2335,2335,2335,2335,2335,2335,2335,2335,2335,2335,2335,2335,2335,2335,2335,2335,2335,2335,2335,2335,2335,2335,2335,2335,2335,2335,2335,2335,2335,2335,2335,2335,2335,2335,2335,2335,2335,2335,2335,2335,2335,2335,2335,2335,2335,2335,2335,2335,2335,2335,2335,2335,2335,2335,2335,2335,2335,2335,2335,2335,2335,2335,2335,2335,2335,2335,2335,2335,2335,2335,2335,2335,2335,2335,2335,2335,2335,2335,2335,2335,2335,
size:67
[agent] id:1
path:2428,2535,2642,2749,2748,2747,2746,2745,2744,2743,2742,2741,2740,2739,2738,2737,2736,2735,2734,2733,2732,2731,2730,2729,2728,2727,2726,2725,2724,2723,2722,2722,2722,2722,2722,2722,2722,2722,2722,2722,2722,2722,2722,2722,2722,2722,2722,2722,2722,2722,2722,2722,2722,2722,2722,2722,2722,2722,2722,2722,2722,2722,2722,2722,2722,2722,2722,2722,2722,2722,2722,2722,2722,2722,2722,2722,2722,2722,2722,2722,2722,2722,2722,2722,2722,2722,2722,2722,2722,2722,
goal:2722,2722,2722,2722,2722,2722,2722,2722,2722,2722,2722,2722,2722,2722,2722,2722,2722,2722,2722,2722,2722,2722,2722,2722,2722,2722,2722,2722,2722,2722,2722,2722,2722,2722,2722,2722,2722,2722,2722,2722,2722,2722,2722,2722,2722,2722,2722,2722,2722,2722,2722,2722,2722,2722,2722,2722,2722,2722,2722,2722,2722,2722,2722,2722,2722,2722,2722,2722,2722,2722,2722,2722,2722,2722,2722,2722,2722,2722,2722,2722,2722,2722,2722,2722,2722,2722,2722,2722,2722,2722,
size:30
[agent] id:2
path:1123,1230,1337,1336,1443,1442,1441,1440,1439,1438,1545,1652,1759,1866,1973,2080,2187,2294,2401,2508,2615,2722,2829,2829,2829,2829,2829,2829,2829,2829,2829,2829,2829,2829,2829,2829,2829,2829,2829,2829,2829,2829,2829,2829,2829,2829,2829,2829,2829,2829,2829,2829,2829,2829,2829,2829,2829,2829,2829,2829,2829,2829,2829,2829,2829,2829,2829,2829,2829,2829,2829,2829,2829,2829,2829,2829,2829,2829,2829,2829,2829,2829,2829,2829,2829,2829,2829,2829,2829,2829,
goal:2829,2829,2829,2829,2829,2829,2829,2829,2829,2829,2829,2829,2829,2829,2829,2829,2829,2829,2829,2829,2829,2829,2829,2829,2829,2829,2829,2829,2829,2829,2829,2829,2829,2829,2829,2829,2829,2829,2829,2829,2829,2829,2829,2829,2829,2829,2829,2829,2829,2829,2829,2829,2829,2829,2829,2829,2829,2829,2829,2829,2829,2829,2829,2829,2829,2829,2829,2829,2829,2829,2829,2829,2829,2829,2829,2829,2829,2829,2829,2829,2829,2829,2829,2829,2829,2829,2829,2829,2829,2829,
size:22
[agent] id:3
path:1353,1460,1461,1568,1675,1782,1889,1888,1887,1886,1885,1884,1991,1990,1989,1988,1987,1986,1985,1984,1983,1982,1981,1980,1979,1978,1977,1976,1975,1974,1973,1972,1971,1970,1969,1968,1967,1966,1965,1964,1963,1962,1961,1960,1959,1958,1957,1956,1955,1954,1847,1846,1845,1844,1843,1842,1841,1840,1839,1838,1837,1837,1837,1837,1837,1837,1837,1837,1837,1837,1837,1837,1837,1837,1837,1837,1837,1837,1837,1837,1837,1837,1837,1837,1837,1837,1837,1837,1837,1837,
goal:1837,1837,1837,1837,1837,1837,1837,1837,1837,1837,1837,1837,1837,1837,1837,1837,1837,1837,1837,1837,1837,1837,1837,1837,1837,1837,1837,1837,1837,1837,1837,1837,1837,1837,1837,1837,1837,1837,1837,1837,1837,1837,1837,1837,1837,1837,1837,1837,1837,1837,1837,1837,1837,1837,1837,1837,1837,1837,1837,1837,1837,1837,1837,1837,1837,1837,1837,1837,1837,1837,1837,1837,1837,1837,1837,1837,1837,1837,1837,1837,1837,1837,1837,1837,1837,1837,1837,1837,1837,1837,
size:60
[agent] id:4
path:1312,1419,1418,1417,1416,1415,1414,1521,1628,1735,1842,1949,2056,2163,2270,2377,2484,2591,2592,2593,2594,2595,2596,2597,2598,2599,2600,2601,2602,2603,2604,2605,2606,2606,2606,2606,2606,2606,2606,2606,2606,2606,2606,2606,2606,2606,2606,2606,2606,2606,2606,2606,2606,2606,2606,2606,2606,2606,2606,2606,2606,2606,2606,2606,2606,2606,2606,2606,2606,2606,2606,2606,2606,2606,2606,2606,2606,2606,2606,2606,2606,2606,2606,2606,2606,2606,2606,2606,2606,2606,
goal:2606,2606,2606,2606,2606,2606,2606,2606,2606,2606,2606,2606,2606,2606,2606,2606,2606,2606,2606,2606,2606,2606,2606,2606,2606,2606,2606,2606,2606,2606,2606,2606,2606,2606,2606,2606,2606,2606,2606,2606,2606,2606,2606,2606,2606,2606,2606,2606,2606,2606,2606,2606,2606,2606,2606,2606,2606,2606,2606,2606,2606,2606,2606,2606,2606,2606,2606,2606,2606,2606,2606,2606,2606,2606,2606,2606,2606,2606,2606,2606,2606,2606,2606,2606,2606,2606,2606,2606,2606,2606,
size:32
[agent] id:5
path:1313,1312,1419,1418,1417,1416,1415,1414,1521,1628,1735,1842,1949,2056,2163,2270,2377,2484,2591,2698,2805,2912,2913,2914,2915,2916,2917,2918,2919,2920,2921,2922,2923,2924,2925,2926,2927,2928,2929,2930,2931,2932,2933,2934,2935,2936,2937,2938,2939,2940,2941,2942,2943,2944,2945,2946,2947,2948,2949,2950,2951,2952,2953,2954,2955,2956,2957,2958,2959,2960,2961,2962,2963,2964,2965,2966,2967,2968,2969,2970,2971,2972,2973,2974,2975,2976,2977,2978,2979,2980,
goal:2980,2980,2980,2980,2980,2980,2980,2980,2980,2980,2980,2980,2980,2980,2980,2980,2980,2980,2980,2980,2980,2980,2980,2980,2980,2980,2980,2980,2980,2980,2980,2980,2980,2980,2980,2980,2980,2980,2980,2980,2980,2980,2980,2980,2980,2980,2980,2980,2980,2980,2980,2980,2980,2980,2980,2980,2980,2980,2980,2980,2980,2980,2980,2980,2980,2980,2980,2980,2980,2980,2980,2980,2980,2980,2980,2980,2980,2980,2980,2980,2980,2980,2980,2980,2980,2980,2980,2980,2980,2980,
size:89
[agent] id:6
path:2109,2002,1895,1894,1893,1892,1891,1890,1783,1676,1569,1462,1355,1248,1247,1246,1245,1244,1243,1243,1243,1243,1243,1243,1243,1243,1243,1243,1243,1243,1243,1243,1243,1243,1243,1243,1243,1243,1243,1243,1243,1243,1243,1243,1243,1243,1243,1243,1243,1243,1243,1243,1243,1243,1243,1243,1243,1243,1243,1243,1243,1243,1243,1243,1243,1243,1243,1243,1243,1243,1243,1243,1243,1243,1243,1243,1243,1243,1243,1243,1243,1243,1243,1243,1243,1243,1243,1243,1243,1243,
goal:1243,1243,1243,1243,1243,1243,1243,1243,1243,1243,1243,1243,1243,1243,1243,1243,1243,1243,1243,1243,1243,1243,1243,1243,1243,1243,1243,1243,1243,1243,1243,1243,1243,1243,1243,1243,1243,1243,1243,1243,1243,1243,1243,1243,1243,1243,1243,1243,1243,1243,1243,1243,1243,1243,1243,1243,1243,1243,1243,1243,1243,1243,1243,1243,1243,1243,1243,1243,1243,1243,1243,1243,1243,1243,1243,1243,1243,1243,1243,1243,1243,1243,1243,1243,1243,1243,1243,1243,1243,1243,
size:18
[agent] id:7
path:2348,2455,2562,2669,2668,2667,2666,2665,2664,2663,2662,2661,2660,2767,2766,2765,2764,2763,2762,2761,2760,2759,2758,2757,2756,2755,2754,2753,2752,2751,2750,2749,2748,2747,2746,2745,2744,2743,2742,2741,2740,2740,2740,2740,2740,2740,2740,2740,2740,2740,2740,2740,2740,2740,2740,2740,2740,2740,2740,2740,2740,2740,2740,2740,2740,2740,2740,2740,2740,2740,2740,2740,2740,2740,2740,2740,2740,2740,2740,2740,2740,2740,2740,2740,2740,2740,2740,2740,2740,2740,
goal:2740,2740,2740,2740,2740,2740,2740,2740,2740,2740,2740,2740,2740,2740,2740,2740,2740,2740,2740,2740,2740,2740,2740,2740,2740,2740,2740,2740,2740,2740,2740,2740,2740,2740,2740,2740,2740,2740,2740,2740,2740,2740,2740,2740,2740,2740,2740,2740,2740,2740,2740,2740,2740,2740,2740,2740,2740,2740,2740,2740,2740,2740,2740,2740,2740,2740,2740,2740,2740,2740,2740,2740,2740,2740,2740,2740,2740,2740,2740,2740,2740,2740,2740,2740,2740,2740,2740,2740,2740,2740,
size:40
[agent] id:8
path:767,874,981,1088,1195,1302,1409,1410,1411,1412,1413,1520,1627,1734,1841,1948,2055,2162,2161,2160,2159,2158,2157,2264,2371,2370,2369,2368,2367,2260,2153,2152,2152,2152,2152,2152,2152,2152,2152,2152,2152,2152,2152,2152,2152,2152,2152,2152,2152,2152,2152,2152,2152,2152,2152,2152,2152,2152,2152,2152,2152,2152,2152,2152,2152,2152,2152,2152,2152,2152,2152,2152,2152,2152,2152,2152,2152,2152,2152,2152,2152,2152,2152,2152,2152,2152,2152,2152,2152,2152,
goal:2152,2152,2152,2152,2152,2152,2152,2152,2152,2152,2152,2152,2152,2152,2152,2152,2152,2152,2152,2152,2152,2152,2152,2152,2152,2152,2152,2152,2152,2152,2152,2152,2152,2152,2152,2152,2152,2152,2152,2152,2152,2152,2152,2152,2152,2152,2152,2152,2152,2152,2152,2152,2152,2152,2152,2152,2152,2152,2152,2152,2152,2152,2152,2152,2152,2152,2152,2152,2152,2152,2152,2152,2152,2152,2152,2152,2152,2152,2152,2152,2152,2152,2152,2152,2152,2152,2152,2152,2152,2152,
size:31
[agent] id:9
path:3918,3811,3704,3597,3598,3599,3600,3601,3494,3387,3280,3173,3066,2959,2852,2745,2638,2531,2424,2317,2210,2103,1996,1889,1782,1675,1568,1461,1354,1247,1140,1033,926,819,712,605,498,499,499,499,499,499,499,499,499,499,499,499,499,499,499,499,499,499,499,499,499,499,499,499,499,499,499,499,499,499,499,499,499,499,499,499,499,499,499,499,499,499,499,499,499,499,499,499,499,499,499,499,499,499,
goal:499,499,499,499,499,499,499,499,499,499,499,499,499,499,499,499,499,499,499,499,499,499,499,499,499,499,499,499,499,499,499,499,499,499,499,499,499,499,499,499,499,499,499,499,499,499,499,499,499,499,499,499,499,499,499,499,499,499,499,499,499,499,499,499,499,499,499,499,499,499,499,499,499,499,499,499,499,499,499,499,499,499,499,499,499,499,499,499,499,499,
size:37
[agent] id:10
path:2075,2182,2289,2396,2503,2610,2717,2824,2931,3038,3037,3036,3036,3036,3036,3036,3036,3036,3036,3036,3036,3036,3036,3036,3036,3036,3036,3036,3036,3036,3036,3036,3036,3036,3036,3036,3036,3036,3036,3036,3036,3036,3036,3036,3036,3036,3036,3036,3036,3036,3036,3036,3036,3036,3036,3036,3036,3036,3036,3036,3036,3036,3036,3036,3036,3036,3036,3036,3036,3036,3036,3036,3036,3036,3036,3036,3036,3036,3036,3036,3036,3036,3036,3036,3036,3036,3036,3036,3036,3036,
goal:3036,3036,3036,3036,3036,3036,3036,3036,3036,3036,3036,3036,3036,3036,3036,3036,3036,3036,3036,3036,3036,3036,3036,3036,3036,3036,3036,3036,3036,3036,3036,3036,3036,3036,3036,3036,3036,3036,3036,3036,3036,3036,3036,3036,3036,3036,3036,3036,3036,3036,3036,3036,3036,3036,3036,3036,3036,3036,3036,3036,3036,3036,3036,3036,3036,3036,3036,3036,3036,3036,3036,3036,3036,3036,3036,3036,3036,3036,3036,3036,3036,3036,3036,3036,3036,3036,3036,3036,3036,3036,
size:11
[agent] id:11
path:2745,2638,2531,2424,2425,2426,2427,2428,2429,2430,2431,2432,2433,2434,2435,2436,2437,2438,2439,2439,2439,2439,2439,2439,2439,2439,2439,2439,2439,2439,2439,2439,2439,2439,2439,2439,2439,2439,2439,2439,2439,2439,2439,2439,2439,2439,2439,2439,2439,2439,2439,2439,2439,2439,2439,2439,2439,2439,2439,2439,2439,2439,2439,2439,2439,2439,2439,2439,2439,2439,2439,2439,2439,2439,2439,2439,2439,2439,2439,2439,2439,2439,2439,2439,2439,2439,2439,2439,2439,2439,
goal:2439,2439,2439,2439,2439,2439,2439,2439,2439,2439,2439,2439,2439,2439,2439,2439,2439,2439,2439,2439,2439,2439,2439,2439,2439,2439,2439,2439,2439,2439,2439,2439,2439,2439,2439,2439,2439,2439,2439,2439,2439,2439,2439,2439,2439,2439,2439,2439,2439,2439,2439,2439,2439,2439,2439,2439,2439,2439,2439,2439,2439,2439,2439,2439,2439,2439,2439,2439,2439,2439,2439,2439,2439,2439,2439,2439,2439,2439,2439,2439,2439,2439,2439,2439,2439,2439,2439,2439,2439,2439,
size:18
[agent] id:12
path:2294,2401,2508,2507,2506,2505,2504,2504,2504,2504,2504,2504,2504,2504,2504,2504,2504,2504,2504,2504,2504,2504,2504,2504,2504,2504,2504,2504,2504,2504,2504,2504,2504,2504,2504,2504,2504,2504,2504,2504,2504,2504,2504,2504,2504,2504,2504,2504,2504,2504,2504,2504,2504,2504,2504,2504,2504,2504,2504,2504,2504,2504,2504,2504,2504,2504,2504,2504,2504,2504,2504,2504,2504,2504,2504,2504,2504,2504,2504,2504,2504,2504,2504,2504,2504,2504,2504,2504,2504,2504,
goal:2504,2504,2504,2504,2504,2504,2504,2504,2504,2504,2504,2504,2504,2504,2504,2504,2504,2504,2504,2504,2504,2504,2504,2504,2504,2504,2504,2504,2504,2504,2504,2504,2504,2504,2504,2504,2504,2504,2504,2504,2504,2504,2504,2504,2504,2504,2504,2504,2504,2504,2504,2504,2504,2504,2504,2504,2504,2504,2504,2504,2504,2504,2504,2504,2504,2504,2504,2504,2504,2504,2504,2504,2504,2504,2504,2504,2504,2504,2504,2504,2504,2504,2504,2504,2504,2504,2504,2504,2504,2504,
size:6
[agent] id:13
path:2666,2559,2558,2557,2556,2555,2554,2553,2446,2339,2232,2125,2018,2017,2016,2015,2014,2013,2012,2011,2010,2009,2008,2007,2006,2005,2004,2003,2002,1895,1894,1893,1892,1891,1890,1783,1676,1569,1462,1355,1248,1247,1247,1247,1247,1247,1247,1247,1247,1247,1247,1247,1247,1247,1247,1247,1247,1247,1247,1247,1247,1247,1247,1247,1247,1247,1247,1247,1247,1247,1247,1247,1247,1247,1247,1247,1247,1247,1247,1247,1247,1247,1247,1247,1247,1247,1247,1247,1247,1247,
goal:1247,1247,1247,1247,1247,1247,1247,1247,1247,1247,1247,1247,1247,1247,1247,1247,1247,1247,1247,1247,1247,1247,1247,1247,1247,1247,1247,1247,1247,1247,1247,1247,1247,1247,1247,1247,1247,1247,1247,1247,1247,1247,1247,1247,1247,1247,1247,1247,1247,1247,1247,1247,1247,1247,1247,1247,1247,1247,1247,1247,1247,1247,1247,1247,1247,1247,1247,1247,1247,1247,1247,1247,1247,1247,1247,1247,1247,1247,1247,1247,1247,1247,1247,1247,1247,1247,1247,1247,1247,1247,
size:41
[agent] id:14
path:2632,2525,2418,2311,2204,2097,1990,1989,1988,1987,1986,1985,1984,1983,1982,1981,1980,1979,1978,1871,1870,1869,1868,1867,1866,1759,1652,1545,1438,1331,1224,1223,1222,1221,1221,1221,1221,1221,1221,1221,1221,1221,1221,1221,1221,1221,1221,1221,1221,1221,1221,1221,1221,1221,1221,1221,1221,1221,1221,1221,1221,1221,1221,1221,1221,1221,1221,1221,1221,1221,1221,1221,1221,1221,1221,1221,1221,1221,1221,1221,1221,1221,1221,1221,1221,1221,1221,1221,1221,1221,
goal:1221,1221,1221,1221,1221,1221,1221,1221,1221,1221,1221,1221,1221,1221,1221,1221,1221,1221,1221,1221,1221,1221,1221,1221,1221,1221,1221,1221,1221,1221,1221,1221,1221,1221,1221,1221,1221,1221,1221,1221,1221,1221,1221,1221,1221,1221,1221,1221,1221,1221,1221,1221,1221,1221,1221,1221,1221,1221,1221,1221,1221,1221,1221,1221,1221,1221,1221,1221,1221,1221,1221,1221,1221,1221,1221,1221,1221,1221,1221,1221,1221,1221,1221,1221,1221,1221,1221,1221,1221,1221,
size:33
[agent] id:15
path:2497,2604,2711,2818,2925,2926,2927,2928,2929,2930,2931,2932,2933,3040,3041,3042,3043,3044,3045,3046,3047,3048,3049,3050,3051,3052,3053,3054,3055,3056,3057,3058,3059,3060,3061,3062,3063,3064,3065,3066,3067,3068,3069,3070,3071,3072,3073,3074,3075,3076,3077,3078,3185,3186,3187,3187,3187,3187,3187,3187,3187,3187,3187,3187,3187,3187,3187,3187,3187,3187,3187,3187,3187,3187,3187,3187,3187,3187,3187,3187,3187,3187,3187,3187,3187,3187,3187,3187,3187,3187,
goal:3187,3187,3187,3187,3187,3187,3187,3187,3187,3187,3187,3187,3187,3187,3187,3187,3187,3187,3187,3187,3187,3187,3187,3187,3187,3187,3187,3187,3187,3187,3187,3187,3187,3187,3187,3187,3187,3187,3187,3187,3187,3187,3187,3187,3187,3187,3187,3187,3187,3187,3187,3187,3187,3187,3187,3187,3187,3187,3187,3187,3187,3187,3187,3187,3187,3187,3187,3187,3187,3187,3187,3187,3187,3187,3187,3187,3187,3187,3187,3187,3187,3187,3187,3187,3187,3187,3187,3187,3187,3187,
size:54
[agent] id:16
path:2121,2228,2335,2442,2443,2444,2445,2446,2447,2448,2449,2450,2451,2451,2451,2451,2451,2451,2451,2451,2451,2451,2451,2451,2451,2451,2451,2451,2451,2451,2451,2451,2451,2451,2451,2451,2451,2451,2451,2451,2451,2451,2451,2451,2451,2451,2451,2451,2451,2451,2451,2451,2451,2451,2451,2451,2451,2451,2451,2451,2451,2451,2451,2451,2451,2451,2451,2451,2451,2451,2451,2451,2451,2451,2451,2451,2451,2451,2451,2451,2451,2451,2451,2451,2451,2451,2451,2451,2451,2451,
goal:2451,2451,2451,2451,2451,2451,2451,2451,2451,2451,2451,2451,2451,2451,2451,2451,2451,2451,2451,2451,2451,2451,2451,2451,2451,2451,2451,2451,2451,2451,2451,2451,2451,2451,2451,2451,2451,2451,2451,2451,2451,2451,2451,2451,2451,2451,2451,2451,2451,2451,2451,2451,2451,2451,2451,2451,2451,2451,2451,2451,2451,2451,2451,2451,2451,2451,2451,2451,2451,2451,2451,2451,2451,2451,2451,2451,2451,2451,2451,2451,2451,2451,2451,2451,2451,2451,2451,2451,2451,2451,
size:12
[agent] id:17
path:898,1005,1112,1219,1326,1433,1434,1435,1436,1437,1544,1651,1758,1865,1972,2079,2186,2293,2400,2399,2398,2397,2396,2503,2502,2501,2500,2499,2498,2497,2496,2495,2494,2493,2492,2491,2490,2489,2488,2487,2486,2486,2486,2486,2486,2486,2486,2486,2486,2486,2486,2486,2486,2486,2486,2486,2486,2486,2486,2486,2486,2486,2486,2486,2486,2486,2486,2486,2486,2486,2486,2486,2486,2486,2486,2486,2486,2486,2486,2486,2486,2486,2486,2486,2486,2486,2486,2486,2486,2486,
goal:2486,2486,2486,2486,2486,2486,2486,2486,2486,2486,2486,2486,2486,2486,2486,2486,2486,2486,2486,2486,2486,2486,2486,2486,2486,2486,2486,2486,2486,2486,2486,2486,2486,2486,2486,2486,2486,2486,2486,2486,2486,2486,2486,2486,2486,2486,2486,2486,2486,2486,2486,2486,2486,2486,2486,2486,2486,2486,2486,2486,2486,2486,2486,2486,2486,2486,2486,2486,2486,2486,2486,2486,2486,2486,2486,2486,2486,2486,2486,2486,2486,2486,2486,2486,2486,2486,2486,2486,2486,2486,
size:40
[agent] id:18
path:2396,2503,2610,2717,2824,2931,3038,3037,3036,3035,3034,3033,3032,3031,3030,3029,3028,3027,3026,3025,3024,3131,3238,3345,3344,3343,3342,3341,3340,3447,3554,3661,3768,3875,3982,4089,4088,4087,4086,4085,4084,4083,4083,4083,4083,4083,4083,4083,4083,4083,4083,4083,4083,4083,4083,4083,4083,4083,4083,4083,4083,4083,4083,4083,4083,4083,4083,4083,4083,4083,4083,4083,4083,4083,4083,4083,4083,4083,4083,4083,4083,4083,4083,4083,4083,4083,4083,4083,4083,4083,
goal:4083,4083,4083,4083,4083,4083,4083,4083,4083,4083,4083,4083,4083,4083,4083,4083,4083,4083,4083,4083,4083,4083,4083,4083,4083,4083,4083,4083,4083,4083,4083,4083,4083,4083,4083,4083,4083,4083,4083,4083,4083,4083,4083,4083,4083,4083,4083,4083,4083,4083,4083,4083,4083,4083,4083,4083,4083,4083,4083,4083,4083,4083,4083,4083,4083,4083,4083,4083,4083,4083,4083,4083,4083,4083,4083,4083,4083,4083,4083,4083,4083,4083,4083,4083,4083,4083,4083,4083,4083,4083,
size:41
[agent] id:19
path:3161,3054,2947,2840,2839,2838,2837,2836,2835,2834,2833,2832,2831,2831,2831,2831,2831,2831,2831,2831,2831,2831,2831,2831,2831,2831,2831,2831,2831,2831,2831,2831,2831,2831,2831,2831,2831,2831,2831,2831,2831,2831,2831,2831,2831,2831,2831,2831,2831,2831,2831,2831,2831,2831,2831,2831,2831,2831,2831,2831,2831,2831,2831,2831,2831,2831,2831,2831,2831,2831,2831,2831,2831,2831,2831,2831,2831,2831,2831,2831,2831,2831,2831,2831,2831,2831,2831,2831,2831,2831,
goal:2831,2831,2831,2831,2831,2831,2831,2831,2831,2831,2831,2831,2831,2831,2831,2831,2831,2831,2831,2831,2831,2831,2831,2831,2831,2831,2831,2831,2831,2831,2831,2831,2831,2831,2831,2831,2831,2831,2831,2831,2831,2831,2831,2831,2831,2831,2831,2831,2831,2831,2831,2831,2831,2831,2831,2831,2831,2831,2831,2831,2831,2831,2831,2831,2831,2831,2831,2831,2831,2831,2831,2831,2831,2831,2831,2831,2831,2831,2831,2831,2831,2831,2831,2831,2831,2831,2831,2831,2831,2831,
size:12
[agent] id:20
path:2124,2231,2338,2445,2552,2659,2766,2873,2980,3087,3086,3085,3084,3083,3082,3081,3080,3079,3078,3077,3076,3075,3074,3073,3072,3179,3178,3177,3176,3175,3174,3174,3174,3174,3174,3174,3174,3174,3174,3174,3174,3174,3174,3174,3174,3174,3174,3174,3174,3174,3174,3174,3174,3174,3174,3174,3174,3174,3174,3174,3174,3174,3174,3174,3174,3174,3174,3174,3174,3174,3174,3174,3174,3174,3174,3174,3174,3174,3174,3174,3174,3174,3174,3174,3174,3174,3174,3174,3174,3174,
goal:3174,3174,3174,3174,3174,3174,3174,3174,3174,3174,3174,3174,3174,3174,3174,3174,3174,3174,3174,3174,3174,3174,3174,3174,3174,3174,3174,3174,3174,3174,3174,3174,3174,3174,3174,3174,3174,3174,3174,3174,3174,3174,3174,3174,3174,3174,3174,3174,3174,3174,3174,3174,3174,3174,3174,3174,3174,3174,3174,3174,3174,3174,3174,3174,3174,3174,3174,3174,3174,3174,3174,3174,3174,3174,3174,3174,3174,3174,3174,3174,3174,3174,3174,3174,3174,3174,3174,3174,3174,3174,
size:30
[agent] id:21
path:2710,2603,2496,2389,2388,2387,2386,2385,2384,2383,2276,2275,2274,2273,2273,2273,2273,2273,2273,2273,2273,2273,2273,2273,2273,2273,2273,2273,2273,2273,2273,2273,2273,2273,2273,2273,2273,2273,2273,2273,2273,2273,2273,2273,2273,2273,2273,2273,2273,2273,2273,2273,2273,2273,2273,2273,2273,2273,2273,2273,2273,2273,2273,2273,2273,2273,2273,2273,2273,2273,2273,2273,2273,2273,2273,2273,2273,2273,2273,2273,2273,2273,2273,2273,2273,2273,2273,2273,2273,2273,
goal:2273,2273,2273,2273,2273,2273,2273,2273,2273,2273,2273,2273,2273,2273,2273,2273,2273,2273,2273,2273,2273,2273,2273,2273,2273,2273,2273,2273,2273,2273,2273,2273,2273,2273,2273,2273,2273,2273,2273,2273,2273,2273,2273,2273,2273,2273,2273,2273,2273,2273,2273,2273,2273,2273,2273,2273,2273,2273,2273,2273,2273,2273,2273,2273,2273,2273,2273,2273,2273,2273,2273,2273,2273,2273,2273,2273,2273,2273,2273,2273,2273,2273,2273,2273,2273,2273,2273,2273,2273,2273,
size:13
[agent] id:22
path:2159,2266,2373,2480,2587,2694,2801,2908,3015,3122,3229,3336,3337,3338,3339,3446,3553,3660,3767,3874,3981,4088,4195,4302,4303,4304,4305,4306,4306,4306,4306,4306,4306,4306,4306,4306,4306,4306,4306,4306,4306,4306,4306,4306,4306,4306,4306,4306,4306,4306,4306,4306,4306,4306,4306,4306,4306,4306,4306,4306,4306,4306,4306,4306,4306,4306,4306,4306,4306,4306,4306,4306,4306,4306,4306,4306,4306,4306,4306,4306,4306,4306,4306,4306,4306,4306,4306,4306,4306,4306,
goal:4306,4306,4306,4306,4306,4306,4306,4306,4306,4306,4306,4306,4306,4306,4306,4306,4306,4306,4306,4306,4306,4306,4306,4306,4306,4306,4306,4306,4306,4306,4306,4306,4306,4306,4306,4306,4306,4306,4306,4306,4306,4306,4306,4306,4306,4306,4306,4306,4306,4306,4306,4306,4306,4306,4306,4306,4306,4306,4306,4306,4306,4306,4306,4306,4306,4306,4306,4306,4306,4306,4306,4306,4306,4306,4306,4306,4306,4306,4306,4306,4306,4306,4306,4306,4306,4306,4306,4306,4306,4306,
size:27
[agent] id:23
path:820,927,926,925,925,925,925,925,925,925,925,925,925,925,925,925,925,925,925,925,925,925,925,925,925,925,925,925,925,925,925,925,925,925,925,925,925,925,925,925,925,925,925,925,925,925,925,925,925,925,925,925,925,925,925,925,925,925,925,925,925,925,925,925,925,925,925,925,925,925,925,925,925,925,925,925,925,925,925,925,925,925,925,925,925,925,925,925,925,925,
goal:925,925,925,925,925,925,925,925,925,925,925,925,925,925,925,925,925,925,925,925,925,925,925,925,925,925,925,925,925,925,925,925,925,925,925,925,925,925,925,925,925,925,925,925,925,925,925,925,925,925,925,925,925,925,925,925,925,925,925,925,925,925,925,925,925,925,925,925,925,925,925,925,925,925,925,925,925,925,925,925,925,925,925,925,925,925,925,925,925,925,
size:3
[agent] id:24
path:982,875,768,767,767,767,767,767,767,767,767,767,767,767,767,767,767,767,767,767,767,767,767,767,767,767,767,767,767,767,767,767,767,767,767,767,767,767,767,767,767,767,767,767,767,767,767,767,767,767,767,767,767,767,767,767,767,767,767,767,767,767,767,767,767,767,767,767,767,767,767,767,767,767,767,767,767,767,767,767,767,767,767,767,767,767,767,767,767,767,
goal:767,767,767,767,767,767,767,767,767,767,767,767,767,767,767,767,767,767,767,767,767,767,767,767,767,767,767,767,767,767,767,767,767,767,767,767,767,767,767,767,767,767,767,767,767,767,767,767,767,767,767,767,767,767,767,767,767,767,767,767,767,767,767,767,767,767,767,767,767,767,767,767,767,767,767,767,767,767,767,767,767,767,767,767,767,767,767,767,767,767,
size:3
[agent] id:25
path:2181,2288,2395,2502,2501,2500,2499,2498,2497,2496,2495,2494,2493,2492,2491,2490,2489,2488,2487,2486,2485,2484,2483,2482,2481,2480,2479,2478,2477,2476,2475,2474,2473,2472,2471,2470,2470,2470,2470,2470,2470,2470,2470,2470,2470,2470,2470,2470,2470,2470,2470,2470,2470,2470,2470,2470,2470,2470,2470,2470,2470,2470,2470,2470,2470,2470,2470,2470,2470,2470,2470,2470,2470,2470,2470,2470,2470,2470,2470,2470,2470,2470,2470,2470,2470,2470,2470,2470,2470,2470,
goal:2470,2470,2470,2470,2470,2470,2470,2470,2470,2470,2470,2470,2470,2470,2470,2470,2470,2470,2470,2470,2470,2470,2470,2470,2470,2470,2470,2470,2470,2470,2470,2470,2470,2470,2470,2470,2470,2470,2470,2470,2470,2470,2470,2470,2470,2470,2470,2470,2470,2470,2470,2470,2470,2470,2470,2470,2470,2470,2470,2470,2470,2470,2470,2470,2470,2470,2470,2470,2470,2470,2470,2470,2470,2470,2470,2470,2470,2470,2470,2470,2470,2470,2470,2470,2470,2470,2470,2470,2470,2470,
size:35
[agent] id:26
path:1971,2078,2185,2292,2399,2506,2613,2720,2827,2826,2825,2824,2931,2930,2929,2928,3035,3034,3033,3032,3031,3030,3029,3028,3027,3026,3025,3024,3131,3238,3345,3344,3343,3342,3341,3340,3447,3554,3661,3768,3875,3982,4089,4196,4303,4410,4411,4412,4413,4414,4415,4415,4415,4415,4415,4415,4415,4415,4415,4415,4415,4415,4415,4415,4415,4415,4415,4415,4415,4415,4415,4415,4415,4415,4415,4415,4415,4415,4415,4415,4415,4415,4415,4415,4415,4415,4415,4415,4415,4415,
goal:4415,4415,4415,4415,4415,4415,4415,4415,4415,4415,4415,4415,4415,4415,4415,4415,4415,4415,4415,4415,4415,4415,4415,4415,4415,4415,4415,4415,4415,4415,4415,4415,4415,4415,4415,4415,4415,4415,4415,4415,4415,4415,4415,4415,4415,4415,4415,4415,4415,4415,4415,4415,4415,4415,4415,4415,4415,4415,4415,4415,4415,4415,4415,4415,4415,4415,4415,4415,4415,4415,4415,4415,4415,4415,4415,4415,4415,4415,4415,4415,4415,4415,4415,4415,4415,4415,4415,4415,4415,4415,
size:50
[agent] id:27
path:2334,2441,2548,2655,2654,2653,2652,2651,2651,2651,2651,2651,2651,2651,2651,2651,2651,2651,2651,2651,2651,2651,2651,2651,2651,2651,2651,2651,2651,2651,2651,2651,2651,2651,2651,2651,2651,2651,2651,2651,2651,2651,2651,2651,2651,2651,2651,2651,2651,2651,2651,2651,2651,2651,2651,2651,2651,2651,2651,2651,2651,2651,2651,2651,2651,2651,2651,2651,2651,2651,2651,2651,2651,2651,2651,2651,2651,2651,2651,2651,2651,2651,2651,2651,2651,2651,2651,2651,2651,2651,
goal:2651,2651,2651,2651,2651,2651,2651,2651,2651,2651,2651,2651,2651,2651,2651,2651,2651,2651,2651,2651,2651,2651,2651,2651,2651,2651,2651,2651,2651,2651,2651,2651,2651,2651,2651,2651,2651,2651,2651,2651,2651,2651,2651,2651,2651,2651,2651,2651,2651,2651,2651,2651,2651,2651,2651,2651,2651,2651,2651,2651,2651,2651,2651,2651,2651,2651,2651,2651,2651,2651,2651,2651,2651,2651,2651,2651,2651,2651,2651,2651,2651,2651,2651,2651,2651,2651,2651,2651,2651,2651,
size:7
[agent] id:28
path:1853,1960,1961,1962,1963,1964,1965,1966,1967,1968,1969,1970,1971,1972,1971,1972,1973,1974,1975,1976,1977,1978,1979,2086,2087,1980,1981,1982,1983,1984,1985,1986,1987,1988,1989,1989,1989,1989,1989,1989,1989,1989,1989,1989,1989,1989,1989,1989,1989,1989,1989,1989,1989,1989,1989,1989,1989,1989,1989,1989,1989,1989,1989,1989,1989,1989,1989,1989,1989,1989,1989,1989,1989,1989,1989,1989,1989,1989,1989,1989,1989,1989,1989,1989,1989,1989,1989,1989,1989,1989,
goal:1989,1989,1989,1989,1989,1989,1989,1989,1989,1989,1989,1989,1989,1989,1989,1989,1989,1989,1989,1989,1989,1989,1989,1989,1989,1989,1989,1989,1989,1989,1989,1989,1989,1989,1989,1989,1989,1989,1989,1989,1989,1989,1989,1989,1989,1989,1989,1989,1989,1989,1989,1989,1989,1989,1989,1989,1989,1989,1989,1989,1989,1989,1989,1989,1989,1989,1989,1989,1989,1989,1989,1989,1989,1989,1989,1989,1989,1989,1989,1989,1989,1989,1989,1989,1989,1989,1989,1989,1989,1989,
size:34
[agent] id:29
path:1095,988,881,774,667,666,665,664,663,662,661,660,659,659,659,659,659,659,659,659,659,659,659,659,659,659,659,659,659,659,659,659,659,659,659,659,659,659,659,659,659,659,659,659,659,659,659,659,659,659,659,659,659,659,659,659,659,659,659,659,659,659,659,659,659,659,659,659,659,659,659,659,659,659,659,659,659,659,659,659,659,659,659,659,659,659,659,659,659,659,
goal:659,659,659,659,659,659,659,659,659,659,659,659,659,659,659,659,659,659,659,659,659,659,659,659,659,659,659,659,659,659,659,659,659,659,659,659,659,659,659,659,659,659,659,659,659,659,659,659,659,659,659,659,659,659,659,659,659,659,659,659,659,659,659,659,659,659,659,659,659,659,659,659,659,659,659,659,659,659,659,659,659,659,659,659,659,659,659,659,659,659,
size:12
SolutionCost:908
