[setting] seed:46
[solver] type:ECBS
[solver] w:3.000000
[solver] ID:0
[solver] Lowlevelnode:11230
[solver] solved:1
[solver] elapsed:1340
[solver] makespan:90
[problem] timesteplimit:10000
[problem] type:MAPF
[problem] agentnum:10
[graph] width:107
[graph] height:47
[graph] filename:./map/orz601d.map
[task] id:8,start:0,end:0,service time:0,nodes:3044,
[task] id:7,start:0,end:0,service time:0,nodes:449,
[task] id:5,start:0,end:0,service time:0,nodes:1888,
[task] id:6,start:0,end:0,service time:0,nodes:2577,
[task] id:2,start:0,end:0,service time:0,nodes:2502,
[task] id:4,start:0,end:0,service time:0,nodes:1113,
[task] id:9,start:0,end:0,service time:0,nodes:1308,
[task] id:0,start:0,end:0,service time:0,nodes:2232,
[task] id:1,start:0,end:0,service time:0,nodes:2906,
[task] id:3,start:0,end:0,service time:0,nodes:4297,
[agent] id:0
path:2054,2161,2162,2163,2164,2165,2166,2167,2168,2169,2170,2171,2172,2173,2174,2175,2176,2177,2178,2179,2180,2181,2182,2183,2184,2185,2186,2187,2188,2189,2190,2191,2192,2193,2194,2195,2196,2197,2198,2199,2200,2201,2202,2203,2204,2205,2206,2207,2208,2209,2210,2211,2212,2213,2214,2215,2216,2217,2218,2219,2220,2221,2222,2223,2224,2225,2226,2227,2228,2229,2230,2231,2232,2232,2232,2232,2232,2232,2232,2232,2232,2232,2232,2232,2232,2232,2232,2232,2232,2232,2232,
goal:2232,2232,2232,2232,2232,2232,2232,2232,2232,2232,2232,2232,2232,2232,2232,2232,2232,2232,2232,2232,2232,2232,2232,2232,2232,2232,2232,2232,2232,2232,2232,2232,2232,2232,2232,2232,2232,2232,2232,2232,2232,2232,2232,2232,2232,2232,2232,2232,2232,2232,2232,2232,2232,2232,2232,2232,2232,2232,2232,2232,2232,2232,2232,2232,2232,2232,2232,2232,2232,2232,2232,2232,2232,2232,2232,2232,2232,2232,2232,2232,2232,2232,2232,2232,2232,2232,2232,2232,2232,2232,2232,
size:72
[agent] id:1
path:2658,2765,2872,2979,2978,2977,2976,2975,2974,2973,2972,2971,2970,2969,2968,2967,2966,2965,2964,2963,2962,2961,2960,2959,2958,2957,2956,2955,2954,2953,2952,2951,2950,2949,2948,2947,2946,2945,2944,2943,2942,2941,2940,2939,2938,2937,2936,2935,2934,2933,2932,2931,2930,2929,2928,2927,2926,2925,2924,2923,2922,2921,2920,2919,2918,2917,2916,2915,2914,2913,2912,2911,2910,2909,2908,2907,2906,2906,2906,2906,2906,2906,2906,2906,2906,2906,2906,2906,2906,2906,2906,
goal:2906,2906,2906,2906,2906,2906,2906,2906,2906,2906,2906,2906,2906,2906,2906,2906,2906,2906,2906,2906,2906,2906,2906,2906,2906,2906,2906,2906,2906,2906,2906,2906,2906,2906,2906,2906,2906,2906,2906,2906,2906,2906,2906,2906,2906,2906,2906,2906,2906,2906,2906,2906,2906,2906,2906,2906,2906,2906,2906,2906,2906,2906,2906,2906,2906,2906,2906,2906,2906,2906,2906,2906,2906,2906,2906,2906,2906,2906,2906,2906,2906,2906,2906,2906,2906,2906,2906,2906,2906,2906,2906,
size:76
[agent] id:2
path:670,777,884,991,1098,1205,1312,1419,1418,1417,1416,1415,1414,1521,1628,1735,1842,1949,2056,2163,2270,2377,2484,2485,2486,2487,2488,2489,2490,2491,2492,2493,2494,2495,2496,2497,2498,2499,2500,2501,2502,2502,2502,2502,2502,2502,2502,2502,2502,2502,2502,2502,2502,2502,2502,2502,2502,2502,2502,2502,2502,2502,2502,2502,2502,2502,2502,2502,2502,2502,2502,2502,2502,2502,2502,2502,2502,2502,2502,2502,2502,2502,2502,2502,2502,2502,2502,2502,2502,2502,2502,
goal:2502,2502,2502,2502,2502,2502,2502,2502,2502,2502,2502,2502,2502,2502,2502,2502,2502,2502,2502,2502,2502,2502,2502,2502,2502,2502,2502,2502,2502,2502,2502,2502,2502,2502,2502,2502,2502,2502,2502,2502,2502,2502,2502,2502,2502,2502,2502,2502,2502,2502,2502,2502,2502,2502,2502,2502,2502,2502,2502,2502,2502,2502,2502,2502,2502,2502,2502,2502,2502,2502,2502,2502,2502,2502,2502,2502,2502,2502,2502,2502,2502,2502,2502,2502,2502,2502,2502,2502,2502,2502,2502,
size:40
[agent] id:3
path:1903,2010,2117,2224,2331,2438,2545,2652,2759,2866,2973,2972,2971,2970,2969,2968,2967,2966,2965,2964,2963,2962,2961,2960,2959,2958,2957,2956,2955,2954,2953,2952,2951,2950,2949,2948,2947,2946,2945,2944,2943,2942,2941,2940,2939,2938,2937,2936,3043,3042,3041,3040,3039,3038,3037,3036,3035,3034,3033,3032,3031,3030,3029,3028,3027,3026,3025,3024,3131,3238,3345,3344,3343,3342,3341,3340,3447,3554,3661,3768,3875,3982,4089,4196,4303,4302,4301,4300,4299,4298,4297,
goal:4297,4297,4297,4297,4297,4297,4297,4297,4297,4297,4297,4297,4297,4297,4297,4297,4297,4297,4297,4297,4297,4297,4297,4297,4297,4297,4297,4297,4297,4297,4297,4297,4297,4297,4297,4297,4297,4297,4297,4297,4297,4297,4297,4297,4297,4297,4297,4297,4297,4297,4297,4297,4297,4297,4297,4297,4297,4297,4297,4297,4297,4297,4297,4297,4297,4297,4297,4297,4297,4297,4297,4297,4297,4297,4297,4297,4297,4297,4297,4297,4297,4297,4297,4297,4297,4297,4297,4297,4297,4297,4297,
size:90
[agent] id:4
path:3925,3818,3711,3604,3603,3602,3495,3388,3281,3174,3067,2960,2853,2746,2639,2532,2425,2318,2211,2104,1997,1996,1995,1994,1993,1992,1991,1990,1989,1988,1987,1986,1985,1984,1983,1982,1981,1980,1979,1978,1871,1870,1869,1868,1867,1866,1759,1652,1545,1438,1331,1224,1117,1116,1115,1114,1113,1113,1113,1113,1113,1113,1113,1113,1113,1113,1113,1113,1113,1113,1113,1113,1113,1113,1113,1113,1113,1113,1113,1113,1113,1113,1113,1113,1113,1113,1113,1113,1113,1113,1113,
goal:1113,1113,1113,1113,1113,1113,1113,1113,1113,1113,1113,1113,1113,1113,1113,1113,1113,1113,1113,1113,1113,1113,1113,1113,1113,1113,1113,1113,1113,1113,1113,1113,1113,1113,1113,1113,1113,1113,1113,1113,1113,1113,1113,1113,1113,1113,1113,1113,1113,1113,1113,1113,1113,1113,1113,1113,1113,1113,1113,1113,1113,1113,1113,1113,1113,1113,1113,1113,1113,1113,1113,1113,1113,1113,1113,1113,1113,1113,1113,1113,1113,1113,1113,1113,1113,1113,1113,1113,1113,1113,1113,
size:56
[agent] id:5
path:2222,2115,2008,2007,2006,2005,2004,2003,2002,1895,1894,1893,1892,1891,1890,1889,1888,1888,1888,1888,1888,1888,1888,1888,1888,1888,1888,1888,1888,1888,1888,1888,1888,1888,1888,1888,1888,1888,1888,1888,1888,1888,1888,1888,1888,1888,1888,1888,1888,1888,1888,1888,1888,1888,1888,1888,1888,1888,1888,1888,1888,1888,1888,1888,1888,1888,1888,1888,1888,1888,1888,1888,1888,1888,1888,1888,1888,1888,1888,1888,1888,1888,1888,1888,1888,1888,1888,1888,1888,1888,1888,
goal:1888,1888,1888,1888,1888,1888,1888,1888,1888,1888,1888,1888,1888,1888,1888,1888,1888,1888,1888,1888,1888,1888,1888,1888,1888,1888,1888,1888,1888,1888,1888,1888,1888,1888,1888,1888,1888,1888,1888,1888,1888,1888,1888,1888,1888,1888,1888,1888,1888,1888,1888,1888,1888,1888,1888,1888,1888,1888,1888,1888,1888,1888,1888,1888,1888,1888,1888,1888,1888,1888,1888,1888,1888,1888,1888,1888,1888,1888,1888,1888,1888,1888,1888,1888,1888,1888,1888,1888,1888,1888,1888,
size:16
[agent] id:6
path:1852,1959,2066,2173,2280,2387,2494,2493,2492,2491,2490,2489,2488,2487,2486,2485,2484,2483,2482,2481,2480,2479,2478,2477,2476,2475,2474,2581,2580,2579,2578,2577,2577,2577,2577,2577,2577,2577,2577,2577,2577,2577,2577,2577,2577,2577,2577,2577,2577,2577,2577,2577,2577,2577,2577,2577,2577,2577,2577,2577,2577,2577,2577,2577,2577,2577,2577,2577,2577,2577,2577,2577,2577,2577,2577,2577,2577,2577,2577,2577,2577,2577,2577,2577,2577,2577,2577,2577,2577,2577,2577,
goal:2577,2577,2577,2577,2577,2577,2577,2577,2577,2577,2577,2577,2577,2577,2577,2577,2577,2577,2577,2577,2577,2577,2577,2577,2577,2577,2577,2577,2577,2577,2577,2577,2577,2577,2577,2577,2577,2577,2577,2577,2577,2577,2577,2577,2577,2577,2577,2577,2577,2577,2577,2577,2577,2577,2577,2577,2577,2577,2577,2577,2577,2577,2577,2577,2577,2577,2577,2577,2577,2577,2577,2577,2577,2577,2577,2577,2577,2577,2577,2577,2577,2577,2577,2577,2577,2577,2577,2577,2577,2577,2577,
size:31
[agent] id:7
path:778,671,670,563,562,455,454,453,452,451,450,449,449,449,449,449,449,449,449,449,449,449,449,449,449,449,449,449,449,449,449,449,449,449,449,449,449,449,449,449,449,449,449,449,449,449,449,449,449,449,449,449,449,449,449,449,449,449,449,449,449,449,449,449,449,449,449,449,449,449,449,449,449,449,449,449,449,449,449,449,449,449,449,449,449,449,449,449,449,449,449,
goal:449,449,449,449,449,449,449,449,449,449,449,449,449,449,449,449,449,449,449,449,449,449,449,449,449,449,449,449,449,449,449,449,449,449,449,449,449,449,449,449,449,449,449,449,449,449,449,449,449,449,449,449,449,449,449,449,449,449,449,449,449,449,449,449,449,449,449,449,449,449,449,449,449,449,449,449,449,449,449,449,449,449,449,449,449,449,449,449,449,449,449,
size:11
[agent] id:8
path:2943,3050,3049,3048,3047,3046,3045,3044,3044,3044,3044,3044,3044,3044,3044,3044,3044,3044,3044,3044,3044,3044,3044,3044,3044,3044,3044,3044,3044,3044,3044,3044,3044,3044,3044,3044,3044,3044,3044,3044,3044,3044,3044,3044,3044,3044,3044,3044,3044,3044,3044,3044,3044,3044,3044,3044,3044,3044,3044,3044,3044,3044,3044,3044,3044,3044,3044,3044,3044,3044,3044,3044,3044,3044,3044,3044,3044,3044,3044,3044,3044,3044,3044,3044,3044,3044,3044,3044,3044,3044,3044,
goal:3044,3044,3044,3044,3044,3044,3044,3044,3044,3044,3044,3044,3044,3044,3044,3044,3044,3044,3044,3044,3044,3044,3044,3044,3044,3044,3044,3044,3044,3044,3044,3044,3044,3044,3044,3044,3044,3044,3044,3044,3044,3044,3044,3044,3044,3044,3044,3044,3044,3044,3044,3044,3044,3044,3044,3044,3044,3044,3044,3044,3044,3044,3044,3044,3044,3044,3044,3044,3044,3044,3044,3044,3044,3044,3044,3044,3044,3044,3044,3044,3044,3044,3044,3044,3044,3044,3044,3044,3044,3044,3044,
size:7
[agent] id:9
path:2530,2423,2316,2209,2102,1995,1994,1993,1992,1991,1990,1989,1988,1987,1986,1985,1984,1983,1982,1981,1980,1979,1978,1977,1976,1975,1974,1973,1972,1971,1970,1969,1968,1967,1966,1965,1964,1963,1962,1961,1960,1959,1958,1957,1956,1955,1954,1847,1846,1845,1844,1843,1842,1735,1628,1521,1414,1307,1308,1308,1308,1308,1308,1308,1308,1308,1308,1308,1308,1308,1308,1308,1308,1308,1308,1308,1308,1308,1308,1308,1308,1308,1308,1308,1308,1308,1308,1308,1308,1308,1308,
goal:1308,1308,1308,1308,1308,1308,1308,1308,1308,1308,1308,1308,1308,1308,1308,1308,1308,1308,1308,1308,1308,1308,1308,1308,1308,1308,1308,1308,1308,1308,1308,1308,1308,1308,1308,1308,1308,1308,1308,1308,1308,1308,1308,1308,1308,1308,1308,1308,1308,1308,1308,1308,1308,1308,1308,1308,1308,1308,1308,1308,1308,1308,1308,1308,1308,1308,1308,1308,1308,1308,1308,1308,1308,1308,1308,1308,1308,1308,1308,1308,1308,1308,1308,1308,1308,1308,1308,1308,1308,1308,1308,
size:58
SolutionCost:457
