[setting] seed:74
[solver] type:ECBS
[solver] w:3.000000
[solver] ID:0
[solver] Lowlevelnode:3649
[solver] solved:1
[solver] elapsed:66
[solver] makespan:91
[problem] timesteplimit:10000
[problem] type:MAPF
[problem] agentnum:20
[graph] width:107
[graph] height:47
[graph] filename:./map/orz601d.map
[task] id:0,start:0,end:0,service time:0,nodes:4520,
[task] id:17,start:0,end:0,service time:0,nodes:2008,
[task] id:19,start:0,end:0,service time:0,nodes:2656,
[task] id:8,start:0,end:0,service time:0,nodes:3930,
[task] id:3,start:0,end:0,service time:0,nodes:1720,
[task] id:13,start:0,end:0,service time:0,nodes:586,
[task] id:15,start:0,end:0,service time:0,nodes:2683,
[task] id:4,start:0,end:0,service time:0,nodes:2695,
[task] id:14,start:0,end:0,service time:0,nodes:3705,
[task] id:16,start:0,end:0,service time:0,nodes:2728,
[task] id:5,start:0,end:0,service time:0,nodes:2658,
[task] id:10,start:0,end:0,service time:0,nodes:2051,
[task] id:6,start:0,end:0,service time:0,nodes:2600,
[task] id:11,start:0,end:0,service time:0,nodes:1110,
[task] id:7,start:0,end:0,service time:0,nodes:2549,
[task] id:9,start:0,end:0,service time:0,nodes:3715,
[task] id:12,start:0,end:0,service time:0,nodes:2576,
[task] id:1,start:0,end:0,service time:0,nodes:3597,
[task] id:2,start:0,end:0,service time:0,nodes:3987,
[task] id:18,start:0,end:0,service time:0,nodes:2454,
[agent] id:0
path:3868,3975,4082,4083,4190,4297,4298,4405,4406,4407,4408,4409,4410,4411,4412,4519,4520,4520,4520,4520,4520,4520,4520,4520,4520,4520,4520,4520,4520,4520,4520,4520,4520,4520,4520,4520,4520,4520,4520,4520,4520,4520,4520,4520,4520,4520,4520,4520,4520,4520,4520,4520,4520,4520,4520,4520,4520,4520,4520,4520,4520,4520,4520,4520,4520,4520,4520,4520,4520,4520,4520,4520,4520,4520,4520,4520,4520,4520,4520,4520,4520,4520,4520,4520,4520,4520,4520,4520,4520,4520,4520,4520,
goal:4520,4520,4520,4520,4520,4520,4520,4520,4520,4520,4520,4520,4520,4520,4520,4520,4520,4520,4520,4520,4520,4520,4520,4520,4520,4520,4520,4520,4520,4520,4520,4520,4520,4520,4520,4520,4520,4520,4520,4520,4520,4520,4520,4520,4520,4520,4520,4520,4520,4520,4520,4520,4520,4520,4520,4520,4520,4520,4520,4520,4520,4520,4520,4520,4520,4520,4520,4520,4520,4520,4520,4520,4520,4520,4520,4520,4520,4520,4520,4520,4520,4520,4520,4520,4520,4520,4520,4520,4520,4520,4520,4520,
size:16
[agent] id:1
path:669,776,883,990,1097,1204,1311,1418,1417,1416,1415,1414,1521,1628,1735,1842,1949,2056,2163,2270,2377,2484,2591,2698,2805,2912,3019,3020,3021,3022,3023,3024,3025,3026,3027,3028,3029,3030,3031,3032,3033,3034,3035,3036,3037,3038,3039,3040,3041,3042,3043,3044,3045,3046,3047,3048,3049,3050,3051,3052,3053,3054,3055,3056,3057,3058,3059,3060,3061,3062,3169,3170,3171,3172,3173,3280,3387,3494,3601,3600,3599,3598,3597,3597,3597,3597,3597,3597,3597,3597,3597,3597,
goal:3597,3597,3597,3597,3597,3597,3597,3597,3597,3597,3597,3597,3597,3597,3597,3597,3597,3597,3597,3597,3597,3597,3597,3597,3597,3597,3597,3597,3597,3597,3597,3597,3597,3597,3597,3597,3597,3597,3597,3597,3597,3597,3597,3597,3597,3597,3597,3597,3597,3597,3597,3597,3597,3597,3597,3597,3597,3597,3597,3597,3597,3597,3597,3597,3597,3597,3597,3597,3597,3597,3597,3597,3597,3597,3597,3597,3597,3597,3597,3597,3597,3597,3597,3597,3597,3597,3597,3597,3597,3597,3597,3597,
size:82
[agent] id:2
path:1255,1362,1361,1360,1467,1466,1465,1464,1463,1462,1569,1676,1783,1890,1997,2104,2211,2318,2425,2532,2639,2746,2853,2960,2959,2958,2957,2956,2955,2954,2953,2952,2951,2950,2949,2948,2947,2946,2945,2944,2943,2942,2941,2940,2939,2938,2937,2936,2935,2934,3041,3040,3039,3038,3037,3036,3035,3034,3033,3032,3031,3030,3029,3028,3027,3026,3025,3024,3131,3238,3345,3344,3343,3342,3341,3340,3447,3554,3661,3768,3875,3982,3983,3984,3985,3986,3987,3987,3987,3987,3987,3987,
goal:3987,3987,3987,3987,3987,3987,3987,3987,3987,3987,3987,3987,3987,3987,3987,3987,3987,3987,3987,3987,3987,3987,3987,3987,3987,3987,3987,3987,3987,3987,3987,3987,3987,3987,3987,3987,3987,3987,3987,3987,3987,3987,3987,3987,3987,3987,3987,3987,3987,3987,3987,3987,3987,3987,3987,3987,3987,3987,3987,3987,3987,3987,3987,3987,3987,3987,3987,3987,3987,3987,3987,3987,3987,3987,3987,3987,3987,3987,3987,3987,3987,3987,3987,3987,3987,3987,3987,3987,3987,3987,3987,3987,
size:86
[agent] id:3
path:1521,1628,1735,1734,1841,1840,1839,1838,1837,1836,1943,2050,2157,2264,2371,2370,2369,2368,2367,2260,2153,2046,1939,1938,1831,1724,1723,1722,1721,1720,1720,1720,1720,1720,1720,1720,1720,1720,1720,1720,1720,1720,1720,1720,1720,1720,1720,1720,1720,1720,1720,1720,1720,1720,1720,1720,1720,1720,1720,1720,1720,1720,1720,1720,1720,1720,1720,1720,1720,1720,1720,1720,1720,1720,1720,1720,1720,1720,1720,1720,1720,1720,1720,1720,1720,1720,1720,1720,1720,1720,1720,1720,
goal:1720,1720,1720,1720,1720,1720,1720,1720,1720,1720,1720,1720,1720,1720,1720,1720,1720,1720,1720,1720,1720,1720,1720,1720,1720,1720,1720,1720,1720,1720,1720,1720,1720,1720,1720,1720,1720,1720,1720,1720,1720,1720,1720,1720,1720,1720,1720,1720,1720,1720,1720,1720,1720,1720,1720,1720,1720,1720,1720,1720,1720,1720,1720,1720,1720,1720,1720,1720,1720,1720,1720,1720,1720,1720,1720,1720,1720,1720,1720,1720,1720,1720,1720,1720,1720,1720,1720,1720,1720,1720,1720,1720,
size:29
[agent] id:4
path:2636,2743,2742,2741,2740,2739,2738,2737,2736,2735,2734,2733,2732,2731,2730,2729,2728,2727,2726,2725,2724,2723,2722,2721,2720,2719,2718,2717,2716,2715,2714,2713,2712,2711,2710,2709,2708,2707,2706,2705,2704,2703,2702,2701,2700,2699,2698,2697,2696,2695,2695,2695,2695,2695,2695,2695,2695,2695,2695,2695,2695,2695,2695,2695,2695,2695,2695,2695,2695,2695,2695,2695,2695,2695,2695,2695,2695,2695,2695,2695,2695,2695,2695,2695,2695,2695,2695,2695,2695,2695,2695,2695,
goal:2695,2695,2695,2695,2695,2695,2695,2695,2695,2695,2695,2695,2695,2695,2695,2695,2695,2695,2695,2695,2695,2695,2695,2695,2695,2695,2695,2695,2695,2695,2695,2695,2695,2695,2695,2695,2695,2695,2695,2695,2695,2695,2695,2695,2695,2695,2695,2695,2695,2695,2695,2695,2695,2695,2695,2695,2695,2695,2695,2695,2695,2695,2695,2695,2695,2695,2695,2695,2695,2695,2695,2695,2695,2695,2695,2695,2695,2695,2695,2695,2695,2695,2695,2695,2695,2695,2695,2695,2695,2695,2695,2695,
size:49
[agent] id:5
path:2393,2394,2395,2396,2397,2398,2399,2400,2401,2402,2403,2404,2405,2406,2407,2408,2409,2410,2411,2412,2413,2414,2415,2416,2417,2418,2525,2526,2527,2528,2529,2530,2531,2532,2533,2534,2535,2536,2537,2538,2539,2540,2541,2542,2543,2544,2545,2546,2547,2548,2549,2550,2657,2658,2658,2658,2658,2658,2658,2658,2658,2658,2658,2658,2658,2658,2658,2658,2658,2658,2658,2658,2658,2658,2658,2658,2658,2658,2658,2658,2658,2658,2658,2658,2658,2658,2658,2658,2658,2658,2658,2658,
goal:2658,2658,2658,2658,2658,2658,2658,2658,2658,2658,2658,2658,2658,2658,2658,2658,2658,2658,2658,2658,2658,2658,2658,2658,2658,2658,2658,2658,2658,2658,2658,2658,2658,2658,2658,2658,2658,2658,2658,2658,2658,2658,2658,2658,2658,2658,2658,2658,2658,2658,2658,2658,2658,2658,2658,2658,2658,2658,2658,2658,2658,2658,2658,2658,2658,2658,2658,2658,2658,2658,2658,2658,2658,2658,2658,2658,2658,2658,2658,2658,2658,2658,2658,2658,2658,2658,2658,2658,2658,2658,2658,2658,
size:53
[agent] id:6
path:814,921,1028,1135,1242,1349,1350,1457,1458,1459,1460,1461,1568,1675,1782,1889,1996,2103,2210,2317,2424,2531,2638,2637,2636,2635,2634,2633,2632,2631,2630,2629,2628,2627,2626,2625,2624,2623,2622,2621,2620,2619,2618,2617,2616,2615,2614,2613,2612,2611,2610,2609,2608,2607,2606,2605,2604,2603,2602,2601,2600,2600,2600,2600,2600,2600,2600,2600,2600,2600,2600,2600,2600,2600,2600,2600,2600,2600,2600,2600,2600,2600,2600,2600,2600,2600,2600,2600,2600,2600,2600,2600,
goal:2600,2600,2600,2600,2600,2600,2600,2600,2600,2600,2600,2600,2600,2600,2600,2600,2600,2600,2600,2600,2600,2600,2600,2600,2600,2600,2600,2600,2600,2600,2600,2600,2600,2600,2600,2600,2600,2600,2600,2600,2600,2600,2600,2600,2600,2600,2600,2600,2600,2600,2600,2600,2600,2600,2600,2600,2600,2600,2600,2600,2600,2600,2600,2600,2600,2600,2600,2600,2600,2600,2600,2600,2600,2600,2600,2600,2600,2600,2600,2600,2600,2600,2600,2600,2600,2600,2600,2600,2600,2600,2600,2600,
size:60
[agent] id:7
path:1845,1952,2059,2166,2273,2380,2381,2382,2383,2384,2385,2386,2387,2388,2389,2390,2391,2392,2393,2394,2395,2396,2397,2398,2399,2400,2401,2402,2403,2404,2405,2406,2407,2408,2515,2516,2517,2518,2519,2520,2521,2522,2523,2524,2525,2526,2527,2528,2529,2530,2531,2532,2533,2534,2535,2536,2537,2538,2539,2540,2541,2542,2543,2544,2545,2546,2547,2548,2549,2549,2549,2549,2549,2549,2549,2549,2549,2549,2549,2549,2549,2549,2549,2549,2549,2549,2549,2549,2549,2549,2549,2549,
goal:2549,2549,2549,2549,2549,2549,2549,2549,2549,2549,2549,2549,2549,2549,2549,2549,2549,2549,2549,2549,2549,2549,2549,2549,2549,2549,2549,2549,2549,2549,2549,2549,2549,2549,2549,2549,2549,2549,2549,2549,2549,2549,2549,2549,2549,2549,2549,2549,2549,2549,2549,2549,2549,2549,2549,2549,2549,2549,2549,2549,2549,2549,2549,2549,2549,2549,2549,2549,2549,2549,2549,2549,2549,2549,2549,2549,2549,2549,2549,2549,2549,2549,2549,2549,2549,2549,2549,2549,2549,2549,2549,2549,
size:68
[agent] id:8
path:2426,2533,2640,2747,2854,2961,3068,3175,3174,3281,3388,3495,3602,3709,3816,3923,3924,3925,3926,3927,3928,3929,3930,3930,3930,3930,3930,3930,3930,3930,3930,3930,3930,3930,3930,3930,3930,3930,3930,3930,3930,3930,3930,3930,3930,3930,3930,3930,3930,3930,3930,3930,3930,3930,3930,3930,3930,3930,3930,3930,3930,3930,3930,3930,3930,3930,3930,3930,3930,3930,3930,3930,3930,3930,3930,3930,3930,3930,3930,3930,3930,3930,3930,3930,3930,3930,3930,3930,3930,3930,3930,3930,
goal:3930,3930,3930,3930,3930,3930,3930,3930,3930,3930,3930,3930,3930,3930,3930,3930,3930,3930,3930,3930,3930,3930,3930,3930,3930,3930,3930,3930,3930,3930,3930,3930,3930,3930,3930,3930,3930,3930,3930,3930,3930,3930,3930,3930,3930,3930,3930,3930,3930,3930,3930,3930,3930,3930,3930,3930,3930,3930,3930,3930,3930,3930,3930,3930,3930,3930,3930,3930,3930,3930,3930,3930,3930,3930,3930,3930,3930,3930,3930,3930,3930,3930,3930,3930,3930,3930,3930,3930,3930,3930,3930,3930,
size:22
[agent] id:9
path:1950,2057,2164,2271,2378,2485,2592,2699,2806,2913,3020,3021,3022,3023,3024,3025,3026,3027,3028,3029,3030,3031,3032,3033,3034,3035,3036,3037,3038,3039,3040,3041,3042,3043,3044,3045,3046,3047,3048,3049,3050,3051,3052,3053,3054,3055,3056,3057,3058,3059,3060,3061,3062,3169,3170,3171,3172,3173,3280,3387,3494,3601,3708,3709,3710,3711,3712,3713,3714,3715,3715,3715,3715,3715,3715,3715,3715,3715,3715,3715,3715,3715,3715,3715,3715,3715,3715,3715,3715,3715,3715,3715,
goal:3715,3715,3715,3715,3715,3715,3715,3715,3715,3715,3715,3715,3715,3715,3715,3715,3715,3715,3715,3715,3715,3715,3715,3715,3715,3715,3715,3715,3715,3715,3715,3715,3715,3715,3715,3715,3715,3715,3715,3715,3715,3715,3715,3715,3715,3715,3715,3715,3715,3715,3715,3715,3715,3715,3715,3715,3715,3715,3715,3715,3715,3715,3715,3715,3715,3715,3715,3715,3715,3715,3715,3715,3715,3715,3715,3715,3715,3715,3715,3715,3715,3715,3715,3715,3715,3715,3715,3715,3715,3715,3715,3715,
size:69
[agent] id:10
path:2952,2845,2738,2631,2524,2417,2310,2203,2096,2095,2094,2093,2092,2091,2090,2089,2088,2087,2086,2085,2084,2083,2082,2081,2080,2079,2078,2077,2076,2075,2074,2073,2072,2071,2070,2069,2068,2067,2066,2065,2064,2063,2062,2061,2060,2059,2058,2057,2056,2055,2054,2053,2052,2051,2051,2051,2051,2051,2051,2051,2051,2051,2051,2051,2051,2051,2051,2051,2051,2051,2051,2051,2051,2051,2051,2051,2051,2051,2051,2051,2051,2051,2051,2051,2051,2051,2051,2051,2051,2051,2051,2051,
goal:2051,2051,2051,2051,2051,2051,2051,2051,2051,2051,2051,2051,2051,2051,2051,2051,2051,2051,2051,2051,2051,2051,2051,2051,2051,2051,2051,2051,2051,2051,2051,2051,2051,2051,2051,2051,2051,2051,2051,2051,2051,2051,2051,2051,2051,2051,2051,2051,2051,2051,2051,2051,2051,2051,2051,2051,2051,2051,2051,2051,2051,2051,2051,2051,2051,2051,2051,2051,2051,2051,2051,2051,2051,2051,2051,2051,2051,2051,2051,2051,2051,2051,2051,2051,2051,2051,2051,2051,2051,2051,2051,2051,
size:53
[agent] id:11
path:3219,3112,3005,2898,2791,2684,2577,2470,2471,2472,2473,2474,2475,2476,2477,2478,2371,2264,2157,2050,1943,1944,1945,1946,1947,1948,1949,1950,1951,1952,1953,1954,1955,1956,1957,1958,1959,1960,1961,1962,1963,1964,1965,1966,1967,1860,1861,1862,1863,1864,1865,1758,1651,1544,1437,1330,1223,1116,1115,1114,1113,1112,1111,1110,1110,1110,1110,1110,1110,1110,1110,1110,1110,1110,1110,1110,1110,1110,1110,1110,1110,1110,1110,1110,1110,1110,1110,1110,1110,1110,1110,1110,
goal:1110,1110,1110,1110,1110,1110,1110,1110,1110,1110,1110,1110,1110,1110,1110,1110,1110,1110,1110,1110,1110,1110,1110,1110,1110,1110,1110,1110,1110,1110,1110,1110,1110,1110,1110,1110,1110,1110,1110,1110,1110,1110,1110,1110,1110,1110,1110,1110,1110,1110,1110,1110,1110,1110,1110,1110,1110,1110,1110,1110,1110,1110,1110,1110,1110,1110,1110,1110,1110,1110,1110,1110,1110,1110,1110,1110,1110,1110,1110,1110,1110,1110,1110,1110,1110,1110,1110,1110,1110,1110,1110,1110,
size:63
[agent] id:12
path:1360,1467,1466,1465,1464,1463,1462,1569,1676,1783,1890,1997,2104,2211,2318,2425,2532,2531,2530,2529,2528,2527,2526,2525,2524,2523,2522,2521,2520,2519,2518,2517,2516,2515,2514,2513,2512,2511,2510,2509,2508,2507,2506,2505,2504,2503,2502,2501,2500,2499,2498,2497,2496,2495,2494,2493,2492,2491,2490,2489,2488,2487,2486,2485,2484,2483,2482,2481,2480,2479,2478,2477,2476,2475,2474,2581,2580,2579,2578,2577,2576,2576,2576,2576,2576,2576,2576,2576,2576,2576,2576,2576,
goal:2576,2576,2576,2576,2576,2576,2576,2576,2576,2576,2576,2576,2576,2576,2576,2576,2576,2576,2576,2576,2576,2576,2576,2576,2576,2576,2576,2576,2576,2576,2576,2576,2576,2576,2576,2576,2576,2576,2576,2576,2576,2576,2576,2576,2576,2576,2576,2576,2576,2576,2576,2576,2576,2576,2576,2576,2576,2576,2576,2576,2576,2576,2576,2576,2576,2576,2576,2576,2576,2576,2576,2576,2576,2576,2576,2576,2576,2576,2576,2576,2576,2576,2576,2576,2576,2576,2576,2576,2576,2576,2576,2576,
size:80
[agent] id:13
path:2202,2095,1988,1987,1986,1985,1984,1983,1982,1981,1980,1979,1978,1871,1870,1869,1868,1867,1866,1759,1652,1545,1438,1331,1224,1117,1010,903,796,689,582,583,584,585,586,586,586,586,586,586,586,586,586,586,586,586,586,586,586,586,586,586,586,586,586,586,586,586,586,586,586,586,586,586,586,586,586,586,586,586,586,586,586,586,586,586,586,586,586,586,586,586,586,586,586,586,586,586,586,586,586,586,
goal:586,586,586,586,586,586,586,586,586,586,586,586,586,586,586,586,586,586,586,586,586,586,586,586,586,586,586,586,586,586,586,586,586,586,586,586,586,586,586,586,586,586,586,586,586,586,586,586,586,586,586,586,586,586,586,586,586,586,586,586,586,586,586,586,586,586,586,586,586,586,586,586,586,586,586,586,586,586,586,586,586,586,586,586,586,586,586,586,586,586,586,586,
size:34
[agent] id:14
path:2027,2134,2241,2348,2455,2562,2669,2668,2667,2666,2665,2664,2663,2662,2661,2660,2767,2874,2981,3088,3087,3086,3085,3084,3083,3082,3081,3080,3079,3078,3077,3076,3075,3074,3073,3072,3179,3178,3177,3176,3175,3174,3281,3388,3495,3602,3709,3708,3707,3706,3705,3705,3705,3705,3705,3705,3705,3705,3705,3705,3705,3705,3705,3705,3705,3705,3705,3705,3705,3705,3705,3705,3705,3705,3705,3705,3705,3705,3705,3705,3705,3705,3705,3705,3705,3705,3705,3705,3705,3705,3705,3705,
goal:3705,3705,3705,3705,3705,3705,3705,3705,3705,3705,3705,3705,3705,3705,3705,3705,3705,3705,3705,3705,3705,3705,3705,3705,3705,3705,3705,3705,3705,3705,3705,3705,3705,3705,3705,3705,3705,3705,3705,3705,3705,3705,3705,3705,3705,3705,3705,3705,3705,3705,3705,3705,3705,3705,3705,3705,3705,3705,3705,3705,3705,3705,3705,3705,3705,3705,3705,3705,3705,3705,3705,3705,3705,3705,3705,3705,3705,3705,3705,3705,3705,3705,3705,3705,3705,3705,3705,3705,3705,3705,3705,3705,
size:50
[agent] id:15
path:4521,4414,4307,4200,4093,3986,3879,3772,3771,3770,3769,3768,3661,3554,3447,3340,3233,3126,3019,2912,2805,2698,2697,2696,2695,2694,2693,2692,2585,2478,2477,2476,2475,2474,2581,2688,2687,2686,2685,2684,2683,2683,2683,2683,2683,2683,2683,2683,2683,2683,2683,2683,2683,2683,2683,2683,2683,2683,2683,2683,2683,2683,2683,2683,2683,2683,2683,2683,2683,2683,2683,2683,2683,2683,2683,2683,2683,2683,2683,2683,2683,2683,2683,2683,2683,2683,2683,2683,2683,2683,2683,2683,
goal:2683,2683,2683,2683,2683,2683,2683,2683,2683,2683,2683,2683,2683,2683,2683,2683,2683,2683,2683,2683,2683,2683,2683,2683,2683,2683,2683,2683,2683,2683,2683,2683,2683,2683,2683,2683,2683,2683,2683,2683,2683,2683,2683,2683,2683,2683,2683,2683,2683,2683,2683,2683,2683,2683,2683,2683,2683,2683,2683,2683,2683,2683,2683,2683,2683,2683,2683,2683,2683,2683,2683,2683,2683,2683,2683,2683,2683,2683,2683,2683,2683,2683,2683,2683,2683,2683,2683,2683,2683,2683,2683,2683,
size:40
[agent] id:16
path:1934,2041,2148,2255,2362,2469,2470,2471,2472,2473,2474,2475,2476,2477,2478,2585,2586,2587,2588,2589,2590,2591,2592,2593,2594,2595,2596,2597,2598,2599,2600,2601,2602,2603,2604,2711,2712,2713,2714,2715,2716,2717,2718,2719,2720,2721,2722,2723,2724,2725,2726,2727,2728,2728,2728,2728,2728,2728,2728,2728,2728,2728,2728,2728,2728,2728,2728,2728,2728,2728,2728,2728,2728,2728,2728,2728,2728,2728,2728,2728,2728,2728,2728,2728,2728,2728,2728,2728,2728,2728,2728,2728,
goal:2728,2728,2728,2728,2728,2728,2728,2728,2728,2728,2728,2728,2728,2728,2728,2728,2728,2728,2728,2728,2728,2728,2728,2728,2728,2728,2728,2728,2728,2728,2728,2728,2728,2728,2728,2728,2728,2728,2728,2728,2728,2728,2728,2728,2728,2728,2728,2728,2728,2728,2728,2728,2728,2728,2728,2728,2728,2728,2728,2728,2728,2728,2728,2728,2728,2728,2728,2728,2728,2728,2728,2728,2728,2728,2728,2728,2728,2728,2728,2728,2728,2728,2728,2728,2728,2728,2728,2728,2728,2728,2728,2728,
size:52
[agent] id:17
path:2532,2425,2318,2211,2104,1997,1998,1999,2000,2001,2002,2003,2004,2005,2006,2007,2008,2008,2008,2008,2008,2008,2008,2008,2008,2008,2008,2008,2008,2008,2008,2008,2008,2008,2008,2008,2008,2008,2008,2008,2008,2008,2008,2008,2008,2008,2008,2008,2008,2008,2008,2008,2008,2008,2008,2008,2008,2008,2008,2008,2008,2008,2008,2008,2008,2008,2008,2008,2008,2008,2008,2008,2008,2008,2008,2008,2008,2008,2008,2008,2008,2008,2008,2008,2008,2008,2008,2008,2008,2008,2008,2008,
goal:2008,2008,2008,2008,2008,2008,2008,2008,2008,2008,2008,2008,2008,2008,2008,2008,2008,2008,2008,2008,2008,2008,2008,2008,2008,2008,2008,2008,2008,2008,2008,2008,2008,2008,2008,2008,2008,2008,2008,2008,2008,2008,2008,2008,2008,2008,2008,2008,2008,2008,2008,2008,2008,2008,2008,2008,2008,2008,2008,2008,2008,2008,2008,2008,2008,2008,2008,2008,2008,2008,2008,2008,2008,2008,2008,2008,2008,2008,2008,2008,2008,2008,2008,2008,2008,2008,2008,2008,2008,2008,2008,2008,
size:16
[agent] id:18
path:2687,2580,2473,2366,2367,2368,2369,2370,2371,2372,2373,2374,2375,2376,2377,2378,2379,2380,2381,2382,2383,2384,2385,2386,2387,2388,2389,2390,2391,2392,2393,2394,2395,2396,2397,2398,2399,2400,2401,2402,2403,2404,2405,2406,2407,2408,2409,2410,2411,2412,2413,2414,2415,2416,2417,2418,2419,2420,2421,2422,2423,2424,2425,2426,2427,2428,2429,2430,2431,2432,2433,2434,2435,2436,2437,2438,2439,2440,2441,2442,2443,2444,2445,2446,2447,2448,2449,2450,2451,2452,2453,2454,
goal:2454,2454,2454,2454,2454,2454,2454,2454,2454,2454,2454,2454,2454,2454,2454,2454,2454,2454,2454,2454,2454,2454,2454,2454,2454,2454,2454,2454,2454,2454,2454,2454,2454,2454,2454,2454,2454,2454,2454,2454,2454,2454,2454,2454,2454,2454,2454,2454,2454,2454,2454,2454,2454,2454,2454,2454,2454,2454,2454,2454,2454,2454,2454,2454,2454,2454,2454,2454,2454,2454,2454,2454,2454,2454,2454,2454,2454,2454,2454,2454,2454,2454,2454,2454,2454,2454,2454,2454,2454,2454,2454,2454,
size:91
[agent] id:19
path:2533,2640,2641,2642,2643,2644,2645,2646,2647,2648,2649,2650,2651,2652,2653,2654,2655,2656,2656,2656,2656,2656,2656,2656,2656,2656,2656,2656,2656,2656,2656,2656,2656,2656,2656,2656,2656,2656,2656,2656,2656,2656,2656,2656,2656,2656,2656,2656,2656,2656,2656,2656,2656,2656,2656,2656,2656,2656,2656,2656,2656,2656,2656,2656,2656,2656,2656,2656,2656,2656,2656,2656,2656,2656,2656,2656,2656,2656,2656,2656,2656,2656,2656,2656,2656,2656,2656,2656,2656,2656,2656,2656,
goal:2656,2656,2656,2656,2656,2656,2656,2656,2656,2656,2656,2656,2656,2656,2656,2656,2656,2656,2656,2656,2656,2656,2656,2656,2656,2656,2656,2656,2656,2656,2656,2656,2656,2656,2656,2656,2656,2656,2656,2656,2656,2656,2656,2656,2656,2656,2656,2656,2656,2656,2656,2656,2656,2656,2656,2656,2656,2656,2656,2656,2656,2656,2656,2656,2656,2656,2656,2656,2656,2656,2656,2656,2656,2656,2656,2656,2656,2656,2656,2656,2656,2656,2656,2656,2656,2656,2656,2656,2656,2656,2656,2656,
size:17
SolutionCost:1030
