[setting] seed:66
[solver] type:ECBS
[solver] w:3.000000
[solver] ID:0
[solver] Lowlevelnode:11133
[solver] solved:1
[solver] elapsed:71
[solver] makespan:88
[problem] timesteplimit:10000
[problem] type:MAPF
[problem] agentnum:20
[graph] width:107
[graph] height:47
[graph] filename:./map/orz601d.map
[task] id:13,start:0,end:0,service time:0,nodes:2632,
[task] id:4,start:0,end:0,service time:0,nodes:4028,
[task] id:15,start:0,end:0,service time:0,nodes:3179,
[task] id:0,start:0,end:0,service time:0,nodes:2285,
[task] id:3,start:0,end:0,service time:0,nodes:2292,
[task] id:16,start:0,end:0,service time:0,nodes:2597,
[task] id:2,start:0,end:0,service time:0,nodes:2075,
[task] id:7,start:0,end:0,service time:0,nodes:2707,
[task] id:8,start:0,end:0,service time:0,nodes:1520,
[task] id:11,start:0,end:0,service time:0,nodes:2537,
[task] id:19,start:0,end:0,service time:0,nodes:2277,
[task] id:9,start:0,end:0,service time:0,nodes:2544,
[task] id:17,start:0,end:0,service time:0,nodes:1017,
[task] id:14,start:0,end:0,service time:0,nodes:2523,
[task] id:12,start:0,end:0,service time:0,nodes:2102,
[task] id:1,start:0,end:0,service time:0,nodes:3078,
[task] id:18,start:0,end:0,service time:0,nodes:2152,
[task] id:5,start:0,end:0,service time:0,nodes:2470,
[task] id:10,start:0,end:0,service time:0,nodes:2549,
[task] id:6,start:0,end:0,service time:0,nodes:933,
[agent] id:0
path:2590,2483,2376,2269,2270,2271,2272,2273,2274,2275,2276,2277,2278,2279,2280,2281,2282,2283,2284,2285,2285,2285,2285,2285,2285,2285,2285,2285,2285,2285,2285,2285,2285,2285,2285,2285,2285,2285,2285,2285,2285,2285,2285,2285,2285,2285,2285,2285,2285,2285,2285,2285,2285,2285,2285,2285,2285,2285,2285,2285,2285,2285,2285,2285,2285,2285,2285,2285,2285,2285,2285,2285,2285,2285,2285,2285,2285,2285,2285,2285,2285,2285,2285,2285,2285,2285,2285,2285,2285,
goal:2285,2285,2285,2285,2285,2285,2285,2285,2285,2285,2285,2285,2285,2285,2285,2285,2285,2285,2285,2285,2285,2285,2285,2285,2285,2285,2285,2285,2285,2285,2285,2285,2285,2285,2285,2285,2285,2285,2285,2285,2285,2285,2285,2285,2285,2285,2285,2285,2285,2285,2285,2285,2285,2285,2285,2285,2285,2285,2285,2285,2285,2285,2285,2285,2285,2285,2285,2285,2285,2285,2285,2285,2285,2285,2285,2285,2285,2285,2285,2285,2285,2285,2285,2285,2285,2285,2285,2285,2285,
size:19
[agent] id:1
path:4406,4299,4192,4085,3978,3871,3764,3765,3766,3767,3660,3553,3446,3339,3232,3125,3018,3019,3020,3021,3022,3023,3024,3025,3026,3027,3028,3029,3030,3031,3032,3033,3034,3035,3036,3037,3038,3039,3040,3041,3042,3043,3044,3045,3046,3047,3048,3049,3050,3051,3052,3053,3054,3055,3056,3057,3058,3059,3060,3061,3062,3063,3064,3065,3066,3067,3068,3069,3070,3071,3072,3073,3074,3075,3076,3077,3078,3078,3078,3078,3078,3078,3078,3078,3078,3078,3078,3078,3078,
goal:3078,3078,3078,3078,3078,3078,3078,3078,3078,3078,3078,3078,3078,3078,3078,3078,3078,3078,3078,3078,3078,3078,3078,3078,3078,3078,3078,3078,3078,3078,3078,3078,3078,3078,3078,3078,3078,3078,3078,3078,3078,3078,3078,3078,3078,3078,3078,3078,3078,3078,3078,3078,3078,3078,3078,3078,3078,3078,3078,3078,3078,3078,3078,3078,3078,3078,3078,3078,3078,3078,3078,3078,3078,3078,3078,3078,3078,3078,3078,3078,3078,3078,3078,3078,3078,3078,3078,3078,3078,
size:76
[agent] id:2
path:3264,3157,3050,2943,2836,2729,2622,2515,2408,2301,2194,2087,2086,2085,2084,2083,2082,2081,2080,2079,2078,2077,2076,2075,2075,2075,2075,2075,2075,2075,2075,2075,2075,2075,2075,2075,2075,2075,2075,2075,2075,2075,2075,2075,2075,2075,2075,2075,2075,2075,2075,2075,2075,2075,2075,2075,2075,2075,2075,2075,2075,2075,2075,2075,2075,2075,2075,2075,2075,2075,2075,2075,2075,2075,2075,2075,2075,2075,2075,2075,2075,2075,2075,2075,2075,2075,2075,2075,2075,
goal:2075,2075,2075,2075,2075,2075,2075,2075,2075,2075,2075,2075,2075,2075,2075,2075,2075,2075,2075,2075,2075,2075,2075,2075,2075,2075,2075,2075,2075,2075,2075,2075,2075,2075,2075,2075,2075,2075,2075,2075,2075,2075,2075,2075,2075,2075,2075,2075,2075,2075,2075,2075,2075,2075,2075,2075,2075,2075,2075,2075,2075,2075,2075,2075,2075,2075,2075,2075,2075,2075,2075,2075,2075,2075,2075,2075,2075,2075,2075,2075,2075,2075,2075,2075,2075,2075,2075,2075,2075,
size:23
[agent] id:3
path:791,898,1005,1112,1219,1326,1433,1434,1435,1436,1437,1544,1651,1758,1865,1972,2079,2186,2293,2292,2292,2292,2292,2292,2292,2292,2292,2292,2292,2292,2292,2292,2292,2292,2292,2292,2292,2292,2292,2292,2292,2292,2292,2292,2292,2292,2292,2292,2292,2292,2292,2292,2292,2292,2292,2292,2292,2292,2292,2292,2292,2292,2292,2292,2292,2292,2292,2292,2292,2292,2292,2292,2292,2292,2292,2292,2292,2292,2292,2292,2292,2292,2292,2292,2292,2292,2292,2292,2292,
goal:2292,2292,2292,2292,2292,2292,2292,2292,2292,2292,2292,2292,2292,2292,2292,2292,2292,2292,2292,2292,2292,2292,2292,2292,2292,2292,2292,2292,2292,2292,2292,2292,2292,2292,2292,2292,2292,2292,2292,2292,2292,2292,2292,2292,2292,2292,2292,2292,2292,2292,2292,2292,2292,2292,2292,2292,2292,2292,2292,2292,2292,2292,2292,2292,2292,2292,2292,2292,2292,2292,2292,2292,2292,2292,2292,2292,2292,2292,2292,2292,2292,2292,2292,2292,2292,2292,2292,2292,2292,
size:19
[agent] id:4
path:4023,4024,4025,4026,4027,4028,4028,4028,4028,4028,4028,4028,4028,4028,4028,4028,4028,4028,4028,4028,4028,4028,4028,4028,4028,4028,4028,4028,4028,4028,4028,4028,4028,4028,4028,4028,4028,4028,4028,4028,4028,4028,4028,4028,4028,4028,4028,4028,4028,4028,4028,4028,4028,4028,4028,4028,4028,4028,4028,4028,4028,4028,4028,4028,4028,4028,4028,4028,4028,4028,4028,4028,4028,4028,4028,4028,4028,4028,4028,4028,4028,4028,4028,4028,4028,4028,4028,4028,4028,
goal:4028,4028,4028,4028,4028,4028,4028,4028,4028,4028,4028,4028,4028,4028,4028,4028,4028,4028,4028,4028,4028,4028,4028,4028,4028,4028,4028,4028,4028,4028,4028,4028,4028,4028,4028,4028,4028,4028,4028,4028,4028,4028,4028,4028,4028,4028,4028,4028,4028,4028,4028,4028,4028,4028,4028,4028,4028,4028,4028,4028,4028,4028,4028,4028,4028,4028,4028,4028,4028,4028,4028,4028,4028,4028,4028,4028,4028,4028,4028,4028,4028,4028,4028,4028,4028,4028,4028,4028,4028,
size:5
[agent] id:5
path:2443,2442,2441,2440,2439,2438,2437,2436,2435,2434,2433,2432,2431,2430,2429,2428,2427,2426,2425,2424,2423,2422,2421,2420,2419,2418,2417,2416,2415,2414,2413,2412,2411,2410,2409,2408,2407,2406,2405,2404,2403,2402,2401,2400,2507,2506,2505,2504,2503,2502,2501,2500,2499,2498,2497,2496,2495,2494,2493,2492,2491,2490,2489,2488,2487,2486,2485,2484,2483,2482,2481,2480,2479,2478,2477,2476,2475,2474,2473,2472,2471,2470,2470,2470,2470,2470,2470,2470,2470,
goal:2470,2470,2470,2470,2470,2470,2470,2470,2470,2470,2470,2470,2470,2470,2470,2470,2470,2470,2470,2470,2470,2470,2470,2470,2470,2470,2470,2470,2470,2470,2470,2470,2470,2470,2470,2470,2470,2470,2470,2470,2470,2470,2470,2470,2470,2470,2470,2470,2470,2470,2470,2470,2470,2470,2470,2470,2470,2470,2470,2470,2470,2470,2470,2470,2470,2470,2470,2470,2470,2470,2470,2470,2470,2470,2470,2470,2470,2470,2470,2470,2470,2470,2470,2470,2470,2470,2470,2470,2470,
size:81
[agent] id:6
path:1721,1722,1723,1724,1831,1938,1939,2046,2153,2260,2367,2368,2369,2370,2371,2264,2157,2050,1943,1944,1945,1946,1947,1948,1949,1950,1951,1952,1953,1954,1955,1956,1957,1958,1959,1960,1961,1962,1963,1964,1965,1966,1967,1968,1969,1970,1971,1972,1973,1974,1975,1976,1977,1978,1979,1980,1981,1982,1983,1984,1985,1986,1987,1988,1989,1990,1991,1884,1885,1886,1887,1888,1889,1782,1675,1568,1461,1354,1247,1140,1033,926,927,928,929,930,931,932,933,
goal:933,933,933,933,933,933,933,933,933,933,933,933,933,933,933,933,933,933,933,933,933,933,933,933,933,933,933,933,933,933,933,933,933,933,933,933,933,933,933,933,933,933,933,933,933,933,933,933,933,933,933,933,933,933,933,933,933,933,933,933,933,933,933,933,933,933,933,933,933,933,933,933,933,933,933,933,933,933,933,933,933,933,933,933,933,933,933,933,933,
size:88
[agent] id:7
path:2622,2729,2728,2727,2726,2725,2724,2723,2722,2721,2720,2719,2718,2717,2716,2715,2714,2713,2712,2711,2710,2709,2708,2707,2707,2707,2707,2707,2707,2707,2707,2707,2707,2707,2707,2707,2707,2707,2707,2707,2707,2707,2707,2707,2707,2707,2707,2707,2707,2707,2707,2707,2707,2707,2707,2707,2707,2707,2707,2707,2707,2707,2707,2707,2707,2707,2707,2707,2707,2707,2707,2707,2707,2707,2707,2707,2707,2707,2707,2707,2707,2707,2707,2707,2707,2707,2707,2707,2707,
goal:2707,2707,2707,2707,2707,2707,2707,2707,2707,2707,2707,2707,2707,2707,2707,2707,2707,2707,2707,2707,2707,2707,2707,2707,2707,2707,2707,2707,2707,2707,2707,2707,2707,2707,2707,2707,2707,2707,2707,2707,2707,2707,2707,2707,2707,2707,2707,2707,2707,2707,2707,2707,2707,2707,2707,2707,2707,2707,2707,2707,2707,2707,2707,2707,2707,2707,2707,2707,2707,2707,2707,2707,2707,2707,2707,2707,2707,2707,2707,2707,2707,2707,2707,2707,2707,2707,2707,2707,2707,
size:23
[agent] id:8
path:3873,3766,3767,3660,3553,3446,3339,3232,3125,3018,2911,2804,2697,2590,2483,2376,2269,2162,2055,1948,1841,1734,1627,1520,1520,1520,1520,1520,1520,1520,1520,1520,1520,1520,1520,1520,1520,1520,1520,1520,1520,1520,1520,1520,1520,1520,1520,1520,1520,1520,1520,1520,1520,1520,1520,1520,1520,1520,1520,1520,1520,1520,1520,1520,1520,1520,1520,1520,1520,1520,1520,1520,1520,1520,1520,1520,1520,1520,1520,1520,1520,1520,1520,1520,1520,1520,1520,1520,1520,
goal:1520,1520,1520,1520,1520,1520,1520,1520,1520,1520,1520,1520,1520,1520,1520,1520,1520,1520,1520,1520,1520,1520,1520,1520,1520,1520,1520,1520,1520,1520,1520,1520,1520,1520,1520,1520,1520,1520,1520,1520,1520,1520,1520,1520,1520,1520,1520,1520,1520,1520,1520,1520,1520,1520,1520,1520,1520,1520,1520,1520,1520,1520,1520,1520,1520,1520,1520,1520,1520,1520,1520,1520,1520,1520,1520,1520,1520,1520,1520,1520,1520,1520,1520,1520,1520,1520,1520,1520,1520,
size:23
[agent] id:9
path:4568,4461,4354,4247,4140,4033,3926,3819,3712,3605,3604,3603,3602,3495,3388,3281,3174,3067,2960,2853,2746,2639,2640,2641,2642,2643,2644,2645,2538,2539,2540,2541,2542,2543,2544,2544,2544,2544,2544,2544,2544,2544,2544,2544,2544,2544,2544,2544,2544,2544,2544,2544,2544,2544,2544,2544,2544,2544,2544,2544,2544,2544,2544,2544,2544,2544,2544,2544,2544,2544,2544,2544,2544,2544,2544,2544,2544,2544,2544,2544,2544,2544,2544,2544,2544,2544,2544,2544,2544,
goal:2544,2544,2544,2544,2544,2544,2544,2544,2544,2544,2544,2544,2544,2544,2544,2544,2544,2544,2544,2544,2544,2544,2544,2544,2544,2544,2544,2544,2544,2544,2544,2544,2544,2544,2544,2544,2544,2544,2544,2544,2544,2544,2544,2544,2544,2544,2544,2544,2544,2544,2544,2544,2544,2544,2544,2544,2544,2544,2544,2544,2544,2544,2544,2544,2544,2544,2544,2544,2544,2544,2544,2544,2544,2544,2544,2544,2544,2544,2544,2544,2544,2544,2544,2544,2544,2544,2544,2544,2544,
size:34
[agent] id:10
path:2898,2791,2684,2577,2470,2471,2472,2473,2474,2475,2476,2477,2478,2479,2480,2481,2482,2483,2484,2485,2486,2487,2488,2489,2490,2491,2492,2493,2494,2495,2496,2497,2498,2499,2500,2501,2502,2503,2504,2505,2506,2507,2508,2509,2510,2511,2512,2513,2514,2515,2516,2517,2518,2519,2520,2521,2522,2415,2416,2417,2418,2419,2420,2421,2422,2423,2424,2425,2426,2427,2428,2429,2430,2431,2432,2433,2434,2435,2436,2437,2438,2545,2546,2547,2548,2549,2549,2549,2549,
goal:2549,2549,2549,2549,2549,2549,2549,2549,2549,2549,2549,2549,2549,2549,2549,2549,2549,2549,2549,2549,2549,2549,2549,2549,2549,2549,2549,2549,2549,2549,2549,2549,2549,2549,2549,2549,2549,2549,2549,2549,2549,2549,2549,2549,2549,2549,2549,2549,2549,2549,2549,2549,2549,2549,2549,2549,2549,2549,2549,2549,2549,2549,2549,2549,2549,2549,2549,2549,2549,2549,2549,2549,2549,2549,2549,2549,2549,2549,2549,2549,2549,2549,2549,2549,2549,2549,2549,2549,2549,
size:85
[agent] id:11
path:2834,2727,2620,2513,2514,2515,2516,2517,2518,2519,2520,2521,2522,2523,2524,2525,2526,2527,2528,2529,2530,2531,2532,2533,2534,2535,2536,2537,2537,2537,2537,2537,2537,2537,2537,2537,2537,2537,2537,2537,2537,2537,2537,2537,2537,2537,2537,2537,2537,2537,2537,2537,2537,2537,2537,2537,2537,2537,2537,2537,2537,2537,2537,2537,2537,2537,2537,2537,2537,2537,2537,2537,2537,2537,2537,2537,2537,2537,2537,2537,2537,2537,2537,2537,2537,2537,2537,2537,2537,
goal:2537,2537,2537,2537,2537,2537,2537,2537,2537,2537,2537,2537,2537,2537,2537,2537,2537,2537,2537,2537,2537,2537,2537,2537,2537,2537,2537,2537,2537,2537,2537,2537,2537,2537,2537,2537,2537,2537,2537,2537,2537,2537,2537,2537,2537,2537,2537,2537,2537,2537,2537,2537,2537,2537,2537,2537,2537,2537,2537,2537,2537,2537,2537,2537,2537,2537,2537,2537,2537,2537,2537,2537,2537,2537,2537,2537,2537,2537,2537,2537,2537,2537,2537,2537,2537,2537,2537,2537,2537,
size:27
[agent] id:12
path:3131,3024,2917,2810,2703,2596,2597,2598,2599,2600,2601,2602,2603,2604,2605,2606,2607,2608,2609,2610,2611,2612,2613,2614,2615,2616,2617,2618,2619,2620,2621,2622,2623,2624,2625,2626,2627,2628,2629,2630,2631,2524,2417,2310,2203,2096,2097,2098,2099,2100,2101,2102,2102,2102,2102,2102,2102,2102,2102,2102,2102,2102,2102,2102,2102,2102,2102,2102,2102,2102,2102,2102,2102,2102,2102,2102,2102,2102,2102,2102,2102,2102,2102,2102,2102,2102,2102,2102,2102,
goal:2102,2102,2102,2102,2102,2102,2102,2102,2102,2102,2102,2102,2102,2102,2102,2102,2102,2102,2102,2102,2102,2102,2102,2102,2102,2102,2102,2102,2102,2102,2102,2102,2102,2102,2102,2102,2102,2102,2102,2102,2102,2102,2102,2102,2102,2102,2102,2102,2102,2102,2102,2102,2102,2102,2102,2102,2102,2102,2102,2102,2102,2102,2102,2102,2102,2102,2102,2102,2102,2102,2102,2102,2102,2102,2102,2102,2102,2102,2102,2102,2102,2102,2102,2102,2102,2102,2102,2102,2102,
size:51
[agent] id:13
path:2524,2631,2632,2632,2632,2632,2632,2632,2632,2632,2632,2632,2632,2632,2632,2632,2632,2632,2632,2632,2632,2632,2632,2632,2632,2632,2632,2632,2632,2632,2632,2632,2632,2632,2632,2632,2632,2632,2632,2632,2632,2632,2632,2632,2632,2632,2632,2632,2632,2632,2632,2632,2632,2632,2632,2632,2632,2632,2632,2632,2632,2632,2632,2632,2632,2632,2632,2632,2632,2632,2632,2632,2632,2632,2632,2632,2632,2632,2632,2632,2632,2632,2632,2632,2632,2632,2632,2632,2632,
goal:2632,2632,2632,2632,2632,2632,2632,2632,2632,2632,2632,2632,2632,2632,2632,2632,2632,2632,2632,2632,2632,2632,2632,2632,2632,2632,2632,2632,2632,2632,2632,2632,2632,2632,2632,2632,2632,2632,2632,2632,2632,2632,2632,2632,2632,2632,2632,2632,2632,2632,2632,2632,2632,2632,2632,2632,2632,2632,2632,2632,2632,2632,2632,2632,2632,2632,2632,2632,2632,2632,2632,2632,2632,2632,2632,2632,2632,2632,2632,2632,2632,2632,2632,2632,2632,2632,2632,2632,2632,
size:2
[agent] id:14
path:2591,2484,2485,2486,2487,2488,2489,2490,2491,2492,2493,2494,2495,2496,2497,2498,2499,2500,2501,2502,2503,2504,2505,2506,2507,2508,2509,2510,2511,2512,2513,2514,2515,2516,2517,2518,2519,2520,2521,2522,2523,2523,2523,2523,2523,2523,2523,2523,2523,2523,2523,2523,2523,2523,2523,2523,2523,2523,2523,2523,2523,2523,2523,2523,2523,2523,2523,2523,2523,2523,2523,2523,2523,2523,2523,2523,2523,2523,2523,2523,2523,2523,2523,2523,2523,2523,2523,2523,2523,
goal:2523,2523,2523,2523,2523,2523,2523,2523,2523,2523,2523,2523,2523,2523,2523,2523,2523,2523,2523,2523,2523,2523,2523,2523,2523,2523,2523,2523,2523,2523,2523,2523,2523,2523,2523,2523,2523,2523,2523,2523,2523,2523,2523,2523,2523,2523,2523,2523,2523,2523,2523,2523,2523,2523,2523,2523,2523,2523,2523,2523,2523,2523,2523,2523,2523,2523,2523,2523,2523,2523,2523,2523,2523,2523,2523,2523,2523,2523,2523,2523,2523,2523,2523,2523,2523,2523,2523,2523,2523,
size:40
[agent] id:15
path:2738,2845,2952,3059,3060,3061,3062,3169,3170,3171,3172,3173,3174,3175,3176,3177,3178,3179,3179,3179,3179,3179,3179,3179,3179,3179,3179,3179,3179,3179,3179,3179,3179,3179,3179,3179,3179,3179,3179,3179,3179,3179,3179,3179,3179,3179,3179,3179,3179,3179,3179,3179,3179,3179,3179,3179,3179,3179,3179,3179,3179,3179,3179,3179,3179,3179,3179,3179,3179,3179,3179,3179,3179,3179,3179,3179,3179,3179,3179,3179,3179,3179,3179,3179,3179,3179,3179,3179,3179,
goal:3179,3179,3179,3179,3179,3179,3179,3179,3179,3179,3179,3179,3179,3179,3179,3179,3179,3179,3179,3179,3179,3179,3179,3179,3179,3179,3179,3179,3179,3179,3179,3179,3179,3179,3179,3179,3179,3179,3179,3179,3179,3179,3179,3179,3179,3179,3179,3179,3179,3179,3179,3179,3179,3179,3179,3179,3179,3179,3179,3179,3179,3179,3179,3179,3179,3179,3179,3179,3179,3179,3179,3179,3179,3179,3179,3179,3179,3179,3179,3179,3179,3179,3179,3179,3179,3179,3179,3179,3179,
size:17
[agent] id:16
path:2794,2687,2580,2581,2474,2475,2476,2477,2478,2585,2586,2587,2588,2589,2590,2591,2592,2593,2594,2595,2596,2597,2597,2597,2597,2597,2597,2597,2597,2597,2597,2597,2597,2597,2597,2597,2597,2597,2597,2597,2597,2597,2597,2597,2597,2597,2597,2597,2597,2597,2597,2597,2597,2597,2597,2597,2597,2597,2597,2597,2597,2597,2597,2597,2597,2597,2597,2597,2597,2597,2597,2597,2597,2597,2597,2597,2597,2597,2597,2597,2597,2597,2597,2597,2597,2597,2597,2597,2597,
goal:2597,2597,2597,2597,2597,2597,2597,2597,2597,2597,2597,2597,2597,2597,2597,2597,2597,2597,2597,2597,2597,2597,2597,2597,2597,2597,2597,2597,2597,2597,2597,2597,2597,2597,2597,2597,2597,2597,2597,2597,2597,2597,2597,2597,2597,2597,2597,2597,2597,2597,2597,2597,2597,2597,2597,2597,2597,2597,2597,2597,2597,2597,2597,2597,2597,2597,2597,2597,2597,2597,2597,2597,2597,2597,2597,2597,2597,2597,2597,2597,2597,2597,2597,2597,2597,2597,2597,2597,2597,
size:21
[agent] id:17
path:2383,2276,2169,2062,1955,1956,1957,1958,1959,1960,1961,1962,1963,1964,1965,1966,1967,1860,1861,1862,1863,1864,1865,1758,1651,1544,1437,1330,1223,1116,1009,1010,1011,1012,1013,1014,1015,1016,1017,1017,1017,1017,1017,1017,1017,1017,1017,1017,1017,1017,1017,1017,1017,1017,1017,1017,1017,1017,1017,1017,1017,1017,1017,1017,1017,1017,1017,1017,1017,1017,1017,1017,1017,1017,1017,1017,1017,1017,1017,1017,1017,1017,1017,1017,1017,1017,1017,1017,1017,
goal:1017,1017,1017,1017,1017,1017,1017,1017,1017,1017,1017,1017,1017,1017,1017,1017,1017,1017,1017,1017,1017,1017,1017,1017,1017,1017,1017,1017,1017,1017,1017,1017,1017,1017,1017,1017,1017,1017,1017,1017,1017,1017,1017,1017,1017,1017,1017,1017,1017,1017,1017,1017,1017,1017,1017,1017,1017,1017,1017,1017,1017,1017,1017,1017,1017,1017,1017,1017,1017,1017,1017,1017,1017,1017,1017,1017,1017,1017,1017,1017,1017,1017,1017,1017,1017,1017,1017,1017,1017,
size:38
[agent] id:18
path:715,822,929,1036,1143,1250,1357,1464,1463,1462,1569,1676,1783,1890,1997,2104,2211,2210,2209,2208,2207,2206,2205,2204,2203,2202,2201,2200,2199,2198,2197,2196,2195,2194,2193,2192,2191,2190,2189,2188,2187,2186,2185,2184,2183,2182,2181,2180,2179,2178,2177,2176,2175,2174,2173,2172,2171,2170,2169,2168,2167,2166,2165,2164,2163,2162,2161,2160,2159,2158,2157,2264,2371,2370,2369,2368,2367,2260,2153,2152,2152,2152,2152,2152,2152,2152,2152,2152,2152,
goal:2152,2152,2152,2152,2152,2152,2152,2152,2152,2152,2152,2152,2152,2152,2152,2152,2152,2152,2152,2152,2152,2152,2152,2152,2152,2152,2152,2152,2152,2152,2152,2152,2152,2152,2152,2152,2152,2152,2152,2152,2152,2152,2152,2152,2152,2152,2152,2152,2152,2152,2152,2152,2152,2152,2152,2152,2152,2152,2152,2152,2152,2152,2152,2152,2152,2152,2152,2152,2152,2152,2152,2152,2152,2152,2152,2152,2152,2152,2152,2152,2152,2152,2152,2152,2152,2152,2152,2152,2152,
size:79
[agent] id:19
path:1720,1827,1934,2041,2148,2255,2256,2257,2258,2259,2260,2367,2368,2369,2370,2371,2264,2265,2266,2267,2268,2269,2270,2271,2272,2273,2274,2275,2276,2277,2277,2277,2277,2277,2277,2277,2277,2277,2277,2277,2277,2277,2277,2277,2277,2277,2277,2277,2277,2277,2277,2277,2277,2277,2277,2277,2277,2277,2277,2277,2277,2277,2277,2277,2277,2277,2277,2277,2277,2277,2277,2277,2277,2277,2277,2277,2277,2277,2277,2277,2277,2277,2277,2277,2277,2277,2277,2277,2277,
goal:2277,2277,2277,2277,2277,2277,2277,2277,2277,2277,2277,2277,2277,2277,2277,2277,2277,2277,2277,2277,2277,2277,2277,2277,2277,2277,2277,2277,2277,2277,2277,2277,2277,2277,2277,2277,2277,2277,2277,2277,2277,2277,2277,2277,2277,2277,2277,2277,2277,2277,2277,2277,2277,2277,2277,2277,2277,2277,2277,2277,2277,2277,2277,2277,2277,2277,2277,2277,2277,2277,2277,2277,2277,2277,2277,2277,2277,2277,2277,2277,2277,2277,2277,2277,2277,2277,2277,2277,2277,
size:29
SolutionCost:780
