[setting] seed:41
[solver] type:ECBS
[solver] w:3.000000
[solver] ID:0
[solver] Lowlevelnode:23250
[solver] solved:1
[solver] elapsed:175
[solver] makespan:84
[problem] timesteplimit:10000
[problem] type:MAPF
[problem] agentnum:20
[graph] width:107
[graph] height:47
[graph] filename:./map/orz601d.map
[task] id:5,start:0,end:0,service time:0,nodes:1117,
[task] id:3,start:0,end:0,service time:0,nodes:2044,
[task] id:13,start:0,end:0,service time:0,nodes:1845,
[task] id:16,start:0,end:0,service time:0,nodes:4083,
[task] id:1,start:0,end:0,service time:0,nodes:2688,
[task] id:11,start:0,end:0,service time:0,nodes:1804,
[task] id:17,start:0,end:0,service time:0,nodes:4303,
[task] id:0,start:0,end:0,service time:0,nodes:2509,
[task] id:15,start:0,end:0,service time:0,nodes:2619,
[task] id:4,start:0,end:0,service time:0,nodes:905,
[task] id:6,start:0,end:0,service time:0,nodes:3015,
[task] id:7,start:0,end:0,service time:0,nodes:1838,
[task] id:18,start:0,end:0,service time:0,nodes:4457,
[task] id:9,start:0,end:0,service time:0,nodes:2561,
[task] id:14,start:0,end:0,service time:0,nodes:1218,
[task] id:19,start:0,end:0,service time:0,nodes:2704,
[task] id:8,start:0,end:0,service time:0,nodes:1829,
[task] id:2,start:0,end:0,service time:0,nodes:2168,
[task] id:10,start:0,end:0,service time:0,nodes:2701,
[task] id:12,start:0,end:0,service time:0,nodes:4135,
[agent] id:0
path:1841,1948,2055,2162,2269,2376,2483,2484,2485,2486,2487,2488,2489,2490,2491,2492,2493,2494,2495,2496,2497,2498,2499,2500,2501,2502,2503,2504,2505,2506,2507,2508,2509,2509,2509,2509,2509,2509,2509,2509,2509,2509,2509,2509,2509,2509,2509,2509,2509,2509,2509,2509,2509,2509,2509,2509,2509,2509,2509,2509,2509,2509,2509,2509,2509,2509,2509,2509,2509,2509,2509,2509,2509,2509,2509,2509,2509,2509,2509,2509,2509,2509,2509,2509,2509,
goal:2509,2509,2509,2509,2509,2509,2509,2509,2509,2509,2509,2509,2509,2509,2509,2509,2509,2509,2509,2509,2509,2509,2509,2509,2509,2509,2509,2509,2509,2509,2509,2509,2509,2509,2509,2509,2509,2509,2509,2509,2509,2509,2509,2509,2509,2509,2509,2509,2509,2509,2509,2509,2509,2509,2509,2509,2509,2509,2509,2509,2509,2509,2509,2509,2509,2509,2509,2509,2509,2509,2509,2509,2509,2509,2509,2509,2509,2509,2509,2509,2509,2509,2509,2509,2509,
size:32
[agent] id:1
path:1095,1202,1309,1416,1415,1414,1521,1628,1735,1842,1949,2056,2163,2270,2377,2484,2483,2482,2481,2480,2479,2478,2477,2476,2475,2474,2581,2688,2688,2688,2688,2688,2688,2688,2688,2688,2688,2688,2688,2688,2688,2688,2688,2688,2688,2688,2688,2688,2688,2688,2688,2688,2688,2688,2688,2688,2688,2688,2688,2688,2688,2688,2688,2688,2688,2688,2688,2688,2688,2688,2688,2688,2688,2688,2688,2688,2688,2688,2688,2688,2688,2688,2688,2688,2688,
goal:2688,2688,2688,2688,2688,2688,2688,2688,2688,2688,2688,2688,2688,2688,2688,2688,2688,2688,2688,2688,2688,2688,2688,2688,2688,2688,2688,2688,2688,2688,2688,2688,2688,2688,2688,2688,2688,2688,2688,2688,2688,2688,2688,2688,2688,2688,2688,2688,2688,2688,2688,2688,2688,2688,2688,2688,2688,2688,2688,2688,2688,2688,2688,2688,2688,2688,2688,2688,2688,2688,2688,2688,2688,2688,2688,2688,2688,2688,2688,2688,2688,2688,2688,2688,2688,
size:27
[agent] id:2
path:2443,2336,2229,2228,2227,2226,2225,2224,2223,2222,2221,2220,2219,2218,2217,2216,2215,2214,2213,2212,2211,2210,2209,2208,2207,2206,2205,2204,2203,2202,2201,2200,2199,2198,2197,2196,2195,2194,2193,2192,2191,2190,2189,2188,2187,2186,2185,2184,2183,2182,2181,2180,2179,2178,2177,2176,2175,2174,2173,2172,2171,2170,2169,2168,2168,2168,2168,2168,2168,2168,2168,2168,2168,2168,2168,2168,2168,2168,2168,2168,2168,2168,2168,2168,2168,
goal:2168,2168,2168,2168,2168,2168,2168,2168,2168,2168,2168,2168,2168,2168,2168,2168,2168,2168,2168,2168,2168,2168,2168,2168,2168,2168,2168,2168,2168,2168,2168,2168,2168,2168,2168,2168,2168,2168,2168,2168,2168,2168,2168,2168,2168,2168,2168,2168,2168,2168,2168,2168,2168,2168,2168,2168,2168,2168,2168,2168,2168,2168,2168,2168,2168,2168,2168,2168,2168,2168,2168,2168,2168,2168,2168,2168,2168,2168,2168,2168,2168,2168,2168,2168,2168,
size:63
[agent] id:3
path:1837,1944,2051,2050,2157,2264,2371,2370,2369,2368,2367,2260,2153,2046,2045,2044,2044,2044,2044,2044,2044,2044,2044,2044,2044,2044,2044,2044,2044,2044,2044,2044,2044,2044,2044,2044,2044,2044,2044,2044,2044,2044,2044,2044,2044,2044,2044,2044,2044,2044,2044,2044,2044,2044,2044,2044,2044,2044,2044,2044,2044,2044,2044,2044,2044,2044,2044,2044,2044,2044,2044,2044,2044,2044,2044,2044,2044,2044,2044,2044,2044,2044,2044,2044,2044,
goal:2044,2044,2044,2044,2044,2044,2044,2044,2044,2044,2044,2044,2044,2044,2044,2044,2044,2044,2044,2044,2044,2044,2044,2044,2044,2044,2044,2044,2044,2044,2044,2044,2044,2044,2044,2044,2044,2044,2044,2044,2044,2044,2044,2044,2044,2044,2044,2044,2044,2044,2044,2044,2044,2044,2044,2044,2044,2044,2044,2044,2044,2044,2044,2044,2044,2044,2044,2044,2044,2044,2044,2044,2044,2044,2044,2044,2044,2044,2044,2044,2044,2044,2044,2044,2044,
size:15
[agent] id:4
path:1355,1462,1569,1676,1783,1890,1997,1996,1995,1994,1993,1992,1991,1990,1989,1988,1987,1986,1985,1984,1983,1982,1981,1980,1979,1978,1871,1870,1869,1868,1867,1866,1759,1652,1545,1438,1331,1224,1225,1118,1011,904,905,905,905,905,905,905,905,905,905,905,905,905,905,905,905,905,905,905,905,905,905,905,905,905,905,905,905,905,905,905,905,905,905,905,905,905,905,905,905,905,905,905,905,
goal:905,905,905,905,905,905,905,905,905,905,905,905,905,905,905,905,905,905,905,905,905,905,905,905,905,905,905,905,905,905,905,905,905,905,905,905,905,905,905,905,905,905,905,905,905,905,905,905,905,905,905,905,905,905,905,905,905,905,905,905,905,905,905,905,905,905,905,905,905,905,905,905,905,905,905,905,905,905,905,905,905,905,905,905,905,
size:42
[agent] id:5
path:1218,1111,1112,1113,1114,1115,1116,1117,1117,1117,1117,1117,1117,1117,1117,1117,1117,1117,1117,1117,1117,1117,1117,1117,1117,1117,1117,1117,1117,1117,1117,1117,1117,1117,1117,1117,1117,1117,1117,1117,1117,1117,1117,1117,1117,1117,1117,1117,1117,1117,1117,1117,1117,1117,1117,1117,1117,1117,1117,1117,1117,1117,1117,1117,1117,1117,1117,1117,1117,1117,1117,1117,1117,1117,1117,1117,1117,1117,1117,1117,1117,1117,1117,1117,1117,
goal:1117,1117,1117,1117,1117,1117,1117,1117,1117,1117,1117,1117,1117,1117,1117,1117,1117,1117,1117,1117,1117,1117,1117,1117,1117,1117,1117,1117,1117,1117,1117,1117,1117,1117,1117,1117,1117,1117,1117,1117,1117,1117,1117,1117,1117,1117,1117,1117,1117,1117,1117,1117,1117,1117,1117,1117,1117,1117,1117,1117,1117,1117,1117,1117,1117,1117,1117,1117,1117,1117,1117,1117,1117,1117,1117,1117,1117,1117,1117,1117,1117,1117,1117,1117,1117,
size:7
[agent] id:6
path:1117,1224,1331,1438,1545,1652,1759,1866,1973,2080,2187,2294,2401,2508,2615,2722,2829,2936,3043,3042,3041,3040,3039,3038,3037,3036,3035,3034,3033,3032,3031,3030,3029,3028,3027,3026,3025,3024,3023,3022,3021,3020,3019,3018,3017,3016,3015,3015,3015,3015,3015,3015,3015,3015,3015,3015,3015,3015,3015,3015,3015,3015,3015,3015,3015,3015,3015,3015,3015,3015,3015,3015,3015,3015,3015,3015,3015,3015,3015,3015,3015,3015,3015,3015,3015,
goal:3015,3015,3015,3015,3015,3015,3015,3015,3015,3015,3015,3015,3015,3015,3015,3015,3015,3015,3015,3015,3015,3015,3015,3015,3015,3015,3015,3015,3015,3015,3015,3015,3015,3015,3015,3015,3015,3015,3015,3015,3015,3015,3015,3015,3015,3015,3015,3015,3015,3015,3015,3015,3015,3015,3015,3015,3015,3015,3015,3015,3015,3015,3015,3015,3015,3015,3015,3015,3015,3015,3015,3015,3015,3015,3015,3015,3015,3015,3015,3015,3015,3015,3015,3015,3015,
size:46
[agent] id:7
path:2944,2837,2730,2623,2516,2409,2302,2195,2088,1981,1980,1979,1978,1977,1976,1975,1974,1973,1972,1971,1970,1969,1968,1967,1966,1965,1964,1963,1962,1961,1960,1959,1958,1957,1956,1955,1954,1953,1952,1951,1844,1843,1842,1841,1840,1839,1838,1838,1838,1838,1838,1838,1838,1838,1838,1838,1838,1838,1838,1838,1838,1838,1838,1838,1838,1838,1838,1838,1838,1838,1838,1838,1838,1838,1838,1838,1838,1838,1838,1838,1838,1838,1838,1838,1838,
goal:1838,1838,1838,1838,1838,1838,1838,1838,1838,1838,1838,1838,1838,1838,1838,1838,1838,1838,1838,1838,1838,1838,1838,1838,1838,1838,1838,1838,1838,1838,1838,1838,1838,1838,1838,1838,1838,1838,1838,1838,1838,1838,1838,1838,1838,1838,1838,1838,1838,1838,1838,1838,1838,1838,1838,1838,1838,1838,1838,1838,1838,1838,1838,1838,1838,1838,1838,1838,1838,1838,1838,1838,1838,1838,1838,1838,1838,1838,1838,1838,1838,1838,1838,1838,1838,
size:46
[agent] id:8
path:900,1007,1114,1221,1328,1435,1436,1437,1544,1651,1758,1865,1864,1863,1862,1861,1860,1967,1966,1965,1964,1963,1962,1961,1960,1959,1958,1957,1956,1955,1954,1953,1952,1951,1950,1949,1948,1947,1946,1945,1944,1943,2050,2157,2264,2371,2370,2369,2368,2367,2260,2153,2046,1939,1938,1831,1830,1829,1829,1829,1829,1829,1829,1829,1829,1829,1829,1829,1829,1829,1829,1829,1829,1829,1829,1829,1829,1829,1829,1829,1829,1829,1829,1829,1829,
goal:1829,1829,1829,1829,1829,1829,1829,1829,1829,1829,1829,1829,1829,1829,1829,1829,1829,1829,1829,1829,1829,1829,1829,1829,1829,1829,1829,1829,1829,1829,1829,1829,1829,1829,1829,1829,1829,1829,1829,1829,1829,1829,1829,1829,1829,1829,1829,1829,1829,1829,1829,1829,1829,1829,1829,1829,1829,1829,1829,1829,1829,1829,1829,1829,1829,1829,1829,1829,1829,1829,1829,1829,1829,1829,1829,1829,1829,1829,1829,1829,1829,1829,1829,1829,1829,
size:57
[agent] id:9
path:2834,2727,2620,2513,2514,2515,2516,2517,2518,2519,2520,2521,2522,2523,2524,2525,2526,2527,2528,2529,2530,2531,2532,2533,2534,2535,2536,2537,2538,2539,2540,2541,2542,2543,2544,2545,2546,2547,2548,2549,2550,2551,2552,2553,2554,2555,2556,2557,2558,2559,2560,2561,2561,2561,2561,2561,2561,2561,2561,2561,2561,2561,2561,2561,2561,2561,2561,2561,2561,2561,2561,2561,2561,2561,2561,2561,2561,2561,2561,2561,2561,2561,2561,2561,2561,
goal:2561,2561,2561,2561,2561,2561,2561,2561,2561,2561,2561,2561,2561,2561,2561,2561,2561,2561,2561,2561,2561,2561,2561,2561,2561,2561,2561,2561,2561,2561,2561,2561,2561,2561,2561,2561,2561,2561,2561,2561,2561,2561,2561,2561,2561,2561,2561,2561,2561,2561,2561,2561,2561,2561,2561,2561,2561,2561,2561,2561,2561,2561,2561,2561,2561,2561,2561,2561,2561,2561,2561,2561,2561,2561,2561,2561,2561,2561,2561,2561,2561,2561,2561,2561,2561,
size:51
[agent] id:10
path:3092,3093,2986,2879,2772,2665,2664,2663,2662,2661,2660,2767,2766,2765,2764,2763,2762,2761,2760,2759,2758,2757,2756,2755,2754,2753,2752,2751,2750,2749,2748,2747,2746,2745,2744,2743,2742,2741,2740,2739,2738,2737,2736,2735,2734,2733,2732,2731,2730,2729,2728,2727,2726,2725,2724,2723,2722,2721,2720,2719,2718,2717,2716,2715,2714,2713,2712,2711,2710,2709,2708,2707,2706,2705,2812,2811,2810,2703,2702,2701,2701,2701,2701,2701,2701,
goal:2701,2701,2701,2701,2701,2701,2701,2701,2701,2701,2701,2701,2701,2701,2701,2701,2701,2701,2701,2701,2701,2701,2701,2701,2701,2701,2701,2701,2701,2701,2701,2701,2701,2701,2701,2701,2701,2701,2701,2701,2701,2701,2701,2701,2701,2701,2701,2701,2701,2701,2701,2701,2701,2701,2701,2701,2701,2701,2701,2701,2701,2701,2701,2701,2701,2701,2701,2701,2701,2701,2701,2701,2701,2701,2701,2701,2701,2701,2701,2701,2701,2701,2701,2701,2701,
size:79
[agent] id:11
path:3178,3071,2964,2857,2750,2643,2536,2429,2322,2215,2108,2001,2002,2003,2004,2005,2006,2007,2008,2009,2010,2011,2012,2013,2014,2015,1908,1909,1802,1803,1804,1804,1804,1804,1804,1804,1804,1804,1804,1804,1804,1804,1804,1804,1804,1804,1804,1804,1804,1804,1804,1804,1804,1804,1804,1804,1804,1804,1804,1804,1804,1804,1804,1804,1804,1804,1804,1804,1804,1804,1804,1804,1804,1804,1804,1804,1804,1804,1804,1804,1804,1804,1804,1804,1804,
goal:1804,1804,1804,1804,1804,1804,1804,1804,1804,1804,1804,1804,1804,1804,1804,1804,1804,1804,1804,1804,1804,1804,1804,1804,1804,1804,1804,1804,1804,1804,1804,1804,1804,1804,1804,1804,1804,1804,1804,1804,1804,1804,1804,1804,1804,1804,1804,1804,1804,1804,1804,1804,1804,1804,1804,1804,1804,1804,1804,1804,1804,1804,1804,1804,1804,1804,1804,1804,1804,1804,1804,1804,1804,1804,1804,1804,1804,1804,1804,1804,1804,1804,1804,1804,1804,
size:30
[agent] id:12
path:561,668,775,882,989,1096,1203,1310,1417,1416,1415,1414,1521,1628,1735,1842,1949,2056,2163,2270,2377,2484,2591,2698,2805,2912,2913,2914,2915,2916,2917,2918,2919,2920,2921,3028,3029,3030,3031,3032,3033,3034,3035,3036,3037,3038,3039,3040,3041,3042,3043,3044,3045,3046,3047,3048,3049,3050,3051,3052,3053,3054,3055,3056,3057,3058,3059,3060,3061,3062,3169,3170,3171,3172,3173,3280,3387,3494,3601,3708,3815,3922,4029,4136,4135,
goal:4135,4135,4135,4135,4135,4135,4135,4135,4135,4135,4135,4135,4135,4135,4135,4135,4135,4135,4135,4135,4135,4135,4135,4135,4135,4135,4135,4135,4135,4135,4135,4135,4135,4135,4135,4135,4135,4135,4135,4135,4135,4135,4135,4135,4135,4135,4135,4135,4135,4135,4135,4135,4135,4135,4135,4135,4135,4135,4135,4135,4135,4135,4135,4135,4135,4135,4135,4135,4135,4135,4135,4135,4135,4135,4135,4135,4135,4135,4135,4135,4135,4135,4135,4135,4135,
size:84
[agent] id:13
path:557,664,771,878,985,1092,1199,1306,1413,1520,1627,1734,1841,1842,1843,1844,1845,1845,1845,1845,1845,1845,1845,1845,1845,1845,1845,1845,1845,1845,1845,1845,1845,1845,1845,1845,1845,1845,1845,1845,1845,1845,1845,1845,1845,1845,1845,1845,1845,1845,1845,1845,1845,1845,1845,1845,1845,1845,1845,1845,1845,1845,1845,1845,1845,1845,1845,1845,1845,1845,1845,1845,1845,1845,1845,1845,1845,1845,1845,1845,1845,1845,1845,1845,1845,
goal:1845,1845,1845,1845,1845,1845,1845,1845,1845,1845,1845,1845,1845,1845,1845,1845,1845,1845,1845,1845,1845,1845,1845,1845,1845,1845,1845,1845,1845,1845,1845,1845,1845,1845,1845,1845,1845,1845,1845,1845,1845,1845,1845,1845,1845,1845,1845,1845,1845,1845,1845,1845,1845,1845,1845,1845,1845,1845,1845,1845,1845,1845,1845,1845,1845,1845,1845,1845,1845,1845,1845,1845,1845,1845,1845,1845,1845,1845,1845,1845,1845,1845,1845,1845,1845,
size:16
[agent] id:14
path:3179,3072,2965,2858,2751,2644,2537,2430,2323,2216,2109,2108,2001,2000,1999,1998,1997,1996,1995,1994,1993,1992,1991,1990,1989,1988,1987,1986,1985,1984,1983,1982,1981,1980,1979,1978,1871,1870,1869,1868,1867,1866,1759,1652,1545,1438,1331,1224,1223,1222,1221,1220,1219,1218,1218,1218,1218,1218,1218,1218,1218,1218,1218,1218,1218,1218,1218,1218,1218,1218,1218,1218,1218,1218,1218,1218,1218,1218,1218,1218,1218,1218,1218,1218,1218,
goal:1218,1218,1218,1218,1218,1218,1218,1218,1218,1218,1218,1218,1218,1218,1218,1218,1218,1218,1218,1218,1218,1218,1218,1218,1218,1218,1218,1218,1218,1218,1218,1218,1218,1218,1218,1218,1218,1218,1218,1218,1218,1218,1218,1218,1218,1218,1218,1218,1218,1218,1218,1218,1218,1218,1218,1218,1218,1218,1218,1218,1218,1218,1218,1218,1218,1218,1218,1218,1218,1218,1218,1218,1218,1218,1218,1218,1218,1218,1218,1218,1218,1218,1218,1218,1218,
size:53
[agent] id:15
path:3714,3607,3606,3605,3604,3603,3602,3495,3388,3281,3174,3067,2960,2853,2746,2639,2638,2637,2636,2635,2634,2633,2632,2631,2630,2629,2628,2627,2626,2625,2624,2623,2622,2621,2620,2619,2619,2619,2619,2619,2619,2619,2619,2619,2619,2619,2619,2619,2619,2619,2619,2619,2619,2619,2619,2619,2619,2619,2619,2619,2619,2619,2619,2619,2619,2619,2619,2619,2619,2619,2619,2619,2619,2619,2619,2619,2619,2619,2619,2619,2619,2619,2619,2619,2619,
goal:2619,2619,2619,2619,2619,2619,2619,2619,2619,2619,2619,2619,2619,2619,2619,2619,2619,2619,2619,2619,2619,2619,2619,2619,2619,2619,2619,2619,2619,2619,2619,2619,2619,2619,2619,2619,2619,2619,2619,2619,2619,2619,2619,2619,2619,2619,2619,2619,2619,2619,2619,2619,2619,2619,2619,2619,2619,2619,2619,2619,2619,2619,2619,2619,2619,2619,2619,2619,2619,2619,2619,2619,2619,2619,2619,2619,2619,2619,2619,2619,2619,2619,2619,2619,2619,
size:35
[agent] id:16
path:2705,2812,2919,3026,3025,3024,3131,3238,3345,3344,3343,3342,3341,3340,3447,3554,3661,3768,3875,3982,4089,4088,4087,4086,4085,4084,4083,4083,4083,4083,4083,4083,4083,4083,4083,4083,4083,4083,4083,4083,4083,4083,4083,4083,4083,4083,4083,4083,4083,4083,4083,4083,4083,4083,4083,4083,4083,4083,4083,4083,4083,4083,4083,4083,4083,4083,4083,4083,4083,4083,4083,4083,4083,4083,4083,4083,4083,4083,4083,4083,4083,4083,4083,4083,4083,
goal:4083,4083,4083,4083,4083,4083,4083,4083,4083,4083,4083,4083,4083,4083,4083,4083,4083,4083,4083,4083,4083,4083,4083,4083,4083,4083,4083,4083,4083,4083,4083,4083,4083,4083,4083,4083,4083,4083,4083,4083,4083,4083,4083,4083,4083,4083,4083,4083,4083,4083,4083,4083,4083,4083,4083,4083,4083,4083,4083,4083,4083,4083,4083,4083,4083,4083,4083,4083,4083,4083,4083,4083,4083,4083,4083,4083,4083,4083,4083,4083,4083,4083,4083,4083,4083,
size:26
[agent] id:17
path:2497,2604,2711,2818,2925,3032,3031,3030,3029,3028,3027,3026,3025,3024,3131,3238,3345,3344,3343,3342,3341,3340,3447,3554,3661,3768,3875,3982,4089,4196,4303,4303,4303,4303,4303,4303,4303,4303,4303,4303,4303,4303,4303,4303,4303,4303,4303,4303,4303,4303,4303,4303,4303,4303,4303,4303,4303,4303,4303,4303,4303,4303,4303,4303,4303,4303,4303,4303,4303,4303,4303,4303,4303,4303,4303,4303,4303,4303,4303,4303,4303,4303,4303,4303,4303,
goal:4303,4303,4303,4303,4303,4303,4303,4303,4303,4303,4303,4303,4303,4303,4303,4303,4303,4303,4303,4303,4303,4303,4303,4303,4303,4303,4303,4303,4303,4303,4303,4303,4303,4303,4303,4303,4303,4303,4303,4303,4303,4303,4303,4303,4303,4303,4303,4303,4303,4303,4303,4303,4303,4303,4303,4303,4303,4303,4303,4303,4303,4303,4303,4303,4303,4303,4303,4303,4303,4303,4303,4303,4303,4303,4303,4303,4303,4303,4303,4303,4303,4303,4303,4303,4303,
size:30
[agent] id:18
path:2819,2926,3033,3034,3035,3036,3037,3038,3039,3040,3041,3042,3043,3044,3045,3046,3047,3048,3049,3050,3051,3052,3053,3054,3055,3056,3057,3058,3059,3060,3061,3062,3169,3170,3171,3172,3173,3280,3387,3494,3601,3708,3815,3922,4029,4136,4243,4350,4457,4457,4457,4457,4457,4457,4457,4457,4457,4457,4457,4457,4457,4457,4457,4457,4457,4457,4457,4457,4457,4457,4457,4457,4457,4457,4457,4457,4457,4457,4457,4457,4457,4457,4457,4457,4457,
goal:4457,4457,4457,4457,4457,4457,4457,4457,4457,4457,4457,4457,4457,4457,4457,4457,4457,4457,4457,4457,4457,4457,4457,4457,4457,4457,4457,4457,4457,4457,4457,4457,4457,4457,4457,4457,4457,4457,4457,4457,4457,4457,4457,4457,4457,4457,4457,4457,4457,4457,4457,4457,4457,4457,4457,4457,4457,4457,4457,4457,4457,4457,4457,4457,4457,4457,4457,4457,4457,4457,4457,4457,4457,4457,4457,4457,4457,4457,4457,4457,4457,4457,4457,4457,4457,
size:48
[agent] id:19
path:3702,3703,3596,3597,3598,3599,3600,3601,3494,3387,3280,3173,3066,2959,2852,2745,2744,2743,2742,2741,2740,2739,2738,2737,2736,2735,2734,2733,2732,2731,2730,2729,2728,2727,2726,2725,2724,2723,2722,2721,2720,2719,2718,2717,2716,2715,2714,2713,2712,2711,2710,2709,2708,2707,2706,2705,2704,2704,2704,2704,2704,2704,2704,2704,2704,2704,2704,2704,2704,2704,2704,2704,2704,2704,2704,2704,2704,2704,2704,2704,2704,2704,2704,2704,2704,
goal:2704,2704,2704,2704,2704,2704,2704,2704,2704,2704,2704,2704,2704,2704,2704,2704,2704,2704,2704,2704,2704,2704,2704,2704,2704,2704,2704,2704,2704,2704,2704,2704,2704,2704,2704,2704,2704,2704,2704,2704,2704,2704,2704,2704,2704,2704,2704,2704,2704,2704,2704,2704,2704,2704,2704,2704,2704,2704,2704,2704,2704,2704,2704,2704,2704,2704,2704,2704,2704,2704,2704,2704,2704,2704,2704,2704,2704,2704,2704,2704,2704,2704,2704,2704,2704,
size:56
SolutionCost:843
