[setting] seed:4
[solver] type:ECBS
[solver] w:3.000000
[solver] ID:0
[solver] Lowlevelnode:34551
[solver] solved:1
[solver] elapsed:295
[solver] makespan:106
[problem] timesteplimit:10000
[problem] type:MAPF
[problem] agentnum:30
[graph] width:107
[graph] height:47
[graph] filename:./map/orz601d.map
[task] id:5,start:0,end:0,service time:0,nodes:1467,
[task] id:20,start:0,end:0,service time:0,nodes:1902,
[task] id:14,start:0,end:0,service time:0,nodes:1627,
[task] id:0,start:0,end:0,service time:0,nodes:2053,
[task] id:3,start:0,end:0,service time:0,nodes:2627,
[task] id:11,start:0,end:0,service time:0,nodes:3126,
[task] id:25,start:0,end:0,service time:0,nodes:2778,
[task] id:7,start:0,end:0,service time:0,nodes:2091,
[task] id:8,start:0,end:0,service time:0,nodes:2037,
[task] id:12,start:0,end:0,service time:0,nodes:1794,
[task] id:1,start:0,end:0,service time:0,nodes:1013,
[task] id:2,start:0,end:0,service time:0,nodes:3233,
[task] id:22,start:0,end:0,service time:0,nodes:931,
[task] id:23,start:0,end:0,service time:0,nodes:2504,
[task] id:9,start:0,end:0,service time:0,nodes:2816,
[task] id:15,start:0,end:0,service time:0,nodes:2369,
[task] id:10,start:0,end:0,service time:0,nodes:1892,
[task] id:21,start:0,end:0,service time:0,nodes:2936,
[task] id:16,start:0,end:0,service time:0,nodes:2388,
[task] id:6,start:0,end:0,service time:0,nodes:3003,
[task] id:24,start:0,end:0,service time:0,nodes:4136,
[task] id:13,start:0,end:0,service time:0,nodes:2276,
[task] id:27,start:0,end:0,service time:0,nodes:2679,
[task] id:4,start:0,end:0,service time:0,nodes:1137,
[task] id:26,start:0,end:0,service time:0,nodes:3764,
[task] id:17,start:0,end:0,service time:0,nodes:1830,
[task] id:18,start:0,end:0,service time:0,nodes:4082,
[task] id:19,start:0,end:0,service time:0,nodes:2991,
[task] id:29,start:0,end:0,service time:0,nodes:2874,
[task] id:28,start:0,end:0,service time:0,nodes:1826,
[agent] id:0
path:874,981,1088,1195,1302,1409,1410,1411,1412,1413,1520,1627,1734,1841,1948,2055,2054,2053,2053,2053,2053,2053,2053,2053,2053,2053,2053,2053,2053,2053,2053,2053,2053,2053,2053,2053,2053,2053,2053,2053,2053,2053,2053,2053,2053,2053,2053,2053,2053,2053,2053,2053,2053,2053,2053,2053,2053,2053,2053,2053,2053,2053,2053,2053,2053,2053,2053,2053,2053,2053,2053,2053,2053,2053,2053,2053,2053,2053,2053,2053,2053,2053,2053,2053,2053,2053,2053,2053,2053,2053,2053,2053,2053,2053,2053,2053,2053,2053,2053,2053,2053,2053,2053,2053,2053,2053,2053,
goal:2053,2053,2053,2053,2053,2053,2053,2053,2053,2053,2053,2053,2053,2053,2053,2053,2053,2053,2053,2053,2053,2053,2053,2053,2053,2053,2053,2053,2053,2053,2053,2053,2053,2053,2053,2053,2053,2053,2053,2053,2053,2053,2053,2053,2053,2053,2053,2053,2053,2053,2053,2053,2053,2053,2053,2053,2053,2053,2053,2053,2053,2053,2053,2053,2053,2053,2053,2053,2053,2053,2053,2053,2053,2053,2053,2053,2053,2053,2053,2053,2053,2053,2053,2053,2053,2053,2053,2053,2053,2053,2053,2053,2053,2053,2053,2053,2053,2053,2053,2053,2053,2053,2053,2053,2053,2053,2053,
size:17
[agent] id:1
path:2929,2822,2715,2608,2501,2394,2287,2180,2073,1966,1967,1860,1861,1862,1863,1864,1865,1758,1651,1544,1437,1330,1223,1116,1009,1010,1011,1012,1013,1013,1013,1013,1013,1013,1013,1013,1013,1013,1013,1013,1013,1013,1013,1013,1013,1013,1013,1013,1013,1013,1013,1013,1013,1013,1013,1013,1013,1013,1013,1013,1013,1013,1013,1013,1013,1013,1013,1013,1013,1013,1013,1013,1013,1013,1013,1013,1013,1013,1013,1013,1013,1013,1013,1013,1013,1013,1013,1013,1013,1013,1013,1013,1013,1013,1013,1013,1013,1013,1013,1013,1013,1013,1013,1013,1013,1013,1013,
goal:1013,1013,1013,1013,1013,1013,1013,1013,1013,1013,1013,1013,1013,1013,1013,1013,1013,1013,1013,1013,1013,1013,1013,1013,1013,1013,1013,1013,1013,1013,1013,1013,1013,1013,1013,1013,1013,1013,1013,1013,1013,1013,1013,1013,1013,1013,1013,1013,1013,1013,1013,1013,1013,1013,1013,1013,1013,1013,1013,1013,1013,1013,1013,1013,1013,1013,1013,1013,1013,1013,1013,1013,1013,1013,1013,1013,1013,1013,1013,1013,1013,1013,1013,1013,1013,1013,1013,1013,1013,1013,1013,1013,1013,1013,1013,1013,1013,1013,1013,1013,1013,1013,1013,1013,1013,1013,1013,
size:28
[agent] id:2
path:2508,2615,2722,2829,2936,3043,3042,3041,3040,3039,3038,3037,3036,3035,3034,3033,3032,3031,3030,3029,3028,3027,3026,3025,3024,3131,3238,3237,3236,3235,3234,3233,3233,3233,3233,3233,3233,3233,3233,3233,3233,3233,3233,3233,3233,3233,3233,3233,3233,3233,3233,3233,3233,3233,3233,3233,3233,3233,3233,3233,3233,3233,3233,3233,3233,3233,3233,3233,3233,3233,3233,3233,3233,3233,3233,3233,3233,3233,3233,3233,3233,3233,3233,3233,3233,3233,3233,3233,3233,3233,3233,3233,3233,3233,3233,3233,3233,3233,3233,3233,3233,3233,3233,3233,3233,3233,3233,
goal:3233,3233,3233,3233,3233,3233,3233,3233,3233,3233,3233,3233,3233,3233,3233,3233,3233,3233,3233,3233,3233,3233,3233,3233,3233,3233,3233,3233,3233,3233,3233,3233,3233,3233,3233,3233,3233,3233,3233,3233,3233,3233,3233,3233,3233,3233,3233,3233,3233,3233,3233,3233,3233,3233,3233,3233,3233,3233,3233,3233,3233,3233,3233,3233,3233,3233,3233,3233,3233,3233,3233,3233,3233,3233,3233,3233,3233,3233,3233,3233,3233,3233,3233,3233,3233,3233,3233,3233,3233,3233,3233,3233,3233,3233,3233,3233,3233,3233,3233,3233,3233,3233,3233,3233,3233,3233,3233,
size:31
[agent] id:3
path:1972,2079,2186,2293,2400,2507,2614,2615,2616,2617,2618,2619,2620,2621,2622,2623,2624,2625,2626,2627,2627,2627,2627,2627,2627,2627,2627,2627,2627,2627,2627,2627,2627,2627,2627,2627,2627,2627,2627,2627,2627,2627,2627,2627,2627,2627,2627,2627,2627,2627,2627,2627,2627,2627,2627,2627,2627,2627,2627,2627,2627,2627,2627,2627,2627,2627,2627,2627,2627,2627,2627,2627,2627,2627,2627,2627,2627,2627,2627,2627,2627,2627,2627,2627,2627,2627,2627,2627,2627,2627,2627,2627,2627,2627,2627,2627,2627,2627,2627,2627,2627,2627,2627,2627,2627,2627,2627,
goal:2627,2627,2627,2627,2627,2627,2627,2627,2627,2627,2627,2627,2627,2627,2627,2627,2627,2627,2627,2627,2627,2627,2627,2627,2627,2627,2627,2627,2627,2627,2627,2627,2627,2627,2627,2627,2627,2627,2627,2627,2627,2627,2627,2627,2627,2627,2627,2627,2627,2627,2627,2627,2627,2627,2627,2627,2627,2627,2627,2627,2627,2627,2627,2627,2627,2627,2627,2627,2627,2627,2627,2627,2627,2627,2627,2627,2627,2627,2627,2627,2627,2627,2627,2627,2627,2627,2627,2627,2627,2627,2627,2627,2627,2627,2627,2627,2627,2627,2627,2627,2627,2627,2627,2627,2627,2627,2627,
size:19
[agent] id:4
path:2591,2484,2377,2270,2163,2056,1949,1950,1951,1952,1953,1954,1955,1956,1957,1958,1959,1960,1961,1962,1963,1964,1965,1966,1967,1968,1969,1970,1971,1972,1973,1974,1975,1976,1977,1978,1979,1980,1981,1982,1983,1984,1985,1986,1987,1988,1989,1990,1991,1884,1885,1886,1887,1888,1889,1782,1675,1568,1461,1354,1247,1140,1139,1138,1137,1137,1137,1137,1137,1137,1137,1137,1137,1137,1137,1137,1137,1137,1137,1137,1137,1137,1137,1137,1137,1137,1137,1137,1137,1137,1137,1137,1137,1137,1137,1137,1137,1137,1137,1137,1137,1137,1137,1137,1137,1137,1137,
goal:1137,1137,1137,1137,1137,1137,1137,1137,1137,1137,1137,1137,1137,1137,1137,1137,1137,1137,1137,1137,1137,1137,1137,1137,1137,1137,1137,1137,1137,1137,1137,1137,1137,1137,1137,1137,1137,1137,1137,1137,1137,1137,1137,1137,1137,1137,1137,1137,1137,1137,1137,1137,1137,1137,1137,1137,1137,1137,1137,1137,1137,1137,1137,1137,1137,1137,1137,1137,1137,1137,1137,1137,1137,1137,1137,1137,1137,1137,1137,1137,1137,1137,1137,1137,1137,1137,1137,1137,1137,1137,1137,1137,1137,1137,1137,1137,1137,1137,1137,1137,1137,1137,1137,1137,1137,1137,1137,
size:64
[agent] id:5
path:1890,1783,1676,1569,1462,1463,1464,1465,1466,1467,1467,1467,1467,1467,1467,1467,1467,1467,1467,1467,1467,1467,1467,1467,1467,1467,1467,1467,1467,1467,1467,1467,1467,1467,1467,1467,1467,1467,1467,1467,1467,1467,1467,1467,1467,1467,1467,1467,1467,1467,1467,1467,1467,1467,1467,1467,1467,1467,1467,1467,1467,1467,1467,1467,1467,1467,1467,1467,1467,1467,1467,1467,1467,1467,1467,1467,1467,1467,1467,1467,1467,1467,1467,1467,1467,1467,1467,1467,1467,1467,1467,1467,1467,1467,1467,1467,1467,1467,1467,1467,1467,1467,1467,1467,1467,1467,1467,
goal:1467,1467,1467,1467,1467,1467,1467,1467,1467,1467,1467,1467,1467,1467,1467,1467,1467,1467,1467,1467,1467,1467,1467,1467,1467,1467,1467,1467,1467,1467,1467,1467,1467,1467,1467,1467,1467,1467,1467,1467,1467,1467,1467,1467,1467,1467,1467,1467,1467,1467,1467,1467,1467,1467,1467,1467,1467,1467,1467,1467,1467,1467,1467,1467,1467,1467,1467,1467,1467,1467,1467,1467,1467,1467,1467,1467,1467,1467,1467,1467,1467,1467,1467,1467,1467,1467,1467,1467,1467,1467,1467,1467,1467,1467,1467,1467,1467,1467,1467,1467,1467,1467,1467,1467,1467,1467,1467,
size:9
[agent] id:6
path:2518,2518,2517,2516,2515,2514,2513,2512,2511,2510,2509,2508,2507,2506,2505,2504,2503,2502,2501,2500,2499,2498,2497,2496,2495,2494,2493,2386,2493,2492,2491,2490,2489,2488,2487,2486,2485,2484,2483,2482,2481,2480,2479,2478,2477,2476,2475,2474,2581,2688,2795,2902,3009,3008,3007,3006,3005,3004,3003,3003,3003,3003,3003,3003,3003,3003,3003,3003,3003,3003,3003,3003,3003,3003,3003,3003,3003,3003,3003,3003,3003,3003,3003,3003,3003,3003,3003,3003,3003,3003,3003,3003,3003,3003,3003,3003,3003,3003,3003,3003,3003,3003,3003,3003,3003,3003,3003,
goal:3003,3003,3003,3003,3003,3003,3003,3003,3003,3003,3003,3003,3003,3003,3003,3003,3003,3003,3003,3003,3003,3003,3003,3003,3003,3003,3003,3003,3003,3003,3003,3003,3003,3003,3003,3003,3003,3003,3003,3003,3003,3003,3003,3003,3003,3003,3003,3003,3003,3003,3003,3003,3003,3003,3003,3003,3003,3003,3003,3003,3003,3003,3003,3003,3003,3003,3003,3003,3003,3003,3003,3003,3003,3003,3003,3003,3003,3003,3003,3003,3003,3003,3003,3003,3003,3003,3003,3003,3003,3003,3003,3003,3003,3003,3003,3003,3003,3003,3003,3003,3003,3003,3003,3003,3003,3003,3003,
size:58
[agent] id:7
path:1434,1435,1436,1437,1544,1651,1758,1865,1972,2079,2080,2081,2082,2083,2084,2085,2086,2087,2088,2089,2090,2091,2091,2091,2091,2091,2091,2091,2091,2091,2091,2091,2091,2091,2091,2091,2091,2091,2091,2091,2091,2091,2091,2091,2091,2091,2091,2091,2091,2091,2091,2091,2091,2091,2091,2091,2091,2091,2091,2091,2091,2091,2091,2091,2091,2091,2091,2091,2091,2091,2091,2091,2091,2091,2091,2091,2091,2091,2091,2091,2091,2091,2091,2091,2091,2091,2091,2091,2091,2091,2091,2091,2091,2091,2091,2091,2091,2091,2091,2091,2091,2091,2091,2091,2091,2091,2091,
goal:2091,2091,2091,2091,2091,2091,2091,2091,2091,2091,2091,2091,2091,2091,2091,2091,2091,2091,2091,2091,2091,2091,2091,2091,2091,2091,2091,2091,2091,2091,2091,2091,2091,2091,2091,2091,2091,2091,2091,2091,2091,2091,2091,2091,2091,2091,2091,2091,2091,2091,2091,2091,2091,2091,2091,2091,2091,2091,2091,2091,2091,2091,2091,2091,2091,2091,2091,2091,2091,2091,2091,2091,2091,2091,2091,2091,2091,2091,2091,2091,2091,2091,2091,2091,2091,2091,2091,2091,2091,2091,2091,2091,2091,2091,2091,2091,2091,2091,2091,2091,2091,2091,2091,2091,2091,2091,2091,
size:21
[agent] id:8
path:1946,2053,2052,2051,2050,2157,2264,2371,2370,2369,2368,2367,2260,2153,2046,2045,2044,2043,2042,2041,2040,2039,2038,2037,2037,2037,2037,2037,2037,2037,2037,2037,2037,2037,2037,2037,2037,2037,2037,2037,2037,2037,2037,2037,2037,2037,2037,2037,2037,2037,2037,2037,2037,2037,2037,2037,2037,2037,2037,2037,2037,2037,2037,2037,2037,2037,2037,2037,2037,2037,2037,2037,2037,2037,2037,2037,2037,2037,2037,2037,2037,2037,2037,2037,2037,2037,2037,2037,2037,2037,2037,2037,2037,2037,2037,2037,2037,2037,2037,2037,2037,2037,2037,2037,2037,2037,2037,
goal:2037,2037,2037,2037,2037,2037,2037,2037,2037,2037,2037,2037,2037,2037,2037,2037,2037,2037,2037,2037,2037,2037,2037,2037,2037,2037,2037,2037,2037,2037,2037,2037,2037,2037,2037,2037,2037,2037,2037,2037,2037,2037,2037,2037,2037,2037,2037,2037,2037,2037,2037,2037,2037,2037,2037,2037,2037,2037,2037,2037,2037,2037,2037,2037,2037,2037,2037,2037,2037,2037,2037,2037,2037,2037,2037,2037,2037,2037,2037,2037,2037,2037,2037,2037,2037,2037,2037,2037,2037,2037,2037,2037,2037,2037,2037,2037,2037,2037,2037,2037,2037,2037,2037,2037,2037,2037,2037,
size:23
[agent] id:9
path:2427,2534,2641,2748,2855,2854,2853,2852,2851,2850,2849,2848,2847,2846,2845,2844,2843,2842,2841,2840,2839,2838,2837,2836,2835,2834,2833,2832,2831,2830,2829,2828,2827,2826,2825,2824,2823,2822,2821,2820,2819,2818,2817,2816,2816,2816,2816,2816,2816,2816,2816,2816,2816,2816,2816,2816,2816,2816,2816,2816,2816,2816,2816,2816,2816,2816,2816,2816,2816,2816,2816,2816,2816,2816,2816,2816,2816,2816,2816,2816,2816,2816,2816,2816,2816,2816,2816,2816,2816,2816,2816,2816,2816,2816,2816,2816,2816,2816,2816,2816,2816,2816,2816,2816,2816,2816,2816,
goal:2816,2816,2816,2816,2816,2816,2816,2816,2816,2816,2816,2816,2816,2816,2816,2816,2816,2816,2816,2816,2816,2816,2816,2816,2816,2816,2816,2816,2816,2816,2816,2816,2816,2816,2816,2816,2816,2816,2816,2816,2816,2816,2816,2816,2816,2816,2816,2816,2816,2816,2816,2816,2816,2816,2816,2816,2816,2816,2816,2816,2816,2816,2816,2816,2816,2816,2816,2816,2816,2816,2816,2816,2816,2816,2816,2816,2816,2816,2816,2816,2816,2816,2816,2816,2816,2816,2816,2816,2816,2816,2816,2816,2816,2816,2816,2816,2816,2816,2816,2816,2816,2816,2816,2816,2816,2816,2816,
size:43
[agent] id:10
path:478,585,692,799,906,1013,1120,1227,1334,1441,1440,1439,1438,1545,1652,1759,1866,1867,1868,1869,1870,1871,1978,1979,1980,1981,1982,1983,1984,1985,1986,1987,1988,1989,1990,1991,1884,1885,1886,1887,1888,1889,1890,1891,1892,1892,1892,1892,1892,1892,1892,1892,1892,1892,1892,1892,1892,1892,1892,1892,1892,1892,1892,1892,1892,1892,1892,1892,1892,1892,1892,1892,1892,1892,1892,1892,1892,1892,1892,1892,1892,1892,1892,1892,1892,1892,1892,1892,1892,1892,1892,1892,1892,1892,1892,1892,1892,1892,1892,1892,1892,1892,1892,1892,1892,1892,1892,
goal:1892,1892,1892,1892,1892,1892,1892,1892,1892,1892,1892,1892,1892,1892,1892,1892,1892,1892,1892,1892,1892,1892,1892,1892,1892,1892,1892,1892,1892,1892,1892,1892,1892,1892,1892,1892,1892,1892,1892,1892,1892,1892,1892,1892,1892,1892,1892,1892,1892,1892,1892,1892,1892,1892,1892,1892,1892,1892,1892,1892,1892,1892,1892,1892,1892,1892,1892,1892,1892,1892,1892,1892,1892,1892,1892,1892,1892,1892,1892,1892,1892,1892,1892,1892,1892,1892,1892,1892,1892,1892,1892,1892,1892,1892,1892,1892,1892,1892,1892,1892,1892,1892,1892,1892,1892,1892,1892,
size:44
[agent] id:11
path:2153,2260,2367,2474,2475,2476,2477,2478,2585,2692,2799,2906,3013,3014,3121,3122,3123,3124,3125,3126,3126,3126,3126,3126,3126,3126,3126,3126,3126,3126,3126,3126,3126,3126,3126,3126,3126,3126,3126,3126,3126,3126,3126,3126,3126,3126,3126,3126,3126,3126,3126,3126,3126,3126,3126,3126,3126,3126,3126,3126,3126,3126,3126,3126,3126,3126,3126,3126,3126,3126,3126,3126,3126,3126,3126,3126,3126,3126,3126,3126,3126,3126,3126,3126,3126,3126,3126,3126,3126,3126,3126,3126,3126,3126,3126,3126,3126,3126,3126,3126,3126,3126,3126,3126,3126,3126,3126,
goal:3126,3126,3126,3126,3126,3126,3126,3126,3126,3126,3126,3126,3126,3126,3126,3126,3126,3126,3126,3126,3126,3126,3126,3126,3126,3126,3126,3126,3126,3126,3126,3126,3126,3126,3126,3126,3126,3126,3126,3126,3126,3126,3126,3126,3126,3126,3126,3126,3126,3126,3126,3126,3126,3126,3126,3126,3126,3126,3126,3126,3126,3126,3126,3126,3126,3126,3126,3126,3126,3126,3126,3126,3126,3126,3126,3126,3126,3126,3126,3126,3126,3126,3126,3126,3126,3126,3126,3126,3126,3126,3126,3126,3126,3126,3126,3126,3126,3126,3126,3126,3126,3126,3126,3126,3126,3126,3126,
size:19
[agent] id:12
path:1144,1251,1358,1357,1356,1355,1462,1569,1676,1783,1890,1997,1998,1999,2000,2001,2002,2003,2004,2005,2006,2007,1900,1901,1794,1794,1794,1794,1794,1794,1794,1794,1794,1794,1794,1794,1794,1794,1794,1794,1794,1794,1794,1794,1794,1794,1794,1794,1794,1794,1794,1794,1794,1794,1794,1794,1794,1794,1794,1794,1794,1794,1794,1794,1794,1794,1794,1794,1794,1794,1794,1794,1794,1794,1794,1794,1794,1794,1794,1794,1794,1794,1794,1794,1794,1794,1794,1794,1794,1794,1794,1794,1794,1794,1794,1794,1794,1794,1794,1794,1794,1794,1794,1794,1794,1794,1794,
goal:1794,1794,1794,1794,1794,1794,1794,1794,1794,1794,1794,1794,1794,1794,1794,1794,1794,1794,1794,1794,1794,1794,1794,1794,1794,1794,1794,1794,1794,1794,1794,1794,1794,1794,1794,1794,1794,1794,1794,1794,1794,1794,1794,1794,1794,1794,1794,1794,1794,1794,1794,1794,1794,1794,1794,1794,1794,1794,1794,1794,1794,1794,1794,1794,1794,1794,1794,1794,1794,1794,1794,1794,1794,1794,1794,1794,1794,1794,1794,1794,1794,1794,1794,1794,1794,1794,1794,1794,1794,1794,1794,1794,1794,1794,1794,1794,1794,1794,1794,1794,1794,1794,1794,1794,1794,1794,1794,
size:24
[agent] id:13
path:3926,3819,3712,3605,3604,3603,3602,3495,3388,3281,3174,3067,2960,2853,2746,2639,2532,2425,2318,2317,2316,2315,2314,2313,2312,2311,2310,2309,2308,2307,2306,2305,2304,2303,2302,2301,2300,2299,2298,2297,2296,2295,2294,2293,2292,2291,2290,2289,2288,2287,2286,2285,2284,2283,2282,2281,2280,2279,2278,2277,2276,2276,2276,2276,2276,2276,2276,2276,2276,2276,2276,2276,2276,2276,2276,2276,2276,2276,2276,2276,2276,2276,2276,2276,2276,2276,2276,2276,2276,2276,2276,2276,2276,2276,2276,2276,2276,2276,2276,2276,2276,2276,2276,2276,2276,2276,2276,
goal:2276,2276,2276,2276,2276,2276,2276,2276,2276,2276,2276,2276,2276,2276,2276,2276,2276,2276,2276,2276,2276,2276,2276,2276,2276,2276,2276,2276,2276,2276,2276,2276,2276,2276,2276,2276,2276,2276,2276,2276,2276,2276,2276,2276,2276,2276,2276,2276,2276,2276,2276,2276,2276,2276,2276,2276,2276,2276,2276,2276,2276,2276,2276,2276,2276,2276,2276,2276,2276,2276,2276,2276,2276,2276,2276,2276,2276,2276,2276,2276,2276,2276,2276,2276,2276,2276,2276,2276,2276,2276,2276,2276,2276,2276,2276,2276,2276,2276,2276,2276,2276,2276,2276,2276,2276,2276,2276,
size:60
[agent] id:14
path:2172,2065,1958,1957,1956,1955,1954,1847,1846,1845,1844,1843,1842,1735,1628,1627,1627,1627,1627,1627,1627,1627,1627,1627,1627,1627,1627,1627,1627,1627,1627,1627,1627,1627,1627,1627,1627,1627,1627,1627,1627,1627,1627,1627,1627,1627,1627,1627,1627,1627,1627,1627,1627,1627,1627,1627,1627,1627,1627,1627,1627,1627,1627,1627,1627,1627,1627,1627,1627,1627,1627,1627,1627,1627,1627,1627,1627,1627,1627,1627,1627,1627,1627,1627,1627,1627,1627,1627,1627,1627,1627,1627,1627,1627,1627,1627,1627,1627,1627,1627,1627,1627,1627,1627,1627,1627,1627,
goal:1627,1627,1627,1627,1627,1627,1627,1627,1627,1627,1627,1627,1627,1627,1627,1627,1627,1627,1627,1627,1627,1627,1627,1627,1627,1627,1627,1627,1627,1627,1627,1627,1627,1627,1627,1627,1627,1627,1627,1627,1627,1627,1627,1627,1627,1627,1627,1627,1627,1627,1627,1627,1627,1627,1627,1627,1627,1627,1627,1627,1627,1627,1627,1627,1627,1627,1627,1627,1627,1627,1627,1627,1627,1627,1627,1627,1627,1627,1627,1627,1627,1627,1627,1627,1627,1627,1627,1627,1627,1627,1627,1627,1627,1627,1627,1627,1627,1627,1627,1627,1627,1627,1627,1627,1627,1627,1627,
size:15
[agent] id:15
path:2624,2517,2410,2409,2408,2407,2406,2405,2404,2403,2402,2401,2400,2399,2398,2397,2396,2395,2394,2393,2392,2391,2390,2389,2388,2387,2386,2385,2384,2383,2382,2381,2380,2379,2378,2377,2376,2375,2374,2373,2372,2371,2370,2369,2369,2369,2369,2369,2369,2369,2369,2369,2369,2369,2369,2369,2369,2369,2369,2369,2369,2369,2369,2369,2369,2369,2369,2369,2369,2369,2369,2369,2369,2369,2369,2369,2369,2369,2369,2369,2369,2369,2369,2369,2369,2369,2369,2369,2369,2369,2369,2369,2369,2369,2369,2369,2369,2369,2369,2369,2369,2369,2369,2369,2369,2369,2369,
goal:2369,2369,2369,2369,2369,2369,2369,2369,2369,2369,2369,2369,2369,2369,2369,2369,2369,2369,2369,2369,2369,2369,2369,2369,2369,2369,2369,2369,2369,2369,2369,2369,2369,2369,2369,2369,2369,2369,2369,2369,2369,2369,2369,2369,2369,2369,2369,2369,2369,2369,2369,2369,2369,2369,2369,2369,2369,2369,2369,2369,2369,2369,2369,2369,2369,2369,2369,2369,2369,2369,2369,2369,2369,2369,2369,2369,2369,2369,2369,2369,2369,2369,2369,2369,2369,2369,2369,2369,2369,2369,2369,2369,2369,2369,2369,2369,2369,2369,2369,2369,2369,2369,2369,2369,2369,2369,2369,
size:43
[agent] id:16
path:2439,2438,2437,2436,2435,2434,2433,2432,2431,2430,2429,2428,2427,2426,2425,2424,2423,2422,2421,2420,2419,2418,2417,2416,2415,2414,2413,2412,2411,2410,2409,2408,2407,2406,2405,2404,2403,2402,2401,2400,2399,2398,2397,2396,2395,2394,2393,2392,2391,2390,2389,2388,2388,2388,2388,2388,2388,2388,2388,2388,2388,2388,2388,2388,2388,2388,2388,2388,2388,2388,2388,2388,2388,2388,2388,2388,2388,2388,2388,2388,2388,2388,2388,2388,2388,2388,2388,2388,2388,2388,2388,2388,2388,2388,2388,2388,2388,2388,2388,2388,2388,2388,2388,2388,2388,2388,2388,
goal:2388,2388,2388,2388,2388,2388,2388,2388,2388,2388,2388,2388,2388,2388,2388,2388,2388,2388,2388,2388,2388,2388,2388,2388,2388,2388,2388,2388,2388,2388,2388,2388,2388,2388,2388,2388,2388,2388,2388,2388,2388,2388,2388,2388,2388,2388,2388,2388,2388,2388,2388,2388,2388,2388,2388,2388,2388,2388,2388,2388,2388,2388,2388,2388,2388,2388,2388,2388,2388,2388,2388,2388,2388,2388,2388,2388,2388,2388,2388,2388,2388,2388,2388,2388,2388,2388,2388,2388,2388,2388,2388,2388,2388,2388,2388,2388,2388,2388,2388,2388,2388,2388,2388,2388,2388,2388,2388,
size:51
[agent] id:17
path:2542,2435,2434,2433,2432,2431,2430,2429,2428,2427,2426,2425,2424,2423,2422,2421,2420,2419,2418,2417,2416,2415,2414,2413,2412,2411,2410,2409,2408,2407,2406,2405,2404,2403,2402,2401,2400,2399,2398,2397,2396,2395,2394,2393,2392,2391,2390,2389,2388,2387,2386,2385,2384,2383,2382,2381,2380,2379,2378,2377,2376,2375,2374,2373,2372,2371,2370,2477,2476,2475,2368,2367,2260,2153,2046,1939,1938,1831,1830,1830,1830,1830,1830,1830,1830,1830,1830,1830,1830,1830,1830,1830,1830,1830,1830,1830,1830,1830,1830,1830,1830,1830,1830,1830,1830,1830,1830,
goal:1830,1830,1830,1830,1830,1830,1830,1830,1830,1830,1830,1830,1830,1830,1830,1830,1830,1830,1830,1830,1830,1830,1830,1830,1830,1830,1830,1830,1830,1830,1830,1830,1830,1830,1830,1830,1830,1830,1830,1830,1830,1830,1830,1830,1830,1830,1830,1830,1830,1830,1830,1830,1830,1830,1830,1830,1830,1830,1830,1830,1830,1830,1830,1830,1830,1830,1830,1830,1830,1830,1830,1830,1830,1830,1830,1830,1830,1830,1830,1830,1830,1830,1830,1830,1830,1830,1830,1830,1830,1830,1830,1830,1830,1830,1830,1830,1830,1830,1830,1830,1830,1830,1830,1830,1830,1830,1830,
size:78
[agent] id:18
path:1902,2009,2116,2223,2330,2437,2544,2651,2758,2865,2972,3079,3078,3077,3076,3075,3074,3073,3072,3071,3070,3069,3068,3067,3066,3065,3064,3063,3062,3061,3060,3059,3058,3057,3056,3055,3054,3053,3052,3051,3050,3049,3048,3047,3046,3045,3044,3043,3042,3041,3040,3039,3038,3037,3036,3035,3034,3033,3032,3031,3030,3029,3028,3027,3026,3025,3024,3131,3238,3345,3344,3343,3342,3341,3340,3447,3554,3661,3768,3875,3982,4089,4088,4087,4086,4085,4084,4083,4082,4082,4082,4082,4082,4082,4082,4082,4082,4082,4082,4082,4082,4082,4082,4082,4082,4082,4082,
goal:4082,4082,4082,4082,4082,4082,4082,4082,4082,4082,4082,4082,4082,4082,4082,4082,4082,4082,4082,4082,4082,4082,4082,4082,4082,4082,4082,4082,4082,4082,4082,4082,4082,4082,4082,4082,4082,4082,4082,4082,4082,4082,4082,4082,4082,4082,4082,4082,4082,4082,4082,4082,4082,4082,4082,4082,4082,4082,4082,4082,4082,4082,4082,4082,4082,4082,4082,4082,4082,4082,4082,4082,4082,4082,4082,4082,4082,4082,4082,4082,4082,4082,4082,4082,4082,4082,4082,4082,4082,4082,4082,4082,4082,4082,4082,4082,4082,4082,4082,4082,4082,4082,4082,4082,4082,4082,4082,
size:88
[agent] id:19
path:3233,3126,3019,2912,2805,2698,2699,2700,2701,2702,2703,2704,2705,2706,2707,2708,2709,2710,2711,2712,2713,2714,2715,2716,2717,2718,2719,2720,2721,2722,2723,2724,2725,2726,2727,2728,2729,2730,2731,2732,2733,2734,2735,2628,2629,2630,2631,2632,2633,2634,2635,2636,2637,2638,2639,2640,2641,2642,2643,2644,2645,2646,2647,2648,2649,2650,2651,2652,2653,2654,2655,2656,2657,2658,2659,2660,2661,2662,2663,2664,2665,2772,2879,2986,2987,2988,2989,2990,2991,2991,2991,2991,2991,2991,2991,2991,2991,2991,2991,2991,2991,2991,2991,2991,2991,2991,2991,
goal:2991,2991,2991,2991,2991,2991,2991,2991,2991,2991,2991,2991,2991,2991,2991,2991,2991,2991,2991,2991,2991,2991,2991,2991,2991,2991,2991,2991,2991,2991,2991,2991,2991,2991,2991,2991,2991,2991,2991,2991,2991,2991,2991,2991,2991,2991,2991,2991,2991,2991,2991,2991,2991,2991,2991,2991,2991,2991,2991,2991,2991,2991,2991,2991,2991,2991,2991,2991,2991,2991,2991,2991,2991,2991,2991,2991,2991,2991,2991,2991,2991,2991,2991,2991,2991,2991,2991,2991,2991,2991,2991,2991,2991,2991,2991,2991,2991,2991,2991,2991,2991,2991,2991,2991,2991,2991,2991,
size:88
[agent] id:20
path:1912,1911,1910,1909,1908,2015,2014,2013,2012,2011,2010,1903,1902,1902,1902,1902,1902,1902,1902,1902,1902,1902,1902,1902,1902,1902,1902,1902,1902,1902,1902,1902,1902,1902,1902,1902,1902,1902,1902,1902,1902,1902,1902,1902,1902,1902,1902,1902,1902,1902,1902,1902,1902,1902,1902,1902,1902,1902,1902,1902,1902,1902,1902,1902,1902,1902,1902,1902,1902,1902,1902,1902,1902,1902,1902,1902,1902,1902,1902,1902,1902,1902,1902,1902,1902,1902,1902,1902,1902,1902,1902,1902,1902,1902,1902,1902,1902,1902,1902,1902,1902,1902,1902,1902,1902,1902,1902,
goal:1902,1902,1902,1902,1902,1902,1902,1902,1902,1902,1902,1902,1902,1902,1902,1902,1902,1902,1902,1902,1902,1902,1902,1902,1902,1902,1902,1902,1902,1902,1902,1902,1902,1902,1902,1902,1902,1902,1902,1902,1902,1902,1902,1902,1902,1902,1902,1902,1902,1902,1902,1902,1902,1902,1902,1902,1902,1902,1902,1902,1902,1902,1902,1902,1902,1902,1902,1902,1902,1902,1902,1902,1902,1902,1902,1902,1902,1902,1902,1902,1902,1902,1902,1902,1902,1902,1902,1902,1902,1902,1902,1902,1902,1902,1902,1902,1902,1902,1902,1902,1902,1902,1902,1902,1902,1902,1902,
size:12
[agent] id:21
path:2767,2874,2981,2980,2979,2978,2977,2976,2975,2974,2973,2972,2971,2970,2969,2968,2967,2966,2965,2964,2963,2962,2961,2960,2959,2958,2957,2956,2955,2954,2953,2952,2951,2950,2949,2948,2947,2946,2945,2944,2943,2942,2941,2940,2939,2938,2937,2936,2936,2936,2936,2936,2936,2936,2936,2936,2936,2936,2936,2936,2936,2936,2936,2936,2936,2936,2936,2936,2936,2936,2936,2936,2936,2936,2936,2936,2936,2936,2936,2936,2936,2936,2936,2936,2936,2936,2936,2936,2936,2936,2936,2936,2936,2936,2936,2936,2936,2936,2936,2936,2936,2936,2936,2936,2936,2936,2936,
goal:2936,2936,2936,2936,2936,2936,2936,2936,2936,2936,2936,2936,2936,2936,2936,2936,2936,2936,2936,2936,2936,2936,2936,2936,2936,2936,2936,2936,2936,2936,2936,2936,2936,2936,2936,2936,2936,2936,2936,2936,2936,2936,2936,2936,2936,2936,2936,2936,2936,2936,2936,2936,2936,2936,2936,2936,2936,2936,2936,2936,2936,2936,2936,2936,2936,2936,2936,2936,2936,2936,2936,2936,2936,2936,2936,2936,2936,2936,2936,2936,2936,2936,2936,2936,2936,2936,2936,2936,2936,2936,2936,2936,2936,2936,2936,2936,2936,2936,2936,2936,2936,2936,2936,2936,2936,2936,2936,
size:47
[agent] id:22
path:2545,2544,2543,2542,2541,2540,2539,2538,2537,2536,2535,2534,2533,2532,2532,2425,2318,2211,2104,1997,1890,1783,1676,1569,1462,1355,1248,1141,1034,927,928,929,930,931,931,931,931,931,931,931,931,931,931,931,931,931,931,931,931,931,931,931,931,931,931,931,931,931,931,931,931,931,931,931,931,931,931,931,931,931,931,931,931,931,931,931,931,931,931,931,931,931,931,931,931,931,931,931,931,931,931,931,931,931,931,931,931,931,931,931,931,931,931,931,931,931,931,
goal:931,931,931,931,931,931,931,931,931,931,931,931,931,931,931,931,931,931,931,931,931,931,931,931,931,931,931,931,931,931,931,931,931,931,931,931,931,931,931,931,931,931,931,931,931,931,931,931,931,931,931,931,931,931,931,931,931,931,931,931,931,931,931,931,931,931,931,931,931,931,931,931,931,931,931,931,931,931,931,931,931,931,931,931,931,931,931,931,931,931,931,931,931,931,931,931,931,931,931,931,931,931,931,931,931,931,931,
size:33
[agent] id:23
path:4410,4303,4196,4089,3982,3875,3768,3661,3554,3447,3340,3233,3126,3019,2912,2805,2698,2591,2592,2593,2594,2595,2596,2597,2598,2599,2600,2601,2602,2603,2604,2497,2498,2499,2500,2501,2502,2503,2504,2504,2504,2504,2504,2504,2504,2504,2504,2504,2504,2504,2504,2504,2504,2504,2504,2504,2504,2504,2504,2504,2504,2504,2504,2504,2504,2504,2504,2504,2504,2504,2504,2504,2504,2504,2504,2504,2504,2504,2504,2504,2504,2504,2504,2504,2504,2504,2504,2504,2504,2504,2504,2504,2504,2504,2504,2504,2504,2504,2504,2504,2504,2504,2504,2504,2504,2504,2504,
goal:2504,2504,2504,2504,2504,2504,2504,2504,2504,2504,2504,2504,2504,2504,2504,2504,2504,2504,2504,2504,2504,2504,2504,2504,2504,2504,2504,2504,2504,2504,2504,2504,2504,2504,2504,2504,2504,2504,2504,2504,2504,2504,2504,2504,2504,2504,2504,2504,2504,2504,2504,2504,2504,2504,2504,2504,2504,2504,2504,2504,2504,2504,2504,2504,2504,2504,2504,2504,2504,2504,2504,2504,2504,2504,2504,2504,2504,2504,2504,2504,2504,2504,2504,2504,2504,2504,2504,2504,2504,2504,2504,2504,2504,2504,2504,2504,2504,2504,2504,2504,2504,2504,2504,2504,2504,2504,2504,
size:38
[agent] id:24
path:800,907,1014,1121,1228,1335,1442,1441,1440,1439,1438,1545,1652,1759,1866,1973,2080,2187,2294,2401,2508,2615,2722,2723,2724,2725,2726,2727,2834,2835,2836,2837,2838,2839,2840,2841,2842,2949,3056,3057,3058,3059,3060,3061,3062,3169,3170,3171,3172,3173,3280,3387,3494,3601,3708,3815,3922,4029,4136,4136,4136,4136,4136,4136,4136,4136,4136,4136,4136,4136,4136,4136,4136,4136,4136,4136,4136,4136,4136,4136,4136,4136,4136,4136,4136,4136,4136,4136,4136,4136,4136,4136,4136,4136,4136,4136,4136,4136,4136,4136,4136,4136,4136,4136,4136,4136,4136,
goal:4136,4136,4136,4136,4136,4136,4136,4136,4136,4136,4136,4136,4136,4136,4136,4136,4136,4136,4136,4136,4136,4136,4136,4136,4136,4136,4136,4136,4136,4136,4136,4136,4136,4136,4136,4136,4136,4136,4136,4136,4136,4136,4136,4136,4136,4136,4136,4136,4136,4136,4136,4136,4136,4136,4136,4136,4136,4136,4136,4136,4136,4136,4136,4136,4136,4136,4136,4136,4136,4136,4136,4136,4136,4136,4136,4136,4136,4136,4136,4136,4136,4136,4136,4136,4136,4136,4136,4136,4136,4136,4136,4136,4136,4136,4136,4136,4136,4136,4136,4136,4136,4136,4136,4136,4136,4136,4136,
size:58
[agent] id:25
path:2868,2761,2762,2763,2764,2765,2766,2767,2660,2661,2662,2663,2664,2665,2772,2773,2774,2775,2776,2777,2778,2778,2778,2778,2778,2778,2778,2778,2778,2778,2778,2778,2778,2778,2778,2778,2778,2778,2778,2778,2778,2778,2778,2778,2778,2778,2778,2778,2778,2778,2778,2778,2778,2778,2778,2778,2778,2778,2778,2778,2778,2778,2778,2778,2778,2778,2778,2778,2778,2778,2778,2778,2778,2778,2778,2778,2778,2778,2778,2778,2778,2778,2778,2778,2778,2778,2778,2778,2778,2778,2778,2778,2778,2778,2778,2778,2778,2778,2778,2778,2778,2778,2778,2778,2778,2778,2778,
goal:2778,2778,2778,2778,2778,2778,2778,2778,2778,2778,2778,2778,2778,2778,2778,2778,2778,2778,2778,2778,2778,2778,2778,2778,2778,2778,2778,2778,2778,2778,2778,2778,2778,2778,2778,2778,2778,2778,2778,2778,2778,2778,2778,2778,2778,2778,2778,2778,2778,2778,2778,2778,2778,2778,2778,2778,2778,2778,2778,2778,2778,2778,2778,2778,2778,2778,2778,2778,2778,2778,2778,2778,2778,2778,2778,2778,2778,2778,2778,2778,2778,2778,2778,2778,2778,2778,2778,2778,2778,2778,2778,2778,2778,2778,2778,2778,2778,2778,2778,2778,2778,2778,2778,2778,2778,2778,2778,
size:20
[agent] id:26
path:3816,3815,3708,3601,3494,3387,3280,3173,3172,3171,3170,3169,3062,3061,3060,3059,3058,3057,3056,3055,3054,3053,3052,3051,3050,3049,3048,3047,3046,3045,3044,3043,3042,3041,3040,3039,3038,3037,3036,3035,3034,3033,3032,3031,3030,3029,3028,3027,3026,3025,3024,3131,3238,3345,3344,3343,3342,3341,3340,3447,3554,3661,3768,3767,3766,3765,3764,3764,3764,3764,3764,3764,3764,3764,3764,3764,3764,3764,3764,3764,3764,3764,3764,3764,3764,3764,3764,3764,3764,3764,3764,3764,3764,3764,3764,3764,3764,3764,3764,3764,3764,3764,3764,3764,3764,3764,3764,
goal:3764,3764,3764,3764,3764,3764,3764,3764,3764,3764,3764,3764,3764,3764,3764,3764,3764,3764,3764,3764,3764,3764,3764,3764,3764,3764,3764,3764,3764,3764,3764,3764,3764,3764,3764,3764,3764,3764,3764,3764,3764,3764,3764,3764,3764,3764,3764,3764,3764,3764,3764,3764,3764,3764,3764,3764,3764,3764,3764,3764,3764,3764,3764,3764,3764,3764,3764,3764,3764,3764,3764,3764,3764,3764,3764,3764,3764,3764,3764,3764,3764,3764,3764,3764,3764,3764,3764,3764,3764,3764,3764,3764,3764,3764,3764,3764,3764,3764,3764,3764,3764,3764,3764,3764,3764,3764,3764,
size:66
[agent] id:27
path:1014,1121,1228,1335,1442,1441,1440,1439,1438,1545,1652,1759,1866,1973,2080,2187,2294,2401,2508,2507,2506,2505,2504,2503,2502,2501,2500,2499,2498,2497,2496,2495,2494,2493,2492,2491,2490,2489,2488,2487,2486,2485,2484,2483,2482,2481,2480,2479,2478,2477,2476,2475,2474,2581,2688,2687,2686,2685,2684,2683,2682,2681,2680,2679,2679,2679,2679,2679,2679,2679,2679,2679,2679,2679,2679,2679,2679,2679,2679,2679,2679,2679,2679,2679,2679,2679,2679,2679,2679,2679,2679,2679,2679,2679,2679,2679,2679,2679,2679,2679,2679,2679,2679,2679,2679,2679,2679,
goal:2679,2679,2679,2679,2679,2679,2679,2679,2679,2679,2679,2679,2679,2679,2679,2679,2679,2679,2679,2679,2679,2679,2679,2679,2679,2679,2679,2679,2679,2679,2679,2679,2679,2679,2679,2679,2679,2679,2679,2679,2679,2679,2679,2679,2679,2679,2679,2679,2679,2679,2679,2679,2679,2679,2679,2679,2679,2679,2679,2679,2679,2679,2679,2679,2679,2679,2679,2679,2679,2679,2679,2679,2679,2679,2679,2679,2679,2679,2679,2679,2679,2679,2679,2679,2679,2679,2679,2679,2679,2679,2679,2679,2679,2679,2679,2679,2679,2679,2679,2679,2679,2679,2679,2679,2679,2679,2679,
size:63
[agent] id:28
path:2990,2883,2776,2669,2562,2455,2454,2453,2452,2451,2450,2449,2448,2447,2446,2445,2444,2443,2442,2441,2440,2439,2438,2437,2436,2435,2434,2433,2432,2431,2430,2429,2428,2427,2426,2425,2424,2423,2422,2421,2420,2419,2418,2417,2416,2415,2414,2413,2412,2411,2410,2409,2408,2407,2406,2405,2404,2403,2402,2401,2400,2399,2398,2397,2396,2395,2394,2393,2392,2391,2390,2389,2496,2495,2494,2493,2492,2491,2490,2489,2488,2487,2486,2485,2484,2483,2482,2481,2480,2479,2478,2477,2476,2475,2368,2367,2260,2153,2046,1939,1938,1937,1936,1829,1828,1827,1826,
goal:1826,1826,1826,1826,1826,1826,1826,1826,1826,1826,1826,1826,1826,1826,1826,1826,1826,1826,1826,1826,1826,1826,1826,1826,1826,1826,1826,1826,1826,1826,1826,1826,1826,1826,1826,1826,1826,1826,1826,1826,1826,1826,1826,1826,1826,1826,1826,1826,1826,1826,1826,1826,1826,1826,1826,1826,1826,1826,1826,1826,1826,1826,1826,1826,1826,1826,1826,1826,1826,1826,1826,1826,1826,1826,1826,1826,1826,1826,1826,1826,1826,1826,1826,1826,1826,1826,1826,1826,1826,1826,1826,1826,1826,1826,1826,1826,1826,1826,1826,1826,1826,1826,1826,1826,1826,1826,1826,
size:106
[agent] id:29
path:3221,3114,3007,2900,2793,2686,2579,2472,2473,2474,2475,2476,2477,2478,2585,2692,2693,2694,2695,2696,2697,2698,2699,2700,2701,2702,2703,2704,2705,2706,2707,2708,2709,2710,2711,2712,2713,2714,2715,2822,2823,2824,2825,2826,2827,2828,2829,2830,2831,2832,2833,2834,2835,2836,2837,2838,2839,2840,2841,2842,2843,2844,2845,2846,2847,2848,2849,2850,2851,2852,2853,2854,2855,2856,2857,2858,2859,2860,2861,2862,2863,2864,2865,2866,2867,2868,2869,2870,2871,2872,2873,2874,2874,2874,2874,2874,2874,2874,2874,2874,2874,2874,2874,2874,2874,2874,2874,
goal:2874,2874,2874,2874,2874,2874,2874,2874,2874,2874,2874,2874,2874,2874,2874,2874,2874,2874,2874,2874,2874,2874,2874,2874,2874,2874,2874,2874,2874,2874,2874,2874,2874,2874,2874,2874,2874,2874,2874,2874,2874,2874,2874,2874,2874,2874,2874,2874,2874,2874,2874,2874,2874,2874,2874,2874,2874,2874,2874,2874,2874,2874,2874,2874,2874,2874,2874,2874,2874,2874,2874,2874,2874,2874,2874,2874,2874,2874,2874,2874,2874,2874,2874,2874,2874,2874,2874,2874,2874,2874,2874,2874,2874,2874,2874,2874,2874,2874,2874,2874,2874,2874,2874,2874,2874,2874,2874,
size:91
SolutionCost:1357
