[setting] seed:47
[solver] type:ECBS
[solver] w:3.000000
[solver] ID:0
[solver] Lowlevelnode:11159
[solver] solved:1
[solver] elapsed:118
[solver] makespan:74
[problem] timesteplimit:10000
[problem] type:MAPF
[problem] agentnum:20
[graph] width:107
[graph] height:47
[graph] filename:./map/orz601d.map
[task] id:19,start:0,end:0,service time:0,nodes:3303,
[task] id:2,start:0,end:0,service time:0,nodes:2501,
[task] id:5,start:0,end:0,service time:0,nodes:1413,
[task] id:0,start:0,end:0,service time:0,nodes:2918,
[task] id:6,start:0,end:0,service time:0,nodes:479,
[task] id:10,start:0,end:0,service time:0,nodes:2093,
[task] id:3,start:0,end:0,service time:0,nodes:4298,
[task] id:15,start:0,end:0,service time:0,nodes:1863,
[task] id:17,start:0,end:0,service time:0,nodes:3021,
[task] id:18,start:0,end:0,service time:0,nodes:579,
[task] id:14,start:0,end:0,service time:0,nodes:1011,
[task] id:1,start:0,end:0,service time:0,nodes:1015,
[task] id:4,start:0,end:0,service time:0,nodes:2536,
[task] id:8,start:0,end:0,service time:0,nodes:2885,
[task] id:16,start:0,end:0,service time:0,nodes:1008,
[task] id:9,start:0,end:0,service time:0,nodes:2521,
[task] id:11,start:0,end:0,service time:0,nodes:1207,
[task] id:12,start:0,end:0,service time:0,nodes:3984,
[task] id:13,start:0,end:0,service time:0,nodes:2367,
[task] id:7,start:0,end:0,service time:0,nodes:1123,
[agent] id:0
path:2841,2948,2947,2946,2945,2944,2943,2942,2941,2940,2939,2938,2937,2936,2935,2934,2933,2932,2931,2930,2929,2928,2927,2926,2925,2924,2923,2922,2921,2920,2919,2918,2918,2918,2918,2918,2918,2918,2918,2918,2918,2918,2918,2918,2918,2918,2918,2918,2918,2918,2918,2918,2918,2918,2918,2918,2918,2918,2918,2918,2918,2918,2918,2918,2918,2918,2918,2918,2918,2918,2918,2918,2918,2918,2918,
goal:2918,2918,2918,2918,2918,2918,2918,2918,2918,2918,2918,2918,2918,2918,2918,2918,2918,2918,2918,2918,2918,2918,2918,2918,2918,2918,2918,2918,2918,2918,2918,2918,2918,2918,2918,2918,2918,2918,2918,2918,2918,2918,2918,2918,2918,2918,2918,2918,2918,2918,2918,2918,2918,2918,2918,2918,2918,2918,2918,2918,2918,2918,2918,2918,2918,2918,2918,2918,2918,2918,2918,2918,2918,2918,2918,
size:31
[agent] id:1
path:2011,2010,2009,2008,2007,2006,2005,2004,2003,2002,2001,2000,1999,1998,1997,1996,1995,1994,1993,1992,1991,1990,1989,1988,1987,1986,1985,1984,1983,1982,1981,1980,1979,1978,1871,1870,1869,1868,1867,1866,1759,1652,1545,1438,1331,1224,1117,1118,1119,1012,1013,1014,1015,1015,1015,1015,1015,1015,1015,1015,1015,1015,1015,1015,1015,1015,1015,1015,1015,1015,1015,1015,1015,1015,1015,
goal:1015,1015,1015,1015,1015,1015,1015,1015,1015,1015,1015,1015,1015,1015,1015,1015,1015,1015,1015,1015,1015,1015,1015,1015,1015,1015,1015,1015,1015,1015,1015,1015,1015,1015,1015,1015,1015,1015,1015,1015,1015,1015,1015,1015,1015,1015,1015,1015,1015,1015,1015,1015,1015,1015,1015,1015,1015,1015,1015,1015,1015,1015,1015,1015,1015,1015,1015,1015,1015,1015,1015,1015,1015,1015,1015,
size:52
[agent] id:2
path:3025,2918,2811,2704,2597,2490,2491,2492,2493,2494,2495,2496,2497,2498,2499,2500,2501,2501,2501,2501,2501,2501,2501,2501,2501,2501,2501,2501,2501,2501,2501,2501,2501,2501,2501,2501,2501,2501,2501,2501,2501,2501,2501,2501,2501,2501,2501,2501,2501,2501,2501,2501,2501,2501,2501,2501,2501,2501,2501,2501,2501,2501,2501,2501,2501,2501,2501,2501,2501,2501,2501,2501,2501,2501,2501,
goal:2501,2501,2501,2501,2501,2501,2501,2501,2501,2501,2501,2501,2501,2501,2501,2501,2501,2501,2501,2501,2501,2501,2501,2501,2501,2501,2501,2501,2501,2501,2501,2501,2501,2501,2501,2501,2501,2501,2501,2501,2501,2501,2501,2501,2501,2501,2501,2501,2501,2501,2501,2501,2501,2501,2501,2501,2501,2501,2501,2501,2501,2501,2501,2501,2501,2501,2501,2501,2501,2501,2501,2501,2501,2501,2501,
size:16
[agent] id:3
path:2254,2361,2468,2469,2470,2471,2472,2473,2474,2475,2476,2477,2478,2585,2692,2799,2906,3013,3014,3121,3228,3335,3336,3337,3338,3339,3446,3553,3660,3767,3874,3981,4088,4195,4302,4301,4300,4299,4298,4298,4298,4298,4298,4298,4298,4298,4298,4298,4298,4298,4298,4298,4298,4298,4298,4298,4298,4298,4298,4298,4298,4298,4298,4298,4298,4298,4298,4298,4298,4298,4298,4298,4298,4298,4298,
goal:4298,4298,4298,4298,4298,4298,4298,4298,4298,4298,4298,4298,4298,4298,4298,4298,4298,4298,4298,4298,4298,4298,4298,4298,4298,4298,4298,4298,4298,4298,4298,4298,4298,4298,4298,4298,4298,4298,4298,4298,4298,4298,4298,4298,4298,4298,4298,4298,4298,4298,4298,4298,4298,4298,4298,4298,4298,4298,4298,4298,4298,4298,4298,4298,4298,4298,4298,4298,4298,4298,4298,4298,4298,4298,4298,
size:38
[agent] id:4
path:2591,2592,2593,2594,2595,2596,2597,2598,2599,2600,2601,2602,2603,2604,2605,2606,2607,2608,2609,2502,2503,2504,2505,2506,2507,2508,2509,2510,2511,2512,2513,2514,2515,2516,2517,2518,2519,2520,2521,2522,2523,2524,2525,2526,2527,2528,2529,2530,2531,2532,2533,2534,2535,2536,2536,2536,2536,2536,2536,2536,2536,2536,2536,2536,2536,2536,2536,2536,2536,2536,2536,2536,2536,2536,2536,
goal:2536,2536,2536,2536,2536,2536,2536,2536,2536,2536,2536,2536,2536,2536,2536,2536,2536,2536,2536,2536,2536,2536,2536,2536,2536,2536,2536,2536,2536,2536,2536,2536,2536,2536,2536,2536,2536,2536,2536,2536,2536,2536,2536,2536,2536,2536,2536,2536,2536,2536,2536,2536,2536,2536,2536,2536,2536,2536,2536,2536,2536,2536,2536,2536,2536,2536,2536,2536,2536,2536,2536,2536,2536,2536,2536,
size:53
[agent] id:5
path:2502,2395,2288,2181,2074,1967,1966,1965,1964,1963,1962,1961,1960,1959,1958,1957,1956,1955,1954,1847,1846,1845,1844,1843,1842,1735,1628,1521,1414,1413,1413,1413,1413,1413,1413,1413,1413,1413,1413,1413,1413,1413,1413,1413,1413,1413,1413,1413,1413,1413,1413,1413,1413,1413,1413,1413,1413,1413,1413,1413,1413,1413,1413,1413,1413,1413,1413,1413,1413,1413,1413,1413,1413,1413,1413,
goal:1413,1413,1413,1413,1413,1413,1413,1413,1413,1413,1413,1413,1413,1413,1413,1413,1413,1413,1413,1413,1413,1413,1413,1413,1413,1413,1413,1413,1413,1413,1413,1413,1413,1413,1413,1413,1413,1413,1413,1413,1413,1413,1413,1413,1413,1413,1413,1413,1413,1413,1413,1413,1413,1413,1413,1413,1413,1413,1413,1413,1413,1413,1413,1413,1413,1413,1413,1413,1413,1413,1413,1413,1413,1413,1413,
size:29
[agent] id:6
path:2202,2095,1988,1987,1986,1985,1984,1983,1982,1981,1980,1979,1978,1871,1870,1869,1868,1867,1866,1759,1652,1545,1438,1331,1224,1117,1010,903,796,689,582,475,476,477,478,479,479,479,479,479,479,479,479,479,479,479,479,479,479,479,479,479,479,479,479,479,479,479,479,479,479,479,479,479,479,479,479,479,479,479,479,479,479,479,479,
goal:479,479,479,479,479,479,479,479,479,479,479,479,479,479,479,479,479,479,479,479,479,479,479,479,479,479,479,479,479,479,479,479,479,479,479,479,479,479,479,479,479,479,479,479,479,479,479,479,479,479,479,479,479,479,479,479,479,479,479,479,479,479,479,479,479,479,479,479,479,479,479,479,479,479,479,
size:35
[agent] id:7
path:2775,2668,2561,2454,2453,2452,2451,2450,2449,2448,2447,2446,2339,2232,2125,2018,2017,2016,2015,2014,2013,2012,2011,2010,2009,2008,2007,2006,2005,2004,2003,2002,2001,2000,1999,1998,1997,1996,1995,1994,1993,1992,1991,1990,1989,1988,1987,1986,1985,1984,1983,1982,1981,1980,1979,1978,1871,1870,1869,1868,1867,1866,1759,1652,1545,1438,1331,1224,1117,1118,1119,1120,1121,1122,1123,
goal:1123,1123,1123,1123,1123,1123,1123,1123,1123,1123,1123,1123,1123,1123,1123,1123,1123,1123,1123,1123,1123,1123,1123,1123,1123,1123,1123,1123,1123,1123,1123,1123,1123,1123,1123,1123,1123,1123,1123,1123,1123,1123,1123,1123,1123,1123,1123,1123,1123,1123,1123,1123,1123,1123,1123,1123,1123,1123,1123,1123,1123,1123,1123,1123,1123,1123,1123,1123,1123,1123,1123,1123,1123,1123,1123,
size:74
[agent] id:8
path:4348,4241,4134,4027,3920,3813,3706,3599,3600,3601,3494,3387,3280,3173,3066,2959,2852,2853,2854,2855,2856,2857,2858,2859,2860,2861,2862,2863,2864,2865,2866,2867,2868,2869,2870,2871,2872,2873,2874,2767,2660,2661,2662,2663,2664,2665,2772,2879,2880,2881,2882,2883,2884,2885,2885,2885,2885,2885,2885,2885,2885,2885,2885,2885,2885,2885,2885,2885,2885,2885,2885,2885,2885,2885,2885,
goal:2885,2885,2885,2885,2885,2885,2885,2885,2885,2885,2885,2885,2885,2885,2885,2885,2885,2885,2885,2885,2885,2885,2885,2885,2885,2885,2885,2885,2885,2885,2885,2885,2885,2885,2885,2885,2885,2885,2885,2885,2885,2885,2885,2885,2885,2885,2885,2885,2885,2885,2885,2885,2885,2885,2885,2885,2885,2885,2885,2885,2885,2885,2885,2885,2885,2885,2885,2885,2885,2885,2885,2885,2885,2885,2885,
size:53
[agent] id:9
path:553,660,767,874,981,1088,1195,1302,1409,1410,1411,1412,1413,1520,1627,1734,1841,1948,2055,2162,2269,2376,2377,2378,2379,2380,2381,2382,2383,2384,2385,2386,2387,2388,2389,2390,2391,2392,2393,2394,2395,2502,2503,2504,2505,2506,2507,2508,2509,2510,2511,2512,2513,2514,2515,2516,2517,2518,2519,2520,2521,2521,2521,2521,2521,2521,2521,2521,2521,2521,2521,2521,2521,2521,2521,
goal:2521,2521,2521,2521,2521,2521,2521,2521,2521,2521,2521,2521,2521,2521,2521,2521,2521,2521,2521,2521,2521,2521,2521,2521,2521,2521,2521,2521,2521,2521,2521,2521,2521,2521,2521,2521,2521,2521,2521,2521,2521,2521,2521,2521,2521,2521,2521,2521,2521,2521,2521,2521,2521,2521,2521,2521,2521,2521,2521,2521,2521,2521,2521,2521,2521,2521,2521,2521,2521,2521,2521,2521,2521,2521,2521,
size:60
[agent] id:10
path:4355,4248,4141,4034,3927,3820,3713,3606,3605,3604,3603,3602,3495,3388,3281,3174,3067,2960,2853,2746,2639,2532,2425,2318,2211,2104,2103,2102,2101,2100,2099,2098,2097,2096,2095,2094,2093,2093,2093,2093,2093,2093,2093,2093,2093,2093,2093,2093,2093,2093,2093,2093,2093,2093,2093,2093,2093,2093,2093,2093,2093,2093,2093,2093,2093,2093,2093,2093,2093,2093,2093,2093,2093,2093,2093,
goal:2093,2093,2093,2093,2093,2093,2093,2093,2093,2093,2093,2093,2093,2093,2093,2093,2093,2093,2093,2093,2093,2093,2093,2093,2093,2093,2093,2093,2093,2093,2093,2093,2093,2093,2093,2093,2093,2093,2093,2093,2093,2093,2093,2093,2093,2093,2093,2093,2093,2093,2093,2093,2093,2093,2093,2093,2093,2093,2093,2093,2093,2093,2093,2093,2093,2093,2093,2093,2093,2093,2093,2093,2093,2093,2093,
size:36
[agent] id:11
path:2216,2109,2002,2001,2000,1999,1998,1997,1996,1995,1994,1993,1992,1991,1990,1989,1988,1987,1986,1985,1984,1983,1982,1981,1980,1979,1978,1977,1976,1975,1974,1973,1972,1971,1970,1969,1968,1967,1966,1965,1964,1963,1962,1961,1960,1959,1958,1957,1956,1955,1954,1847,1846,1845,1844,1843,1842,1735,1628,1521,1414,1307,1200,1201,1202,1203,1204,1205,1206,1207,1207,1207,1207,1207,1207,
goal:1207,1207,1207,1207,1207,1207,1207,1207,1207,1207,1207,1207,1207,1207,1207,1207,1207,1207,1207,1207,1207,1207,1207,1207,1207,1207,1207,1207,1207,1207,1207,1207,1207,1207,1207,1207,1207,1207,1207,1207,1207,1207,1207,1207,1207,1207,1207,1207,1207,1207,1207,1207,1207,1207,1207,1207,1207,1207,1207,1207,1207,1207,1207,1207,1207,1207,1207,1207,1207,1207,1207,1207,1207,1207,1207,
size:69
[agent] id:12
path:2647,2754,2861,2968,3075,3074,3073,3072,3071,3070,3069,3068,3067,3066,3065,3064,3063,3062,3061,3060,3059,3058,3057,3056,3055,3054,3053,3052,3051,3050,3049,3048,3047,3046,3045,3044,3043,3042,3041,3040,3039,3038,3037,3036,3035,3034,3033,3032,3031,3030,3029,3028,3027,3026,3025,3024,3131,3238,3345,3344,3343,3342,3341,3340,3447,3554,3661,3768,3875,3982,3983,3984,3984,3984,3984,
goal:3984,3984,3984,3984,3984,3984,3984,3984,3984,3984,3984,3984,3984,3984,3984,3984,3984,3984,3984,3984,3984,3984,3984,3984,3984,3984,3984,3984,3984,3984,3984,3984,3984,3984,3984,3984,3984,3984,3984,3984,3984,3984,3984,3984,3984,3984,3984,3984,3984,3984,3984,3984,3984,3984,3984,3984,3984,3984,3984,3984,3984,3984,3984,3984,3984,3984,3984,3984,3984,3984,3984,3984,3984,3984,3984,
size:71
[agent] id:13
path:3813,3706,3599,3600,3601,3494,3387,3280,3173,3066,2959,2852,2745,2638,2531,2424,2423,2422,2421,2420,2419,2418,2417,2416,2415,2414,2413,2412,2411,2410,2409,2408,2407,2406,2405,2404,2403,2402,2401,2400,2399,2398,2397,2396,2395,2394,2393,2392,2391,2390,2389,2388,2387,2386,2385,2384,2383,2382,2381,2380,2379,2378,2377,2376,2375,2374,2373,2372,2371,2370,2369,2368,2367,2367,2367,
goal:2367,2367,2367,2367,2367,2367,2367,2367,2367,2367,2367,2367,2367,2367,2367,2367,2367,2367,2367,2367,2367,2367,2367,2367,2367,2367,2367,2367,2367,2367,2367,2367,2367,2367,2367,2367,2367,2367,2367,2367,2367,2367,2367,2367,2367,2367,2367,2367,2367,2367,2367,2367,2367,2367,2367,2367,2367,2367,2367,2367,2367,2367,2367,2367,2367,2367,2367,2367,2367,2367,2367,2367,2367,2367,2367,
size:72
[agent] id:14
path:3124,3017,2910,2803,2696,2589,2482,2375,2268,2161,2054,2055,2056,2057,2058,2059,2060,2061,2062,1955,1956,1957,1958,1959,1960,1961,1962,1963,1964,1965,1966,1967,1860,1861,1862,1863,1864,1865,1758,1651,1544,1437,1330,1223,1116,1009,1010,1011,1011,1011,1011,1011,1011,1011,1011,1011,1011,1011,1011,1011,1011,1011,1011,1011,1011,1011,1011,1011,1011,1011,1011,1011,1011,1011,1011,
goal:1011,1011,1011,1011,1011,1011,1011,1011,1011,1011,1011,1011,1011,1011,1011,1011,1011,1011,1011,1011,1011,1011,1011,1011,1011,1011,1011,1011,1011,1011,1011,1011,1011,1011,1011,1011,1011,1011,1011,1011,1011,1011,1011,1011,1011,1011,1011,1011,1011,1011,1011,1011,1011,1011,1011,1011,1011,1011,1011,1011,1011,1011,1011,1011,1011,1011,1011,1011,1011,1011,1011,1011,1011,1011,1011,
size:47
[agent] id:15
path:1902,1901,1900,2007,2006,2005,2004,2003,2002,2001,2000,1999,1998,1997,1996,1995,1994,1993,1992,1991,1990,1989,1988,1987,1986,1985,1984,1983,1982,1981,1980,1979,1978,1871,1870,1869,1868,1867,1866,1865,1864,1863,1863,1863,1863,1863,1863,1863,1863,1863,1863,1863,1863,1863,1863,1863,1863,1863,1863,1863,1863,1863,1863,1863,1863,1863,1863,1863,1863,1863,1863,1863,1863,1863,1863,
goal:1863,1863,1863,1863,1863,1863,1863,1863,1863,1863,1863,1863,1863,1863,1863,1863,1863,1863,1863,1863,1863,1863,1863,1863,1863,1863,1863,1863,1863,1863,1863,1863,1863,1863,1863,1863,1863,1863,1863,1863,1863,1863,1863,1863,1863,1863,1863,1863,1863,1863,1863,1863,1863,1863,1863,1863,1863,1863,1863,1863,1863,1863,1863,1863,1863,1863,1863,1863,1863,1863,1863,1863,1863,1863,1863,
size:41
[agent] id:16
path:2039,2146,2253,2360,2361,2362,2363,2364,2365,2366,2367,2368,2369,2370,2371,2264,2157,2050,2051,2052,2053,2054,2055,2056,2057,2058,2059,2060,2061,2062,2063,2064,2065,2066,2067,2068,2069,2070,2071,2072,1965,1966,1967,1968,1969,1970,1971,1864,1865,1758,1651,1544,1437,1330,1223,1116,1009,1008,1008,1008,1008,1008,1008,1008,1008,1008,1008,1008,1008,1008,1008,1008,1008,1008,1008,
goal:1008,1008,1008,1008,1008,1008,1008,1008,1008,1008,1008,1008,1008,1008,1008,1008,1008,1008,1008,1008,1008,1008,1008,1008,1008,1008,1008,1008,1008,1008,1008,1008,1008,1008,1008,1008,1008,1008,1008,1008,1008,1008,1008,1008,1008,1008,1008,1008,1008,1008,1008,1008,1008,1008,1008,1008,1008,1008,1008,1008,1008,1008,1008,1008,1008,1008,1008,1008,1008,1008,1008,1008,1008,1008,1008,
size:57
[agent] id:17
path:3064,3063,3062,3061,3060,3059,3058,3057,3056,3055,3054,3053,3052,3051,3050,3049,3048,3047,3046,3045,3044,3043,3042,3041,3040,3039,3038,3037,3036,3035,3034,3033,3032,3031,3030,3029,3028,3027,3026,3025,3024,3023,3022,3021,3021,3021,3021,3021,3021,3021,3021,3021,3021,3021,3021,3021,3021,3021,3021,3021,3021,3021,3021,3021,3021,3021,3021,3021,3021,3021,3021,3021,3021,3021,3021,
goal:3021,3021,3021,3021,3021,3021,3021,3021,3021,3021,3021,3021,3021,3021,3021,3021,3021,3021,3021,3021,3021,3021,3021,3021,3021,3021,3021,3021,3021,3021,3021,3021,3021,3021,3021,3021,3021,3021,3021,3021,3021,3021,3021,3021,3021,3021,3021,3021,3021,3021,3021,3021,3021,3021,3021,3021,3021,3021,3021,3021,3021,3021,3021,3021,3021,3021,3021,3021,3021,3021,3021,3021,3021,3021,3021,
size:43
[agent] id:18
path:2424,2317,2210,2103,1996,1995,1994,1993,1992,1991,1990,1989,1988,1987,1986,1985,1984,1983,1982,1981,1980,1979,1978,1871,1870,1869,1868,1867,1866,1759,1652,1545,1438,1331,1224,1117,1010,903,796,689,582,581,580,579,579,579,579,579,579,579,579,579,579,579,579,579,579,579,579,579,579,579,579,579,579,579,579,579,579,579,579,579,579,579,579,
goal:579,579,579,579,579,579,579,579,579,579,579,579,579,579,579,579,579,579,579,579,579,579,579,579,579,579,579,579,579,579,579,579,579,579,579,579,579,579,579,579,579,579,579,579,579,579,579,579,579,579,579,579,579,579,579,579,579,579,579,579,579,579,579,579,579,579,579,579,579,579,579,579,579,579,579,
size:43
[agent] id:19
path:1912,1911,2018,2125,2232,2339,2446,2553,2660,2767,2874,2981,3088,3195,3302,3303,3303,3303,3303,3303,3303,3303,3303,3303,3303,3303,3303,3303,3303,3303,3303,3303,3303,3303,3303,3303,3303,3303,3303,3303,3303,3303,3303,3303,3303,3303,3303,3303,3303,3303,3303,3303,3303,3303,3303,3303,3303,3303,3303,3303,3303,3303,3303,3303,3303,3303,3303,3303,3303,3303,3303,3303,3303,3303,3303,
goal:3303,3303,3303,3303,3303,3303,3303,3303,3303,3303,3303,3303,3303,3303,3303,3303,3303,3303,3303,3303,3303,3303,3303,3303,3303,3303,3303,3303,3303,3303,3303,3303,3303,3303,3303,3303,3303,3303,3303,3303,3303,3303,3303,3303,3303,3303,3303,3303,3303,3303,3303,3303,3303,3303,3303,3303,3303,3303,3303,3303,3303,3303,3303,3303,3303,3303,3303,3303,3303,3303,3303,3303,3303,3303,3303,
size:15
SolutionCost:935
