[setting] seed:93
[solver] type:ECBS
[solver] w:3.000000
[solver] ID:0
[solver] Lowlevelnode:1092
[solver] solved:1
[solver] elapsed:23
[solver] makespan:87
[problem] timesteplimit:10000
[problem] type:MAPF
[problem] agentnum:10
[graph] width:107
[graph] height:47
[graph] filename:./map/orz601d.map
[task] id:0,start:0,end:0,service time:0,nodes:3976,
[task] id:1,start:0,end:0,service time:0,nodes:1466,
[task] id:4,start:0,end:0,service time:0,nodes:2640,
[task] id:5,start:0,end:0,service time:0,nodes:3922,
[task] id:2,start:0,end:0,service time:0,nodes:2949,
[task] id:8,start:0,end:0,service time:0,nodes:2368,
[task] id:9,start:0,end:0,service time:0,nodes:2526,
[task] id:6,start:0,end:0,service time:0,nodes:3185,
[task] id:7,start:0,end:0,service time:0,nodes:3880,
[task] id:3,start:0,end:0,service time:0,nodes:718,
[agent] id:0
path:4084,3977,3976,3976,3976,3976,3976,3976,3976,3976,3976,3976,3976,3976,3976,3976,3976,3976,3976,3976,3976,3976,3976,3976,3976,3976,3976,3976,3976,3976,3976,3976,3976,3976,3976,3976,3976,3976,3976,3976,3976,3976,3976,3976,3976,3976,3976,3976,3976,3976,3976,3976,3976,3976,3976,3976,3976,3976,3976,3976,3976,3976,3976,3976,3976,3976,3976,3976,3976,3976,3976,3976,3976,3976,3976,3976,3976,3976,3976,3976,3976,3976,3976,3976,3976,3976,3976,3976,
goal:3976,3976,3976,3976,3976,3976,3976,3976,3976,3976,3976,3976,3976,3976,3976,3976,3976,3976,3976,3976,3976,3976,3976,3976,3976,3976,3976,3976,3976,3976,3976,3976,3976,3976,3976,3976,3976,3976,3976,3976,3976,3976,3976,3976,3976,3976,3976,3976,3976,3976,3976,3976,3976,3976,3976,3976,3976,3976,3976,3976,3976,3976,3976,3976,3976,3976,3976,3976,3976,3976,3976,3976,3976,3976,3976,3976,3976,3976,3976,3976,3976,3976,3976,3976,3976,3976,3976,3976,
size:2
[agent] id:1
path:1997,1890,1783,1676,1675,1568,1461,1462,1463,1464,1465,1466,1466,1466,1466,1466,1466,1466,1466,1466,1466,1466,1466,1466,1466,1466,1466,1466,1466,1466,1466,1466,1466,1466,1466,1466,1466,1466,1466,1466,1466,1466,1466,1466,1466,1466,1466,1466,1466,1466,1466,1466,1466,1466,1466,1466,1466,1466,1466,1466,1466,1466,1466,1466,1466,1466,1466,1466,1466,1466,1466,1466,1466,1466,1466,1466,1466,1466,1466,1466,1466,1466,1466,1466,1466,1466,1466,1466,
goal:1466,1466,1466,1466,1466,1466,1466,1466,1466,1466,1466,1466,1466,1466,1466,1466,1466,1466,1466,1466,1466,1466,1466,1466,1466,1466,1466,1466,1466,1466,1466,1466,1466,1466,1466,1466,1466,1466,1466,1466,1466,1466,1466,1466,1466,1466,1466,1466,1466,1466,1466,1466,1466,1466,1466,1466,1466,1466,1466,1466,1466,1466,1466,1466,1466,1466,1466,1466,1466,1466,1466,1466,1466,1466,1466,1466,1466,1466,1466,1466,1466,1466,1466,1466,1466,1466,1466,1466,
size:11
[agent] id:2
path:2175,2282,2389,2496,2603,2710,2817,2924,2925,2926,2927,2928,2929,2930,2931,2932,2933,2934,2935,2936,2937,2938,2939,2940,2941,2942,2943,2944,2945,2946,2947,2948,2949,2949,2949,2949,2949,2949,2949,2949,2949,2949,2949,2949,2949,2949,2949,2949,2949,2949,2949,2949,2949,2949,2949,2949,2949,2949,2949,2949,2949,2949,2949,2949,2949,2949,2949,2949,2949,2949,2949,2949,2949,2949,2949,2949,2949,2949,2949,2949,2949,2949,2949,2949,2949,2949,2949,2949,
goal:2949,2949,2949,2949,2949,2949,2949,2949,2949,2949,2949,2949,2949,2949,2949,2949,2949,2949,2949,2949,2949,2949,2949,2949,2949,2949,2949,2949,2949,2949,2949,2949,2949,2949,2949,2949,2949,2949,2949,2949,2949,2949,2949,2949,2949,2949,2949,2949,2949,2949,2949,2949,2949,2949,2949,2949,2949,2949,2949,2949,2949,2949,2949,2949,2949,2949,2949,2949,2949,2949,2949,2949,2949,2949,2949,2949,2949,2949,2949,2949,2949,2949,2949,2949,2949,2949,2949,2949,
size:32
[agent] id:3
path:4195,4088,3981,3874,3767,3660,3553,3446,3339,3232,3125,3018,2911,2804,2697,2590,2483,2376,2269,2162,2055,1948,1949,1950,1951,1952,1953,1954,1955,1956,1957,1958,1959,1960,1961,1962,1963,1964,1965,1966,1967,1968,1969,1970,1971,1972,1973,1974,1975,1976,1977,1978,1979,1980,1981,1982,1983,1984,1985,1986,1987,1988,1989,1990,1991,1884,1885,1886,1887,1888,1889,1782,1675,1568,1461,1354,1247,1140,1033,926,819,712,713,714,715,716,717,718,
goal:718,718,718,718,718,718,718,718,718,718,718,718,718,718,718,718,718,718,718,718,718,718,718,718,718,718,718,718,718,718,718,718,718,718,718,718,718,718,718,718,718,718,718,718,718,718,718,718,718,718,718,718,718,718,718,718,718,718,718,718,718,718,718,718,718,718,718,718,718,718,718,718,718,718,718,718,718,718,718,718,718,718,718,718,718,718,718,718,
size:87
[agent] id:4
path:1252,1359,1466,1465,1464,1463,1462,1569,1676,1783,1890,1997,2104,2211,2318,2425,2532,2639,2640,2640,2640,2640,2640,2640,2640,2640,2640,2640,2640,2640,2640,2640,2640,2640,2640,2640,2640,2640,2640,2640,2640,2640,2640,2640,2640,2640,2640,2640,2640,2640,2640,2640,2640,2640,2640,2640,2640,2640,2640,2640,2640,2640,2640,2640,2640,2640,2640,2640,2640,2640,2640,2640,2640,2640,2640,2640,2640,2640,2640,2640,2640,2640,2640,2640,2640,2640,2640,2640,
goal:2640,2640,2640,2640,2640,2640,2640,2640,2640,2640,2640,2640,2640,2640,2640,2640,2640,2640,2640,2640,2640,2640,2640,2640,2640,2640,2640,2640,2640,2640,2640,2640,2640,2640,2640,2640,2640,2640,2640,2640,2640,2640,2640,2640,2640,2640,2640,2640,2640,2640,2640,2640,2640,2640,2640,2640,2640,2640,2640,2640,2640,2640,2640,2640,2640,2640,2640,2640,2640,2640,2640,2640,2640,2640,2640,2640,2640,2640,2640,2640,2640,2640,2640,2640,2640,2640,2640,2640,
size:18
[agent] id:5
path:1464,1463,1462,1569,1676,1783,1890,1997,2104,2211,2318,2425,2532,2639,2746,2853,2960,3067,3174,3281,3388,3495,3602,3709,3816,3923,3922,3922,3922,3922,3922,3922,3922,3922,3922,3922,3922,3922,3922,3922,3922,3922,3922,3922,3922,3922,3922,3922,3922,3922,3922,3922,3922,3922,3922,3922,3922,3922,3922,3922,3922,3922,3922,3922,3922,3922,3922,3922,3922,3922,3922,3922,3922,3922,3922,3922,3922,3922,3922,3922,3922,3922,3922,3922,3922,3922,3922,3922,
goal:3922,3922,3922,3922,3922,3922,3922,3922,3922,3922,3922,3922,3922,3922,3922,3922,3922,3922,3922,3922,3922,3922,3922,3922,3922,3922,3922,3922,3922,3922,3922,3922,3922,3922,3922,3922,3922,3922,3922,3922,3922,3922,3922,3922,3922,3922,3922,3922,3922,3922,3922,3922,3922,3922,3922,3922,3922,3922,3922,3922,3922,3922,3922,3922,3922,3922,3922,3922,3922,3922,3922,3922,3922,3922,3922,3922,3922,3922,3922,3922,3922,3922,3922,3922,3922,3922,3922,3922,
size:26
[agent] id:6
path:2378,2485,2592,2699,2806,2913,2914,2915,2916,2917,2918,2919,2920,2921,2922,2923,2924,2925,2926,2927,2928,2929,2930,2931,2932,2933,2934,2935,2936,2937,2938,2939,2940,2941,3048,3049,3050,3051,3052,3053,3054,3055,3056,3057,3058,3059,3060,3061,3062,3063,3064,3065,3066,3067,3068,3069,3070,3071,3072,3073,3074,3075,3076,3077,3078,3185,3185,3185,3185,3185,3185,3185,3185,3185,3185,3185,3185,3185,3185,3185,3185,3185,3185,3185,3185,3185,3185,3185,
goal:3185,3185,3185,3185,3185,3185,3185,3185,3185,3185,3185,3185,3185,3185,3185,3185,3185,3185,3185,3185,3185,3185,3185,3185,3185,3185,3185,3185,3185,3185,3185,3185,3185,3185,3185,3185,3185,3185,3185,3185,3185,3185,3185,3185,3185,3185,3185,3185,3185,3185,3185,3185,3185,3185,3185,3185,3185,3185,3185,3185,3185,3185,3185,3185,3185,3185,3185,3185,3185,3185,3185,3185,3185,3185,3185,3185,3185,3185,3185,3185,3185,3185,3185,3185,3185,3185,3185,3185,
size:65
[agent] id:7
path:4131,4024,3917,3918,3919,3920,3921,3922,3815,3708,3601,3494,3387,3280,3173,3172,3171,3170,3169,3062,3061,3060,3059,3058,3057,3056,3055,3054,3053,3052,3051,3050,3049,3048,3047,3046,3045,3044,3043,3042,3041,3040,3039,3038,3037,3036,3035,3034,3033,3032,3031,3030,3029,3028,3027,3026,3025,3024,3131,3238,3345,3344,3343,3342,3341,3340,3447,3554,3661,3768,3875,3876,3877,3878,3879,3880,3880,3880,3880,3880,3880,3880,3880,3880,3880,3880,3880,3880,
goal:3880,3880,3880,3880,3880,3880,3880,3880,3880,3880,3880,3880,3880,3880,3880,3880,3880,3880,3880,3880,3880,3880,3880,3880,3880,3880,3880,3880,3880,3880,3880,3880,3880,3880,3880,3880,3880,3880,3880,3880,3880,3880,3880,3880,3880,3880,3880,3880,3880,3880,3880,3880,3880,3880,3880,3880,3880,3880,3880,3880,3880,3880,3880,3880,3880,3880,3880,3880,3880,3880,3880,3880,3880,3880,3880,3880,3880,3880,3880,3880,3880,3880,3880,3880,3880,3880,3880,3880,
size:75
[agent] id:8
path:2405,2404,2403,2402,2401,2400,2399,2398,2397,2396,2395,2394,2393,2392,2391,2390,2389,2388,2387,2386,2385,2384,2383,2382,2381,2380,2379,2378,2377,2376,2375,2374,2373,2372,2371,2370,2369,2368,2368,2368,2368,2368,2368,2368,2368,2368,2368,2368,2368,2368,2368,2368,2368,2368,2368,2368,2368,2368,2368,2368,2368,2368,2368,2368,2368,2368,2368,2368,2368,2368,2368,2368,2368,2368,2368,2368,2368,2368,2368,2368,2368,2368,2368,2368,2368,2368,2368,2368,
goal:2368,2368,2368,2368,2368,2368,2368,2368,2368,2368,2368,2368,2368,2368,2368,2368,2368,2368,2368,2368,2368,2368,2368,2368,2368,2368,2368,2368,2368,2368,2368,2368,2368,2368,2368,2368,2368,2368,2368,2368,2368,2368,2368,2368,2368,2368,2368,2368,2368,2368,2368,2368,2368,2368,2368,2368,2368,2368,2368,2368,2368,2368,2368,2368,2368,2368,2368,2368,2368,2368,2368,2368,2368,2368,2368,2368,2368,2368,2368,2368,2368,2368,2368,2368,2368,2368,2368,2368,
size:37
[agent] id:9
path:3554,3447,3340,3233,3126,3019,2912,2805,2698,2591,2484,2485,2486,2487,2488,2489,2490,2491,2492,2493,2494,2495,2496,2497,2498,2499,2500,2501,2502,2503,2504,2505,2506,2507,2508,2509,2510,2511,2512,2513,2514,2515,2516,2517,2518,2519,2520,2521,2522,2523,2524,2525,2526,2526,2526,2526,2526,2526,2526,2526,2526,2526,2526,2526,2526,2526,2526,2526,2526,2526,2526,2526,2526,2526,2526,2526,2526,2526,2526,2526,2526,2526,2526,2526,2526,2526,2526,2526,
goal:2526,2526,2526,2526,2526,2526,2526,2526,2526,2526,2526,2526,2526,2526,2526,2526,2526,2526,2526,2526,2526,2526,2526,2526,2526,2526,2526,2526,2526,2526,2526,2526,2526,2526,2526,2526,2526,2526,2526,2526,2526,2526,2526,2526,2526,2526,2526,2526,2526,2526,2526,2526,2526,2526,2526,2526,2526,2526,2526,2526,2526,2526,2526,2526,2526,2526,2526,2526,2526,2526,2526,2526,2526,2526,2526,2526,2526,2526,2526,2526,2526,2526,2526,2526,2526,2526,2526,2526,
size:52
SolutionCost:405
