[setting] seed:18
[solver] type:ECBS
[solver] w:3.000000
[solver] ID:0
[solver] Lowlevelnode:71221
[solver] solved:1
[solver] elapsed:734
[solver] makespan:97
[problem] timesteplimit:10000
[problem] type:MAPF
[problem] agentnum:30
[graph] width:107
[graph] height:47
[graph] filename:./map/orz601d.map
[task] id:14,start:0,end:0,service time:0,nodes:2076,
[task] id:9,start:0,end:0,service time:0,nodes:2407,
[task] id:17,start:0,end:0,service time:0,nodes:4132,
[task] id:8,start:0,end:0,service time:0,nodes:3818,
[task] id:15,start:0,end:0,service time:0,nodes:2606,
[task] id:19,start:0,end:0,service time:0,nodes:2395,
[task] id:21,start:0,end:0,service time:0,nodes:1087,
[task] id:4,start:0,end:0,service time:0,nodes:2528,
[task] id:18,start:0,end:0,service time:0,nodes:2307,
[task] id:25,start:0,end:0,service time:0,nodes:1247,
[task] id:1,start:0,end:0,service time:0,nodes:2778,
[task] id:7,start:0,end:0,service time:0,nodes:3085,
[task] id:23,start:0,end:0,service time:0,nodes:3008,
[task] id:6,start:0,end:0,service time:0,nodes:4350,
[task] id:10,start:0,end:0,service time:0,nodes:1903,
[task] id:5,start:0,end:0,service time:0,nodes:1207,
[task] id:2,start:0,end:0,service time:0,nodes:1863,
[task] id:3,start:0,end:0,service time:0,nodes:1005,
[task] id:27,start:0,end:0,service time:0,nodes:920,
[task] id:29,start:0,end:0,service time:0,nodes:2063,
[task] id:16,start:0,end:0,service time:0,nodes:2279,
[task] id:28,start:0,end:0,service time:0,nodes:878,
[task] id:0,start:0,end:0,service time:0,nodes:1338,
[task] id:11,start:0,end:0,service time:0,nodes:2397,
[task] id:13,start:0,end:0,service time:0,nodes:4037,
[task] id:20,start:0,end:0,service time:0,nodes:1148,
[task] id:22,start:0,end:0,service time:0,nodes:1312,
[task] id:24,start:0,end:0,service time:0,nodes:3196,
[task] id:26,start:0,end:0,service time:0,nodes:1826,
[task] id:12,start:0,end:0,service time:0,nodes:665,
[agent] id:0
path:4086,3979,3872,3765,3766,3767,3660,3553,3446,3339,3232,3125,3018,2911,2804,2697,2590,2483,2376,2269,2162,2163,2164,2165,2166,2167,2168,2169,2170,2171,2172,2173,2174,2175,2176,2177,2178,2179,2180,2181,2182,2183,2184,2077,1970,1971,1864,1865,1758,1651,1544,1437,1330,1331,1332,1333,1334,1335,1336,1337,1338,1338,1338,1338,1338,1338,1338,1338,1338,1338,1338,1338,1338,1338,1338,1338,1338,1338,1338,1338,1338,1338,1338,1338,1338,1338,1338,1338,1338,1338,1338,1338,1338,1338,1338,1338,1338,1338,
goal:1338,1338,1338,1338,1338,1338,1338,1338,1338,1338,1338,1338,1338,1338,1338,1338,1338,1338,1338,1338,1338,1338,1338,1338,1338,1338,1338,1338,1338,1338,1338,1338,1338,1338,1338,1338,1338,1338,1338,1338,1338,1338,1338,1338,1338,1338,1338,1338,1338,1338,1338,1338,1338,1338,1338,1338,1338,1338,1338,1338,1338,1338,1338,1338,1338,1338,1338,1338,1338,1338,1338,1338,1338,1338,1338,1338,1338,1338,1338,1338,1338,1338,1338,1338,1338,1338,1338,1338,1338,1338,1338,1338,1338,1338,1338,1338,1338,1338,
size:60
[agent] id:1
path:2854,2747,2748,2749,2750,2751,2752,2753,2754,2755,2756,2757,2758,2759,2760,2761,2762,2763,2764,2765,2766,2767,2660,2661,2662,2663,2664,2665,2772,2773,2774,2775,2776,2777,2778,2778,2778,2778,2778,2778,2778,2778,2778,2778,2778,2778,2778,2778,2778,2778,2778,2778,2778,2778,2778,2778,2778,2778,2778,2778,2778,2778,2778,2778,2778,2778,2778,2778,2778,2778,2778,2778,2778,2778,2778,2778,2778,2778,2778,2778,2778,2778,2778,2778,2778,2778,2778,2778,2778,2778,2778,2778,2778,2778,2778,2778,2778,2778,
goal:2778,2778,2778,2778,2778,2778,2778,2778,2778,2778,2778,2778,2778,2778,2778,2778,2778,2778,2778,2778,2778,2778,2778,2778,2778,2778,2778,2778,2778,2778,2778,2778,2778,2778,2778,2778,2778,2778,2778,2778,2778,2778,2778,2778,2778,2778,2778,2778,2778,2778,2778,2778,2778,2778,2778,2778,2778,2778,2778,2778,2778,2778,2778,2778,2778,2778,2778,2778,2778,2778,2778,2778,2778,2778,2778,2778,2778,2778,2778,2778,2778,2778,2778,2778,2778,2778,2778,2778,2778,2778,2778,2778,2778,2778,2778,2778,2778,2778,
size:34
[agent] id:2
path:2220,2113,2112,2111,2110,2109,2108,2107,2106,2105,2104,2103,2102,2101,2100,2099,2098,2097,2096,2095,2094,2093,2092,2091,2090,1983,1982,1981,1980,1979,1978,1871,1870,1869,1868,1867,1866,1865,1864,1863,1863,1863,1863,1863,1863,1863,1863,1863,1863,1863,1863,1863,1863,1863,1863,1863,1863,1863,1863,1863,1863,1863,1863,1863,1863,1863,1863,1863,1863,1863,1863,1863,1863,1863,1863,1863,1863,1863,1863,1863,1863,1863,1863,1863,1863,1863,1863,1863,1863,1863,1863,1863,1863,1863,1863,1863,1863,1863,
goal:1863,1863,1863,1863,1863,1863,1863,1863,1863,1863,1863,1863,1863,1863,1863,1863,1863,1863,1863,1863,1863,1863,1863,1863,1863,1863,1863,1863,1863,1863,1863,1863,1863,1863,1863,1863,1863,1863,1863,1863,1863,1863,1863,1863,1863,1863,1863,1863,1863,1863,1863,1863,1863,1863,1863,1863,1863,1863,1863,1863,1863,1863,1863,1863,1863,1863,1863,1863,1863,1863,1863,1863,1863,1863,1863,1863,1863,1863,1863,1863,1863,1863,1863,1863,1863,1863,1863,1863,1863,1863,1863,1863,1863,1863,1863,1863,1863,1863,
size:39
[agent] id:3
path:2486,2379,2272,2165,2058,1951,1952,1953,1954,1955,1956,1957,1958,1959,1960,1961,1962,1963,1964,1965,1966,1967,1860,1861,1862,1863,1864,1865,1758,1651,1544,1437,1330,1223,1116,1009,1008,1007,1006,1005,1005,1005,1005,1005,1005,1005,1005,1005,1005,1005,1005,1005,1005,1005,1005,1005,1005,1005,1005,1005,1005,1005,1005,1005,1005,1005,1005,1005,1005,1005,1005,1005,1005,1005,1005,1005,1005,1005,1005,1005,1005,1005,1005,1005,1005,1005,1005,1005,1005,1005,1005,1005,1005,1005,1005,1005,1005,1005,
goal:1005,1005,1005,1005,1005,1005,1005,1005,1005,1005,1005,1005,1005,1005,1005,1005,1005,1005,1005,1005,1005,1005,1005,1005,1005,1005,1005,1005,1005,1005,1005,1005,1005,1005,1005,1005,1005,1005,1005,1005,1005,1005,1005,1005,1005,1005,1005,1005,1005,1005,1005,1005,1005,1005,1005,1005,1005,1005,1005,1005,1005,1005,1005,1005,1005,1005,1005,1005,1005,1005,1005,1005,1005,1005,1005,1005,1005,1005,1005,1005,1005,1005,1005,1005,1005,1005,1005,1005,1005,1005,1005,1005,1005,1005,1005,1005,1005,1005,
size:39
[agent] id:4
path:2072,2179,2286,2393,2500,2501,2502,2503,2504,2505,2506,2507,2508,2509,2510,2511,2512,2513,2514,2515,2516,2517,2518,2519,2520,2521,2522,2523,2524,2525,2526,2527,2528,2528,2528,2528,2528,2528,2528,2528,2528,2528,2528,2528,2528,2528,2528,2528,2528,2528,2528,2528,2528,2528,2528,2528,2528,2528,2528,2528,2528,2528,2528,2528,2528,2528,2528,2528,2528,2528,2528,2528,2528,2528,2528,2528,2528,2528,2528,2528,2528,2528,2528,2528,2528,2528,2528,2528,2528,2528,2528,2528,2528,2528,2528,2528,2528,2528,
goal:2528,2528,2528,2528,2528,2528,2528,2528,2528,2528,2528,2528,2528,2528,2528,2528,2528,2528,2528,2528,2528,2528,2528,2528,2528,2528,2528,2528,2528,2528,2528,2528,2528,2528,2528,2528,2528,2528,2528,2528,2528,2528,2528,2528,2528,2528,2528,2528,2528,2528,2528,2528,2528,2528,2528,2528,2528,2528,2528,2528,2528,2528,2528,2528,2528,2528,2528,2528,2528,2528,2528,2528,2528,2528,2528,2528,2528,2528,2528,2528,2528,2528,2528,2528,2528,2528,2528,2528,2528,2528,2528,2528,2528,2528,2528,2528,2528,2528,
size:32
[agent] id:5
path:2897,2790,2683,2576,2469,2362,2363,2364,2365,2366,2367,2368,2369,2370,2371,2264,2157,2050,1943,1836,1837,1838,1839,1840,1841,1734,1627,1520,1413,1306,1199,1200,1201,1202,1203,1204,1205,1206,1207,1207,1207,1207,1207,1207,1207,1207,1207,1207,1207,1207,1207,1207,1207,1207,1207,1207,1207,1207,1207,1207,1207,1207,1207,1207,1207,1207,1207,1207,1207,1207,1207,1207,1207,1207,1207,1207,1207,1207,1207,1207,1207,1207,1207,1207,1207,1207,1207,1207,1207,1207,1207,1207,1207,1207,1207,1207,1207,1207,
goal:1207,1207,1207,1207,1207,1207,1207,1207,1207,1207,1207,1207,1207,1207,1207,1207,1207,1207,1207,1207,1207,1207,1207,1207,1207,1207,1207,1207,1207,1207,1207,1207,1207,1207,1207,1207,1207,1207,1207,1207,1207,1207,1207,1207,1207,1207,1207,1207,1207,1207,1207,1207,1207,1207,1207,1207,1207,1207,1207,1207,1207,1207,1207,1207,1207,1207,1207,1207,1207,1207,1207,1207,1207,1207,1207,1207,1207,1207,1207,1207,1207,1207,1207,1207,1207,1207,1207,1207,1207,1207,1207,1207,1207,1207,1207,1207,1207,1207,
size:38
[agent] id:6
path:2767,2874,2981,3088,3087,3086,3085,3084,3083,3082,3081,3080,3079,3078,3077,3076,3075,3074,3073,3072,3179,3178,3177,3176,3175,3174,3281,3388,3495,3602,3709,3816,3923,4030,4137,4244,4351,4350,4350,4350,4350,4350,4350,4350,4350,4350,4350,4350,4350,4350,4350,4350,4350,4350,4350,4350,4350,4350,4350,4350,4350,4350,4350,4350,4350,4350,4350,4350,4350,4350,4350,4350,4350,4350,4350,4350,4350,4350,4350,4350,4350,4350,4350,4350,4350,4350,4350,4350,4350,4350,4350,4350,4350,4350,4350,4350,4350,4350,
goal:4350,4350,4350,4350,4350,4350,4350,4350,4350,4350,4350,4350,4350,4350,4350,4350,4350,4350,4350,4350,4350,4350,4350,4350,4350,4350,4350,4350,4350,4350,4350,4350,4350,4350,4350,4350,4350,4350,4350,4350,4350,4350,4350,4350,4350,4350,4350,4350,4350,4350,4350,4350,4350,4350,4350,4350,4350,4350,4350,4350,4350,4350,4350,4350,4350,4350,4350,4350,4350,4350,4350,4350,4350,4350,4350,4350,4350,4350,4350,4350,4350,4350,4350,4350,4350,4350,4350,4350,4350,4350,4350,4350,4350,4350,4350,4350,4350,4350,
size:37
[agent] id:7
path:1463,1462,1569,1676,1783,1890,1997,2104,2211,2318,2425,2532,2639,2746,2853,2960,3067,3068,3069,3070,3071,3072,3073,3074,3075,3076,3077,3078,3079,3080,3081,3082,3083,3084,3085,3085,3085,3085,3085,3085,3085,3085,3085,3085,3085,3085,3085,3085,3085,3085,3085,3085,3085,3085,3085,3085,3085,3085,3085,3085,3085,3085,3085,3085,3085,3085,3085,3085,3085,3085,3085,3085,3085,3085,3085,3085,3085,3085,3085,3085,3085,3085,3085,3085,3085,3085,3085,3085,3085,3085,3085,3085,3085,3085,3085,3085,3085,3085,
goal:3085,3085,3085,3085,3085,3085,3085,3085,3085,3085,3085,3085,3085,3085,3085,3085,3085,3085,3085,3085,3085,3085,3085,3085,3085,3085,3085,3085,3085,3085,3085,3085,3085,3085,3085,3085,3085,3085,3085,3085,3085,3085,3085,3085,3085,3085,3085,3085,3085,3085,3085,3085,3085,3085,3085,3085,3085,3085,3085,3085,3085,3085,3085,3085,3085,3085,3085,3085,3085,3085,3085,3085,3085,3085,3085,3085,3085,3085,3085,3085,3085,3085,3085,3085,3085,3085,3085,3085,3085,3085,3085,3085,3085,3085,3085,3085,3085,3085,
size:34
[agent] id:8
path:1884,1991,2098,2205,2312,2313,2420,2527,2634,2741,2848,2955,3062,3169,3170,3171,3172,3173,3280,3387,3494,3601,3708,3815,3816,3817,3818,3818,3818,3818,3818,3818,3818,3818,3818,3818,3818,3818,3818,3818,3818,3818,3818,3818,3818,3818,3818,3818,3818,3818,3818,3818,3818,3818,3818,3818,3818,3818,3818,3818,3818,3818,3818,3818,3818,3818,3818,3818,3818,3818,3818,3818,3818,3818,3818,3818,3818,3818,3818,3818,3818,3818,3818,3818,3818,3818,3818,3818,3818,3818,3818,3818,3818,3818,3818,3818,3818,3818,
goal:3818,3818,3818,3818,3818,3818,3818,3818,3818,3818,3818,3818,3818,3818,3818,3818,3818,3818,3818,3818,3818,3818,3818,3818,3818,3818,3818,3818,3818,3818,3818,3818,3818,3818,3818,3818,3818,3818,3818,3818,3818,3818,3818,3818,3818,3818,3818,3818,3818,3818,3818,3818,3818,3818,3818,3818,3818,3818,3818,3818,3818,3818,3818,3818,3818,3818,3818,3818,3818,3818,3818,3818,3818,3818,3818,3818,3818,3818,3818,3818,3818,3818,3818,3818,3818,3818,3818,3818,3818,3818,3818,3818,3818,3818,3818,3818,3818,3818,
size:26
[agent] id:9
path:2424,2423,2422,2421,2420,2419,2418,2417,2416,2415,2414,2413,2412,2411,2410,2409,2408,2407,2407,2407,2407,2407,2407,2407,2407,2407,2407,2407,2407,2407,2407,2407,2407,2407,2407,2407,2407,2407,2407,2407,2407,2407,2407,2407,2407,2407,2407,2407,2407,2407,2407,2407,2407,2407,2407,2407,2407,2407,2407,2407,2407,2407,2407,2407,2407,2407,2407,2407,2407,2407,2407,2407,2407,2407,2407,2407,2407,2407,2407,2407,2407,2407,2407,2407,2407,2407,2407,2407,2407,2407,2407,2407,2407,2407,2407,2407,2407,2407,
goal:2407,2407,2407,2407,2407,2407,2407,2407,2407,2407,2407,2407,2407,2407,2407,2407,2407,2407,2407,2407,2407,2407,2407,2407,2407,2407,2407,2407,2407,2407,2407,2407,2407,2407,2407,2407,2407,2407,2407,2407,2407,2407,2407,2407,2407,2407,2407,2407,2407,2407,2407,2407,2407,2407,2407,2407,2407,2407,2407,2407,2407,2407,2407,2407,2407,2407,2407,2407,2407,2407,2407,2407,2407,2407,2407,2407,2407,2407,2407,2407,2407,2407,2407,2407,2407,2407,2407,2407,2407,2407,2407,2407,2407,2407,2407,2407,2407,2407,
size:17
[agent] id:10
path:2838,2731,2624,2517,2410,2303,2196,2089,1982,1983,1984,1985,1986,1987,1988,1989,1990,1991,1992,1993,1994,1995,1996,1997,1998,1999,2000,2001,2002,2003,2004,2005,2006,2007,1900,1901,1902,1903,1903,1903,1903,1903,1903,1903,1903,1903,1903,1903,1903,1903,1903,1903,1903,1903,1903,1903,1903,1903,1903,1903,1903,1903,1903,1903,1903,1903,1903,1903,1903,1903,1903,1903,1903,1903,1903,1903,1903,1903,1903,1903,1903,1903,1903,1903,1903,1903,1903,1903,1903,1903,1903,1903,1903,1903,1903,1903,1903,1903,
goal:1903,1903,1903,1903,1903,1903,1903,1903,1903,1903,1903,1903,1903,1903,1903,1903,1903,1903,1903,1903,1903,1903,1903,1903,1903,1903,1903,1903,1903,1903,1903,1903,1903,1903,1903,1903,1903,1903,1903,1903,1903,1903,1903,1903,1903,1903,1903,1903,1903,1903,1903,1903,1903,1903,1903,1903,1903,1903,1903,1903,1903,1903,1903,1903,1903,1903,1903,1903,1903,1903,1903,1903,1903,1903,1903,1903,1903,1903,1903,1903,1903,1903,1903,1903,1903,1903,1903,1903,1903,1903,1903,1903,1903,1903,1903,1903,1903,1903,
size:37
[agent] id:11
path:2881,2774,2667,2666,2665,2664,2663,2662,2661,2660,2659,2658,2657,2656,2655,2654,2653,2652,2651,2650,2649,2648,2647,2646,2645,2644,2643,2642,2641,2640,2639,2638,2637,2636,2635,2634,2527,2526,2525,2524,2523,2522,2521,2520,2519,2518,2517,2516,2515,2514,2513,2406,2405,2404,2403,2402,2401,2400,2399,2398,2397,2397,2397,2397,2397,2397,2397,2397,2397,2397,2397,2397,2397,2397,2397,2397,2397,2397,2397,2397,2397,2397,2397,2397,2397,2397,2397,2397,2397,2397,2397,2397,2397,2397,2397,2397,2397,2397,
goal:2397,2397,2397,2397,2397,2397,2397,2397,2397,2397,2397,2397,2397,2397,2397,2397,2397,2397,2397,2397,2397,2397,2397,2397,2397,2397,2397,2397,2397,2397,2397,2397,2397,2397,2397,2397,2397,2397,2397,2397,2397,2397,2397,2397,2397,2397,2397,2397,2397,2397,2397,2397,2397,2397,2397,2397,2397,2397,2397,2397,2397,2397,2397,2397,2397,2397,2397,2397,2397,2397,2397,2397,2397,2397,2397,2397,2397,2397,2397,2397,2397,2397,2397,2397,2397,2397,2397,2397,2397,2397,2397,2397,2397,2397,2397,2397,2397,2397,
size:60
[agent] id:12
path:2988,2881,2774,2667,2560,2453,2452,2451,2450,2449,2448,2447,2446,2339,2232,2125,2124,2123,2122,2121,2120,2119,2118,2117,2116,2115,2114,2113,2112,2111,2110,2109,2108,2107,2106,2105,2104,2103,2102,2101,2100,2099,2098,2097,2096,2095,1988,1987,1986,1985,1984,1983,1982,1981,1980,1979,1978,1977,1976,1975,1974,1973,1972,1971,1970,1969,1968,1967,1966,1965,1964,1963,1962,1961,1960,1959,1958,1957,1956,1955,1954,1847,1846,1845,1844,1843,1842,1735,1628,1521,1414,1307,1200,1093,986,879,772,665,
goal:665,665,665,665,665,665,665,665,665,665,665,665,665,665,665,665,665,665,665,665,665,665,665,665,665,665,665,665,665,665,665,665,665,665,665,665,665,665,665,665,665,665,665,665,665,665,665,665,665,665,665,665,665,665,665,665,665,665,665,665,665,665,665,665,665,665,665,665,665,665,665,665,665,665,665,665,665,665,665,665,665,665,665,665,665,665,665,665,665,665,665,665,665,665,665,665,665,665,
size:97
[agent] id:13
path:2808,2915,3022,3023,3024,3025,3026,3027,3028,3029,3030,3031,3032,3033,3034,3035,3036,3037,3038,3039,3040,3041,3042,3043,3044,3045,3046,3047,3048,3049,3050,3051,3052,3053,3054,3055,3056,3057,3058,3059,3060,3061,3062,3169,3170,3171,3172,3173,3280,3387,3494,3601,3708,3815,3922,4029,4030,4031,4032,4033,4034,4035,4036,4037,4037,4037,4037,4037,4037,4037,4037,4037,4037,4037,4037,4037,4037,4037,4037,4037,4037,4037,4037,4037,4037,4037,4037,4037,4037,4037,4037,4037,4037,4037,4037,4037,4037,4037,
goal:4037,4037,4037,4037,4037,4037,4037,4037,4037,4037,4037,4037,4037,4037,4037,4037,4037,4037,4037,4037,4037,4037,4037,4037,4037,4037,4037,4037,4037,4037,4037,4037,4037,4037,4037,4037,4037,4037,4037,4037,4037,4037,4037,4037,4037,4037,4037,4037,4037,4037,4037,4037,4037,4037,4037,4037,4037,4037,4037,4037,4037,4037,4037,4037,4037,4037,4037,4037,4037,4037,4037,4037,4037,4037,4037,4037,4037,4037,4037,4037,4037,4037,4037,4037,4037,4037,4037,4037,4037,4037,4037,4037,4037,4037,4037,4037,4037,4037,
size:63
[agent] id:14
path:2191,2084,2083,2082,2081,2080,2079,2078,2077,2076,2076,2076,2076,2076,2076,2076,2076,2076,2076,2076,2076,2076,2076,2076,2076,2076,2076,2076,2076,2076,2076,2076,2076,2076,2076,2076,2076,2076,2076,2076,2076,2076,2076,2076,2076,2076,2076,2076,2076,2076,2076,2076,2076,2076,2076,2076,2076,2076,2076,2076,2076,2076,2076,2076,2076,2076,2076,2076,2076,2076,2076,2076,2076,2076,2076,2076,2076,2076,2076,2076,2076,2076,2076,2076,2076,2076,2076,2076,2076,2076,2076,2076,2076,2076,2076,2076,2076,2076,
goal:2076,2076,2076,2076,2076,2076,2076,2076,2076,2076,2076,2076,2076,2076,2076,2076,2076,2076,2076,2076,2076,2076,2076,2076,2076,2076,2076,2076,2076,2076,2076,2076,2076,2076,2076,2076,2076,2076,2076,2076,2076,2076,2076,2076,2076,2076,2076,2076,2076,2076,2076,2076,2076,2076,2076,2076,2076,2076,2076,2076,2076,2076,2076,2076,2076,2076,2076,2076,2076,2076,2076,2076,2076,2076,2076,2076,2076,2076,2076,2076,2076,2076,2076,2076,2076,2076,2076,2076,2076,2076,2076,2076,2076,2076,2076,2076,2076,2076,
size:9
[agent] id:15
path:1012,1119,1226,1333,1440,1439,1438,1545,1652,1759,1866,1973,2080,2187,2294,2401,2508,2615,2614,2613,2612,2611,2610,2609,2608,2607,2606,2606,2606,2606,2606,2606,2606,2606,2606,2606,2606,2606,2606,2606,2606,2606,2606,2606,2606,2606,2606,2606,2606,2606,2606,2606,2606,2606,2606,2606,2606,2606,2606,2606,2606,2606,2606,2606,2606,2606,2606,2606,2606,2606,2606,2606,2606,2606,2606,2606,2606,2606,2606,2606,2606,2606,2606,2606,2606,2606,2606,2606,2606,2606,2606,2606,2606,2606,2606,2606,2606,2606,
goal:2606,2606,2606,2606,2606,2606,2606,2606,2606,2606,2606,2606,2606,2606,2606,2606,2606,2606,2606,2606,2606,2606,2606,2606,2606,2606,2606,2606,2606,2606,2606,2606,2606,2606,2606,2606,2606,2606,2606,2606,2606,2606,2606,2606,2606,2606,2606,2606,2606,2606,2606,2606,2606,2606,2606,2606,2606,2606,2606,2606,2606,2606,2606,2606,2606,2606,2606,2606,2606,2606,2606,2606,2606,2606,2606,2606,2606,2606,2606,2606,2606,2606,2606,2606,2606,2606,2606,2606,2606,2606,2606,2606,2606,2606,2606,2606,2606,2606,
size:26
[agent] id:16
path:1039,1146,1253,1360,1467,1466,1465,1464,1463,1462,1569,1676,1783,1890,1997,2104,2211,2318,2317,2316,2315,2314,2313,2312,2311,2310,2309,2308,2307,2306,2305,2304,2303,2302,2301,2300,2299,2298,2297,2296,2295,2294,2293,2292,2291,2290,2289,2288,2287,2286,2285,2284,2283,2282,2281,2280,2279,2279,2279,2279,2279,2279,2279,2279,2279,2279,2279,2279,2279,2279,2279,2279,2279,2279,2279,2279,2279,2279,2279,2279,2279,2279,2279,2279,2279,2279,2279,2279,2279,2279,2279,2279,2279,2279,2279,2279,2279,2279,
goal:2279,2279,2279,2279,2279,2279,2279,2279,2279,2279,2279,2279,2279,2279,2279,2279,2279,2279,2279,2279,2279,2279,2279,2279,2279,2279,2279,2279,2279,2279,2279,2279,2279,2279,2279,2279,2279,2279,2279,2279,2279,2279,2279,2279,2279,2279,2279,2279,2279,2279,2279,2279,2279,2279,2279,2279,2279,2279,2279,2279,2279,2279,2279,2279,2279,2279,2279,2279,2279,2279,2279,2279,2279,2279,2279,2279,2279,2279,2279,2279,2279,2279,2279,2279,2279,2279,2279,2279,2279,2279,2279,2279,2279,2279,2279,2279,2279,2279,
size:56
[agent] id:17
path:3059,3060,3061,3062,3169,3170,3171,3172,3173,3280,3387,3494,3601,3708,3815,3922,4029,4136,4135,4134,4133,4132,4132,4132,4132,4132,4132,4132,4132,4132,4132,4132,4132,4132,4132,4132,4132,4132,4132,4132,4132,4132,4132,4132,4132,4132,4132,4132,4132,4132,4132,4132,4132,4132,4132,4132,4132,4132,4132,4132,4132,4132,4132,4132,4132,4132,4132,4132,4132,4132,4132,4132,4132,4132,4132,4132,4132,4132,4132,4132,4132,4132,4132,4132,4132,4132,4132,4132,4132,4132,4132,4132,4132,4132,4132,4132,4132,4132,
goal:4132,4132,4132,4132,4132,4132,4132,4132,4132,4132,4132,4132,4132,4132,4132,4132,4132,4132,4132,4132,4132,4132,4132,4132,4132,4132,4132,4132,4132,4132,4132,4132,4132,4132,4132,4132,4132,4132,4132,4132,4132,4132,4132,4132,4132,4132,4132,4132,4132,4132,4132,4132,4132,4132,4132,4132,4132,4132,4132,4132,4132,4132,4132,4132,4132,4132,4132,4132,4132,4132,4132,4132,4132,4132,4132,4132,4132,4132,4132,4132,4132,4132,4132,4132,4132,4132,4132,4132,4132,4132,4132,4132,4132,4132,4132,4132,4132,4132,
size:21
[agent] id:18
path:4035,3928,3821,3714,3607,3606,3605,3604,3603,3602,3495,3388,3281,3174,3067,3066,2959,2852,2745,2638,2531,2424,2317,2316,2315,2314,2313,2312,2311,2310,2309,2308,2307,2307,2307,2307,2307,2307,2307,2307,2307,2307,2307,2307,2307,2307,2307,2307,2307,2307,2307,2307,2307,2307,2307,2307,2307,2307,2307,2307,2307,2307,2307,2307,2307,2307,2307,2307,2307,2307,2307,2307,2307,2307,2307,2307,2307,2307,2307,2307,2307,2307,2307,2307,2307,2307,2307,2307,2307,2307,2307,2307,2307,2307,2307,2307,2307,2307,
goal:2307,2307,2307,2307,2307,2307,2307,2307,2307,2307,2307,2307,2307,2307,2307,2307,2307,2307,2307,2307,2307,2307,2307,2307,2307,2307,2307,2307,2307,2307,2307,2307,2307,2307,2307,2307,2307,2307,2307,2307,2307,2307,2307,2307,2307,2307,2307,2307,2307,2307,2307,2307,2307,2307,2307,2307,2307,2307,2307,2307,2307,2307,2307,2307,2307,2307,2307,2307,2307,2307,2307,2307,2307,2307,2307,2307,2307,2307,2307,2307,2307,2307,2307,2307,2307,2307,2307,2307,2307,2307,2307,2307,2307,2307,2307,2307,2307,2307,
size:32
[agent] id:19
path:2368,2369,2370,2371,2372,2373,2374,2375,2376,2377,2378,2379,2380,2381,2382,2383,2384,2385,2386,2387,2388,2389,2390,2391,2392,2393,2394,2395,2395,2395,2395,2395,2395,2395,2395,2395,2395,2395,2395,2395,2395,2395,2395,2395,2395,2395,2395,2395,2395,2395,2395,2395,2395,2395,2395,2395,2395,2395,2395,2395,2395,2395,2395,2395,2395,2395,2395,2395,2395,2395,2395,2395,2395,2395,2395,2395,2395,2395,2395,2395,2395,2395,2395,2395,2395,2395,2395,2395,2395,2395,2395,2395,2395,2395,2395,2395,2395,2395,
goal:2395,2395,2395,2395,2395,2395,2395,2395,2395,2395,2395,2395,2395,2395,2395,2395,2395,2395,2395,2395,2395,2395,2395,2395,2395,2395,2395,2395,2395,2395,2395,2395,2395,2395,2395,2395,2395,2395,2395,2395,2395,2395,2395,2395,2395,2395,2395,2395,2395,2395,2395,2395,2395,2395,2395,2395,2395,2395,2395,2395,2395,2395,2395,2395,2395,2395,2395,2395,2395,2395,2395,2395,2395,2395,2395,2395,2395,2395,2395,2395,2395,2395,2395,2395,2395,2395,2395,2395,2395,2395,2395,2395,2395,2395,2395,2395,2395,2395,
size:27
[agent] id:20
path:2485,2378,2271,2164,2057,1950,1951,1952,1953,1954,1955,1956,1957,1958,1959,1960,1961,1962,1963,1964,1965,1966,1967,1968,1969,1970,1971,1972,1973,1974,1975,1976,1977,1978,1979,1980,1981,1982,1983,1984,1985,1986,1987,1988,1989,1990,1991,1884,1885,1886,1887,1888,1889,1782,1675,1568,1461,1354,1355,1248,1141,1142,1143,1144,1145,1146,1147,1148,1148,1148,1148,1148,1148,1148,1148,1148,1148,1148,1148,1148,1148,1148,1148,1148,1148,1148,1148,1148,1148,1148,1148,1148,1148,1148,1148,1148,1148,1148,
goal:1148,1148,1148,1148,1148,1148,1148,1148,1148,1148,1148,1148,1148,1148,1148,1148,1148,1148,1148,1148,1148,1148,1148,1148,1148,1148,1148,1148,1148,1148,1148,1148,1148,1148,1148,1148,1148,1148,1148,1148,1148,1148,1148,1148,1148,1148,1148,1148,1148,1148,1148,1148,1148,1148,1148,1148,1148,1148,1148,1148,1148,1148,1148,1148,1148,1148,1148,1148,1148,1148,1148,1148,1148,1148,1148,1148,1148,1148,1148,1148,1148,1148,1148,1148,1148,1148,1148,1148,1148,1148,1148,1148,1148,1148,1148,1148,1148,1148,
size:67
[agent] id:21
path:1964,1963,1962,1961,1960,1959,1958,1957,1956,2063,2062,1955,1954,1847,1846,1845,1844,1843,1842,1735,1628,1521,1414,1307,1200,1093,1092,1091,1090,1089,1088,1087,1087,1087,1087,1087,1087,1087,1087,1087,1087,1087,1087,1087,1087,1087,1087,1087,1087,1087,1087,1087,1087,1087,1087,1087,1087,1087,1087,1087,1087,1087,1087,1087,1087,1087,1087,1087,1087,1087,1087,1087,1087,1087,1087,1087,1087,1087,1087,1087,1087,1087,1087,1087,1087,1087,1087,1087,1087,1087,1087,1087,1087,1087,1087,1087,1087,1087,
goal:1087,1087,1087,1087,1087,1087,1087,1087,1087,1087,1087,1087,1087,1087,1087,1087,1087,1087,1087,1087,1087,1087,1087,1087,1087,1087,1087,1087,1087,1087,1087,1087,1087,1087,1087,1087,1087,1087,1087,1087,1087,1087,1087,1087,1087,1087,1087,1087,1087,1087,1087,1087,1087,1087,1087,1087,1087,1087,1087,1087,1087,1087,1087,1087,1087,1087,1087,1087,1087,1087,1087,1087,1087,1087,1087,1087,1087,1087,1087,1087,1087,1087,1087,1087,1087,1087,1087,1087,1087,1087,1087,1087,1087,1087,1087,1087,1087,1087,
size:31
[agent] id:22
path:2223,2116,2115,2114,2113,2112,2111,2110,2109,2108,2107,2106,2105,2104,2103,2102,2101,2100,2099,2098,2097,2096,2095,2094,2093,2092,2091,2090,2089,2088,2087,2086,2085,2084,1977,1976,1975,1974,1973,1972,1971,1970,1969,1968,1967,1966,1965,1964,1963,1962,1961,1960,1959,1958,1957,1956,1955,1954,1847,1846,1845,1844,1843,1842,1735,1628,1521,1414,1307,1308,1309,1310,1311,1312,1312,1312,1312,1312,1312,1312,1312,1312,1312,1312,1312,1312,1312,1312,1312,1312,1312,1312,1312,1312,1312,1312,1312,1312,
goal:1312,1312,1312,1312,1312,1312,1312,1312,1312,1312,1312,1312,1312,1312,1312,1312,1312,1312,1312,1312,1312,1312,1312,1312,1312,1312,1312,1312,1312,1312,1312,1312,1312,1312,1312,1312,1312,1312,1312,1312,1312,1312,1312,1312,1312,1312,1312,1312,1312,1312,1312,1312,1312,1312,1312,1312,1312,1312,1312,1312,1312,1312,1312,1312,1312,1312,1312,1312,1312,1312,1312,1312,1312,1312,1312,1312,1312,1312,1312,1312,1312,1312,1312,1312,1312,1312,1312,1312,1312,1312,1312,1312,1312,1312,1312,1312,1312,1312,
size:73
[agent] id:23
path:1962,2069,2176,2283,2390,2497,2496,2495,2494,2493,2492,2491,2490,2489,2488,2487,2486,2485,2484,2483,2482,2481,2480,2479,2478,2477,2476,2475,2474,2581,2688,2795,2902,3009,3008,3008,3008,3008,3008,3008,3008,3008,3008,3008,3008,3008,3008,3008,3008,3008,3008,3008,3008,3008,3008,3008,3008,3008,3008,3008,3008,3008,3008,3008,3008,3008,3008,3008,3008,3008,3008,3008,3008,3008,3008,3008,3008,3008,3008,3008,3008,3008,3008,3008,3008,3008,3008,3008,3008,3008,3008,3008,3008,3008,3008,3008,3008,3008,
goal:3008,3008,3008,3008,3008,3008,3008,3008,3008,3008,3008,3008,3008,3008,3008,3008,3008,3008,3008,3008,3008,3008,3008,3008,3008,3008,3008,3008,3008,3008,3008,3008,3008,3008,3008,3008,3008,3008,3008,3008,3008,3008,3008,3008,3008,3008,3008,3008,3008,3008,3008,3008,3008,3008,3008,3008,3008,3008,3008,3008,3008,3008,3008,3008,3008,3008,3008,3008,3008,3008,3008,3008,3008,3008,3008,3008,3008,3008,3008,3008,3008,3008,3008,3008,3008,3008,3008,3008,3008,3008,3008,3008,3008,3008,3008,3008,3008,3008,
size:34
[agent] id:24
path:1953,2060,2167,2274,2381,2488,2595,2702,2809,2916,2917,2918,2919,2920,2921,2922,2923,2924,2925,2926,2927,2928,2929,2930,2931,2932,2933,2934,2935,2936,2937,2938,2939,2940,2941,2942,2943,2944,2945,2946,2947,2948,2949,2950,2951,2952,2953,2954,2955,2956,2957,2958,2959,2960,2961,2962,2963,2964,2965,2966,2967,2968,2969,2970,2971,2972,2973,2974,2975,2976,2977,2978,2979,3086,3193,3194,3195,3196,3196,3196,3196,3196,3196,3196,3196,3196,3196,3196,3196,3196,3196,3196,3196,3196,3196,3196,3196,3196,
goal:3196,3196,3196,3196,3196,3196,3196,3196,3196,3196,3196,3196,3196,3196,3196,3196,3196,3196,3196,3196,3196,3196,3196,3196,3196,3196,3196,3196,3196,3196,3196,3196,3196,3196,3196,3196,3196,3196,3196,3196,3196,3196,3196,3196,3196,3196,3196,3196,3196,3196,3196,3196,3196,3196,3196,3196,3196,3196,3196,3196,3196,3196,3196,3196,3196,3196,3196,3196,3196,3196,3196,3196,3196,3196,3196,3196,3196,3196,3196,3196,3196,3196,3196,3196,3196,3196,3196,3196,3196,3196,3196,3196,3196,3196,3196,3196,3196,3196,
size:77
[agent] id:25
path:3158,3051,2944,2837,2730,2623,2516,2409,2302,2195,2088,1981,1982,1983,1984,1985,1986,1987,1988,1989,1990,1991,1884,1885,1886,1887,1888,1889,1782,1675,1568,1461,1354,1247,1247,1247,1247,1247,1247,1247,1247,1247,1247,1247,1247,1247,1247,1247,1247,1247,1247,1247,1247,1247,1247,1247,1247,1247,1247,1247,1247,1247,1247,1247,1247,1247,1247,1247,1247,1247,1247,1247,1247,1247,1247,1247,1247,1247,1247,1247,1247,1247,1247,1247,1247,1247,1247,1247,1247,1247,1247,1247,1247,1247,1247,1247,1247,1247,
goal:1247,1247,1247,1247,1247,1247,1247,1247,1247,1247,1247,1247,1247,1247,1247,1247,1247,1247,1247,1247,1247,1247,1247,1247,1247,1247,1247,1247,1247,1247,1247,1247,1247,1247,1247,1247,1247,1247,1247,1247,1247,1247,1247,1247,1247,1247,1247,1247,1247,1247,1247,1247,1247,1247,1247,1247,1247,1247,1247,1247,1247,1247,1247,1247,1247,1247,1247,1247,1247,1247,1247,1247,1247,1247,1247,1247,1247,1247,1247,1247,1247,1247,1247,1247,1247,1247,1247,1247,1247,1247,1247,1247,1247,1247,1247,1247,1247,1247,
size:33
[agent] id:26
path:2981,2980,2873,2766,2659,2658,2657,2656,2655,2654,2653,2652,2651,2650,2649,2648,2647,2646,2645,2644,2643,2642,2641,2640,2639,2638,2637,2636,2635,2634,2633,2632,2525,2524,2523,2522,2521,2520,2519,2518,2517,2516,2515,2514,2513,2512,2511,2510,2509,2508,2507,2506,2505,2504,2503,2502,2501,2394,2393,2392,2391,2390,2389,2388,2387,2386,2385,2384,2383,2382,2381,2380,2379,2378,2377,2376,2375,2374,2373,2372,2371,2370,2369,2368,2367,2260,2153,2046,1939,1938,1831,1830,1829,1828,1827,1826,1826,1826,
goal:1826,1826,1826,1826,1826,1826,1826,1826,1826,1826,1826,1826,1826,1826,1826,1826,1826,1826,1826,1826,1826,1826,1826,1826,1826,1826,1826,1826,1826,1826,1826,1826,1826,1826,1826,1826,1826,1826,1826,1826,1826,1826,1826,1826,1826,1826,1826,1826,1826,1826,1826,1826,1826,1826,1826,1826,1826,1826,1826,1826,1826,1826,1826,1826,1826,1826,1826,1826,1826,1826,1826,1826,1826,1826,1826,1826,1826,1826,1826,1826,1826,1826,1826,1826,1826,1826,1826,1826,1826,1826,1826,1826,1826,1826,1826,1826,1826,1826,
size:95
[agent] id:27
path:1337,1336,1443,1442,1441,1440,1439,1438,1545,1652,1759,1866,1973,1974,1975,1976,1977,1978,1979,1980,1981,1982,1983,1984,1985,1986,1987,1988,1989,1990,1991,1884,1885,1886,1887,1888,1889,1782,1675,1568,1461,1354,1353,1246,1139,1032,925,924,923,922,921,920,920,920,920,920,920,920,920,920,920,920,920,920,920,920,920,920,920,920,920,920,920,920,920,920,920,920,920,920,920,920,920,920,920,920,920,920,920,920,920,920,920,920,920,920,920,920,
goal:920,920,920,920,920,920,920,920,920,920,920,920,920,920,920,920,920,920,920,920,920,920,920,920,920,920,920,920,920,920,920,920,920,920,920,920,920,920,920,920,920,920,920,920,920,920,920,920,920,920,920,920,920,920,920,920,920,920,920,920,920,920,920,920,920,920,920,920,920,920,920,920,920,920,920,920,920,920,920,920,920,920,920,920,920,920,920,920,920,920,920,920,920,920,920,920,920,920,
size:51
[agent] id:28
path:3163,3056,2949,2842,2735,2628,2521,2414,2307,2200,2199,2198,2197,2196,2195,2194,2193,2192,2191,2190,2189,2188,2187,2186,2185,2184,2183,2182,2075,2074,2073,2072,2071,2070,2069,2068,2067,1960,1959,1958,1957,1956,1955,1954,1847,1846,1845,1844,1843,1842,1735,1628,1521,1414,1307,1200,1093,986,879,878,878,878,878,878,878,878,878,878,878,878,878,878,878,878,878,878,878,878,878,878,878,878,878,878,878,878,878,878,878,878,878,878,878,878,878,878,878,878,
goal:878,878,878,878,878,878,878,878,878,878,878,878,878,878,878,878,878,878,878,878,878,878,878,878,878,878,878,878,878,878,878,878,878,878,878,878,878,878,878,878,878,878,878,878,878,878,878,878,878,878,878,878,878,878,878,878,878,878,878,878,878,878,878,878,878,878,878,878,878,878,878,878,878,878,878,878,878,878,878,878,878,878,878,878,878,878,878,878,878,878,878,878,878,878,878,878,878,878,
size:59
[agent] id:29
path:819,926,1033,1140,1247,1354,1461,1568,1675,1782,1889,1996,2103,2102,2101,2100,2099,2098,2097,2096,2095,2094,2093,2092,2091,2090,2089,2088,2087,2086,2085,2084,2083,2082,2081,2080,2079,2078,2077,1970,1969,1968,2075,2074,2073,2072,2071,2070,2069,2068,2067,2066,2065,2064,2063,2063,2063,2063,2063,2063,2063,2063,2063,2063,2063,2063,2063,2063,2063,2063,2063,2063,2063,2063,2063,2063,2063,2063,2063,2063,2063,2063,2063,2063,2063,2063,2063,2063,2063,2063,2063,2063,2063,2063,2063,2063,2063,2063,
goal:2063,2063,2063,2063,2063,2063,2063,2063,2063,2063,2063,2063,2063,2063,2063,2063,2063,2063,2063,2063,2063,2063,2063,2063,2063,2063,2063,2063,2063,2063,2063,2063,2063,2063,2063,2063,2063,2063,2063,2063,2063,2063,2063,2063,2063,2063,2063,2063,2063,2063,2063,2063,2063,2063,2063,2063,2063,2063,2063,2063,2063,2063,2063,2063,2063,2063,2063,2063,2063,2063,2063,2063,2063,2063,2063,2063,2063,2063,2063,2063,2063,2063,2063,2063,2063,2063,2063,2063,2063,2063,2063,2063,2063,2063,2063,2063,2063,2063,
size:54
SolutionCost:1358
