[setting] seed:24
[solver] type:ECBS
[solver] w:3.000000
[solver] ID:0
[solver] Lowlevelnode:1161
[solver] solved:1
[solver] elapsed:30
[solver] makespan:100
[problem] timesteplimit:10000
[problem] type:MAPF
[problem] agentnum:10
[graph] width:107
[graph] height:47
[graph] filename:./map/orz601d.map
[task] id:0,start:0,end:0,service time:0,nodes:2865,
[task] id:1,start:0,end:0,service time:0,nodes:2095,
[task] id:4,start:0,end:0,service time:0,nodes:477,
[task] id:9,start:0,end:0,service time:0,nodes:3232,
[task] id:8,start:0,end:0,service time:0,nodes:1334,
[task] id:2,start:0,end:0,service time:0,nodes:1440,
[task] id:6,start:0,end:0,service time:0,nodes:2575,
[task] id:3,start:0,end:0,service time:0,nodes:3002,
[task] id:5,start:0,end:0,service time:0,nodes:922,
[task] id:7,start:0,end:0,service time:0,nodes:1086,
[agent] id:0
path:2862,2863,2864,2865,2865,2865,2865,2865,2865,2865,2865,2865,2865,2865,2865,2865,2865,2865,2865,2865,2865,2865,2865,2865,2865,2865,2865,2865,2865,2865,2865,2865,2865,2865,2865,2865,2865,2865,2865,2865,2865,2865,2865,2865,2865,2865,2865,2865,2865,2865,2865,2865,2865,2865,2865,2865,2865,2865,2865,2865,2865,2865,2865,2865,2865,2865,2865,2865,2865,2865,2865,2865,2865,2865,2865,2865,2865,2865,2865,2865,2865,2865,2865,2865,2865,2865,2865,2865,2865,2865,2865,2865,2865,2865,2865,2865,2865,2865,2865,2865,2865,
goal:2865,2865,2865,2865,2865,2865,2865,2865,2865,2865,2865,2865,2865,2865,2865,2865,2865,2865,2865,2865,2865,2865,2865,2865,2865,2865,2865,2865,2865,2865,2865,2865,2865,2865,2865,2865,2865,2865,2865,2865,2865,2865,2865,2865,2865,2865,2865,2865,2865,2865,2865,2865,2865,2865,2865,2865,2865,2865,2865,2865,2865,2865,2865,2865,2865,2865,2865,2865,2865,2865,2865,2865,2865,2865,2865,2865,2865,2865,2865,2865,2865,2865,2865,2865,2865,2865,2865,2865,2865,2865,2865,2865,2865,2865,2865,2865,2865,2865,2865,2865,2865,
size:3
[agent] id:1
path:2422,2315,2208,2101,2100,2099,2098,2097,2096,2095,2095,2095,2095,2095,2095,2095,2095,2095,2095,2095,2095,2095,2095,2095,2095,2095,2095,2095,2095,2095,2095,2095,2095,2095,2095,2095,2095,2095,2095,2095,2095,2095,2095,2095,2095,2095,2095,2095,2095,2095,2095,2095,2095,2095,2095,2095,2095,2095,2095,2095,2095,2095,2095,2095,2095,2095,2095,2095,2095,2095,2095,2095,2095,2095,2095,2095,2095,2095,2095,2095,2095,2095,2095,2095,2095,2095,2095,2095,2095,2095,2095,2095,2095,2095,2095,2095,2095,2095,2095,2095,2095,
goal:2095,2095,2095,2095,2095,2095,2095,2095,2095,2095,2095,2095,2095,2095,2095,2095,2095,2095,2095,2095,2095,2095,2095,2095,2095,2095,2095,2095,2095,2095,2095,2095,2095,2095,2095,2095,2095,2095,2095,2095,2095,2095,2095,2095,2095,2095,2095,2095,2095,2095,2095,2095,2095,2095,2095,2095,2095,2095,2095,2095,2095,2095,2095,2095,2095,2095,2095,2095,2095,2095,2095,2095,2095,2095,2095,2095,2095,2095,2095,2095,2095,2095,2095,2095,2095,2095,2095,2095,2095,2095,2095,2095,2095,2095,2095,2095,2095,2095,2095,2095,2095,
size:9
[agent] id:2
path:2223,2116,2009,2008,2007,2006,2005,2004,2003,2002,2001,2000,1999,1998,1997,1996,1995,1994,1993,1992,1991,1990,1989,1988,1987,1986,1985,1984,1983,1982,1981,1980,1979,1978,1871,1870,1869,1868,1867,1866,1759,1652,1545,1438,1439,1440,1440,1440,1440,1440,1440,1440,1440,1440,1440,1440,1440,1440,1440,1440,1440,1440,1440,1440,1440,1440,1440,1440,1440,1440,1440,1440,1440,1440,1440,1440,1440,1440,1440,1440,1440,1440,1440,1440,1440,1440,1440,1440,1440,1440,1440,1440,1440,1440,1440,1440,1440,1440,1440,1440,1440,
goal:1440,1440,1440,1440,1440,1440,1440,1440,1440,1440,1440,1440,1440,1440,1440,1440,1440,1440,1440,1440,1440,1440,1440,1440,1440,1440,1440,1440,1440,1440,1440,1440,1440,1440,1440,1440,1440,1440,1440,1440,1440,1440,1440,1440,1440,1440,1440,1440,1440,1440,1440,1440,1440,1440,1440,1440,1440,1440,1440,1440,1440,1440,1440,1440,1440,1440,1440,1440,1440,1440,1440,1440,1440,1440,1440,1440,1440,1440,1440,1440,1440,1440,1440,1440,1440,1440,1440,1440,1440,1440,1440,1440,1440,1440,1440,1440,1440,1440,1440,1440,1440,
size:45
[agent] id:3
path:2099,2206,2313,2420,2527,2526,2525,2524,2523,2522,2521,2520,2519,2518,2517,2516,2515,2514,2513,2512,2511,2510,2509,2508,2507,2506,2505,2504,2503,2502,2501,2500,2499,2498,2497,2496,2495,2494,2493,2492,2491,2490,2489,2488,2487,2486,2485,2484,2483,2482,2481,2480,2479,2478,2477,2476,2475,2474,2581,2688,2795,2902,3009,3008,3007,3006,3005,3004,3003,3002,3002,3002,3002,3002,3002,3002,3002,3002,3002,3002,3002,3002,3002,3002,3002,3002,3002,3002,3002,3002,3002,3002,3002,3002,3002,3002,3002,3002,3002,3002,3002,
goal:3002,3002,3002,3002,3002,3002,3002,3002,3002,3002,3002,3002,3002,3002,3002,3002,3002,3002,3002,3002,3002,3002,3002,3002,3002,3002,3002,3002,3002,3002,3002,3002,3002,3002,3002,3002,3002,3002,3002,3002,3002,3002,3002,3002,3002,3002,3002,3002,3002,3002,3002,3002,3002,3002,3002,3002,3002,3002,3002,3002,3002,3002,3002,3002,3002,3002,3002,3002,3002,3002,3002,3002,3002,3002,3002,3002,3002,3002,3002,3002,3002,3002,3002,3002,3002,3002,3002,3002,3002,3002,3002,3002,3002,3002,3002,3002,3002,3002,3002,3002,3002,
size:69
[agent] id:4
path:1748,1855,1962,1963,1964,1965,1966,1967,1860,1861,1862,1863,1864,1865,1758,1651,1544,1437,1330,1223,1116,1009,902,795,688,581,474,475,476,477,477,477,477,477,477,477,477,477,477,477,477,477,477,477,477,477,477,477,477,477,477,477,477,477,477,477,477,477,477,477,477,477,477,477,477,477,477,477,477,477,477,477,477,477,477,477,477,477,477,477,477,477,477,477,477,477,477,477,477,477,477,477,477,477,477,477,477,477,477,477,477,
goal:477,477,477,477,477,477,477,477,477,477,477,477,477,477,477,477,477,477,477,477,477,477,477,477,477,477,477,477,477,477,477,477,477,477,477,477,477,477,477,477,477,477,477,477,477,477,477,477,477,477,477,477,477,477,477,477,477,477,477,477,477,477,477,477,477,477,477,477,477,477,477,477,477,477,477,477,477,477,477,477,477,477,477,477,477,477,477,477,477,477,477,477,477,477,477,477,477,477,477,477,477,
size:29
[agent] id:5
path:4095,3988,3881,3774,3773,3772,3771,3770,3769,3768,3661,3554,3447,3340,3233,3126,3019,2912,2805,2698,2591,2484,2377,2270,2163,2056,1949,1950,1951,1952,1953,1954,1955,1956,1957,1958,1959,1960,1961,1962,1963,1964,1965,1966,1967,1968,1969,1970,1971,1972,1973,1974,1975,1976,1977,1978,1979,1980,1981,1982,1983,1984,1985,1986,1987,1988,1989,1990,1991,1884,1885,1886,1887,1888,1889,1782,1675,1568,1461,1354,1247,1140,1033,926,925,924,923,922,922,922,922,922,922,922,922,922,922,922,922,922,922,
goal:922,922,922,922,922,922,922,922,922,922,922,922,922,922,922,922,922,922,922,922,922,922,922,922,922,922,922,922,922,922,922,922,922,922,922,922,922,922,922,922,922,922,922,922,922,922,922,922,922,922,922,922,922,922,922,922,922,922,922,922,922,922,922,922,922,922,922,922,922,922,922,922,922,922,922,922,922,922,922,922,922,922,922,922,922,922,922,922,922,922,922,922,922,922,922,922,922,922,922,922,922,
size:87
[agent] id:6
path:2080,2187,2294,2401,2508,2507,2506,2505,2504,2503,2502,2501,2500,2499,2498,2497,2496,2495,2494,2493,2492,2491,2490,2489,2488,2487,2486,2485,2484,2483,2482,2481,2480,2479,2478,2477,2476,2475,2474,2581,2580,2579,2578,2577,2576,2575,2575,2575,2575,2575,2575,2575,2575,2575,2575,2575,2575,2575,2575,2575,2575,2575,2575,2575,2575,2575,2575,2575,2575,2575,2575,2575,2575,2575,2575,2575,2575,2575,2575,2575,2575,2575,2575,2575,2575,2575,2575,2575,2575,2575,2575,2575,2575,2575,2575,2575,2575,2575,2575,2575,2575,
goal:2575,2575,2575,2575,2575,2575,2575,2575,2575,2575,2575,2575,2575,2575,2575,2575,2575,2575,2575,2575,2575,2575,2575,2575,2575,2575,2575,2575,2575,2575,2575,2575,2575,2575,2575,2575,2575,2575,2575,2575,2575,2575,2575,2575,2575,2575,2575,2575,2575,2575,2575,2575,2575,2575,2575,2575,2575,2575,2575,2575,2575,2575,2575,2575,2575,2575,2575,2575,2575,2575,2575,2575,2575,2575,2575,2575,2575,2575,2575,2575,2575,2575,2575,2575,2575,2575,2575,2575,2575,2575,2575,2575,2575,2575,2575,2575,2575,2575,2575,2575,2575,
size:45
[agent] id:7
path:3094,2987,2880,2773,2666,2559,2452,2451,2450,2449,2448,2447,2446,2339,2232,2231,2230,2229,2228,2227,2226,2225,2224,2223,2222,2221,2220,2219,2218,2217,2216,2215,2214,2213,2212,2211,2210,2209,2208,2207,2206,2205,2204,2203,2202,2201,2094,2093,2092,2091,2090,2089,2088,2087,2086,2085,1978,1977,1976,1975,1974,1973,1972,1971,1970,1969,1968,1967,1966,1965,1964,1963,1962,1961,1960,1959,1958,1957,1956,1955,1954,1847,1846,1845,1844,1843,1842,1735,1628,1521,1414,1307,1200,1093,1092,1091,1090,1089,1088,1087,1086,
goal:1086,1086,1086,1086,1086,1086,1086,1086,1086,1086,1086,1086,1086,1086,1086,1086,1086,1086,1086,1086,1086,1086,1086,1086,1086,1086,1086,1086,1086,1086,1086,1086,1086,1086,1086,1086,1086,1086,1086,1086,1086,1086,1086,1086,1086,1086,1086,1086,1086,1086,1086,1086,1086,1086,1086,1086,1086,1086,1086,1086,1086,1086,1086,1086,1086,1086,1086,1086,1086,1086,1086,1086,1086,1086,1086,1086,1086,1086,1086,1086,1086,1086,1086,1086,1086,1086,1086,1086,1086,1086,1086,1086,1086,1086,1086,1086,1086,1086,1086,1086,1086,
size:100
[agent] id:8
path:2853,2746,2639,2532,2425,2318,2211,2104,1997,1996,1995,1994,1993,1992,1991,1990,1989,1988,1987,1986,1985,1984,1983,1982,1981,1980,1979,1978,1871,1870,1869,1868,1867,1866,1759,1652,1545,1438,1331,1332,1333,1334,1334,1334,1334,1334,1334,1334,1334,1334,1334,1334,1334,1334,1334,1334,1334,1334,1334,1334,1334,1334,1334,1334,1334,1334,1334,1334,1334,1334,1334,1334,1334,1334,1334,1334,1334,1334,1334,1334,1334,1334,1334,1334,1334,1334,1334,1334,1334,1334,1334,1334,1334,1334,1334,1334,1334,1334,1334,1334,1334,
goal:1334,1334,1334,1334,1334,1334,1334,1334,1334,1334,1334,1334,1334,1334,1334,1334,1334,1334,1334,1334,1334,1334,1334,1334,1334,1334,1334,1334,1334,1334,1334,1334,1334,1334,1334,1334,1334,1334,1334,1334,1334,1334,1334,1334,1334,1334,1334,1334,1334,1334,1334,1334,1334,1334,1334,1334,1334,1334,1334,1334,1334,1334,1334,1334,1334,1334,1334,1334,1334,1334,1334,1334,1334,1334,1334,1334,1334,1334,1334,1334,1334,1334,1334,1334,1334,1334,1334,1334,1334,1334,1334,1334,1334,1334,1334,1334,1334,1334,1334,1334,1334,
size:41
[agent] id:9
path:2837,2944,3051,3050,3049,3048,3047,3046,3045,3044,3043,3042,3041,3040,3039,3038,3037,3036,3035,3034,3033,3032,3031,3030,3029,3028,3027,3026,3025,3024,3131,3238,3237,3236,3235,3234,3233,3232,3232,3232,3232,3232,3232,3232,3232,3232,3232,3232,3232,3232,3232,3232,3232,3232,3232,3232,3232,3232,3232,3232,3232,3232,3232,3232,3232,3232,3232,3232,3232,3232,3232,3232,3232,3232,3232,3232,3232,3232,3232,3232,3232,3232,3232,3232,3232,3232,3232,3232,3232,3232,3232,3232,3232,3232,3232,3232,3232,3232,3232,3232,3232,
goal:3232,3232,3232,3232,3232,3232,3232,3232,3232,3232,3232,3232,3232,3232,3232,3232,3232,3232,3232,3232,3232,3232,3232,3232,3232,3232,3232,3232,3232,3232,3232,3232,3232,3232,3232,3232,3232,3232,3232,3232,3232,3232,3232,3232,3232,3232,3232,3232,3232,3232,3232,3232,3232,3232,3232,3232,3232,3232,3232,3232,3232,3232,3232,3232,3232,3232,3232,3232,3232,3232,3232,3232,3232,3232,3232,3232,3232,3232,3232,3232,3232,3232,3232,3232,3232,3232,3232,3232,3232,3232,3232,3232,3232,3232,3232,3232,3232,3232,3232,3232,3232,
size:37
SolutionCost:465
