[setting] seed:9
[solver] type:ECBS
[solver] w:3.000000
[solver] ID:0
[solver] Lowlevelnode:7209
[solver] solved:1
[solver] elapsed:87
[solver] makespan:97
[problem] timesteplimit:10000
[problem] type:MAPF
[problem] agentnum:10
[graph] width:107
[graph] height:47
[graph] filename:./map/orz601d.map
[task] id:3,start:0,end:0,service time:0,nodes:2329,
[task] id:6,start:0,end:0,service time:0,nodes:1993,
[task] id:9,start:0,end:0,service time:0,nodes:2201,
[task] id:5,start:0,end:0,service time:0,nodes:1433,
[task] id:7,start:0,end:0,service time:0,nodes:1415,
[task] id:0,start:0,end:0,service time:0,nodes:1908,
[task] id:8,start:0,end:0,service time:0,nodes:2220,
[task] id:1,start:0,end:0,service time:0,nodes:2555,
[task] id:2,start:0,end:0,service time:0,nodes:2687,
[task] id:4,start:0,end:0,service time:0,nodes:671,
[agent] id:0
path:2294,2187,2080,2081,2082,2083,2084,2085,2086,2087,2088,2089,2090,2091,2092,2093,2094,2095,2096,2097,2098,2099,2100,2101,2102,2103,2104,2105,2106,2107,2000,2001,2002,2003,2004,2005,2006,2007,2008,2009,2010,2011,2012,2013,2014,2015,1908,1908,1908,1908,1908,1908,1908,1908,1908,1908,1908,1908,1908,1908,1908,1908,1908,1908,1908,1908,1908,1908,1908,1908,1908,1908,1908,1908,1908,1908,1908,1908,1908,1908,1908,1908,1908,1908,1908,1908,1908,1908,1908,1908,1908,1908,1908,1908,1908,1908,1908,1908,
goal:1908,1908,1908,1908,1908,1908,1908,1908,1908,1908,1908,1908,1908,1908,1908,1908,1908,1908,1908,1908,1908,1908,1908,1908,1908,1908,1908,1908,1908,1908,1908,1908,1908,1908,1908,1908,1908,1908,1908,1908,1908,1908,1908,1908,1908,1908,1908,1908,1908,1908,1908,1908,1908,1908,1908,1908,1908,1908,1908,1908,1908,1908,1908,1908,1908,1908,1908,1908,1908,1908,1908,1908,1908,1908,1908,1908,1908,1908,1908,1908,1908,1908,1908,1908,1908,1908,1908,1908,1908,1908,1908,1908,1908,1908,1908,1908,1908,1908,
size:46
[agent] id:1
path:2070,2177,2284,2391,2498,2499,2500,2501,2502,2503,2504,2505,2506,2507,2508,2509,2510,2511,2512,2513,2514,2515,2516,2517,2518,2519,2520,2521,2522,2523,2524,2525,2526,2527,2528,2529,2530,2531,2532,2533,2534,2535,2536,2537,2538,2539,2540,2541,2542,2543,2544,2545,2546,2547,2548,2549,2550,2551,2552,2553,2554,2555,2555,2555,2555,2555,2555,2555,2555,2555,2555,2555,2555,2555,2555,2555,2555,2555,2555,2555,2555,2555,2555,2555,2555,2555,2555,2555,2555,2555,2555,2555,2555,2555,2555,2555,2555,2555,
goal:2555,2555,2555,2555,2555,2555,2555,2555,2555,2555,2555,2555,2555,2555,2555,2555,2555,2555,2555,2555,2555,2555,2555,2555,2555,2555,2555,2555,2555,2555,2555,2555,2555,2555,2555,2555,2555,2555,2555,2555,2555,2555,2555,2555,2555,2555,2555,2555,2555,2555,2555,2555,2555,2555,2555,2555,2555,2555,2555,2555,2555,2555,2555,2555,2555,2555,2555,2555,2555,2555,2555,2555,2555,2555,2555,2555,2555,2555,2555,2555,2555,2555,2555,2555,2555,2555,2555,2555,2555,2555,2555,2555,2555,2555,2555,2555,2555,2555,
size:61
[agent] id:2
path:1464,1463,1462,1569,1676,1783,1890,1997,2104,2211,2318,2425,2424,2423,2422,2421,2420,2419,2418,2417,2416,2415,2414,2413,2412,2411,2518,2517,2516,2515,2514,2513,2512,2511,2510,2509,2508,2507,2506,2505,2504,2503,2502,2501,2500,2499,2498,2497,2496,2495,2494,2493,2492,2491,2490,2489,2488,2487,2486,2485,2484,2483,2482,2481,2480,2479,2478,2477,2476,2475,2474,2581,2688,2687,2687,2687,2687,2687,2687,2687,2687,2687,2687,2687,2687,2687,2687,2687,2687,2687,2687,2687,2687,2687,2687,2687,2687,2687,
goal:2687,2687,2687,2687,2687,2687,2687,2687,2687,2687,2687,2687,2687,2687,2687,2687,2687,2687,2687,2687,2687,2687,2687,2687,2687,2687,2687,2687,2687,2687,2687,2687,2687,2687,2687,2687,2687,2687,2687,2687,2687,2687,2687,2687,2687,2687,2687,2687,2687,2687,2687,2687,2687,2687,2687,2687,2687,2687,2687,2687,2687,2687,2687,2687,2687,2687,2687,2687,2687,2687,2687,2687,2687,2687,2687,2687,2687,2687,2687,2687,2687,2687,2687,2687,2687,2687,2687,2687,2687,2687,2687,2687,2687,2687,2687,2687,2687,2687,
size:73
[agent] id:3
path:2525,2418,2311,2312,2313,2314,2315,2316,2317,2318,2319,2320,2321,2322,2323,2324,2325,2326,2327,2328,2329,2329,2329,2329,2329,2329,2329,2329,2329,2329,2329,2329,2329,2329,2329,2329,2329,2329,2329,2329,2329,2329,2329,2329,2329,2329,2329,2329,2329,2329,2329,2329,2329,2329,2329,2329,2329,2329,2329,2329,2329,2329,2329,2329,2329,2329,2329,2329,2329,2329,2329,2329,2329,2329,2329,2329,2329,2329,2329,2329,2329,2329,2329,2329,2329,2329,2329,2329,2329,2329,2329,2329,2329,2329,2329,2329,2329,2329,
goal:2329,2329,2329,2329,2329,2329,2329,2329,2329,2329,2329,2329,2329,2329,2329,2329,2329,2329,2329,2329,2329,2329,2329,2329,2329,2329,2329,2329,2329,2329,2329,2329,2329,2329,2329,2329,2329,2329,2329,2329,2329,2329,2329,2329,2329,2329,2329,2329,2329,2329,2329,2329,2329,2329,2329,2329,2329,2329,2329,2329,2329,2329,2329,2329,2329,2329,2329,2329,2329,2329,2329,2329,2329,2329,2329,2329,2329,2329,2329,2329,2329,2329,2329,2329,2329,2329,2329,2329,2329,2329,2329,2329,2329,2329,2329,2329,2329,2329,
size:20
[agent] id:4
path:3194,3087,2980,2873,2766,2659,2552,2445,2338,2231,2230,2229,2228,2227,2226,2225,2224,2223,2222,2221,2220,2219,2218,2217,2216,2215,2214,2213,2212,2105,2104,2103,2102,2101,2100,2099,1992,1991,1990,1989,1988,1987,1986,1985,1984,1983,1982,1981,1980,1979,1978,1977,1976,1975,1974,1973,1972,1971,1970,1969,1968,1967,1966,1965,1964,1963,1962,1961,1960,1959,1958,1957,1956,1955,1954,1847,1846,1845,1844,1843,1842,1735,1628,1521,1414,1307,1200,1093,986,879,772,665,666,667,668,669,670,671,
goal:671,671,671,671,671,671,671,671,671,671,671,671,671,671,671,671,671,671,671,671,671,671,671,671,671,671,671,671,671,671,671,671,671,671,671,671,671,671,671,671,671,671,671,671,671,671,671,671,671,671,671,671,671,671,671,671,671,671,671,671,671,671,671,671,671,671,671,671,671,671,671,671,671,671,671,671,671,671,671,671,671,671,671,671,671,671,671,671,671,671,671,671,671,671,671,671,671,671,
size:97
[agent] id:5
path:2590,2483,2376,2269,2162,2055,1948,1949,1950,1951,1952,1953,1954,1955,1956,1957,1958,1959,1960,1961,1962,1963,1964,1965,1966,1967,1860,1861,1862,1863,1864,1865,1758,1651,1544,1437,1436,1435,1434,1433,1433,1433,1433,1433,1433,1433,1433,1433,1433,1433,1433,1433,1433,1433,1433,1433,1433,1433,1433,1433,1433,1433,1433,1433,1433,1433,1433,1433,1433,1433,1433,1433,1433,1433,1433,1433,1433,1433,1433,1433,1433,1433,1433,1433,1433,1433,1433,1433,1433,1433,1433,1433,1433,1433,1433,1433,1433,1433,
goal:1433,1433,1433,1433,1433,1433,1433,1433,1433,1433,1433,1433,1433,1433,1433,1433,1433,1433,1433,1433,1433,1433,1433,1433,1433,1433,1433,1433,1433,1433,1433,1433,1433,1433,1433,1433,1433,1433,1433,1433,1433,1433,1433,1433,1433,1433,1433,1433,1433,1433,1433,1433,1433,1433,1433,1433,1433,1433,1433,1433,1433,1433,1433,1433,1433,1433,1433,1433,1433,1433,1433,1433,1433,1433,1433,1433,1433,1433,1433,1433,1433,1433,1433,1433,1433,1433,1433,1433,1433,1433,1433,1433,1433,1433,1433,1433,1433,1433,
size:39
[agent] id:6
path:3599,3600,3601,3494,3387,3280,3173,3066,2959,2852,2745,2638,2531,2424,2317,2210,2103,1996,1995,1994,1993,1993,1993,1993,1993,1993,1993,1993,1993,1993,1993,1993,1993,1993,1993,1993,1993,1993,1993,1993,1993,1993,1993,1993,1993,1993,1993,1993,1993,1993,1993,1993,1993,1993,1993,1993,1993,1993,1993,1993,1993,1993,1993,1993,1993,1993,1993,1993,1993,1993,1993,1993,1993,1993,1993,1993,1993,1993,1993,1993,1993,1993,1993,1993,1993,1993,1993,1993,1993,1993,1993,1993,1993,1993,1993,1993,1993,1993,
goal:1993,1993,1993,1993,1993,1993,1993,1993,1993,1993,1993,1993,1993,1993,1993,1993,1993,1993,1993,1993,1993,1993,1993,1993,1993,1993,1993,1993,1993,1993,1993,1993,1993,1993,1993,1993,1993,1993,1993,1993,1993,1993,1993,1993,1993,1993,1993,1993,1993,1993,1993,1993,1993,1993,1993,1993,1993,1993,1993,1993,1993,1993,1993,1993,1993,1993,1993,1993,1993,1993,1993,1993,1993,1993,1993,1993,1993,1993,1993,1993,1993,1993,1993,1993,1993,1993,1993,1993,1993,1993,1993,1993,1993,1993,1993,1993,1993,1993,
size:20
[agent] id:7
path:2940,2833,2726,2619,2512,2405,2298,2191,2084,2083,2082,2081,2080,2079,2078,2077,2076,2075,2074,2073,2072,2071,2070,1963,1962,1961,1960,1959,1958,1957,1956,1955,1954,1847,1846,1845,1844,1843,1842,1735,1628,1521,1414,1415,1415,1415,1415,1415,1415,1415,1415,1415,1415,1415,1415,1415,1415,1415,1415,1415,1415,1415,1415,1415,1415,1415,1415,1415,1415,1415,1415,1415,1415,1415,1415,1415,1415,1415,1415,1415,1415,1415,1415,1415,1415,1415,1415,1415,1415,1415,1415,1415,1415,1415,1415,1415,1415,1415,
goal:1415,1415,1415,1415,1415,1415,1415,1415,1415,1415,1415,1415,1415,1415,1415,1415,1415,1415,1415,1415,1415,1415,1415,1415,1415,1415,1415,1415,1415,1415,1415,1415,1415,1415,1415,1415,1415,1415,1415,1415,1415,1415,1415,1415,1415,1415,1415,1415,1415,1415,1415,1415,1415,1415,1415,1415,1415,1415,1415,1415,1415,1415,1415,1415,1415,1415,1415,1415,1415,1415,1415,1415,1415,1415,1415,1415,1415,1415,1415,1415,1415,1415,1415,1415,1415,1415,1415,1415,1415,1415,1415,1415,1415,1415,1415,1415,1415,1415,
size:43
[agent] id:8
path:3032,2925,2818,2711,2604,2497,2390,2283,2284,2285,2286,2287,2288,2289,2290,2291,2292,2293,2294,2295,2296,2297,2298,2299,2300,2301,2302,2303,2304,2305,2306,2307,2308,2309,2202,2203,2204,2205,2206,2207,2208,2209,2210,2211,2212,2213,2214,2215,2216,2217,2218,2219,2220,2220,2220,2220,2220,2220,2220,2220,2220,2220,2220,2220,2220,2220,2220,2220,2220,2220,2220,2220,2220,2220,2220,2220,2220,2220,2220,2220,2220,2220,2220,2220,2220,2220,2220,2220,2220,2220,2220,2220,2220,2220,2220,2220,2220,2220,
goal:2220,2220,2220,2220,2220,2220,2220,2220,2220,2220,2220,2220,2220,2220,2220,2220,2220,2220,2220,2220,2220,2220,2220,2220,2220,2220,2220,2220,2220,2220,2220,2220,2220,2220,2220,2220,2220,2220,2220,2220,2220,2220,2220,2220,2220,2220,2220,2220,2220,2220,2220,2220,2220,2220,2220,2220,2220,2220,2220,2220,2220,2220,2220,2220,2220,2220,2220,2220,2220,2220,2220,2220,2220,2220,2220,2220,2220,2220,2220,2220,2220,2220,2220,2220,2220,2220,2220,2220,2220,2220,2220,2220,2220,2220,2220,2220,2220,2220,
size:52
[agent] id:9
path:4141,4034,3927,3820,3713,3606,3605,3604,3603,3602,3495,3388,3281,3174,3067,2960,2853,2746,2639,2532,2425,2318,2211,2210,2209,2208,2207,2206,2205,2204,2203,2202,2201,2201,2201,2201,2201,2201,2201,2201,2201,2201,2201,2201,2201,2201,2201,2201,2201,2201,2201,2201,2201,2201,2201,2201,2201,2201,2201,2201,2201,2201,2201,2201,2201,2201,2201,2201,2201,2201,2201,2201,2201,2201,2201,2201,2201,2201,2201,2201,2201,2201,2201,2201,2201,2201,2201,2201,2201,2201,2201,2201,2201,2201,2201,2201,2201,2201,
goal:2201,2201,2201,2201,2201,2201,2201,2201,2201,2201,2201,2201,2201,2201,2201,2201,2201,2201,2201,2201,2201,2201,2201,2201,2201,2201,2201,2201,2201,2201,2201,2201,2201,2201,2201,2201,2201,2201,2201,2201,2201,2201,2201,2201,2201,2201,2201,2201,2201,2201,2201,2201,2201,2201,2201,2201,2201,2201,2201,2201,2201,2201,2201,2201,2201,2201,2201,2201,2201,2201,2201,2201,2201,2201,2201,2201,2201,2201,2201,2201,2201,2201,2201,2201,2201,2201,2201,2201,2201,2201,2201,2201,2201,2201,2201,2201,2201,2201,
size:32
SolutionCost:483
