[setting] seed:95
[solver] type:ECBS
[solver] w:3.000000
[solver] ID:0
[solver] Lowlevelnode:25233
[solver] solved:1
[solver] elapsed:377
[solver] makespan:96
[problem] timesteplimit:10000
[problem] type:MAPF
[problem] agentnum:20
[graph] width:107
[graph] height:47
[graph] filename:./map/orz601d.map
[task] id:1,start:0,end:0,service time:0,nodes:1837,
[task] id:7,start:0,end:0,service time:0,nodes:2637,
[task] id:5,start:0,end:0,service time:0,nodes:2954,
[task] id:9,start:0,end:0,service time:0,nodes:2510,
[task] id:12,start:0,end:0,service time:0,nodes:1304,
[task] id:11,start:0,end:0,service time:0,nodes:1992,
[task] id:14,start:0,end:0,service time:0,nodes:1145,
[task] id:17,start:0,end:0,service time:0,nodes:2190,
[task] id:3,start:0,end:0,service time:0,nodes:3172,
[task] id:8,start:0,end:0,service time:0,nodes:2609,
[task] id:6,start:0,end:0,service time:0,nodes:3715,
[task] id:19,start:0,end:0,service time:0,nodes:2773,
[task] id:13,start:0,end:0,service time:0,nodes:4238,
[task] id:10,start:0,end:0,service time:0,nodes:4627,
[task] id:16,start:0,end:0,service time:0,nodes:3875,
[task] id:18,start:0,end:0,service time:0,nodes:2922,
[task] id:2,start:0,end:0,service time:0,nodes:1724,
[task] id:15,start:0,end:0,service time:0,nodes:2106,
[task] id:0,start:0,end:0,service time:0,nodes:2655,
[task] id:4,start:0,end:0,service time:0,nodes:3763,
[agent] id:0
path:1307,1414,1521,1628,1735,1842,1949,2056,2163,2270,2377,2378,2379,2380,2381,2382,2383,2384,2385,2386,2387,2388,2389,2390,2391,2392,2393,2394,2395,2396,2397,2398,2399,2400,2401,2402,2403,2404,2511,2512,2513,2514,2515,2516,2517,2518,2519,2520,2521,2522,2523,2524,2525,2526,2527,2528,2529,2530,2531,2638,2639,2640,2641,2642,2643,2644,2645,2646,2647,2648,2649,2650,2651,2652,2653,2654,2655,2655,2655,2655,2655,2655,2655,2655,2655,2655,2655,2655,2655,2655,2655,2655,2655,2655,2655,2655,2655,
goal:2655,2655,2655,2655,2655,2655,2655,2655,2655,2655,2655,2655,2655,2655,2655,2655,2655,2655,2655,2655,2655,2655,2655,2655,2655,2655,2655,2655,2655,2655,2655,2655,2655,2655,2655,2655,2655,2655,2655,2655,2655,2655,2655,2655,2655,2655,2655,2655,2655,2655,2655,2655,2655,2655,2655,2655,2655,2655,2655,2655,2655,2655,2655,2655,2655,2655,2655,2655,2655,2655,2655,2655,2655,2655,2655,2655,2655,2655,2655,2655,2655,2655,2655,2655,2655,2655,2655,2655,2655,2655,2655,2655,2655,2655,2655,2655,2655,
size:76
[agent] id:1
path:2259,2260,2367,2368,2369,2370,2371,2264,2157,2050,1943,1836,1837,1837,1837,1837,1837,1837,1837,1837,1837,1837,1837,1837,1837,1837,1837,1837,1837,1837,1837,1837,1837,1837,1837,1837,1837,1837,1837,1837,1837,1837,1837,1837,1837,1837,1837,1837,1837,1837,1837,1837,1837,1837,1837,1837,1837,1837,1837,1837,1837,1837,1837,1837,1837,1837,1837,1837,1837,1837,1837,1837,1837,1837,1837,1837,1837,1837,1837,1837,1837,1837,1837,1837,1837,1837,1837,1837,1837,1837,1837,1837,1837,1837,1837,1837,1837,
goal:1837,1837,1837,1837,1837,1837,1837,1837,1837,1837,1837,1837,1837,1837,1837,1837,1837,1837,1837,1837,1837,1837,1837,1837,1837,1837,1837,1837,1837,1837,1837,1837,1837,1837,1837,1837,1837,1837,1837,1837,1837,1837,1837,1837,1837,1837,1837,1837,1837,1837,1837,1837,1837,1837,1837,1837,1837,1837,1837,1837,1837,1837,1837,1837,1837,1837,1837,1837,1837,1837,1837,1837,1837,1837,1837,1837,1837,1837,1837,1837,1837,1837,1837,1837,1837,1837,1837,1837,1837,1837,1837,1837,1837,1837,1837,1837,1837,
size:12
[agent] id:2
path:1992,1991,1990,1989,1988,1987,1986,1985,1984,1983,1982,1981,1980,1979,1978,1977,1976,1975,1974,1973,1972,1971,1970,1969,1968,1967,1966,1965,1964,1963,1962,1961,1960,1959,1958,1957,1956,1955,1954,1953,1952,1951,1950,1949,1948,1947,1946,1945,1944,1943,2050,2157,2264,2371,2370,2369,2368,2367,2260,2153,2046,1939,1938,1831,1724,1724,1724,1724,1724,1724,1724,1724,1724,1724,1724,1724,1724,1724,1724,1724,1724,1724,1724,1724,1724,1724,1724,1724,1724,1724,1724,1724,1724,1724,1724,1724,1724,
goal:1724,1724,1724,1724,1724,1724,1724,1724,1724,1724,1724,1724,1724,1724,1724,1724,1724,1724,1724,1724,1724,1724,1724,1724,1724,1724,1724,1724,1724,1724,1724,1724,1724,1724,1724,1724,1724,1724,1724,1724,1724,1724,1724,1724,1724,1724,1724,1724,1724,1724,1724,1724,1724,1724,1724,1724,1724,1724,1724,1724,1724,1724,1724,1724,1724,1724,1724,1724,1724,1724,1724,1724,1724,1724,1724,1724,1724,1724,1724,1724,1724,1724,1724,1724,1724,1724,1724,1724,1724,1724,1724,1724,1724,1724,1724,1724,1724,
size:64
[agent] id:3
path:1651,1758,1865,1972,2079,2186,2293,2400,2507,2614,2721,2828,2935,3042,3043,3044,3045,3046,3047,3048,3049,3050,3051,3052,3053,3054,3055,3056,3057,3058,3059,3060,3061,3062,3169,3170,3171,3172,3172,3172,3172,3172,3172,3172,3172,3172,3172,3172,3172,3172,3172,3172,3172,3172,3172,3172,3172,3172,3172,3172,3172,3172,3172,3172,3172,3172,3172,3172,3172,3172,3172,3172,3172,3172,3172,3172,3172,3172,3172,3172,3172,3172,3172,3172,3172,3172,3172,3172,3172,3172,3172,3172,3172,3172,3172,3172,3172,
goal:3172,3172,3172,3172,3172,3172,3172,3172,3172,3172,3172,3172,3172,3172,3172,3172,3172,3172,3172,3172,3172,3172,3172,3172,3172,3172,3172,3172,3172,3172,3172,3172,3172,3172,3172,3172,3172,3172,3172,3172,3172,3172,3172,3172,3172,3172,3172,3172,3172,3172,3172,3172,3172,3172,3172,3172,3172,3172,3172,3172,3172,3172,3172,3172,3172,3172,3172,3172,3172,3172,3172,3172,3172,3172,3172,3172,3172,3172,3172,3172,3172,3172,3172,3172,3172,3172,3172,3172,3172,3172,3172,3172,3172,3172,3172,3172,3172,
size:37
[agent] id:4
path:2131,2238,2345,2452,2559,2666,2665,2664,2663,2662,2661,2660,2767,2874,2981,3088,3087,3086,3085,3084,3083,3082,3081,3080,3079,3078,3077,3076,3075,3074,3073,3072,3071,3070,3069,3068,3067,3066,3065,3064,3063,3062,3061,3060,3059,3058,3057,3056,3055,3054,3053,3052,3051,3050,3049,3048,3047,3046,3045,3044,3043,3042,3041,3040,3039,3038,3037,3036,3035,3034,3033,3032,3031,3030,3029,3028,3027,3026,3025,3024,3131,3238,3345,3344,3343,3342,3341,3340,3447,3554,3661,3768,3767,3766,3765,3764,3763,
goal:3763,3763,3763,3763,3763,3763,3763,3763,3763,3763,3763,3763,3763,3763,3763,3763,3763,3763,3763,3763,3763,3763,3763,3763,3763,3763,3763,3763,3763,3763,3763,3763,3763,3763,3763,3763,3763,3763,3763,3763,3763,3763,3763,3763,3763,3763,3763,3763,3763,3763,3763,3763,3763,3763,3763,3763,3763,3763,3763,3763,3763,3763,3763,3763,3763,3763,3763,3763,3763,3763,3763,3763,3763,3763,3763,3763,3763,3763,3763,3763,3763,3763,3763,3763,3763,3763,3763,3763,3763,3763,3763,3763,3763,3763,3763,3763,3763,
size:96
[agent] id:5
path:2937,2938,2939,2940,2941,2942,2943,2944,2945,2946,2947,2948,2949,2950,2951,2952,2953,2954,2954,2954,2954,2954,2954,2954,2954,2954,2954,2954,2954,2954,2954,2954,2954,2954,2954,2954,2954,2954,2954,2954,2954,2954,2954,2954,2954,2954,2954,2954,2954,2954,2954,2954,2954,2954,2954,2954,2954,2954,2954,2954,2954,2954,2954,2954,2954,2954,2954,2954,2954,2954,2954,2954,2954,2954,2954,2954,2954,2954,2954,2954,2954,2954,2954,2954,2954,2954,2954,2954,2954,2954,2954,2954,2954,2954,2954,2954,2954,
goal:2954,2954,2954,2954,2954,2954,2954,2954,2954,2954,2954,2954,2954,2954,2954,2954,2954,2954,2954,2954,2954,2954,2954,2954,2954,2954,2954,2954,2954,2954,2954,2954,2954,2954,2954,2954,2954,2954,2954,2954,2954,2954,2954,2954,2954,2954,2954,2954,2954,2954,2954,2954,2954,2954,2954,2954,2954,2954,2954,2954,2954,2954,2954,2954,2954,2954,2954,2954,2954,2954,2954,2954,2954,2954,2954,2954,2954,2954,2954,2954,2954,2954,2954,2954,2954,2954,2954,2954,2954,2954,2954,2954,2954,2954,2954,2954,2954,
size:17
[agent] id:6
path:2295,2402,2509,2616,2723,2830,2937,3044,3045,3046,3047,3048,3049,3050,3051,3052,3053,3054,3055,3056,3057,3058,3059,3060,3061,3062,3169,3170,3171,3172,3173,3280,3387,3494,3601,3708,3709,3710,3711,3712,3713,3714,3715,3715,3715,3715,3715,3715,3715,3715,3715,3715,3715,3715,3715,3715,3715,3715,3715,3715,3715,3715,3715,3715,3715,3715,3715,3715,3715,3715,3715,3715,3715,3715,3715,3715,3715,3715,3715,3715,3715,3715,3715,3715,3715,3715,3715,3715,3715,3715,3715,3715,3715,3715,3715,3715,3715,
goal:3715,3715,3715,3715,3715,3715,3715,3715,3715,3715,3715,3715,3715,3715,3715,3715,3715,3715,3715,3715,3715,3715,3715,3715,3715,3715,3715,3715,3715,3715,3715,3715,3715,3715,3715,3715,3715,3715,3715,3715,3715,3715,3715,3715,3715,3715,3715,3715,3715,3715,3715,3715,3715,3715,3715,3715,3715,3715,3715,3715,3715,3715,3715,3715,3715,3715,3715,3715,3715,3715,3715,3715,3715,3715,3715,3715,3715,3715,3715,3715,3715,3715,3715,3715,3715,3715,3715,3715,3715,3715,3715,3715,3715,3715,3715,3715,3715,
size:42
[agent] id:7
path:2413,2520,2627,2628,2629,2630,2631,2632,2633,2634,2635,2636,2637,2637,2637,2637,2637,2637,2637,2637,2637,2637,2637,2637,2637,2637,2637,2637,2637,2637,2637,2637,2637,2637,2637,2637,2637,2637,2637,2637,2637,2637,2637,2637,2637,2637,2637,2637,2637,2637,2637,2637,2637,2637,2637,2637,2637,2637,2637,2637,2637,2637,2637,2637,2637,2637,2637,2637,2637,2637,2637,2637,2637,2637,2637,2637,2637,2637,2637,2637,2637,2637,2637,2637,2637,2637,2637,2637,2637,2637,2637,2637,2637,2637,2637,2637,2637,
goal:2637,2637,2637,2637,2637,2637,2637,2637,2637,2637,2637,2637,2637,2637,2637,2637,2637,2637,2637,2637,2637,2637,2637,2637,2637,2637,2637,2637,2637,2637,2637,2637,2637,2637,2637,2637,2637,2637,2637,2637,2637,2637,2637,2637,2637,2637,2637,2637,2637,2637,2637,2637,2637,2637,2637,2637,2637,2637,2637,2637,2637,2637,2637,2637,2637,2637,2637,2637,2637,2637,2637,2637,2637,2637,2637,2637,2637,2637,2637,2637,2637,2637,2637,2637,2637,2637,2637,2637,2637,2637,2637,2637,2637,2637,2637,2637,2637,
size:12
[agent] id:8
path:346,453,560,667,774,881,988,1095,1202,1309,1416,1415,1414,1521,1628,1735,1842,1949,2056,2163,2270,2377,2484,2591,2592,2593,2594,2595,2596,2597,2598,2599,2600,2601,2602,2603,2604,2605,2606,2607,2608,2609,2609,2609,2609,2609,2609,2609,2609,2609,2609,2609,2609,2609,2609,2609,2609,2609,2609,2609,2609,2609,2609,2609,2609,2609,2609,2609,2609,2609,2609,2609,2609,2609,2609,2609,2609,2609,2609,2609,2609,2609,2609,2609,2609,2609,2609,2609,2609,2609,2609,2609,2609,2609,2609,2609,2609,
goal:2609,2609,2609,2609,2609,2609,2609,2609,2609,2609,2609,2609,2609,2609,2609,2609,2609,2609,2609,2609,2609,2609,2609,2609,2609,2609,2609,2609,2609,2609,2609,2609,2609,2609,2609,2609,2609,2609,2609,2609,2609,2609,2609,2609,2609,2609,2609,2609,2609,2609,2609,2609,2609,2609,2609,2609,2609,2609,2609,2609,2609,2609,2609,2609,2609,2609,2609,2609,2609,2609,2609,2609,2609,2609,2609,2609,2609,2609,2609,2609,2609,2609,2609,2609,2609,2609,2609,2609,2609,2609,2609,2609,2609,2609,2609,2609,2609,
size:41
[agent] id:9
path:1003,1110,1217,1324,1325,1326,1433,1434,1435,1436,1437,1544,1651,1758,1865,1972,2079,2186,2293,2400,2507,2508,2509,2510,2510,2510,2510,2510,2510,2510,2510,2510,2510,2510,2510,2510,2510,2510,2510,2510,2510,2510,2510,2510,2510,2510,2510,2510,2510,2510,2510,2510,2510,2510,2510,2510,2510,2510,2510,2510,2510,2510,2510,2510,2510,2510,2510,2510,2510,2510,2510,2510,2510,2510,2510,2510,2510,2510,2510,2510,2510,2510,2510,2510,2510,2510,2510,2510,2510,2510,2510,2510,2510,2510,2510,2510,2510,
goal:2510,2510,2510,2510,2510,2510,2510,2510,2510,2510,2510,2510,2510,2510,2510,2510,2510,2510,2510,2510,2510,2510,2510,2510,2510,2510,2510,2510,2510,2510,2510,2510,2510,2510,2510,2510,2510,2510,2510,2510,2510,2510,2510,2510,2510,2510,2510,2510,2510,2510,2510,2510,2510,2510,2510,2510,2510,2510,2510,2510,2510,2510,2510,2510,2510,2510,2510,2510,2510,2510,2510,2510,2510,2510,2510,2510,2510,2510,2510,2510,2510,2510,2510,2510,2510,2510,2510,2510,2510,2510,2510,2510,2510,2510,2510,2510,2510,
size:23
[agent] id:10
path:1976,2083,2190,2297,2404,2511,2618,2725,2832,2939,2938,2937,2936,2935,2934,3041,3040,3039,3038,3037,3036,3035,3034,3033,3032,3031,3030,3029,3028,3027,3026,3025,3024,3131,3238,3345,3344,3343,3342,3341,3340,3447,3554,3661,3768,3875,3982,4089,4196,4303,4410,4411,4412,4519,4626,4627,4627,4627,4627,4627,4627,4627,4627,4627,4627,4627,4627,4627,4627,4627,4627,4627,4627,4627,4627,4627,4627,4627,4627,4627,4627,4627,4627,4627,4627,4627,4627,4627,4627,4627,4627,4627,4627,4627,4627,4627,4627,
goal:4627,4627,4627,4627,4627,4627,4627,4627,4627,4627,4627,4627,4627,4627,4627,4627,4627,4627,4627,4627,4627,4627,4627,4627,4627,4627,4627,4627,4627,4627,4627,4627,4627,4627,4627,4627,4627,4627,4627,4627,4627,4627,4627,4627,4627,4627,4627,4627,4627,4627,4627,4627,4627,4627,4627,4627,4627,4627,4627,4627,4627,4627,4627,4627,4627,4627,4627,4627,4627,4627,4627,4627,4627,4627,4627,4627,4627,4627,4627,4627,4627,4627,4627,4627,4627,4627,4627,4627,4627,4627,4627,4627,4627,4627,4627,4627,4627,
size:55
[agent] id:11
path:2394,2287,2180,2073,2074,2075,2076,2077,2078,2079,2080,2081,2082,2083,2084,2085,1978,1979,1980,1981,1982,1983,1984,1985,1986,1987,1988,1989,1990,1991,1992,1992,1992,1992,1992,1992,1992,1992,1992,1992,1992,1992,1992,1992,1992,1992,1992,1992,1992,1992,1992,1992,1992,1992,1992,1992,1992,1992,1992,1992,1992,1992,1992,1992,1992,1992,1992,1992,1992,1992,1992,1992,1992,1992,1992,1992,1992,1992,1992,1992,1992,1992,1992,1992,1992,1992,1992,1992,1992,1992,1992,1992,1992,1992,1992,1992,1992,
goal:1992,1992,1992,1992,1992,1992,1992,1992,1992,1992,1992,1992,1992,1992,1992,1992,1992,1992,1992,1992,1992,1992,1992,1992,1992,1992,1992,1992,1992,1992,1992,1992,1992,1992,1992,1992,1992,1992,1992,1992,1992,1992,1992,1992,1992,1992,1992,1992,1992,1992,1992,1992,1992,1992,1992,1992,1992,1992,1992,1992,1992,1992,1992,1992,1992,1992,1992,1992,1992,1992,1992,1992,1992,1992,1992,1992,1992,1992,1992,1992,1992,1992,1992,1992,1992,1992,1992,1992,1992,1992,1992,1992,1992,1992,1992,1992,1992,
size:30
[agent] id:12
path:3553,3446,3339,3232,3125,3018,2911,2804,2697,2590,2483,2376,2269,2162,2055,1948,1841,1734,1627,1520,1413,1306,1305,1304,1304,1304,1304,1304,1304,1304,1304,1304,1304,1304,1304,1304,1304,1304,1304,1304,1304,1304,1304,1304,1304,1304,1304,1304,1304,1304,1304,1304,1304,1304,1304,1304,1304,1304,1304,1304,1304,1304,1304,1304,1304,1304,1304,1304,1304,1304,1304,1304,1304,1304,1304,1304,1304,1304,1304,1304,1304,1304,1304,1304,1304,1304,1304,1304,1304,1304,1304,1304,1304,1304,1304,1304,1304,
goal:1304,1304,1304,1304,1304,1304,1304,1304,1304,1304,1304,1304,1304,1304,1304,1304,1304,1304,1304,1304,1304,1304,1304,1304,1304,1304,1304,1304,1304,1304,1304,1304,1304,1304,1304,1304,1304,1304,1304,1304,1304,1304,1304,1304,1304,1304,1304,1304,1304,1304,1304,1304,1304,1304,1304,1304,1304,1304,1304,1304,1304,1304,1304,1304,1304,1304,1304,1304,1304,1304,1304,1304,1304,1304,1304,1304,1304,1304,1304,1304,1304,1304,1304,1304,1304,1304,1304,1304,1304,1304,1304,1304,1304,1304,1304,1304,1304,
size:23
[agent] id:13
path:2289,2396,2503,2610,2717,2824,2931,3038,3039,3040,3041,3042,3043,3044,3045,3046,3047,3048,3049,3050,3051,3052,3053,3054,3055,3056,3057,3058,3059,3060,3061,3062,3169,3170,3171,3172,3173,3280,3387,3494,3601,3708,3815,3922,4029,4136,4243,4242,4241,4240,4239,4238,4238,4238,4238,4238,4238,4238,4238,4238,4238,4238,4238,4238,4238,4238,4238,4238,4238,4238,4238,4238,4238,4238,4238,4238,4238,4238,4238,4238,4238,4238,4238,4238,4238,4238,4238,4238,4238,4238,4238,4238,4238,4238,4238,4238,4238,
goal:4238,4238,4238,4238,4238,4238,4238,4238,4238,4238,4238,4238,4238,4238,4238,4238,4238,4238,4238,4238,4238,4238,4238,4238,4238,4238,4238,4238,4238,4238,4238,4238,4238,4238,4238,4238,4238,4238,4238,4238,4238,4238,4238,4238,4238,4238,4238,4238,4238,4238,4238,4238,4238,4238,4238,4238,4238,4238,4238,4238,4238,4238,4238,4238,4238,4238,4238,4238,4238,4238,4238,4238,4238,4238,4238,4238,4238,4238,4238,4238,4238,4238,4238,4238,4238,4238,4238,4238,4238,4238,4238,4238,4238,4238,4238,4238,4238,
size:51
[agent] id:14
path:3596,3597,3598,3599,3600,3601,3494,3387,3280,3173,3066,2959,2852,2745,2638,2531,2424,2317,2210,2103,1996,1889,1782,1675,1568,1461,1354,1247,1140,1141,1142,1143,1144,1145,1145,1145,1145,1145,1145,1145,1145,1145,1145,1145,1145,1145,1145,1145,1145,1145,1145,1145,1145,1145,1145,1145,1145,1145,1145,1145,1145,1145,1145,1145,1145,1145,1145,1145,1145,1145,1145,1145,1145,1145,1145,1145,1145,1145,1145,1145,1145,1145,1145,1145,1145,1145,1145,1145,1145,1145,1145,1145,1145,1145,1145,1145,1145,
goal:1145,1145,1145,1145,1145,1145,1145,1145,1145,1145,1145,1145,1145,1145,1145,1145,1145,1145,1145,1145,1145,1145,1145,1145,1145,1145,1145,1145,1145,1145,1145,1145,1145,1145,1145,1145,1145,1145,1145,1145,1145,1145,1145,1145,1145,1145,1145,1145,1145,1145,1145,1145,1145,1145,1145,1145,1145,1145,1145,1145,1145,1145,1145,1145,1145,1145,1145,1145,1145,1145,1145,1145,1145,1145,1145,1145,1145,1145,1145,1145,1145,1145,1145,1145,1145,1145,1145,1145,1145,1145,1145,1145,1145,1145,1145,1145,1145,
size:33
[agent] id:15
path:2366,2367,2368,2369,2370,2371,2264,2157,2050,2051,2052,2053,2054,2055,2056,2057,2058,2059,2060,2061,2062,2063,2064,2065,2066,2067,2068,2069,2070,2071,2072,2073,2074,2075,2076,2077,2078,2079,2080,2081,2082,2083,2084,2085,2086,2087,2088,2089,2090,2091,2092,2093,2094,2095,2096,2097,2098,2099,2100,2101,2102,2103,2104,2105,2106,2106,2106,2106,2106,2106,2106,2106,2106,2106,2106,2106,2106,2106,2106,2106,2106,2106,2106,2106,2106,2106,2106,2106,2106,2106,2106,2106,2106,2106,2106,2106,2106,
goal:2106,2106,2106,2106,2106,2106,2106,2106,2106,2106,2106,2106,2106,2106,2106,2106,2106,2106,2106,2106,2106,2106,2106,2106,2106,2106,2106,2106,2106,2106,2106,2106,2106,2106,2106,2106,2106,2106,2106,2106,2106,2106,2106,2106,2106,2106,2106,2106,2106,2106,2106,2106,2106,2106,2106,2106,2106,2106,2106,2106,2106,2106,2106,2106,2106,2106,2106,2106,2106,2106,2106,2106,2106,2106,2106,2106,2106,2106,2106,2106,2106,2106,2106,2106,2106,2106,2106,2106,2106,2106,2106,2106,2106,2106,2106,2106,2106,
size:64
[agent] id:16
path:1231,1338,1337,1336,1443,1442,1441,1440,1439,1438,1545,1652,1759,1866,1973,2080,2187,2294,2401,2508,2615,2722,2829,2936,3043,3042,3041,3040,3039,3038,3037,3036,3035,3034,3033,3032,3031,3030,3029,3028,3027,3026,3025,3024,3131,3238,3345,3344,3343,3342,3341,3340,3447,3554,3661,3768,3875,3875,3875,3875,3875,3875,3875,3875,3875,3875,3875,3875,3875,3875,3875,3875,3875,3875,3875,3875,3875,3875,3875,3875,3875,3875,3875,3875,3875,3875,3875,3875,3875,3875,3875,3875,3875,3875,3875,3875,3875,
goal:3875,3875,3875,3875,3875,3875,3875,3875,3875,3875,3875,3875,3875,3875,3875,3875,3875,3875,3875,3875,3875,3875,3875,3875,3875,3875,3875,3875,3875,3875,3875,3875,3875,3875,3875,3875,3875,3875,3875,3875,3875,3875,3875,3875,3875,3875,3875,3875,3875,3875,3875,3875,3875,3875,3875,3875,3875,3875,3875,3875,3875,3875,3875,3875,3875,3875,3875,3875,3875,3875,3875,3875,3875,3875,3875,3875,3875,3875,3875,3875,3875,3875,3875,3875,3875,3875,3875,3875,3875,3875,3875,3875,3875,3875,3875,3875,3875,
size:56
[agent] id:17
path:606,713,820,927,1034,1141,1248,1355,1462,1569,1676,1783,1890,1997,2104,2211,2210,2209,2208,2207,2206,2205,2204,2203,2202,2201,2200,2199,2198,2197,2196,2195,2194,2193,2192,2191,2190,2190,2190,2190,2190,2190,2190,2190,2190,2190,2190,2190,2190,2190,2190,2190,2190,2190,2190,2190,2190,2190,2190,2190,2190,2190,2190,2190,2190,2190,2190,2190,2190,2190,2190,2190,2190,2190,2190,2190,2190,2190,2190,2190,2190,2190,2190,2190,2190,2190,2190,2190,2190,2190,2190,2190,2190,2190,2190,2190,2190,
goal:2190,2190,2190,2190,2190,2190,2190,2190,2190,2190,2190,2190,2190,2190,2190,2190,2190,2190,2190,2190,2190,2190,2190,2190,2190,2190,2190,2190,2190,2190,2190,2190,2190,2190,2190,2190,2190,2190,2190,2190,2190,2190,2190,2190,2190,2190,2190,2190,2190,2190,2190,2190,2190,2190,2190,2190,2190,2190,2190,2190,2190,2190,2190,2190,2190,2190,2190,2190,2190,2190,2190,2190,2190,2190,2190,2190,2190,2190,2190,2190,2190,2190,2190,2190,2190,2190,2190,2190,2190,2190,2190,2190,2190,2190,2190,2190,2190,
size:36
[agent] id:18
path:2978,2977,2976,2975,2974,2973,2972,2971,2970,2969,2968,2967,2966,2965,2964,2963,2962,2961,2960,2959,2958,2957,2956,2955,2848,2847,2846,2953,2952,2951,2950,2949,2948,2947,2946,2945,2944,2943,2942,2941,2940,2939,2938,2937,2936,2935,2934,2933,2932,2931,2930,2929,2928,2927,2926,2925,2924,2923,2922,2922,2922,2922,2922,2922,2922,2922,2922,2922,2922,2922,2922,2922,2922,2922,2922,2922,2922,2922,2922,2922,2922,2922,2922,2922,2922,2922,2922,2922,2922,2922,2922,2922,2922,2922,2922,2922,2922,
goal:2922,2922,2922,2922,2922,2922,2922,2922,2922,2922,2922,2922,2922,2922,2922,2922,2922,2922,2922,2922,2922,2922,2922,2922,2922,2922,2922,2922,2922,2922,2922,2922,2922,2922,2922,2922,2922,2922,2922,2922,2922,2922,2922,2922,2922,2922,2922,2922,2922,2922,2922,2922,2922,2922,2922,2922,2922,2922,2922,2922,2922,2922,2922,2922,2922,2922,2922,2922,2922,2922,2922,2922,2922,2922,2922,2922,2922,2922,2922,2922,2922,2922,2922,2922,2922,2922,2922,2922,2922,2922,2922,2922,2922,2922,2922,2922,2922,
size:58
[agent] id:19
path:3716,3715,3714,3607,3606,3605,3604,3603,3602,3495,3388,3281,3174,3067,2960,2853,2746,2747,2748,2749,2750,2751,2752,2753,2754,2755,2756,2757,2758,2759,2760,2761,2762,2763,2764,2765,2766,2767,2660,2661,2662,2663,2664,2665,2772,2773,2773,2773,2773,2773,2773,2773,2773,2773,2773,2773,2773,2773,2773,2773,2773,2773,2773,2773,2773,2773,2773,2773,2773,2773,2773,2773,2773,2773,2773,2773,2773,2773,2773,2773,2773,2773,2773,2773,2773,2773,2773,2773,2773,2773,2773,2773,2773,2773,2773,2773,2773,
goal:2773,2773,2773,2773,2773,2773,2773,2773,2773,2773,2773,2773,2773,2773,2773,2773,2773,2773,2773,2773,2773,2773,2773,2773,2773,2773,2773,2773,2773,2773,2773,2773,2773,2773,2773,2773,2773,2773,2773,2773,2773,2773,2773,2773,2773,2773,2773,2773,2773,2773,2773,2773,2773,2773,2773,2773,2773,2773,2773,2773,2773,2773,2773,2773,2773,2773,2773,2773,2773,2773,2773,2773,2773,2773,2773,2773,2773,2773,2773,2773,2773,2773,2773,2773,2773,2773,2773,2773,2773,2773,2773,2773,2773,2773,2773,2773,2773,
size:45
SolutionCost:871
