[setting] seed:60
[solver] type:ECBS
[solver] w:3.000000
[solver] ID:0
[solver] Lowlevelnode:42846
[solver] solved:1
[solver] elapsed:804
[solver] makespan:86
[problem] timesteplimit:10000
[problem] type:MAPF
[problem] agentnum:20
[graph] width:107
[graph] height:47
[graph] filename:./map/orz601d.map
[task] id:8,start:0,end:0,service time:0,nodes:2362,
[task] id:13,start:0,end:0,service time:0,nodes:3138,
[task] id:16,start:0,end:0,service time:0,nodes:3340,
[task] id:9,start:0,end:0,service time:0,nodes:2370,
[task] id:1,start:0,end:0,service time:0,nodes:2848,
[task] id:10,start:0,end:0,service time:0,nodes:2920,
[task] id:17,start:0,end:0,service time:0,nodes:2970,
[task] id:7,start:0,end:0,service time:0,nodes:2931,
[task] id:0,start:0,end:0,service time:0,nodes:661,
[task] id:19,start:0,end:0,service time:0,nodes:4201,
[task] id:3,start:0,end:0,service time:0,nodes:4030,
[task] id:12,start:0,end:0,service time:0,nodes:4458,
[task] id:15,start:0,end:0,service time:0,nodes:3017,
[task] id:14,start:0,end:0,service time:0,nodes:695,
[task] id:11,start:0,end:0,service time:0,nodes:3094,
[task] id:4,start:0,end:0,service time:0,nodes:2869,
[task] id:2,start:0,end:0,service time:0,nodes:3042,
[task] id:5,start:0,end:0,service time:0,nodes:4247,
[task] id:6,start:0,end:0,service time:0,nodes:1029,
[task] id:18,start:0,end:0,service time:0,nodes:2253,
[agent] id:0
path:3984,3877,3770,3769,3768,3661,3554,3447,3340,3233,3126,3125,3018,2911,2804,2697,2590,2483,2482,2375,2268,2161,2054,1947,1840,1841,1734,1627,1520,1413,1306,1199,1092,985,878,771,664,663,662,661,661,661,661,661,661,661,661,661,661,661,661,661,661,661,661,661,661,661,661,661,661,661,661,661,661,661,661,661,661,661,661,661,661,661,661,661,661,661,661,661,661,661,661,661,661,661,661,
goal:661,661,661,661,661,661,661,661,661,661,661,661,661,661,661,661,661,661,661,661,661,661,661,661,661,661,661,661,661,661,661,661,661,661,661,661,661,661,661,661,661,661,661,661,661,661,661,661,661,661,661,661,661,661,661,661,661,661,661,661,661,661,661,661,661,661,661,661,661,661,661,661,661,661,661,661,661,661,661,661,661,661,661,661,661,661,661,
size:39
[agent] id:1
path:4034,3927,3820,3713,3606,3605,3604,3603,3602,3495,3388,3281,3174,3067,2960,2853,2852,2851,2850,2849,2848,2848,2848,2848,2848,2848,2848,2848,2848,2848,2848,2848,2848,2848,2848,2848,2848,2848,2848,2848,2848,2848,2848,2848,2848,2848,2848,2848,2848,2848,2848,2848,2848,2848,2848,2848,2848,2848,2848,2848,2848,2848,2848,2848,2848,2848,2848,2848,2848,2848,2848,2848,2848,2848,2848,2848,2848,2848,2848,2848,2848,2848,2848,2848,2848,2848,2848,
goal:2848,2848,2848,2848,2848,2848,2848,2848,2848,2848,2848,2848,2848,2848,2848,2848,2848,2848,2848,2848,2848,2848,2848,2848,2848,2848,2848,2848,2848,2848,2848,2848,2848,2848,2848,2848,2848,2848,2848,2848,2848,2848,2848,2848,2848,2848,2848,2848,2848,2848,2848,2848,2848,2848,2848,2848,2848,2848,2848,2848,2848,2848,2848,2848,2848,2848,2848,2848,2848,2848,2848,2848,2848,2848,2848,2848,2848,2848,2848,2848,2848,2848,2848,2848,2848,2848,2848,
size:20
[agent] id:2
path:2135,2242,2349,2348,2455,2562,2669,2668,2667,2666,2665,2664,2663,2662,2661,2660,2767,2874,2981,3088,3087,3086,3085,3084,3083,3082,3081,3080,3079,3078,3077,3076,3075,3074,3073,3072,3071,3070,3069,3068,3067,3066,3065,3064,3063,3062,3061,3060,3059,3058,3057,3056,3055,3054,3053,3052,3051,3050,3049,3048,3047,3046,3045,3044,3043,3042,3042,3042,3042,3042,3042,3042,3042,3042,3042,3042,3042,3042,3042,3042,3042,3042,3042,3042,3042,3042,3042,
goal:3042,3042,3042,3042,3042,3042,3042,3042,3042,3042,3042,3042,3042,3042,3042,3042,3042,3042,3042,3042,3042,3042,3042,3042,3042,3042,3042,3042,3042,3042,3042,3042,3042,3042,3042,3042,3042,3042,3042,3042,3042,3042,3042,3042,3042,3042,3042,3042,3042,3042,3042,3042,3042,3042,3042,3042,3042,3042,3042,3042,3042,3042,3042,3042,3042,3042,3042,3042,3042,3042,3042,3042,3042,3042,3042,3042,3042,3042,3042,3042,3042,3042,3042,3042,3042,3042,3042,
size:65
[agent] id:3
path:3031,3032,3033,3034,3035,3036,3037,3038,3039,3040,3041,3042,3043,3044,3045,3046,3047,3048,3049,3050,3051,3052,3053,3054,3055,3056,3057,3058,3059,3060,3061,3062,3169,3170,3171,3172,3173,3280,3387,3494,3601,3708,3815,3922,4029,4030,4030,4030,4030,4030,4030,4030,4030,4030,4030,4030,4030,4030,4030,4030,4030,4030,4030,4030,4030,4030,4030,4030,4030,4030,4030,4030,4030,4030,4030,4030,4030,4030,4030,4030,4030,4030,4030,4030,4030,4030,4030,
goal:4030,4030,4030,4030,4030,4030,4030,4030,4030,4030,4030,4030,4030,4030,4030,4030,4030,4030,4030,4030,4030,4030,4030,4030,4030,4030,4030,4030,4030,4030,4030,4030,4030,4030,4030,4030,4030,4030,4030,4030,4030,4030,4030,4030,4030,4030,4030,4030,4030,4030,4030,4030,4030,4030,4030,4030,4030,4030,4030,4030,4030,4030,4030,4030,4030,4030,4030,4030,4030,4030,4030,4030,4030,4030,4030,4030,4030,4030,4030,4030,4030,4030,4030,4030,4030,4030,4030,
size:45
[agent] id:4
path:2169,2276,2383,2490,2597,2704,2705,2706,2707,2708,2709,2710,2711,2712,2713,2714,2715,2716,2717,2718,2719,2720,2721,2722,2723,2724,2725,2726,2727,2728,2729,2730,2731,2732,2733,2734,2735,2736,2737,2738,2739,2740,2741,2742,2849,2850,2851,2852,2853,2854,2855,2856,2857,2858,2859,2860,2861,2862,2863,2864,2865,2866,2867,2868,2869,2869,2869,2869,2869,2869,2869,2869,2869,2869,2869,2869,2869,2869,2869,2869,2869,2869,2869,2869,2869,2869,2869,
goal:2869,2869,2869,2869,2869,2869,2869,2869,2869,2869,2869,2869,2869,2869,2869,2869,2869,2869,2869,2869,2869,2869,2869,2869,2869,2869,2869,2869,2869,2869,2869,2869,2869,2869,2869,2869,2869,2869,2869,2869,2869,2869,2869,2869,2869,2869,2869,2869,2869,2869,2869,2869,2869,2869,2869,2869,2869,2869,2869,2869,2869,2869,2869,2869,2869,2869,2869,2869,2869,2869,2869,2869,2869,2869,2869,2869,2869,2869,2869,2869,2869,2869,2869,2869,2869,2869,2869,
size:64
[agent] id:5
path:2799,2800,2801,2802,2803,2804,2805,2806,2807,2808,2809,2810,2811,2812,2813,2814,2815,2816,2817,2818,2819,2820,2821,2822,2823,2824,2825,2932,2933,2934,2935,2936,2937,2938,2939,2940,2941,2942,2943,2944,2945,2946,2947,2948,2949,2950,2951,2952,2953,3060,3061,3062,3169,3170,3171,3172,3173,3280,3387,3494,3601,3708,3815,3922,4029,4136,4243,4244,4245,4246,4247,4247,4247,4247,4247,4247,4247,4247,4247,4247,4247,4247,4247,4247,4247,4247,4247,
goal:4247,4247,4247,4247,4247,4247,4247,4247,4247,4247,4247,4247,4247,4247,4247,4247,4247,4247,4247,4247,4247,4247,4247,4247,4247,4247,4247,4247,4247,4247,4247,4247,4247,4247,4247,4247,4247,4247,4247,4247,4247,4247,4247,4247,4247,4247,4247,4247,4247,4247,4247,4247,4247,4247,4247,4247,4247,4247,4247,4247,4247,4247,4247,4247,4247,4247,4247,4247,4247,4247,4247,4247,4247,4247,4247,4247,4247,4247,4247,4247,4247,4247,4247,4247,4247,4247,4247,
size:70
[agent] id:6
path:1302,1303,1304,1305,1306,1307,1414,1521,1628,1735,1842,1843,1844,1845,1846,1847,1954,1955,1956,1957,1958,1959,1960,1961,1962,1963,1964,1965,1966,1967,1968,1969,1970,1971,1972,1973,1974,1975,1976,1977,1978,1979,1980,1981,1982,1983,1984,1985,1986,1987,1988,1989,1990,1991,1884,1885,1886,1887,1888,1889,1782,1675,1568,1461,1354,1247,1140,1033,1032,1031,1030,1029,1029,1029,1029,1029,1029,1029,1029,1029,1029,1029,1029,1029,1029,1029,1029,
goal:1029,1029,1029,1029,1029,1029,1029,1029,1029,1029,1029,1029,1029,1029,1029,1029,1029,1029,1029,1029,1029,1029,1029,1029,1029,1029,1029,1029,1029,1029,1029,1029,1029,1029,1029,1029,1029,1029,1029,1029,1029,1029,1029,1029,1029,1029,1029,1029,1029,1029,1029,1029,1029,1029,1029,1029,1029,1029,1029,1029,1029,1029,1029,1029,1029,1029,1029,1029,1029,1029,1029,1029,1029,1029,1029,1029,1029,1029,1029,1029,1029,1029,1029,1029,1029,1029,1029,
size:71
[agent] id:7
path:2476,2477,2478,2585,2692,2799,2906,2907,2908,2909,2910,2911,2912,2913,2914,2915,2916,2917,2918,2919,2920,2921,2922,2923,2924,2925,2926,2927,2928,2929,2930,2931,2931,2931,2931,2931,2931,2931,2931,2931,2931,2931,2931,2931,2931,2931,2931,2931,2931,2931,2931,2931,2931,2931,2931,2931,2931,2931,2931,2931,2931,2931,2931,2931,2931,2931,2931,2931,2931,2931,2931,2931,2931,2931,2931,2931,2931,2931,2931,2931,2931,2931,2931,2931,2931,2931,2931,
goal:2931,2931,2931,2931,2931,2931,2931,2931,2931,2931,2931,2931,2931,2931,2931,2931,2931,2931,2931,2931,2931,2931,2931,2931,2931,2931,2931,2931,2931,2931,2931,2931,2931,2931,2931,2931,2931,2931,2931,2931,2931,2931,2931,2931,2931,2931,2931,2931,2931,2931,2931,2931,2931,2931,2931,2931,2931,2931,2931,2931,2931,2931,2931,2931,2931,2931,2931,2931,2931,2931,2931,2931,2931,2931,2931,2931,2931,2931,2931,2931,2931,2931,2931,2931,2931,2931,2931,
size:31
[agent] id:8
path:2041,2148,2255,2362,2362,2362,2362,2362,2362,2362,2362,2362,2362,2362,2362,2362,2362,2362,2362,2362,2362,2362,2362,2362,2362,2362,2362,2362,2362,2362,2362,2362,2362,2362,2362,2362,2362,2362,2362,2362,2362,2362,2362,2362,2362,2362,2362,2362,2362,2362,2362,2362,2362,2362,2362,2362,2362,2362,2362,2362,2362,2362,2362,2362,2362,2362,2362,2362,2362,2362,2362,2362,2362,2362,2362,2362,2362,2362,2362,2362,2362,2362,2362,2362,2362,2362,2362,
goal:2362,2362,2362,2362,2362,2362,2362,2362,2362,2362,2362,2362,2362,2362,2362,2362,2362,2362,2362,2362,2362,2362,2362,2362,2362,2362,2362,2362,2362,2362,2362,2362,2362,2362,2362,2362,2362,2362,2362,2362,2362,2362,2362,2362,2362,2362,2362,2362,2362,2362,2362,2362,2362,2362,2362,2362,2362,2362,2362,2362,2362,2362,2362,2362,2362,2362,2362,2362,2362,2362,2362,2362,2362,2362,2362,2362,2362,2362,2362,2362,2362,2362,2362,2362,2362,2362,2362,
size:3
[agent] id:9
path:2705,2598,2491,2384,2383,2382,2381,2380,2379,2378,2377,2376,2375,2374,2373,2372,2371,2370,2370,2370,2370,2370,2370,2370,2370,2370,2370,2370,2370,2370,2370,2370,2370,2370,2370,2370,2370,2370,2370,2370,2370,2370,2370,2370,2370,2370,2370,2370,2370,2370,2370,2370,2370,2370,2370,2370,2370,2370,2370,2370,2370,2370,2370,2370,2370,2370,2370,2370,2370,2370,2370,2370,2370,2370,2370,2370,2370,2370,2370,2370,2370,2370,2370,2370,2370,2370,2370,
goal:2370,2370,2370,2370,2370,2370,2370,2370,2370,2370,2370,2370,2370,2370,2370,2370,2370,2370,2370,2370,2370,2370,2370,2370,2370,2370,2370,2370,2370,2370,2370,2370,2370,2370,2370,2370,2370,2370,2370,2370,2370,2370,2370,2370,2370,2370,2370,2370,2370,2370,2370,2370,2370,2370,2370,2370,2370,2370,2370,2370,2370,2370,2370,2370,2370,2370,2370,2370,2370,2370,2370,2370,2370,2370,2370,2370,2370,2370,2370,2370,2370,2370,2370,2370,2370,2370,2370,
size:17
[agent] id:10
path:3977,3870,3763,3764,3765,3766,3767,3660,3553,3446,3339,3232,3125,3018,2911,2912,2913,2914,2915,2916,2917,2918,2919,2920,2920,2920,2920,2920,2920,2920,2920,2920,2920,2920,2920,2920,2920,2920,2920,2920,2920,2920,2920,2920,2920,2920,2920,2920,2920,2920,2920,2920,2920,2920,2920,2920,2920,2920,2920,2920,2920,2920,2920,2920,2920,2920,2920,2920,2920,2920,2920,2920,2920,2920,2920,2920,2920,2920,2920,2920,2920,2920,2920,2920,2920,2920,2920,
goal:2920,2920,2920,2920,2920,2920,2920,2920,2920,2920,2920,2920,2920,2920,2920,2920,2920,2920,2920,2920,2920,2920,2920,2920,2920,2920,2920,2920,2920,2920,2920,2920,2920,2920,2920,2920,2920,2920,2920,2920,2920,2920,2920,2920,2920,2920,2920,2920,2920,2920,2920,2920,2920,2920,2920,2920,2920,2920,2920,2920,2920,2920,2920,2920,2920,2920,2920,2920,2920,2920,2920,2920,2920,2920,2920,2920,2920,2920,2920,2920,2920,2920,2920,2920,2920,2920,2920,
size:23
[agent] id:11
path:503,610,717,824,931,1038,1145,1252,1359,1466,1465,1464,1463,1462,1569,1676,1783,1890,1997,2104,2211,2318,2425,2532,2639,2640,2641,2642,2643,2644,2645,2646,2647,2648,2649,2650,2651,2652,2653,2654,2655,2656,2657,2658,2659,2660,2661,2662,2663,2664,2665,2772,2879,2986,3093,3094,3094,3094,3094,3094,3094,3094,3094,3094,3094,3094,3094,3094,3094,3094,3094,3094,3094,3094,3094,3094,3094,3094,3094,3094,3094,3094,3094,3094,3094,3094,3094,
goal:3094,3094,3094,3094,3094,3094,3094,3094,3094,3094,3094,3094,3094,3094,3094,3094,3094,3094,3094,3094,3094,3094,3094,3094,3094,3094,3094,3094,3094,3094,3094,3094,3094,3094,3094,3094,3094,3094,3094,3094,3094,3094,3094,3094,3094,3094,3094,3094,3094,3094,3094,3094,3094,3094,3094,3094,3094,3094,3094,3094,3094,3094,3094,3094,3094,3094,3094,3094,3094,3094,3094,3094,3094,3094,3094,3094,3094,3094,3094,3094,3094,3094,3094,3094,3094,3094,3094,
size:55
[agent] id:12
path:2608,2715,2822,2929,3036,3037,3038,3039,3040,3041,3042,3043,3044,3045,3046,3047,3048,3049,3050,3051,3052,3053,3054,3055,3056,3057,3058,3059,3060,3061,3062,3169,3170,3171,3172,3173,3280,3387,3494,3601,3708,3815,3922,4029,4136,4243,4350,4457,4458,4458,4458,4458,4458,4458,4458,4458,4458,4458,4458,4458,4458,4458,4458,4458,4458,4458,4458,4458,4458,4458,4458,4458,4458,4458,4458,4458,4458,4458,4458,4458,4458,4458,4458,4458,4458,4458,4458,
goal:4458,4458,4458,4458,4458,4458,4458,4458,4458,4458,4458,4458,4458,4458,4458,4458,4458,4458,4458,4458,4458,4458,4458,4458,4458,4458,4458,4458,4458,4458,4458,4458,4458,4458,4458,4458,4458,4458,4458,4458,4458,4458,4458,4458,4458,4458,4458,4458,4458,4458,4458,4458,4458,4458,4458,4458,4458,4458,4458,4458,4458,4458,4458,4458,4458,4458,4458,4458,4458,4458,4458,4458,4458,4458,4458,4458,4458,4458,4458,4458,4458,4458,4458,4458,4458,4458,4458,
size:48
[agent] id:13
path:3343,3236,3129,3130,3131,3024,3025,3026,3027,3028,3029,3030,3137,3138,3138,3138,3138,3138,3138,3138,3138,3138,3138,3138,3138,3138,3138,3138,3138,3138,3138,3138,3138,3138,3138,3138,3138,3138,3138,3138,3138,3138,3138,3138,3138,3138,3138,3138,3138,3138,3138,3138,3138,3138,3138,3138,3138,3138,3138,3138,3138,3138,3138,3138,3138,3138,3138,3138,3138,3138,3138,3138,3138,3138,3138,3138,3138,3138,3138,3138,3138,3138,3138,3138,3138,3138,3138,
goal:3138,3138,3138,3138,3138,3138,3138,3138,3138,3138,3138,3138,3138,3138,3138,3138,3138,3138,3138,3138,3138,3138,3138,3138,3138,3138,3138,3138,3138,3138,3138,3138,3138,3138,3138,3138,3138,3138,3138,3138,3138,3138,3138,3138,3138,3138,3138,3138,3138,3138,3138,3138,3138,3138,3138,3138,3138,3138,3138,3138,3138,3138,3138,3138,3138,3138,3138,3138,3138,3138,3138,3138,3138,3138,3138,3138,3138,3138,3138,3138,3138,3138,3138,3138,3138,3138,3138,
size:13
[agent] id:14
path:3017,2910,2803,2696,2589,2482,2375,2268,2161,2054,1947,1948,1949,1950,1951,1952,1953,1954,1955,1956,1957,1958,1959,1960,1961,1962,1963,1964,1965,1966,1967,1860,1861,1862,1863,1864,1865,1758,1651,1544,1437,1330,1223,1116,1009,902,795,688,689,690,691,692,693,694,695,695,695,695,695,695,695,695,695,695,695,695,695,695,695,695,695,695,695,695,695,695,695,695,695,695,695,695,695,695,695,695,695,
goal:695,695,695,695,695,695,695,695,695,695,695,695,695,695,695,695,695,695,695,695,695,695,695,695,695,695,695,695,695,695,695,695,695,695,695,695,695,695,695,695,695,695,695,695,695,695,695,695,695,695,695,695,695,695,695,695,695,695,695,695,695,695,695,695,695,695,695,695,695,695,695,695,695,695,695,695,695,695,695,695,695,695,695,695,695,695,695,
size:54
[agent] id:15
path:2417,2524,2631,2738,2845,2844,2843,2842,2949,2948,2947,2946,2945,2944,2943,2942,2941,2940,2939,2938,2937,2936,2935,2934,2933,2932,2931,2930,3037,3036,3035,3034,3033,3032,3031,3030,3029,3028,3027,3026,3025,3024,3023,3022,3021,3020,3019,3018,3017,3017,3017,3017,3017,3017,3017,3017,3017,3017,3017,3017,3017,3017,3017,3017,3017,3017,3017,3017,3017,3017,3017,3017,3017,3017,3017,3017,3017,3017,3017,3017,3017,3017,3017,3017,3017,3017,3017,
goal:3017,3017,3017,3017,3017,3017,3017,3017,3017,3017,3017,3017,3017,3017,3017,3017,3017,3017,3017,3017,3017,3017,3017,3017,3017,3017,3017,3017,3017,3017,3017,3017,3017,3017,3017,3017,3017,3017,3017,3017,3017,3017,3017,3017,3017,3017,3017,3017,3017,3017,3017,3017,3017,3017,3017,3017,3017,3017,3017,3017,3017,3017,3017,3017,3017,3017,3017,3017,3017,3017,3017,3017,3017,3017,3017,3017,3017,3017,3017,3017,3017,3017,3017,3017,3017,3017,3017,
size:48
[agent] id:16
path:1949,2056,2163,2270,2377,2484,2591,2698,2805,2912,3019,3126,3233,3340,3340,3340,3340,3340,3340,3340,3340,3340,3340,3340,3340,3340,3340,3340,3340,3340,3340,3340,3340,3340,3340,3340,3340,3340,3340,3340,3340,3340,3340,3340,3340,3340,3340,3340,3340,3340,3340,3340,3340,3340,3340,3340,3340,3340,3340,3340,3340,3340,3340,3340,3340,3340,3340,3340,3340,3340,3340,3340,3340,3340,3340,3340,3340,3340,3340,3340,3340,3340,3340,3340,3340,3340,3340,
goal:3340,3340,3340,3340,3340,3340,3340,3340,3340,3340,3340,3340,3340,3340,3340,3340,3340,3340,3340,3340,3340,3340,3340,3340,3340,3340,3340,3340,3340,3340,3340,3340,3340,3340,3340,3340,3340,3340,3340,3340,3340,3340,3340,3340,3340,3340,3340,3340,3340,3340,3340,3340,3340,3340,3340,3340,3340,3340,3340,3340,3340,3340,3340,3340,3340,3340,3340,3340,3340,3340,3340,3340,3340,3340,3340,3340,3340,3340,3340,3340,3340,3340,3340,3340,3340,3340,3340,
size:13
[agent] id:17
path:3268,3161,3054,2947,2948,2949,2950,2951,2952,2953,2954,2955,2956,2957,2958,2959,2960,2961,2962,2963,2964,2965,2966,2967,2968,2969,2970,2970,2970,2970,2970,2970,2970,2970,2970,2970,2970,2970,2970,2970,2970,2970,2970,2970,2970,2970,2970,2970,2970,2970,2970,2970,2970,2970,2970,2970,2970,2970,2970,2970,2970,2970,2970,2970,2970,2970,2970,2970,2970,2970,2970,2970,2970,2970,2970,2970,2970,2970,2970,2970,2970,2970,2970,2970,2970,2970,2970,
goal:2970,2970,2970,2970,2970,2970,2970,2970,2970,2970,2970,2970,2970,2970,2970,2970,2970,2970,2970,2970,2970,2970,2970,2970,2970,2970,2970,2970,2970,2970,2970,2970,2970,2970,2970,2970,2970,2970,2970,2970,2970,2970,2970,2970,2970,2970,2970,2970,2970,2970,2970,2970,2970,2970,2970,2970,2970,2970,2970,2970,2970,2970,2970,2970,2970,2970,2970,2970,2970,2970,2970,2970,2970,2970,2970,2970,2970,2970,2970,2970,2970,2970,2970,2970,2970,2970,2970,
size:26
[agent] id:18
path:607,714,821,928,1035,1142,1249,1356,1463,1462,1569,1676,1783,1890,1997,2104,2211,2318,2425,2424,2423,2422,2421,2420,2419,2418,2417,2416,2415,2414,2413,2412,2411,2410,2409,2408,2407,2406,2405,2404,2403,2402,2401,2400,2399,2398,2397,2396,2395,2394,2393,2392,2391,2390,2389,2388,2387,2386,2385,2384,2383,2382,2381,2380,2379,2378,2377,2376,2375,2374,2373,2372,2371,2478,2477,2476,2369,2368,2367,2260,2259,2258,2257,2256,2255,2254,2253,
goal:2253,2253,2253,2253,2253,2253,2253,2253,2253,2253,2253,2253,2253,2253,2253,2253,2253,2253,2253,2253,2253,2253,2253,2253,2253,2253,2253,2253,2253,2253,2253,2253,2253,2253,2253,2253,2253,2253,2253,2253,2253,2253,2253,2253,2253,2253,2253,2253,2253,2253,2253,2253,2253,2253,2253,2253,2253,2253,2253,2253,2253,2253,2253,2253,2253,2253,2253,2253,2253,2253,2253,2253,2253,2253,2253,2253,2253,2253,2253,2253,2253,2253,2253,2253,2253,2253,2253,
size:86
[agent] id:19
path:1086,1193,1300,1301,1302,1409,1410,1411,1412,1413,1520,1627,1734,1841,1948,2055,2162,2269,2376,2483,2590,2697,2804,2911,3018,3125,3232,3339,3446,3553,3660,3767,3874,3981,4088,4195,4196,4197,4198,4199,4200,4201,4201,4201,4201,4201,4201,4201,4201,4201,4201,4201,4201,4201,4201,4201,4201,4201,4201,4201,4201,4201,4201,4201,4201,4201,4201,4201,4201,4201,4201,4201,4201,4201,4201,4201,4201,4201,4201,4201,4201,4201,4201,4201,4201,4201,4201,
goal:4201,4201,4201,4201,4201,4201,4201,4201,4201,4201,4201,4201,4201,4201,4201,4201,4201,4201,4201,4201,4201,4201,4201,4201,4201,4201,4201,4201,4201,4201,4201,4201,4201,4201,4201,4201,4201,4201,4201,4201,4201,4201,4201,4201,4201,4201,4201,4201,4201,4201,4201,4201,4201,4201,4201,4201,4201,4201,4201,4201,4201,4201,4201,4201,4201,4201,4201,4201,4201,4201,4201,4201,4201,4201,4201,4201,4201,4201,4201,4201,4201,4201,4201,4201,4201,4201,4201,
size:41
SolutionCost:832
