[setting] seed:88
[solver] type:ECBS
[solver] w:3.000000
[solver] ID:0
[solver] Lowlevelnode:5138
[solver] solved:1
[solver] elapsed:56
[solver] makespan:85
[problem] timesteplimit:10000
[problem] type:MAPF
[problem] agentnum:30
[graph] width:107
[graph] height:47
[graph] filename:./map/orz601d.map
[task] id:13,start:0,end:0,service time:0,nodes:3603,
[task] id:14,start:0,end:0,service time:0,nodes:3706,
[task] id:7,start:0,end:0,service time:0,nodes:2113,
[task] id:20,start:0,end:0,service time:0,nodes:2210,
[task] id:21,start:0,end:0,service time:0,nodes:2639,
[task] id:2,start:0,end:0,service time:0,nodes:2118,
[task] id:26,start:0,end:0,service time:0,nodes:2787,
[task] id:9,start:0,end:0,service time:0,nodes:4200,
[task] id:24,start:0,end:0,service time:0,nodes:1034,
[task] id:4,start:0,end:0,service time:0,nodes:2595,
[task] id:6,start:0,end:0,service time:0,nodes:2199,
[task] id:25,start:0,end:0,service time:0,nodes:1853,
[task] id:16,start:0,end:0,service time:0,nodes:2174,
[task] id:27,start:0,end:0,service time:0,nodes:2620,
[task] id:28,start:0,end:0,service time:0,nodes:1974,
[task] id:23,start:0,end:0,service time:0,nodes:1869,
[task] id:12,start:0,end:0,service time:0,nodes:3078,
[task] id:29,start:0,end:0,service time:0,nodes:2333,
[task] id:10,start:0,end:0,service time:0,nodes:3713,
[task] id:15,start:0,end:0,service time:0,nodes:2348,
[task] id:0,start:0,end:0,service time:0,nodes:2945,
[task] id:8,start:0,end:0,service time:0,nodes:2539,
[task] id:11,start:0,end:0,service time:0,nodes:4030,
[task] id:17,start:0,end:0,service time:0,nodes:477,
[task] id:5,start:0,end:0,service time:0,nodes:2898,
[task] id:19,start:0,end:0,service time:0,nodes:2540,
[task] id:22,start:0,end:0,service time:0,nodes:2266,
[task] id:3,start:0,end:0,service time:0,nodes:3597,
[task] id:1,start:0,end:0,service time:0,nodes:771,
[task] id:18,start:0,end:0,service time:0,nodes:711,
[agent] id:0
path:2133,2240,2347,2454,2561,2668,2667,2666,2665,2664,2663,2662,2661,2660,2767,2874,2981,2980,2979,2978,2977,2976,2975,2974,2973,2972,2971,2970,2969,2968,2967,2966,2965,2964,2963,2962,2961,2960,2959,2958,2957,2956,2955,2954,2953,2952,2951,2950,2949,2948,2947,2946,2945,2945,2945,2945,2945,2945,2945,2945,2945,2945,2945,2945,2945,2945,2945,2945,2945,2945,2945,2945,2945,2945,2945,2945,2945,2945,2945,2945,2945,2945,2945,2945,2945,2945,
goal:2945,2945,2945,2945,2945,2945,2945,2945,2945,2945,2945,2945,2945,2945,2945,2945,2945,2945,2945,2945,2945,2945,2945,2945,2945,2945,2945,2945,2945,2945,2945,2945,2945,2945,2945,2945,2945,2945,2945,2945,2945,2945,2945,2945,2945,2945,2945,2945,2945,2945,2945,2945,2945,2945,2945,2945,2945,2945,2945,2945,2945,2945,2945,2945,2945,2945,2945,2945,2945,2945,2945,2945,2945,2945,2945,2945,2945,2945,2945,2945,2945,2945,2945,2945,2945,2945,
size:52
[agent] id:1
path:2975,2868,2761,2654,2547,2440,2333,2226,2225,2224,2223,2222,2221,2220,2219,2112,2111,2110,2109,2108,2107,2106,2105,2104,2103,2102,2101,2100,2099,2098,2097,2096,2095,2094,2093,2092,2091,2090,2089,2088,2087,2086,2085,2084,2083,2082,2081,2080,1973,1972,1971,1970,1969,1968,1967,1966,1965,1964,1963,1962,1961,1960,1959,1958,1957,1956,1955,1954,1847,1846,1845,1844,1843,1842,1735,1628,1521,1414,1307,1200,1093,986,879,772,771,771,
goal:771,771,771,771,771,771,771,771,771,771,771,771,771,771,771,771,771,771,771,771,771,771,771,771,771,771,771,771,771,771,771,771,771,771,771,771,771,771,771,771,771,771,771,771,771,771,771,771,771,771,771,771,771,771,771,771,771,771,771,771,771,771,771,771,771,771,771,771,771,771,771,771,771,771,771,771,771,771,771,771,771,771,771,771,771,771,
size:84
[agent] id:2
path:1569,1676,1783,1890,1997,1998,1999,2000,2001,2002,2003,2004,2005,2006,2007,2114,2115,2116,2117,2118,2118,2118,2118,2118,2118,2118,2118,2118,2118,2118,2118,2118,2118,2118,2118,2118,2118,2118,2118,2118,2118,2118,2118,2118,2118,2118,2118,2118,2118,2118,2118,2118,2118,2118,2118,2118,2118,2118,2118,2118,2118,2118,2118,2118,2118,2118,2118,2118,2118,2118,2118,2118,2118,2118,2118,2118,2118,2118,2118,2118,2118,2118,2118,2118,2118,2118,
goal:2118,2118,2118,2118,2118,2118,2118,2118,2118,2118,2118,2118,2118,2118,2118,2118,2118,2118,2118,2118,2118,2118,2118,2118,2118,2118,2118,2118,2118,2118,2118,2118,2118,2118,2118,2118,2118,2118,2118,2118,2118,2118,2118,2118,2118,2118,2118,2118,2118,2118,2118,2118,2118,2118,2118,2118,2118,2118,2118,2118,2118,2118,2118,2118,2118,2118,2118,2118,2118,2118,2118,2118,2118,2118,2118,2118,2118,2118,2118,2118,2118,2118,2118,2118,2118,2118,
size:19
[agent] id:3
path:778,885,992,1099,1206,1313,1312,1419,1418,1417,1416,1415,1414,1521,1628,1735,1842,1949,2056,2163,2270,2377,2484,2591,2698,2805,2912,3019,3020,3021,3022,3023,3024,3025,3026,3027,3028,3029,3030,3031,3032,3033,3034,3035,3036,3037,3038,3039,3040,3041,3042,3043,3044,3045,3046,3047,3048,3049,3050,3051,3052,3053,3054,3055,3056,3057,3058,3059,3060,3061,3062,3169,3170,3171,3172,3173,3280,3387,3494,3601,3600,3599,3598,3597,3597,3597,
goal:3597,3597,3597,3597,3597,3597,3597,3597,3597,3597,3597,3597,3597,3597,3597,3597,3597,3597,3597,3597,3597,3597,3597,3597,3597,3597,3597,3597,3597,3597,3597,3597,3597,3597,3597,3597,3597,3597,3597,3597,3597,3597,3597,3597,3597,3597,3597,3597,3597,3597,3597,3597,3597,3597,3597,3597,3597,3597,3597,3597,3597,3597,3597,3597,3597,3597,3597,3597,3597,3597,3597,3597,3597,3597,3597,3597,3597,3597,3597,3597,3597,3597,3597,3597,3597,3597,
size:83
[agent] id:4
path:874,981,1088,1195,1302,1409,1410,1411,1412,1413,1520,1627,1734,1841,1948,2055,2162,2269,2376,2483,2590,2591,2592,2593,2594,2595,2595,2595,2595,2595,2595,2595,2595,2595,2595,2595,2595,2595,2595,2595,2595,2595,2595,2595,2595,2595,2595,2595,2595,2595,2595,2595,2595,2595,2595,2595,2595,2595,2595,2595,2595,2595,2595,2595,2595,2595,2595,2595,2595,2595,2595,2595,2595,2595,2595,2595,2595,2595,2595,2595,2595,2595,2595,2595,2595,2595,
goal:2595,2595,2595,2595,2595,2595,2595,2595,2595,2595,2595,2595,2595,2595,2595,2595,2595,2595,2595,2595,2595,2595,2595,2595,2595,2595,2595,2595,2595,2595,2595,2595,2595,2595,2595,2595,2595,2595,2595,2595,2595,2595,2595,2595,2595,2595,2595,2595,2595,2595,2595,2595,2595,2595,2595,2595,2595,2595,2595,2595,2595,2595,2595,2595,2595,2595,2595,2595,2595,2595,2595,2595,2595,2595,2595,2595,2595,2595,2595,2595,2595,2595,2595,2595,2595,2595,
size:25
[agent] id:5
path:1458,1459,1460,1461,1568,1675,1782,1889,1996,2103,2210,2317,2424,2531,2530,2529,2528,2527,2526,2525,2524,2523,2522,2521,2520,2519,2518,2517,2516,2515,2514,2513,2512,2511,2510,2509,2508,2507,2506,2505,2504,2503,2502,2501,2500,2499,2498,2497,2496,2495,2494,2493,2492,2491,2490,2489,2488,2487,2486,2485,2484,2483,2482,2481,2480,2479,2478,2477,2476,2475,2474,2581,2688,2795,2902,2901,2900,2899,2898,2898,2898,2898,2898,2898,2898,2898,
goal:2898,2898,2898,2898,2898,2898,2898,2898,2898,2898,2898,2898,2898,2898,2898,2898,2898,2898,2898,2898,2898,2898,2898,2898,2898,2898,2898,2898,2898,2898,2898,2898,2898,2898,2898,2898,2898,2898,2898,2898,2898,2898,2898,2898,2898,2898,2898,2898,2898,2898,2898,2898,2898,2898,2898,2898,2898,2898,2898,2898,2898,2898,2898,2898,2898,2898,2898,2898,2898,2898,2898,2898,2898,2898,2898,2898,2898,2898,2898,2898,2898,2898,2898,2898,2898,2898,
size:78
[agent] id:6
path:1012,1119,1226,1333,1440,1439,1438,1545,1652,1759,1866,1973,2080,2081,2082,2189,2190,2191,2192,2193,2194,2195,2196,2197,2198,2199,2199,2199,2199,2199,2199,2199,2199,2199,2199,2199,2199,2199,2199,2199,2199,2199,2199,2199,2199,2199,2199,2199,2199,2199,2199,2199,2199,2199,2199,2199,2199,2199,2199,2199,2199,2199,2199,2199,2199,2199,2199,2199,2199,2199,2199,2199,2199,2199,2199,2199,2199,2199,2199,2199,2199,2199,2199,2199,2199,2199,
goal:2199,2199,2199,2199,2199,2199,2199,2199,2199,2199,2199,2199,2199,2199,2199,2199,2199,2199,2199,2199,2199,2199,2199,2199,2199,2199,2199,2199,2199,2199,2199,2199,2199,2199,2199,2199,2199,2199,2199,2199,2199,2199,2199,2199,2199,2199,2199,2199,2199,2199,2199,2199,2199,2199,2199,2199,2199,2199,2199,2199,2199,2199,2199,2199,2199,2199,2199,2199,2199,2199,2199,2199,2199,2199,2199,2199,2199,2199,2199,2199,2199,2199,2199,2199,2199,2199,
size:25
[agent] id:7
path:2551,2444,2337,2230,2123,2122,2121,2120,2119,2118,2117,2116,2115,2114,2113,2113,2113,2113,2113,2113,2113,2113,2113,2113,2113,2113,2113,2113,2113,2113,2113,2113,2113,2113,2113,2113,2113,2113,2113,2113,2113,2113,2113,2113,2113,2113,2113,2113,2113,2113,2113,2113,2113,2113,2113,2113,2113,2113,2113,2113,2113,2113,2113,2113,2113,2113,2113,2113,2113,2113,2113,2113,2113,2113,2113,2113,2113,2113,2113,2113,2113,2113,2113,2113,2113,2113,
goal:2113,2113,2113,2113,2113,2113,2113,2113,2113,2113,2113,2113,2113,2113,2113,2113,2113,2113,2113,2113,2113,2113,2113,2113,2113,2113,2113,2113,2113,2113,2113,2113,2113,2113,2113,2113,2113,2113,2113,2113,2113,2113,2113,2113,2113,2113,2113,2113,2113,2113,2113,2113,2113,2113,2113,2113,2113,2113,2113,2113,2113,2113,2113,2113,2113,2113,2113,2113,2113,2113,2113,2113,2113,2113,2113,2113,2113,2113,2113,2113,2113,2113,2113,2113,2113,2113,
size:14
[agent] id:8
path:2914,2807,2700,2701,2702,2703,2704,2705,2706,2707,2708,2709,2710,2711,2712,2713,2714,2715,2716,2717,2718,2719,2720,2721,2722,2723,2724,2725,2726,2727,2728,2621,2514,2515,2516,2517,2518,2519,2520,2521,2522,2523,2524,2525,2526,2527,2528,2529,2530,2531,2532,2533,2534,2535,2536,2537,2538,2539,2539,2539,2539,2539,2539,2539,2539,2539,2539,2539,2539,2539,2539,2539,2539,2539,2539,2539,2539,2539,2539,2539,2539,2539,2539,2539,2539,2539,
goal:2539,2539,2539,2539,2539,2539,2539,2539,2539,2539,2539,2539,2539,2539,2539,2539,2539,2539,2539,2539,2539,2539,2539,2539,2539,2539,2539,2539,2539,2539,2539,2539,2539,2539,2539,2539,2539,2539,2539,2539,2539,2539,2539,2539,2539,2539,2539,2539,2539,2539,2539,2539,2539,2539,2539,2539,2539,2539,2539,2539,2539,2539,2539,2539,2539,2539,2539,2539,2539,2539,2539,2539,2539,2539,2539,2539,2539,2539,2539,2539,2539,2539,2539,2539,2539,2539,
size:57
[agent] id:9
path:2270,2377,2484,2591,2698,2805,2912,3019,3126,3233,3340,3447,3554,3661,3768,3875,3982,4089,4196,4197,4198,4199,4200,4200,4200,4200,4200,4200,4200,4200,4200,4200,4200,4200,4200,4200,4200,4200,4200,4200,4200,4200,4200,4200,4200,4200,4200,4200,4200,4200,4200,4200,4200,4200,4200,4200,4200,4200,4200,4200,4200,4200,4200,4200,4200,4200,4200,4200,4200,4200,4200,4200,4200,4200,4200,4200,4200,4200,4200,4200,4200,4200,4200,4200,4200,4200,
goal:4200,4200,4200,4200,4200,4200,4200,4200,4200,4200,4200,4200,4200,4200,4200,4200,4200,4200,4200,4200,4200,4200,4200,4200,4200,4200,4200,4200,4200,4200,4200,4200,4200,4200,4200,4200,4200,4200,4200,4200,4200,4200,4200,4200,4200,4200,4200,4200,4200,4200,4200,4200,4200,4200,4200,4200,4200,4200,4200,4200,4200,4200,4200,4200,4200,4200,4200,4200,4200,4200,4200,4200,4200,4200,4200,4200,4200,4200,4200,4200,4200,4200,4200,4200,4200,4200,
size:22
[agent] id:10
path:2777,2776,2775,2774,2773,2772,2665,2664,2663,2662,2661,2660,2767,2874,2981,3088,3087,3086,3085,3084,3083,3082,3081,3080,3079,3078,3077,3076,3075,3074,3073,3072,3179,3178,3177,3176,3175,3174,3281,3388,3495,3602,3709,3710,3711,3712,3713,3713,3713,3713,3713,3713,3713,3713,3713,3713,3713,3713,3713,3713,3713,3713,3713,3713,3713,3713,3713,3713,3713,3713,3713,3713,3713,3713,3713,3713,3713,3713,3713,3713,3713,3713,3713,3713,3713,3713,
goal:3713,3713,3713,3713,3713,3713,3713,3713,3713,3713,3713,3713,3713,3713,3713,3713,3713,3713,3713,3713,3713,3713,3713,3713,3713,3713,3713,3713,3713,3713,3713,3713,3713,3713,3713,3713,3713,3713,3713,3713,3713,3713,3713,3713,3713,3713,3713,3713,3713,3713,3713,3713,3713,3713,3713,3713,3713,3713,3713,3713,3713,3713,3713,3713,3713,3713,3713,3713,3713,3713,3713,3713,3713,3713,3713,3713,3713,3713,3713,3713,3713,3713,3713,3713,3713,3713,
size:46
[agent] id:11
path:1231,1338,1337,1336,1443,1442,1441,1440,1439,1438,1545,1652,1759,1866,1973,2080,2187,2294,2401,2508,2615,2722,2829,2936,3043,3044,3045,3046,3047,3048,3049,3050,3051,3052,3053,3054,3055,3056,3057,3058,3059,3060,3061,3062,3169,3170,3171,3172,3173,3280,3387,3494,3601,3708,3815,3922,4029,4030,4030,4030,4030,4030,4030,4030,4030,4030,4030,4030,4030,4030,4030,4030,4030,4030,4030,4030,4030,4030,4030,4030,4030,4030,4030,4030,4030,4030,
goal:4030,4030,4030,4030,4030,4030,4030,4030,4030,4030,4030,4030,4030,4030,4030,4030,4030,4030,4030,4030,4030,4030,4030,4030,4030,4030,4030,4030,4030,4030,4030,4030,4030,4030,4030,4030,4030,4030,4030,4030,4030,4030,4030,4030,4030,4030,4030,4030,4030,4030,4030,4030,4030,4030,4030,4030,4030,4030,4030,4030,4030,4030,4030,4030,4030,4030,4030,4030,4030,4030,4030,4030,4030,4030,4030,4030,4030,4030,4030,4030,4030,4030,4030,4030,4030,4030,
size:57
[agent] id:12
path:394,501,608,715,822,929,1036,1143,1250,1357,1464,1463,1462,1569,1676,1783,1782,1889,1996,2103,2104,2211,2318,2425,2532,2533,2640,2747,2854,2961,3068,3069,3070,3071,3072,3073,3074,3075,3076,3077,3078,3078,3078,3078,3078,3078,3078,3078,3078,3078,3078,3078,3078,3078,3078,3078,3078,3078,3078,3078,3078,3078,3078,3078,3078,3078,3078,3078,3078,3078,3078,3078,3078,3078,3078,3078,3078,3078,3078,3078,3078,3078,3078,3078,3078,3078,
goal:3078,3078,3078,3078,3078,3078,3078,3078,3078,3078,3078,3078,3078,3078,3078,3078,3078,3078,3078,3078,3078,3078,3078,3078,3078,3078,3078,3078,3078,3078,3078,3078,3078,3078,3078,3078,3078,3078,3078,3078,3078,3078,3078,3078,3078,3078,3078,3078,3078,3078,3078,3078,3078,3078,3078,3078,3078,3078,3078,3078,3078,3078,3078,3078,3078,3078,3078,3078,3078,3078,3078,3078,3078,3078,3078,3078,3078,3078,3078,3078,3078,3078,3078,3078,3078,3078,
size:40
[agent] id:13
path:3816,3709,3602,3603,3603,3603,3603,3603,3603,3603,3603,3603,3603,3603,3603,3603,3603,3603,3603,3603,3603,3603,3603,3603,3603,3603,3603,3603,3603,3603,3603,3603,3603,3603,3603,3603,3603,3603,3603,3603,3603,3603,3603,3603,3603,3603,3603,3603,3603,3603,3603,3603,3603,3603,3603,3603,3603,3603,3603,3603,3603,3603,3603,3603,3603,3603,3603,3603,3603,3603,3603,3603,3603,3603,3603,3603,3603,3603,3603,3603,3603,3603,3603,3603,3603,3603,
goal:3603,3603,3603,3603,3603,3603,3603,3603,3603,3603,3603,3603,3603,3603,3603,3603,3603,3603,3603,3603,3603,3603,3603,3603,3603,3603,3603,3603,3603,3603,3603,3603,3603,3603,3603,3603,3603,3603,3603,3603,3603,3603,3603,3603,3603,3603,3603,3603,3603,3603,3603,3603,3603,3603,3603,3603,3603,3603,3603,3603,3603,3603,3603,3603,3603,3603,3603,3603,3603,3603,3603,3603,3603,3603,3603,3603,3603,3603,3603,3603,3603,3603,3603,3603,3603,3603,
size:3
[agent] id:14
path:4454,4347,4240,4133,4026,3919,3812,3705,3706,3706,3706,3706,3706,3706,3706,3706,3706,3706,3706,3706,3706,3706,3706,3706,3706,3706,3706,3706,3706,3706,3706,3706,3706,3706,3706,3706,3706,3706,3706,3706,3706,3706,3706,3706,3706,3706,3706,3706,3706,3706,3706,3706,3706,3706,3706,3706,3706,3706,3706,3706,3706,3706,3706,3706,3706,3706,3706,3706,3706,3706,3706,3706,3706,3706,3706,3706,3706,3706,3706,3706,3706,3706,3706,3706,3706,3706,
goal:3706,3706,3706,3706,3706,3706,3706,3706,3706,3706,3706,3706,3706,3706,3706,3706,3706,3706,3706,3706,3706,3706,3706,3706,3706,3706,3706,3706,3706,3706,3706,3706,3706,3706,3706,3706,3706,3706,3706,3706,3706,3706,3706,3706,3706,3706,3706,3706,3706,3706,3706,3706,3706,3706,3706,3706,3706,3706,3706,3706,3706,3706,3706,3706,3706,3706,3706,3706,3706,3706,3706,3706,3706,3706,3706,3706,3706,3706,3706,3706,3706,3706,3706,3706,3706,3706,
size:8
[agent] id:15
path:3055,2948,2841,2734,2627,2520,2413,2414,2415,2416,2417,2418,2419,2420,2421,2422,2423,2424,2425,2426,2427,2428,2429,2430,2431,2432,2433,2434,2435,2436,2437,2438,2439,2440,2441,2442,2443,2444,2445,2446,2447,2448,2449,2450,2451,2344,2345,2346,2347,2348,2348,2348,2348,2348,2348,2348,2348,2348,2348,2348,2348,2348,2348,2348,2348,2348,2348,2348,2348,2348,2348,2348,2348,2348,2348,2348,2348,2348,2348,2348,2348,2348,2348,2348,2348,2348,
goal:2348,2348,2348,2348,2348,2348,2348,2348,2348,2348,2348,2348,2348,2348,2348,2348,2348,2348,2348,2348,2348,2348,2348,2348,2348,2348,2348,2348,2348,2348,2348,2348,2348,2348,2348,2348,2348,2348,2348,2348,2348,2348,2348,2348,2348,2348,2348,2348,2348,2348,2348,2348,2348,2348,2348,2348,2348,2348,2348,2348,2348,2348,2348,2348,2348,2348,2348,2348,2348,2348,2348,2348,2348,2348,2348,2348,2348,2348,2348,2348,2348,2348,2348,2348,2348,2348,
size:49
[agent] id:16
path:2094,2201,2200,2199,2198,2197,2196,2195,2194,2193,2192,2191,2190,2189,2188,2187,2186,2185,2184,2183,2182,2181,2180,2179,2178,2177,2176,2175,2174,2174,2174,2174,2174,2174,2174,2174,2174,2174,2174,2174,2174,2174,2174,2174,2174,2174,2174,2174,2174,2174,2174,2174,2174,2174,2174,2174,2174,2174,2174,2174,2174,2174,2174,2174,2174,2174,2174,2174,2174,2174,2174,2174,2174,2174,2174,2174,2174,2174,2174,2174,2174,2174,2174,2174,2174,2174,
goal:2174,2174,2174,2174,2174,2174,2174,2174,2174,2174,2174,2174,2174,2174,2174,2174,2174,2174,2174,2174,2174,2174,2174,2174,2174,2174,2174,2174,2174,2174,2174,2174,2174,2174,2174,2174,2174,2174,2174,2174,2174,2174,2174,2174,2174,2174,2174,2174,2174,2174,2174,2174,2174,2174,2174,2174,2174,2174,2174,2174,2174,2174,2174,2174,2174,2174,2174,2174,2174,2174,2174,2174,2174,2174,2174,2174,2174,2174,2174,2174,2174,2174,2174,2174,2174,2174,
size:28
[agent] id:17
path:2470,2363,2364,2365,2366,2367,2368,2369,2370,2371,2264,2157,2050,1943,1944,1945,1946,1947,1948,1949,1950,1951,1952,1953,1954,1955,1956,1957,1958,1959,1960,1961,1962,1963,1964,1965,1966,1967,1860,1861,1862,1863,1864,1865,1758,1651,1544,1437,1330,1223,1116,1009,902,795,688,581,474,475,476,477,477,477,477,477,477,477,477,477,477,477,477,477,477,477,477,477,477,477,477,477,477,477,477,477,477,477,
goal:477,477,477,477,477,477,477,477,477,477,477,477,477,477,477,477,477,477,477,477,477,477,477,477,477,477,477,477,477,477,477,477,477,477,477,477,477,477,477,477,477,477,477,477,477,477,477,477,477,477,477,477,477,477,477,477,477,477,477,477,477,477,477,477,477,477,477,477,477,477,477,477,477,477,477,477,477,477,477,477,477,477,477,477,477,477,
size:59
[agent] id:18
path:3880,3773,3772,3771,3770,3769,3768,3661,3554,3447,3446,3339,3232,3125,3018,2911,2804,2697,2590,2591,2484,2485,2378,2271,2164,2057,2058,2059,2060,2061,2062,2063,2064,2065,2066,2067,2068,2069,2070,2071,2072,2073,2074,2075,2076,2077,2078,2079,2080,2081,2082,1975,1976,1977,1978,1979,1980,1981,1982,1983,1984,1985,1986,1987,1988,1989,1990,1991,1884,1885,1886,1887,1888,1889,1782,1675,1568,1461,1354,1247,1140,1033,926,819,712,711,
goal:711,711,711,711,711,711,711,711,711,711,711,711,711,711,711,711,711,711,711,711,711,711,711,711,711,711,711,711,711,711,711,711,711,711,711,711,711,711,711,711,711,711,711,711,711,711,711,711,711,711,711,711,711,711,711,711,711,711,711,711,711,711,711,711,711,711,711,711,711,711,711,711,711,711,711,711,711,711,711,711,711,711,711,711,711,711,
size:85
[agent] id:19
path:4413,4306,4199,4092,3985,3878,3771,3770,3769,3768,3661,3554,3553,3446,3339,3232,3125,3018,2911,2804,2697,2698,2699,2700,2701,2702,2703,2704,2705,2706,2707,2708,2709,2710,2711,2712,2713,2714,2715,2716,2717,2718,2719,2720,2721,2722,2723,2724,2725,2726,2727,2728,2729,2730,2731,2732,2733,2734,2735,2736,2737,2738,2739,2740,2741,2742,2743,2744,2745,2746,2747,2640,2641,2642,2643,2644,2645,2646,2647,2540,2540,2540,2540,2540,2540,2540,
goal:2540,2540,2540,2540,2540,2540,2540,2540,2540,2540,2540,2540,2540,2540,2540,2540,2540,2540,2540,2540,2540,2540,2540,2540,2540,2540,2540,2540,2540,2540,2540,2540,2540,2540,2540,2540,2540,2540,2540,2540,2540,2540,2540,2540,2540,2540,2540,2540,2540,2540,2540,2540,2540,2540,2540,2540,2540,2540,2540,2540,2540,2540,2540,2540,2540,2540,2540,2540,2540,2540,2540,2540,2540,2540,2540,2540,2540,2540,2540,2540,2540,2540,2540,2540,2540,2540,
size:79
[agent] id:20
path:3179,3072,2965,2858,2751,2644,2537,2430,2323,2216,2215,2214,2213,2212,2211,2210,2210,2210,2210,2210,2210,2210,2210,2210,2210,2210,2210,2210,2210,2210,2210,2210,2210,2210,2210,2210,2210,2210,2210,2210,2210,2210,2210,2210,2210,2210,2210,2210,2210,2210,2210,2210,2210,2210,2210,2210,2210,2210,2210,2210,2210,2210,2210,2210,2210,2210,2210,2210,2210,2210,2210,2210,2210,2210,2210,2210,2210,2210,2210,2210,2210,2210,2210,2210,2210,2210,
goal:2210,2210,2210,2210,2210,2210,2210,2210,2210,2210,2210,2210,2210,2210,2210,2210,2210,2210,2210,2210,2210,2210,2210,2210,2210,2210,2210,2210,2210,2210,2210,2210,2210,2210,2210,2210,2210,2210,2210,2210,2210,2210,2210,2210,2210,2210,2210,2210,2210,2210,2210,2210,2210,2210,2210,2210,2210,2210,2210,2210,2210,2210,2210,2210,2210,2210,2210,2210,2210,2210,2210,2210,2210,2210,2210,2210,2210,2210,2210,2210,2210,2210,2210,2210,2210,2210,
size:15
[agent] id:21
path:4243,4136,4029,3922,3815,3708,3601,3494,3387,3280,3173,3066,2959,2852,2745,2638,2639,2639,2639,2639,2639,2639,2639,2639,2639,2639,2639,2639,2639,2639,2639,2639,2639,2639,2639,2639,2639,2639,2639,2639,2639,2639,2639,2639,2639,2639,2639,2639,2639,2639,2639,2639,2639,2639,2639,2639,2639,2639,2639,2639,2639,2639,2639,2639,2639,2639,2639,2639,2639,2639,2639,2639,2639,2639,2639,2639,2639,2639,2639,2639,2639,2639,2639,2639,2639,2639,
goal:2639,2639,2639,2639,2639,2639,2639,2639,2639,2639,2639,2639,2639,2639,2639,2639,2639,2639,2639,2639,2639,2639,2639,2639,2639,2639,2639,2639,2639,2639,2639,2639,2639,2639,2639,2639,2639,2639,2639,2639,2639,2639,2639,2639,2639,2639,2639,2639,2639,2639,2639,2639,2639,2639,2639,2639,2639,2639,2639,2639,2639,2639,2639,2639,2639,2639,2639,2639,2639,2639,2639,2639,2639,2639,2639,2639,2639,2639,2639,2639,2639,2639,2639,2639,2639,2639,
size:16
[agent] id:22
path:3195,3088,2981,2874,2767,2660,2553,2446,2339,2338,2337,2336,2335,2334,2333,2332,2331,2330,2329,2328,2327,2326,2325,2324,2323,2322,2321,2320,2319,2318,2317,2316,2315,2314,2313,2312,2311,2310,2309,2308,2307,2306,2305,2304,2303,2302,2301,2300,2299,2298,2297,2296,2295,2294,2293,2292,2291,2290,2289,2288,2287,2286,2285,2284,2283,2282,2281,2280,2279,2278,2277,2276,2275,2274,2273,2272,2271,2270,2269,2268,2267,2266,2266,2266,2266,2266,
goal:2266,2266,2266,2266,2266,2266,2266,2266,2266,2266,2266,2266,2266,2266,2266,2266,2266,2266,2266,2266,2266,2266,2266,2266,2266,2266,2266,2266,2266,2266,2266,2266,2266,2266,2266,2266,2266,2266,2266,2266,2266,2266,2266,2266,2266,2266,2266,2266,2266,2266,2266,2266,2266,2266,2266,2266,2266,2266,2266,2266,2266,2266,2266,2266,2266,2266,2266,2266,2266,2266,2266,2266,2266,2266,2266,2266,2266,2266,2266,2266,2266,2266,2266,2266,2266,2266,
size:81
[agent] id:23
path:716,823,930,1037,1144,1251,1358,1465,1464,1463,1462,1569,1676,1783,1890,1889,1888,1887,1886,1885,1884,1991,1990,1989,1988,1987,1986,1985,1984,1983,1982,1981,1980,1979,1978,1871,1870,1869,1869,1869,1869,1869,1869,1869,1869,1869,1869,1869,1869,1869,1869,1869,1869,1869,1869,1869,1869,1869,1869,1869,1869,1869,1869,1869,1869,1869,1869,1869,1869,1869,1869,1869,1869,1869,1869,1869,1869,1869,1869,1869,1869,1869,1869,1869,1869,1869,
goal:1869,1869,1869,1869,1869,1869,1869,1869,1869,1869,1869,1869,1869,1869,1869,1869,1869,1869,1869,1869,1869,1869,1869,1869,1869,1869,1869,1869,1869,1869,1869,1869,1869,1869,1869,1869,1869,1869,1869,1869,1869,1869,1869,1869,1869,1869,1869,1869,1869,1869,1869,1869,1869,1869,1869,1869,1869,1869,1869,1869,1869,1869,1869,1869,1869,1869,1869,1869,1869,1869,1869,1869,1869,1869,1869,1869,1869,1869,1869,1869,1869,1869,1869,1869,1869,1869,
size:37
[agent] id:24
path:3602,3495,3388,3281,3174,3067,2960,2853,2746,2639,2532,2425,2318,2211,2104,1997,1890,1783,1676,1569,1462,1355,1248,1141,1034,1034,1034,1034,1034,1034,1034,1034,1034,1034,1034,1034,1034,1034,1034,1034,1034,1034,1034,1034,1034,1034,1034,1034,1034,1034,1034,1034,1034,1034,1034,1034,1034,1034,1034,1034,1034,1034,1034,1034,1034,1034,1034,1034,1034,1034,1034,1034,1034,1034,1034,1034,1034,1034,1034,1034,1034,1034,1034,1034,1034,1034,
goal:1034,1034,1034,1034,1034,1034,1034,1034,1034,1034,1034,1034,1034,1034,1034,1034,1034,1034,1034,1034,1034,1034,1034,1034,1034,1034,1034,1034,1034,1034,1034,1034,1034,1034,1034,1034,1034,1034,1034,1034,1034,1034,1034,1034,1034,1034,1034,1034,1034,1034,1034,1034,1034,1034,1034,1034,1034,1034,1034,1034,1034,1034,1034,1034,1034,1034,1034,1034,1034,1034,1034,1034,1034,1034,1034,1034,1034,1034,1034,1034,1034,1034,1034,1034,1034,1034,
size:24
[agent] id:25
path:2476,2369,2370,2371,2264,2157,2050,1943,1944,1945,1946,1947,1948,1949,1950,1951,1952,1953,1954,1955,1956,1957,1958,1959,1852,1853,1853,1853,1853,1853,1853,1853,1853,1853,1853,1853,1853,1853,1853,1853,1853,1853,1853,1853,1853,1853,1853,1853,1853,1853,1853,1853,1853,1853,1853,1853,1853,1853,1853,1853,1853,1853,1853,1853,1853,1853,1853,1853,1853,1853,1853,1853,1853,1853,1853,1853,1853,1853,1853,1853,1853,1853,1853,1853,1853,1853,
goal:1853,1853,1853,1853,1853,1853,1853,1853,1853,1853,1853,1853,1853,1853,1853,1853,1853,1853,1853,1853,1853,1853,1853,1853,1853,1853,1853,1853,1853,1853,1853,1853,1853,1853,1853,1853,1853,1853,1853,1853,1853,1853,1853,1853,1853,1853,1853,1853,1853,1853,1853,1853,1853,1853,1853,1853,1853,1853,1853,1853,1853,1853,1853,1853,1853,1853,1853,1853,1853,1853,1853,1853,1853,1853,1853,1853,1853,1853,1853,1853,1853,1853,1853,1853,1853,1853,
size:25
[agent] id:26
path:2696,2695,2694,2693,2692,2585,2478,2477,2476,2475,2474,2581,2688,2795,2794,2793,2792,2791,2790,2789,2788,2787,2787,2787,2787,2787,2787,2787,2787,2787,2787,2787,2787,2787,2787,2787,2787,2787,2787,2787,2787,2787,2787,2787,2787,2787,2787,2787,2787,2787,2787,2787,2787,2787,2787,2787,2787,2787,2787,2787,2787,2787,2787,2787,2787,2787,2787,2787,2787,2787,2787,2787,2787,2787,2787,2787,2787,2787,2787,2787,2787,2787,2787,2787,2787,2787,
goal:2787,2787,2787,2787,2787,2787,2787,2787,2787,2787,2787,2787,2787,2787,2787,2787,2787,2787,2787,2787,2787,2787,2787,2787,2787,2787,2787,2787,2787,2787,2787,2787,2787,2787,2787,2787,2787,2787,2787,2787,2787,2787,2787,2787,2787,2787,2787,2787,2787,2787,2787,2787,2787,2787,2787,2787,2787,2787,2787,2787,2787,2787,2787,2787,2787,2787,2787,2787,2787,2787,2787,2787,2787,2787,2787,2787,2787,2787,2787,2787,2787,2787,2787,2787,2787,2787,
size:21
[agent] id:27
path:586,693,800,907,1014,1121,1228,1335,1442,1441,1440,1439,1438,1545,1652,1759,1866,1973,2080,2187,2294,2401,2508,2615,2616,2617,2618,2619,2620,2620,2620,2620,2620,2620,2620,2620,2620,2620,2620,2620,2620,2620,2620,2620,2620,2620,2620,2620,2620,2620,2620,2620,2620,2620,2620,2620,2620,2620,2620,2620,2620,2620,2620,2620,2620,2620,2620,2620,2620,2620,2620,2620,2620,2620,2620,2620,2620,2620,2620,2620,2620,2620,2620,2620,2620,2620,
goal:2620,2620,2620,2620,2620,2620,2620,2620,2620,2620,2620,2620,2620,2620,2620,2620,2620,2620,2620,2620,2620,2620,2620,2620,2620,2620,2620,2620,2620,2620,2620,2620,2620,2620,2620,2620,2620,2620,2620,2620,2620,2620,2620,2620,2620,2620,2620,2620,2620,2620,2620,2620,2620,2620,2620,2620,2620,2620,2620,2620,2620,2620,2620,2620,2620,2620,2620,2620,2620,2620,2620,2620,2620,2620,2620,2620,2620,2620,2620,2620,2620,2620,2620,2620,2620,2620,
size:28
[agent] id:28
path:1141,1248,1355,1462,1569,1676,1783,1890,1997,1996,1995,1994,1993,1992,1991,1990,1989,1988,1987,1986,1985,1984,1983,1982,1981,1980,1979,1978,1977,1976,1975,1974,1974,1974,1974,1974,1974,1974,1974,1974,1974,1974,1974,1974,1974,1974,1974,1974,1974,1974,1974,1974,1974,1974,1974,1974,1974,1974,1974,1974,1974,1974,1974,1974,1974,1974,1974,1974,1974,1974,1974,1974,1974,1974,1974,1974,1974,1974,1974,1974,1974,1974,1974,1974,1974,1974,
goal:1974,1974,1974,1974,1974,1974,1974,1974,1974,1974,1974,1974,1974,1974,1974,1974,1974,1974,1974,1974,1974,1974,1974,1974,1974,1974,1974,1974,1974,1974,1974,1974,1974,1974,1974,1974,1974,1974,1974,1974,1974,1974,1974,1974,1974,1974,1974,1974,1974,1974,1974,1974,1974,1974,1974,1974,1974,1974,1974,1974,1974,1974,1974,1974,1974,1974,1974,1974,1974,1974,1974,1974,1974,1974,1974,1974,1974,1974,1974,1974,1974,1974,1974,1974,1974,1974,
size:31
[agent] id:29
path:2399,2400,2401,2402,2403,2404,2405,2406,2407,2408,2409,2410,2411,2412,2413,2414,2415,2416,2417,2418,2419,2420,2421,2422,2423,2424,2425,2426,2427,2320,2321,2322,2323,2324,2325,2326,2327,2328,2329,2330,2331,2332,2333,2333,2333,2333,2333,2333,2333,2333,2333,2333,2333,2333,2333,2333,2333,2333,2333,2333,2333,2333,2333,2333,2333,2333,2333,2333,2333,2333,2333,2333,2333,2333,2333,2333,2333,2333,2333,2333,2333,2333,2333,2333,2333,2333,
goal:2333,2333,2333,2333,2333,2333,2333,2333,2333,2333,2333,2333,2333,2333,2333,2333,2333,2333,2333,2333,2333,2333,2333,2333,2333,2333,2333,2333,2333,2333,2333,2333,2333,2333,2333,2333,2333,2333,2333,2333,2333,2333,2333,2333,2333,2333,2333,2333,2333,2333,2333,2333,2333,2333,2333,2333,2333,2333,2333,2333,2333,2333,2333,2333,2333,2333,2333,2333,2333,2333,2333,2333,2333,2333,2333,2333,2333,2333,2333,2333,2333,2333,2333,2333,2333,2333,
size:42
SolutionCost:1233
