[setting] seed:6
[solver] type:ECBS
[solver] w:3.000000
[solver] ID:0
[solver] Lowlevelnode:0
[solver] solved:1
[solver] elapsed:0
[solver] makespan:87
[problem] timesteplimit:10000
[problem] type:MAPF
[problem] agentnum:10
[graph] width:107
[graph] height:47
[graph] filename:./map/orz601d.map
[task] id:0,start:0,end:0,service time:0,nodes:2726,
[task] id:9,start:0,end:0,service time:0,nodes:881,
[task] id:4,start:0,end:0,service time:0,nodes:1877,
[task] id:5,start:0,end:0,service time:0,nodes:3761,
[task] id:7,start:0,end:0,service time:0,nodes:921,
[task] id:2,start:0,end:0,service time:0,nodes:800,
[task] id:6,start:0,end:0,service time:0,nodes:2387,
[task] id:8,start:0,end:0,service time:0,nodes:3986,
[task] id:1,start:0,end:0,service time:0,nodes:450,
[task] id:3,start:0,end:0,service time:0,nodes:2548,
[agent] id:0
path:2815,2708,2709,2710,2711,2712,2713,2714,2715,2716,2717,2718,2719,2720,2721,2722,2723,2724,2725,2726,2726,2726,2726,2726,2726,2726,2726,2726,2726,2726,2726,2726,2726,2726,2726,2726,2726,2726,2726,2726,2726,2726,2726,2726,2726,2726,2726,2726,2726,2726,2726,2726,2726,2726,2726,2726,2726,2726,2726,2726,2726,2726,2726,2726,2726,2726,2726,2726,2726,2726,2726,2726,2726,2726,2726,2726,2726,2726,2726,2726,2726,2726,2726,2726,2726,2726,2726,2726,
goal:2726,2726,2726,2726,2726,2726,2726,2726,2726,2726,2726,2726,2726,2726,2726,2726,2726,2726,2726,2726,2726,2726,2726,2726,2726,2726,2726,2726,2726,2726,2726,2726,2726,2726,2726,2726,2726,2726,2726,2726,2726,2726,2726,2726,2726,2726,2726,2726,2726,2726,2726,2726,2726,2726,2726,2726,2726,2726,2726,2726,2726,2726,2726,2726,2726,2726,2726,2726,2726,2726,2726,2726,2726,2726,2726,2726,2726,2726,2726,2726,2726,2726,2726,2726,2726,2726,2726,2726,
size:19
[agent] id:1
path:3920,3813,3706,3599,3600,3601,3494,3387,3280,3173,3066,2959,2852,2745,2638,2531,2424,2317,2210,2103,1996,1995,1994,1993,1992,1991,1990,1989,1988,1987,1986,1985,1984,1983,1982,1981,1980,1979,1978,1977,1976,1975,1974,1973,1972,1971,1970,1969,1968,1967,1966,1965,1964,1963,1962,1961,1960,1959,1958,1957,1956,1955,1954,1847,1846,1845,1844,1843,1842,1735,1628,1521,1414,1307,1200,1093,986,879,772,665,558,451,450,450,450,450,450,450,
goal:450,450,450,450,450,450,450,450,450,450,450,450,450,450,450,450,450,450,450,450,450,450,450,450,450,450,450,450,450,450,450,450,450,450,450,450,450,450,450,450,450,450,450,450,450,450,450,450,450,450,450,450,450,450,450,450,450,450,450,450,450,450,450,450,450,450,450,450,450,450,450,450,450,450,450,450,450,450,450,450,450,450,450,450,450,450,450,450,
size:82
[agent] id:2
path:501,608,715,822,821,820,819,926,1033,1140,1247,1354,1461,1568,1675,1782,1889,1888,1887,1886,1885,1884,1991,1990,1989,1988,1987,1986,1985,1984,1983,1982,1981,1980,1979,1978,1871,1870,1869,1868,1867,1866,1759,1652,1545,1438,1331,1224,1117,1010,903,796,797,798,799,800,800,800,800,800,800,800,800,800,800,800,800,800,800,800,800,800,800,800,800,800,800,800,800,800,800,800,800,800,800,800,800,800,
goal:800,800,800,800,800,800,800,800,800,800,800,800,800,800,800,800,800,800,800,800,800,800,800,800,800,800,800,800,800,800,800,800,800,800,800,800,800,800,800,800,800,800,800,800,800,800,800,800,800,800,800,800,800,800,800,800,800,800,800,800,800,800,800,800,800,800,800,800,800,800,800,800,800,800,800,800,800,800,800,800,800,800,800,800,800,800,800,800,
size:55
[agent] id:3
path:447,554,661,768,875,982,1089,1196,1303,1410,1411,1412,1413,1520,1627,1734,1841,1948,2055,2162,2269,2376,2483,2484,2485,2486,2487,2488,2489,2490,2491,2492,2493,2494,2495,2496,2497,2498,2499,2500,2501,2502,2503,2504,2505,2506,2507,2508,2509,2510,2511,2512,2513,2514,2515,2516,2517,2518,2519,2520,2521,2522,2523,2524,2525,2526,2527,2528,2529,2530,2531,2532,2533,2534,2535,2536,2537,2538,2539,2540,2541,2542,2543,2544,2545,2546,2547,2548,
goal:2548,2548,2548,2548,2548,2548,2548,2548,2548,2548,2548,2548,2548,2548,2548,2548,2548,2548,2548,2548,2548,2548,2548,2548,2548,2548,2548,2548,2548,2548,2548,2548,2548,2548,2548,2548,2548,2548,2548,2548,2548,2548,2548,2548,2548,2548,2548,2548,2548,2548,2548,2548,2548,2548,2548,2548,2548,2548,2548,2548,2548,2548,2548,2548,2548,2548,2548,2548,2548,2548,2548,2548,2548,2548,2548,2548,2548,2548,2548,2548,2548,2548,2548,2548,2548,2548,2548,2548,
size:87
[agent] id:4
path:4032,3925,3818,3711,3604,3603,3602,3495,3388,3281,3174,3067,2960,2853,2746,2639,2532,2425,2318,2211,2104,1997,1996,1995,1994,1993,1992,1991,1990,1989,1988,1987,1986,1879,1878,1877,1877,1877,1877,1877,1877,1877,1877,1877,1877,1877,1877,1877,1877,1877,1877,1877,1877,1877,1877,1877,1877,1877,1877,1877,1877,1877,1877,1877,1877,1877,1877,1877,1877,1877,1877,1877,1877,1877,1877,1877,1877,1877,1877,1877,1877,1877,1877,1877,1877,1877,1877,1877,
goal:1877,1877,1877,1877,1877,1877,1877,1877,1877,1877,1877,1877,1877,1877,1877,1877,1877,1877,1877,1877,1877,1877,1877,1877,1877,1877,1877,1877,1877,1877,1877,1877,1877,1877,1877,1877,1877,1877,1877,1877,1877,1877,1877,1877,1877,1877,1877,1877,1877,1877,1877,1877,1877,1877,1877,1877,1877,1877,1877,1877,1877,1877,1877,1877,1877,1877,1877,1877,1877,1877,1877,1877,1877,1877,1877,1877,1877,1877,1877,1877,1877,1877,1877,1877,1877,1877,1877,1877,
size:35
[agent] id:5
path:2145,2252,2359,2466,2467,2468,2469,2470,2471,2472,2473,2474,2475,2476,2477,2478,2585,2692,2799,2906,3013,3014,3121,3228,3335,3336,3337,3338,3339,3446,3553,3660,3767,3766,3765,3764,3763,3762,3761,3761,3761,3761,3761,3761,3761,3761,3761,3761,3761,3761,3761,3761,3761,3761,3761,3761,3761,3761,3761,3761,3761,3761,3761,3761,3761,3761,3761,3761,3761,3761,3761,3761,3761,3761,3761,3761,3761,3761,3761,3761,3761,3761,3761,3761,3761,3761,3761,3761,
goal:3761,3761,3761,3761,3761,3761,3761,3761,3761,3761,3761,3761,3761,3761,3761,3761,3761,3761,3761,3761,3761,3761,3761,3761,3761,3761,3761,3761,3761,3761,3761,3761,3761,3761,3761,3761,3761,3761,3761,3761,3761,3761,3761,3761,3761,3761,3761,3761,3761,3761,3761,3761,3761,3761,3761,3761,3761,3761,3761,3761,3761,3761,3761,3761,3761,3761,3761,3761,3761,3761,3761,3761,3761,3761,3761,3761,3761,3761,3761,3761,3761,3761,3761,3761,3761,3761,3761,3761,
size:38
[agent] id:6
path:2668,2561,2454,2453,2452,2451,2450,2449,2448,2447,2446,2445,2444,2443,2442,2441,2440,2439,2438,2437,2436,2435,2434,2433,2432,2431,2430,2429,2428,2427,2426,2425,2424,2423,2422,2421,2420,2419,2418,2417,2416,2415,2414,2413,2412,2411,2410,2409,2408,2407,2406,2405,2404,2403,2402,2401,2400,2399,2398,2397,2396,2395,2394,2393,2392,2391,2390,2389,2388,2387,2387,2387,2387,2387,2387,2387,2387,2387,2387,2387,2387,2387,2387,2387,2387,2387,2387,2387,
goal:2387,2387,2387,2387,2387,2387,2387,2387,2387,2387,2387,2387,2387,2387,2387,2387,2387,2387,2387,2387,2387,2387,2387,2387,2387,2387,2387,2387,2387,2387,2387,2387,2387,2387,2387,2387,2387,2387,2387,2387,2387,2387,2387,2387,2387,2387,2387,2387,2387,2387,2387,2387,2387,2387,2387,2387,2387,2387,2387,2387,2387,2387,2387,2387,2387,2387,2387,2387,2387,2387,2387,2387,2387,2387,2387,2387,2387,2387,2387,2387,2387,2387,2387,2387,2387,2387,2387,2387,
size:69
[agent] id:7
path:1915,1916,2023,2130,2237,2344,2451,2450,2449,2448,2447,2446,2339,2232,2125,2018,2017,2016,2015,2014,2013,2012,2011,2010,2009,2008,2007,2006,2005,2004,2003,2002,1895,1894,1893,1892,1891,1890,1783,1676,1569,1462,1355,1248,1141,1034,927,926,925,924,923,922,921,921,921,921,921,921,921,921,921,921,921,921,921,921,921,921,921,921,921,921,921,921,921,921,921,921,921,921,921,921,921,921,921,921,921,921,
goal:921,921,921,921,921,921,921,921,921,921,921,921,921,921,921,921,921,921,921,921,921,921,921,921,921,921,921,921,921,921,921,921,921,921,921,921,921,921,921,921,921,921,921,921,921,921,921,921,921,921,921,921,921,921,921,921,921,921,921,921,921,921,921,921,921,921,921,921,921,921,921,921,921,921,921,921,921,921,921,921,921,921,921,921,921,921,921,921,
size:52
[agent] id:8
path:4035,4034,4033,4032,4031,4030,4029,3922,3815,3708,3601,3494,3387,3280,3173,3172,3171,3170,3169,3062,3061,3060,3059,3058,3057,3056,3055,3054,3053,3052,3051,3050,3049,3048,3047,3046,3045,3044,3043,3042,3041,3040,3039,3038,3037,3036,3035,3034,3033,3032,3031,3030,3029,3028,3027,3026,3025,3024,3131,3238,3345,3344,3343,3342,3341,3340,3447,3554,3661,3768,3875,3982,3983,3984,3985,3986,3986,3986,3986,3986,3986,3986,3986,3986,3986,3986,3986,3986,
goal:3986,3986,3986,3986,3986,3986,3986,3986,3986,3986,3986,3986,3986,3986,3986,3986,3986,3986,3986,3986,3986,3986,3986,3986,3986,3986,3986,3986,3986,3986,3986,3986,3986,3986,3986,3986,3986,3986,3986,3986,3986,3986,3986,3986,3986,3986,3986,3986,3986,3986,3986,3986,3986,3986,3986,3986,3986,3986,3986,3986,3986,3986,3986,3986,3986,3986,3986,3986,3986,3986,3986,3986,3986,3986,3986,3986,3986,3986,3986,3986,3986,3986,3986,3986,3986,3986,3986,3986,
size:75
[agent] id:9
path:2902,2795,2688,2581,2474,2367,2368,2369,2370,2371,2264,2157,2050,1943,1836,1837,1838,1839,1840,1841,1734,1627,1520,1413,1306,1199,1092,985,878,879,880,881,881,881,881,881,881,881,881,881,881,881,881,881,881,881,881,881,881,881,881,881,881,881,881,881,881,881,881,881,881,881,881,881,881,881,881,881,881,881,881,881,881,881,881,881,881,881,881,881,881,881,881,881,881,881,881,881,
goal:881,881,881,881,881,881,881,881,881,881,881,881,881,881,881,881,881,881,881,881,881,881,881,881,881,881,881,881,881,881,881,881,881,881,881,881,881,881,881,881,881,881,881,881,881,881,881,881,881,881,881,881,881,881,881,881,881,881,881,881,881,881,881,881,881,881,881,881,881,881,881,881,881,881,881,881,881,881,881,881,881,881,881,881,881,881,881,881,
size:31
SolutionCost:543
