[setting] seed:56
[solver] type:ECBS
[solver] w:3.000000
[solver] ID:0
[solver] Lowlevelnode:13319
[solver] solved:1
[solver] elapsed:71
[solver] makespan:76
[problem] timesteplimit:10000
[problem] type:MAPF
[problem] agentnum:20
[graph] width:107
[graph] height:47
[graph] filename:./map/orz601d.map
[task] id:8,start:0,end:0,service time:0,nodes:1144,
[task] id:7,start:0,end:0,service time:0,nodes:1886,
[task] id:11,start:0,end:0,service time:0,nodes:2732,
[task] id:14,start:0,end:0,service time:0,nodes:2834,
[task] id:2,start:0,end:0,service time:0,nodes:2922,
[task] id:13,start:0,end:0,service time:0,nodes:4133,
[task] id:3,start:0,end:0,service time:0,nodes:2121,
[task] id:18,start:0,end:0,service time:0,nodes:3032,
[task] id:5,start:0,end:0,service time:0,nodes:2773,
[task] id:0,start:0,end:0,service time:0,nodes:1826,
[task] id:12,start:0,end:0,service time:0,nodes:558,
[task] id:16,start:0,end:0,service time:0,nodes:2633,
[task] id:4,start:0,end:0,service time:0,nodes:3336,
[task] id:6,start:0,end:0,service time:0,nodes:1436,
[task] id:9,start:0,end:0,service time:0,nodes:3871,
[task] id:1,start:0,end:0,service time:0,nodes:473,
[task] id:10,start:0,end:0,service time:0,nodes:2499,
[task] id:19,start:0,end:0,service time:0,nodes:2578,
[task] id:17,start:0,end:0,service time:0,nodes:3344,
[task] id:15,start:0,end:0,service time:0,nodes:1415,
[agent] id:0
path:4195,4088,3981,3874,3767,3660,3553,3446,3339,3232,3125,3018,2911,2804,2697,2590,2483,2376,2375,2374,2373,2372,2371,2370,2369,2368,2367,2260,2153,2046,1939,1938,1831,1830,1829,1828,1827,1826,1826,1826,1826,1826,1826,1826,1826,1826,1826,1826,1826,1826,1826,1826,1826,1826,1826,1826,1826,1826,1826,1826,1826,1826,1826,1826,1826,1826,1826,1826,1826,1826,1826,1826,1826,1826,1826,1826,1826,
goal:1826,1826,1826,1826,1826,1826,1826,1826,1826,1826,1826,1826,1826,1826,1826,1826,1826,1826,1826,1826,1826,1826,1826,1826,1826,1826,1826,1826,1826,1826,1826,1826,1826,1826,1826,1826,1826,1826,1826,1826,1826,1826,1826,1826,1826,1826,1826,1826,1826,1826,1826,1826,1826,1826,1826,1826,1826,1826,1826,1826,1826,1826,1826,1826,1826,1826,1826,1826,1826,1826,1826,1826,1826,1826,1826,1826,1826,
size:37
[agent] id:1
path:2863,2756,2649,2542,2435,2328,2221,2114,2007,2006,2005,2004,2003,2002,2001,2000,1999,1998,1997,1996,1995,1994,1993,1992,1991,1990,1989,1988,1987,1986,1985,1984,1983,1982,1981,1980,1979,1978,1871,1870,1869,1868,1867,1866,1759,1652,1545,1438,1331,1224,1117,1010,903,796,689,582,475,474,473,473,473,473,473,473,473,473,473,473,473,473,473,473,473,473,473,473,473,
goal:473,473,473,473,473,473,473,473,473,473,473,473,473,473,473,473,473,473,473,473,473,473,473,473,473,473,473,473,473,473,473,473,473,473,473,473,473,473,473,473,473,473,473,473,473,473,473,473,473,473,473,473,473,473,473,473,473,473,473,473,473,473,473,473,473,473,473,473,473,473,473,473,473,473,473,473,473,
size:58
[agent] id:2
path:1969,2076,2183,2290,2397,2504,2611,2718,2825,2932,2931,2930,2929,2928,2927,2926,2925,2924,2923,2922,2922,2922,2922,2922,2922,2922,2922,2922,2922,2922,2922,2922,2922,2922,2922,2922,2922,2922,2922,2922,2922,2922,2922,2922,2922,2922,2922,2922,2922,2922,2922,2922,2922,2922,2922,2922,2922,2922,2922,2922,2922,2922,2922,2922,2922,2922,2922,2922,2922,2922,2922,2922,2922,2922,2922,2922,2922,
goal:2922,2922,2922,2922,2922,2922,2922,2922,2922,2922,2922,2922,2922,2922,2922,2922,2922,2922,2922,2922,2922,2922,2922,2922,2922,2922,2922,2922,2922,2922,2922,2922,2922,2922,2922,2922,2922,2922,2922,2922,2922,2922,2922,2922,2922,2922,2922,2922,2922,2922,2922,2922,2922,2922,2922,2922,2922,2922,2922,2922,2922,2922,2922,2922,2922,2922,2922,2922,2922,2922,2922,2922,2922,2922,2922,2922,2922,
size:19
[agent] id:3
path:2634,2527,2420,2313,2206,2099,2100,2101,2102,2103,2104,2105,2106,2107,2108,2109,2110,2111,2112,2113,2114,2115,2116,2117,2118,2119,2120,2121,2121,2121,2121,2121,2121,2121,2121,2121,2121,2121,2121,2121,2121,2121,2121,2121,2121,2121,2121,2121,2121,2121,2121,2121,2121,2121,2121,2121,2121,2121,2121,2121,2121,2121,2121,2121,2121,2121,2121,2121,2121,2121,2121,2121,2121,2121,2121,2121,2121,
goal:2121,2121,2121,2121,2121,2121,2121,2121,2121,2121,2121,2121,2121,2121,2121,2121,2121,2121,2121,2121,2121,2121,2121,2121,2121,2121,2121,2121,2121,2121,2121,2121,2121,2121,2121,2121,2121,2121,2121,2121,2121,2121,2121,2121,2121,2121,2121,2121,2121,2121,2121,2121,2121,2121,2121,2121,2121,2121,2121,2121,2121,2121,2121,2121,2121,2121,2121,2121,2121,2121,2121,2121,2121,2121,2121,2121,2121,
size:27
[agent] id:4
path:3269,3268,3267,3266,3265,3264,3157,3050,3049,3048,3047,3046,3045,3044,3043,3042,3041,3040,3039,3038,3037,3036,3035,3034,3033,3032,3031,3030,3029,3028,3027,3026,3025,3024,3131,3238,3345,3344,3343,3342,3341,3340,3339,3338,3337,3336,3336,3336,3336,3336,3336,3336,3336,3336,3336,3336,3336,3336,3336,3336,3336,3336,3336,3336,3336,3336,3336,3336,3336,3336,3336,3336,3336,3336,3336,3336,3336,
goal:3336,3336,3336,3336,3336,3336,3336,3336,3336,3336,3336,3336,3336,3336,3336,3336,3336,3336,3336,3336,3336,3336,3336,3336,3336,3336,3336,3336,3336,3336,3336,3336,3336,3336,3336,3336,3336,3336,3336,3336,3336,3336,3336,3336,3336,3336,3336,3336,3336,3336,3336,3336,3336,3336,3336,3336,3336,3336,3336,3336,3336,3336,3336,3336,3336,3336,3336,3336,3336,3336,3336,3336,3336,3336,3336,3336,3336,
size:45
[agent] id:5
path:2317,2424,2531,2638,2639,2640,2641,2642,2643,2644,2645,2646,2647,2648,2649,2650,2651,2652,2653,2654,2655,2656,2657,2658,2659,2660,2661,2662,2663,2664,2665,2772,2773,2773,2773,2773,2773,2773,2773,2773,2773,2773,2773,2773,2773,2773,2773,2773,2773,2773,2773,2773,2773,2773,2773,2773,2773,2773,2773,2773,2773,2773,2773,2773,2773,2773,2773,2773,2773,2773,2773,2773,2773,2773,2773,2773,2773,
goal:2773,2773,2773,2773,2773,2773,2773,2773,2773,2773,2773,2773,2773,2773,2773,2773,2773,2773,2773,2773,2773,2773,2773,2773,2773,2773,2773,2773,2773,2773,2773,2773,2773,2773,2773,2773,2773,2773,2773,2773,2773,2773,2773,2773,2773,2773,2773,2773,2773,2773,2773,2773,2773,2773,2773,2773,2773,2773,2773,2773,2773,2773,2773,2773,2773,2773,2773,2773,2773,2773,2773,2773,2773,2773,2773,2773,2773,
size:32
[agent] id:6
path:4196,4089,3982,3875,3768,3661,3554,3447,3340,3233,3126,3019,2912,2805,2698,2591,2484,2377,2270,2163,2056,1949,1950,1951,1952,1953,1954,1955,1956,1957,1958,1959,1960,1961,1962,1963,1964,1965,1966,1967,1860,1861,1862,1863,1864,1865,1758,1651,1544,1437,1436,1436,1436,1436,1436,1436,1436,1436,1436,1436,1436,1436,1436,1436,1436,1436,1436,1436,1436,1436,1436,1436,1436,1436,1436,1436,1436,
goal:1436,1436,1436,1436,1436,1436,1436,1436,1436,1436,1436,1436,1436,1436,1436,1436,1436,1436,1436,1436,1436,1436,1436,1436,1436,1436,1436,1436,1436,1436,1436,1436,1436,1436,1436,1436,1436,1436,1436,1436,1436,1436,1436,1436,1436,1436,1436,1436,1436,1436,1436,1436,1436,1436,1436,1436,1436,1436,1436,1436,1436,1436,1436,1436,1436,1436,1436,1436,1436,1436,1436,1436,1436,1436,1436,1436,1436,
size:50
[agent] id:7
path:1983,1984,1985,1986,1987,1988,1989,1990,1991,1884,1885,1886,1886,1886,1886,1886,1886,1886,1886,1886,1886,1886,1886,1886,1886,1886,1886,1886,1886,1886,1886,1886,1886,1886,1886,1886,1886,1886,1886,1886,1886,1886,1886,1886,1886,1886,1886,1886,1886,1886,1886,1886,1886,1886,1886,1886,1886,1886,1886,1886,1886,1886,1886,1886,1886,1886,1886,1886,1886,1886,1886,1886,1886,1886,1886,1886,1886,
goal:1886,1886,1886,1886,1886,1886,1886,1886,1886,1886,1886,1886,1886,1886,1886,1886,1886,1886,1886,1886,1886,1886,1886,1886,1886,1886,1886,1886,1886,1886,1886,1886,1886,1886,1886,1886,1886,1886,1886,1886,1886,1886,1886,1886,1886,1886,1886,1886,1886,1886,1886,1886,1886,1886,1886,1886,1886,1886,1886,1886,1886,1886,1886,1886,1886,1886,1886,1886,1886,1886,1886,1886,1886,1886,1886,1886,1886,
size:11
[agent] id:8
path:711,818,925,1032,1139,1140,1141,1142,1143,1144,1144,1144,1144,1144,1144,1144,1144,1144,1144,1144,1144,1144,1144,1144,1144,1144,1144,1144,1144,1144,1144,1144,1144,1144,1144,1144,1144,1144,1144,1144,1144,1144,1144,1144,1144,1144,1144,1144,1144,1144,1144,1144,1144,1144,1144,1144,1144,1144,1144,1144,1144,1144,1144,1144,1144,1144,1144,1144,1144,1144,1144,1144,1144,1144,1144,1144,1144,
goal:1144,1144,1144,1144,1144,1144,1144,1144,1144,1144,1144,1144,1144,1144,1144,1144,1144,1144,1144,1144,1144,1144,1144,1144,1144,1144,1144,1144,1144,1144,1144,1144,1144,1144,1144,1144,1144,1144,1144,1144,1144,1144,1144,1144,1144,1144,1144,1144,1144,1144,1144,1144,1144,1144,1144,1144,1144,1144,1144,1144,1144,1144,1144,1144,1144,1144,1144,1144,1144,1144,1144,1144,1144,1144,1144,1144,1144,
size:9
[agent] id:9
path:2846,2845,2844,2843,2950,2949,2948,2947,2946,2945,2944,2943,2942,2941,2940,2939,2938,2937,2936,2935,2934,2933,2932,2931,2930,2929,2928,2927,2926,2925,2924,3031,3030,3029,3028,3027,3026,3025,3024,3131,3238,3345,3344,3343,3342,3341,3340,3447,3554,3661,3768,3875,3874,3873,3872,3871,3871,3871,3871,3871,3871,3871,3871,3871,3871,3871,3871,3871,3871,3871,3871,3871,3871,3871,3871,3871,3871,
goal:3871,3871,3871,3871,3871,3871,3871,3871,3871,3871,3871,3871,3871,3871,3871,3871,3871,3871,3871,3871,3871,3871,3871,3871,3871,3871,3871,3871,3871,3871,3871,3871,3871,3871,3871,3871,3871,3871,3871,3871,3871,3871,3871,3871,3871,3871,3871,3871,3871,3871,3871,3871,3871,3871,3871,3871,3871,3871,3871,3871,3871,3871,3871,3871,3871,3871,3871,3871,3871,3871,3871,3871,3871,3871,3871,3871,3871,
size:55
[agent] id:10
path:2561,2560,2559,2558,2557,2556,2555,2554,2553,2552,2551,2550,2549,2548,2547,2546,2545,2544,2543,2542,2541,2540,2539,2538,2537,2536,2535,2534,2533,2532,2531,2530,2529,2528,2527,2526,2525,2524,2523,2522,2521,2520,2519,2518,2517,2516,2515,2514,2513,2512,2511,2510,2509,2508,2507,2506,2505,2504,2503,2502,2501,2500,2499,2499,2499,2499,2499,2499,2499,2499,2499,2499,2499,2499,2499,2499,2499,
goal:2499,2499,2499,2499,2499,2499,2499,2499,2499,2499,2499,2499,2499,2499,2499,2499,2499,2499,2499,2499,2499,2499,2499,2499,2499,2499,2499,2499,2499,2499,2499,2499,2499,2499,2499,2499,2499,2499,2499,2499,2499,2499,2499,2499,2499,2499,2499,2499,2499,2499,2499,2499,2499,2499,2499,2499,2499,2499,2499,2499,2499,2499,2499,2499,2499,2499,2499,2499,2499,2499,2499,2499,2499,2499,2499,2499,2499,
size:62
[agent] id:11
path:2423,2530,2637,2744,2743,2742,2741,2740,2739,2738,2737,2736,2735,2734,2733,2732,2732,2732,2732,2732,2732,2732,2732,2732,2732,2732,2732,2732,2732,2732,2732,2732,2732,2732,2732,2732,2732,2732,2732,2732,2732,2732,2732,2732,2732,2732,2732,2732,2732,2732,2732,2732,2732,2732,2732,2732,2732,2732,2732,2732,2732,2732,2732,2732,2732,2732,2732,2732,2732,2732,2732,2732,2732,2732,2732,2732,2732,
goal:2732,2732,2732,2732,2732,2732,2732,2732,2732,2732,2732,2732,2732,2732,2732,2732,2732,2732,2732,2732,2732,2732,2732,2732,2732,2732,2732,2732,2732,2732,2732,2732,2732,2732,2732,2732,2732,2732,2732,2732,2732,2732,2732,2732,2732,2732,2732,2732,2732,2732,2732,2732,2732,2732,2732,2732,2732,2732,2732,2732,2732,2732,2732,2732,2732,2732,2732,2732,2732,2732,2732,2732,2732,2732,2732,2732,2732,
size:15
[agent] id:12
path:3247,3140,3033,2926,2819,2712,2605,2498,2391,2284,2177,2070,1963,1962,1961,1960,1959,1958,1957,1956,1955,1954,1847,1846,1845,1844,1843,1842,1735,1628,1521,1414,1307,1200,1093,986,879,772,665,558,558,558,558,558,558,558,558,558,558,558,558,558,558,558,558,558,558,558,558,558,558,558,558,558,558,558,558,558,558,558,558,558,558,558,558,558,558,
goal:558,558,558,558,558,558,558,558,558,558,558,558,558,558,558,558,558,558,558,558,558,558,558,558,558,558,558,558,558,558,558,558,558,558,558,558,558,558,558,558,558,558,558,558,558,558,558,558,558,558,558,558,558,558,558,558,558,558,558,558,558,558,558,558,558,558,558,558,558,558,558,558,558,558,558,558,558,
size:39
[agent] id:13
path:2949,2949,2950,2951,2952,3059,3060,3061,3062,3169,3170,3171,3172,3173,3280,3387,3494,3601,3708,3815,3922,4029,4136,4135,4134,4133,4133,4133,4133,4133,4133,4133,4133,4133,4133,4133,4133,4133,4133,4133,4133,4133,4133,4133,4133,4133,4133,4133,4133,4133,4133,4133,4133,4133,4133,4133,4133,4133,4133,4133,4133,4133,4133,4133,4133,4133,4133,4133,4133,4133,4133,4133,4133,4133,4133,4133,4133,
goal:4133,4133,4133,4133,4133,4133,4133,4133,4133,4133,4133,4133,4133,4133,4133,4133,4133,4133,4133,4133,4133,4133,4133,4133,4133,4133,4133,4133,4133,4133,4133,4133,4133,4133,4133,4133,4133,4133,4133,4133,4133,4133,4133,4133,4133,4133,4133,4133,4133,4133,4133,4133,4133,4133,4133,4133,4133,4133,4133,4133,4133,4133,4133,4133,4133,4133,4133,4133,4133,4133,4133,4133,4133,4133,4133,4133,4133,
size:25
[agent] id:14
path:1987,2094,2201,2308,2415,2522,2629,2736,2843,2842,2841,2840,2839,2838,2837,2836,2835,2834,2834,2834,2834,2834,2834,2834,2834,2834,2834,2834,2834,2834,2834,2834,2834,2834,2834,2834,2834,2834,2834,2834,2834,2834,2834,2834,2834,2834,2834,2834,2834,2834,2834,2834,2834,2834,2834,2834,2834,2834,2834,2834,2834,2834,2834,2834,2834,2834,2834,2834,2834,2834,2834,2834,2834,2834,2834,2834,2834,
goal:2834,2834,2834,2834,2834,2834,2834,2834,2834,2834,2834,2834,2834,2834,2834,2834,2834,2834,2834,2834,2834,2834,2834,2834,2834,2834,2834,2834,2834,2834,2834,2834,2834,2834,2834,2834,2834,2834,2834,2834,2834,2834,2834,2834,2834,2834,2834,2834,2834,2834,2834,2834,2834,2834,2834,2834,2834,2834,2834,2834,2834,2834,2834,2834,2834,2834,2834,2834,2834,2834,2834,2834,2834,2834,2834,2834,2834,
size:17
[agent] id:15
path:1911,1910,1909,1908,2015,2014,2013,2012,2011,2010,2009,2008,2007,2006,2005,2004,2003,2002,2001,2000,1999,1998,1997,1996,1995,1994,1993,1992,1991,1990,1989,1988,1987,1986,1985,1984,1983,1982,1981,1980,1979,1978,1977,1976,1975,1974,1973,1972,1971,1970,1969,1968,1967,1966,1965,1964,1963,1962,1961,1960,1959,1958,1957,1956,1955,1954,1847,1846,1845,1844,1843,1842,1735,1628,1521,1414,1415,
goal:1415,1415,1415,1415,1415,1415,1415,1415,1415,1415,1415,1415,1415,1415,1415,1415,1415,1415,1415,1415,1415,1415,1415,1415,1415,1415,1415,1415,1415,1415,1415,1415,1415,1415,1415,1415,1415,1415,1415,1415,1415,1415,1415,1415,1415,1415,1415,1415,1415,1415,1415,1415,1415,1415,1415,1415,1415,1415,1415,1415,1415,1415,1415,1415,1415,1415,1415,1415,1415,1415,1415,1415,1415,1415,1415,1415,1415,
size:76
[agent] id:16
path:2167,2274,2381,2488,2595,2596,2597,2598,2599,2600,2601,2602,2603,2604,2605,2606,2607,2608,2609,2610,2611,2612,2613,2614,2615,2616,2617,2618,2619,2620,2621,2622,2623,2624,2625,2626,2627,2628,2629,2630,2631,2632,2633,2633,2633,2633,2633,2633,2633,2633,2633,2633,2633,2633,2633,2633,2633,2633,2633,2633,2633,2633,2633,2633,2633,2633,2633,2633,2633,2633,2633,2633,2633,2633,2633,2633,2633,
goal:2633,2633,2633,2633,2633,2633,2633,2633,2633,2633,2633,2633,2633,2633,2633,2633,2633,2633,2633,2633,2633,2633,2633,2633,2633,2633,2633,2633,2633,2633,2633,2633,2633,2633,2633,2633,2633,2633,2633,2633,2633,2633,2633,2633,2633,2633,2633,2633,2633,2633,2633,2633,2633,2633,2633,2633,2633,2633,2633,2633,2633,2633,2633,2633,2633,2633,2633,2633,2633,2633,2633,2633,2633,2633,2633,2633,2633,
size:42
[agent] id:17
path:927,1034,1141,1248,1355,1462,1569,1676,1783,1890,1997,2104,2211,2318,2425,2532,2639,2746,2853,2960,2959,2958,2957,2956,2955,2954,2953,2952,2951,2950,2949,2948,2947,2946,2945,2944,2943,2942,2941,2940,2939,2938,2937,2936,2935,2934,2933,2932,2931,2930,2929,2928,2927,2926,2925,2924,3031,3030,3029,3028,3027,3026,3025,3024,3131,3238,3345,3344,3344,3344,3344,3344,3344,3344,3344,3344,3344,
goal:3344,3344,3344,3344,3344,3344,3344,3344,3344,3344,3344,3344,3344,3344,3344,3344,3344,3344,3344,3344,3344,3344,3344,3344,3344,3344,3344,3344,3344,3344,3344,3344,3344,3344,3344,3344,3344,3344,3344,3344,3344,3344,3344,3344,3344,3344,3344,3344,3344,3344,3344,3344,3344,3344,3344,3344,3344,3344,3344,3344,3344,3344,3344,3344,3344,3344,3344,3344,3344,3344,3344,3344,3344,3344,3344,3344,3344,
size:67
[agent] id:18
path:2843,2950,3057,3056,3055,3054,3053,3052,3051,3050,3049,3048,3047,3046,3045,3044,3043,3042,3041,3040,3039,3038,3037,3036,3035,3034,3033,3032,3032,3032,3032,3032,3032,3032,3032,3032,3032,3032,3032,3032,3032,3032,3032,3032,3032,3032,3032,3032,3032,3032,3032,3032,3032,3032,3032,3032,3032,3032,3032,3032,3032,3032,3032,3032,3032,3032,3032,3032,3032,3032,3032,3032,3032,3032,3032,3032,3032,
goal:3032,3032,3032,3032,3032,3032,3032,3032,3032,3032,3032,3032,3032,3032,3032,3032,3032,3032,3032,3032,3032,3032,3032,3032,3032,3032,3032,3032,3032,3032,3032,3032,3032,3032,3032,3032,3032,3032,3032,3032,3032,3032,3032,3032,3032,3032,3032,3032,3032,3032,3032,3032,3032,3032,3032,3032,3032,3032,3032,3032,3032,3032,3032,3032,3032,3032,3032,3032,3032,3032,3032,3032,3032,3032,3032,3032,3032,
size:27
[agent] id:19
path:2428,2535,2534,2533,2532,2531,2530,2529,2528,2527,2526,2525,2524,2523,2522,2521,2520,2519,2518,2517,2516,2515,2514,2513,2512,2511,2510,2509,2508,2507,2506,2505,2504,2503,2502,2501,2500,2499,2498,2497,2496,2495,2494,2493,2492,2491,2490,2489,2488,2487,2486,2485,2484,2483,2482,2481,2480,2479,2478,2477,2476,2475,2474,2581,2580,2579,2578,2578,2578,2578,2578,2578,2578,2578,2578,2578,2578,
goal:2578,2578,2578,2578,2578,2578,2578,2578,2578,2578,2578,2578,2578,2578,2578,2578,2578,2578,2578,2578,2578,2578,2578,2578,2578,2578,2578,2578,2578,2578,2578,2578,2578,2578,2578,2578,2578,2578,2578,2578,2578,2578,2578,2578,2578,2578,2578,2578,2578,2578,2578,2578,2578,2578,2578,2578,2578,2578,2578,2578,2578,2578,2578,2578,2578,2578,2578,2578,2578,2578,2578,2578,2578,2578,2578,2578,2578,
size:66
SolutionCost:779
