[setting] seed:39
[solver] type:ECBS
[solver] w:3.000000
[solver] ID:0
[solver] Lowlevelnode:648
[solver] solved:1
[solver] elapsed:16
[solver] makespan:82
[problem] timesteplimit:10000
[problem] type:MAPF
[problem] agentnum:10
[graph] width:107
[graph] height:47
[graph] filename:./map/orz601d.map
[task] id:6,start:0,end:0,service time:0,nodes:2081,
[task] id:7,start:0,end:0,service time:0,nodes:2531,
[task] id:3,start:0,end:0,service time:0,nodes:3714,
[task] id:8,start:0,end:0,service time:0,nodes:2074,
[task] id:1,start:0,end:0,service time:0,nodes:3984,
[task] id:0,start:0,end:0,service time:0,nodes:662,
[task] id:2,start:0,end:0,service time:0,nodes:2617,
[task] id:9,start:0,end:0,service time:0,nodes:3074,
[task] id:5,start:0,end:0,service time:0,nodes:2759,
[task] id:4,start:0,end:0,service time:0,nodes:2448,
[agent] id:0
path:3769,3768,3661,3554,3447,3340,3233,3126,3019,2912,2805,2698,2591,2484,2377,2270,2163,2056,1949,1842,1735,1628,1521,1414,1307,1200,1093,986,879,772,665,664,663,662,662,662,662,662,662,662,662,662,662,662,662,662,662,662,662,662,662,662,662,662,662,662,662,662,662,662,662,662,662,662,662,662,662,662,662,662,662,662,662,662,662,662,662,662,662,662,662,662,662,
goal:662,662,662,662,662,662,662,662,662,662,662,662,662,662,662,662,662,662,662,662,662,662,662,662,662,662,662,662,662,662,662,662,662,662,662,662,662,662,662,662,662,662,662,662,662,662,662,662,662,662,662,662,662,662,662,662,662,662,662,662,662,662,662,662,662,662,662,662,662,662,662,662,662,662,662,662,662,662,662,662,662,662,662,
size:33
[agent] id:1
path:3244,3137,3030,3029,3028,3027,3026,3025,3024,3131,3238,3345,3344,3343,3342,3341,3340,3447,3554,3661,3768,3875,3982,3983,3984,3984,3984,3984,3984,3984,3984,3984,3984,3984,3984,3984,3984,3984,3984,3984,3984,3984,3984,3984,3984,3984,3984,3984,3984,3984,3984,3984,3984,3984,3984,3984,3984,3984,3984,3984,3984,3984,3984,3984,3984,3984,3984,3984,3984,3984,3984,3984,3984,3984,3984,3984,3984,3984,3984,3984,3984,3984,3984,
goal:3984,3984,3984,3984,3984,3984,3984,3984,3984,3984,3984,3984,3984,3984,3984,3984,3984,3984,3984,3984,3984,3984,3984,3984,3984,3984,3984,3984,3984,3984,3984,3984,3984,3984,3984,3984,3984,3984,3984,3984,3984,3984,3984,3984,3984,3984,3984,3984,3984,3984,3984,3984,3984,3984,3984,3984,3984,3984,3984,3984,3984,3984,3984,3984,3984,3984,3984,3984,3984,3984,3984,3984,3984,3984,3984,3984,3984,3984,3984,3984,3984,3984,3984,
size:24
[agent] id:2
path:4459,4352,4245,4138,4031,3924,3817,3710,3603,3602,3495,3388,3281,3174,3067,2960,2853,2746,2639,2638,2637,2636,2635,2634,2633,2632,2631,2630,2629,2628,2627,2626,2625,2624,2623,2622,2621,2620,2619,2618,2617,2617,2617,2617,2617,2617,2617,2617,2617,2617,2617,2617,2617,2617,2617,2617,2617,2617,2617,2617,2617,2617,2617,2617,2617,2617,2617,2617,2617,2617,2617,2617,2617,2617,2617,2617,2617,2617,2617,2617,2617,2617,2617,
goal:2617,2617,2617,2617,2617,2617,2617,2617,2617,2617,2617,2617,2617,2617,2617,2617,2617,2617,2617,2617,2617,2617,2617,2617,2617,2617,2617,2617,2617,2617,2617,2617,2617,2617,2617,2617,2617,2617,2617,2617,2617,2617,2617,2617,2617,2617,2617,2617,2617,2617,2617,2617,2617,2617,2617,2617,2617,2617,2617,2617,2617,2617,2617,2617,2617,2617,2617,2617,2617,2617,2617,2617,2617,2617,2617,2617,2617,2617,2617,2617,2617,2617,2617,
size:40
[agent] id:3
path:3058,3059,3060,3061,3062,3169,3170,3171,3172,3173,3280,3387,3494,3601,3708,3709,3710,3711,3712,3713,3714,3714,3714,3714,3714,3714,3714,3714,3714,3714,3714,3714,3714,3714,3714,3714,3714,3714,3714,3714,3714,3714,3714,3714,3714,3714,3714,3714,3714,3714,3714,3714,3714,3714,3714,3714,3714,3714,3714,3714,3714,3714,3714,3714,3714,3714,3714,3714,3714,3714,3714,3714,3714,3714,3714,3714,3714,3714,3714,3714,3714,3714,3714,
goal:3714,3714,3714,3714,3714,3714,3714,3714,3714,3714,3714,3714,3714,3714,3714,3714,3714,3714,3714,3714,3714,3714,3714,3714,3714,3714,3714,3714,3714,3714,3714,3714,3714,3714,3714,3714,3714,3714,3714,3714,3714,3714,3714,3714,3714,3714,3714,3714,3714,3714,3714,3714,3714,3714,3714,3714,3714,3714,3714,3714,3714,3714,3714,3714,3714,3714,3714,3714,3714,3714,3714,3714,3714,3714,3714,3714,3714,3714,3714,3714,3714,3714,3714,
size:20
[agent] id:4
path:1416,1415,1414,1521,1628,1735,1842,1949,2056,2163,2270,2377,2378,2379,2380,2381,2382,2383,2384,2385,2386,2387,2388,2389,2390,2391,2392,2393,2394,2395,2396,2397,2398,2399,2400,2401,2402,2403,2404,2405,2406,2407,2408,2409,2410,2411,2412,2413,2414,2415,2416,2417,2418,2419,2420,2421,2422,2423,2424,2425,2426,2427,2428,2429,2430,2431,2432,2433,2434,2435,2436,2437,2438,2439,2440,2441,2442,2443,2444,2445,2446,2447,2448,
goal:2448,2448,2448,2448,2448,2448,2448,2448,2448,2448,2448,2448,2448,2448,2448,2448,2448,2448,2448,2448,2448,2448,2448,2448,2448,2448,2448,2448,2448,2448,2448,2448,2448,2448,2448,2448,2448,2448,2448,2448,2448,2448,2448,2448,2448,2448,2448,2448,2448,2448,2448,2448,2448,2448,2448,2448,2448,2448,2448,2448,2448,2448,2448,2448,2448,2448,2448,2448,2448,2448,2448,2448,2448,2448,2448,2448,2448,2448,2448,2448,2448,2448,2448,
size:82
[agent] id:5
path:3446,3339,3232,3125,3018,2911,2804,2697,2698,2699,2700,2701,2702,2703,2704,2705,2706,2707,2708,2709,2710,2711,2712,2713,2714,2715,2716,2717,2718,2719,2720,2721,2722,2723,2724,2725,2726,2727,2728,2729,2730,2731,2732,2733,2734,2735,2736,2737,2738,2739,2740,2741,2742,2743,2744,2745,2746,2747,2748,2749,2750,2751,2752,2753,2754,2755,2756,2757,2758,2759,2759,2759,2759,2759,2759,2759,2759,2759,2759,2759,2759,2759,2759,
goal:2759,2759,2759,2759,2759,2759,2759,2759,2759,2759,2759,2759,2759,2759,2759,2759,2759,2759,2759,2759,2759,2759,2759,2759,2759,2759,2759,2759,2759,2759,2759,2759,2759,2759,2759,2759,2759,2759,2759,2759,2759,2759,2759,2759,2759,2759,2759,2759,2759,2759,2759,2759,2759,2759,2759,2759,2759,2759,2759,2759,2759,2759,2759,2759,2759,2759,2759,2759,2759,2759,2759,2759,2759,2759,2759,2759,2759,2759,2759,2759,2759,2759,2759,
size:69
[agent] id:6
path:2294,2187,2080,2081,2081,2081,2081,2081,2081,2081,2081,2081,2081,2081,2081,2081,2081,2081,2081,2081,2081,2081,2081,2081,2081,2081,2081,2081,2081,2081,2081,2081,2081,2081,2081,2081,2081,2081,2081,2081,2081,2081,2081,2081,2081,2081,2081,2081,2081,2081,2081,2081,2081,2081,2081,2081,2081,2081,2081,2081,2081,2081,2081,2081,2081,2081,2081,2081,2081,2081,2081,2081,2081,2081,2081,2081,2081,2081,2081,2081,2081,2081,2081,
goal:2081,2081,2081,2081,2081,2081,2081,2081,2081,2081,2081,2081,2081,2081,2081,2081,2081,2081,2081,2081,2081,2081,2081,2081,2081,2081,2081,2081,2081,2081,2081,2081,2081,2081,2081,2081,2081,2081,2081,2081,2081,2081,2081,2081,2081,2081,2081,2081,2081,2081,2081,2081,2081,2081,2081,2081,2081,2081,2081,2081,2081,2081,2081,2081,2081,2081,2081,2081,2081,2081,2081,2081,2081,2081,2081,2081,2081,2081,2081,2081,2081,2081,2081,
size:3
[agent] id:7
path:2538,2537,2536,2535,2534,2533,2532,2531,2531,2531,2531,2531,2531,2531,2531,2531,2531,2531,2531,2531,2531,2531,2531,2531,2531,2531,2531,2531,2531,2531,2531,2531,2531,2531,2531,2531,2531,2531,2531,2531,2531,2531,2531,2531,2531,2531,2531,2531,2531,2531,2531,2531,2531,2531,2531,2531,2531,2531,2531,2531,2531,2531,2531,2531,2531,2531,2531,2531,2531,2531,2531,2531,2531,2531,2531,2531,2531,2531,2531,2531,2531,2531,2531,
goal:2531,2531,2531,2531,2531,2531,2531,2531,2531,2531,2531,2531,2531,2531,2531,2531,2531,2531,2531,2531,2531,2531,2531,2531,2531,2531,2531,2531,2531,2531,2531,2531,2531,2531,2531,2531,2531,2531,2531,2531,2531,2531,2531,2531,2531,2531,2531,2531,2531,2531,2531,2531,2531,2531,2531,2531,2531,2531,2531,2531,2531,2531,2531,2531,2531,2531,2531,2531,2531,2531,2531,2531,2531,2531,2531,2531,2531,2531,2531,2531,2531,2531,2531,
size:7
[agent] id:8
path:2093,2092,2091,2090,2089,2088,2087,2086,2085,2084,2083,2082,1975,1974,1973,2080,2079,2078,2077,2076,2075,2074,2074,2074,2074,2074,2074,2074,2074,2074,2074,2074,2074,2074,2074,2074,2074,2074,2074,2074,2074,2074,2074,2074,2074,2074,2074,2074,2074,2074,2074,2074,2074,2074,2074,2074,2074,2074,2074,2074,2074,2074,2074,2074,2074,2074,2074,2074,2074,2074,2074,2074,2074,2074,2074,2074,2074,2074,2074,2074,2074,2074,2074,
goal:2074,2074,2074,2074,2074,2074,2074,2074,2074,2074,2074,2074,2074,2074,2074,2074,2074,2074,2074,2074,2074,2074,2074,2074,2074,2074,2074,2074,2074,2074,2074,2074,2074,2074,2074,2074,2074,2074,2074,2074,2074,2074,2074,2074,2074,2074,2074,2074,2074,2074,2074,2074,2074,2074,2074,2074,2074,2074,2074,2074,2074,2074,2074,2074,2074,2074,2074,2074,2074,2074,2074,2074,2074,2074,2074,2074,2074,2074,2074,2074,2074,2074,2074,
size:21
[agent] id:9
path:2397,2504,2611,2718,2825,2932,3039,3040,3041,3042,3043,3044,3045,3046,3047,3048,3049,3050,3051,3052,3053,3054,3055,3056,3057,3058,3059,3060,3061,3062,3063,3064,3065,3066,3067,3068,3069,3070,3071,3072,3073,3074,3074,3074,3074,3074,3074,3074,3074,3074,3074,3074,3074,3074,3074,3074,3074,3074,3074,3074,3074,3074,3074,3074,3074,3074,3074,3074,3074,3074,3074,3074,3074,3074,3074,3074,3074,3074,3074,3074,3074,3074,3074,
goal:3074,3074,3074,3074,3074,3074,3074,3074,3074,3074,3074,3074,3074,3074,3074,3074,3074,3074,3074,3074,3074,3074,3074,3074,3074,3074,3074,3074,3074,3074,3074,3074,3074,3074,3074,3074,3074,3074,3074,3074,3074,3074,3074,3074,3074,3074,3074,3074,3074,3074,3074,3074,3074,3074,3074,3074,3074,3074,3074,3074,3074,3074,3074,3074,3074,3074,3074,3074,3074,3074,3074,3074,3074,3074,3074,3074,3074,3074,3074,3074,3074,3074,3074,
size:41
SolutionCost:340
