[setting] seed:43
[solver] type:ECBS
[solver] w:3.000000
[solver] ID:0
[solver] Lowlevelnode:301
[solver] solved:1
[solver] elapsed:3
[solver] makespan:55
[problem] timesteplimit:10000
[problem] type:MAPF
[problem] agentnum:10
[graph] width:107
[graph] height:47
[graph] filename:./map/orz601d.map
[task] id:7,start:0,end:0,service time:0,nodes:2202,
[task] id:9,start:0,end:0,service time:0,nodes:904,
[task] id:1,start:0,end:0,service time:0,nodes:1032,
[task] id:4,start:0,end:0,service time:0,nodes:2050,
[task] id:6,start:0,end:0,service time:0,nodes:2513,
[task] id:2,start:0,end:0,service time:0,nodes:2307,
[task] id:8,start:0,end:0,service time:0,nodes:3114,
[task] id:5,start:0,end:0,service time:0,nodes:3270,
[task] id:0,start:0,end:0,service time:0,nodes:4143,
[task] id:3,start:0,end:0,service time:0,nodes:797,
[agent] id:0
path:3306,3199,3092,3093,2986,2879,2772,2665,2664,2663,2662,2661,2660,2767,2874,2981,3088,3087,3086,3085,3084,3083,3082,3081,3080,3079,3078,3077,3076,3075,3074,3073,3072,3179,3178,3177,3176,3175,3174,3281,3388,3495,3602,3709,3816,3923,4030,4137,4138,4139,4140,4141,4142,4143,4143,4143,
goal:4143,4143,4143,4143,4143,4143,4143,4143,4143,4143,4143,4143,4143,4143,4143,4143,4143,4143,4143,4143,4143,4143,4143,4143,4143,4143,4143,4143,4143,4143,4143,4143,4143,4143,4143,4143,4143,4143,4143,4143,4143,4143,4143,4143,4143,4143,4143,4143,4143,4143,4143,4143,4143,4143,4143,4143,
size:53
[agent] id:1
path:3062,2955,2848,2741,2634,2527,2420,2313,2206,2099,1992,1885,1886,1887,1888,1889,1782,1675,1568,1461,1354,1247,1140,1033,1032,1032,1032,1032,1032,1032,1032,1032,1032,1032,1032,1032,1032,1032,1032,1032,1032,1032,1032,1032,1032,1032,1032,1032,1032,1032,1032,1032,1032,1032,1032,1032,
goal:1032,1032,1032,1032,1032,1032,1032,1032,1032,1032,1032,1032,1032,1032,1032,1032,1032,1032,1032,1032,1032,1032,1032,1032,1032,1032,1032,1032,1032,1032,1032,1032,1032,1032,1032,1032,1032,1032,1032,1032,1032,1032,1032,1032,1032,1032,1032,1032,1032,1032,1032,1032,1032,1032,1032,1032,
size:24
[agent] id:2
path:898,1005,1112,1219,1326,1433,1434,1435,1436,1437,1544,1651,1758,1865,1972,2079,2186,2293,2294,2295,2296,2297,2298,2299,2300,2301,2302,2303,2304,2305,2306,2307,2307,2307,2307,2307,2307,2307,2307,2307,2307,2307,2307,2307,2307,2307,2307,2307,2307,2307,2307,2307,2307,2307,2307,2307,
goal:2307,2307,2307,2307,2307,2307,2307,2307,2307,2307,2307,2307,2307,2307,2307,2307,2307,2307,2307,2307,2307,2307,2307,2307,2307,2307,2307,2307,2307,2307,2307,2307,2307,2307,2307,2307,2307,2307,2307,2307,2307,2307,2307,2307,2307,2307,2307,2307,2307,2307,2307,2307,2307,2307,2307,2307,
size:31
[agent] id:3
path:1908,2015,2014,2013,2012,2011,2010,2009,2008,2007,2006,2005,2004,2003,2002,2001,2000,1999,1998,1997,1996,1995,1994,1993,1992,1991,1990,1989,1988,1987,1986,1985,1984,1983,1982,1981,1980,1979,1978,1871,1870,1869,1868,1867,1866,1759,1652,1545,1438,1331,1224,1117,1010,903,796,797,
goal:797,797,797,797,797,797,797,797,797,797,797,797,797,797,797,797,797,797,797,797,797,797,797,797,797,797,797,797,797,797,797,797,797,797,797,797,797,797,797,797,797,797,797,797,797,797,797,797,797,797,797,797,797,797,797,797,
size:55
[agent] id:4
path:562,669,776,883,990,1097,1204,1311,1418,1417,1416,1415,1414,1521,1628,1735,1842,1949,2056,2055,2054,2053,2052,2051,2050,2050,2050,2050,2050,2050,2050,2050,2050,2050,2050,2050,2050,2050,2050,2050,2050,2050,2050,2050,2050,2050,2050,2050,2050,2050,2050,2050,2050,2050,2050,2050,
goal:2050,2050,2050,2050,2050,2050,2050,2050,2050,2050,2050,2050,2050,2050,2050,2050,2050,2050,2050,2050,2050,2050,2050,2050,2050,2050,2050,2050,2050,2050,2050,2050,2050,2050,2050,2050,2050,2050,2050,2050,2050,2050,2050,2050,2050,2050,2050,2050,2050,2050,2050,2050,2050,2050,2050,2050,
size:24
[agent] id:5
path:2490,2597,2704,2811,2918,3025,3026,3027,3028,3029,3030,3031,3032,3033,3034,3035,3036,3037,3038,3039,3040,3041,3042,3043,3044,3045,3046,3047,3048,3049,3050,3157,3264,3265,3266,3267,3268,3269,3270,3270,3270,3270,3270,3270,3270,3270,3270,3270,3270,3270,3270,3270,3270,3270,3270,3270,
goal:3270,3270,3270,3270,3270,3270,3270,3270,3270,3270,3270,3270,3270,3270,3270,3270,3270,3270,3270,3270,3270,3270,3270,3270,3270,3270,3270,3270,3270,3270,3270,3270,3270,3270,3270,3270,3270,3270,3270,3270,3270,3270,3270,3270,3270,3270,3270,3270,3270,3270,3270,3270,3270,3270,3270,3270,
size:38
[agent] id:6
path:1957,2064,2171,2278,2385,2492,2493,2494,2495,2496,2497,2498,2499,2500,2501,2502,2503,2504,2505,2506,2507,2508,2509,2510,2511,2512,2513,2513,2513,2513,2513,2513,2513,2513,2513,2513,2513,2513,2513,2513,2513,2513,2513,2513,2513,2513,2513,2513,2513,2513,2513,2513,2513,2513,2513,2513,
goal:2513,2513,2513,2513,2513,2513,2513,2513,2513,2513,2513,2513,2513,2513,2513,2513,2513,2513,2513,2513,2513,2513,2513,2513,2513,2513,2513,2513,2513,2513,2513,2513,2513,2513,2513,2513,2513,2513,2513,2513,2513,2513,2513,2513,2513,2513,2513,2513,2513,2513,2513,2513,2513,2513,2513,2513,
size:26
[agent] id:7
path:3057,2950,2843,2736,2629,2522,2415,2308,2201,2202,2202,2202,2202,2202,2202,2202,2202,2202,2202,2202,2202,2202,2202,2202,2202,2202,2202,2202,2202,2202,2202,2202,2202,2202,2202,2202,2202,2202,2202,2202,2202,2202,2202,2202,2202,2202,2202,2202,2202,2202,2202,2202,2202,2202,2202,2202,
goal:2202,2202,2202,2202,2202,2202,2202,2202,2202,2202,2202,2202,2202,2202,2202,2202,2202,2202,2202,2202,2202,2202,2202,2202,2202,2202,2202,2202,2202,2202,2202,2202,2202,2202,2202,2202,2202,2202,2202,2202,2202,2202,2202,2202,2202,2202,2202,2202,2202,2202,2202,2202,2202,2202,2202,2202,
size:9
[agent] id:8
path:1960,2067,2174,2281,2388,2387,2386,2493,2492,2491,2490,2489,2488,2487,2486,2485,2484,2483,2482,2481,2480,2479,2478,2477,2476,2475,2474,2581,2688,2795,2902,3009,3008,3115,3114,3114,3114,3114,3114,3114,3114,3114,3114,3114,3114,3114,3114,3114,3114,3114,3114,3114,3114,3114,3114,3114,
goal:3114,3114,3114,3114,3114,3114,3114,3114,3114,3114,3114,3114,3114,3114,3114,3114,3114,3114,3114,3114,3114,3114,3114,3114,3114,3114,3114,3114,3114,3114,3114,3114,3114,3114,3114,3114,3114,3114,3114,3114,3114,3114,3114,3114,3114,3114,3114,3114,3114,3114,3114,3114,3114,3114,3114,3114,
size:34
[agent] id:9
path:1977,1870,1869,1868,1867,1866,1759,1652,1545,1438,1331,1224,1117,1010,903,904,904,904,904,904,904,904,904,904,904,904,904,904,904,904,904,904,904,904,904,904,904,904,904,904,904,904,904,904,904,904,904,904,904,904,904,904,904,904,904,904,
goal:904,904,904,904,904,904,904,904,904,904,904,904,904,904,904,904,904,904,904,904,904,904,904,904,904,904,904,904,904,904,904,904,904,904,904,904,904,904,904,904,904,904,904,904,904,904,904,904,904,904,904,904,904,904,904,904,
size:15
SolutionCost:309
