[setting] seed:8
[solver] type:ECBS
[solver] w:3.000000
[solver] ID:0
[solver] Lowlevelnode:2831
[solver] solved:1
[solver] elapsed:26
[solver] makespan:86
[problem] timesteplimit:10000
[problem] type:MAPF
[problem] agentnum:10
[graph] width:107
[graph] height:47
[graph] filename:./map/orz601d.map
[task] id:3,start:0,end:0,service time:0,nodes:2384,
[task] id:0,start:0,end:0,service time:0,nodes:2715,
[task] id:1,start:0,end:0,service time:0,nodes:1987,
[task] id:6,start:0,end:0,service time:0,nodes:685,
[task] id:4,start:0,end:0,service time:0,nodes:1134,
[task] id:5,start:0,end:0,service time:0,nodes:3703,
[task] id:2,start:0,end:0,service time:0,nodes:2898,
[task] id:9,start:0,end:0,service time:0,nodes:2788,
[task] id:8,start:0,end:0,service time:0,nodes:2536,
[task] id:7,start:0,end:0,service time:0,nodes:2446,
[agent] id:0
path:1840,1947,2054,2161,2268,2375,2482,2589,2696,2697,2698,2699,2700,2701,2702,2703,2704,2705,2706,2707,2708,2709,2710,2711,2712,2713,2714,2715,2715,2715,2715,2715,2715,2715,2715,2715,2715,2715,2715,2715,2715,2715,2715,2715,2715,2715,2715,2715,2715,2715,2715,2715,2715,2715,2715,2715,2715,2715,2715,2715,2715,2715,2715,2715,2715,2715,2715,2715,2715,2715,2715,2715,2715,2715,2715,2715,2715,2715,2715,2715,2715,2715,2715,2715,2715,2715,2715,
goal:2715,2715,2715,2715,2715,2715,2715,2715,2715,2715,2715,2715,2715,2715,2715,2715,2715,2715,2715,2715,2715,2715,2715,2715,2715,2715,2715,2715,2715,2715,2715,2715,2715,2715,2715,2715,2715,2715,2715,2715,2715,2715,2715,2715,2715,2715,2715,2715,2715,2715,2715,2715,2715,2715,2715,2715,2715,2715,2715,2715,2715,2715,2715,2715,2715,2715,2715,2715,2715,2715,2715,2715,2715,2715,2715,2715,2715,2715,2715,2715,2715,2715,2715,2715,2715,2715,2715,
size:27
[agent] id:1
path:3705,3598,3599,3600,3601,3494,3387,3280,3173,3066,2959,2852,2745,2638,2531,2424,2317,2210,2103,1996,1995,1994,1993,1992,1991,1990,1989,1988,1987,1987,1987,1987,1987,1987,1987,1987,1987,1987,1987,1987,1987,1987,1987,1987,1987,1987,1987,1987,1987,1987,1987,1987,1987,1987,1987,1987,1987,1987,1987,1987,1987,1987,1987,1987,1987,1987,1987,1987,1987,1987,1987,1987,1987,1987,1987,1987,1987,1987,1987,1987,1987,1987,1987,1987,1987,1987,1987,
goal:1987,1987,1987,1987,1987,1987,1987,1987,1987,1987,1987,1987,1987,1987,1987,1987,1987,1987,1987,1987,1987,1987,1987,1987,1987,1987,1987,1987,1987,1987,1987,1987,1987,1987,1987,1987,1987,1987,1987,1987,1987,1987,1987,1987,1987,1987,1987,1987,1987,1987,1987,1987,1987,1987,1987,1987,1987,1987,1987,1987,1987,1987,1987,1987,1987,1987,1987,1987,1987,1987,1987,1987,1987,1987,1987,1987,1987,1987,1987,1987,1987,1987,1987,1987,1987,1987,1987,
size:28
[agent] id:2
path:4513,4406,4299,4192,4085,3978,3871,3764,3765,3766,3767,3660,3553,3446,3339,3232,3125,3018,2911,2910,2909,2908,2907,2906,2799,2692,2585,2478,2477,2476,2475,2474,2581,2688,2795,2902,2901,2900,2899,2898,2898,2898,2898,2898,2898,2898,2898,2898,2898,2898,2898,2898,2898,2898,2898,2898,2898,2898,2898,2898,2898,2898,2898,2898,2898,2898,2898,2898,2898,2898,2898,2898,2898,2898,2898,2898,2898,2898,2898,2898,2898,2898,2898,2898,2898,2898,2898,
goal:2898,2898,2898,2898,2898,2898,2898,2898,2898,2898,2898,2898,2898,2898,2898,2898,2898,2898,2898,2898,2898,2898,2898,2898,2898,2898,2898,2898,2898,2898,2898,2898,2898,2898,2898,2898,2898,2898,2898,2898,2898,2898,2898,2898,2898,2898,2898,2898,2898,2898,2898,2898,2898,2898,2898,2898,2898,2898,2898,2898,2898,2898,2898,2898,2898,2898,2898,2898,2898,2898,2898,2898,2898,2898,2898,2898,2898,2898,2898,2898,2898,2898,2898,2898,2898,2898,2898,
size:39
[agent] id:3
path:3447,3340,3233,3126,3019,2912,2805,2698,2591,2484,2377,2378,2379,2380,2381,2382,2383,2384,2384,2384,2384,2384,2384,2384,2384,2384,2384,2384,2384,2384,2384,2384,2384,2384,2384,2384,2384,2384,2384,2384,2384,2384,2384,2384,2384,2384,2384,2384,2384,2384,2384,2384,2384,2384,2384,2384,2384,2384,2384,2384,2384,2384,2384,2384,2384,2384,2384,2384,2384,2384,2384,2384,2384,2384,2384,2384,2384,2384,2384,2384,2384,2384,2384,2384,2384,2384,2384,
goal:2384,2384,2384,2384,2384,2384,2384,2384,2384,2384,2384,2384,2384,2384,2384,2384,2384,2384,2384,2384,2384,2384,2384,2384,2384,2384,2384,2384,2384,2384,2384,2384,2384,2384,2384,2384,2384,2384,2384,2384,2384,2384,2384,2384,2384,2384,2384,2384,2384,2384,2384,2384,2384,2384,2384,2384,2384,2384,2384,2384,2384,2384,2384,2384,2384,2384,2384,2384,2384,2384,2384,2384,2384,2384,2384,2384,2384,2384,2384,2384,2384,2384,2384,2384,2384,2384,2384,
size:17
[agent] id:4
path:2410,2303,2196,2089,1982,1983,1984,1985,1986,1987,1988,1989,1990,1991,1884,1885,1886,1887,1888,1889,1782,1675,1568,1461,1354,1247,1140,1139,1138,1137,1136,1135,1134,1134,1134,1134,1134,1134,1134,1134,1134,1134,1134,1134,1134,1134,1134,1134,1134,1134,1134,1134,1134,1134,1134,1134,1134,1134,1134,1134,1134,1134,1134,1134,1134,1134,1134,1134,1134,1134,1134,1134,1134,1134,1134,1134,1134,1134,1134,1134,1134,1134,1134,1134,1134,1134,1134,
goal:1134,1134,1134,1134,1134,1134,1134,1134,1134,1134,1134,1134,1134,1134,1134,1134,1134,1134,1134,1134,1134,1134,1134,1134,1134,1134,1134,1134,1134,1134,1134,1134,1134,1134,1134,1134,1134,1134,1134,1134,1134,1134,1134,1134,1134,1134,1134,1134,1134,1134,1134,1134,1134,1134,1134,1134,1134,1134,1134,1134,1134,1134,1134,1134,1134,1134,1134,1134,1134,1134,1134,1134,1134,1134,1134,1134,1134,1134,1134,1134,1134,1134,1134,1134,1134,1134,1134,
size:32
[agent] id:5
path:2405,2512,2619,2726,2833,2940,3047,3048,3049,3050,3051,3052,3053,3054,3055,3056,3057,3058,3059,3060,3061,3062,3169,3170,3171,3172,3173,3280,3387,3494,3601,3708,3707,3706,3705,3704,3703,3703,3703,3703,3703,3703,3703,3703,3703,3703,3703,3703,3703,3703,3703,3703,3703,3703,3703,3703,3703,3703,3703,3703,3703,3703,3703,3703,3703,3703,3703,3703,3703,3703,3703,3703,3703,3703,3703,3703,3703,3703,3703,3703,3703,3703,3703,3703,3703,3703,3703,
goal:3703,3703,3703,3703,3703,3703,3703,3703,3703,3703,3703,3703,3703,3703,3703,3703,3703,3703,3703,3703,3703,3703,3703,3703,3703,3703,3703,3703,3703,3703,3703,3703,3703,3703,3703,3703,3703,3703,3703,3703,3703,3703,3703,3703,3703,3703,3703,3703,3703,3703,3703,3703,3703,3703,3703,3703,3703,3703,3703,3703,3703,3703,3703,3703,3703,3703,3703,3703,3703,3703,3703,3703,3703,3703,3703,3703,3703,3703,3703,3703,3703,3703,3703,3703,3703,3703,3703,
size:36
[agent] id:6
path:3047,2940,2833,2832,2725,2618,2511,2404,2297,2190,2083,1976,1869,1868,1867,1866,1759,1652,1545,1438,1331,1224,1117,1010,903,796,689,688,687,686,685,685,685,685,685,685,685,685,685,685,685,685,685,685,685,685,685,685,685,685,685,685,685,685,685,685,685,685,685,685,685,685,685,685,685,685,685,685,685,685,685,685,685,685,685,685,685,685,685,685,685,685,685,685,685,685,685,
goal:685,685,685,685,685,685,685,685,685,685,685,685,685,685,685,685,685,685,685,685,685,685,685,685,685,685,685,685,685,685,685,685,685,685,685,685,685,685,685,685,685,685,685,685,685,685,685,685,685,685,685,685,685,685,685,685,685,685,685,685,685,685,685,685,685,685,685,685,685,685,685,685,685,685,685,685,685,685,685,685,685,685,685,685,685,685,685,
size:30
[agent] id:7
path:982,1089,1196,1303,1410,1411,1412,1413,1520,1627,1734,1841,1948,2055,2162,2269,2270,2271,2272,2273,2274,2275,2276,2277,2278,2385,2386,2387,2388,2389,2390,2391,2392,2393,2394,2395,2396,2397,2398,2399,2400,2401,2402,2403,2404,2405,2406,2407,2408,2409,2410,2411,2412,2413,2414,2415,2416,2417,2418,2419,2420,2421,2422,2423,2424,2425,2426,2427,2428,2429,2430,2431,2432,2433,2434,2435,2436,2437,2438,2439,2440,2441,2442,2443,2444,2445,2446,
goal:2446,2446,2446,2446,2446,2446,2446,2446,2446,2446,2446,2446,2446,2446,2446,2446,2446,2446,2446,2446,2446,2446,2446,2446,2446,2446,2446,2446,2446,2446,2446,2446,2446,2446,2446,2446,2446,2446,2446,2446,2446,2446,2446,2446,2446,2446,2446,2446,2446,2446,2446,2446,2446,2446,2446,2446,2446,2446,2446,2446,2446,2446,2446,2446,2446,2446,2446,2446,2446,2446,2446,2446,2446,2446,2446,2446,2446,2446,2446,2446,2446,2446,2446,2446,2446,2446,2446,
size:86
[agent] id:8
path:3773,3772,3771,3770,3769,3768,3661,3554,3447,3340,3233,3126,3019,2912,2805,2698,2591,2484,2485,2486,2487,2488,2489,2490,2491,2492,2493,2494,2495,2496,2497,2498,2499,2500,2501,2502,2503,2504,2505,2506,2507,2508,2509,2510,2511,2512,2513,2514,2515,2516,2517,2518,2519,2520,2521,2522,2523,2524,2525,2526,2527,2528,2529,2530,2531,2532,2533,2534,2535,2536,2536,2536,2536,2536,2536,2536,2536,2536,2536,2536,2536,2536,2536,2536,2536,2536,2536,
goal:2536,2536,2536,2536,2536,2536,2536,2536,2536,2536,2536,2536,2536,2536,2536,2536,2536,2536,2536,2536,2536,2536,2536,2536,2536,2536,2536,2536,2536,2536,2536,2536,2536,2536,2536,2536,2536,2536,2536,2536,2536,2536,2536,2536,2536,2536,2536,2536,2536,2536,2536,2536,2536,2536,2536,2536,2536,2536,2536,2536,2536,2536,2536,2536,2536,2536,2536,2536,2536,2536,2536,2536,2536,2536,2536,2536,2536,2536,2536,2536,2536,2536,2536,2536,2536,2536,2536,
size:69
[agent] id:9
path:3035,2928,2821,2714,2607,2606,2605,2604,2603,2602,2601,2600,2599,2598,2597,2596,2595,2594,2593,2592,2485,2484,2483,2482,2481,2480,2479,2479,2478,2477,2476,2475,2474,2581,2688,2795,2794,2793,2792,2791,2790,2789,2788,2788,2788,2788,2788,2788,2788,2788,2788,2788,2788,2788,2788,2788,2788,2788,2788,2788,2788,2788,2788,2788,2788,2788,2788,2788,2788,2788,2788,2788,2788,2788,2788,2788,2788,2788,2788,2788,2788,2788,2788,2788,2788,2788,2788,
goal:2788,2788,2788,2788,2788,2788,2788,2788,2788,2788,2788,2788,2788,2788,2788,2788,2788,2788,2788,2788,2788,2788,2788,2788,2788,2788,2788,2788,2788,2788,2788,2788,2788,2788,2788,2788,2788,2788,2788,2788,2788,2788,2788,2788,2788,2788,2788,2788,2788,2788,2788,2788,2788,2788,2788,2788,2788,2788,2788,2788,2788,2788,2788,2788,2788,2788,2788,2788,2788,2788,2788,2788,2788,2788,2788,2788,2788,2788,2788,2788,2788,2788,2788,2788,2788,2788,2788,
size:42
SolutionCost:406
