[setting] seed:10
[solver] type:ECBS
[solver] w:3.000000
[solver] ID:0
[solver] Lowlevelnode:23637
[solver] solved:1
[solver] elapsed:201
[solver] makespan:96
[problem] timesteplimit:10000
[problem] type:MAPF
[problem] agentnum:20
[graph] width:107
[graph] height:47
[graph] filename:./map/orz601d.map
[task] id:5,start:0,end:0,service time:0,nodes:1980,
[task] id:8,start:0,end:0,service time:0,nodes:2187,
[task] id:14,start:0,end:0,service time:0,nodes:2374,
[task] id:2,start:0,end:0,service time:0,nodes:3055,
[task] id:7,start:0,end:0,service time:0,nodes:2149,
[task] id:9,start:0,end:0,service time:0,nodes:3041,
[task] id:10,start:0,end:0,service time:0,nodes:3083,
[task] id:1,start:0,end:0,service time:0,nodes:2277,
[task] id:13,start:0,end:0,service time:0,nodes:1111,
[task] id:6,start:0,end:0,service time:0,nodes:2729,
[task] id:0,start:0,end:0,service time:0,nodes:2763,
[task] id:11,start:0,end:0,service time:0,nodes:3093,
[task] id:18,start:0,end:0,service time:0,nodes:3986,
[task] id:16,start:0,end:0,service time:0,nodes:2378,
[task] id:12,start:0,end:0,service time:0,nodes:2911,
[task] id:3,start:0,end:0,service time:0,nodes:2967,
[task] id:4,start:0,end:0,service time:0,nodes:2973,
[task] id:17,start:0,end:0,service time:0,nodes:2347,
[task] id:15,start:0,end:0,service time:0,nodes:601,
[task] id:19,start:0,end:0,service time:0,nodes:2130,
[agent] id:0
path:2607,2714,2715,2716,2717,2718,2719,2720,2721,2722,2723,2724,2725,2726,2727,2728,2729,2730,2731,2732,2733,2734,2735,2736,2737,2738,2739,2740,2741,2742,2743,2744,2745,2746,2747,2748,2749,2750,2751,2752,2753,2754,2755,2756,2757,2758,2759,2760,2761,2762,2763,2763,2763,2763,2763,2763,2763,2763,2763,2763,2763,2763,2763,2763,2763,2763,2763,2763,2763,2763,2763,2763,2763,2763,2763,2763,2763,2763,2763,2763,2763,2763,2763,2763,2763,2763,2763,2763,2763,2763,2763,2763,2763,2763,2763,2763,2763,
goal:2763,2763,2763,2763,2763,2763,2763,2763,2763,2763,2763,2763,2763,2763,2763,2763,2763,2763,2763,2763,2763,2763,2763,2763,2763,2763,2763,2763,2763,2763,2763,2763,2763,2763,2763,2763,2763,2763,2763,2763,2763,2763,2763,2763,2763,2763,2763,2763,2763,2763,2763,2763,2763,2763,2763,2763,2763,2763,2763,2763,2763,2763,2763,2763,2763,2763,2763,2763,2763,2763,2763,2763,2763,2763,2763,2763,2763,2763,2763,2763,2763,2763,2763,2763,2763,2763,2763,2763,2763,2763,2763,2763,2763,2763,2763,2763,2763,
size:50
[agent] id:1
path:1886,1993,2100,2207,2314,2313,2312,2311,2310,2309,2308,2307,2306,2305,2304,2303,2302,2301,2300,2299,2298,2297,2296,2295,2294,2293,2292,2291,2290,2289,2288,2287,2286,2285,2284,2283,2282,2281,2280,2279,2278,2277,2277,2277,2277,2277,2277,2277,2277,2277,2277,2277,2277,2277,2277,2277,2277,2277,2277,2277,2277,2277,2277,2277,2277,2277,2277,2277,2277,2277,2277,2277,2277,2277,2277,2277,2277,2277,2277,2277,2277,2277,2277,2277,2277,2277,2277,2277,2277,2277,2277,2277,2277,2277,2277,2277,2277,
goal:2277,2277,2277,2277,2277,2277,2277,2277,2277,2277,2277,2277,2277,2277,2277,2277,2277,2277,2277,2277,2277,2277,2277,2277,2277,2277,2277,2277,2277,2277,2277,2277,2277,2277,2277,2277,2277,2277,2277,2277,2277,2277,2277,2277,2277,2277,2277,2277,2277,2277,2277,2277,2277,2277,2277,2277,2277,2277,2277,2277,2277,2277,2277,2277,2277,2277,2277,2277,2277,2277,2277,2277,2277,2277,2277,2277,2277,2277,2277,2277,2277,2277,2277,2277,2277,2277,2277,2277,2277,2277,2277,2277,2277,2277,2277,2277,2277,
size:41
[agent] id:2
path:3598,3599,3600,3601,3494,3387,3280,3173,3066,3065,3064,3063,3062,3061,3060,3059,3058,3057,3056,3055,3055,3055,3055,3055,3055,3055,3055,3055,3055,3055,3055,3055,3055,3055,3055,3055,3055,3055,3055,3055,3055,3055,3055,3055,3055,3055,3055,3055,3055,3055,3055,3055,3055,3055,3055,3055,3055,3055,3055,3055,3055,3055,3055,3055,3055,3055,3055,3055,3055,3055,3055,3055,3055,3055,3055,3055,3055,3055,3055,3055,3055,3055,3055,3055,3055,3055,3055,3055,3055,3055,3055,3055,3055,3055,3055,3055,3055,
goal:3055,3055,3055,3055,3055,3055,3055,3055,3055,3055,3055,3055,3055,3055,3055,3055,3055,3055,3055,3055,3055,3055,3055,3055,3055,3055,3055,3055,3055,3055,3055,3055,3055,3055,3055,3055,3055,3055,3055,3055,3055,3055,3055,3055,3055,3055,3055,3055,3055,3055,3055,3055,3055,3055,3055,3055,3055,3055,3055,3055,3055,3055,3055,3055,3055,3055,3055,3055,3055,3055,3055,3055,3055,3055,3055,3055,3055,3055,3055,3055,3055,3055,3055,3055,3055,3055,3055,3055,3055,3055,3055,3055,3055,3055,3055,3055,3055,
size:19
[agent] id:3
path:4297,4190,4083,3976,3869,3762,3763,3764,3765,3766,3767,3660,3553,3446,3339,3232,3125,3018,2911,2912,2913,2914,2915,2916,2917,2918,2919,2920,2921,2922,2923,2924,2925,2926,2927,2928,2929,2930,2931,2932,2933,2934,2935,2936,2937,2938,2939,2940,2941,2942,2943,2944,2945,2946,2947,2948,2949,2950,2951,2952,2953,2954,2955,2956,2957,2958,2959,2960,2961,2962,2963,2964,2965,2966,2967,2967,2967,2967,2967,2967,2967,2967,2967,2967,2967,2967,2967,2967,2967,2967,2967,2967,2967,2967,2967,2967,2967,
goal:2967,2967,2967,2967,2967,2967,2967,2967,2967,2967,2967,2967,2967,2967,2967,2967,2967,2967,2967,2967,2967,2967,2967,2967,2967,2967,2967,2967,2967,2967,2967,2967,2967,2967,2967,2967,2967,2967,2967,2967,2967,2967,2967,2967,2967,2967,2967,2967,2967,2967,2967,2967,2967,2967,2967,2967,2967,2967,2967,2967,2967,2967,2967,2967,2967,2967,2967,2967,2967,2967,2967,2967,2967,2967,2967,2967,2967,2967,2967,2967,2967,2967,2967,2967,2967,2967,2967,2967,2967,2967,2967,2967,2967,2967,2967,2967,2967,
size:74
[agent] id:4
path:3762,3763,3764,3765,3766,3767,3660,3553,3446,3339,3232,3125,3018,2911,2912,2913,2914,2915,2916,2917,2918,2919,2920,2921,2922,2923,2924,2925,2926,2927,2928,2929,2930,2931,2932,2933,2934,2935,2936,2937,2938,2939,2940,2941,2942,2943,2944,2945,2946,2947,2948,2949,2950,2951,2952,2953,2954,2955,2956,2957,2958,2959,2960,2961,2962,2963,2964,2965,2966,2967,2968,2969,2970,2971,2972,2973,2973,2973,2973,2973,2973,2973,2973,2973,2973,2973,2973,2973,2973,2973,2973,2973,2973,2973,2973,2973,2973,
goal:2973,2973,2973,2973,2973,2973,2973,2973,2973,2973,2973,2973,2973,2973,2973,2973,2973,2973,2973,2973,2973,2973,2973,2973,2973,2973,2973,2973,2973,2973,2973,2973,2973,2973,2973,2973,2973,2973,2973,2973,2973,2973,2973,2973,2973,2973,2973,2973,2973,2973,2973,2973,2973,2973,2973,2973,2973,2973,2973,2973,2973,2973,2973,2973,2973,2973,2973,2973,2973,2973,2973,2973,2973,2973,2973,2973,2973,2973,2973,2973,2973,2973,2973,2973,2973,2973,2973,2973,2973,2973,2973,2973,2973,2973,2973,2973,2973,
size:75
[agent] id:5
path:1869,1976,1977,1978,1979,1980,1980,1980,1980,1980,1980,1980,1980,1980,1980,1980,1980,1980,1980,1980,1980,1980,1980,1980,1980,1980,1980,1980,1980,1980,1980,1980,1980,1980,1980,1980,1980,1980,1980,1980,1980,1980,1980,1980,1980,1980,1980,1980,1980,1980,1980,1980,1980,1980,1980,1980,1980,1980,1980,1980,1980,1980,1980,1980,1980,1980,1980,1980,1980,1980,1980,1980,1980,1980,1980,1980,1980,1980,1980,1980,1980,1980,1980,1980,1980,1980,1980,1980,1980,1980,1980,1980,1980,1980,1980,1980,1980,
goal:1980,1980,1980,1980,1980,1980,1980,1980,1980,1980,1980,1980,1980,1980,1980,1980,1980,1980,1980,1980,1980,1980,1980,1980,1980,1980,1980,1980,1980,1980,1980,1980,1980,1980,1980,1980,1980,1980,1980,1980,1980,1980,1980,1980,1980,1980,1980,1980,1980,1980,1980,1980,1980,1980,1980,1980,1980,1980,1980,1980,1980,1980,1980,1980,1980,1980,1980,1980,1980,1980,1980,1980,1980,1980,1980,1980,1980,1980,1980,1980,1980,1980,1980,1980,1980,1980,1980,1980,1980,1980,1980,1980,1980,1980,1980,1980,1980,
size:5
[agent] id:6
path:2576,2577,2578,2579,2580,2581,2474,2475,2476,2477,2478,2585,2692,2693,2694,2695,2696,2697,2698,2699,2700,2701,2702,2703,2704,2705,2706,2707,2708,2709,2710,2711,2712,2713,2714,2715,2716,2717,2718,2719,2720,2721,2722,2723,2724,2725,2726,2727,2728,2729,2729,2729,2729,2729,2729,2729,2729,2729,2729,2729,2729,2729,2729,2729,2729,2729,2729,2729,2729,2729,2729,2729,2729,2729,2729,2729,2729,2729,2729,2729,2729,2729,2729,2729,2729,2729,2729,2729,2729,2729,2729,2729,2729,2729,2729,2729,2729,
goal:2729,2729,2729,2729,2729,2729,2729,2729,2729,2729,2729,2729,2729,2729,2729,2729,2729,2729,2729,2729,2729,2729,2729,2729,2729,2729,2729,2729,2729,2729,2729,2729,2729,2729,2729,2729,2729,2729,2729,2729,2729,2729,2729,2729,2729,2729,2729,2729,2729,2729,2729,2729,2729,2729,2729,2729,2729,2729,2729,2729,2729,2729,2729,2729,2729,2729,2729,2729,2729,2729,2729,2729,2729,2729,2729,2729,2729,2729,2729,2729,2729,2729,2729,2729,2729,2729,2729,2729,2729,2729,2729,2729,2729,2729,2729,2729,2729,
size:49
[agent] id:7
path:877,984,1091,1198,1305,1412,1413,1520,1627,1734,1841,1948,2055,2162,2161,2160,2159,2158,2157,2264,2371,2370,2369,2368,2367,2260,2153,2152,2151,2150,2149,2149,2149,2149,2149,2149,2149,2149,2149,2149,2149,2149,2149,2149,2149,2149,2149,2149,2149,2149,2149,2149,2149,2149,2149,2149,2149,2149,2149,2149,2149,2149,2149,2149,2149,2149,2149,2149,2149,2149,2149,2149,2149,2149,2149,2149,2149,2149,2149,2149,2149,2149,2149,2149,2149,2149,2149,2149,2149,2149,2149,2149,2149,2149,2149,2149,2149,
goal:2149,2149,2149,2149,2149,2149,2149,2149,2149,2149,2149,2149,2149,2149,2149,2149,2149,2149,2149,2149,2149,2149,2149,2149,2149,2149,2149,2149,2149,2149,2149,2149,2149,2149,2149,2149,2149,2149,2149,2149,2149,2149,2149,2149,2149,2149,2149,2149,2149,2149,2149,2149,2149,2149,2149,2149,2149,2149,2149,2149,2149,2149,2149,2149,2149,2149,2149,2149,2149,2149,2149,2149,2149,2149,2149,2149,2149,2149,2149,2149,2149,2149,2149,2149,2149,2149,2149,2149,2149,2149,2149,2149,2149,2149,2149,2149,2149,
size:30
[agent] id:8
path:1980,2087,2194,2193,2192,2191,2190,2189,2188,2187,2187,2187,2187,2187,2187,2187,2187,2187,2187,2187,2187,2187,2187,2187,2187,2187,2187,2187,2187,2187,2187,2187,2187,2187,2187,2187,2187,2187,2187,2187,2187,2187,2187,2187,2187,2187,2187,2187,2187,2187,2187,2187,2187,2187,2187,2187,2187,2187,2187,2187,2187,2187,2187,2187,2187,2187,2187,2187,2187,2187,2187,2187,2187,2187,2187,2187,2187,2187,2187,2187,2187,2187,2187,2187,2187,2187,2187,2187,2187,2187,2187,2187,2187,2187,2187,2187,2187,
goal:2187,2187,2187,2187,2187,2187,2187,2187,2187,2187,2187,2187,2187,2187,2187,2187,2187,2187,2187,2187,2187,2187,2187,2187,2187,2187,2187,2187,2187,2187,2187,2187,2187,2187,2187,2187,2187,2187,2187,2187,2187,2187,2187,2187,2187,2187,2187,2187,2187,2187,2187,2187,2187,2187,2187,2187,2187,2187,2187,2187,2187,2187,2187,2187,2187,2187,2187,2187,2187,2187,2187,2187,2187,2187,2187,2187,2187,2187,2187,2187,2187,2187,2187,2187,2187,2187,2187,2187,2187,2187,2187,2187,2187,2187,2187,2187,2187,
size:9
[agent] id:9
path:4302,4195,4088,3981,3874,3875,3768,3661,3554,3447,3340,3233,3126,3019,3020,3021,3022,3023,3024,3025,3026,3027,3028,3029,3030,3031,3032,3033,3034,3035,3036,3037,3037,2930,2931,3038,3039,3040,3041,3041,3041,3041,3041,3041,3041,3041,3041,3041,3041,3041,3041,3041,3041,3041,3041,3041,3041,3041,3041,3041,3041,3041,3041,3041,3041,3041,3041,3041,3041,3041,3041,3041,3041,3041,3041,3041,3041,3041,3041,3041,3041,3041,3041,3041,3041,3041,3041,3041,3041,3041,3041,3041,3041,3041,3041,3041,3041,
goal:3041,3041,3041,3041,3041,3041,3041,3041,3041,3041,3041,3041,3041,3041,3041,3041,3041,3041,3041,3041,3041,3041,3041,3041,3041,3041,3041,3041,3041,3041,3041,3041,3041,3041,3041,3041,3041,3041,3041,3041,3041,3041,3041,3041,3041,3041,3041,3041,3041,3041,3041,3041,3041,3041,3041,3041,3041,3041,3041,3041,3041,3041,3041,3041,3041,3041,3041,3041,3041,3041,3041,3041,3041,3041,3041,3041,3041,3041,3041,3041,3041,3041,3041,3041,3041,3041,3041,3041,3041,3041,3041,3041,3041,3041,3041,3041,3041,
size:38
[agent] id:10
path:2621,2728,2835,2942,2943,2944,2945,2946,2947,2948,2949,2950,2951,2952,2953,3060,3061,3062,3063,3064,3065,3066,3067,3068,3069,3070,3071,3072,3073,3074,3075,3076,3077,3078,3079,3080,3081,3082,3083,3083,3083,3083,3083,3083,3083,3083,3083,3083,3083,3083,3083,3083,3083,3083,3083,3083,3083,3083,3083,3083,3083,3083,3083,3083,3083,3083,3083,3083,3083,3083,3083,3083,3083,3083,3083,3083,3083,3083,3083,3083,3083,3083,3083,3083,3083,3083,3083,3083,3083,3083,3083,3083,3083,3083,3083,3083,3083,
goal:3083,3083,3083,3083,3083,3083,3083,3083,3083,3083,3083,3083,3083,3083,3083,3083,3083,3083,3083,3083,3083,3083,3083,3083,3083,3083,3083,3083,3083,3083,3083,3083,3083,3083,3083,3083,3083,3083,3083,3083,3083,3083,3083,3083,3083,3083,3083,3083,3083,3083,3083,3083,3083,3083,3083,3083,3083,3083,3083,3083,3083,3083,3083,3083,3083,3083,3083,3083,3083,3083,3083,3083,3083,3083,3083,3083,3083,3083,3083,3083,3083,3083,3083,3083,3083,3083,3083,3083,3083,3083,3083,3083,3083,3083,3083,3083,3083,
size:38
[agent] id:11
path:2604,2605,2606,2607,2608,2609,2610,2611,2612,2613,2614,2615,2616,2617,2618,2619,2620,2621,2622,2623,2624,2625,2626,2627,2628,2629,2630,2631,2632,2633,2634,2635,2636,2637,2638,2639,2640,2641,2642,2643,2644,2645,2646,2647,2648,2649,2650,2651,2652,2653,2654,2655,2656,2657,2658,2659,2660,2661,2662,2663,2664,2665,2772,2879,2986,3093,3093,3093,3093,3093,3093,3093,3093,3093,3093,3093,3093,3093,3093,3093,3093,3093,3093,3093,3093,3093,3093,3093,3093,3093,3093,3093,3093,3093,3093,3093,3093,
goal:3093,3093,3093,3093,3093,3093,3093,3093,3093,3093,3093,3093,3093,3093,3093,3093,3093,3093,3093,3093,3093,3093,3093,3093,3093,3093,3093,3093,3093,3093,3093,3093,3093,3093,3093,3093,3093,3093,3093,3093,3093,3093,3093,3093,3093,3093,3093,3093,3093,3093,3093,3093,3093,3093,3093,3093,3093,3093,3093,3093,3093,3093,3093,3093,3093,3093,3093,3093,3093,3093,3093,3093,3093,3093,3093,3093,3093,3093,3093,3093,3093,3093,3093,3093,3093,3093,3093,3093,3093,3093,3093,3093,3093,3093,3093,3093,3093,
size:65
[agent] id:12
path:2977,2976,2975,2974,2973,2972,2971,2970,2969,2968,2967,2966,2965,2964,2963,2962,2961,2960,2959,2958,2957,2956,2955,2954,2953,2952,2951,2950,2949,2948,2947,2946,2945,2944,2943,2942,2941,2940,2939,2938,3045,3044,3043,3042,2935,2934,2933,2932,2931,2930,2929,2928,2927,2926,2925,2924,2923,2922,2921,2920,2919,2918,2917,2916,2915,2914,2913,2912,2911,2911,2911,2911,2911,2911,2911,2911,2911,2911,2911,2911,2911,2911,2911,2911,2911,2911,2911,2911,2911,2911,2911,2911,2911,2911,2911,2911,2911,
goal:2911,2911,2911,2911,2911,2911,2911,2911,2911,2911,2911,2911,2911,2911,2911,2911,2911,2911,2911,2911,2911,2911,2911,2911,2911,2911,2911,2911,2911,2911,2911,2911,2911,2911,2911,2911,2911,2911,2911,2911,2911,2911,2911,2911,2911,2911,2911,2911,2911,2911,2911,2911,2911,2911,2911,2911,2911,2911,2911,2911,2911,2911,2911,2911,2911,2911,2911,2911,2911,2911,2911,2911,2911,2911,2911,2911,2911,2911,2911,2911,2911,2911,2911,2911,2911,2911,2911,2911,2911,2911,2911,2911,2911,2911,2911,2911,2911,
size:68
[agent] id:13
path:2959,2852,2745,2638,2531,2424,2317,2210,2103,2102,2101,2100,2099,2098,2097,2096,2095,2094,2093,2092,2091,2090,2089,2088,2087,2086,1979,1978,1871,1870,1869,1868,1867,1866,1759,1652,1545,1438,1331,1224,1117,1116,1115,1114,1113,1112,1111,1111,1111,1111,1111,1111,1111,1111,1111,1111,1111,1111,1111,1111,1111,1111,1111,1111,1111,1111,1111,1111,1111,1111,1111,1111,1111,1111,1111,1111,1111,1111,1111,1111,1111,1111,1111,1111,1111,1111,1111,1111,1111,1111,1111,1111,1111,1111,1111,1111,1111,
goal:1111,1111,1111,1111,1111,1111,1111,1111,1111,1111,1111,1111,1111,1111,1111,1111,1111,1111,1111,1111,1111,1111,1111,1111,1111,1111,1111,1111,1111,1111,1111,1111,1111,1111,1111,1111,1111,1111,1111,1111,1111,1111,1111,1111,1111,1111,1111,1111,1111,1111,1111,1111,1111,1111,1111,1111,1111,1111,1111,1111,1111,1111,1111,1111,1111,1111,1111,1111,1111,1111,1111,1111,1111,1111,1111,1111,1111,1111,1111,1111,1111,1111,1111,1111,1111,1111,1111,1111,1111,1111,1111,1111,1111,1111,1111,1111,1111,
size:46
[agent] id:14
path:2810,2703,2596,2489,2382,2381,2380,2379,2378,2377,2376,2375,2374,2374,2374,2374,2374,2374,2374,2374,2374,2374,2374,2374,2374,2374,2374,2374,2374,2374,2374,2374,2374,2374,2374,2374,2374,2374,2374,2374,2374,2374,2374,2374,2374,2374,2374,2374,2374,2374,2374,2374,2374,2374,2374,2374,2374,2374,2374,2374,2374,2374,2374,2374,2374,2374,2374,2374,2374,2374,2374,2374,2374,2374,2374,2374,2374,2374,2374,2374,2374,2374,2374,2374,2374,2374,2374,2374,2374,2374,2374,2374,2374,2374,2374,2374,2374,
goal:2374,2374,2374,2374,2374,2374,2374,2374,2374,2374,2374,2374,2374,2374,2374,2374,2374,2374,2374,2374,2374,2374,2374,2374,2374,2374,2374,2374,2374,2374,2374,2374,2374,2374,2374,2374,2374,2374,2374,2374,2374,2374,2374,2374,2374,2374,2374,2374,2374,2374,2374,2374,2374,2374,2374,2374,2374,2374,2374,2374,2374,2374,2374,2374,2374,2374,2374,2374,2374,2374,2374,2374,2374,2374,2374,2374,2374,2374,2374,2374,2374,2374,2374,2374,2374,2374,2374,2374,2374,2374,2374,2374,2374,2374,2374,2374,2374,
size:12
[agent] id:15
path:3983,3876,3769,3768,3661,3554,3447,3340,3233,3126,3019,2912,2805,2698,2591,2484,2377,2270,2163,2056,2057,2058,2059,2060,2061,2062,2063,2064,2065,2066,2067,2068,2069,2070,2071,2072,2073,2074,2075,2076,2077,2078,2079,2080,2081,2082,2083,2084,2085,2086,2087,2088,1981,1982,1983,1984,1985,1986,1987,1988,1989,1990,1991,1884,1885,1886,1887,1888,1889,1782,1675,1568,1461,1354,1247,1140,1033,926,819,712,605,604,603,602,601,601,601,601,601,601,601,601,601,601,601,601,601,
goal:601,601,601,601,601,601,601,601,601,601,601,601,601,601,601,601,601,601,601,601,601,601,601,601,601,601,601,601,601,601,601,601,601,601,601,601,601,601,601,601,601,601,601,601,601,601,601,601,601,601,601,601,601,601,601,601,601,601,601,601,601,601,601,601,601,601,601,601,601,601,601,601,601,601,601,601,601,601,601,601,601,601,601,601,601,601,601,601,601,601,601,601,601,601,601,601,601,
size:84
[agent] id:16
path:824,931,1038,1145,1252,1359,1466,1465,1464,1463,1462,1569,1676,1783,1890,1997,2104,2211,2318,2425,2424,2423,2422,2421,2420,2419,2418,2417,2416,2415,2414,2413,2412,2411,2410,2409,2408,2407,2406,2405,2404,2403,2402,2401,2400,2399,2398,2397,2396,2395,2394,2393,2392,2391,2390,2389,2388,2387,2386,2385,2384,2383,2382,2381,2380,2379,2378,2378,2378,2378,2378,2378,2378,2378,2378,2378,2378,2378,2378,2378,2378,2378,2378,2378,2378,2378,2378,2378,2378,2378,2378,2378,2378,2378,2378,2378,2378,
goal:2378,2378,2378,2378,2378,2378,2378,2378,2378,2378,2378,2378,2378,2378,2378,2378,2378,2378,2378,2378,2378,2378,2378,2378,2378,2378,2378,2378,2378,2378,2378,2378,2378,2378,2378,2378,2378,2378,2378,2378,2378,2378,2378,2378,2378,2378,2378,2378,2378,2378,2378,2378,2378,2378,2378,2378,2378,2378,2378,2378,2378,2378,2378,2378,2378,2378,2378,2378,2378,2378,2378,2378,2378,2378,2378,2378,2378,2378,2378,2378,2378,2378,2378,2378,2378,2378,2378,2378,2378,2378,2378,2378,2378,2378,2378,2378,2378,
size:66
[agent] id:17
path:695,802,909,1016,1123,1230,1337,1337,1336,1443,1442,1441,1440,1439,1438,1545,1652,1759,1866,1973,2080,2081,2188,2189,2296,2297,2298,2299,2300,2301,2302,2303,2304,2305,2412,2413,2414,2415,2416,2417,2418,2419,2420,2421,2422,2423,2424,2425,2426,2427,2428,2429,2430,2431,2432,2433,2434,2435,2436,2437,2438,2439,2440,2441,2442,2443,2444,2445,2446,2447,2448,2449,2450,2451,2344,2345,2346,2347,2347,2347,2347,2347,2347,2347,2347,2347,2347,2347,2347,2347,2347,2347,2347,2347,2347,2347,2347,
goal:2347,2347,2347,2347,2347,2347,2347,2347,2347,2347,2347,2347,2347,2347,2347,2347,2347,2347,2347,2347,2347,2347,2347,2347,2347,2347,2347,2347,2347,2347,2347,2347,2347,2347,2347,2347,2347,2347,2347,2347,2347,2347,2347,2347,2347,2347,2347,2347,2347,2347,2347,2347,2347,2347,2347,2347,2347,2347,2347,2347,2347,2347,2347,2347,2347,2347,2347,2347,2347,2347,2347,2347,2347,2347,2347,2347,2347,2347,2347,2347,2347,2347,2347,2347,2347,2347,2347,2347,2347,2347,2347,2347,2347,2347,2347,2347,2347,
size:77
[agent] id:18
path:587,694,801,908,1015,1122,1229,1336,1443,1442,1441,1440,1439,1438,1545,1652,1759,1866,1973,2080,2079,2186,2293,2400,2507,2614,2721,2828,2935,3042,3041,3040,3039,3038,3037,3036,3035,3034,3033,3032,3031,3030,3029,3028,3027,3026,3025,3024,3131,3238,3345,3344,3343,3342,3341,3340,3447,3554,3661,3768,3875,3982,3983,3984,3985,3986,3986,3986,3986,3986,3986,3986,3986,3986,3986,3986,3986,3986,3986,3986,3986,3986,3986,3986,3986,3986,3986,3986,3986,3986,3986,3986,3986,3986,3986,3986,3986,
goal:3986,3986,3986,3986,3986,3986,3986,3986,3986,3986,3986,3986,3986,3986,3986,3986,3986,3986,3986,3986,3986,3986,3986,3986,3986,3986,3986,3986,3986,3986,3986,3986,3986,3986,3986,3986,3986,3986,3986,3986,3986,3986,3986,3986,3986,3986,3986,3986,3986,3986,3986,3986,3986,3986,3986,3986,3986,3986,3986,3986,3986,3986,3986,3986,3986,3986,3986,3986,3986,3986,3986,3986,3986,3986,3986,3986,3986,3986,3986,3986,3986,3986,3986,3986,3986,3986,3986,3986,3986,3986,3986,3986,3986,3986,3986,3986,3986,
size:65
[agent] id:19
path:3006,2899,2792,2685,2578,2471,2472,2473,2474,2475,2476,2477,2478,2479,2480,2481,2482,2483,2484,2485,2486,2487,2488,2489,2490,2491,2492,2493,2494,2495,2496,2497,2498,2499,2500,2501,2502,2503,2504,2505,2506,2507,2508,2509,2402,2403,2404,2405,2406,2407,2408,2409,2410,2411,2412,2413,2414,2415,2416,2417,2418,2419,2420,2421,2422,2423,2424,2425,2426,2427,2428,2429,2430,2431,2432,2433,2434,2435,2436,2437,2438,2439,2440,2441,2442,2443,2444,2445,2446,2447,2448,2449,2450,2451,2344,2237,2130,
goal:2130,2130,2130,2130,2130,2130,2130,2130,2130,2130,2130,2130,2130,2130,2130,2130,2130,2130,2130,2130,2130,2130,2130,2130,2130,2130,2130,2130,2130,2130,2130,2130,2130,2130,2130,2130,2130,2130,2130,2130,2130,2130,2130,2130,2130,2130,2130,2130,2130,2130,2130,2130,2130,2130,2130,2130,2130,2130,2130,2130,2130,2130,2130,2130,2130,2130,2130,2130,2130,2130,2130,2130,2130,2130,2130,2130,2130,2130,2130,2130,2130,2130,2130,2130,2130,2130,2130,2130,2130,2130,2130,2130,2130,2130,2130,2130,2130,
size:96
SolutionCost:1007
