[setting] seed:90
[solver] type:ECBS
[solver] w:3.000000
[solver] ID:0
[solver] Lowlevelnode:3641
[solver] solved:1
[solver] elapsed:51
[solver] makespan:90
[problem] timesteplimit:10000
[problem] type:MAPF
[problem] agentnum:20
[graph] width:107
[graph] height:47
[graph] filename:./map/orz601d.map
[task] id:3,start:0,end:0,service time:0,nodes:3876,
[task] id:11,start:0,end:0,service time:0,nodes:3715,
[task] id:19,start:0,end:0,service time:0,nodes:2083,
[task] id:5,start:0,end:0,service time:0,nodes:2220,
[task] id:8,start:0,end:0,service time:0,nodes:2658,
[task] id:1,start:0,end:0,service time:0,nodes:1016,
[task] id:15,start:0,end:0,service time:0,nodes:2068,
[task] id:18,start:0,end:0,service time:0,nodes:791,
[task] id:7,start:0,end:0,service time:0,nodes:719,
[task] id:10,start:0,end:0,service time:0,nodes:2765,
[task] id:16,start:0,end:0,service time:0,nodes:983,
[task] id:12,start:0,end:0,service time:0,nodes:1826,
[task] id:6,start:0,end:0,service time:0,nodes:3076,
[task] id:13,start:0,end:0,service time:0,nodes:601,
[task] id:14,start:0,end:0,service time:0,nodes:3230,
[task] id:17,start:0,end:0,service time:0,nodes:1879,
[task] id:0,start:0,end:0,service time:0,nodes:1795,
[task] id:2,start:0,end:0,service time:0,nodes:1095,
[task] id:4,start:0,end:0,service time:0,nodes:822,
[task] id:9,start:0,end:0,service time:0,nodes:2017,
[agent] id:0
path:2162,2055,1948,1949,1950,1951,1952,1953,1954,1955,1956,1957,1958,1959,1960,1961,1962,1963,1964,1965,1966,1967,1968,1969,1970,1971,1972,1973,1974,1975,1976,1977,1978,1979,1980,1981,1982,1983,1984,1985,1986,1987,1988,1989,1990,1991,1992,1993,1994,1995,1996,1997,1998,1999,2000,2001,2002,2003,2004,2005,2006,2007,1900,1901,1794,1795,1795,1795,1795,1795,1795,1795,1795,1795,1795,1795,1795,1795,1795,1795,1795,1795,1795,1795,1795,1795,1795,1795,1795,1795,1795,
goal:1795,1795,1795,1795,1795,1795,1795,1795,1795,1795,1795,1795,1795,1795,1795,1795,1795,1795,1795,1795,1795,1795,1795,1795,1795,1795,1795,1795,1795,1795,1795,1795,1795,1795,1795,1795,1795,1795,1795,1795,1795,1795,1795,1795,1795,1795,1795,1795,1795,1795,1795,1795,1795,1795,1795,1795,1795,1795,1795,1795,1795,1795,1795,1795,1795,1795,1795,1795,1795,1795,1795,1795,1795,1795,1795,1795,1795,1795,1795,1795,1795,1795,1795,1795,1795,1795,1795,1795,1795,1795,1795,
size:65
[agent] id:1
path:2094,1987,1986,1985,1984,1983,1982,1981,1980,1979,1978,1871,1870,1869,1868,1867,1866,1759,1652,1545,1438,1331,1224,1117,1010,1011,1012,1013,1014,1015,1016,1016,1016,1016,1016,1016,1016,1016,1016,1016,1016,1016,1016,1016,1016,1016,1016,1016,1016,1016,1016,1016,1016,1016,1016,1016,1016,1016,1016,1016,1016,1016,1016,1016,1016,1016,1016,1016,1016,1016,1016,1016,1016,1016,1016,1016,1016,1016,1016,1016,1016,1016,1016,1016,1016,1016,1016,1016,1016,1016,1016,
goal:1016,1016,1016,1016,1016,1016,1016,1016,1016,1016,1016,1016,1016,1016,1016,1016,1016,1016,1016,1016,1016,1016,1016,1016,1016,1016,1016,1016,1016,1016,1016,1016,1016,1016,1016,1016,1016,1016,1016,1016,1016,1016,1016,1016,1016,1016,1016,1016,1016,1016,1016,1016,1016,1016,1016,1016,1016,1016,1016,1016,1016,1016,1016,1016,1016,1016,1016,1016,1016,1016,1016,1016,1016,1016,1016,1016,1016,1016,1016,1016,1016,1016,1016,1016,1016,1016,1016,1016,1016,1016,1016,
size:30
[agent] id:2
path:1255,1362,1361,1360,1467,1466,1465,1464,1463,1462,1569,1676,1783,1890,1997,1996,1995,1994,1993,1992,1991,1990,1989,1988,1987,1986,1985,1984,2091,2090,2089,2088,2087,2086,2085,1978,1977,1976,1975,1974,1973,1972,1971,1864,1863,1862,1861,1968,1967,1966,1965,1964,1963,1962,1961,1960,1959,1958,1957,1956,1955,1954,1847,1846,1845,1844,1843,1842,1735,1628,1521,1414,1307,1200,1093,1094,1095,1095,1095,1095,1095,1095,1095,1095,1095,1095,1095,1095,1095,1095,1095,
goal:1095,1095,1095,1095,1095,1095,1095,1095,1095,1095,1095,1095,1095,1095,1095,1095,1095,1095,1095,1095,1095,1095,1095,1095,1095,1095,1095,1095,1095,1095,1095,1095,1095,1095,1095,1095,1095,1095,1095,1095,1095,1095,1095,1095,1095,1095,1095,1095,1095,1095,1095,1095,1095,1095,1095,1095,1095,1095,1095,1095,1095,1095,1095,1095,1095,1095,1095,1095,1095,1095,1095,1095,1095,1095,1095,1095,1095,1095,1095,1095,1095,1095,1095,1095,1095,1095,1095,1095,1095,1095,1095,
size:76
[agent] id:3
path:4405,4298,4191,4084,3977,3870,3871,3872,3873,3874,3875,3876,3876,3876,3876,3876,3876,3876,3876,3876,3876,3876,3876,3876,3876,3876,3876,3876,3876,3876,3876,3876,3876,3876,3876,3876,3876,3876,3876,3876,3876,3876,3876,3876,3876,3876,3876,3876,3876,3876,3876,3876,3876,3876,3876,3876,3876,3876,3876,3876,3876,3876,3876,3876,3876,3876,3876,3876,3876,3876,3876,3876,3876,3876,3876,3876,3876,3876,3876,3876,3876,3876,3876,3876,3876,3876,3876,3876,3876,3876,3876,
goal:3876,3876,3876,3876,3876,3876,3876,3876,3876,3876,3876,3876,3876,3876,3876,3876,3876,3876,3876,3876,3876,3876,3876,3876,3876,3876,3876,3876,3876,3876,3876,3876,3876,3876,3876,3876,3876,3876,3876,3876,3876,3876,3876,3876,3876,3876,3876,3876,3876,3876,3876,3876,3876,3876,3876,3876,3876,3876,3876,3876,3876,3876,3876,3876,3876,3876,3876,3876,3876,3876,3876,3876,3876,3876,3876,3876,3876,3876,3876,3876,3876,3876,3876,3876,3876,3876,3876,3876,3876,3876,3876,
size:11
[agent] id:4
path:2467,2360,2361,2362,2363,2364,2365,2366,2367,2368,2369,2370,2371,2264,2157,2050,1943,1944,1945,1946,1947,1948,1949,1950,1951,1952,1953,1954,1955,1956,1957,1958,1959,1960,1961,1962,1963,1964,1965,1966,1967,1968,1969,1970,1971,1972,1973,1974,1975,1976,1977,1978,1979,1980,1981,1982,1983,1984,1985,1986,1987,1988,1989,1990,1991,1884,1885,1886,1887,1888,1889,1782,1675,1568,1461,1354,1247,1140,1033,926,819,820,821,822,822,822,822,822,822,822,822,
goal:822,822,822,822,822,822,822,822,822,822,822,822,822,822,822,822,822,822,822,822,822,822,822,822,822,822,822,822,822,822,822,822,822,822,822,822,822,822,822,822,822,822,822,822,822,822,822,822,822,822,822,822,822,822,822,822,822,822,822,822,822,822,822,822,822,822,822,822,822,822,822,822,822,822,822,822,822,822,822,822,822,822,822,822,822,822,822,822,822,822,822,
size:83
[agent] id:5
path:712,819,926,1033,1140,1247,1354,1461,1568,1675,1782,1889,1996,2103,2210,2211,2212,2213,2214,2215,2216,2217,2218,2219,2220,2220,2220,2220,2220,2220,2220,2220,2220,2220,2220,2220,2220,2220,2220,2220,2220,2220,2220,2220,2220,2220,2220,2220,2220,2220,2220,2220,2220,2220,2220,2220,2220,2220,2220,2220,2220,2220,2220,2220,2220,2220,2220,2220,2220,2220,2220,2220,2220,2220,2220,2220,2220,2220,2220,2220,2220,2220,2220,2220,2220,2220,2220,2220,2220,2220,2220,
goal:2220,2220,2220,2220,2220,2220,2220,2220,2220,2220,2220,2220,2220,2220,2220,2220,2220,2220,2220,2220,2220,2220,2220,2220,2220,2220,2220,2220,2220,2220,2220,2220,2220,2220,2220,2220,2220,2220,2220,2220,2220,2220,2220,2220,2220,2220,2220,2220,2220,2220,2220,2220,2220,2220,2220,2220,2220,2220,2220,2220,2220,2220,2220,2220,2220,2220,2220,2220,2220,2220,2220,2220,2220,2220,2220,2220,2220,2220,2220,2220,2220,2220,2220,2220,2220,2220,2220,2220,2220,2220,2220,
size:24
[agent] id:6
path:1853,1960,2067,2174,2281,2388,2495,2602,2709,2816,2923,2924,2925,2926,2927,2928,2929,2930,2931,2932,2933,2934,2935,2936,2937,2938,2939,2940,2941,2942,3049,3050,3051,3052,3053,3054,3055,3056,3057,3058,3059,3060,3061,3062,3063,3064,3065,3066,3067,3068,3069,3070,3071,3072,3073,3074,3075,3076,3076,3076,3076,3076,3076,3076,3076,3076,3076,3076,3076,3076,3076,3076,3076,3076,3076,3076,3076,3076,3076,3076,3076,3076,3076,3076,3076,3076,3076,3076,3076,3076,3076,
goal:3076,3076,3076,3076,3076,3076,3076,3076,3076,3076,3076,3076,3076,3076,3076,3076,3076,3076,3076,3076,3076,3076,3076,3076,3076,3076,3076,3076,3076,3076,3076,3076,3076,3076,3076,3076,3076,3076,3076,3076,3076,3076,3076,3076,3076,3076,3076,3076,3076,3076,3076,3076,3076,3076,3076,3076,3076,3076,3076,3076,3076,3076,3076,3076,3076,3076,3076,3076,3076,3076,3076,3076,3076,3076,3076,3076,3076,3076,3076,3076,3076,3076,3076,3076,3076,3076,3076,3076,3076,3076,3076,
size:57
[agent] id:7
path:3185,3078,2971,2864,2757,2650,2543,2436,2329,2222,2115,2008,2007,2006,2005,2004,2003,2002,1895,1894,1893,1892,1891,1890,1783,1676,1569,1462,1355,1248,1141,1034,927,820,713,714,715,716,717,718,719,719,719,719,719,719,719,719,719,719,719,719,719,719,719,719,719,719,719,719,719,719,719,719,719,719,719,719,719,719,719,719,719,719,719,719,719,719,719,719,719,719,719,719,719,719,719,719,719,719,719,
goal:719,719,719,719,719,719,719,719,719,719,719,719,719,719,719,719,719,719,719,719,719,719,719,719,719,719,719,719,719,719,719,719,719,719,719,719,719,719,719,719,719,719,719,719,719,719,719,719,719,719,719,719,719,719,719,719,719,719,719,719,719,719,719,719,719,719,719,719,719,719,719,719,719,719,719,719,719,719,719,719,719,719,719,719,719,719,719,719,719,719,719,
size:40
[agent] id:8
path:2956,2849,2742,2635,2636,2637,2638,2639,2640,2641,2642,2643,2644,2645,2646,2647,2648,2649,2650,2651,2652,2653,2654,2655,2656,2657,2658,2658,2658,2658,2658,2658,2658,2658,2658,2658,2658,2658,2658,2658,2658,2658,2658,2658,2658,2658,2658,2658,2658,2658,2658,2658,2658,2658,2658,2658,2658,2658,2658,2658,2658,2658,2658,2658,2658,2658,2658,2658,2658,2658,2658,2658,2658,2658,2658,2658,2658,2658,2658,2658,2658,2658,2658,2658,2658,2658,2658,2658,2658,2658,2658,
goal:2658,2658,2658,2658,2658,2658,2658,2658,2658,2658,2658,2658,2658,2658,2658,2658,2658,2658,2658,2658,2658,2658,2658,2658,2658,2658,2658,2658,2658,2658,2658,2658,2658,2658,2658,2658,2658,2658,2658,2658,2658,2658,2658,2658,2658,2658,2658,2658,2658,2658,2658,2658,2658,2658,2658,2658,2658,2658,2658,2658,2658,2658,2658,2658,2658,2658,2658,2658,2658,2658,2658,2658,2658,2658,2658,2658,2658,2658,2658,2658,2658,2658,2658,2658,2658,2658,2658,2658,2658,2658,2658,
size:26
[agent] id:9
path:3773,3772,3771,3770,3769,3768,3661,3554,3447,3340,3233,3126,3019,2912,2805,2698,2591,2484,2377,2270,2163,2164,2165,2166,2167,2168,2169,2170,2171,2172,2173,2174,2175,2176,2177,2178,2179,2180,2181,2182,2183,2184,2185,2186,2187,2188,2189,2190,2191,2084,2085,2086,2087,2088,2089,2090,2091,2092,2093,2094,2095,2096,2097,2098,2099,1992,1993,1994,1995,1996,1997,1998,1999,2000,2001,2002,2003,2004,2005,2006,2007,2008,2009,2010,2011,2012,2013,2014,2015,2016,2017,
goal:2017,2017,2017,2017,2017,2017,2017,2017,2017,2017,2017,2017,2017,2017,2017,2017,2017,2017,2017,2017,2017,2017,2017,2017,2017,2017,2017,2017,2017,2017,2017,2017,2017,2017,2017,2017,2017,2017,2017,2017,2017,2017,2017,2017,2017,2017,2017,2017,2017,2017,2017,2017,2017,2017,2017,2017,2017,2017,2017,2017,2017,2017,2017,2017,2017,2017,2017,2017,2017,2017,2017,2017,2017,2017,2017,2017,2017,2017,2017,2017,2017,2017,2017,2017,2017,2017,2017,2017,2017,2017,2017,
size:90
[agent] id:10
path:1983,2090,2197,2304,2411,2518,2625,2732,2733,2734,2735,2736,2737,2738,2739,2740,2741,2742,2743,2744,2745,2746,2747,2748,2749,2750,2751,2752,2753,2754,2755,2756,2757,2758,2759,2760,2761,2762,2763,2764,2765,2765,2765,2765,2765,2765,2765,2765,2765,2765,2765,2765,2765,2765,2765,2765,2765,2765,2765,2765,2765,2765,2765,2765,2765,2765,2765,2765,2765,2765,2765,2765,2765,2765,2765,2765,2765,2765,2765,2765,2765,2765,2765,2765,2765,2765,2765,2765,2765,2765,2765,
goal:2765,2765,2765,2765,2765,2765,2765,2765,2765,2765,2765,2765,2765,2765,2765,2765,2765,2765,2765,2765,2765,2765,2765,2765,2765,2765,2765,2765,2765,2765,2765,2765,2765,2765,2765,2765,2765,2765,2765,2765,2765,2765,2765,2765,2765,2765,2765,2765,2765,2765,2765,2765,2765,2765,2765,2765,2765,2765,2765,2765,2765,2765,2765,2765,2765,2765,2765,2765,2765,2765,2765,2765,2765,2765,2765,2765,2765,2765,2765,2765,2765,2765,2765,2765,2765,2765,2765,2765,2765,2765,2765,
size:40
[agent] id:11
path:2963,3070,3177,3176,3175,3174,3281,3388,3495,3602,3709,3710,3711,3712,3713,3714,3715,3715,3715,3715,3715,3715,3715,3715,3715,3715,3715,3715,3715,3715,3715,3715,3715,3715,3715,3715,3715,3715,3715,3715,3715,3715,3715,3715,3715,3715,3715,3715,3715,3715,3715,3715,3715,3715,3715,3715,3715,3715,3715,3715,3715,3715,3715,3715,3715,3715,3715,3715,3715,3715,3715,3715,3715,3715,3715,3715,3715,3715,3715,3715,3715,3715,3715,3715,3715,3715,3715,3715,3715,3715,3715,
goal:3715,3715,3715,3715,3715,3715,3715,3715,3715,3715,3715,3715,3715,3715,3715,3715,3715,3715,3715,3715,3715,3715,3715,3715,3715,3715,3715,3715,3715,3715,3715,3715,3715,3715,3715,3715,3715,3715,3715,3715,3715,3715,3715,3715,3715,3715,3715,3715,3715,3715,3715,3715,3715,3715,3715,3715,3715,3715,3715,3715,3715,3715,3715,3715,3715,3715,3715,3715,3715,3715,3715,3715,3715,3715,3715,3715,3715,3715,3715,3715,3715,3715,3715,3715,3715,3715,3715,3715,3715,3715,3715,
size:16
[agent] id:12
path:4297,4190,4083,3976,3869,3762,3763,3764,3765,3766,3767,3660,3553,3446,3339,3232,3125,3018,2911,2804,2697,2590,2483,2376,2375,2374,2373,2372,2371,2370,2369,2368,2367,2260,2153,2046,1939,1938,1831,1830,1829,1828,1827,1826,1826,1826,1826,1826,1826,1826,1826,1826,1826,1826,1826,1826,1826,1826,1826,1826,1826,1826,1826,1826,1826,1826,1826,1826,1826,1826,1826,1826,1826,1826,1826,1826,1826,1826,1826,1826,1826,1826,1826,1826,1826,1826,1826,1826,1826,1826,1826,
goal:1826,1826,1826,1826,1826,1826,1826,1826,1826,1826,1826,1826,1826,1826,1826,1826,1826,1826,1826,1826,1826,1826,1826,1826,1826,1826,1826,1826,1826,1826,1826,1826,1826,1826,1826,1826,1826,1826,1826,1826,1826,1826,1826,1826,1826,1826,1826,1826,1826,1826,1826,1826,1826,1826,1826,1826,1826,1826,1826,1826,1826,1826,1826,1826,1826,1826,1826,1826,1826,1826,1826,1826,1826,1826,1826,1826,1826,1826,1826,1826,1826,1826,1826,1826,1826,1826,1826,1826,1826,1826,1826,
size:43
[agent] id:13
path:2280,2173,2066,1959,1960,1961,1962,1963,1964,1965,1966,1967,1968,1969,1970,1971,1972,1973,1974,1975,1976,1977,1978,1979,1980,1981,1982,1983,1984,1985,1986,1987,1988,1989,1990,1991,1884,1885,1886,1887,1888,1889,1782,1675,1568,1461,1354,1247,1140,1033,926,819,712,605,604,603,602,601,601,601,601,601,601,601,601,601,601,601,601,601,601,601,601,601,601,601,601,601,601,601,601,601,601,601,601,601,601,601,601,601,601,
goal:601,601,601,601,601,601,601,601,601,601,601,601,601,601,601,601,601,601,601,601,601,601,601,601,601,601,601,601,601,601,601,601,601,601,601,601,601,601,601,601,601,601,601,601,601,601,601,601,601,601,601,601,601,601,601,601,601,601,601,601,601,601,601,601,601,601,601,601,601,601,601,601,601,601,601,601,601,601,601,601,601,601,601,601,601,601,601,601,601,601,601,
size:57
[agent] id:14
path:1782,1889,1996,2103,2210,2317,2424,2531,2638,2745,2852,2959,3066,3065,3064,3063,3062,3061,3060,3059,3058,3057,3056,3055,3054,3053,3052,3051,3050,3049,3048,3047,3046,3045,3044,3043,3042,3041,3040,3039,3038,3037,3036,3035,3034,3033,3032,3031,3030,3029,3028,3027,3026,3025,3024,3131,3238,3237,3236,3235,3234,3233,3232,3231,3230,3230,3230,3230,3230,3230,3230,3230,3230,3230,3230,3230,3230,3230,3230,3230,3230,3230,3230,3230,3230,3230,3230,3230,3230,3230,3230,
goal:3230,3230,3230,3230,3230,3230,3230,3230,3230,3230,3230,3230,3230,3230,3230,3230,3230,3230,3230,3230,3230,3230,3230,3230,3230,3230,3230,3230,3230,3230,3230,3230,3230,3230,3230,3230,3230,3230,3230,3230,3230,3230,3230,3230,3230,3230,3230,3230,3230,3230,3230,3230,3230,3230,3230,3230,3230,3230,3230,3230,3230,3230,3230,3230,3230,3230,3230,3230,3230,3230,3230,3230,3230,3230,3230,3230,3230,3230,3230,3230,3230,3230,3230,3230,3230,3230,3230,3230,3230,3230,3230,
size:64
[agent] id:15
path:3762,3763,3764,3765,3766,3767,3660,3553,3446,3339,3232,3125,3018,2911,2804,2697,2590,2483,2376,2269,2162,2055,2056,2057,2058,2059,2060,2061,2062,2063,2064,2065,2066,2067,2068,2068,2068,2068,2068,2068,2068,2068,2068,2068,2068,2068,2068,2068,2068,2068,2068,2068,2068,2068,2068,2068,2068,2068,2068,2068,2068,2068,2068,2068,2068,2068,2068,2068,2068,2068,2068,2068,2068,2068,2068,2068,2068,2068,2068,2068,2068,2068,2068,2068,2068,2068,2068,2068,2068,2068,2068,
goal:2068,2068,2068,2068,2068,2068,2068,2068,2068,2068,2068,2068,2068,2068,2068,2068,2068,2068,2068,2068,2068,2068,2068,2068,2068,2068,2068,2068,2068,2068,2068,2068,2068,2068,2068,2068,2068,2068,2068,2068,2068,2068,2068,2068,2068,2068,2068,2068,2068,2068,2068,2068,2068,2068,2068,2068,2068,2068,2068,2068,2068,2068,2068,2068,2068,2068,2068,2068,2068,2068,2068,2068,2068,2068,2068,2068,2068,2068,2068,2068,2068,2068,2068,2068,2068,2068,2068,2068,2068,2068,2068,
size:34
[agent] id:16
path:1759,1866,1973,1972,1971,1970,1969,1968,1967,1966,2073,2072,2071,2070,2069,2068,2067,1960,1959,1958,1957,1956,1955,1954,1847,1846,1845,1844,1843,1842,1735,1628,1521,1414,1307,1200,1093,986,985,984,983,983,983,983,983,983,983,983,983,983,983,983,983,983,983,983,983,983,983,983,983,983,983,983,983,983,983,983,983,983,983,983,983,983,983,983,983,983,983,983,983,983,983,983,983,983,983,983,983,983,983,
goal:983,983,983,983,983,983,983,983,983,983,983,983,983,983,983,983,983,983,983,983,983,983,983,983,983,983,983,983,983,983,983,983,983,983,983,983,983,983,983,983,983,983,983,983,983,983,983,983,983,983,983,983,983,983,983,983,983,983,983,983,983,983,983,983,983,983,983,983,983,983,983,983,983,983,983,983,983,983,983,983,983,983,983,983,983,983,983,983,983,983,983,
size:40
[agent] id:17
path:4201,4094,3987,3880,3773,3772,3771,3770,3769,3768,3661,3554,3447,3340,3233,3126,3019,2912,2805,2698,2591,2484,2377,2270,2163,2056,1949,1950,1951,1952,1953,1954,1955,1956,1957,1958,1959,1960,1961,1962,1963,1964,1965,1966,1967,1968,1969,1970,1971,1972,1973,1974,1975,1976,1977,1978,1979,1980,1981,1982,1983,1876,1877,1878,1879,1879,1879,1879,1879,1879,1879,1879,1879,1879,1879,1879,1879,1879,1879,1879,1879,1879,1879,1879,1879,1879,1879,1879,1879,1879,1879,
goal:1879,1879,1879,1879,1879,1879,1879,1879,1879,1879,1879,1879,1879,1879,1879,1879,1879,1879,1879,1879,1879,1879,1879,1879,1879,1879,1879,1879,1879,1879,1879,1879,1879,1879,1879,1879,1879,1879,1879,1879,1879,1879,1879,1879,1879,1879,1879,1879,1879,1879,1879,1879,1879,1879,1879,1879,1879,1879,1879,1879,1879,1879,1879,1879,1879,1879,1879,1879,1879,1879,1879,1879,1879,1879,1879,1879,1879,1879,1879,1879,1879,1879,1879,1879,1879,1879,1879,1879,1879,1879,1879,
size:64
[agent] id:18
path:3141,3034,2927,2820,2713,2606,2499,2392,2285,2178,2071,1964,1965,1966,1967,1860,1861,1862,1863,1864,1865,1758,1651,1544,1437,1330,1223,1116,1009,902,795,794,793,792,791,791,791,791,791,791,791,791,791,791,791,791,791,791,791,791,791,791,791,791,791,791,791,791,791,791,791,791,791,791,791,791,791,791,791,791,791,791,791,791,791,791,791,791,791,791,791,791,791,791,791,791,791,791,791,791,791,
goal:791,791,791,791,791,791,791,791,791,791,791,791,791,791,791,791,791,791,791,791,791,791,791,791,791,791,791,791,791,791,791,791,791,791,791,791,791,791,791,791,791,791,791,791,791,791,791,791,791,791,791,791,791,791,791,791,791,791,791,791,791,791,791,791,791,791,791,791,791,791,791,791,791,791,791,791,791,791,791,791,791,791,791,791,791,791,791,791,791,791,791,
size:34
[agent] id:19
path:3250,3143,3036,2929,2822,2715,2608,2501,2394,2287,2180,2073,2074,2075,2076,2077,2078,2079,2080,2081,2082,2083,2083,2083,2083,2083,2083,2083,2083,2083,2083,2083,2083,2083,2083,2083,2083,2083,2083,2083,2083,2083,2083,2083,2083,2083,2083,2083,2083,2083,2083,2083,2083,2083,2083,2083,2083,2083,2083,2083,2083,2083,2083,2083,2083,2083,2083,2083,2083,2083,2083,2083,2083,2083,2083,2083,2083,2083,2083,2083,2083,2083,2083,2083,2083,2083,2083,2083,2083,2083,2083,
goal:2083,2083,2083,2083,2083,2083,2083,2083,2083,2083,2083,2083,2083,2083,2083,2083,2083,2083,2083,2083,2083,2083,2083,2083,2083,2083,2083,2083,2083,2083,2083,2083,2083,2083,2083,2083,2083,2083,2083,2083,2083,2083,2083,2083,2083,2083,2083,2083,2083,2083,2083,2083,2083,2083,2083,2083,2083,2083,2083,2083,2083,2083,2083,2083,2083,2083,2083,2083,2083,2083,2083,2083,2083,2083,2083,2083,2083,2083,2083,2083,2083,2083,2083,2083,2083,2083,2083,2083,2083,2083,2083,
size:21
SolutionCost:915
