[setting] seed:92
[solver] type:ECBS
[solver] w:3.000000
[solver] ID:0
[solver] Lowlevelnode:4141
[solver] solved:1
[solver] elapsed:87
[solver] makespan:89
[problem] timesteplimit:10000
[problem] type:MAPF
[problem] agentnum:10
[graph] width:107
[graph] height:47
[graph] filename:./map/orz601d.map
[task] id:2,start:0,end:0,service time:0,nodes:1440,
[task] id:9,start:0,end:0,service time:0,nodes:2604,
[task] id:1,start:0,end:0,service time:0,nodes:2323,
[task] id:4,start:0,end:0,service time:0,nodes:3248,
[task] id:0,start:0,end:0,service time:0,nodes:2425,
[task] id:5,start:0,end:0,service time:0,nodes:2067,
[task] id:8,start:0,end:0,service time:0,nodes:1040,
[task] id:7,start:0,end:0,service time:0,nodes:772,
[task] id:6,start:0,end:0,service time:0,nodes:2959,
[task] id:3,start:0,end:0,service time:0,nodes:2974,
[agent] id:0
path:2175,2282,2389,2390,2391,2392,2393,2394,2395,2396,2397,2398,2399,2400,2401,2402,2403,2404,2405,2406,2407,2408,2409,2410,2411,2412,2413,2414,2415,2416,2417,2418,2419,2420,2421,2422,2423,2424,2425,2425,2425,2425,2425,2425,2425,2425,2425,2425,2425,2425,2425,2425,2425,2425,2425,2425,2425,2425,2425,2425,2425,2425,2425,2425,2425,2425,2425,2425,2425,2425,2425,2425,2425,2425,2425,2425,2425,2425,2425,2425,2425,2425,2425,2425,2425,2425,2425,2425,2425,2425,
goal:2425,2425,2425,2425,2425,2425,2425,2425,2425,2425,2425,2425,2425,2425,2425,2425,2425,2425,2425,2425,2425,2425,2425,2425,2425,2425,2425,2425,2425,2425,2425,2425,2425,2425,2425,2425,2425,2425,2425,2425,2425,2425,2425,2425,2425,2425,2425,2425,2425,2425,2425,2425,2425,2425,2425,2425,2425,2425,2425,2425,2425,2425,2425,2425,2425,2425,2425,2425,2425,2425,2425,2425,2425,2425,2425,2425,2425,2425,2425,2425,2425,2425,2425,2425,2425,2425,2425,2425,2425,2425,
size:38
[agent] id:1
path:4134,4027,3920,3813,3706,3599,3600,3601,3494,3387,3280,3173,3066,2959,2852,2745,2638,2531,2424,2317,2318,2319,2320,2321,2322,2323,2323,2323,2323,2323,2323,2323,2323,2323,2323,2323,2323,2323,2323,2323,2323,2323,2323,2323,2323,2323,2323,2323,2323,2323,2323,2323,2323,2323,2323,2323,2323,2323,2323,2323,2323,2323,2323,2323,2323,2323,2323,2323,2323,2323,2323,2323,2323,2323,2323,2323,2323,2323,2323,2323,2323,2323,2323,2323,2323,2323,2323,2323,2323,2323,
goal:2323,2323,2323,2323,2323,2323,2323,2323,2323,2323,2323,2323,2323,2323,2323,2323,2323,2323,2323,2323,2323,2323,2323,2323,2323,2323,2323,2323,2323,2323,2323,2323,2323,2323,2323,2323,2323,2323,2323,2323,2323,2323,2323,2323,2323,2323,2323,2323,2323,2323,2323,2323,2323,2323,2323,2323,2323,2323,2323,2323,2323,2323,2323,2323,2323,2323,2323,2323,2323,2323,2323,2323,2323,2323,2323,2323,2323,2323,2323,2323,2323,2323,2323,2323,2323,2323,2323,2323,2323,2323,
size:25
[agent] id:2
path:365,472,579,686,793,900,1007,1114,1221,1328,1435,1436,1437,1438,1439,1440,1440,1440,1440,1440,1440,1440,1440,1440,1440,1440,1440,1440,1440,1440,1440,1440,1440,1440,1440,1440,1440,1440,1440,1440,1440,1440,1440,1440,1440,1440,1440,1440,1440,1440,1440,1440,1440,1440,1440,1440,1440,1440,1440,1440,1440,1440,1440,1440,1440,1440,1440,1440,1440,1440,1440,1440,1440,1440,1440,1440,1440,1440,1440,1440,1440,1440,1440,1440,1440,1440,1440,1440,1440,1440,
goal:1440,1440,1440,1440,1440,1440,1440,1440,1440,1440,1440,1440,1440,1440,1440,1440,1440,1440,1440,1440,1440,1440,1440,1440,1440,1440,1440,1440,1440,1440,1440,1440,1440,1440,1440,1440,1440,1440,1440,1440,1440,1440,1440,1440,1440,1440,1440,1440,1440,1440,1440,1440,1440,1440,1440,1440,1440,1440,1440,1440,1440,1440,1440,1440,1440,1440,1440,1440,1440,1440,1440,1440,1440,1440,1440,1440,1440,1440,1440,1440,1440,1440,1440,1440,1440,1440,1440,1440,1440,1440,
size:15
[agent] id:3
path:2037,2144,2251,2358,2465,2466,2467,2468,2469,2470,2471,2472,2473,2474,2475,2476,2477,2478,2585,2692,2799,2800,2801,2802,2803,2804,2805,2806,2807,2808,2809,2810,2811,2812,2813,2814,2815,2816,2817,2818,2819,2820,2821,2822,2823,2824,2825,2826,2827,2828,2829,2830,2831,2832,2833,2834,2835,2836,2837,2838,2839,2840,2841,2842,2843,2844,2845,2846,2847,2848,2849,2850,2851,2852,2853,2960,2961,2962,2963,2964,2965,2966,2967,2968,2969,2970,2971,2972,2973,2974,
goal:2974,2974,2974,2974,2974,2974,2974,2974,2974,2974,2974,2974,2974,2974,2974,2974,2974,2974,2974,2974,2974,2974,2974,2974,2974,2974,2974,2974,2974,2974,2974,2974,2974,2974,2974,2974,2974,2974,2974,2974,2974,2974,2974,2974,2974,2974,2974,2974,2974,2974,2974,2974,2974,2974,2974,2974,2974,2974,2974,2974,2974,2974,2974,2974,2974,2974,2974,2974,2974,2974,2974,2974,2974,2974,2974,2974,2974,2974,2974,2974,2974,2974,2974,2974,2974,2974,2974,2974,2974,2974,
size:89
[agent] id:4
path:2415,2522,2629,2736,2843,2950,3057,3056,3055,3054,3053,3052,3051,3050,3049,3048,3047,3046,3045,3044,3043,3042,3041,3040,3039,3038,3037,3036,3143,3250,3249,3248,3248,3248,3248,3248,3248,3248,3248,3248,3248,3248,3248,3248,3248,3248,3248,3248,3248,3248,3248,3248,3248,3248,3248,3248,3248,3248,3248,3248,3248,3248,3248,3248,3248,3248,3248,3248,3248,3248,3248,3248,3248,3248,3248,3248,3248,3248,3248,3248,3248,3248,3248,3248,3248,3248,3248,3248,3248,3248,
goal:3248,3248,3248,3248,3248,3248,3248,3248,3248,3248,3248,3248,3248,3248,3248,3248,3248,3248,3248,3248,3248,3248,3248,3248,3248,3248,3248,3248,3248,3248,3248,3248,3248,3248,3248,3248,3248,3248,3248,3248,3248,3248,3248,3248,3248,3248,3248,3248,3248,3248,3248,3248,3248,3248,3248,3248,3248,3248,3248,3248,3248,3248,3248,3248,3248,3248,3248,3248,3248,3248,3248,3248,3248,3248,3248,3248,3248,3248,3248,3248,3248,3248,3248,3248,3248,3248,3248,3248,3248,3248,
size:31
[agent] id:5
path:2323,2216,2109,2108,2107,2106,2105,2104,2103,2102,2101,2100,2099,2098,2097,2096,2095,2094,2093,2092,2091,2090,2089,2088,2087,2086,2085,2084,2083,2082,2081,2080,2079,2078,2077,2076,2075,2074,2073,2072,2071,2070,2069,2068,2067,2067,2067,2067,2067,2067,2067,2067,2067,2067,2067,2067,2067,2067,2067,2067,2067,2067,2067,2067,2067,2067,2067,2067,2067,2067,2067,2067,2067,2067,2067,2067,2067,2067,2067,2067,2067,2067,2067,2067,2067,2067,2067,2067,2067,2067,
goal:2067,2067,2067,2067,2067,2067,2067,2067,2067,2067,2067,2067,2067,2067,2067,2067,2067,2067,2067,2067,2067,2067,2067,2067,2067,2067,2067,2067,2067,2067,2067,2067,2067,2067,2067,2067,2067,2067,2067,2067,2067,2067,2067,2067,2067,2067,2067,2067,2067,2067,2067,2067,2067,2067,2067,2067,2067,2067,2067,2067,2067,2067,2067,2067,2067,2067,2067,2067,2067,2067,2067,2067,2067,2067,2067,2067,2067,2067,2067,2067,2067,2067,2067,2067,2067,2067,2067,2067,2067,2067,
size:44
[agent] id:6
path:2147,2254,2361,2468,2469,2470,2471,2472,2473,2474,2475,2476,2477,2478,2585,2692,2799,2906,2907,2908,2909,2910,2911,2912,2913,2914,2915,2916,2917,2918,2919,2920,2921,2922,2923,2924,2925,2926,2927,2928,2929,2930,2931,2932,2933,2934,2935,2936,2937,2938,2939,2940,2941,2942,2943,2944,2945,2946,2947,2948,2949,2950,2951,2952,2953,2954,2955,2956,2957,2958,2959,2959,2959,2959,2959,2959,2959,2959,2959,2959,2959,2959,2959,2959,2959,2959,2959,2959,2959,2959,
goal:2959,2959,2959,2959,2959,2959,2959,2959,2959,2959,2959,2959,2959,2959,2959,2959,2959,2959,2959,2959,2959,2959,2959,2959,2959,2959,2959,2959,2959,2959,2959,2959,2959,2959,2959,2959,2959,2959,2959,2959,2959,2959,2959,2959,2959,2959,2959,2959,2959,2959,2959,2959,2959,2959,2959,2959,2959,2959,2959,2959,2959,2959,2959,2959,2959,2959,2959,2959,2959,2959,2959,2959,2959,2959,2959,2959,2959,2959,2959,2959,2959,2959,2959,2959,2959,2959,2959,2959,2959,2959,
size:70
[agent] id:7
path:371,478,585,692,799,798,797,796,795,902,1009,1116,1223,1330,1437,1544,1651,1758,1865,1864,1863,1862,1861,1860,1967,1966,1965,1964,1963,1962,1961,1960,1959,1958,1957,1956,1955,1954,1847,1846,1845,1844,1843,1842,1735,1628,1521,1414,1307,1200,1093,986,879,772,772,772,772,772,772,772,772,772,772,772,772,772,772,772,772,772,772,772,772,772,772,772,772,772,772,772,772,772,772,772,772,772,772,772,772,772,
goal:772,772,772,772,772,772,772,772,772,772,772,772,772,772,772,772,772,772,772,772,772,772,772,772,772,772,772,772,772,772,772,772,772,772,772,772,772,772,772,772,772,772,772,772,772,772,772,772,772,772,772,772,772,772,772,772,772,772,772,772,772,772,772,772,772,772,772,772,772,772,772,772,772,772,772,772,772,772,772,772,772,772,772,772,772,772,772,772,772,772,
size:53
[agent] id:8
path:2616,2509,2402,2295,2188,2081,1974,1975,1976,1977,1978,1979,1980,1981,1982,1983,1984,1985,1986,1987,1988,1989,1990,1991,1884,1885,1886,1887,1888,1889,1782,1675,1568,1461,1354,1247,1140,1033,1034,1035,1036,1037,1038,1039,1040,1040,1040,1040,1040,1040,1040,1040,1040,1040,1040,1040,1040,1040,1040,1040,1040,1040,1040,1040,1040,1040,1040,1040,1040,1040,1040,1040,1040,1040,1040,1040,1040,1040,1040,1040,1040,1040,1040,1040,1040,1040,1040,1040,1040,1040,
goal:1040,1040,1040,1040,1040,1040,1040,1040,1040,1040,1040,1040,1040,1040,1040,1040,1040,1040,1040,1040,1040,1040,1040,1040,1040,1040,1040,1040,1040,1040,1040,1040,1040,1040,1040,1040,1040,1040,1040,1040,1040,1040,1040,1040,1040,1040,1040,1040,1040,1040,1040,1040,1040,1040,1040,1040,1040,1040,1040,1040,1040,1040,1040,1040,1040,1040,1040,1040,1040,1040,1040,1040,1040,1040,1040,1040,1040,1040,1040,1040,1040,1040,1040,1040,1040,1040,1040,1040,1040,1040,
size:44
[agent] id:9
path:1870,1977,2084,2191,2298,2405,2512,2619,2618,2617,2616,2615,2614,2613,2612,2611,2610,2609,2608,2607,2606,2605,2604,2604,2604,2604,2604,2604,2604,2604,2604,2604,2604,2604,2604,2604,2604,2604,2604,2604,2604,2604,2604,2604,2604,2604,2604,2604,2604,2604,2604,2604,2604,2604,2604,2604,2604,2604,2604,2604,2604,2604,2604,2604,2604,2604,2604,2604,2604,2604,2604,2604,2604,2604,2604,2604,2604,2604,2604,2604,2604,2604,2604,2604,2604,2604,2604,2604,2604,2604,
goal:2604,2604,2604,2604,2604,2604,2604,2604,2604,2604,2604,2604,2604,2604,2604,2604,2604,2604,2604,2604,2604,2604,2604,2604,2604,2604,2604,2604,2604,2604,2604,2604,2604,2604,2604,2604,2604,2604,2604,2604,2604,2604,2604,2604,2604,2604,2604,2604,2604,2604,2604,2604,2604,2604,2604,2604,2604,2604,2604,2604,2604,2604,2604,2604,2604,2604,2604,2604,2604,2604,2604,2604,2604,2604,2604,2604,2604,2604,2604,2604,2604,2604,2604,2604,2604,2604,2604,2604,2604,2604,
size:22
SolutionCost:431
