[setting] seed:70
[solver] type:ECBS
[solver] w:3.000000
[solver] ID:0
[solver] Lowlevelnode:28239
[solver] solved:1
[solver] elapsed:242
[solver] makespan:89
[problem] timesteplimit:10000
[problem] type:MAPF
[problem] agentnum:10
[graph] width:107
[graph] height:47
[graph] filename:./map/orz601d.map
[task] id:1,start:0,end:0,service time:0,nodes:3203,
[task] id:3,start:0,end:0,service time:0,nodes:2302,
[task] id:2,start:0,end:0,service time:0,nodes:1027,
[task] id:9,start:0,end:0,service time:0,nodes:1995,
[task] id:4,start:0,end:0,service time:0,nodes:3064,
[task] id:8,start:0,end:0,service time:0,nodes:2705,
[task] id:7,start:0,end:0,service time:0,nodes:1963,
[task] id:5,start:0,end:0,service time:0,nodes:3033,
[task] id:0,start:0,end:0,service time:0,nodes:4032,
[task] id:6,start:0,end:0,service time:0,nodes:3085,
[agent] id:0
path:2373,2480,2587,2694,2801,2908,3015,3016,3017,3018,3019,3020,3021,3022,3023,3024,3025,3026,3027,3028,3029,3030,3031,3032,3033,3034,3035,3036,3037,3038,3039,3040,3041,3042,3043,3044,3045,3046,3047,3048,3049,3050,3051,3052,3053,3054,3055,3056,3057,3058,3059,3060,3061,3062,3169,3170,3171,3172,3173,3280,3387,3494,3601,3708,3815,3922,4029,4030,4031,4032,4032,4032,4032,4032,4032,4032,4032,4032,4032,4032,4032,4032,4032,4032,4032,4032,4032,4032,4032,4032,
goal:4032,4032,4032,4032,4032,4032,4032,4032,4032,4032,4032,4032,4032,4032,4032,4032,4032,4032,4032,4032,4032,4032,4032,4032,4032,4032,4032,4032,4032,4032,4032,4032,4032,4032,4032,4032,4032,4032,4032,4032,4032,4032,4032,4032,4032,4032,4032,4032,4032,4032,4032,4032,4032,4032,4032,4032,4032,4032,4032,4032,4032,4032,4032,4032,4032,4032,4032,4032,4032,4032,4032,4032,4032,4032,4032,4032,4032,4032,4032,4032,4032,4032,4032,4032,4032,4032,4032,4032,4032,4032,
size:69
[agent] id:1
path:2450,2557,2664,2665,2772,2879,2986,3093,3200,3201,3202,3203,3203,3203,3203,3203,3203,3203,3203,3203,3203,3203,3203,3203,3203,3203,3203,3203,3203,3203,3203,3203,3203,3203,3203,3203,3203,3203,3203,3203,3203,3203,3203,3203,3203,3203,3203,3203,3203,3203,3203,3203,3203,3203,3203,3203,3203,3203,3203,3203,3203,3203,3203,3203,3203,3203,3203,3203,3203,3203,3203,3203,3203,3203,3203,3203,3203,3203,3203,3203,3203,3203,3203,3203,3203,3203,3203,3203,3203,3203,
goal:3203,3203,3203,3203,3203,3203,3203,3203,3203,3203,3203,3203,3203,3203,3203,3203,3203,3203,3203,3203,3203,3203,3203,3203,3203,3203,3203,3203,3203,3203,3203,3203,3203,3203,3203,3203,3203,3203,3203,3203,3203,3203,3203,3203,3203,3203,3203,3203,3203,3203,3203,3203,3203,3203,3203,3203,3203,3203,3203,3203,3203,3203,3203,3203,3203,3203,3203,3203,3203,3203,3203,3203,3203,3203,3203,3203,3203,3203,3203,3203,3203,3203,3203,3203,3203,3203,3203,3203,3203,3203,
size:11
[agent] id:2
path:608,715,822,929,1036,1035,1034,1033,1032,1031,1030,1029,1028,1027,1027,1027,1027,1027,1027,1027,1027,1027,1027,1027,1027,1027,1027,1027,1027,1027,1027,1027,1027,1027,1027,1027,1027,1027,1027,1027,1027,1027,1027,1027,1027,1027,1027,1027,1027,1027,1027,1027,1027,1027,1027,1027,1027,1027,1027,1027,1027,1027,1027,1027,1027,1027,1027,1027,1027,1027,1027,1027,1027,1027,1027,1027,1027,1027,1027,1027,1027,1027,1027,1027,1027,1027,1027,1027,1027,1027,
goal:1027,1027,1027,1027,1027,1027,1027,1027,1027,1027,1027,1027,1027,1027,1027,1027,1027,1027,1027,1027,1027,1027,1027,1027,1027,1027,1027,1027,1027,1027,1027,1027,1027,1027,1027,1027,1027,1027,1027,1027,1027,1027,1027,1027,1027,1027,1027,1027,1027,1027,1027,1027,1027,1027,1027,1027,1027,1027,1027,1027,1027,1027,1027,1027,1027,1027,1027,1027,1027,1027,1027,1027,1027,1027,1027,1027,1027,1027,1027,1027,1027,1027,1027,1027,1027,1027,1027,1027,1027,1027,
size:13
[agent] id:3
path:2313,2312,2311,2310,2309,2308,2307,2306,2305,2304,2303,2302,2302,2302,2302,2302,2302,2302,2302,2302,2302,2302,2302,2302,2302,2302,2302,2302,2302,2302,2302,2302,2302,2302,2302,2302,2302,2302,2302,2302,2302,2302,2302,2302,2302,2302,2302,2302,2302,2302,2302,2302,2302,2302,2302,2302,2302,2302,2302,2302,2302,2302,2302,2302,2302,2302,2302,2302,2302,2302,2302,2302,2302,2302,2302,2302,2302,2302,2302,2302,2302,2302,2302,2302,2302,2302,2302,2302,2302,2302,
goal:2302,2302,2302,2302,2302,2302,2302,2302,2302,2302,2302,2302,2302,2302,2302,2302,2302,2302,2302,2302,2302,2302,2302,2302,2302,2302,2302,2302,2302,2302,2302,2302,2302,2302,2302,2302,2302,2302,2302,2302,2302,2302,2302,2302,2302,2302,2302,2302,2302,2302,2302,2302,2302,2302,2302,2302,2302,2302,2302,2302,2302,2302,2302,2302,2302,2302,2302,2302,2302,2302,2302,2302,2302,2302,2302,2302,2302,2302,2302,2302,2302,2302,2302,2302,2302,2302,2302,2302,2302,2302,
size:11
[agent] id:4
path:1357,1464,1463,1462,1569,1676,1783,1890,1997,2104,2211,2318,2425,2532,2639,2746,2853,2960,3067,3066,3065,3064,3064,3064,3064,3064,3064,3064,3064,3064,3064,3064,3064,3064,3064,3064,3064,3064,3064,3064,3064,3064,3064,3064,3064,3064,3064,3064,3064,3064,3064,3064,3064,3064,3064,3064,3064,3064,3064,3064,3064,3064,3064,3064,3064,3064,3064,3064,3064,3064,3064,3064,3064,3064,3064,3064,3064,3064,3064,3064,3064,3064,3064,3064,3064,3064,3064,3064,3064,3064,
goal:3064,3064,3064,3064,3064,3064,3064,3064,3064,3064,3064,3064,3064,3064,3064,3064,3064,3064,3064,3064,3064,3064,3064,3064,3064,3064,3064,3064,3064,3064,3064,3064,3064,3064,3064,3064,3064,3064,3064,3064,3064,3064,3064,3064,3064,3064,3064,3064,3064,3064,3064,3064,3064,3064,3064,3064,3064,3064,3064,3064,3064,3064,3064,3064,3064,3064,3064,3064,3064,3064,3064,3064,3064,3064,3064,3064,3064,3064,3064,3064,3064,3064,3064,3064,3064,3064,3064,3064,3064,3064,
size:21
[agent] id:5
path:2109,2216,2323,2430,2537,2644,2751,2858,2965,2964,2963,2962,2961,2960,2959,2958,2957,2956,2955,2954,2953,2952,2951,2950,2949,2948,2947,2946,2945,2944,2943,2942,2941,2940,2939,2938,2937,2936,2935,2934,2933,2932,2931,2930,3037,3036,3035,3034,3033,3033,3033,3033,3033,3033,3033,3033,3033,3033,3033,3033,3033,3033,3033,3033,3033,3033,3033,3033,3033,3033,3033,3033,3033,3033,3033,3033,3033,3033,3033,3033,3033,3033,3033,3033,3033,3033,3033,3033,3033,3033,
goal:3033,3033,3033,3033,3033,3033,3033,3033,3033,3033,3033,3033,3033,3033,3033,3033,3033,3033,3033,3033,3033,3033,3033,3033,3033,3033,3033,3033,3033,3033,3033,3033,3033,3033,3033,3033,3033,3033,3033,3033,3033,3033,3033,3033,3033,3033,3033,3033,3033,3033,3033,3033,3033,3033,3033,3033,3033,3033,3033,3033,3033,3033,3033,3033,3033,3033,3033,3033,3033,3033,3033,3033,3033,3033,3033,3033,3033,3033,3033,3033,3033,3033,3033,3033,3033,3033,3033,3033,3033,3033,
size:48
[agent] id:6
path:2790,2683,2576,2469,2470,2471,2472,2473,2474,2475,2476,2477,2478,2585,2692,2799,2800,2801,2802,2803,2804,2805,2806,2807,2808,2809,2810,2811,2812,2813,2814,2815,2816,2817,2818,2819,2820,2821,2822,2823,2824,2825,2826,2933,2934,2935,2936,2937,2938,2939,2940,2941,2942,2943,2944,2945,2946,2947,2948,2949,2950,2951,2952,2953,2954,2955,2956,2957,2958,3065,3066,3067,3068,3069,3070,3071,3072,3073,3074,3075,3076,3077,3078,3079,3080,3081,3082,3083,3084,3085,
goal:3085,3085,3085,3085,3085,3085,3085,3085,3085,3085,3085,3085,3085,3085,3085,3085,3085,3085,3085,3085,3085,3085,3085,3085,3085,3085,3085,3085,3085,3085,3085,3085,3085,3085,3085,3085,3085,3085,3085,3085,3085,3085,3085,3085,3085,3085,3085,3085,3085,3085,3085,3085,3085,3085,3085,3085,3085,3085,3085,3085,3085,3085,3085,3085,3085,3085,3085,3085,3085,3085,3085,3085,3085,3085,3085,3085,3085,3085,3085,3085,3085,3085,3085,3085,3085,3085,3085,3085,3085,3085,
size:89
[agent] id:7
path:2433,2326,2219,2112,2111,2110,2109,2108,2107,2106,2105,2104,2103,2102,2101,2100,2099,1992,1991,1990,1989,1988,1987,1986,1985,1984,1983,1982,1981,1980,1979,1978,1977,1976,1975,1974,1973,1972,1971,1970,1969,1968,1967,1966,1965,1964,1963,1963,1963,1963,1963,1963,1963,1963,1963,1963,1963,1963,1963,1963,1963,1963,1963,1963,1963,1963,1963,1963,1963,1963,1963,1963,1963,1963,1963,1963,1963,1963,1963,1963,1963,1963,1963,1963,1963,1963,1963,1963,1963,1963,
goal:1963,1963,1963,1963,1963,1963,1963,1963,1963,1963,1963,1963,1963,1963,1963,1963,1963,1963,1963,1963,1963,1963,1963,1963,1963,1963,1963,1963,1963,1963,1963,1963,1963,1963,1963,1963,1963,1963,1963,1963,1963,1963,1963,1963,1963,1963,1963,1963,1963,1963,1963,1963,1963,1963,1963,1963,1963,1963,1963,1963,1963,1963,1963,1963,1963,1963,1963,1963,1963,1963,1963,1963,1963,1963,1963,1963,1963,1963,1963,1963,1963,1963,1963,1963,1963,1963,1963,1963,1963,1963,
size:46
[agent] id:8
path:1010,1117,1224,1331,1438,1545,1652,1759,1866,1973,2080,2187,2294,2401,2508,2615,2722,2721,2720,2719,2718,2717,2716,2715,2714,2713,2712,2711,2710,2709,2708,2707,2706,2705,2705,2705,2705,2705,2705,2705,2705,2705,2705,2705,2705,2705,2705,2705,2705,2705,2705,2705,2705,2705,2705,2705,2705,2705,2705,2705,2705,2705,2705,2705,2705,2705,2705,2705,2705,2705,2705,2705,2705,2705,2705,2705,2705,2705,2705,2705,2705,2705,2705,2705,2705,2705,2705,2705,2705,2705,
goal:2705,2705,2705,2705,2705,2705,2705,2705,2705,2705,2705,2705,2705,2705,2705,2705,2705,2705,2705,2705,2705,2705,2705,2705,2705,2705,2705,2705,2705,2705,2705,2705,2705,2705,2705,2705,2705,2705,2705,2705,2705,2705,2705,2705,2705,2705,2705,2705,2705,2705,2705,2705,2705,2705,2705,2705,2705,2705,2705,2705,2705,2705,2705,2705,2705,2705,2705,2705,2705,2705,2705,2705,2705,2705,2705,2705,2705,2705,2705,2705,2705,2705,2705,2705,2705,2705,2705,2705,2705,2705,
size:33
[agent] id:9
path:1870,1977,1978,1979,1980,1981,1982,1983,1984,1985,1986,1987,1988,1989,1990,1991,1992,1993,1994,1995,1995,1995,1995,1995,1995,1995,1995,1995,1995,1995,1995,1995,1995,1995,1995,1995,1995,1995,1995,1995,1995,1995,1995,1995,1995,1995,1995,1995,1995,1995,1995,1995,1995,1995,1995,1995,1995,1995,1995,1995,1995,1995,1995,1995,1995,1995,1995,1995,1995,1995,1995,1995,1995,1995,1995,1995,1995,1995,1995,1995,1995,1995,1995,1995,1995,1995,1995,1995,1995,1995,
goal:1995,1995,1995,1995,1995,1995,1995,1995,1995,1995,1995,1995,1995,1995,1995,1995,1995,1995,1995,1995,1995,1995,1995,1995,1995,1995,1995,1995,1995,1995,1995,1995,1995,1995,1995,1995,1995,1995,1995,1995,1995,1995,1995,1995,1995,1995,1995,1995,1995,1995,1995,1995,1995,1995,1995,1995,1995,1995,1995,1995,1995,1995,1995,1995,1995,1995,1995,1995,1995,1995,1995,1995,1995,1995,1995,1995,1995,1995,1995,1995,1995,1995,1995,1995,1995,1995,1995,1995,1995,1995,
size:19
SolutionCost:360
