[setting] seed:51
[solver] type:ECBS
[solver] w:3.000000
[solver] ID:0
[solver] Lowlevelnode:0
[solver] solved:1
[solver] elapsed:0
[solver] makespan:96
[problem] timesteplimit:10000
[problem] type:MAPF
[problem] agentnum:10
[graph] width:107
[graph] height:47
[graph] filename:./map/orz601d.map
[task] id:2,start:0,end:0,service time:0,nodes:1724,
[task] id:3,start:0,end:0,service time:0,nodes:2814,
[task] id:6,start:0,end:0,service time:0,nodes:2298,
[task] id:1,start:0,end:0,service time:0,nodes:3053,
[task] id:4,start:0,end:0,service time:0,nodes:1802,
[task] id:5,start:0,end:0,service time:0,nodes:990,
[task] id:9,start:0,end:0,service time:0,nodes:2604,
[task] id:8,start:0,end:0,service time:0,nodes:2082,
[task] id:7,start:0,end:0,service time:0,nodes:2435,
[task] id:0,start:0,end:0,service time:0,nodes:2557,
[agent] id:0
path:447,554,661,768,875,982,1089,1196,1303,1410,1411,1412,1413,1520,1627,1734,1841,1948,2055,2162,2269,2376,2483,2484,2485,2486,2487,2488,2489,2490,2491,2492,2493,2494,2495,2496,2497,2498,2499,2500,2501,2502,2503,2504,2505,2506,2507,2508,2509,2510,2511,2512,2513,2514,2515,2516,2517,2518,2519,2520,2521,2522,2523,2524,2525,2526,2527,2528,2529,2530,2531,2532,2533,2534,2535,2536,2537,2538,2539,2540,2541,2542,2543,2544,2545,2546,2547,2548,2549,2550,2551,2552,2553,2554,2555,2556,2557,
goal:2557,2557,2557,2557,2557,2557,2557,2557,2557,2557,2557,2557,2557,2557,2557,2557,2557,2557,2557,2557,2557,2557,2557,2557,2557,2557,2557,2557,2557,2557,2557,2557,2557,2557,2557,2557,2557,2557,2557,2557,2557,2557,2557,2557,2557,2557,2557,2557,2557,2557,2557,2557,2557,2557,2557,2557,2557,2557,2557,2557,2557,2557,2557,2557,2557,2557,2557,2557,2557,2557,2557,2557,2557,2557,2557,2557,2557,2557,2557,2557,2557,2557,2557,2557,2557,2557,2557,2557,2557,2557,2557,2557,2557,2557,2557,2557,2557,
size:96
[agent] id:1
path:1966,2073,2180,2287,2394,2501,2608,2715,2822,2929,3036,3037,3038,3039,3040,3041,3042,3043,3044,3045,3046,3047,3048,3049,3050,3051,3052,3053,3053,3053,3053,3053,3053,3053,3053,3053,3053,3053,3053,3053,3053,3053,3053,3053,3053,3053,3053,3053,3053,3053,3053,3053,3053,3053,3053,3053,3053,3053,3053,3053,3053,3053,3053,3053,3053,3053,3053,3053,3053,3053,3053,3053,3053,3053,3053,3053,3053,3053,3053,3053,3053,3053,3053,3053,3053,3053,3053,3053,3053,3053,3053,3053,3053,3053,3053,3053,3053,
goal:3053,3053,3053,3053,3053,3053,3053,3053,3053,3053,3053,3053,3053,3053,3053,3053,3053,3053,3053,3053,3053,3053,3053,3053,3053,3053,3053,3053,3053,3053,3053,3053,3053,3053,3053,3053,3053,3053,3053,3053,3053,3053,3053,3053,3053,3053,3053,3053,3053,3053,3053,3053,3053,3053,3053,3053,3053,3053,3053,3053,3053,3053,3053,3053,3053,3053,3053,3053,3053,3053,3053,3053,3053,3053,3053,3053,3053,3053,3053,3053,3053,3053,3053,3053,3053,3053,3053,3053,3053,3053,3053,3053,3053,3053,3053,3053,3053,
size:27
[agent] id:2
path:2042,1935,1828,1721,1722,1723,1724,1724,1724,1724,1724,1724,1724,1724,1724,1724,1724,1724,1724,1724,1724,1724,1724,1724,1724,1724,1724,1724,1724,1724,1724,1724,1724,1724,1724,1724,1724,1724,1724,1724,1724,1724,1724,1724,1724,1724,1724,1724,1724,1724,1724,1724,1724,1724,1724,1724,1724,1724,1724,1724,1724,1724,1724,1724,1724,1724,1724,1724,1724,1724,1724,1724,1724,1724,1724,1724,1724,1724,1724,1724,1724,1724,1724,1724,1724,1724,1724,1724,1724,1724,1724,1724,1724,1724,1724,1724,1724,
goal:1724,1724,1724,1724,1724,1724,1724,1724,1724,1724,1724,1724,1724,1724,1724,1724,1724,1724,1724,1724,1724,1724,1724,1724,1724,1724,1724,1724,1724,1724,1724,1724,1724,1724,1724,1724,1724,1724,1724,1724,1724,1724,1724,1724,1724,1724,1724,1724,1724,1724,1724,1724,1724,1724,1724,1724,1724,1724,1724,1724,1724,1724,1724,1724,1724,1724,1724,1724,1724,1724,1724,1724,1724,1724,1724,1724,1724,1724,1724,1724,1724,1724,1724,1724,1724,1724,1724,1724,1724,1724,1724,1724,1724,1724,1724,1724,1724,
size:6
[agent] id:3
path:3247,3140,3033,2926,2819,2818,2817,2816,2815,2814,2814,2814,2814,2814,2814,2814,2814,2814,2814,2814,2814,2814,2814,2814,2814,2814,2814,2814,2814,2814,2814,2814,2814,2814,2814,2814,2814,2814,2814,2814,2814,2814,2814,2814,2814,2814,2814,2814,2814,2814,2814,2814,2814,2814,2814,2814,2814,2814,2814,2814,2814,2814,2814,2814,2814,2814,2814,2814,2814,2814,2814,2814,2814,2814,2814,2814,2814,2814,2814,2814,2814,2814,2814,2814,2814,2814,2814,2814,2814,2814,2814,2814,2814,2814,2814,2814,2814,
goal:2814,2814,2814,2814,2814,2814,2814,2814,2814,2814,2814,2814,2814,2814,2814,2814,2814,2814,2814,2814,2814,2814,2814,2814,2814,2814,2814,2814,2814,2814,2814,2814,2814,2814,2814,2814,2814,2814,2814,2814,2814,2814,2814,2814,2814,2814,2814,2814,2814,2814,2814,2814,2814,2814,2814,2814,2814,2814,2814,2814,2814,2814,2814,2814,2814,2814,2814,2814,2814,2814,2814,2814,2814,2814,2814,2814,2814,2814,2814,2814,2814,2814,2814,2814,2814,2814,2814,2814,2814,2814,2814,2814,2814,2814,2814,2814,2814,
size:9
[agent] id:4
path:2629,2522,2415,2308,2201,2094,1987,1988,1989,1990,1991,1992,1993,1994,1995,1996,1997,1998,1999,2000,2001,2002,2003,2004,2005,2006,2007,2008,2009,2010,2011,2012,2013,2014,2015,1908,1909,1802,1802,1802,1802,1802,1802,1802,1802,1802,1802,1802,1802,1802,1802,1802,1802,1802,1802,1802,1802,1802,1802,1802,1802,1802,1802,1802,1802,1802,1802,1802,1802,1802,1802,1802,1802,1802,1802,1802,1802,1802,1802,1802,1802,1802,1802,1802,1802,1802,1802,1802,1802,1802,1802,1802,1802,1802,1802,1802,1802,
goal:1802,1802,1802,1802,1802,1802,1802,1802,1802,1802,1802,1802,1802,1802,1802,1802,1802,1802,1802,1802,1802,1802,1802,1802,1802,1802,1802,1802,1802,1802,1802,1802,1802,1802,1802,1802,1802,1802,1802,1802,1802,1802,1802,1802,1802,1802,1802,1802,1802,1802,1802,1802,1802,1802,1802,1802,1802,1802,1802,1802,1802,1802,1802,1802,1802,1802,1802,1802,1802,1802,1802,1802,1802,1802,1802,1802,1802,1802,1802,1802,1802,1802,1802,1802,1802,1802,1802,1802,1802,1802,1802,1802,1802,1802,1802,1802,1802,
size:37
[agent] id:5
path:2504,2397,2290,2183,2076,1969,1968,1967,1966,1965,1964,1963,1962,1961,1960,1959,1958,1957,1956,1955,1954,1847,1846,1845,1844,1843,1842,1735,1628,1521,1414,1307,1200,1093,986,987,988,989,990,990,990,990,990,990,990,990,990,990,990,990,990,990,990,990,990,990,990,990,990,990,990,990,990,990,990,990,990,990,990,990,990,990,990,990,990,990,990,990,990,990,990,990,990,990,990,990,990,990,990,990,990,990,990,990,990,990,990,
goal:990,990,990,990,990,990,990,990,990,990,990,990,990,990,990,990,990,990,990,990,990,990,990,990,990,990,990,990,990,990,990,990,990,990,990,990,990,990,990,990,990,990,990,990,990,990,990,990,990,990,990,990,990,990,990,990,990,990,990,990,990,990,990,990,990,990,990,990,990,990,990,990,990,990,990,990,990,990,990,990,990,990,990,990,990,990,990,990,990,990,990,990,990,990,990,990,990,
size:38
[agent] id:6
path:2279,2280,2281,2282,2283,2284,2285,2286,2287,2288,2289,2290,2291,2292,2293,2294,2295,2296,2297,2298,2298,2298,2298,2298,2298,2298,2298,2298,2298,2298,2298,2298,2298,2298,2298,2298,2298,2298,2298,2298,2298,2298,2298,2298,2298,2298,2298,2298,2298,2298,2298,2298,2298,2298,2298,2298,2298,2298,2298,2298,2298,2298,2298,2298,2298,2298,2298,2298,2298,2298,2298,2298,2298,2298,2298,2298,2298,2298,2298,2298,2298,2298,2298,2298,2298,2298,2298,2298,2298,2298,2298,2298,2298,2298,2298,2298,2298,
goal:2298,2298,2298,2298,2298,2298,2298,2298,2298,2298,2298,2298,2298,2298,2298,2298,2298,2298,2298,2298,2298,2298,2298,2298,2298,2298,2298,2298,2298,2298,2298,2298,2298,2298,2298,2298,2298,2298,2298,2298,2298,2298,2298,2298,2298,2298,2298,2298,2298,2298,2298,2298,2298,2298,2298,2298,2298,2298,2298,2298,2298,2298,2298,2298,2298,2298,2298,2298,2298,2298,2298,2298,2298,2298,2298,2298,2298,2298,2298,2298,2298,2298,2298,2298,2298,2298,2298,2298,2298,2298,2298,2298,2298,2298,2298,2298,2298,
size:19
[agent] id:7
path:1933,2040,2147,2254,2361,2362,2363,2364,2365,2366,2367,2368,2369,2370,2371,2372,2373,2374,2375,2376,2377,2378,2379,2380,2381,2382,2383,2384,2385,2386,2387,2388,2389,2390,2391,2392,2393,2394,2395,2396,2397,2398,2399,2400,2401,2402,2403,2404,2405,2406,2407,2408,2409,2410,2411,2412,2413,2414,2415,2416,2417,2418,2419,2420,2421,2422,2423,2424,2425,2426,2427,2428,2429,2430,2431,2432,2433,2434,2435,2435,2435,2435,2435,2435,2435,2435,2435,2435,2435,2435,2435,2435,2435,2435,2435,2435,2435,
goal:2435,2435,2435,2435,2435,2435,2435,2435,2435,2435,2435,2435,2435,2435,2435,2435,2435,2435,2435,2435,2435,2435,2435,2435,2435,2435,2435,2435,2435,2435,2435,2435,2435,2435,2435,2435,2435,2435,2435,2435,2435,2435,2435,2435,2435,2435,2435,2435,2435,2435,2435,2435,2435,2435,2435,2435,2435,2435,2435,2435,2435,2435,2435,2435,2435,2435,2435,2435,2435,2435,2435,2435,2435,2435,2435,2435,2435,2435,2435,2435,2435,2435,2435,2435,2435,2435,2435,2435,2435,2435,2435,2435,2435,2435,2435,2435,2435,
size:78
[agent] id:8
path:2451,2450,2449,2448,2447,2446,2339,2232,2125,2124,2123,2122,2121,2120,2119,2118,2117,2116,2115,2114,2113,2112,2111,2110,2109,2108,2107,2106,2105,2104,2103,2102,2101,2100,2099,2098,2097,2096,2095,2094,2093,2092,2091,2090,2089,2088,2087,2086,2085,2084,2083,2082,2082,2082,2082,2082,2082,2082,2082,2082,2082,2082,2082,2082,2082,2082,2082,2082,2082,2082,2082,2082,2082,2082,2082,2082,2082,2082,2082,2082,2082,2082,2082,2082,2082,2082,2082,2082,2082,2082,2082,2082,2082,2082,2082,2082,2082,
goal:2082,2082,2082,2082,2082,2082,2082,2082,2082,2082,2082,2082,2082,2082,2082,2082,2082,2082,2082,2082,2082,2082,2082,2082,2082,2082,2082,2082,2082,2082,2082,2082,2082,2082,2082,2082,2082,2082,2082,2082,2082,2082,2082,2082,2082,2082,2082,2082,2082,2082,2082,2082,2082,2082,2082,2082,2082,2082,2082,2082,2082,2082,2082,2082,2082,2082,2082,2082,2082,2082,2082,2082,2082,2082,2082,2082,2082,2082,2082,2082,2082,2082,2082,2082,2082,2082,2082,2082,2082,2082,2082,2082,2082,2082,2082,2082,2082,
size:51
[agent] id:9
path:2003,2110,2217,2324,2431,2538,2645,2644,2643,2642,2641,2640,2639,2638,2637,2636,2635,2634,2633,2632,2631,2630,2629,2628,2627,2626,2625,2624,2623,2622,2621,2620,2619,2618,2617,2616,2615,2614,2613,2612,2611,2610,2609,2608,2607,2606,2605,2604,2604,2604,2604,2604,2604,2604,2604,2604,2604,2604,2604,2604,2604,2604,2604,2604,2604,2604,2604,2604,2604,2604,2604,2604,2604,2604,2604,2604,2604,2604,2604,2604,2604,2604,2604,2604,2604,2604,2604,2604,2604,2604,2604,2604,2604,2604,2604,2604,2604,
goal:2604,2604,2604,2604,2604,2604,2604,2604,2604,2604,2604,2604,2604,2604,2604,2604,2604,2604,2604,2604,2604,2604,2604,2604,2604,2604,2604,2604,2604,2604,2604,2604,2604,2604,2604,2604,2604,2604,2604,2604,2604,2604,2604,2604,2604,2604,2604,2604,2604,2604,2604,2604,2604,2604,2604,2604,2604,2604,2604,2604,2604,2604,2604,2604,2604,2604,2604,2604,2604,2604,2604,2604,2604,2604,2604,2604,2604,2604,2604,2604,2604,2604,2604,2604,2604,2604,2604,2604,2604,2604,2604,2604,2604,2604,2604,2604,2604,
size:47
SolutionCost:408
