[setting] seed:85
[solver] type:ECBS
[solver] w:3.000000
[solver] ID:0
[solver] Lowlevelnode:1748
[solver] solved:1
[solver] elapsed:81
[solver] makespan:69
[problem] timesteplimit:10000
[problem] type:MAPF
[problem] agentnum:10
[graph] width:107
[graph] height:47
[graph] filename:./map/orz601d.map
[task] id:5,start:0,end:0,service time:0,nodes:2315,
[task] id:2,start:0,end:0,service time:0,nodes:2492,
[task] id:1,start:0,end:0,service time:0,nodes:2096,
[task] id:6,start:0,end:0,service time:0,nodes:4675,
[task] id:3,start:0,end:0,service time:0,nodes:1783,
[task] id:8,start:0,end:0,service time:0,nodes:2072,
[task] id:7,start:0,end:0,service time:0,nodes:3873,
[task] id:9,start:0,end:0,service time:0,nodes:2503,
[task] id:4,start:0,end:0,service time:0,nodes:2787,
[task] id:0,start:0,end:0,service time:0,nodes:980,
[agent] id:0
path:2427,2320,2213,2106,1999,1998,1997,1996,1995,1994,1993,1992,1991,1990,1989,1988,1987,1986,1985,1984,1983,1982,1981,1980,1979,1978,1977,1976,1975,1974,1973,1972,1971,1970,1969,1968,1967,1966,1965,1964,1963,1962,1961,1960,1959,1958,1957,1956,1955,1954,1847,1846,1845,1844,1843,1842,1735,1628,1521,1414,1307,1200,1093,986,985,984,983,982,981,980,
goal:980,980,980,980,980,980,980,980,980,980,980,980,980,980,980,980,980,980,980,980,980,980,980,980,980,980,980,980,980,980,980,980,980,980,980,980,980,980,980,980,980,980,980,980,980,980,980,980,980,980,980,980,980,980,980,980,980,980,980,980,980,980,980,980,980,980,980,980,980,980,
size:69
[agent] id:1
path:3925,3818,3711,3604,3603,3602,3495,3388,3281,3174,3067,2960,2853,2746,2639,2532,2425,2318,2211,2104,2103,2102,2101,2100,2099,2098,2097,2096,2096,2096,2096,2096,2096,2096,2096,2096,2096,2096,2096,2096,2096,2096,2096,2096,2096,2096,2096,2096,2096,2096,2096,2096,2096,2096,2096,2096,2096,2096,2096,2096,2096,2096,2096,2096,2096,2096,2096,2096,2096,2096,
goal:2096,2096,2096,2096,2096,2096,2096,2096,2096,2096,2096,2096,2096,2096,2096,2096,2096,2096,2096,2096,2096,2096,2096,2096,2096,2096,2096,2096,2096,2096,2096,2096,2096,2096,2096,2096,2096,2096,2096,2096,2096,2096,2096,2096,2096,2096,2096,2096,2096,2096,2096,2096,2096,2096,2096,2096,2096,2096,2096,2096,2096,2096,2096,2096,2096,2096,2096,2096,2096,2096,
size:27
[agent] id:2
path:2580,2473,2474,2475,2476,2477,2478,2479,2480,2481,2482,2483,2484,2485,2486,2487,2488,2489,2490,2491,2492,2492,2492,2492,2492,2492,2492,2492,2492,2492,2492,2492,2492,2492,2492,2492,2492,2492,2492,2492,2492,2492,2492,2492,2492,2492,2492,2492,2492,2492,2492,2492,2492,2492,2492,2492,2492,2492,2492,2492,2492,2492,2492,2492,2492,2492,2492,2492,2492,2492,
goal:2492,2492,2492,2492,2492,2492,2492,2492,2492,2492,2492,2492,2492,2492,2492,2492,2492,2492,2492,2492,2492,2492,2492,2492,2492,2492,2492,2492,2492,2492,2492,2492,2492,2492,2492,2492,2492,2492,2492,2492,2492,2492,2492,2492,2492,2492,2492,2492,2492,2492,2492,2492,2492,2492,2492,2492,2492,2492,2492,2492,2492,2492,2492,2492,2492,2492,2492,2492,2492,2492,
size:20
[agent] id:3
path:4462,4355,4248,4141,4034,3927,3820,3713,3606,3605,3604,3603,3602,3495,3388,3281,3174,3067,2960,2853,2746,2639,2532,2425,2318,2211,2104,1997,1890,1783,1783,1783,1783,1783,1783,1783,1783,1783,1783,1783,1783,1783,1783,1783,1783,1783,1783,1783,1783,1783,1783,1783,1783,1783,1783,1783,1783,1783,1783,1783,1783,1783,1783,1783,1783,1783,1783,1783,1783,1783,
goal:1783,1783,1783,1783,1783,1783,1783,1783,1783,1783,1783,1783,1783,1783,1783,1783,1783,1783,1783,1783,1783,1783,1783,1783,1783,1783,1783,1783,1783,1783,1783,1783,1783,1783,1783,1783,1783,1783,1783,1783,1783,1783,1783,1783,1783,1783,1783,1783,1783,1783,1783,1783,1783,1783,1783,1783,1783,1783,1783,1783,1783,1783,1783,1783,1783,1783,1783,1783,1783,1783,
size:29
[agent] id:4
path:454,561,668,775,882,989,1096,1203,1310,1417,1416,1415,1414,1521,1628,1735,1842,1949,2056,2163,2270,2377,2484,2483,2482,2481,2480,2479,2478,2477,2476,2475,2474,2581,2688,2795,2794,2793,2792,2791,2790,2789,2788,2787,2787,2787,2787,2787,2787,2787,2787,2787,2787,2787,2787,2787,2787,2787,2787,2787,2787,2787,2787,2787,2787,2787,2787,2787,2787,2787,
goal:2787,2787,2787,2787,2787,2787,2787,2787,2787,2787,2787,2787,2787,2787,2787,2787,2787,2787,2787,2787,2787,2787,2787,2787,2787,2787,2787,2787,2787,2787,2787,2787,2787,2787,2787,2787,2787,2787,2787,2787,2787,2787,2787,2787,2787,2787,2787,2787,2787,2787,2787,2787,2787,2787,2787,2787,2787,2787,2787,2787,2787,2787,2787,2787,2787,2787,2787,2787,2787,2787,
size:43
[agent] id:5
path:1879,1986,2093,2200,2307,2308,2309,2310,2311,2312,2313,2314,2315,2315,2315,2315,2315,2315,2315,2315,2315,2315,2315,2315,2315,2315,2315,2315,2315,2315,2315,2315,2315,2315,2315,2315,2315,2315,2315,2315,2315,2315,2315,2315,2315,2315,2315,2315,2315,2315,2315,2315,2315,2315,2315,2315,2315,2315,2315,2315,2315,2315,2315,2315,2315,2315,2315,2315,2315,2315,
goal:2315,2315,2315,2315,2315,2315,2315,2315,2315,2315,2315,2315,2315,2315,2315,2315,2315,2315,2315,2315,2315,2315,2315,2315,2315,2315,2315,2315,2315,2315,2315,2315,2315,2315,2315,2315,2315,2315,2315,2315,2315,2315,2315,2315,2315,2315,2315,2315,2315,2315,2315,2315,2315,2315,2315,2315,2315,2315,2315,2315,2315,2315,2315,2315,2315,2315,2315,2315,2315,2315,
size:12
[agent] id:6
path:3058,3059,3060,3061,3062,3169,3170,3171,3172,3173,3280,3387,3494,3601,3708,3815,3922,4029,4136,4243,4350,4457,4458,4459,4460,4567,4674,4675,4675,4675,4675,4675,4675,4675,4675,4675,4675,4675,4675,4675,4675,4675,4675,4675,4675,4675,4675,4675,4675,4675,4675,4675,4675,4675,4675,4675,4675,4675,4675,4675,4675,4675,4675,4675,4675,4675,4675,4675,4675,4675,
goal:4675,4675,4675,4675,4675,4675,4675,4675,4675,4675,4675,4675,4675,4675,4675,4675,4675,4675,4675,4675,4675,4675,4675,4675,4675,4675,4675,4675,4675,4675,4675,4675,4675,4675,4675,4675,4675,4675,4675,4675,4675,4675,4675,4675,4675,4675,4675,4675,4675,4675,4675,4675,4675,4675,4675,4675,4675,4675,4675,4675,4675,4675,4675,4675,4675,4675,4675,4675,4675,4675,
size:27
[agent] id:7
path:555,662,769,876,983,1090,1197,1304,1411,1412,1413,1520,1627,1734,1841,1948,2055,2162,2269,2376,2483,2590,2697,2804,2911,3018,3125,3232,3339,3446,3553,3660,3767,3874,3873,3873,3873,3873,3873,3873,3873,3873,3873,3873,3873,3873,3873,3873,3873,3873,3873,3873,3873,3873,3873,3873,3873,3873,3873,3873,3873,3873,3873,3873,3873,3873,3873,3873,3873,3873,
goal:3873,3873,3873,3873,3873,3873,3873,3873,3873,3873,3873,3873,3873,3873,3873,3873,3873,3873,3873,3873,3873,3873,3873,3873,3873,3873,3873,3873,3873,3873,3873,3873,3873,3873,3873,3873,3873,3873,3873,3873,3873,3873,3873,3873,3873,3873,3873,3873,3873,3873,3873,3873,3873,3873,3873,3873,3873,3873,3873,3873,3873,3873,3873,3873,3873,3873,3873,3873,3873,3873,
size:34
[agent] id:8
path:3059,2952,2845,2738,2631,2524,2417,2416,2309,2202,2095,2094,2093,2092,2091,2090,2089,2088,2087,2086,2085,2084,2083,2082,2081,2080,2079,2078,2077,2076,2075,2074,2073,2072,2072,2072,2072,2072,2072,2072,2072,2072,2072,2072,2072,2072,2072,2072,2072,2072,2072,2072,2072,2072,2072,2072,2072,2072,2072,2072,2072,2072,2072,2072,2072,2072,2072,2072,2072,2072,
goal:2072,2072,2072,2072,2072,2072,2072,2072,2072,2072,2072,2072,2072,2072,2072,2072,2072,2072,2072,2072,2072,2072,2072,2072,2072,2072,2072,2072,2072,2072,2072,2072,2072,2072,2072,2072,2072,2072,2072,2072,2072,2072,2072,2072,2072,2072,2072,2072,2072,2072,2072,2072,2072,2072,2072,2072,2072,2072,2072,2072,2072,2072,2072,2072,2072,2072,2072,2072,2072,2072,
size:33
[agent] id:9
path:2147,2254,2361,2362,2363,2364,2365,2366,2367,2368,2369,2370,2371,2372,2373,2374,2375,2376,2377,2378,2379,2380,2381,2382,2383,2384,2385,2386,2493,2494,2495,2496,2497,2498,2499,2500,2501,2502,2503,2503,2503,2503,2503,2503,2503,2503,2503,2503,2503,2503,2503,2503,2503,2503,2503,2503,2503,2503,2503,2503,2503,2503,2503,2503,2503,2503,2503,2503,2503,2503,
goal:2503,2503,2503,2503,2503,2503,2503,2503,2503,2503,2503,2503,2503,2503,2503,2503,2503,2503,2503,2503,2503,2503,2503,2503,2503,2503,2503,2503,2503,2503,2503,2503,2503,2503,2503,2503,2503,2503,2503,2503,2503,2503,2503,2503,2503,2503,2503,2503,2503,2503,2503,2503,2503,2503,2503,2503,2503,2503,2503,2503,2503,2503,2503,2503,2503,2503,2503,2503,2503,2503,
size:38
SolutionCost:332
