[setting] seed:80
[solver] type:ECBS
[solver] w:3.000000
[solver] ID:0
[solver] Lowlevelnode:21575
[solver] solved:1
[solver] elapsed:161
[solver] makespan:101
[problem] timesteplimit:10000
[problem] type:MAPF
[problem] agentnum:20
[graph] width:107
[graph] height:47
[graph] filename:./map/orz601d.map
[task] id:13,start:0,end:0,service time:0,nodes:2222,
[task] id:15,start:0,end:0,service time:0,nodes:4023,
[task] id:19,start:0,end:0,service time:0,nodes:1034,
[task] id:1,start:0,end:0,service time:0,nodes:3816,
[task] id:2,start:0,end:0,service time:0,nodes:1987,
[task] id:8,start:0,end:0,service time:0,nodes:2424,
[task] id:11,start:0,end:0,service time:0,nodes:2855,
[task] id:16,start:0,end:0,service time:0,nodes:1748,
[task] id:0,start:0,end:0,service time:0,nodes:3034,
[task] id:18,start:0,end:0,service time:0,nodes:2254,
[task] id:10,start:0,end:0,service time:0,nodes:2300,
[task] id:3,start:0,end:0,service time:0,nodes:4034,
[task] id:17,start:0,end:0,service time:0,nodes:3875,
[task] id:14,start:0,end:0,service time:0,nodes:984,
[task] id:4,start:0,end:0,service time:0,nodes:499,
[task] id:6,start:0,end:0,service time:0,nodes:2131,
[task] id:9,start:0,end:0,service time:0,nodes:981,
[task] id:5,start:0,end:0,service time:0,nodes:4143,
[task] id:7,start:0,end:0,service time:0,nodes:2986,
[task] id:12,start:0,end:0,service time:0,nodes:451,
[agent] id:0
path:2143,2144,2251,2358,2465,2466,2467,2468,2469,2470,2471,2472,2473,2474,2475,2476,2477,2478,2585,2692,2799,2906,3013,3014,3015,3016,3017,3018,3019,3020,3021,3022,3023,3024,3025,3026,3027,3028,3029,3030,3031,3032,3033,3034,3034,3034,3034,3034,3034,3034,3034,3034,3034,3034,3034,3034,3034,3034,3034,3034,3034,3034,3034,3034,3034,3034,3034,3034,3034,3034,3034,3034,3034,3034,3034,3034,3034,3034,3034,3034,3034,3034,3034,3034,3034,3034,3034,3034,3034,3034,3034,3034,3034,3034,3034,3034,3034,3034,3034,3034,3034,3034,
goal:3034,3034,3034,3034,3034,3034,3034,3034,3034,3034,3034,3034,3034,3034,3034,3034,3034,3034,3034,3034,3034,3034,3034,3034,3034,3034,3034,3034,3034,3034,3034,3034,3034,3034,3034,3034,3034,3034,3034,3034,3034,3034,3034,3034,3034,3034,3034,3034,3034,3034,3034,3034,3034,3034,3034,3034,3034,3034,3034,3034,3034,3034,3034,3034,3034,3034,3034,3034,3034,3034,3034,3034,3034,3034,3034,3034,3034,3034,3034,3034,3034,3034,3034,3034,3034,3034,3034,3034,3034,3034,3034,3034,3034,3034,3034,3034,3034,3034,3034,3034,3034,3034,
size:43
[agent] id:1
path:1796,1903,2010,2117,2224,2331,2438,2545,2652,2759,2866,2973,3080,3079,3078,3077,3076,3075,3074,3073,3072,3179,3178,3177,3176,3175,3174,3281,3388,3495,3602,3709,3816,3816,3816,3816,3816,3816,3816,3816,3816,3816,3816,3816,3816,3816,3816,3816,3816,3816,3816,3816,3816,3816,3816,3816,3816,3816,3816,3816,3816,3816,3816,3816,3816,3816,3816,3816,3816,3816,3816,3816,3816,3816,3816,3816,3816,3816,3816,3816,3816,3816,3816,3816,3816,3816,3816,3816,3816,3816,3816,3816,3816,3816,3816,3816,3816,3816,3816,3816,3816,3816,
goal:3816,3816,3816,3816,3816,3816,3816,3816,3816,3816,3816,3816,3816,3816,3816,3816,3816,3816,3816,3816,3816,3816,3816,3816,3816,3816,3816,3816,3816,3816,3816,3816,3816,3816,3816,3816,3816,3816,3816,3816,3816,3816,3816,3816,3816,3816,3816,3816,3816,3816,3816,3816,3816,3816,3816,3816,3816,3816,3816,3816,3816,3816,3816,3816,3816,3816,3816,3816,3816,3816,3816,3816,3816,3816,3816,3816,3816,3816,3816,3816,3816,3816,3816,3816,3816,3816,3816,3816,3816,3816,3816,3816,3816,3816,3816,3816,3816,3816,3816,3816,3816,3816,
size:32
[agent] id:2
path:2927,2820,2713,2606,2499,2500,2501,2502,2503,2504,2505,2506,2507,2508,2509,2510,2511,2512,2513,2514,2515,2516,2517,2518,2519,2520,2521,2522,2522,2415,2308,2201,2094,1987,1987,1987,1987,1987,1987,1987,1987,1987,1987,1987,1987,1987,1987,1987,1987,1987,1987,1987,1987,1987,1987,1987,1987,1987,1987,1987,1987,1987,1987,1987,1987,1987,1987,1987,1987,1987,1987,1987,1987,1987,1987,1987,1987,1987,1987,1987,1987,1987,1987,1987,1987,1987,1987,1987,1987,1987,1987,1987,1987,1987,1987,1987,1987,1987,1987,1987,1987,1987,
goal:1987,1987,1987,1987,1987,1987,1987,1987,1987,1987,1987,1987,1987,1987,1987,1987,1987,1987,1987,1987,1987,1987,1987,1987,1987,1987,1987,1987,1987,1987,1987,1987,1987,1987,1987,1987,1987,1987,1987,1987,1987,1987,1987,1987,1987,1987,1987,1987,1987,1987,1987,1987,1987,1987,1987,1987,1987,1987,1987,1987,1987,1987,1987,1987,1987,1987,1987,1987,1987,1987,1987,1987,1987,1987,1987,1987,1987,1987,1987,1987,1987,1987,1987,1987,1987,1987,1987,1987,1987,1987,1987,1987,1987,1987,1987,1987,1987,1987,1987,1987,1987,1987,
size:33
[agent] id:3
path:2885,2778,2777,2776,2669,2668,2667,2666,2665,2664,2663,2662,2661,2660,2767,2874,2981,3088,3087,3086,3085,3084,3083,3082,3081,3080,3079,3078,3077,3076,3075,3074,3073,3072,3179,3178,3177,3176,3175,3174,3281,3388,3495,3602,3709,3710,3817,3924,4031,4032,4033,4034,4034,4034,4034,4034,4034,4034,4034,4034,4034,4034,4034,4034,4034,4034,4034,4034,4034,4034,4034,4034,4034,4034,4034,4034,4034,4034,4034,4034,4034,4034,4034,4034,4034,4034,4034,4034,4034,4034,4034,4034,4034,4034,4034,4034,4034,4034,4034,4034,4034,4034,
goal:4034,4034,4034,4034,4034,4034,4034,4034,4034,4034,4034,4034,4034,4034,4034,4034,4034,4034,4034,4034,4034,4034,4034,4034,4034,4034,4034,4034,4034,4034,4034,4034,4034,4034,4034,4034,4034,4034,4034,4034,4034,4034,4034,4034,4034,4034,4034,4034,4034,4034,4034,4034,4034,4034,4034,4034,4034,4034,4034,4034,4034,4034,4034,4034,4034,4034,4034,4034,4034,4034,4034,4034,4034,4034,4034,4034,4034,4034,4034,4034,4034,4034,4034,4034,4034,4034,4034,4034,4034,4034,4034,4034,4034,4034,4034,4034,4034,4034,4034,4034,4034,4034,
size:51
[agent] id:4
path:2480,2373,2266,2159,2052,2053,2054,2055,2056,2057,2058,2059,2060,2061,2062,2063,2064,2065,2066,2067,2068,2069,2070,2071,2072,2073,2074,2075,2076,2077,2078,2079,2080,2081,2082,2083,2084,2085,2086,2087,2088,2089,2090,2091,2092,2093,2094,2095,2096,1989,1990,1991,1884,1885,1886,1887,1888,1889,1782,1675,1568,1461,1354,1247,1140,1033,926,819,712,605,498,499,499,499,499,499,499,499,499,499,499,499,499,499,499,499,499,499,499,499,499,499,499,499,499,499,499,499,499,499,499,499,
goal:499,499,499,499,499,499,499,499,499,499,499,499,499,499,499,499,499,499,499,499,499,499,499,499,499,499,499,499,499,499,499,499,499,499,499,499,499,499,499,499,499,499,499,499,499,499,499,499,499,499,499,499,499,499,499,499,499,499,499,499,499,499,499,499,499,499,499,499,499,499,499,499,499,499,499,499,499,499,499,499,499,499,499,499,499,499,499,499,499,499,499,499,499,499,499,499,499,499,499,499,499,499,
size:71
[agent] id:5
path:3764,3765,3766,3767,3768,3661,3554,3447,3340,3341,3342,3343,3344,3345,3238,3131,3024,3025,3026,3027,3028,3029,3030,3031,3032,3033,3034,3035,3036,3037,3038,3039,3040,3041,3042,3043,3044,3045,3046,3047,3048,3049,3050,3051,3052,3053,3054,3055,3056,3057,3058,3059,3060,3061,3062,3169,3170,3171,3172,3173,3280,3387,3494,3601,3708,3815,3922,4029,4136,4137,4138,4139,4140,4141,4142,4143,4143,4143,4143,4143,4143,4143,4143,4143,4143,4143,4143,4143,4143,4143,4143,4143,4143,4143,4143,4143,4143,4143,4143,4143,4143,4143,
goal:4143,4143,4143,4143,4143,4143,4143,4143,4143,4143,4143,4143,4143,4143,4143,4143,4143,4143,4143,4143,4143,4143,4143,4143,4143,4143,4143,4143,4143,4143,4143,4143,4143,4143,4143,4143,4143,4143,4143,4143,4143,4143,4143,4143,4143,4143,4143,4143,4143,4143,4143,4143,4143,4143,4143,4143,4143,4143,4143,4143,4143,4143,4143,4143,4143,4143,4143,4143,4143,4143,4143,4143,4143,4143,4143,4143,4143,4143,4143,4143,4143,4143,4143,4143,4143,4143,4143,4143,4143,4143,4143,4143,4143,4143,4143,4143,4143,4143,4143,4143,4143,4143,
size:75
[agent] id:6
path:1852,1959,2066,2067,2068,2069,2070,2071,2072,2073,2074,2075,2076,2077,2078,2079,2080,2081,2082,2083,2084,2085,2086,2087,2088,2089,2090,2091,2092,2093,2094,2095,2096,2097,2098,2099,2100,2101,2102,2103,2104,2105,2106,2107,2108,2109,2110,2111,2112,2113,2114,2115,2116,2117,2118,2119,2120,2121,2122,2123,2124,2125,2232,2339,2446,2447,2448,2449,2450,2451,2344,2237,2130,2131,2131,2131,2131,2131,2131,2131,2131,2131,2131,2131,2131,2131,2131,2131,2131,2131,2131,2131,2131,2131,2131,2131,2131,2131,2131,2131,2131,2131,
goal:2131,2131,2131,2131,2131,2131,2131,2131,2131,2131,2131,2131,2131,2131,2131,2131,2131,2131,2131,2131,2131,2131,2131,2131,2131,2131,2131,2131,2131,2131,2131,2131,2131,2131,2131,2131,2131,2131,2131,2131,2131,2131,2131,2131,2131,2131,2131,2131,2131,2131,2131,2131,2131,2131,2131,2131,2131,2131,2131,2131,2131,2131,2131,2131,2131,2131,2131,2131,2131,2131,2131,2131,2131,2131,2131,2131,2131,2131,2131,2131,2131,2131,2131,2131,2131,2131,2131,2131,2131,2131,2131,2131,2131,2131,2131,2131,2131,2131,2131,2131,2131,2131,
size:73
[agent] id:7
path:663,770,877,984,1091,1198,1305,1412,1413,1520,1627,1734,1841,1948,2055,2162,2269,2376,2483,2590,2591,2592,2593,2594,2595,2596,2597,2598,2599,2600,2601,2602,2603,2604,2605,2606,2607,2608,2609,2610,2611,2612,2613,2614,2615,2616,2617,2618,2619,2620,2621,2622,2623,2624,2625,2626,2627,2628,2629,2630,2631,2632,2633,2634,2635,2636,2637,2638,2639,2640,2641,2642,2643,2644,2645,2646,2647,2648,2649,2650,2651,2652,2653,2654,2655,2656,2657,2658,2659,2660,2661,2662,2663,2664,2665,2772,2879,2986,2986,2986,2986,2986,
goal:2986,2986,2986,2986,2986,2986,2986,2986,2986,2986,2986,2986,2986,2986,2986,2986,2986,2986,2986,2986,2986,2986,2986,2986,2986,2986,2986,2986,2986,2986,2986,2986,2986,2986,2986,2986,2986,2986,2986,2986,2986,2986,2986,2986,2986,2986,2986,2986,2986,2986,2986,2986,2986,2986,2986,2986,2986,2986,2986,2986,2986,2986,2986,2986,2986,2986,2986,2986,2986,2986,2986,2986,2986,2986,2986,2986,2986,2986,2986,2986,2986,2986,2986,2986,2986,2986,2986,2986,2986,2986,2986,2986,2986,2986,2986,2986,2986,2986,2986,2986,2986,2986,
size:97
[agent] id:8
path:2069,2176,2283,2390,2391,2392,2393,2394,2395,2396,2397,2398,2399,2400,2401,2402,2403,2404,2405,2406,2407,2408,2409,2410,2411,2412,2413,2414,2415,2416,2417,2418,2419,2420,2421,2422,2423,2424,2424,2424,2424,2424,2424,2424,2424,2424,2424,2424,2424,2424,2424,2424,2424,2424,2424,2424,2424,2424,2424,2424,2424,2424,2424,2424,2424,2424,2424,2424,2424,2424,2424,2424,2424,2424,2424,2424,2424,2424,2424,2424,2424,2424,2424,2424,2424,2424,2424,2424,2424,2424,2424,2424,2424,2424,2424,2424,2424,2424,2424,2424,2424,2424,
goal:2424,2424,2424,2424,2424,2424,2424,2424,2424,2424,2424,2424,2424,2424,2424,2424,2424,2424,2424,2424,2424,2424,2424,2424,2424,2424,2424,2424,2424,2424,2424,2424,2424,2424,2424,2424,2424,2424,2424,2424,2424,2424,2424,2424,2424,2424,2424,2424,2424,2424,2424,2424,2424,2424,2424,2424,2424,2424,2424,2424,2424,2424,2424,2424,2424,2424,2424,2424,2424,2424,2424,2424,2424,2424,2424,2424,2424,2424,2424,2424,2424,2424,2424,2424,2424,2424,2424,2424,2424,2424,2424,2424,2424,2424,2424,2424,2424,2424,2424,2424,2424,2424,
size:37
[agent] id:9
path:2751,2644,2537,2430,2323,2216,2109,2002,2001,2000,1999,1998,1997,1996,1995,1994,1993,1992,1991,1990,1989,1988,1987,1986,1985,1984,1983,1982,1981,1980,1979,1978,1977,1976,1975,1974,1973,1972,1971,1970,1969,1968,1967,1966,1965,1964,1963,1962,1961,1960,1959,1958,1957,1956,1955,1954,1847,1846,1845,1844,1843,1842,1735,1628,1521,1414,1307,1200,1093,1092,1091,1090,983,982,981,981,981,981,981,981,981,981,981,981,981,981,981,981,981,981,981,981,981,981,981,981,981,981,981,981,981,981,
goal:981,981,981,981,981,981,981,981,981,981,981,981,981,981,981,981,981,981,981,981,981,981,981,981,981,981,981,981,981,981,981,981,981,981,981,981,981,981,981,981,981,981,981,981,981,981,981,981,981,981,981,981,981,981,981,981,981,981,981,981,981,981,981,981,981,981,981,981,981,981,981,981,981,981,981,981,981,981,981,981,981,981,981,981,981,981,981,981,981,981,981,981,981,981,981,981,981,981,981,981,981,981,
size:74
[agent] id:10
path:2257,2258,2259,2260,2367,2368,2369,2370,2371,2264,2265,2266,2267,2268,2269,2270,2271,2272,2273,2274,2275,2276,2277,2278,2279,2280,2281,2282,2283,2284,2285,2286,2287,2288,2289,2290,2291,2292,2293,2294,2295,2296,2297,2298,2299,2300,2300,2300,2300,2300,2300,2300,2300,2300,2300,2300,2300,2300,2300,2300,2300,2300,2300,2300,2300,2300,2300,2300,2300,2300,2300,2300,2300,2300,2300,2300,2300,2300,2300,2300,2300,2300,2300,2300,2300,2300,2300,2300,2300,2300,2300,2300,2300,2300,2300,2300,2300,2300,2300,2300,2300,2300,
goal:2300,2300,2300,2300,2300,2300,2300,2300,2300,2300,2300,2300,2300,2300,2300,2300,2300,2300,2300,2300,2300,2300,2300,2300,2300,2300,2300,2300,2300,2300,2300,2300,2300,2300,2300,2300,2300,2300,2300,2300,2300,2300,2300,2300,2300,2300,2300,2300,2300,2300,2300,2300,2300,2300,2300,2300,2300,2300,2300,2300,2300,2300,2300,2300,2300,2300,2300,2300,2300,2300,2300,2300,2300,2300,2300,2300,2300,2300,2300,2300,2300,2300,2300,2300,2300,2300,2300,2300,2300,2300,2300,2300,2300,2300,2300,2300,2300,2300,2300,2300,2300,2300,
size:45
[agent] id:11
path:1651,1758,1865,1972,2079,2186,2293,2400,2507,2614,2721,2828,2829,2830,2831,2832,2833,2834,2835,2836,2837,2838,2839,2840,2841,2842,2843,2844,2845,2846,2847,2848,2849,2850,2851,2852,2853,2854,2855,2855,2855,2855,2855,2855,2855,2855,2855,2855,2855,2855,2855,2855,2855,2855,2855,2855,2855,2855,2855,2855,2855,2855,2855,2855,2855,2855,2855,2855,2855,2855,2855,2855,2855,2855,2855,2855,2855,2855,2855,2855,2855,2855,2855,2855,2855,2855,2855,2855,2855,2855,2855,2855,2855,2855,2855,2855,2855,2855,2855,2855,2855,2855,
goal:2855,2855,2855,2855,2855,2855,2855,2855,2855,2855,2855,2855,2855,2855,2855,2855,2855,2855,2855,2855,2855,2855,2855,2855,2855,2855,2855,2855,2855,2855,2855,2855,2855,2855,2855,2855,2855,2855,2855,2855,2855,2855,2855,2855,2855,2855,2855,2855,2855,2855,2855,2855,2855,2855,2855,2855,2855,2855,2855,2855,2855,2855,2855,2855,2855,2855,2855,2855,2855,2855,2855,2855,2855,2855,2855,2855,2855,2855,2855,2855,2855,2855,2855,2855,2855,2855,2855,2855,2855,2855,2855,2855,2855,2855,2855,2855,2855,2855,2855,2855,2855,2855,
size:38
[agent] id:12
path:2990,2883,2776,2669,2562,2455,2454,2453,2452,2451,2450,2449,2448,2447,2446,2339,2338,2337,2336,2335,2334,2333,2332,2331,2330,2329,2328,2221,2220,2219,2218,2217,2216,2215,2214,2213,2212,2211,2210,2209,2208,2207,2206,2205,2204,2203,2202,2201,2094,2093,1986,1985,1984,1983,1982,1981,1980,1979,1978,1977,1976,1975,1974,1973,1972,1971,1970,1969,1968,1967,1966,1965,1964,1963,1962,1961,1960,1959,1958,1957,1956,1955,1954,1847,1846,1845,1844,1843,1842,1735,1628,1521,1414,1307,1200,1093,986,879,772,665,558,451,
goal:451,451,451,451,451,451,451,451,451,451,451,451,451,451,451,451,451,451,451,451,451,451,451,451,451,451,451,451,451,451,451,451,451,451,451,451,451,451,451,451,451,451,451,451,451,451,451,451,451,451,451,451,451,451,451,451,451,451,451,451,451,451,451,451,451,451,451,451,451,451,451,451,451,451,451,451,451,451,451,451,451,451,451,451,451,451,451,451,451,451,451,451,451,451,451,451,451,451,451,451,451,451,
size:101
[agent] id:13
path:1895,2002,2109,2216,2217,2218,2219,2220,2221,2222,2222,2222,2222,2222,2222,2222,2222,2222,2222,2222,2222,2222,2222,2222,2222,2222,2222,2222,2222,2222,2222,2222,2222,2222,2222,2222,2222,2222,2222,2222,2222,2222,2222,2222,2222,2222,2222,2222,2222,2222,2222,2222,2222,2222,2222,2222,2222,2222,2222,2222,2222,2222,2222,2222,2222,2222,2222,2222,2222,2222,2222,2222,2222,2222,2222,2222,2222,2222,2222,2222,2222,2222,2222,2222,2222,2222,2222,2222,2222,2222,2222,2222,2222,2222,2222,2222,2222,2222,2222,2222,2222,2222,
goal:2222,2222,2222,2222,2222,2222,2222,2222,2222,2222,2222,2222,2222,2222,2222,2222,2222,2222,2222,2222,2222,2222,2222,2222,2222,2222,2222,2222,2222,2222,2222,2222,2222,2222,2222,2222,2222,2222,2222,2222,2222,2222,2222,2222,2222,2222,2222,2222,2222,2222,2222,2222,2222,2222,2222,2222,2222,2222,2222,2222,2222,2222,2222,2222,2222,2222,2222,2222,2222,2222,2222,2222,2222,2222,2222,2222,2222,2222,2222,2222,2222,2222,2222,2222,2222,2222,2222,2222,2222,2222,2222,2222,2222,2222,2222,2222,2222,2222,2222,2222,2222,2222,
size:9
[agent] id:14
path:1999,1998,1997,1996,1995,1994,1993,1992,1991,1990,1989,1988,1987,1986,1985,1984,1983,1982,1981,1980,1979,1978,1977,1976,1975,1974,1973,1972,1971,1970,1969,1968,1967,1966,1965,1964,1963,1962,1961,1960,1959,1958,1957,1956,1955,1954,1847,1846,1845,1844,1843,1842,1735,1628,1521,1414,1307,1200,1093,986,985,984,984,984,984,984,984,984,984,984,984,984,984,984,984,984,984,984,984,984,984,984,984,984,984,984,984,984,984,984,984,984,984,984,984,984,984,984,984,984,984,984,
goal:984,984,984,984,984,984,984,984,984,984,984,984,984,984,984,984,984,984,984,984,984,984,984,984,984,984,984,984,984,984,984,984,984,984,984,984,984,984,984,984,984,984,984,984,984,984,984,984,984,984,984,984,984,984,984,984,984,984,984,984,984,984,984,984,984,984,984,984,984,984,984,984,984,984,984,984,984,984,984,984,984,984,984,984,984,984,984,984,984,984,984,984,984,984,984,984,984,984,984,984,984,984,
size:61
[agent] id:15
path:4463,4356,4249,4142,4035,4034,4033,4032,4031,4030,4029,4028,4027,4026,4025,4024,4023,4023,4023,4023,4023,4023,4023,4023,4023,4023,4023,4023,4023,4023,4023,4023,4023,4023,4023,4023,4023,4023,4023,4023,4023,4023,4023,4023,4023,4023,4023,4023,4023,4023,4023,4023,4023,4023,4023,4023,4023,4023,4023,4023,4023,4023,4023,4023,4023,4023,4023,4023,4023,4023,4023,4023,4023,4023,4023,4023,4023,4023,4023,4023,4023,4023,4023,4023,4023,4023,4023,4023,4023,4023,4023,4023,4023,4023,4023,4023,4023,4023,4023,4023,4023,4023,
goal:4023,4023,4023,4023,4023,4023,4023,4023,4023,4023,4023,4023,4023,4023,4023,4023,4023,4023,4023,4023,4023,4023,4023,4023,4023,4023,4023,4023,4023,4023,4023,4023,4023,4023,4023,4023,4023,4023,4023,4023,4023,4023,4023,4023,4023,4023,4023,4023,4023,4023,4023,4023,4023,4023,4023,4023,4023,4023,4023,4023,4023,4023,4023,4023,4023,4023,4023,4023,4023,4023,4023,4023,4023,4023,4023,4023,4023,4023,4023,4023,4023,4023,4023,4023,4023,4023,4023,4023,4023,4023,4023,4023,4023,4023,4023,4023,4023,4023,4023,4023,4023,4023,
size:16
[agent] id:16
path:2636,2529,2422,2315,2208,2101,1994,1993,1992,1991,1990,1989,1988,1987,1986,1985,1984,1983,1982,1981,1980,1979,1978,1977,1976,1975,1974,1973,1972,1971,1970,1969,1968,1967,1966,1965,1964,1963,1962,1855,1748,1748,1748,1748,1748,1748,1748,1748,1748,1748,1748,1748,1748,1748,1748,1748,1748,1748,1748,1748,1748,1748,1748,1748,1748,1748,1748,1748,1748,1748,1748,1748,1748,1748,1748,1748,1748,1748,1748,1748,1748,1748,1748,1748,1748,1748,1748,1748,1748,1748,1748,1748,1748,1748,1748,1748,1748,1748,1748,1748,1748,1748,
goal:1748,1748,1748,1748,1748,1748,1748,1748,1748,1748,1748,1748,1748,1748,1748,1748,1748,1748,1748,1748,1748,1748,1748,1748,1748,1748,1748,1748,1748,1748,1748,1748,1748,1748,1748,1748,1748,1748,1748,1748,1748,1748,1748,1748,1748,1748,1748,1748,1748,1748,1748,1748,1748,1748,1748,1748,1748,1748,1748,1748,1748,1748,1748,1748,1748,1748,1748,1748,1748,1748,1748,1748,1748,1748,1748,1748,1748,1748,1748,1748,1748,1748,1748,1748,1748,1748,1748,1748,1748,1748,1748,1748,1748,1748,1748,1748,1748,1748,1748,1748,1748,1748,
size:40
[agent] id:17
path:898,1005,1112,1219,1326,1433,1434,1435,1436,1437,1544,1651,1758,1865,1972,1971,2078,2185,2292,2399,2506,2613,2720,2827,2934,2933,2932,2931,2930,2929,2928,2927,2926,2925,2924,2923,2922,2921,2920,3027,3026,3025,3024,3131,3238,3345,3344,3343,3342,3341,3340,3447,3554,3661,3768,3875,3875,3875,3875,3875,3875,3875,3875,3875,3875,3875,3875,3875,3875,3875,3875,3875,3875,3875,3875,3875,3875,3875,3875,3875,3875,3875,3875,3875,3875,3875,3875,3875,3875,3875,3875,3875,3875,3875,3875,3875,3875,3875,3875,3875,3875,3875,
goal:3875,3875,3875,3875,3875,3875,3875,3875,3875,3875,3875,3875,3875,3875,3875,3875,3875,3875,3875,3875,3875,3875,3875,3875,3875,3875,3875,3875,3875,3875,3875,3875,3875,3875,3875,3875,3875,3875,3875,3875,3875,3875,3875,3875,3875,3875,3875,3875,3875,3875,3875,3875,3875,3875,3875,3875,3875,3875,3875,3875,3875,3875,3875,3875,3875,3875,3875,3875,3875,3875,3875,3875,3875,3875,3875,3875,3875,3875,3875,3875,3875,3875,3875,3875,3875,3875,3875,3875,3875,3875,3875,3875,3875,3875,3875,3875,3875,3875,3875,3875,3875,3875,
size:55
[agent] id:18
path:2296,2295,2294,2293,2292,2291,2290,2289,2288,2287,2394,2393,2392,2391,2390,2389,2388,2387,2386,2385,2384,2383,2382,2381,2380,2379,2378,2377,2376,2375,2374,2373,2372,2371,2370,2369,2368,2367,2260,2259,2258,2257,2256,2255,2254,2254,2254,2254,2254,2254,2254,2254,2254,2254,2254,2254,2254,2254,2254,2254,2254,2254,2254,2254,2254,2254,2254,2254,2254,2254,2254,2254,2254,2254,2254,2254,2254,2254,2254,2254,2254,2254,2254,2254,2254,2254,2254,2254,2254,2254,2254,2254,2254,2254,2254,2254,2254,2254,2254,2254,2254,2254,
goal:2254,2254,2254,2254,2254,2254,2254,2254,2254,2254,2254,2254,2254,2254,2254,2254,2254,2254,2254,2254,2254,2254,2254,2254,2254,2254,2254,2254,2254,2254,2254,2254,2254,2254,2254,2254,2254,2254,2254,2254,2254,2254,2254,2254,2254,2254,2254,2254,2254,2254,2254,2254,2254,2254,2254,2254,2254,2254,2254,2254,2254,2254,2254,2254,2254,2254,2254,2254,2254,2254,2254,2254,2254,2254,2254,2254,2254,2254,2254,2254,2254,2254,2254,2254,2254,2254,2254,2254,2254,2254,2254,2254,2254,2254,2254,2254,2254,2254,2254,2254,2254,2254,
size:44
[agent] id:19
path:2442,2335,2228,2121,2014,2013,2012,2011,2010,2009,2008,2007,2006,2005,2004,2003,2002,1895,1894,1893,1892,1891,1890,1783,1676,1569,1462,1355,1248,1141,1034,1034,1034,1034,1034,1034,1034,1034,1034,1034,1034,1034,1034,1034,1034,1034,1034,1034,1034,1034,1034,1034,1034,1034,1034,1034,1034,1034,1034,1034,1034,1034,1034,1034,1034,1034,1034,1034,1034,1034,1034,1034,1034,1034,1034,1034,1034,1034,1034,1034,1034,1034,1034,1034,1034,1034,1034,1034,1034,1034,1034,1034,1034,1034,1034,1034,1034,1034,1034,1034,1034,1034,
goal:1034,1034,1034,1034,1034,1034,1034,1034,1034,1034,1034,1034,1034,1034,1034,1034,1034,1034,1034,1034,1034,1034,1034,1034,1034,1034,1034,1034,1034,1034,1034,1034,1034,1034,1034,1034,1034,1034,1034,1034,1034,1034,1034,1034,1034,1034,1034,1034,1034,1034,1034,1034,1034,1034,1034,1034,1034,1034,1034,1034,1034,1034,1034,1034,1034,1034,1034,1034,1034,1034,1034,1034,1034,1034,1034,1034,1034,1034,1034,1034,1034,1034,1034,1034,1034,1034,1034,1034,1034,1034,1034,1034,1034,1034,1034,1034,1034,1034,1034,1034,1034,1034,
size:30
SolutionCost:1025
