[setting] seed:84
[solver] type:ECBS
[solver] w:3.000000
[solver] ID:0
[solver] Lowlevelnode:27697
[solver] solved:1
[solver] elapsed:519
[solver] makespan:100
[problem] timesteplimit:10000
[problem] type:MAPF
[problem] agentnum:20
[graph] width:107
[graph] height:47
[graph] filename:./map/orz601d.map
[task] id:5,start:0,end:0,service time:0,nodes:2823,
[task] id:7,start:0,end:0,service time:0,nodes:1036,
[task] id:4,start:0,end:0,service time:0,nodes:2432,
[task] id:9,start:0,end:0,service time:0,nodes:1458,
[task] id:14,start:0,end:0,service time:0,nodes:3063,
[task] id:15,start:0,end:0,service time:0,nodes:2498,
[task] id:13,start:0,end:0,service time:0,nodes:3229,
[task] id:10,start:0,end:0,service time:0,nodes:1304,
[task] id:19,start:0,end:0,service time:0,nodes:2387,
[task] id:1,start:0,end:0,service time:0,nodes:2447,
[task] id:2,start:0,end:0,service time:0,nodes:3343,
[task] id:17,start:0,end:0,service time:0,nodes:2845,
[task] id:3,start:0,end:0,service time:0,nodes:1206,
[task] id:8,start:0,end:0,service time:0,nodes:2544,
[task] id:12,start:0,end:0,service time:0,nodes:2775,
[task] id:6,start:0,end:0,service time:0,nodes:3988,
[task] id:0,start:0,end:0,service time:0,nodes:3815,
[task] id:18,start:0,end:0,service time:0,nodes:2885,
[task] id:11,start:0,end:0,service time:0,nodes:2880,
[task] id:16,start:0,end:0,service time:0,nodes:3199,
[agent] id:0
path:1206,1313,1312,1419,1418,1417,1416,1415,1414,1521,1628,1735,1842,1949,2056,2163,2270,2377,2484,2485,2592,2699,2806,2807,2808,2809,2810,2811,2812,2813,2814,2815,2816,2817,2924,2925,2926,2927,2928,2929,2930,3037,3038,3039,3040,3041,3042,3043,3044,3045,3046,3047,3048,3049,3050,3051,3052,3053,3054,3055,3056,3057,3058,3059,3060,3061,3062,3169,3170,3171,3172,3173,3280,3387,3494,3601,3708,3815,3815,3815,3815,3815,3815,3815,3815,3815,3815,3815,3815,3815,3815,3815,3815,3815,3815,3815,3815,3815,3815,3815,3815,
goal:3815,3815,3815,3815,3815,3815,3815,3815,3815,3815,3815,3815,3815,3815,3815,3815,3815,3815,3815,3815,3815,3815,3815,3815,3815,3815,3815,3815,3815,3815,3815,3815,3815,3815,3815,3815,3815,3815,3815,3815,3815,3815,3815,3815,3815,3815,3815,3815,3815,3815,3815,3815,3815,3815,3815,3815,3815,3815,3815,3815,3815,3815,3815,3815,3815,3815,3815,3815,3815,3815,3815,3815,3815,3815,3815,3815,3815,3815,3815,3815,3815,3815,3815,3815,3815,3815,3815,3815,3815,3815,3815,3815,3815,3815,3815,3815,3815,3815,3815,3815,3815,
size:77
[agent] id:1
path:4461,4354,4247,4140,4033,3926,3819,3712,3605,3604,3603,3602,3495,3388,3281,3174,3067,2960,2853,2746,2639,2532,2533,2534,2535,2536,2537,2538,2539,2540,2433,2434,2435,2436,2437,2438,2439,2440,2441,2442,2443,2444,2445,2446,2447,2447,2447,2447,2447,2447,2447,2447,2447,2447,2447,2447,2447,2447,2447,2447,2447,2447,2447,2447,2447,2447,2447,2447,2447,2447,2447,2447,2447,2447,2447,2447,2447,2447,2447,2447,2447,2447,2447,2447,2447,2447,2447,2447,2447,2447,2447,2447,2447,2447,2447,2447,2447,2447,2447,2447,2447,
goal:2447,2447,2447,2447,2447,2447,2447,2447,2447,2447,2447,2447,2447,2447,2447,2447,2447,2447,2447,2447,2447,2447,2447,2447,2447,2447,2447,2447,2447,2447,2447,2447,2447,2447,2447,2447,2447,2447,2447,2447,2447,2447,2447,2447,2447,2447,2447,2447,2447,2447,2447,2447,2447,2447,2447,2447,2447,2447,2447,2447,2447,2447,2447,2447,2447,2447,2447,2447,2447,2447,2447,2447,2447,2447,2447,2447,2447,2447,2447,2447,2447,2447,2447,2447,2447,2447,2447,2447,2447,2447,2447,2447,2447,2447,2447,2447,2447,2447,2447,2447,2447,
size:44
[agent] id:2
path:2308,2415,2522,2629,2736,2843,2950,2949,2948,2947,2946,2945,2944,2943,2942,2941,2940,2939,2938,2937,2936,2935,2934,2933,2932,2931,2930,2929,2928,2927,2926,2925,2924,2923,2922,3029,3028,3027,3026,3025,3024,3131,3238,3345,3344,3343,3343,3343,3343,3343,3343,3343,3343,3343,3343,3343,3343,3343,3343,3343,3343,3343,3343,3343,3343,3343,3343,3343,3343,3343,3343,3343,3343,3343,3343,3343,3343,3343,3343,3343,3343,3343,3343,3343,3343,3343,3343,3343,3343,3343,3343,3343,3343,3343,3343,3343,3343,3343,3343,3343,3343,
goal:3343,3343,3343,3343,3343,3343,3343,3343,3343,3343,3343,3343,3343,3343,3343,3343,3343,3343,3343,3343,3343,3343,3343,3343,3343,3343,3343,3343,3343,3343,3343,3343,3343,3343,3343,3343,3343,3343,3343,3343,3343,3343,3343,3343,3343,3343,3343,3343,3343,3343,3343,3343,3343,3343,3343,3343,3343,3343,3343,3343,3343,3343,3343,3343,3343,3343,3343,3343,3343,3343,3343,3343,3343,3343,3343,3343,3343,3343,3343,3343,3343,3343,3343,3343,3343,3343,3343,3343,3343,3343,3343,3343,3343,3343,3343,3343,3343,3343,3343,3343,3343,
size:45
[agent] id:3
path:2309,2202,2095,1988,1987,1986,1985,1984,1983,1982,1981,1980,1979,1978,1977,1976,1975,1974,1973,1972,1971,1970,1969,1968,1967,1966,1965,1964,1963,1962,1961,1960,1959,1958,1957,1956,1955,1954,1847,1846,1845,1844,1843,1842,1735,1628,1521,1414,1307,1200,1201,1202,1203,1204,1205,1206,1206,1206,1206,1206,1206,1206,1206,1206,1206,1206,1206,1206,1206,1206,1206,1206,1206,1206,1206,1206,1206,1206,1206,1206,1206,1206,1206,1206,1206,1206,1206,1206,1206,1206,1206,1206,1206,1206,1206,1206,1206,1206,1206,1206,1206,
goal:1206,1206,1206,1206,1206,1206,1206,1206,1206,1206,1206,1206,1206,1206,1206,1206,1206,1206,1206,1206,1206,1206,1206,1206,1206,1206,1206,1206,1206,1206,1206,1206,1206,1206,1206,1206,1206,1206,1206,1206,1206,1206,1206,1206,1206,1206,1206,1206,1206,1206,1206,1206,1206,1206,1206,1206,1206,1206,1206,1206,1206,1206,1206,1206,1206,1206,1206,1206,1206,1206,1206,1206,1206,1206,1206,1206,1206,1206,1206,1206,1206,1206,1206,1206,1206,1206,1206,1206,1206,1206,1206,1206,1206,1206,1206,1206,1206,1206,1206,1206,1206,
size:55
[agent] id:4
path:2840,2733,2626,2519,2412,2413,2414,2415,2416,2417,2418,2419,2420,2421,2422,2423,2424,2425,2426,2427,2428,2429,2430,2431,2432,2432,2432,2432,2432,2432,2432,2432,2432,2432,2432,2432,2432,2432,2432,2432,2432,2432,2432,2432,2432,2432,2432,2432,2432,2432,2432,2432,2432,2432,2432,2432,2432,2432,2432,2432,2432,2432,2432,2432,2432,2432,2432,2432,2432,2432,2432,2432,2432,2432,2432,2432,2432,2432,2432,2432,2432,2432,2432,2432,2432,2432,2432,2432,2432,2432,2432,2432,2432,2432,2432,2432,2432,2432,2432,2432,2432,
goal:2432,2432,2432,2432,2432,2432,2432,2432,2432,2432,2432,2432,2432,2432,2432,2432,2432,2432,2432,2432,2432,2432,2432,2432,2432,2432,2432,2432,2432,2432,2432,2432,2432,2432,2432,2432,2432,2432,2432,2432,2432,2432,2432,2432,2432,2432,2432,2432,2432,2432,2432,2432,2432,2432,2432,2432,2432,2432,2432,2432,2432,2432,2432,2432,2432,2432,2432,2432,2432,2432,2432,2432,2432,2432,2432,2432,2432,2432,2432,2432,2432,2432,2432,2432,2432,2432,2432,2432,2432,2432,2432,2432,2432,2432,2432,2432,2432,2432,2432,2432,2432,
size:24
[agent] id:5
path:2187,2294,2401,2508,2615,2722,2829,2828,2827,2826,2825,2824,2823,2823,2823,2823,2823,2823,2823,2823,2823,2823,2823,2823,2823,2823,2823,2823,2823,2823,2823,2823,2823,2823,2823,2823,2823,2823,2823,2823,2823,2823,2823,2823,2823,2823,2823,2823,2823,2823,2823,2823,2823,2823,2823,2823,2823,2823,2823,2823,2823,2823,2823,2823,2823,2823,2823,2823,2823,2823,2823,2823,2823,2823,2823,2823,2823,2823,2823,2823,2823,2823,2823,2823,2823,2823,2823,2823,2823,2823,2823,2823,2823,2823,2823,2823,2823,2823,2823,2823,2823,
goal:2823,2823,2823,2823,2823,2823,2823,2823,2823,2823,2823,2823,2823,2823,2823,2823,2823,2823,2823,2823,2823,2823,2823,2823,2823,2823,2823,2823,2823,2823,2823,2823,2823,2823,2823,2823,2823,2823,2823,2823,2823,2823,2823,2823,2823,2823,2823,2823,2823,2823,2823,2823,2823,2823,2823,2823,2823,2823,2823,2823,2823,2823,2823,2823,2823,2823,2823,2823,2823,2823,2823,2823,2823,2823,2823,2823,2823,2823,2823,2823,2823,2823,2823,2823,2823,2823,2823,2823,2823,2823,2823,2823,2823,2823,2823,2823,2823,2823,2823,2823,2823,
size:12
[agent] id:6
path:3812,3705,3598,3599,3600,3601,3494,3387,3280,3173,3066,3065,3064,3063,3062,3061,3060,3059,3058,3057,2950,2949,2948,2947,2946,2945,2944,2943,2942,2941,2940,2939,2938,2937,2936,2935,2934,2933,2932,2931,2931,2930,2929,3036,3035,3034,3033,3032,3031,3030,3029,3028,3027,3026,3025,3024,3131,3238,3237,3236,3235,3342,3341,3340,3447,3554,3661,3768,3875,3982,3983,3984,3985,3986,3987,3988,3988,3988,3988,3988,3988,3988,3988,3988,3988,3988,3988,3988,3988,3988,3988,3988,3988,3988,3988,3988,3988,3988,3988,3988,3988,
goal:3988,3988,3988,3988,3988,3988,3988,3988,3988,3988,3988,3988,3988,3988,3988,3988,3988,3988,3988,3988,3988,3988,3988,3988,3988,3988,3988,3988,3988,3988,3988,3988,3988,3988,3988,3988,3988,3988,3988,3988,3988,3988,3988,3988,3988,3988,3988,3988,3988,3988,3988,3988,3988,3988,3988,3988,3988,3988,3988,3988,3988,3988,3988,3988,3988,3988,3988,3988,3988,3988,3988,3988,3988,3988,3988,3988,3988,3988,3988,3988,3988,3988,3988,3988,3988,3988,3988,3988,3988,3988,3988,3988,3988,3988,3988,3988,3988,3988,3988,3988,3988,
size:75
[agent] id:7
path:2105,1998,1891,1890,1783,1676,1569,1462,1355,1248,1141,1034,1035,1036,1036,1036,1036,1036,1036,1036,1036,1036,1036,1036,1036,1036,1036,1036,1036,1036,1036,1036,1036,1036,1036,1036,1036,1036,1036,1036,1036,1036,1036,1036,1036,1036,1036,1036,1036,1036,1036,1036,1036,1036,1036,1036,1036,1036,1036,1036,1036,1036,1036,1036,1036,1036,1036,1036,1036,1036,1036,1036,1036,1036,1036,1036,1036,1036,1036,1036,1036,1036,1036,1036,1036,1036,1036,1036,1036,1036,1036,1036,1036,1036,1036,1036,1036,1036,1036,1036,1036,
goal:1036,1036,1036,1036,1036,1036,1036,1036,1036,1036,1036,1036,1036,1036,1036,1036,1036,1036,1036,1036,1036,1036,1036,1036,1036,1036,1036,1036,1036,1036,1036,1036,1036,1036,1036,1036,1036,1036,1036,1036,1036,1036,1036,1036,1036,1036,1036,1036,1036,1036,1036,1036,1036,1036,1036,1036,1036,1036,1036,1036,1036,1036,1036,1036,1036,1036,1036,1036,1036,1036,1036,1036,1036,1036,1036,1036,1036,1036,1036,1036,1036,1036,1036,1036,1036,1036,1036,1036,1036,1036,1036,1036,1036,1036,1036,1036,1036,1036,1036,1036,1036,
size:13
[agent] id:8
path:2478,2479,2480,2481,2482,2483,2484,2485,2486,2487,2488,2489,2490,2491,2492,2493,2494,2495,2496,2497,2498,2499,2500,2501,2502,2503,2504,2505,2506,2507,2508,2509,2510,2511,2512,2513,2514,2515,2516,2517,2518,2519,2520,2521,2522,2523,2524,2525,2526,2527,2528,2529,2530,2531,2532,2533,2534,2535,2536,2537,2538,2539,2540,2541,2542,2543,2544,2544,2544,2544,2544,2544,2544,2544,2544,2544,2544,2544,2544,2544,2544,2544,2544,2544,2544,2544,2544,2544,2544,2544,2544,2544,2544,2544,2544,2544,2544,2544,2544,2544,2544,
goal:2544,2544,2544,2544,2544,2544,2544,2544,2544,2544,2544,2544,2544,2544,2544,2544,2544,2544,2544,2544,2544,2544,2544,2544,2544,2544,2544,2544,2544,2544,2544,2544,2544,2544,2544,2544,2544,2544,2544,2544,2544,2544,2544,2544,2544,2544,2544,2544,2544,2544,2544,2544,2544,2544,2544,2544,2544,2544,2544,2544,2544,2544,2544,2544,2544,2544,2544,2544,2544,2544,2544,2544,2544,2544,2544,2544,2544,2544,2544,2544,2544,2544,2544,2544,2544,2544,2544,2544,2544,2544,2544,2544,2544,2544,2544,2544,2544,2544,2544,2544,2544,
size:66
[agent] id:9
path:2015,2014,2013,2012,2011,2010,2009,2008,2007,2006,2005,2004,2003,2002,1895,1894,1893,1892,1891,1890,1783,1676,1569,1462,1461,1460,1459,1458,1458,1458,1458,1458,1458,1458,1458,1458,1458,1458,1458,1458,1458,1458,1458,1458,1458,1458,1458,1458,1458,1458,1458,1458,1458,1458,1458,1458,1458,1458,1458,1458,1458,1458,1458,1458,1458,1458,1458,1458,1458,1458,1458,1458,1458,1458,1458,1458,1458,1458,1458,1458,1458,1458,1458,1458,1458,1458,1458,1458,1458,1458,1458,1458,1458,1458,1458,1458,1458,1458,1458,1458,1458,
goal:1458,1458,1458,1458,1458,1458,1458,1458,1458,1458,1458,1458,1458,1458,1458,1458,1458,1458,1458,1458,1458,1458,1458,1458,1458,1458,1458,1458,1458,1458,1458,1458,1458,1458,1458,1458,1458,1458,1458,1458,1458,1458,1458,1458,1458,1458,1458,1458,1458,1458,1458,1458,1458,1458,1458,1458,1458,1458,1458,1458,1458,1458,1458,1458,1458,1458,1458,1458,1458,1458,1458,1458,1458,1458,1458,1458,1458,1458,1458,1458,1458,1458,1458,1458,1458,1458,1458,1458,1458,1458,1458,1458,1458,1458,1458,1458,1458,1458,1458,1458,1458,
size:27
[agent] id:10
path:3988,3881,3774,3773,3772,3771,3770,3769,3768,3661,3554,3447,3340,3233,3126,3019,2912,2805,2698,2591,2484,2377,2270,2163,2056,1949,1842,1735,1628,1521,1414,1307,1306,1305,1304,1304,1304,1304,1304,1304,1304,1304,1304,1304,1304,1304,1304,1304,1304,1304,1304,1304,1304,1304,1304,1304,1304,1304,1304,1304,1304,1304,1304,1304,1304,1304,1304,1304,1304,1304,1304,1304,1304,1304,1304,1304,1304,1304,1304,1304,1304,1304,1304,1304,1304,1304,1304,1304,1304,1304,1304,1304,1304,1304,1304,1304,1304,1304,1304,1304,1304,
goal:1304,1304,1304,1304,1304,1304,1304,1304,1304,1304,1304,1304,1304,1304,1304,1304,1304,1304,1304,1304,1304,1304,1304,1304,1304,1304,1304,1304,1304,1304,1304,1304,1304,1304,1304,1304,1304,1304,1304,1304,1304,1304,1304,1304,1304,1304,1304,1304,1304,1304,1304,1304,1304,1304,1304,1304,1304,1304,1304,1304,1304,1304,1304,1304,1304,1304,1304,1304,1304,1304,1304,1304,1304,1304,1304,1304,1304,1304,1304,1304,1304,1304,1304,1304,1304,1304,1304,1304,1304,1304,1304,1304,1304,1304,1304,1304,1304,1304,1304,1304,1304,
size:34
[agent] id:11
path:667,774,881,988,1095,1202,1309,1308,1307,1307,1414,1521,1628,1735,1842,1949,2056,2163,2270,2377,2378,2485,2592,2593,2594,2595,2596,2597,2598,2599,2600,2601,2602,2603,2604,2605,2606,2607,2608,2609,2610,2611,2612,2613,2614,2615,2616,2617,2618,2619,2620,2621,2622,2623,2624,2625,2626,2627,2628,2629,2630,2631,2632,2633,2634,2635,2636,2637,2638,2639,2640,2641,2642,2643,2644,2645,2646,2647,2648,2649,2650,2651,2652,2653,2654,2655,2656,2657,2658,2659,2660,2661,2662,2663,2664,2665,2772,2879,2880,2880,2880,
goal:2880,2880,2880,2880,2880,2880,2880,2880,2880,2880,2880,2880,2880,2880,2880,2880,2880,2880,2880,2880,2880,2880,2880,2880,2880,2880,2880,2880,2880,2880,2880,2880,2880,2880,2880,2880,2880,2880,2880,2880,2880,2880,2880,2880,2880,2880,2880,2880,2880,2880,2880,2880,2880,2880,2880,2880,2880,2880,2880,2880,2880,2880,2880,2880,2880,2880,2880,2880,2880,2880,2880,2880,2880,2880,2880,2880,2880,2880,2880,2880,2880,2880,2880,2880,2880,2880,2880,2880,2880,2880,2880,2880,2880,2880,2880,2880,2880,2880,2880,2880,2880,
size:98
[agent] id:12
path:1112,1219,1326,1433,1434,1435,1436,1437,1544,1651,1758,1865,1972,2079,2186,2293,2400,2507,2614,2615,2616,2617,2618,2619,2620,2621,2622,2623,2624,2625,2626,2627,2628,2629,2630,2631,2632,2633,2634,2635,2636,2637,2638,2639,2640,2641,2642,2643,2644,2645,2646,2647,2648,2649,2650,2651,2652,2653,2654,2655,2656,2657,2658,2659,2660,2661,2662,2663,2664,2665,2772,2773,2774,2775,2775,2775,2775,2775,2775,2775,2775,2775,2775,2775,2775,2775,2775,2775,2775,2775,2775,2775,2775,2775,2775,2775,2775,2775,2775,2775,2775,
goal:2775,2775,2775,2775,2775,2775,2775,2775,2775,2775,2775,2775,2775,2775,2775,2775,2775,2775,2775,2775,2775,2775,2775,2775,2775,2775,2775,2775,2775,2775,2775,2775,2775,2775,2775,2775,2775,2775,2775,2775,2775,2775,2775,2775,2775,2775,2775,2775,2775,2775,2775,2775,2775,2775,2775,2775,2775,2775,2775,2775,2775,2775,2775,2775,2775,2775,2775,2775,2775,2775,2775,2775,2775,2775,2775,2775,2775,2775,2775,2775,2775,2775,2775,2775,2775,2775,2775,2775,2775,2775,2775,2775,2775,2775,2775,2775,2775,2775,2775,2775,2775,
size:73
[agent] id:13
path:883,990,1097,1204,1311,1418,1417,1416,1415,1414,1521,1628,1735,1842,1949,2056,2163,2270,2377,2484,2483,2590,2697,2804,2911,3018,3125,3232,3231,3230,3229,3229,3229,3229,3229,3229,3229,3229,3229,3229,3229,3229,3229,3229,3229,3229,3229,3229,3229,3229,3229,3229,3229,3229,3229,3229,3229,3229,3229,3229,3229,3229,3229,3229,3229,3229,3229,3229,3229,3229,3229,3229,3229,3229,3229,3229,3229,3229,3229,3229,3229,3229,3229,3229,3229,3229,3229,3229,3229,3229,3229,3229,3229,3229,3229,3229,3229,3229,3229,3229,3229,
goal:3229,3229,3229,3229,3229,3229,3229,3229,3229,3229,3229,3229,3229,3229,3229,3229,3229,3229,3229,3229,3229,3229,3229,3229,3229,3229,3229,3229,3229,3229,3229,3229,3229,3229,3229,3229,3229,3229,3229,3229,3229,3229,3229,3229,3229,3229,3229,3229,3229,3229,3229,3229,3229,3229,3229,3229,3229,3229,3229,3229,3229,3229,3229,3229,3229,3229,3229,3229,3229,3229,3229,3229,3229,3229,3229,3229,3229,3229,3229,3229,3229,3229,3229,3229,3229,3229,3229,3229,3229,3229,3229,3229,3229,3229,3229,3229,3229,3229,3229,3229,3229,
size:30
[agent] id:14
path:2506,2613,2720,2827,2934,3041,3042,3043,3044,3045,3046,3047,3048,3049,3050,3051,3052,3053,3054,3055,3056,3057,3058,3059,3060,3061,3062,3063,3063,3063,3063,3063,3063,3063,3063,3063,3063,3063,3063,3063,3063,3063,3063,3063,3063,3063,3063,3063,3063,3063,3063,3063,3063,3063,3063,3063,3063,3063,3063,3063,3063,3063,3063,3063,3063,3063,3063,3063,3063,3063,3063,3063,3063,3063,3063,3063,3063,3063,3063,3063,3063,3063,3063,3063,3063,3063,3063,3063,3063,3063,3063,3063,3063,3063,3063,3063,3063,3063,3063,3063,3063,
goal:3063,3063,3063,3063,3063,3063,3063,3063,3063,3063,3063,3063,3063,3063,3063,3063,3063,3063,3063,3063,3063,3063,3063,3063,3063,3063,3063,3063,3063,3063,3063,3063,3063,3063,3063,3063,3063,3063,3063,3063,3063,3063,3063,3063,3063,3063,3063,3063,3063,3063,3063,3063,3063,3063,3063,3063,3063,3063,3063,3063,3063,3063,3063,3063,3063,3063,3063,3063,3063,3063,3063,3063,3063,3063,3063,3063,3063,3063,3063,3063,3063,3063,3063,3063,3063,3063,3063,3063,3063,3063,3063,3063,3063,3063,3063,3063,3063,3063,3063,3063,3063,
size:27
[agent] id:15
path:904,1011,1118,1225,1332,1439,1438,1545,1652,1759,1866,1973,2080,2187,2294,2401,2401,2400,2399,2398,2397,2396,2395,2394,2393,2500,2499,2498,2498,2498,2498,2498,2498,2498,2498,2498,2498,2498,2498,2498,2498,2498,2498,2498,2498,2498,2498,2498,2498,2498,2498,2498,2498,2498,2498,2498,2498,2498,2498,2498,2498,2498,2498,2498,2498,2498,2498,2498,2498,2498,2498,2498,2498,2498,2498,2498,2498,2498,2498,2498,2498,2498,2498,2498,2498,2498,2498,2498,2498,2498,2498,2498,2498,2498,2498,2498,2498,2498,2498,2498,2498,
goal:2498,2498,2498,2498,2498,2498,2498,2498,2498,2498,2498,2498,2498,2498,2498,2498,2498,2498,2498,2498,2498,2498,2498,2498,2498,2498,2498,2498,2498,2498,2498,2498,2498,2498,2498,2498,2498,2498,2498,2498,2498,2498,2498,2498,2498,2498,2498,2498,2498,2498,2498,2498,2498,2498,2498,2498,2498,2498,2498,2498,2498,2498,2498,2498,2498,2498,2498,2498,2498,2498,2498,2498,2498,2498,2498,2498,2498,2498,2498,2498,2498,2498,2498,2498,2498,2498,2498,2498,2498,2498,2498,2498,2498,2498,2498,2498,2498,2498,2498,2498,2498,
size:27
[agent] id:16
path:4083,3976,3869,3762,3763,3764,3765,3766,3767,3660,3553,3446,3339,3232,3125,3018,2911,2804,2697,2590,2591,2592,2593,2594,2595,2596,2597,2598,2599,2600,2601,2602,2603,2604,2605,2606,2607,2608,2609,2610,2611,2612,2613,2614,2615,2616,2617,2618,2619,2620,2621,2622,2623,2624,2625,2626,2627,2628,2629,2630,2631,2632,2633,2634,2635,2636,2637,2638,2639,2640,2641,2642,2643,2644,2645,2646,2647,2648,2649,2650,2651,2652,2653,2654,2655,2656,2657,2658,2659,2660,2661,2662,2663,2664,2665,2772,2879,2986,3093,3200,3199,
goal:3199,3199,3199,3199,3199,3199,3199,3199,3199,3199,3199,3199,3199,3199,3199,3199,3199,3199,3199,3199,3199,3199,3199,3199,3199,3199,3199,3199,3199,3199,3199,3199,3199,3199,3199,3199,3199,3199,3199,3199,3199,3199,3199,3199,3199,3199,3199,3199,3199,3199,3199,3199,3199,3199,3199,3199,3199,3199,3199,3199,3199,3199,3199,3199,3199,3199,3199,3199,3199,3199,3199,3199,3199,3199,3199,3199,3199,3199,3199,3199,3199,3199,3199,3199,3199,3199,3199,3199,3199,3199,3199,3199,3199,3199,3199,3199,3199,3199,3199,3199,3199,
size:100
[agent] id:17
path:3980,3873,3766,3767,3660,3553,3446,3339,3232,3125,3018,3019,3020,3021,3022,3023,3024,3025,3026,3027,3028,3029,3030,3031,3032,3033,3034,3035,3036,2929,2930,2931,2824,2825,2826,2827,2828,2829,2830,2831,2832,2833,2834,2835,2836,2837,2838,2839,2840,2841,2842,2843,2844,2845,2845,2845,2845,2845,2845,2845,2845,2845,2845,2845,2845,2845,2845,2845,2845,2845,2845,2845,2845,2845,2845,2845,2845,2845,2845,2845,2845,2845,2845,2845,2845,2845,2845,2845,2845,2845,2845,2845,2845,2845,2845,2845,2845,2845,2845,2845,2845,
goal:2845,2845,2845,2845,2845,2845,2845,2845,2845,2845,2845,2845,2845,2845,2845,2845,2845,2845,2845,2845,2845,2845,2845,2845,2845,2845,2845,2845,2845,2845,2845,2845,2845,2845,2845,2845,2845,2845,2845,2845,2845,2845,2845,2845,2845,2845,2845,2845,2845,2845,2845,2845,2845,2845,2845,2845,2845,2845,2845,2845,2845,2845,2845,2845,2845,2845,2845,2845,2845,2845,2845,2845,2845,2845,2845,2845,2845,2845,2845,2845,2845,2845,2845,2845,2845,2845,2845,2845,2845,2845,2845,2845,2845,2845,2845,2845,2845,2845,2845,2845,2845,
size:53
[agent] id:18
path:1004,1111,1218,1325,1326,1433,1434,1435,1436,1437,1544,1651,1758,1865,1972,2079,2186,2293,2400,2507,2614,2615,2616,2617,2618,2619,2620,2621,2622,2623,2624,2625,2626,2627,2628,2629,2630,2631,2632,2633,2634,2635,2636,2637,2638,2639,2640,2641,2642,2643,2644,2645,2646,2647,2648,2649,2650,2651,2652,2653,2654,2655,2656,2657,2658,2659,2660,2661,2662,2663,2664,2665,2772,2879,2880,2881,2882,2883,2884,2885,2885,2885,2885,2885,2885,2885,2885,2885,2885,2885,2885,2885,2885,2885,2885,2885,2885,2885,2885,2885,2885,
goal:2885,2885,2885,2885,2885,2885,2885,2885,2885,2885,2885,2885,2885,2885,2885,2885,2885,2885,2885,2885,2885,2885,2885,2885,2885,2885,2885,2885,2885,2885,2885,2885,2885,2885,2885,2885,2885,2885,2885,2885,2885,2885,2885,2885,2885,2885,2885,2885,2885,2885,2885,2885,2885,2885,2885,2885,2885,2885,2885,2885,2885,2885,2885,2885,2885,2885,2885,2885,2885,2885,2885,2885,2885,2885,2885,2885,2885,2885,2885,2885,2885,2885,2885,2885,2885,2885,2885,2885,2885,2885,2885,2885,2885,2885,2885,2885,2885,2885,2885,2885,2885,
size:79
[agent] id:19
path:2102,2209,2316,2315,2314,2313,2312,2311,2310,2309,2416,2415,2414,2413,2412,2411,2410,2409,2408,2407,2406,2405,2404,2403,2402,2401,2400,2399,2398,2397,2396,2395,2394,2393,2392,2391,2390,2389,2388,2387,2387,2387,2387,2387,2387,2387,2387,2387,2387,2387,2387,2387,2387,2387,2387,2387,2387,2387,2387,2387,2387,2387,2387,2387,2387,2387,2387,2387,2387,2387,2387,2387,2387,2387,2387,2387,2387,2387,2387,2387,2387,2387,2387,2387,2387,2387,2387,2387,2387,2387,2387,2387,2387,2387,2387,2387,2387,2387,2387,2387,2387,
goal:2387,2387,2387,2387,2387,2387,2387,2387,2387,2387,2387,2387,2387,2387,2387,2387,2387,2387,2387,2387,2387,2387,2387,2387,2387,2387,2387,2387,2387,2387,2387,2387,2387,2387,2387,2387,2387,2387,2387,2387,2387,2387,2387,2387,2387,2387,2387,2387,2387,2387,2387,2387,2387,2387,2387,2387,2387,2387,2387,2387,2387,2387,2387,2387,2387,2387,2387,2387,2387,2387,2387,2387,2387,2387,2387,2387,2387,2387,2387,2387,2387,2387,2387,2387,2387,2387,2387,2387,2387,2387,2387,2387,2387,2387,2387,2387,2387,2387,2387,2387,2387,
size:39
SolutionCost:998
