[setting] seed:58
[solver] type:ECBS
[solver] w:3.000000
[solver] ID:0
[solver] Lowlevelnode:7344
[solver] solved:1
[solver] elapsed:112
[solver] makespan:104
[problem] timesteplimit:10000
[problem] type:MAPF
[problem] agentnum:30
[graph] width:107
[graph] height:47
[graph] filename:./map/orz601d.map
[task] id:0,start:0,end:0,service time:0,nodes:2946,
[task] id:7,start:0,end:0,service time:0,nodes:2558,
[task] id:9,start:0,end:0,service time:0,nodes:3917,
[task] id:6,start:0,end:0,service time:0,nodes:2368,
[task] id:23,start:0,end:0,service time:0,nodes:2078,
[task] id:28,start:0,end:0,service time:0,nodes:2215,
[task] id:27,start:0,end:0,service time:0,nodes:2495,
[task] id:8,start:0,end:0,service time:0,nodes:2530,
[task] id:1,start:0,end:0,service time:0,nodes:4461,
[task] id:18,start:0,end:0,service time:0,nodes:3009,
[task] id:11,start:0,end:0,service time:0,nodes:1723,
[task] id:15,start:0,end:0,service time:0,nodes:2812,
[task] id:3,start:0,end:0,service time:0,nodes:3234,
[task] id:12,start:0,end:0,service time:0,nodes:2659,
[task] id:10,start:0,end:0,service time:0,nodes:395,
[task] id:16,start:0,end:0,service time:0,nodes:4031,
[task] id:25,start:0,end:0,service time:0,nodes:2713,
[task] id:20,start:0,end:0,service time:0,nodes:885,
[task] id:14,start:0,end:0,service time:0,nodes:585,
[task] id:17,start:0,end:0,service time:0,nodes:2831,
[task] id:26,start:0,end:0,service time:0,nodes:2614,
[task] id:19,start:0,end:0,service time:0,nodes:2714,
[task] id:21,start:0,end:0,service time:0,nodes:2743,
[task] id:4,start:0,end:0,service time:0,nodes:712,
[task] id:22,start:0,end:0,service time:0,nodes:3978,
[task] id:29,start:0,end:0,service time:0,nodes:2775,
[task] id:5,start:0,end:0,service time:0,nodes:1992,
[task] id:2,start:0,end:0,service time:0,nodes:873,
[task] id:13,start:0,end:0,service time:0,nodes:2547,
[task] id:24,start:0,end:0,service time:0,nodes:2242,
[agent] id:0
path:2850,2957,2956,2955,2954,2953,2952,2951,2950,2949,2948,2947,2946,2946,2946,2946,2946,2946,2946,2946,2946,2946,2946,2946,2946,2946,2946,2946,2946,2946,2946,2946,2946,2946,2946,2946,2946,2946,2946,2946,2946,2946,2946,2946,2946,2946,2946,2946,2946,2946,2946,2946,2946,2946,2946,2946,2946,2946,2946,2946,2946,2946,2946,2946,2946,2946,2946,2946,2946,2946,2946,2946,2946,2946,2946,2946,2946,2946,2946,2946,2946,2946,2946,2946,2946,2946,2946,2946,2946,2946,2946,2946,2946,2946,2946,2946,2946,2946,2946,2946,2946,2946,2946,2946,2946,
goal:2946,2946,2946,2946,2946,2946,2946,2946,2946,2946,2946,2946,2946,2946,2946,2946,2946,2946,2946,2946,2946,2946,2946,2946,2946,2946,2946,2946,2946,2946,2946,2946,2946,2946,2946,2946,2946,2946,2946,2946,2946,2946,2946,2946,2946,2946,2946,2946,2946,2946,2946,2946,2946,2946,2946,2946,2946,2946,2946,2946,2946,2946,2946,2946,2946,2946,2946,2946,2946,2946,2946,2946,2946,2946,2946,2946,2946,2946,2946,2946,2946,2946,2946,2946,2946,2946,2946,2946,2946,2946,2946,2946,2946,2946,2946,2946,2946,2946,2946,2946,2946,2946,2946,2946,2946,
size:12
[agent] id:1
path:2738,2845,2952,3059,3060,3061,3062,3169,3170,3171,3172,3173,3280,3387,3494,3601,3708,3815,3922,4029,4136,4243,4350,4457,4458,4459,4460,4461,4461,4461,4461,4461,4461,4461,4461,4461,4461,4461,4461,4461,4461,4461,4461,4461,4461,4461,4461,4461,4461,4461,4461,4461,4461,4461,4461,4461,4461,4461,4461,4461,4461,4461,4461,4461,4461,4461,4461,4461,4461,4461,4461,4461,4461,4461,4461,4461,4461,4461,4461,4461,4461,4461,4461,4461,4461,4461,4461,4461,4461,4461,4461,4461,4461,4461,4461,4461,4461,4461,4461,4461,4461,4461,4461,4461,4461,
goal:4461,4461,4461,4461,4461,4461,4461,4461,4461,4461,4461,4461,4461,4461,4461,4461,4461,4461,4461,4461,4461,4461,4461,4461,4461,4461,4461,4461,4461,4461,4461,4461,4461,4461,4461,4461,4461,4461,4461,4461,4461,4461,4461,4461,4461,4461,4461,4461,4461,4461,4461,4461,4461,4461,4461,4461,4461,4461,4461,4461,4461,4461,4461,4461,4461,4461,4461,4461,4461,4461,4461,4461,4461,4461,4461,4461,4461,4461,4461,4461,4461,4461,4461,4461,4461,4461,4461,4461,4461,4461,4461,4461,4461,4461,4461,4461,4461,4461,4461,4461,4461,4461,4461,4461,4461,
size:27
[agent] id:2
path:1028,1135,1242,1349,1350,1457,1458,1459,1460,1461,1568,1675,1782,1889,1996,1995,1994,1993,1992,1991,1990,1989,1988,1987,1986,1985,1984,1983,1982,1981,1980,2087,2086,1979,1978,1977,1976,1975,1974,1973,1972,1971,1970,1969,1968,1967,1966,1965,1964,1963,1962,1961,1960,1959,1958,1957,1956,1955,1954,1847,1846,1845,1844,1843,1842,1735,1628,1521,1414,1307,1200,1093,986,879,878,877,876,875,874,873,873,873,873,873,873,873,873,873,873,873,873,873,873,873,873,873,873,873,873,873,873,873,873,873,873,
goal:873,873,873,873,873,873,873,873,873,873,873,873,873,873,873,873,873,873,873,873,873,873,873,873,873,873,873,873,873,873,873,873,873,873,873,873,873,873,873,873,873,873,873,873,873,873,873,873,873,873,873,873,873,873,873,873,873,873,873,873,873,873,873,873,873,873,873,873,873,873,873,873,873,873,873,873,873,873,873,873,873,873,873,873,873,873,873,873,873,873,873,873,873,873,873,873,873,873,873,873,873,873,873,873,873,
size:79
[agent] id:3
path:347,454,561,668,775,882,989,1096,1203,1310,1417,1416,1415,1414,1521,1628,1735,1842,1949,2056,2163,2270,2377,2484,2591,2698,2805,2912,3019,3126,3233,3234,3234,3234,3234,3234,3234,3234,3234,3234,3234,3234,3234,3234,3234,3234,3234,3234,3234,3234,3234,3234,3234,3234,3234,3234,3234,3234,3234,3234,3234,3234,3234,3234,3234,3234,3234,3234,3234,3234,3234,3234,3234,3234,3234,3234,3234,3234,3234,3234,3234,3234,3234,3234,3234,3234,3234,3234,3234,3234,3234,3234,3234,3234,3234,3234,3234,3234,3234,3234,3234,3234,3234,3234,3234,
goal:3234,3234,3234,3234,3234,3234,3234,3234,3234,3234,3234,3234,3234,3234,3234,3234,3234,3234,3234,3234,3234,3234,3234,3234,3234,3234,3234,3234,3234,3234,3234,3234,3234,3234,3234,3234,3234,3234,3234,3234,3234,3234,3234,3234,3234,3234,3234,3234,3234,3234,3234,3234,3234,3234,3234,3234,3234,3234,3234,3234,3234,3234,3234,3234,3234,3234,3234,3234,3234,3234,3234,3234,3234,3234,3234,3234,3234,3234,3234,3234,3234,3234,3234,3234,3234,3234,3234,3234,3234,3234,3234,3234,3234,3234,3234,3234,3234,3234,3234,3234,3234,3234,3234,3234,3234,
size:31
[agent] id:4
path:2164,2057,1950,1951,1952,1953,1954,1955,1956,1957,1958,1959,1960,1961,1962,1963,1964,1965,1966,1967,1968,1969,1970,1971,1972,1973,1974,1975,1976,1977,1978,1979,1980,1981,1982,1983,1984,1985,1986,1987,1988,1989,1990,1991,1884,1885,1886,1887,1888,1889,1782,1675,1568,1461,1354,1247,1140,1033,926,819,712,712,712,712,712,712,712,712,712,712,712,712,712,712,712,712,712,712,712,712,712,712,712,712,712,712,712,712,712,712,712,712,712,712,712,712,712,712,712,712,712,712,712,712,712,
goal:712,712,712,712,712,712,712,712,712,712,712,712,712,712,712,712,712,712,712,712,712,712,712,712,712,712,712,712,712,712,712,712,712,712,712,712,712,712,712,712,712,712,712,712,712,712,712,712,712,712,712,712,712,712,712,712,712,712,712,712,712,712,712,712,712,712,712,712,712,712,712,712,712,712,712,712,712,712,712,712,712,712,712,712,712,712,712,712,712,712,712,712,712,712,712,712,712,712,712,712,712,712,712,712,712,
size:60
[agent] id:5
path:2685,2578,2471,2364,2365,2366,2367,2368,2369,2370,2371,2264,2157,2158,2159,2160,2161,2162,2163,2164,2165,2166,2167,2168,2169,2170,2171,2172,2173,2174,2175,2176,2177,2178,2179,2180,2181,2182,2183,2184,2185,2186,2079,1972,1973,1974,1975,1976,1977,1978,1979,1980,1981,1982,1983,1984,1985,1986,1987,1988,1989,1990,1991,1992,1992,1992,1992,1992,1992,1992,1992,1992,1992,1992,1992,1992,1992,1992,1992,1992,1992,1992,1992,1992,1992,1992,1992,1992,1992,1992,1992,1992,1992,1992,1992,1992,1992,1992,1992,1992,1992,1992,1992,1992,1992,
goal:1992,1992,1992,1992,1992,1992,1992,1992,1992,1992,1992,1992,1992,1992,1992,1992,1992,1992,1992,1992,1992,1992,1992,1992,1992,1992,1992,1992,1992,1992,1992,1992,1992,1992,1992,1992,1992,1992,1992,1992,1992,1992,1992,1992,1992,1992,1992,1992,1992,1992,1992,1992,1992,1992,1992,1992,1992,1992,1992,1992,1992,1992,1992,1992,1992,1992,1992,1992,1992,1992,1992,1992,1992,1992,1992,1992,1992,1992,1992,1992,1992,1992,1992,1992,1992,1992,1992,1992,1992,1992,1992,1992,1992,1992,1992,1992,1992,1992,1992,1992,1992,1992,1992,1992,1992,
size:63
[agent] id:6
path:2595,2488,2381,2380,2379,2378,2377,2376,2375,2374,2373,2372,2371,2370,2369,2368,2368,2368,2368,2368,2368,2368,2368,2368,2368,2368,2368,2368,2368,2368,2368,2368,2368,2368,2368,2368,2368,2368,2368,2368,2368,2368,2368,2368,2368,2368,2368,2368,2368,2368,2368,2368,2368,2368,2368,2368,2368,2368,2368,2368,2368,2368,2368,2368,2368,2368,2368,2368,2368,2368,2368,2368,2368,2368,2368,2368,2368,2368,2368,2368,2368,2368,2368,2368,2368,2368,2368,2368,2368,2368,2368,2368,2368,2368,2368,2368,2368,2368,2368,2368,2368,2368,2368,2368,2368,
goal:2368,2368,2368,2368,2368,2368,2368,2368,2368,2368,2368,2368,2368,2368,2368,2368,2368,2368,2368,2368,2368,2368,2368,2368,2368,2368,2368,2368,2368,2368,2368,2368,2368,2368,2368,2368,2368,2368,2368,2368,2368,2368,2368,2368,2368,2368,2368,2368,2368,2368,2368,2368,2368,2368,2368,2368,2368,2368,2368,2368,2368,2368,2368,2368,2368,2368,2368,2368,2368,2368,2368,2368,2368,2368,2368,2368,2368,2368,2368,2368,2368,2368,2368,2368,2368,2368,2368,2368,2368,2368,2368,2368,2368,2368,2368,2368,2368,2368,2368,2368,2368,2368,2368,2368,2368,
size:15
[agent] id:7
path:2122,2229,2336,2443,2550,2551,2552,2553,2554,2555,2556,2557,2558,2558,2558,2558,2558,2558,2558,2558,2558,2558,2558,2558,2558,2558,2558,2558,2558,2558,2558,2558,2558,2558,2558,2558,2558,2558,2558,2558,2558,2558,2558,2558,2558,2558,2558,2558,2558,2558,2558,2558,2558,2558,2558,2558,2558,2558,2558,2558,2558,2558,2558,2558,2558,2558,2558,2558,2558,2558,2558,2558,2558,2558,2558,2558,2558,2558,2558,2558,2558,2558,2558,2558,2558,2558,2558,2558,2558,2558,2558,2558,2558,2558,2558,2558,2558,2558,2558,2558,2558,2558,2558,2558,2558,
goal:2558,2558,2558,2558,2558,2558,2558,2558,2558,2558,2558,2558,2558,2558,2558,2558,2558,2558,2558,2558,2558,2558,2558,2558,2558,2558,2558,2558,2558,2558,2558,2558,2558,2558,2558,2558,2558,2558,2558,2558,2558,2558,2558,2558,2558,2558,2558,2558,2558,2558,2558,2558,2558,2558,2558,2558,2558,2558,2558,2558,2558,2558,2558,2558,2558,2558,2558,2558,2558,2558,2558,2558,2558,2558,2558,2558,2558,2558,2558,2558,2558,2558,2558,2558,2558,2558,2558,2558,2558,2558,2558,2558,2558,2558,2558,2558,2558,2558,2558,2558,2558,2558,2558,2558,2558,
size:12
[agent] id:8
path:2399,2506,2507,2508,2509,2510,2511,2512,2513,2514,2515,2516,2517,2518,2519,2520,2521,2522,2523,2524,2525,2526,2527,2528,2529,2530,2530,2530,2530,2530,2530,2530,2530,2530,2530,2530,2530,2530,2530,2530,2530,2530,2530,2530,2530,2530,2530,2530,2530,2530,2530,2530,2530,2530,2530,2530,2530,2530,2530,2530,2530,2530,2530,2530,2530,2530,2530,2530,2530,2530,2530,2530,2530,2530,2530,2530,2530,2530,2530,2530,2530,2530,2530,2530,2530,2530,2530,2530,2530,2530,2530,2530,2530,2530,2530,2530,2530,2530,2530,2530,2530,2530,2530,2530,2530,
goal:2530,2530,2530,2530,2530,2530,2530,2530,2530,2530,2530,2530,2530,2530,2530,2530,2530,2530,2530,2530,2530,2530,2530,2530,2530,2530,2530,2530,2530,2530,2530,2530,2530,2530,2530,2530,2530,2530,2530,2530,2530,2530,2530,2530,2530,2530,2530,2530,2530,2530,2530,2530,2530,2530,2530,2530,2530,2530,2530,2530,2530,2530,2530,2530,2530,2530,2530,2530,2530,2530,2530,2530,2530,2530,2530,2530,2530,2530,2530,2530,2530,2530,2530,2530,2530,2530,2530,2530,2530,2530,2530,2530,2530,2530,2530,2530,2530,2530,2530,2530,2530,2530,2530,2530,2530,
size:25
[agent] id:9
path:4567,4460,4353,4246,4139,4032,3925,3924,3923,3922,3921,3920,3919,3918,3917,3917,3917,3917,3917,3917,3917,3917,3917,3917,3917,3917,3917,3917,3917,3917,3917,3917,3917,3917,3917,3917,3917,3917,3917,3917,3917,3917,3917,3917,3917,3917,3917,3917,3917,3917,3917,3917,3917,3917,3917,3917,3917,3917,3917,3917,3917,3917,3917,3917,3917,3917,3917,3917,3917,3917,3917,3917,3917,3917,3917,3917,3917,3917,3917,3917,3917,3917,3917,3917,3917,3917,3917,3917,3917,3917,3917,3917,3917,3917,3917,3917,3917,3917,3917,3917,3917,3917,3917,3917,3917,
goal:3917,3917,3917,3917,3917,3917,3917,3917,3917,3917,3917,3917,3917,3917,3917,3917,3917,3917,3917,3917,3917,3917,3917,3917,3917,3917,3917,3917,3917,3917,3917,3917,3917,3917,3917,3917,3917,3917,3917,3917,3917,3917,3917,3917,3917,3917,3917,3917,3917,3917,3917,3917,3917,3917,3917,3917,3917,3917,3917,3917,3917,3917,3917,3917,3917,3917,3917,3917,3917,3917,3917,3917,3917,3917,3917,3917,3917,3917,3917,3917,3917,3917,3917,3917,3917,3917,3917,3917,3917,3917,3917,3917,3917,3917,3917,3917,3917,3917,3917,3917,3917,3917,3917,3917,3917,
size:14
[agent] id:10
path:3062,2955,2848,2741,2634,2527,2420,2313,2206,2099,1992,1885,1886,1887,1888,1889,1782,1675,1568,1461,1354,1247,1140,1033,926,819,712,605,498,499,500,501,394,395,395,395,395,395,395,395,395,395,395,395,395,395,395,395,395,395,395,395,395,395,395,395,395,395,395,395,395,395,395,395,395,395,395,395,395,395,395,395,395,395,395,395,395,395,395,395,395,395,395,395,395,395,395,395,395,395,395,395,395,395,395,395,395,395,395,395,395,395,395,395,395,
goal:395,395,395,395,395,395,395,395,395,395,395,395,395,395,395,395,395,395,395,395,395,395,395,395,395,395,395,395,395,395,395,395,395,395,395,395,395,395,395,395,395,395,395,395,395,395,395,395,395,395,395,395,395,395,395,395,395,395,395,395,395,395,395,395,395,395,395,395,395,395,395,395,395,395,395,395,395,395,395,395,395,395,395,395,395,395,395,395,395,395,395,395,395,395,395,395,395,395,395,395,395,395,395,395,395,
size:33
[agent] id:11
path:1414,1521,1628,1735,1842,1949,2056,2163,2270,2377,2376,2375,2374,2373,2372,2371,2370,2369,2476,2475,2474,2367,2260,2153,2046,1939,1938,1831,1724,1723,1723,1723,1723,1723,1723,1723,1723,1723,1723,1723,1723,1723,1723,1723,1723,1723,1723,1723,1723,1723,1723,1723,1723,1723,1723,1723,1723,1723,1723,1723,1723,1723,1723,1723,1723,1723,1723,1723,1723,1723,1723,1723,1723,1723,1723,1723,1723,1723,1723,1723,1723,1723,1723,1723,1723,1723,1723,1723,1723,1723,1723,1723,1723,1723,1723,1723,1723,1723,1723,1723,1723,1723,1723,1723,1723,
goal:1723,1723,1723,1723,1723,1723,1723,1723,1723,1723,1723,1723,1723,1723,1723,1723,1723,1723,1723,1723,1723,1723,1723,1723,1723,1723,1723,1723,1723,1723,1723,1723,1723,1723,1723,1723,1723,1723,1723,1723,1723,1723,1723,1723,1723,1723,1723,1723,1723,1723,1723,1723,1723,1723,1723,1723,1723,1723,1723,1723,1723,1723,1723,1723,1723,1723,1723,1723,1723,1723,1723,1723,1723,1723,1723,1723,1723,1723,1723,1723,1723,1723,1723,1723,1723,1723,1723,1723,1723,1723,1723,1723,1723,1723,1723,1723,1723,1723,1723,1723,1723,1723,1723,1723,1723,
size:29
[agent] id:12
path:1991,2098,2205,2312,2419,2526,2527,2528,2529,2530,2531,2532,2533,2534,2535,2536,2537,2538,2539,2540,2647,2648,2649,2650,2651,2652,2653,2654,2655,2656,2657,2658,2659,2659,2659,2659,2659,2659,2659,2659,2659,2659,2659,2659,2659,2659,2659,2659,2659,2659,2659,2659,2659,2659,2659,2659,2659,2659,2659,2659,2659,2659,2659,2659,2659,2659,2659,2659,2659,2659,2659,2659,2659,2659,2659,2659,2659,2659,2659,2659,2659,2659,2659,2659,2659,2659,2659,2659,2659,2659,2659,2659,2659,2659,2659,2659,2659,2659,2659,2659,2659,2659,2659,2659,2659,
goal:2659,2659,2659,2659,2659,2659,2659,2659,2659,2659,2659,2659,2659,2659,2659,2659,2659,2659,2659,2659,2659,2659,2659,2659,2659,2659,2659,2659,2659,2659,2659,2659,2659,2659,2659,2659,2659,2659,2659,2659,2659,2659,2659,2659,2659,2659,2659,2659,2659,2659,2659,2659,2659,2659,2659,2659,2659,2659,2659,2659,2659,2659,2659,2659,2659,2659,2659,2659,2659,2659,2659,2659,2659,2659,2659,2659,2659,2659,2659,2659,2659,2659,2659,2659,2659,2659,2659,2659,2659,2659,2659,2659,2659,2659,2659,2659,2659,2659,2659,2659,2659,2659,2659,2659,2659,
size:32
[agent] id:13
path:1097,1204,1311,1418,1417,1416,1415,1414,1521,1628,1735,1842,1949,2056,2163,2270,2377,2378,2379,2380,2381,2382,2383,2384,2385,2386,2387,2388,2389,2390,2391,2392,2393,2394,2395,2396,2397,2398,2399,2400,2401,2402,2403,2404,2405,2406,2407,2408,2409,2410,2411,2412,2413,2414,2415,2416,2417,2418,2419,2420,2421,2422,2423,2424,2531,2532,2533,2534,2535,2536,2537,2538,2539,2540,2541,2542,2543,2544,2545,2546,2547,2547,2547,2547,2547,2547,2547,2547,2547,2547,2547,2547,2547,2547,2547,2547,2547,2547,2547,2547,2547,2547,2547,2547,2547,
goal:2547,2547,2547,2547,2547,2547,2547,2547,2547,2547,2547,2547,2547,2547,2547,2547,2547,2547,2547,2547,2547,2547,2547,2547,2547,2547,2547,2547,2547,2547,2547,2547,2547,2547,2547,2547,2547,2547,2547,2547,2547,2547,2547,2547,2547,2547,2547,2547,2547,2547,2547,2547,2547,2547,2547,2547,2547,2547,2547,2547,2547,2547,2547,2547,2547,2547,2547,2547,2547,2547,2547,2547,2547,2547,2547,2547,2547,2547,2547,2547,2547,2547,2547,2547,2547,2547,2547,2547,2547,2547,2547,2547,2547,2547,2547,2547,2547,2547,2547,2547,2547,2547,2547,2547,2547,
size:80
[agent] id:14
path:1304,1305,1306,1307,1414,1521,1628,1735,1842,1843,1844,1845,1846,1847,1954,1955,1956,1957,1958,1959,1960,1961,1962,1963,1964,1965,1966,1967,1860,1861,1862,1863,1864,1865,1758,1651,1544,1437,1330,1223,1116,1009,902,795,688,581,582,583,584,585,585,585,585,585,585,585,585,585,585,585,585,585,585,585,585,585,585,585,585,585,585,585,585,585,585,585,585,585,585,585,585,585,585,585,585,585,585,585,585,585,585,585,585,585,585,585,585,585,585,585,585,585,585,585,585,
goal:585,585,585,585,585,585,585,585,585,585,585,585,585,585,585,585,585,585,585,585,585,585,585,585,585,585,585,585,585,585,585,585,585,585,585,585,585,585,585,585,585,585,585,585,585,585,585,585,585,585,585,585,585,585,585,585,585,585,585,585,585,585,585,585,585,585,585,585,585,585,585,585,585,585,585,585,585,585,585,585,585,585,585,585,585,585,585,585,585,585,585,585,585,585,585,585,585,585,585,585,585,585,585,585,585,
size:49
[agent] id:15
path:884,991,1098,1205,1312,1419,1418,1417,1416,1415,1414,1521,1628,1735,1842,1949,2056,2163,2270,2377,2484,2591,2698,2805,2806,2807,2808,2809,2810,2811,2812,2812,2812,2812,2812,2812,2812,2812,2812,2812,2812,2812,2812,2812,2812,2812,2812,2812,2812,2812,2812,2812,2812,2812,2812,2812,2812,2812,2812,2812,2812,2812,2812,2812,2812,2812,2812,2812,2812,2812,2812,2812,2812,2812,2812,2812,2812,2812,2812,2812,2812,2812,2812,2812,2812,2812,2812,2812,2812,2812,2812,2812,2812,2812,2812,2812,2812,2812,2812,2812,2812,2812,2812,2812,2812,
goal:2812,2812,2812,2812,2812,2812,2812,2812,2812,2812,2812,2812,2812,2812,2812,2812,2812,2812,2812,2812,2812,2812,2812,2812,2812,2812,2812,2812,2812,2812,2812,2812,2812,2812,2812,2812,2812,2812,2812,2812,2812,2812,2812,2812,2812,2812,2812,2812,2812,2812,2812,2812,2812,2812,2812,2812,2812,2812,2812,2812,2812,2812,2812,2812,2812,2812,2812,2812,2812,2812,2812,2812,2812,2812,2812,2812,2812,2812,2812,2812,2812,2812,2812,2812,2812,2812,2812,2812,2812,2812,2812,2812,2812,2812,2812,2812,2812,2812,2812,2812,2812,2812,2812,2812,2812,
size:30
[agent] id:16
path:712,819,926,1033,1140,1247,1354,1461,1568,1675,1782,1889,1996,2103,2210,2317,2424,2531,2638,2745,2852,2959,3066,3173,3280,3387,3494,3601,3708,3815,3922,4029,4030,4031,4031,4031,4031,4031,4031,4031,4031,4031,4031,4031,4031,4031,4031,4031,4031,4031,4031,4031,4031,4031,4031,4031,4031,4031,4031,4031,4031,4031,4031,4031,4031,4031,4031,4031,4031,4031,4031,4031,4031,4031,4031,4031,4031,4031,4031,4031,4031,4031,4031,4031,4031,4031,4031,4031,4031,4031,4031,4031,4031,4031,4031,4031,4031,4031,4031,4031,4031,4031,4031,4031,4031,
goal:4031,4031,4031,4031,4031,4031,4031,4031,4031,4031,4031,4031,4031,4031,4031,4031,4031,4031,4031,4031,4031,4031,4031,4031,4031,4031,4031,4031,4031,4031,4031,4031,4031,4031,4031,4031,4031,4031,4031,4031,4031,4031,4031,4031,4031,4031,4031,4031,4031,4031,4031,4031,4031,4031,4031,4031,4031,4031,4031,4031,4031,4031,4031,4031,4031,4031,4031,4031,4031,4031,4031,4031,4031,4031,4031,4031,4031,4031,4031,4031,4031,4031,4031,4031,4031,4031,4031,4031,4031,4031,4031,4031,4031,4031,4031,4031,4031,4031,4031,4031,4031,4031,4031,4031,4031,
size:33
[agent] id:17
path:2895,2788,2681,2574,2467,2468,2469,2470,2471,2472,2473,2474,2475,2476,2477,2478,2585,2586,2693,2694,2695,2696,2697,2698,2699,2700,2701,2702,2703,2704,2705,2706,2813,2814,2815,2816,2817,2818,2819,2820,2821,2822,2823,2824,2825,2826,2827,2828,2829,2830,2831,2831,2831,2831,2831,2831,2831,2831,2831,2831,2831,2831,2831,2831,2831,2831,2831,2831,2831,2831,2831,2831,2831,2831,2831,2831,2831,2831,2831,2831,2831,2831,2831,2831,2831,2831,2831,2831,2831,2831,2831,2831,2831,2831,2831,2831,2831,2831,2831,2831,2831,2831,2831,2831,2831,
goal:2831,2831,2831,2831,2831,2831,2831,2831,2831,2831,2831,2831,2831,2831,2831,2831,2831,2831,2831,2831,2831,2831,2831,2831,2831,2831,2831,2831,2831,2831,2831,2831,2831,2831,2831,2831,2831,2831,2831,2831,2831,2831,2831,2831,2831,2831,2831,2831,2831,2831,2831,2831,2831,2831,2831,2831,2831,2831,2831,2831,2831,2831,2831,2831,2831,2831,2831,2831,2831,2831,2831,2831,2831,2831,2831,2831,2831,2831,2831,2831,2831,2831,2831,2831,2831,2831,2831,2831,2831,2831,2831,2831,2831,2831,2831,2831,2831,2831,2831,2831,2831,2831,2831,2831,2831,
size:50
[agent] id:18
path:3765,3766,3767,3660,3553,3446,3339,3232,3125,3018,3017,3016,3015,3014,3013,2906,2799,2692,2585,2478,2477,2476,2475,2474,2581,2688,2795,2902,3009,3009,3009,3009,3009,3009,3009,3009,3009,3009,3009,3009,3009,3009,3009,3009,3009,3009,3009,3009,3009,3009,3009,3009,3009,3009,3009,3009,3009,3009,3009,3009,3009,3009,3009,3009,3009,3009,3009,3009,3009,3009,3009,3009,3009,3009,3009,3009,3009,3009,3009,3009,3009,3009,3009,3009,3009,3009,3009,3009,3009,3009,3009,3009,3009,3009,3009,3009,3009,3009,3009,3009,3009,3009,3009,3009,3009,
goal:3009,3009,3009,3009,3009,3009,3009,3009,3009,3009,3009,3009,3009,3009,3009,3009,3009,3009,3009,3009,3009,3009,3009,3009,3009,3009,3009,3009,3009,3009,3009,3009,3009,3009,3009,3009,3009,3009,3009,3009,3009,3009,3009,3009,3009,3009,3009,3009,3009,3009,3009,3009,3009,3009,3009,3009,3009,3009,3009,3009,3009,3009,3009,3009,3009,3009,3009,3009,3009,3009,3009,3009,3009,3009,3009,3009,3009,3009,3009,3009,3009,3009,3009,3009,3009,3009,3009,3009,3009,3009,3009,3009,3009,3009,3009,3009,3009,3009,3009,3009,3009,3009,3009,3009,3009,
size:28
[agent] id:19
path:2227,2334,2441,2548,2655,2762,2761,2760,2759,2758,2757,2756,2755,2754,2753,2752,2751,2750,2749,2748,2747,2746,2745,2744,2743,2742,2741,2740,2739,2738,2737,2736,2735,2734,2733,2732,2731,2730,2729,2728,2727,2726,2725,2724,2723,2722,2721,2720,2719,2718,2717,2716,2715,2714,2714,2714,2714,2714,2714,2714,2714,2714,2714,2714,2714,2714,2714,2714,2714,2714,2714,2714,2714,2714,2714,2714,2714,2714,2714,2714,2714,2714,2714,2714,2714,2714,2714,2714,2714,2714,2714,2714,2714,2714,2714,2714,2714,2714,2714,2714,2714,2714,2714,2714,2714,
goal:2714,2714,2714,2714,2714,2714,2714,2714,2714,2714,2714,2714,2714,2714,2714,2714,2714,2714,2714,2714,2714,2714,2714,2714,2714,2714,2714,2714,2714,2714,2714,2714,2714,2714,2714,2714,2714,2714,2714,2714,2714,2714,2714,2714,2714,2714,2714,2714,2714,2714,2714,2714,2714,2714,2714,2714,2714,2714,2714,2714,2714,2714,2714,2714,2714,2714,2714,2714,2714,2714,2714,2714,2714,2714,2714,2714,2714,2714,2714,2714,2714,2714,2714,2714,2714,2714,2714,2714,2714,2714,2714,2714,2714,2714,2714,2714,2714,2714,2714,2714,2714,2714,2714,2714,2714,
size:53
[agent] id:20
path:2394,2287,2180,2073,2072,2071,2070,2069,2068,2067,2066,2065,2064,2063,2062,2061,1954,1847,1846,1845,1844,1843,1842,1735,1628,1521,1414,1307,1200,1093,986,879,880,881,882,883,884,885,885,885,885,885,885,885,885,885,885,885,885,885,885,885,885,885,885,885,885,885,885,885,885,885,885,885,885,885,885,885,885,885,885,885,885,885,885,885,885,885,885,885,885,885,885,885,885,885,885,885,885,885,885,885,885,885,885,885,885,885,885,885,885,885,885,885,885,
goal:885,885,885,885,885,885,885,885,885,885,885,885,885,885,885,885,885,885,885,885,885,885,885,885,885,885,885,885,885,885,885,885,885,885,885,885,885,885,885,885,885,885,885,885,885,885,885,885,885,885,885,885,885,885,885,885,885,885,885,885,885,885,885,885,885,885,885,885,885,885,885,885,885,885,885,885,885,885,885,885,885,885,885,885,885,885,885,885,885,885,885,885,885,885,885,885,885,885,885,885,885,885,885,885,885,
size:37
[agent] id:21
path:1734,1841,1948,2055,2162,2269,2376,2483,2590,2591,2592,2593,2594,2595,2596,2597,2598,2599,2600,2601,2602,2603,2604,2605,2606,2607,2608,2609,2610,2611,2612,2613,2614,2615,2616,2617,2618,2619,2620,2621,2622,2729,2730,2731,2732,2733,2734,2735,2736,2737,2738,2739,2740,2741,2742,2743,2743,2743,2743,2743,2743,2743,2743,2743,2743,2743,2743,2743,2743,2743,2743,2743,2743,2743,2743,2743,2743,2743,2743,2743,2743,2743,2743,2743,2743,2743,2743,2743,2743,2743,2743,2743,2743,2743,2743,2743,2743,2743,2743,2743,2743,2743,2743,2743,2743,
goal:2743,2743,2743,2743,2743,2743,2743,2743,2743,2743,2743,2743,2743,2743,2743,2743,2743,2743,2743,2743,2743,2743,2743,2743,2743,2743,2743,2743,2743,2743,2743,2743,2743,2743,2743,2743,2743,2743,2743,2743,2743,2743,2743,2743,2743,2743,2743,2743,2743,2743,2743,2743,2743,2743,2743,2743,2743,2743,2743,2743,2743,2743,2743,2743,2743,2743,2743,2743,2743,2743,2743,2743,2743,2743,2743,2743,2743,2743,2743,2743,2743,2743,2743,2743,2743,2743,2743,2743,2743,2743,2743,2743,2743,2743,2743,2743,2743,2743,2743,2743,2743,2743,2743,2743,2743,
size:55
[agent] id:22
path:800,907,1014,1121,1228,1335,1442,1441,1440,1439,1438,1545,1652,1759,1866,1973,2080,2187,2294,2401,2508,2615,2722,2829,2936,3043,3042,3041,3040,3039,3038,3037,3036,3035,3034,3033,3032,3031,3030,3029,3028,3027,3026,3025,3024,3131,3238,3345,3344,3343,3342,3341,3340,3447,3554,3661,3768,3875,3982,3981,3980,3979,3978,3978,3978,3978,3978,3978,3978,3978,3978,3978,3978,3978,3978,3978,3978,3978,3978,3978,3978,3978,3978,3978,3978,3978,3978,3978,3978,3978,3978,3978,3978,3978,3978,3978,3978,3978,3978,3978,3978,3978,3978,3978,3978,
goal:3978,3978,3978,3978,3978,3978,3978,3978,3978,3978,3978,3978,3978,3978,3978,3978,3978,3978,3978,3978,3978,3978,3978,3978,3978,3978,3978,3978,3978,3978,3978,3978,3978,3978,3978,3978,3978,3978,3978,3978,3978,3978,3978,3978,3978,3978,3978,3978,3978,3978,3978,3978,3978,3978,3978,3978,3978,3978,3978,3978,3978,3978,3978,3978,3978,3978,3978,3978,3978,3978,3978,3978,3978,3978,3978,3978,3978,3978,3978,3978,3978,3978,3978,3978,3978,3978,3978,3978,3978,3978,3978,3978,3978,3978,3978,3978,3978,3978,3978,3978,3978,3978,3978,3978,3978,
size:62
[agent] id:23
path:685,792,899,1006,1113,1220,1327,1434,1435,1436,1437,1544,1651,1758,1865,1972,2079,2078,2078,2078,2078,2078,2078,2078,2078,2078,2078,2078,2078,2078,2078,2078,2078,2078,2078,2078,2078,2078,2078,2078,2078,2078,2078,2078,2078,2078,2078,2078,2078,2078,2078,2078,2078,2078,2078,2078,2078,2078,2078,2078,2078,2078,2078,2078,2078,2078,2078,2078,2078,2078,2078,2078,2078,2078,2078,2078,2078,2078,2078,2078,2078,2078,2078,2078,2078,2078,2078,2078,2078,2078,2078,2078,2078,2078,2078,2078,2078,2078,2078,2078,2078,2078,2078,2078,2078,
goal:2078,2078,2078,2078,2078,2078,2078,2078,2078,2078,2078,2078,2078,2078,2078,2078,2078,2078,2078,2078,2078,2078,2078,2078,2078,2078,2078,2078,2078,2078,2078,2078,2078,2078,2078,2078,2078,2078,2078,2078,2078,2078,2078,2078,2078,2078,2078,2078,2078,2078,2078,2078,2078,2078,2078,2078,2078,2078,2078,2078,2078,2078,2078,2078,2078,2078,2078,2078,2078,2078,2078,2078,2078,2078,2078,2078,2078,2078,2078,2078,2078,2078,2078,2078,2078,2078,2078,2078,2078,2078,2078,2078,2078,2078,2078,2078,2078,2078,2078,2078,2078,2078,2078,2078,2078,
size:17
[agent] id:24
path:4626,4519,4412,4305,4198,4091,3984,3877,3770,3769,3768,3661,3554,3447,3340,3233,3126,3019,2912,2805,2698,2699,2592,2485,2378,2379,2380,2381,2382,2383,2384,2385,2386,2387,2388,2389,2390,2391,2392,2393,2394,2395,2396,2397,2398,2399,2400,2401,2402,2403,2404,2405,2406,2407,2408,2409,2410,2411,2412,2413,2414,2415,2416,2417,2418,2419,2420,2421,2422,2423,2424,2425,2426,2427,2428,2429,2430,2431,2432,2433,2434,2435,2436,2437,2438,2439,2440,2441,2442,2443,2444,2445,2446,2447,2448,2449,2450,2451,2344,2237,2238,2239,2240,2241,2242,
goal:2242,2242,2242,2242,2242,2242,2242,2242,2242,2242,2242,2242,2242,2242,2242,2242,2242,2242,2242,2242,2242,2242,2242,2242,2242,2242,2242,2242,2242,2242,2242,2242,2242,2242,2242,2242,2242,2242,2242,2242,2242,2242,2242,2242,2242,2242,2242,2242,2242,2242,2242,2242,2242,2242,2242,2242,2242,2242,2242,2242,2242,2242,2242,2242,2242,2242,2242,2242,2242,2242,2242,2242,2242,2242,2242,2242,2242,2242,2242,2242,2242,2242,2242,2242,2242,2242,2242,2242,2242,2242,2242,2242,2242,2242,2242,2242,2242,2242,2242,2242,2242,2242,2242,2242,2242,
size:104
[agent] id:25
path:2533,2640,2747,2746,2745,2744,2743,2742,2741,2740,2739,2738,2737,2736,2735,2734,2733,2732,2731,2730,2729,2728,2727,2726,2725,2724,2723,2722,2721,2720,2719,2718,2717,2716,2715,2714,2713,2713,2713,2713,2713,2713,2713,2713,2713,2713,2713,2713,2713,2713,2713,2713,2713,2713,2713,2713,2713,2713,2713,2713,2713,2713,2713,2713,2713,2713,2713,2713,2713,2713,2713,2713,2713,2713,2713,2713,2713,2713,2713,2713,2713,2713,2713,2713,2713,2713,2713,2713,2713,2713,2713,2713,2713,2713,2713,2713,2713,2713,2713,2713,2713,2713,2713,2713,2713,
goal:2713,2713,2713,2713,2713,2713,2713,2713,2713,2713,2713,2713,2713,2713,2713,2713,2713,2713,2713,2713,2713,2713,2713,2713,2713,2713,2713,2713,2713,2713,2713,2713,2713,2713,2713,2713,2713,2713,2713,2713,2713,2713,2713,2713,2713,2713,2713,2713,2713,2713,2713,2713,2713,2713,2713,2713,2713,2713,2713,2713,2713,2713,2713,2713,2713,2713,2713,2713,2713,2713,2713,2713,2713,2713,2713,2713,2713,2713,2713,2713,2713,2713,2713,2713,2713,2713,2713,2713,2713,2713,2713,2713,2713,2713,2713,2713,2713,2713,2713,2713,2713,2713,2713,2713,2713,
size:36
[agent] id:26
path:2772,2665,2664,2663,2662,2661,2660,2659,2658,2657,2656,2655,2654,2653,2652,2651,2650,2649,2648,2647,2646,2645,2644,2643,2642,2641,2640,2639,2638,2637,2636,2635,2634,2633,2632,2631,2630,2629,2628,2627,2626,2625,2624,2623,2622,2621,2620,2619,2618,2617,2616,2615,2614,2614,2614,2614,2614,2614,2614,2614,2614,2614,2614,2614,2614,2614,2614,2614,2614,2614,2614,2614,2614,2614,2614,2614,2614,2614,2614,2614,2614,2614,2614,2614,2614,2614,2614,2614,2614,2614,2614,2614,2614,2614,2614,2614,2614,2614,2614,2614,2614,2614,2614,2614,2614,
goal:2614,2614,2614,2614,2614,2614,2614,2614,2614,2614,2614,2614,2614,2614,2614,2614,2614,2614,2614,2614,2614,2614,2614,2614,2614,2614,2614,2614,2614,2614,2614,2614,2614,2614,2614,2614,2614,2614,2614,2614,2614,2614,2614,2614,2614,2614,2614,2614,2614,2614,2614,2614,2614,2614,2614,2614,2614,2614,2614,2614,2614,2614,2614,2614,2614,2614,2614,2614,2614,2614,2614,2614,2614,2614,2614,2614,2614,2614,2614,2614,2614,2614,2614,2614,2614,2614,2614,2614,2614,2614,2614,2614,2614,2614,2614,2614,2614,2614,2614,2614,2614,2614,2614,2614,2614,
size:52
[agent] id:27
path:2411,2410,2409,2408,2407,2406,2405,2404,2511,2510,2509,2508,2507,2506,2505,2504,2503,2502,2501,2500,2499,2498,2497,2496,2495,2495,2495,2495,2495,2495,2495,2495,2495,2495,2495,2495,2495,2495,2495,2495,2495,2495,2495,2495,2495,2495,2495,2495,2495,2495,2495,2495,2495,2495,2495,2495,2495,2495,2495,2495,2495,2495,2495,2495,2495,2495,2495,2495,2495,2495,2495,2495,2495,2495,2495,2495,2495,2495,2495,2495,2495,2495,2495,2495,2495,2495,2495,2495,2495,2495,2495,2495,2495,2495,2495,2495,2495,2495,2495,2495,2495,2495,2495,2495,2495,
goal:2495,2495,2495,2495,2495,2495,2495,2495,2495,2495,2495,2495,2495,2495,2495,2495,2495,2495,2495,2495,2495,2495,2495,2495,2495,2495,2495,2495,2495,2495,2495,2495,2495,2495,2495,2495,2495,2495,2495,2495,2495,2495,2495,2495,2495,2495,2495,2495,2495,2495,2495,2495,2495,2495,2495,2495,2495,2495,2495,2495,2495,2495,2495,2495,2495,2495,2495,2495,2495,2495,2495,2495,2495,2495,2495,2495,2495,2495,2495,2495,2495,2495,2495,2495,2495,2495,2495,2495,2495,2495,2495,2495,2495,2495,2495,2495,2495,2495,2495,2495,2495,2495,2495,2495,2495,
size:24
[agent] id:28
path:2843,2736,2629,2522,2415,2308,2201,2202,2203,2204,2205,2206,2207,2208,2209,2210,2211,2212,2213,2214,2215,2215,2215,2215,2215,2215,2215,2215,2215,2215,2215,2215,2215,2215,2215,2215,2215,2215,2215,2215,2215,2215,2215,2215,2215,2215,2215,2215,2215,2215,2215,2215,2215,2215,2215,2215,2215,2215,2215,2215,2215,2215,2215,2215,2215,2215,2215,2215,2215,2215,2215,2215,2215,2215,2215,2215,2215,2215,2215,2215,2215,2215,2215,2215,2215,2215,2215,2215,2215,2215,2215,2215,2215,2215,2215,2215,2215,2215,2215,2215,2215,2215,2215,2215,2215,
goal:2215,2215,2215,2215,2215,2215,2215,2215,2215,2215,2215,2215,2215,2215,2215,2215,2215,2215,2215,2215,2215,2215,2215,2215,2215,2215,2215,2215,2215,2215,2215,2215,2215,2215,2215,2215,2215,2215,2215,2215,2215,2215,2215,2215,2215,2215,2215,2215,2215,2215,2215,2215,2215,2215,2215,2215,2215,2215,2215,2215,2215,2215,2215,2215,2215,2215,2215,2215,2215,2215,2215,2215,2215,2215,2215,2215,2215,2215,2215,2215,2215,2215,2215,2215,2215,2215,2215,2215,2215,2215,2215,2215,2215,2215,2215,2215,2215,2215,2215,2215,2215,2215,2215,2215,2215,
size:20
[agent] id:29
path:3039,2932,2825,2826,2827,2828,2829,2830,2831,2832,2833,2834,2835,2836,2837,2838,2839,2840,2841,2842,2843,2844,2845,2846,2847,2848,2849,2742,2743,2744,2745,2746,2747,2748,2749,2750,2751,2752,2753,2754,2755,2756,2757,2758,2759,2760,2761,2762,2763,2764,2765,2766,2767,2660,2661,2662,2663,2664,2665,2772,2773,2774,2775,2775,2775,2775,2775,2775,2775,2775,2775,2775,2775,2775,2775,2775,2775,2775,2775,2775,2775,2775,2775,2775,2775,2775,2775,2775,2775,2775,2775,2775,2775,2775,2775,2775,2775,2775,2775,2775,2775,2775,2775,2775,2775,
goal:2775,2775,2775,2775,2775,2775,2775,2775,2775,2775,2775,2775,2775,2775,2775,2775,2775,2775,2775,2775,2775,2775,2775,2775,2775,2775,2775,2775,2775,2775,2775,2775,2775,2775,2775,2775,2775,2775,2775,2775,2775,2775,2775,2775,2775,2775,2775,2775,2775,2775,2775,2775,2775,2775,2775,2775,2775,2775,2775,2775,2775,2775,2775,2775,2775,2775,2775,2775,2775,2775,2775,2775,2775,2775,2775,2775,2775,2775,2775,2775,2775,2775,2775,2775,2775,2775,2775,2775,2775,2775,2775,2775,2775,2775,2775,2775,2775,2775,2775,2775,2775,2775,2775,2775,2775,
size:62
SolutionCost:1224
