[setting] seed:42
[solver] type:ECBS
[solver] w:3.000000
[solver] ID:0
[solver] Lowlevelnode:338
[solver] solved:1
[solver] elapsed:2
[solver] makespan:53
[problem] timesteplimit:10000
[problem] type:MAPF
[problem] agentnum:10
[graph] width:107
[graph] height:47
[graph] filename:./map/orz601d.map
[task] id:4,start:0,end:0,service time:0,nodes:2300,
[task] id:1,start:0,end:0,service time:0,nodes:3016,
[task] id:2,start:0,end:0,service time:0,nodes:2432,
[task] id:7,start:0,end:0,service time:0,nodes:1985,
[task] id:3,start:0,end:0,service time:0,nodes:2478,
[task] id:8,start:0,end:0,service time:0,nodes:1901,
[task] id:6,start:0,end:0,service time:0,nodes:2937,
[task] id:9,start:0,end:0,service time:0,nodes:1314,
[task] id:5,start:0,end:0,service time:0,nodes:2222,
[task] id:0,start:0,end:0,service time:0,nodes:3159,
[agent] id:0
path:1916,2023,2130,2237,2344,2451,2558,2665,2664,2663,2662,2661,2660,2767,2874,2981,3088,3087,3086,3085,3084,3083,3082,3081,3080,3079,3078,3077,3076,3075,3074,3073,3072,3071,3070,3069,3068,3067,3066,3065,3064,3063,3062,3061,3060,3059,3058,3057,3056,3163,3162,3161,3160,3159,
goal:3159,3159,3159,3159,3159,3159,3159,3159,3159,3159,3159,3159,3159,3159,3159,3159,3159,3159,3159,3159,3159,3159,3159,3159,3159,3159,3159,3159,3159,3159,3159,3159,3159,3159,3159,3159,3159,3159,3159,3159,3159,3159,3159,3159,3159,3159,3159,3159,3159,3159,3159,3159,3159,3159,
size:53
[agent] id:1
path:3342,3235,3128,3021,3020,3019,3018,3017,3016,3016,3016,3016,3016,3016,3016,3016,3016,3016,3016,3016,3016,3016,3016,3016,3016,3016,3016,3016,3016,3016,3016,3016,3016,3016,3016,3016,3016,3016,3016,3016,3016,3016,3016,3016,3016,3016,3016,3016,3016,3016,3016,3016,3016,3016,
goal:3016,3016,3016,3016,3016,3016,3016,3016,3016,3016,3016,3016,3016,3016,3016,3016,3016,3016,3016,3016,3016,3016,3016,3016,3016,3016,3016,3016,3016,3016,3016,3016,3016,3016,3016,3016,3016,3016,3016,3016,3016,3016,3016,3016,3016,3016,3016,3016,3016,3016,3016,3016,3016,3016,
size:8
[agent] id:2
path:2524,2417,2418,2419,2420,2421,2422,2423,2424,2425,2426,2427,2428,2429,2430,2431,2432,2432,2432,2432,2432,2432,2432,2432,2432,2432,2432,2432,2432,2432,2432,2432,2432,2432,2432,2432,2432,2432,2432,2432,2432,2432,2432,2432,2432,2432,2432,2432,2432,2432,2432,2432,2432,2432,
goal:2432,2432,2432,2432,2432,2432,2432,2432,2432,2432,2432,2432,2432,2432,2432,2432,2432,2432,2432,2432,2432,2432,2432,2432,2432,2432,2432,2432,2432,2432,2432,2432,2432,2432,2432,2432,2432,2432,2432,2432,2432,2432,2432,2432,2432,2432,2432,2432,2432,2432,2432,2432,2432,2432,
size:16
[agent] id:3
path:2173,2280,2387,2494,2493,2492,2491,2490,2489,2488,2487,2486,2485,2484,2483,2482,2481,2480,2479,2478,2478,2478,2478,2478,2478,2478,2478,2478,2478,2478,2478,2478,2478,2478,2478,2478,2478,2478,2478,2478,2478,2478,2478,2478,2478,2478,2478,2478,2478,2478,2478,2478,2478,2478,
goal:2478,2478,2478,2478,2478,2478,2478,2478,2478,2478,2478,2478,2478,2478,2478,2478,2478,2478,2478,2478,2478,2478,2478,2478,2478,2478,2478,2478,2478,2478,2478,2478,2478,2478,2478,2478,2478,2478,2478,2478,2478,2478,2478,2478,2478,2478,2478,2478,2478,2478,2478,2478,2478,2478,
size:19
[agent] id:4
path:2304,2303,2302,2301,2300,2300,2300,2300,2300,2300,2300,2300,2300,2300,2300,2300,2300,2300,2300,2300,2300,2300,2300,2300,2300,2300,2300,2300,2300,2300,2300,2300,2300,2300,2300,2300,2300,2300,2300,2300,2300,2300,2300,2300,2300,2300,2300,2300,2300,2300,2300,2300,2300,2300,
goal:2300,2300,2300,2300,2300,2300,2300,2300,2300,2300,2300,2300,2300,2300,2300,2300,2300,2300,2300,2300,2300,2300,2300,2300,2300,2300,2300,2300,2300,2300,2300,2300,2300,2300,2300,2300,2300,2300,2300,2300,2300,2300,2300,2300,2300,2300,2300,2300,2300,2300,2300,2300,2300,2300,
size:4
[agent] id:5
path:2603,2496,2389,2282,2175,2176,2177,2178,2179,2180,2181,2182,2183,2184,2185,2186,2187,2188,2189,2190,2191,2192,2193,2194,2195,2196,2197,2198,2199,2200,2201,2202,2203,2204,2205,2206,2207,2208,2209,2210,2211,2212,2213,2214,2215,2216,2217,2218,2219,2220,2221,2222,2222,2222,
goal:2222,2222,2222,2222,2222,2222,2222,2222,2222,2222,2222,2222,2222,2222,2222,2222,2222,2222,2222,2222,2222,2222,2222,2222,2222,2222,2222,2222,2222,2222,2222,2222,2222,2222,2222,2222,2222,2222,2222,2222,2222,2222,2222,2222,2222,2222,2222,2222,2222,2222,2222,2222,2222,2222,
size:51
[agent] id:6
path:4135,4028,3921,3814,3707,3600,3601,3494,3387,3280,3173,3066,2959,2958,2957,2956,2955,2954,2953,2952,2951,2950,2949,2948,2947,2946,2945,2944,2943,2942,2941,2940,2939,2938,2937,2937,2937,2937,2937,2937,2937,2937,2937,2937,2937,2937,2937,2937,2937,2937,2937,2937,2937,2937,
goal:2937,2937,2937,2937,2937,2937,2937,2937,2937,2937,2937,2937,2937,2937,2937,2937,2937,2937,2937,2937,2937,2937,2937,2937,2937,2937,2937,2937,2937,2937,2937,2937,2937,2937,2937,2937,2937,2937,2937,2937,2937,2937,2937,2937,2937,2937,2937,2937,2937,2937,2937,2937,2937,2937,
size:34
[agent] id:7
path:2292,2185,2078,2079,2080,2081,2082,2083,1976,1977,1978,1979,1980,1981,1982,1983,1984,1985,1985,1985,1985,1985,1985,1985,1985,1985,1985,1985,1985,1985,1985,1985,1985,1985,1985,1985,1985,1985,1985,1985,1985,1985,1985,1985,1985,1985,1985,1985,1985,1985,1985,1985,1985,1985,
goal:1985,1985,1985,1985,1985,1985,1985,1985,1985,1985,1985,1985,1985,1985,1985,1985,1985,1985,1985,1985,1985,1985,1985,1985,1985,1985,1985,1985,1985,1985,1985,1985,1985,1985,1985,1985,1985,1985,1985,1985,1985,1985,1985,1985,1985,1985,1985,1985,1985,1985,1985,1985,1985,1985,
size:17
[agent] id:8
path:3596,3597,3598,3599,3600,3601,3494,3387,3280,3173,3066,2959,2852,2745,2638,2531,2424,2317,2210,2103,1996,1997,1998,1999,2000,2001,2002,2003,2004,2005,2006,2007,1900,1901,1901,1901,1901,1901,1901,1901,1901,1901,1901,1901,1901,1901,1901,1901,1901,1901,1901,1901,1901,1901,
goal:1901,1901,1901,1901,1901,1901,1901,1901,1901,1901,1901,1901,1901,1901,1901,1901,1901,1901,1901,1901,1901,1901,1901,1901,1901,1901,1901,1901,1901,1901,1901,1901,1901,1901,1901,1901,1901,1901,1901,1901,1901,1901,1901,1901,1901,1901,1901,1901,1901,1901,1901,1901,1901,1901,
size:33
[agent] id:9
path:1983,1982,1981,1980,1979,1978,1977,1976,1975,1974,1973,1972,1971,1970,1969,1968,1967,1966,1965,1964,1963,1962,1961,1960,1959,1958,1957,1956,1955,1954,1847,1846,1845,1844,1843,1842,1735,1628,1521,1414,1307,1308,1309,1310,1311,1312,1313,1314,1314,1314,1314,1314,1314,1314,
goal:1314,1314,1314,1314,1314,1314,1314,1314,1314,1314,1314,1314,1314,1314,1314,1314,1314,1314,1314,1314,1314,1314,1314,1314,1314,1314,1314,1314,1314,1314,1314,1314,1314,1314,1314,1314,1314,1314,1314,1314,1314,1314,1314,1314,1314,1314,1314,1314,1314,1314,1314,1314,1314,1314,
size:47
SolutionCost:282
