[setting] seed:31
[solver] type:ECBS
[solver] w:3.000000
[solver] ID:0
[solver] Lowlevelnode:45989
[solver] solved:1
[solver] elapsed:688
[solver] makespan:89
[problem] timesteplimit:10000
[problem] type:MAPF
[problem] agentnum:30
[graph] width:107
[graph] height:47
[graph] filename:./map/orz601d.map
[task] id:5,start:0,end:0,service time:0,nodes:2004,
[task] id:13,start:0,end:0,service time:0,nodes:2708,
[task] id:16,start:0,end:0,service time:0,nodes:2278,
[task] id:26,start:0,end:0,service time:0,nodes:2194,
[task] id:10,start:0,end:0,service time:0,nodes:3178,
[task] id:19,start:0,end:0,service time:0,nodes:1948,
[task] id:7,start:0,end:0,service time:0,nodes:2116,
[task] id:8,start:0,end:0,service time:0,nodes:2420,
[task] id:29,start:0,end:0,service time:0,nodes:2814,
[task] id:27,start:0,end:0,service time:0,nodes:4519,
[task] id:18,start:0,end:0,service time:0,nodes:3602,
[task] id:2,start:0,end:0,service time:0,nodes:3280,
[task] id:15,start:0,end:0,service time:0,nodes:899,
[task] id:22,start:0,end:0,service time:0,nodes:2516,
[task] id:1,start:0,end:0,service time:0,nodes:2055,
[task] id:11,start:0,end:0,service time:0,nodes:1412,
[task] id:17,start:0,end:0,service time:0,nodes:3037,
[task] id:12,start:0,end:0,service time:0,nodes:1010,
[task] id:0,start:0,end:0,service time:0,nodes:1759,
[task] id:28,start:0,end:0,service time:0,nodes:2658,
[task] id:4,start:0,end:0,service time:0,nodes:989,
[task] id:9,start:0,end:0,service time:0,nodes:2951,
[task] id:21,start:0,end:0,service time:0,nodes:2858,
[task] id:25,start:0,end:0,service time:0,nodes:2269,
[task] id:3,start:0,end:0,service time:0,nodes:609,
[task] id:14,start:0,end:0,service time:0,nodes:4198,
[task] id:20,start:0,end:0,service time:0,nodes:1352,
[task] id:24,start:0,end:0,service time:0,nodes:498,
[task] id:6,start:0,end:0,service time:0,nodes:2232,
[task] id:23,start:0,end:0,service time:0,nodes:2659,
[agent] id:0
path:2901,2794,2687,2580,2473,2366,2367,2368,2369,2370,2371,2264,2157,2158,2159,2160,2161,2162,2163,2164,2165,2166,2167,2168,2169,2170,2171,2172,2065,2066,2067,2068,2069,2070,1963,1964,1965,1966,1967,1860,1861,1862,1863,1864,1865,1758,1759,1759,1759,1759,1759,1759,1759,1759,1759,1759,1759,1759,1759,1759,1759,1759,1759,1759,1759,1759,1759,1759,1759,1759,1759,1759,1759,1759,1759,1759,1759,1759,1759,1759,1759,1759,1759,1759,1759,1759,1759,1759,1759,1759,
goal:1759,1759,1759,1759,1759,1759,1759,1759,1759,1759,1759,1759,1759,1759,1759,1759,1759,1759,1759,1759,1759,1759,1759,1759,1759,1759,1759,1759,1759,1759,1759,1759,1759,1759,1759,1759,1759,1759,1759,1759,1759,1759,1759,1759,1759,1759,1759,1759,1759,1759,1759,1759,1759,1759,1759,1759,1759,1759,1759,1759,1759,1759,1759,1759,1759,1759,1759,1759,1759,1759,1759,1759,1759,1759,1759,1759,1759,1759,1759,1759,1759,1759,1759,1759,1759,1759,1759,1759,1759,1759,
size:46
[agent] id:1
path:2938,2831,2724,2617,2510,2403,2296,2189,2082,2081,2080,2079,2078,2077,2076,2075,2074,2073,2072,2071,2070,2069,2068,2067,2066,2065,2064,2063,2062,2061,2060,2059,2058,2057,2056,2055,2055,2055,2055,2055,2055,2055,2055,2055,2055,2055,2055,2055,2055,2055,2055,2055,2055,2055,2055,2055,2055,2055,2055,2055,2055,2055,2055,2055,2055,2055,2055,2055,2055,2055,2055,2055,2055,2055,2055,2055,2055,2055,2055,2055,2055,2055,2055,2055,2055,2055,2055,2055,2055,2055,
goal:2055,2055,2055,2055,2055,2055,2055,2055,2055,2055,2055,2055,2055,2055,2055,2055,2055,2055,2055,2055,2055,2055,2055,2055,2055,2055,2055,2055,2055,2055,2055,2055,2055,2055,2055,2055,2055,2055,2055,2055,2055,2055,2055,2055,2055,2055,2055,2055,2055,2055,2055,2055,2055,2055,2055,2055,2055,2055,2055,2055,2055,2055,2055,2055,2055,2055,2055,2055,2055,2055,2055,2055,2055,2055,2055,2055,2055,2055,2055,2055,2055,2055,2055,2055,2055,2055,2055,2055,2055,2055,
size:35
[agent] id:2
path:2511,2618,2725,2832,2939,3046,3047,3048,3049,3050,3051,3052,3053,3054,3055,3056,3057,3058,3059,3060,3061,3062,3169,3170,3171,3172,3173,3280,3280,3280,3280,3280,3280,3280,3280,3280,3280,3280,3280,3280,3280,3280,3280,3280,3280,3280,3280,3280,3280,3280,3280,3280,3280,3280,3280,3280,3280,3280,3280,3280,3280,3280,3280,3280,3280,3280,3280,3280,3280,3280,3280,3280,3280,3280,3280,3280,3280,3280,3280,3280,3280,3280,3280,3280,3280,3280,3280,3280,3280,3280,
goal:3280,3280,3280,3280,3280,3280,3280,3280,3280,3280,3280,3280,3280,3280,3280,3280,3280,3280,3280,3280,3280,3280,3280,3280,3280,3280,3280,3280,3280,3280,3280,3280,3280,3280,3280,3280,3280,3280,3280,3280,3280,3280,3280,3280,3280,3280,3280,3280,3280,3280,3280,3280,3280,3280,3280,3280,3280,3280,3280,3280,3280,3280,3280,3280,3280,3280,3280,3280,3280,3280,3280,3280,3280,3280,3280,3280,3280,3280,3280,3280,3280,3280,3280,3280,3280,3280,3280,3280,3280,3280,
size:27
[agent] id:3
path:3129,3022,2915,2808,2701,2594,2487,2380,2273,2166,2167,2168,2169,2170,2171,2172,2173,2174,2175,2176,2177,2178,2071,2072,2073,2074,2075,2076,1969,1970,1971,1972,1973,1974,1975,1976,1977,1978,1979,1980,1981,1982,1983,1984,1985,1986,1987,1988,1989,1990,1991,1884,1885,1886,1887,1888,1889,1782,1675,1568,1461,1354,1247,1140,1033,926,819,712,605,606,607,608,609,609,609,609,609,609,609,609,609,609,609,609,609,609,609,609,609,609,
goal:609,609,609,609,609,609,609,609,609,609,609,609,609,609,609,609,609,609,609,609,609,609,609,609,609,609,609,609,609,609,609,609,609,609,609,609,609,609,609,609,609,609,609,609,609,609,609,609,609,609,609,609,609,609,609,609,609,609,609,609,609,609,609,609,609,609,609,609,609,609,609,609,609,609,609,609,609,609,609,609,609,609,609,609,609,609,609,609,609,609,
size:72
[agent] id:4
path:3160,3053,2946,2839,2732,2625,2518,2411,2304,2197,2090,1983,1982,1981,1980,1979,1978,1977,1976,1975,1974,1973,1972,1971,1970,1969,1968,1967,1966,1965,1964,1963,1962,1961,1960,1959,1958,1957,1956,1955,1954,1847,1846,1845,1844,1843,1842,1735,1628,1521,1414,1307,1200,1093,986,987,988,989,989,989,989,989,989,989,989,989,989,989,989,989,989,989,989,989,989,989,989,989,989,989,989,989,989,989,989,989,989,989,989,989,
goal:989,989,989,989,989,989,989,989,989,989,989,989,989,989,989,989,989,989,989,989,989,989,989,989,989,989,989,989,989,989,989,989,989,989,989,989,989,989,989,989,989,989,989,989,989,989,989,989,989,989,989,989,989,989,989,989,989,989,989,989,989,989,989,989,989,989,989,989,989,989,989,989,989,989,989,989,989,989,989,989,989,989,989,989,989,989,989,989,989,989,
size:57
[agent] id:5
path:2322,2215,2216,2109,2002,2003,2004,2004,2004,2004,2004,2004,2004,2004,2004,2004,2004,2004,2004,2004,2004,2004,2004,2004,2004,2004,2004,2004,2004,2004,2004,2004,2004,2004,2004,2004,2004,2004,2004,2004,2004,2004,2004,2004,2004,2004,2004,2004,2004,2004,2004,2004,2004,2004,2004,2004,2004,2004,2004,2004,2004,2004,2004,2004,2004,2004,2004,2004,2004,2004,2004,2004,2004,2004,2004,2004,2004,2004,2004,2004,2004,2004,2004,2004,2004,2004,2004,2004,2004,2004,
goal:2004,2004,2004,2004,2004,2004,2004,2004,2004,2004,2004,2004,2004,2004,2004,2004,2004,2004,2004,2004,2004,2004,2004,2004,2004,2004,2004,2004,2004,2004,2004,2004,2004,2004,2004,2004,2004,2004,2004,2004,2004,2004,2004,2004,2004,2004,2004,2004,2004,2004,2004,2004,2004,2004,2004,2004,2004,2004,2004,2004,2004,2004,2004,2004,2004,2004,2004,2004,2004,2004,2004,2004,2004,2004,2004,2004,2004,2004,2004,2004,2004,2004,2004,2004,2004,2004,2004,2004,2004,2004,
size:6
[agent] id:6
path:2254,2361,2362,2363,2364,2365,2366,2367,2368,2369,2370,2371,2372,2373,2374,2375,2376,2377,2378,2379,2380,2381,2382,2383,2384,2385,2386,2387,2388,2389,2390,2391,2392,2393,2394,2395,2396,2397,2398,2399,2400,2401,2402,2403,2296,2297,2298,2299,2300,2301,2302,2195,2196,2197,2198,2199,2200,2201,2202,2203,2204,2205,2206,2207,2208,2209,2210,2211,2212,2213,2214,2215,2216,2217,2218,2219,2220,2221,2222,2223,2224,2225,2226,2227,2228,2229,2230,2231,2232,2232,
goal:2232,2232,2232,2232,2232,2232,2232,2232,2232,2232,2232,2232,2232,2232,2232,2232,2232,2232,2232,2232,2232,2232,2232,2232,2232,2232,2232,2232,2232,2232,2232,2232,2232,2232,2232,2232,2232,2232,2232,2232,2232,2232,2232,2232,2232,2232,2232,2232,2232,2232,2232,2232,2232,2232,2232,2232,2232,2232,2232,2232,2232,2232,2232,2232,2232,2232,2232,2232,2232,2232,2232,2232,2232,2232,2232,2232,2232,2232,2232,2232,2232,2232,2232,2232,2232,2232,2232,2232,2232,2232,
size:88
[agent] id:7
path:2209,2102,2103,2104,2105,2106,2107,2108,2109,2110,2111,2112,2113,2114,2115,2116,2116,2116,2116,2116,2116,2116,2116,2116,2116,2116,2116,2116,2116,2116,2116,2116,2116,2116,2116,2116,2116,2116,2116,2116,2116,2116,2116,2116,2116,2116,2116,2116,2116,2116,2116,2116,2116,2116,2116,2116,2116,2116,2116,2116,2116,2116,2116,2116,2116,2116,2116,2116,2116,2116,2116,2116,2116,2116,2116,2116,2116,2116,2116,2116,2116,2116,2116,2116,2116,2116,2116,2116,2116,2116,
goal:2116,2116,2116,2116,2116,2116,2116,2116,2116,2116,2116,2116,2116,2116,2116,2116,2116,2116,2116,2116,2116,2116,2116,2116,2116,2116,2116,2116,2116,2116,2116,2116,2116,2116,2116,2116,2116,2116,2116,2116,2116,2116,2116,2116,2116,2116,2116,2116,2116,2116,2116,2116,2116,2116,2116,2116,2116,2116,2116,2116,2116,2116,2116,2116,2116,2116,2116,2116,2116,2116,2116,2116,2116,2116,2116,2116,2116,2116,2116,2116,2116,2116,2116,2116,2116,2116,2116,2116,2116,2116,
size:15
[agent] id:8
path:2437,2436,2435,2434,2433,2432,2431,2430,2429,2428,2427,2426,2425,2424,2423,2422,2421,2420,2420,2420,2420,2420,2420,2420,2420,2420,2420,2420,2420,2420,2420,2420,2420,2420,2420,2420,2420,2420,2420,2420,2420,2420,2420,2420,2420,2420,2420,2420,2420,2420,2420,2420,2420,2420,2420,2420,2420,2420,2420,2420,2420,2420,2420,2420,2420,2420,2420,2420,2420,2420,2420,2420,2420,2420,2420,2420,2420,2420,2420,2420,2420,2420,2420,2420,2420,2420,2420,2420,2420,2420,
goal:2420,2420,2420,2420,2420,2420,2420,2420,2420,2420,2420,2420,2420,2420,2420,2420,2420,2420,2420,2420,2420,2420,2420,2420,2420,2420,2420,2420,2420,2420,2420,2420,2420,2420,2420,2420,2420,2420,2420,2420,2420,2420,2420,2420,2420,2420,2420,2420,2420,2420,2420,2420,2420,2420,2420,2420,2420,2420,2420,2420,2420,2420,2420,2420,2420,2420,2420,2420,2420,2420,2420,2420,2420,2420,2420,2420,2420,2420,2420,2420,2420,2420,2420,2420,2420,2420,2420,2420,2420,2420,
size:17
[agent] id:9
path:991,1098,1205,1312,1419,1418,1417,1416,1415,1414,1521,1628,1735,1842,1949,2056,2163,2270,2377,2484,2591,2698,2805,2912,2913,2914,2915,2916,2917,2918,2919,2920,2921,2922,2923,2924,2925,2926,2927,2928,2929,2930,2931,2932,2933,2934,2935,2936,2937,2938,2939,2940,2941,2942,2943,2944,2945,2946,2947,2948,2949,2950,2951,2951,2951,2951,2951,2951,2951,2951,2951,2951,2951,2951,2951,2951,2951,2951,2951,2951,2951,2951,2951,2951,2951,2951,2951,2951,2951,2951,
goal:2951,2951,2951,2951,2951,2951,2951,2951,2951,2951,2951,2951,2951,2951,2951,2951,2951,2951,2951,2951,2951,2951,2951,2951,2951,2951,2951,2951,2951,2951,2951,2951,2951,2951,2951,2951,2951,2951,2951,2951,2951,2951,2951,2951,2951,2951,2951,2951,2951,2951,2951,2951,2951,2951,2951,2951,2951,2951,2951,2951,2951,2951,2951,2951,2951,2951,2951,2951,2951,2951,2951,2951,2951,2951,2951,2951,2951,2951,2951,2951,2951,2951,2951,2951,2951,2951,2951,2951,2951,2951,
size:62
[agent] id:10
path:2001,2108,2215,2322,2429,2536,2643,2750,2857,2964,3071,3178,3178,3178,3178,3178,3178,3178,3178,3178,3178,3178,3178,3178,3178,3178,3178,3178,3178,3178,3178,3178,3178,3178,3178,3178,3178,3178,3178,3178,3178,3178,3178,3178,3178,3178,3178,3178,3178,3178,3178,3178,3178,3178,3178,3178,3178,3178,3178,3178,3178,3178,3178,3178,3178,3178,3178,3178,3178,3178,3178,3178,3178,3178,3178,3178,3178,3178,3178,3178,3178,3178,3178,3178,3178,3178,3178,3178,3178,3178,
goal:3178,3178,3178,3178,3178,3178,3178,3178,3178,3178,3178,3178,3178,3178,3178,3178,3178,3178,3178,3178,3178,3178,3178,3178,3178,3178,3178,3178,3178,3178,3178,3178,3178,3178,3178,3178,3178,3178,3178,3178,3178,3178,3178,3178,3178,3178,3178,3178,3178,3178,3178,3178,3178,3178,3178,3178,3178,3178,3178,3178,3178,3178,3178,3178,3178,3178,3178,3178,3178,3178,3178,3178,3178,3178,3178,3178,3178,3178,3178,3178,3178,3178,3178,3178,3178,3178,3178,3178,3178,3178,
size:11
[agent] id:11
path:1979,1978,1977,1976,1975,1974,1973,1972,1971,1970,1969,1968,1967,1966,1965,1964,1963,1962,1961,1960,1959,1958,1957,1956,1955,1954,1847,1846,1845,1844,1843,1842,1735,1628,1521,1414,1413,1412,1412,1412,1412,1412,1412,1412,1412,1412,1412,1412,1412,1412,1412,1412,1412,1412,1412,1412,1412,1412,1412,1412,1412,1412,1412,1412,1412,1412,1412,1412,1412,1412,1412,1412,1412,1412,1412,1412,1412,1412,1412,1412,1412,1412,1412,1412,1412,1412,1412,1412,1412,1412,
goal:1412,1412,1412,1412,1412,1412,1412,1412,1412,1412,1412,1412,1412,1412,1412,1412,1412,1412,1412,1412,1412,1412,1412,1412,1412,1412,1412,1412,1412,1412,1412,1412,1412,1412,1412,1412,1412,1412,1412,1412,1412,1412,1412,1412,1412,1412,1412,1412,1412,1412,1412,1412,1412,1412,1412,1412,1412,1412,1412,1412,1412,1412,1412,1412,1412,1412,1412,1412,1412,1412,1412,1412,1412,1412,1412,1412,1412,1412,1412,1412,1412,1412,1412,1412,1412,1412,1412,1412,1412,1412,
size:37
[agent] id:12
path:1457,1458,1459,1460,1461,1568,1675,1782,1889,1888,1887,1886,1885,1884,1991,1990,1989,1988,1987,1986,1985,1984,1983,1982,1981,1980,1979,1978,1871,1870,1869,1868,1867,1866,1759,1652,1545,1438,1331,1224,1117,1010,1010,1010,1010,1010,1010,1010,1010,1010,1010,1010,1010,1010,1010,1010,1010,1010,1010,1010,1010,1010,1010,1010,1010,1010,1010,1010,1010,1010,1010,1010,1010,1010,1010,1010,1010,1010,1010,1010,1010,1010,1010,1010,1010,1010,1010,1010,1010,1010,
goal:1010,1010,1010,1010,1010,1010,1010,1010,1010,1010,1010,1010,1010,1010,1010,1010,1010,1010,1010,1010,1010,1010,1010,1010,1010,1010,1010,1010,1010,1010,1010,1010,1010,1010,1010,1010,1010,1010,1010,1010,1010,1010,1010,1010,1010,1010,1010,1010,1010,1010,1010,1010,1010,1010,1010,1010,1010,1010,1010,1010,1010,1010,1010,1010,1010,1010,1010,1010,1010,1010,1010,1010,1010,1010,1010,1010,1010,1010,1010,1010,1010,1010,1010,1010,1010,1010,1010,1010,1010,1010,
size:41
[agent] id:13
path:2928,2821,2714,2713,2712,2711,2710,2709,2708,2708,2708,2708,2708,2708,2708,2708,2708,2708,2708,2708,2708,2708,2708,2708,2708,2708,2708,2708,2708,2708,2708,2708,2708,2708,2708,2708,2708,2708,2708,2708,2708,2708,2708,2708,2708,2708,2708,2708,2708,2708,2708,2708,2708,2708,2708,2708,2708,2708,2708,2708,2708,2708,2708,2708,2708,2708,2708,2708,2708,2708,2708,2708,2708,2708,2708,2708,2708,2708,2708,2708,2708,2708,2708,2708,2708,2708,2708,2708,2708,2708,
goal:2708,2708,2708,2708,2708,2708,2708,2708,2708,2708,2708,2708,2708,2708,2708,2708,2708,2708,2708,2708,2708,2708,2708,2708,2708,2708,2708,2708,2708,2708,2708,2708,2708,2708,2708,2708,2708,2708,2708,2708,2708,2708,2708,2708,2708,2708,2708,2708,2708,2708,2708,2708,2708,2708,2708,2708,2708,2708,2708,2708,2708,2708,2708,2708,2708,2708,2708,2708,2708,2708,2708,2708,2708,2708,2708,2708,2708,2708,2708,2708,2708,2708,2708,2708,2708,2708,2708,2708,2708,2708,
size:8
[agent] id:14
path:4130,4023,3916,3809,3702,3703,3596,3597,3598,3599,3600,3601,3494,3387,3280,3281,3174,3067,3066,3065,3064,3063,3062,3061,3060,3059,3058,3057,3056,3055,3054,3053,3052,3051,3050,3049,3048,3047,3046,3045,3044,3043,3042,3041,3040,3039,3038,2931,2930,2929,3036,3035,3034,3033,3032,3031,3030,3029,3028,3027,3026,3025,3024,3131,3238,3345,3344,3343,3342,3341,3340,3447,3554,3661,3768,3875,3982,4089,4196,4197,4198,4198,4198,4198,4198,4198,4198,4198,4198,4198,
goal:4198,4198,4198,4198,4198,4198,4198,4198,4198,4198,4198,4198,4198,4198,4198,4198,4198,4198,4198,4198,4198,4198,4198,4198,4198,4198,4198,4198,4198,4198,4198,4198,4198,4198,4198,4198,4198,4198,4198,4198,4198,4198,4198,4198,4198,4198,4198,4198,4198,4198,4198,4198,4198,4198,4198,4198,4198,4198,4198,4198,4198,4198,4198,4198,4198,4198,4198,4198,4198,4198,4198,4198,4198,4198,4198,4198,4198,4198,4198,4198,4198,4198,4198,4198,4198,4198,4198,4198,4198,4198,
size:80
[agent] id:15
path:2518,2411,2304,2197,2090,1983,1982,1981,1980,1979,1978,1871,1870,1869,1868,1867,1866,1759,1652,1545,1438,1331,1224,1117,1010,903,902,901,900,899,899,899,899,899,899,899,899,899,899,899,899,899,899,899,899,899,899,899,899,899,899,899,899,899,899,899,899,899,899,899,899,899,899,899,899,899,899,899,899,899,899,899,899,899,899,899,899,899,899,899,899,899,899,899,899,899,899,899,899,899,
goal:899,899,899,899,899,899,899,899,899,899,899,899,899,899,899,899,899,899,899,899,899,899,899,899,899,899,899,899,899,899,899,899,899,899,899,899,899,899,899,899,899,899,899,899,899,899,899,899,899,899,899,899,899,899,899,899,899,899,899,899,899,899,899,899,899,899,899,899,899,899,899,899,899,899,899,899,899,899,899,899,899,899,899,899,899,899,899,899,899,899,
size:29
[agent] id:16
path:2270,2271,2272,2273,2274,2275,2276,2277,2278,2278,2278,2278,2278,2278,2278,2278,2278,2278,2278,2278,2278,2278,2278,2278,2278,2278,2278,2278,2278,2278,2278,2278,2278,2278,2278,2278,2278,2278,2278,2278,2278,2278,2278,2278,2278,2278,2278,2278,2278,2278,2278,2278,2278,2278,2278,2278,2278,2278,2278,2278,2278,2278,2278,2278,2278,2278,2278,2278,2278,2278,2278,2278,2278,2278,2278,2278,2278,2278,2278,2278,2278,2278,2278,2278,2278,2278,2278,2278,2278,2278,
goal:2278,2278,2278,2278,2278,2278,2278,2278,2278,2278,2278,2278,2278,2278,2278,2278,2278,2278,2278,2278,2278,2278,2278,2278,2278,2278,2278,2278,2278,2278,2278,2278,2278,2278,2278,2278,2278,2278,2278,2278,2278,2278,2278,2278,2278,2278,2278,2278,2278,2278,2278,2278,2278,2278,2278,2278,2278,2278,2278,2278,2278,2278,2278,2278,2278,2278,2278,2278,2278,2278,2278,2278,2278,2278,2278,2278,2278,2278,2278,2278,2278,2278,2278,2278,2278,2278,2278,2278,2278,2278,
size:8
[agent] id:17
path:2642,2749,2856,2963,2962,2961,2960,2959,2958,2957,2956,2955,2954,2953,2952,2951,2950,3057,3056,3055,3054,3053,3052,3051,3050,3049,3048,3047,3046,3045,3044,3043,3042,3041,3040,3039,3038,3037,3037,3037,3037,3037,3037,3037,3037,3037,3037,3037,3037,3037,3037,3037,3037,3037,3037,3037,3037,3037,3037,3037,3037,3037,3037,3037,3037,3037,3037,3037,3037,3037,3037,3037,3037,3037,3037,3037,3037,3037,3037,3037,3037,3037,3037,3037,3037,3037,3037,3037,3037,3037,
goal:3037,3037,3037,3037,3037,3037,3037,3037,3037,3037,3037,3037,3037,3037,3037,3037,3037,3037,3037,3037,3037,3037,3037,3037,3037,3037,3037,3037,3037,3037,3037,3037,3037,3037,3037,3037,3037,3037,3037,3037,3037,3037,3037,3037,3037,3037,3037,3037,3037,3037,3037,3037,3037,3037,3037,3037,3037,3037,3037,3037,3037,3037,3037,3037,3037,3037,3037,3037,3037,3037,3037,3037,3037,3037,3037,3037,3037,3037,3037,3037,3037,3037,3037,3037,3037,3037,3037,3037,3037,3037,
size:37
[agent] id:18
path:2310,2417,2524,2631,2738,2845,2952,3059,3060,3061,3062,3169,3170,3171,3172,3173,3280,3387,3494,3601,3602,3602,3602,3602,3602,3602,3602,3602,3602,3602,3602,3602,3602,3602,3602,3602,3602,3602,3602,3602,3602,3602,3602,3602,3602,3602,3602,3602,3602,3602,3602,3602,3602,3602,3602,3602,3602,3602,3602,3602,3602,3602,3602,3602,3602,3602,3602,3602,3602,3602,3602,3602,3602,3602,3602,3602,3602,3602,3602,3602,3602,3602,3602,3602,3602,3602,3602,3602,3602,3602,
goal:3602,3602,3602,3602,3602,3602,3602,3602,3602,3602,3602,3602,3602,3602,3602,3602,3602,3602,3602,3602,3602,3602,3602,3602,3602,3602,3602,3602,3602,3602,3602,3602,3602,3602,3602,3602,3602,3602,3602,3602,3602,3602,3602,3602,3602,3602,3602,3602,3602,3602,3602,3602,3602,3602,3602,3602,3602,3602,3602,3602,3602,3602,3602,3602,3602,3602,3602,3602,3602,3602,3602,3602,3602,3602,3602,3602,3602,3602,3602,3602,3602,3602,3602,3602,3602,3602,3602,3602,3602,3602,
size:20
[agent] id:19
path:2174,2067,1960,1959,1958,1957,1956,1955,1954,1953,1952,1951,1950,1949,1948,1948,1948,1948,1948,1948,1948,1948,1948,1948,1948,1948,1948,1948,1948,1948,1948,1948,1948,1948,1948,1948,1948,1948,1948,1948,1948,1948,1948,1948,1948,1948,1948,1948,1948,1948,1948,1948,1948,1948,1948,1948,1948,1948,1948,1948,1948,1948,1948,1948,1948,1948,1948,1948,1948,1948,1948,1948,1948,1948,1948,1948,1948,1948,1948,1948,1948,1948,1948,1948,1948,1948,1948,1948,1948,1948,
goal:1948,1948,1948,1948,1948,1948,1948,1948,1948,1948,1948,1948,1948,1948,1948,1948,1948,1948,1948,1948,1948,1948,1948,1948,1948,1948,1948,1948,1948,1948,1948,1948,1948,1948,1948,1948,1948,1948,1948,1948,1948,1948,1948,1948,1948,1948,1948,1948,1948,1948,1948,1948,1948,1948,1948,1948,1948,1948,1948,1948,1948,1948,1948,1948,1948,1948,1948,1948,1948,1948,1948,1948,1948,1948,1948,1948,1948,1948,1948,1948,1948,1948,1948,1948,1948,1948,1948,1948,1948,1948,
size:14
[agent] id:20
path:4093,3986,3879,3772,3771,3770,3769,3768,3661,3660,3553,3446,3339,3232,3125,3018,2911,2804,2697,2590,2483,2376,2269,2162,2163,2164,2165,2166,2167,2168,2169,2062,2063,2064,2065,2066,2067,1960,1961,1962,1963,1964,1965,1966,1967,1968,1969,1970,1971,1972,1973,1974,1975,1976,1977,1978,1979,1980,1981,1982,1983,1984,1985,1986,1987,1988,1989,1990,1991,1884,1885,1886,1887,1888,1889,1782,1675,1568,1461,1354,1353,1352,1352,1352,1352,1352,1352,1352,1352,1352,
goal:1352,1352,1352,1352,1352,1352,1352,1352,1352,1352,1352,1352,1352,1352,1352,1352,1352,1352,1352,1352,1352,1352,1352,1352,1352,1352,1352,1352,1352,1352,1352,1352,1352,1352,1352,1352,1352,1352,1352,1352,1352,1352,1352,1352,1352,1352,1352,1352,1352,1352,1352,1352,1352,1352,1352,1352,1352,1352,1352,1352,1352,1352,1352,1352,1352,1352,1352,1352,1352,1352,1352,1352,1352,1352,1352,1352,1352,1352,1352,1352,1352,1352,1352,1352,1352,1352,1352,1352,1352,1352,
size:81
[agent] id:21
path:1948,2055,2162,2269,2376,2483,2590,2591,2592,2593,2594,2595,2596,2597,2598,2599,2600,2601,2602,2709,2816,2817,2818,2819,2820,2821,2822,2823,2824,2825,2826,2827,2828,2829,2830,2831,2832,2833,2834,2835,2836,2837,2838,2839,2840,2841,2842,2843,2844,2845,2846,2847,2848,2849,2850,2851,2852,2853,2854,2855,2856,2857,2858,2858,2858,2858,2858,2858,2858,2858,2858,2858,2858,2858,2858,2858,2858,2858,2858,2858,2858,2858,2858,2858,2858,2858,2858,2858,2858,2858,
goal:2858,2858,2858,2858,2858,2858,2858,2858,2858,2858,2858,2858,2858,2858,2858,2858,2858,2858,2858,2858,2858,2858,2858,2858,2858,2858,2858,2858,2858,2858,2858,2858,2858,2858,2858,2858,2858,2858,2858,2858,2858,2858,2858,2858,2858,2858,2858,2858,2858,2858,2858,2858,2858,2858,2858,2858,2858,2858,2858,2858,2858,2858,2858,2858,2858,2858,2858,2858,2858,2858,2858,2858,2858,2858,2858,2858,2858,2858,2858,2858,2858,2858,2858,2858,2858,2858,2858,2858,2858,2858,
size:62
[agent] id:22
path:3597,3598,3599,3600,3601,3494,3387,3280,3173,3066,2959,2852,2745,2638,2531,2530,2529,2528,2527,2526,2525,2524,2523,2522,2521,2520,2519,2518,2517,2516,2516,2516,2516,2516,2516,2516,2516,2516,2516,2516,2516,2516,2516,2516,2516,2516,2516,2516,2516,2516,2516,2516,2516,2516,2516,2516,2516,2516,2516,2516,2516,2516,2516,2516,2516,2516,2516,2516,2516,2516,2516,2516,2516,2516,2516,2516,2516,2516,2516,2516,2516,2516,2516,2516,2516,2516,2516,2516,2516,2516,
goal:2516,2516,2516,2516,2516,2516,2516,2516,2516,2516,2516,2516,2516,2516,2516,2516,2516,2516,2516,2516,2516,2516,2516,2516,2516,2516,2516,2516,2516,2516,2516,2516,2516,2516,2516,2516,2516,2516,2516,2516,2516,2516,2516,2516,2516,2516,2516,2516,2516,2516,2516,2516,2516,2516,2516,2516,2516,2516,2516,2516,2516,2516,2516,2516,2516,2516,2516,2516,2516,2516,2516,2516,2516,2516,2516,2516,2516,2516,2516,2516,2516,2516,2516,2516,2516,2516,2516,2516,2516,2516,
size:29
[agent] id:23
path:4200,4093,3986,3879,3772,3771,3770,3769,3768,3767,3660,3553,3446,3339,3232,3125,3018,2911,2912,2913,2914,2915,2916,2917,2918,2919,2920,2921,2922,2815,2816,2709,2710,2711,2712,2713,2714,2715,2716,2717,2718,2719,2720,2721,2722,2723,2724,2725,2726,2727,2728,2729,2730,2731,2732,2733,2734,2735,2736,2737,2738,2739,2740,2741,2742,2743,2744,2745,2746,2747,2748,2749,2750,2751,2752,2753,2754,2755,2756,2757,2758,2759,2760,2761,2762,2763,2764,2765,2766,2659,
goal:2659,2659,2659,2659,2659,2659,2659,2659,2659,2659,2659,2659,2659,2659,2659,2659,2659,2659,2659,2659,2659,2659,2659,2659,2659,2659,2659,2659,2659,2659,2659,2659,2659,2659,2659,2659,2659,2659,2659,2659,2659,2659,2659,2659,2659,2659,2659,2659,2659,2659,2659,2659,2659,2659,2659,2659,2659,2659,2659,2659,2659,2659,2659,2659,2659,2659,2659,2659,2659,2659,2659,2659,2659,2659,2659,2659,2659,2659,2659,2659,2659,2659,2659,2659,2659,2659,2659,2659,2659,2659,
size:89
[agent] id:24
path:3221,3114,3007,2900,2793,2686,2579,2472,2365,2366,2367,2368,2369,2370,2371,2264,2157,2158,2159,2160,2161,2162,2163,2164,2165,2166,2167,2168,2169,2170,2063,2064,2065,2066,2067,2068,1961,1962,1963,1964,1965,1966,1967,1968,1969,1970,1971,1972,1973,1974,1975,1976,1977,1978,1979,1980,1981,1982,1983,1984,1985,1986,1987,1988,1989,1990,1991,1884,1885,1886,1887,1888,1889,1782,1675,1568,1461,1354,1247,1140,1033,926,819,712,605,498,498,498,498,498,
goal:498,498,498,498,498,498,498,498,498,498,498,498,498,498,498,498,498,498,498,498,498,498,498,498,498,498,498,498,498,498,498,498,498,498,498,498,498,498,498,498,498,498,498,498,498,498,498,498,498,498,498,498,498,498,498,498,498,498,498,498,498,498,498,498,498,498,498,498,498,498,498,498,498,498,498,498,498,498,498,498,498,498,498,498,498,498,498,498,498,498,
size:85
[agent] id:25
path:2444,2337,2336,2335,2334,2333,2332,2331,2330,2329,2328,2327,2326,2325,2324,2323,2322,2321,2320,2319,2318,2317,2316,2315,2314,2313,2312,2311,2310,2309,2308,2307,2306,2305,2304,2303,2302,2301,2300,2299,2298,2297,2296,2295,2294,2293,2292,2291,2290,2289,2288,2287,2286,2285,2284,2283,2282,2281,2280,2279,2172,2171,2170,2277,2276,2275,2274,2273,2272,2271,2270,2269,2269,2269,2269,2269,2269,2269,2269,2269,2269,2269,2269,2269,2269,2269,2269,2269,2269,2269,
goal:2269,2269,2269,2269,2269,2269,2269,2269,2269,2269,2269,2269,2269,2269,2269,2269,2269,2269,2269,2269,2269,2269,2269,2269,2269,2269,2269,2269,2269,2269,2269,2269,2269,2269,2269,2269,2269,2269,2269,2269,2269,2269,2269,2269,2269,2269,2269,2269,2269,2269,2269,2269,2269,2269,2269,2269,2269,2269,2269,2269,2269,2269,2269,2269,2269,2269,2269,2269,2269,2269,2269,2269,2269,2269,2269,2269,2269,2269,2269,2269,2269,2269,2269,2269,2269,2269,2269,2269,2269,2269,
size:71
[agent] id:26
path:2094,2201,2200,2199,2198,2197,2196,2195,2194,2194,2194,2194,2194,2194,2194,2194,2194,2194,2194,2194,2194,2194,2194,2194,2194,2194,2194,2194,2194,2194,2194,2194,2194,2194,2194,2194,2194,2194,2194,2194,2194,2194,2194,2194,2194,2194,2194,2194,2194,2194,2194,2194,2194,2194,2194,2194,2194,2194,2194,2194,2194,2194,2194,2194,2194,2194,2194,2194,2194,2194,2194,2194,2194,2194,2194,2194,2194,2194,2194,2194,2194,2194,2194,2194,2194,2194,2194,2194,2194,2194,
goal:2194,2194,2194,2194,2194,2194,2194,2194,2194,2194,2194,2194,2194,2194,2194,2194,2194,2194,2194,2194,2194,2194,2194,2194,2194,2194,2194,2194,2194,2194,2194,2194,2194,2194,2194,2194,2194,2194,2194,2194,2194,2194,2194,2194,2194,2194,2194,2194,2194,2194,2194,2194,2194,2194,2194,2194,2194,2194,2194,2194,2194,2194,2194,2194,2194,2194,2194,2194,2194,2194,2194,2194,2194,2194,2194,2194,2194,2194,2194,2194,2194,2194,2194,2194,2194,2194,2194,2194,2194,2194,
size:8
[agent] id:27
path:3238,3345,3344,3343,3342,3341,3340,3447,3554,3661,3768,3875,3982,4089,4196,4303,4410,4411,4412,4519,4519,4519,4519,4519,4519,4519,4519,4519,4519,4519,4519,4519,4519,4519,4519,4519,4519,4519,4519,4519,4519,4519,4519,4519,4519,4519,4519,4519,4519,4519,4519,4519,4519,4519,4519,4519,4519,4519,4519,4519,4519,4519,4519,4519,4519,4519,4519,4519,4519,4519,4519,4519,4519,4519,4519,4519,4519,4519,4519,4519,4519,4519,4519,4519,4519,4519,4519,4519,4519,4519,
goal:4519,4519,4519,4519,4519,4519,4519,4519,4519,4519,4519,4519,4519,4519,4519,4519,4519,4519,4519,4519,4519,4519,4519,4519,4519,4519,4519,4519,4519,4519,4519,4519,4519,4519,4519,4519,4519,4519,4519,4519,4519,4519,4519,4519,4519,4519,4519,4519,4519,4519,4519,4519,4519,4519,4519,4519,4519,4519,4519,4519,4519,4519,4519,4519,4519,4519,4519,4519,4519,4519,4519,4519,4519,4519,4519,4519,4519,4519,4519,4519,4519,4519,4519,4519,4519,4519,4519,4519,4519,4519,
size:19
[agent] id:28
path:2080,2187,2294,2401,2508,2615,2616,2617,2618,2619,2620,2621,2622,2623,2624,2625,2626,2627,2628,2629,2630,2631,2632,2633,2634,2635,2636,2637,2638,2639,2640,2641,2642,2643,2644,2645,2646,2647,2648,2649,2650,2651,2652,2653,2654,2655,2656,2657,2658,2658,2658,2658,2658,2658,2658,2658,2658,2658,2658,2658,2658,2658,2658,2658,2658,2658,2658,2658,2658,2658,2658,2658,2658,2658,2658,2658,2658,2658,2658,2658,2658,2658,2658,2658,2658,2658,2658,2658,2658,2658,
goal:2658,2658,2658,2658,2658,2658,2658,2658,2658,2658,2658,2658,2658,2658,2658,2658,2658,2658,2658,2658,2658,2658,2658,2658,2658,2658,2658,2658,2658,2658,2658,2658,2658,2658,2658,2658,2658,2658,2658,2658,2658,2658,2658,2658,2658,2658,2658,2658,2658,2658,2658,2658,2658,2658,2658,2658,2658,2658,2658,2658,2658,2658,2658,2658,2658,2658,2658,2658,2658,2658,2658,2658,2658,2658,2658,2658,2658,2658,2658,2658,2658,2658,2658,2658,2658,2658,2658,2658,2658,2658,
size:48
[agent] id:29
path:2937,2830,2829,2828,2827,2826,2825,2824,2823,2822,2821,2820,2819,2818,2817,2816,2815,2814,2814,2814,2814,2814,2814,2814,2814,2814,2814,2814,2814,2814,2814,2814,2814,2814,2814,2814,2814,2814,2814,2814,2814,2814,2814,2814,2814,2814,2814,2814,2814,2814,2814,2814,2814,2814,2814,2814,2814,2814,2814,2814,2814,2814,2814,2814,2814,2814,2814,2814,2814,2814,2814,2814,2814,2814,2814,2814,2814,2814,2814,2814,2814,2814,2814,2814,2814,2814,2814,2814,2814,2814,
goal:2814,2814,2814,2814,2814,2814,2814,2814,2814,2814,2814,2814,2814,2814,2814,2814,2814,2814,2814,2814,2814,2814,2814,2814,2814,2814,2814,2814,2814,2814,2814,2814,2814,2814,2814,2814,2814,2814,2814,2814,2814,2814,2814,2814,2814,2814,2814,2814,2814,2814,2814,2814,2814,2814,2814,2814,2814,2814,2814,2814,2814,2814,2814,2814,2814,2814,2814,2814,2814,2814,2814,2814,2814,2814,2814,2814,2814,2814,2814,2814,2814,2814,2814,2814,2814,2814,2814,2814,2814,2814,
size:17
SolutionCost:1219
