[setting] seed:33
[solver] type:ECBS
[solver] w:3.000000
[solver] ID:0
[solver] Lowlevelnode:0
[solver] solved:1
[solver] elapsed:0
[solver] makespan:57
[problem] timesteplimit:10000
[problem] type:MAPF
[problem] agentnum:10
[graph] width:107
[graph] height:47
[graph] filename:./map/orz601d.map
[task] id:3,start:0,end:0,service time:0,nodes:2852,
[task] id:1,start:0,end:0,service time:0,nodes:1308,
[task] id:6,start:0,end:0,service time:0,nodes:2003,
[task] id:5,start:0,end:0,service time:0,nodes:1110,
[task] id:2,start:0,end:0,service time:0,nodes:3169,
[task] id:7,start:0,end:0,service time:0,nodes:3236,
[task] id:0,start:0,end:0,service time:0,nodes:1141,
[task] id:9,start:0,end:0,service time:0,nodes:2380,
[task] id:4,start:0,end:0,service time:0,nodes:905,
[task] id:8,start:0,end:0,service time:0,nodes:1217,
[agent] id:0
path:3157,3050,2943,2836,2729,2622,2515,2408,2301,2194,2087,1980,1981,1982,1983,1984,1985,1986,1987,1988,1989,1990,1991,1884,1885,1886,1887,1888,1889,1782,1675,1568,1461,1354,1247,1140,1141,1141,1141,1141,1141,1141,1141,1141,1141,1141,1141,1141,1141,1141,1141,1141,1141,1141,1141,1141,1141,1141,
goal:1141,1141,1141,1141,1141,1141,1141,1141,1141,1141,1141,1141,1141,1141,1141,1141,1141,1141,1141,1141,1141,1141,1141,1141,1141,1141,1141,1141,1141,1141,1141,1141,1141,1141,1141,1141,1141,1141,1141,1141,1141,1141,1141,1141,1141,1141,1141,1141,1141,1141,1141,1141,1141,1141,1141,1141,1141,1141,
size:36
[agent] id:1
path:452,559,666,773,880,987,1094,1201,1308,1308,1308,1308,1308,1308,1308,1308,1308,1308,1308,1308,1308,1308,1308,1308,1308,1308,1308,1308,1308,1308,1308,1308,1308,1308,1308,1308,1308,1308,1308,1308,1308,1308,1308,1308,1308,1308,1308,1308,1308,1308,1308,1308,1308,1308,1308,1308,1308,1308,
goal:1308,1308,1308,1308,1308,1308,1308,1308,1308,1308,1308,1308,1308,1308,1308,1308,1308,1308,1308,1308,1308,1308,1308,1308,1308,1308,1308,1308,1308,1308,1308,1308,1308,1308,1308,1308,1308,1308,1308,1308,1308,1308,1308,1308,1308,1308,1308,1308,1308,1308,1308,1308,1308,1308,1308,1308,1308,1308,
size:8
[agent] id:2
path:2328,2435,2542,2649,2756,2863,2970,3077,3076,3075,3074,3073,3072,3179,3178,3177,3176,3175,3174,3173,3172,3171,3170,3169,3169,3169,3169,3169,3169,3169,3169,3169,3169,3169,3169,3169,3169,3169,3169,3169,3169,3169,3169,3169,3169,3169,3169,3169,3169,3169,3169,3169,3169,3169,3169,3169,3169,3169,
goal:3169,3169,3169,3169,3169,3169,3169,3169,3169,3169,3169,3169,3169,3169,3169,3169,3169,3169,3169,3169,3169,3169,3169,3169,3169,3169,3169,3169,3169,3169,3169,3169,3169,3169,3169,3169,3169,3169,3169,3169,3169,3169,3169,3169,3169,3169,3169,3169,3169,3169,3169,3169,3169,3169,3169,3169,3169,3169,
size:23
[agent] id:3
path:3176,3069,2962,2855,2854,2853,2852,2852,2852,2852,2852,2852,2852,2852,2852,2852,2852,2852,2852,2852,2852,2852,2852,2852,2852,2852,2852,2852,2852,2852,2852,2852,2852,2852,2852,2852,2852,2852,2852,2852,2852,2852,2852,2852,2852,2852,2852,2852,2852,2852,2852,2852,2852,2852,2852,2852,2852,2852,
goal:2852,2852,2852,2852,2852,2852,2852,2852,2852,2852,2852,2852,2852,2852,2852,2852,2852,2852,2852,2852,2852,2852,2852,2852,2852,2852,2852,2852,2852,2852,2852,2852,2852,2852,2852,2852,2852,2852,2852,2852,2852,2852,2852,2852,2852,2852,2852,2852,2852,2852,2852,2852,2852,2852,2852,2852,2852,2852,
size:6
[agent] id:4
path:1204,1203,1202,1309,1416,1415,1414,1521,1628,1735,1842,1843,1844,1845,1846,1847,1954,1955,1956,1957,1958,1959,1960,1961,1962,1963,1964,1965,1966,1967,1860,1861,1862,1863,1864,1865,1758,1651,1544,1437,1330,1223,1116,1009,902,903,904,905,905,905,905,905,905,905,905,905,905,905,
goal:905,905,905,905,905,905,905,905,905,905,905,905,905,905,905,905,905,905,905,905,905,905,905,905,905,905,905,905,905,905,905,905,905,905,905,905,905,905,905,905,905,905,905,905,905,905,905,905,905,905,905,905,905,905,905,905,905,905,
size:47
[agent] id:5
path:907,1014,1121,1120,1119,1118,1117,1116,1115,1114,1113,1112,1111,1110,1110,1110,1110,1110,1110,1110,1110,1110,1110,1110,1110,1110,1110,1110,1110,1110,1110,1110,1110,1110,1110,1110,1110,1110,1110,1110,1110,1110,1110,1110,1110,1110,1110,1110,1110,1110,1110,1110,1110,1110,1110,1110,1110,1110,
goal:1110,1110,1110,1110,1110,1110,1110,1110,1110,1110,1110,1110,1110,1110,1110,1110,1110,1110,1110,1110,1110,1110,1110,1110,1110,1110,1110,1110,1110,1110,1110,1110,1110,1110,1110,1110,1110,1110,1110,1110,1110,1110,1110,1110,1110,1110,1110,1110,1110,1110,1110,1110,1110,1110,1110,1110,1110,1110,
size:13
[agent] id:6
path:2118,2011,2010,2009,2008,2007,2006,2005,2004,2003,2003,2003,2003,2003,2003,2003,2003,2003,2003,2003,2003,2003,2003,2003,2003,2003,2003,2003,2003,2003,2003,2003,2003,2003,2003,2003,2003,2003,2003,2003,2003,2003,2003,2003,2003,2003,2003,2003,2003,2003,2003,2003,2003,2003,2003,2003,2003,2003,
goal:2003,2003,2003,2003,2003,2003,2003,2003,2003,2003,2003,2003,2003,2003,2003,2003,2003,2003,2003,2003,2003,2003,2003,2003,2003,2003,2003,2003,2003,2003,2003,2003,2003,2003,2003,2003,2003,2003,2003,2003,2003,2003,2003,2003,2003,2003,2003,2003,2003,2003,2003,2003,2003,2003,2003,2003,2003,2003,
size:9
[agent] id:7
path:2509,2616,2723,2830,2937,3044,3043,3042,3041,3040,3039,3038,3037,3036,3035,3034,3033,3032,3031,3030,3029,3028,3027,3026,3025,3024,3131,3238,3237,3236,3236,3236,3236,3236,3236,3236,3236,3236,3236,3236,3236,3236,3236,3236,3236,3236,3236,3236,3236,3236,3236,3236,3236,3236,3236,3236,3236,3236,
goal:3236,3236,3236,3236,3236,3236,3236,3236,3236,3236,3236,3236,3236,3236,3236,3236,3236,3236,3236,3236,3236,3236,3236,3236,3236,3236,3236,3236,3236,3236,3236,3236,3236,3236,3236,3236,3236,3236,3236,3236,3236,3236,3236,3236,3236,3236,3236,3236,3236,3236,3236,3236,3236,3236,3236,3236,3236,3236,
size:29
[agent] id:8
path:2792,2685,2578,2471,2364,2365,2366,2367,2368,2369,2370,2371,2264,2157,2050,1943,1944,1945,1946,1947,1948,1949,1950,1951,1952,1953,1954,1955,1956,1957,1958,1959,1960,1961,1962,1963,1964,1965,1966,1967,1860,1861,1862,1863,1864,1865,1758,1651,1544,1437,1330,1223,1222,1221,1220,1219,1218,1217,
goal:1217,1217,1217,1217,1217,1217,1217,1217,1217,1217,1217,1217,1217,1217,1217,1217,1217,1217,1217,1217,1217,1217,1217,1217,1217,1217,1217,1217,1217,1217,1217,1217,1217,1217,1217,1217,1217,1217,1217,1217,1217,1217,1217,1217,1217,1217,1217,1217,1217,1217,1217,1217,1217,1217,1217,1217,1217,1217,
size:57
[agent] id:9
path:904,1011,1118,1225,1332,1439,1438,1545,1652,1759,1866,1973,2080,2187,2294,2401,2400,2399,2398,2397,2396,2395,2394,2393,2392,2391,2390,2389,2388,2387,2386,2385,2384,2383,2382,2381,2380,2380,2380,2380,2380,2380,2380,2380,2380,2380,2380,2380,2380,2380,2380,2380,2380,2380,2380,2380,2380,2380,
goal:2380,2380,2380,2380,2380,2380,2380,2380,2380,2380,2380,2380,2380,2380,2380,2380,2380,2380,2380,2380,2380,2380,2380,2380,2380,2380,2380,2380,2380,2380,2380,2380,2380,2380,2380,2380,2380,2380,2380,2380,2380,2380,2380,2380,2380,2380,2380,2380,2380,2380,2380,2380,2380,2380,2380,2380,2380,2380,
size:36
SolutionCost:264
