[setting] seed:89
[solver] type:ECBS
[solver] w:3.000000
[solver] ID:0
[solver] Lowlevelnode:20639
[solver] solved:1
[solver] elapsed:249
[solver] makespan:97
[problem] timesteplimit:10000
[problem] type:MAPF
[problem] agentnum:20
[graph] width:107
[graph] height:47
[graph] filename:./map/orz601d.map
[task] id:18,start:0,end:0,service time:0,nodes:2836,
[task] id:8,start:0,end:0,service time:0,nodes:2222,
[task] id:1,start:0,end:0,service time:0,nodes:2828,
[task] id:17,start:0,end:0,service time:0,nodes:2266,
[task] id:3,start:0,end:0,service time:0,nodes:900,
[task] id:7,start:0,end:0,service time:0,nodes:2602,
[task] id:15,start:0,end:0,service time:0,nodes:1122,
[task] id:10,start:0,end:0,service time:0,nodes:3878,
[task] id:4,start:0,end:0,service time:0,nodes:2517,
[task] id:2,start:0,end:0,service time:0,nodes:2825,
[task] id:5,start:0,end:0,service time:0,nodes:1110,
[task] id:11,start:0,end:0,service time:0,nodes:825,
[task] id:0,start:0,end:0,service time:0,nodes:2408,
[task] id:14,start:0,end:0,service time:0,nodes:2288,
[task] id:16,start:0,end:0,service time:0,nodes:4669,
[task] id:12,start:0,end:0,service time:0,nodes:3015,
[task] id:6,start:0,end:0,service time:0,nodes:2105,
[task] id:19,start:0,end:0,service time:0,nodes:601,
[task] id:13,start:0,end:0,service time:0,nodes:3882,
[task] id:9,start:0,end:0,service time:0,nodes:4199,
[agent] id:0
path:2786,2679,2572,2465,2358,2359,2360,2361,2362,2363,2364,2365,2366,2367,2368,2369,2370,2371,2372,2373,2374,2375,2376,2377,2378,2379,2380,2381,2382,2383,2384,2385,2386,2387,2388,2389,2390,2391,2392,2393,2394,2395,2396,2397,2398,2399,2400,2401,2402,2403,2404,2405,2406,2407,2408,2408,2408,2408,2408,2408,2408,2408,2408,2408,2408,2408,2408,2408,2408,2408,2408,2408,2408,2408,2408,2408,2408,2408,2408,2408,2408,2408,2408,2408,2408,2408,2408,2408,2408,2408,2408,2408,2408,2408,2408,2408,2408,2408,
goal:2408,2408,2408,2408,2408,2408,2408,2408,2408,2408,2408,2408,2408,2408,2408,2408,2408,2408,2408,2408,2408,2408,2408,2408,2408,2408,2408,2408,2408,2408,2408,2408,2408,2408,2408,2408,2408,2408,2408,2408,2408,2408,2408,2408,2408,2408,2408,2408,2408,2408,2408,2408,2408,2408,2408,2408,2408,2408,2408,2408,2408,2408,2408,2408,2408,2408,2408,2408,2408,2408,2408,2408,2408,2408,2408,2408,2408,2408,2408,2408,2408,2408,2408,2408,2408,2408,2408,2408,2408,2408,2408,2408,2408,2408,2408,2408,2408,2408,
size:54
[agent] id:1
path:2307,2414,2521,2628,2735,2734,2733,2732,2731,2730,2729,2728,2835,2834,2833,2832,2831,2830,2829,2828,2828,2828,2828,2828,2828,2828,2828,2828,2828,2828,2828,2828,2828,2828,2828,2828,2828,2828,2828,2828,2828,2828,2828,2828,2828,2828,2828,2828,2828,2828,2828,2828,2828,2828,2828,2828,2828,2828,2828,2828,2828,2828,2828,2828,2828,2828,2828,2828,2828,2828,2828,2828,2828,2828,2828,2828,2828,2828,2828,2828,2828,2828,2828,2828,2828,2828,2828,2828,2828,2828,2828,2828,2828,2828,2828,2828,2828,2828,
goal:2828,2828,2828,2828,2828,2828,2828,2828,2828,2828,2828,2828,2828,2828,2828,2828,2828,2828,2828,2828,2828,2828,2828,2828,2828,2828,2828,2828,2828,2828,2828,2828,2828,2828,2828,2828,2828,2828,2828,2828,2828,2828,2828,2828,2828,2828,2828,2828,2828,2828,2828,2828,2828,2828,2828,2828,2828,2828,2828,2828,2828,2828,2828,2828,2828,2828,2828,2828,2828,2828,2828,2828,2828,2828,2828,2828,2828,2828,2828,2828,2828,2828,2828,2828,2828,2828,2828,2828,2828,2828,2828,2828,2828,2828,2828,2828,2828,2828,
size:19
[agent] id:2
path:2145,2252,2359,2466,2467,2468,2469,2470,2471,2472,2473,2474,2475,2476,2477,2478,2585,2692,2799,2800,2801,2802,2803,2804,2805,2806,2807,2808,2809,2810,2811,2812,2813,2814,2815,2816,2817,2818,2819,2820,2821,2822,2823,2824,2825,2825,2825,2825,2825,2825,2825,2825,2825,2825,2825,2825,2825,2825,2825,2825,2825,2825,2825,2825,2825,2825,2825,2825,2825,2825,2825,2825,2825,2825,2825,2825,2825,2825,2825,2825,2825,2825,2825,2825,2825,2825,2825,2825,2825,2825,2825,2825,2825,2825,2825,2825,2825,2825,
goal:2825,2825,2825,2825,2825,2825,2825,2825,2825,2825,2825,2825,2825,2825,2825,2825,2825,2825,2825,2825,2825,2825,2825,2825,2825,2825,2825,2825,2825,2825,2825,2825,2825,2825,2825,2825,2825,2825,2825,2825,2825,2825,2825,2825,2825,2825,2825,2825,2825,2825,2825,2825,2825,2825,2825,2825,2825,2825,2825,2825,2825,2825,2825,2825,2825,2825,2825,2825,2825,2825,2825,2825,2825,2825,2825,2825,2825,2825,2825,2825,2825,2825,2825,2825,2825,2825,2825,2825,2825,2825,2825,2825,2825,2825,2825,2825,2825,2825,
size:44
[agent] id:3
path:1878,1877,1876,1983,1982,1981,1980,1979,1978,1871,1870,1869,1868,1867,1866,1759,1652,1545,1438,1331,1224,1117,1010,903,902,901,900,900,900,900,900,900,900,900,900,900,900,900,900,900,900,900,900,900,900,900,900,900,900,900,900,900,900,900,900,900,900,900,900,900,900,900,900,900,900,900,900,900,900,900,900,900,900,900,900,900,900,900,900,900,900,900,900,900,900,900,900,900,900,900,900,900,900,900,900,900,900,900,
goal:900,900,900,900,900,900,900,900,900,900,900,900,900,900,900,900,900,900,900,900,900,900,900,900,900,900,900,900,900,900,900,900,900,900,900,900,900,900,900,900,900,900,900,900,900,900,900,900,900,900,900,900,900,900,900,900,900,900,900,900,900,900,900,900,900,900,900,900,900,900,900,900,900,900,900,900,900,900,900,900,900,900,900,900,900,900,900,900,900,900,900,900,900,900,900,900,900,900,
size:26
[agent] id:4
path:3232,3125,3018,2911,2804,2697,2590,2483,2484,2485,2486,2487,2488,2489,2490,2491,2492,2493,2494,2495,2496,2497,2498,2499,2500,2501,2502,2503,2504,2505,2506,2507,2508,2509,2510,2511,2512,2513,2514,2515,2516,2517,2517,2517,2517,2517,2517,2517,2517,2517,2517,2517,2517,2517,2517,2517,2517,2517,2517,2517,2517,2517,2517,2517,2517,2517,2517,2517,2517,2517,2517,2517,2517,2517,2517,2517,2517,2517,2517,2517,2517,2517,2517,2517,2517,2517,2517,2517,2517,2517,2517,2517,2517,2517,2517,2517,2517,2517,
goal:2517,2517,2517,2517,2517,2517,2517,2517,2517,2517,2517,2517,2517,2517,2517,2517,2517,2517,2517,2517,2517,2517,2517,2517,2517,2517,2517,2517,2517,2517,2517,2517,2517,2517,2517,2517,2517,2517,2517,2517,2517,2517,2517,2517,2517,2517,2517,2517,2517,2517,2517,2517,2517,2517,2517,2517,2517,2517,2517,2517,2517,2517,2517,2517,2517,2517,2517,2517,2517,2517,2517,2517,2517,2517,2517,2517,2517,2517,2517,2517,2517,2517,2517,2517,2517,2517,2517,2517,2517,2517,2517,2517,2517,2517,2517,2517,2517,2517,
size:41
[agent] id:5
path:820,927,1034,1141,1140,1247,1354,1461,1568,1675,1782,1889,1888,1887,1886,1885,1884,1991,1990,1989,1988,1987,1986,1985,1984,1983,1982,1981,1980,1979,1978,1871,1870,1869,1868,1867,1866,1759,1652,1545,1438,1331,1224,1117,1116,1115,1114,1113,1112,1111,1110,1110,1110,1110,1110,1110,1110,1110,1110,1110,1110,1110,1110,1110,1110,1110,1110,1110,1110,1110,1110,1110,1110,1110,1110,1110,1110,1110,1110,1110,1110,1110,1110,1110,1110,1110,1110,1110,1110,1110,1110,1110,1110,1110,1110,1110,1110,1110,
goal:1110,1110,1110,1110,1110,1110,1110,1110,1110,1110,1110,1110,1110,1110,1110,1110,1110,1110,1110,1110,1110,1110,1110,1110,1110,1110,1110,1110,1110,1110,1110,1110,1110,1110,1110,1110,1110,1110,1110,1110,1110,1110,1110,1110,1110,1110,1110,1110,1110,1110,1110,1110,1110,1110,1110,1110,1110,1110,1110,1110,1110,1110,1110,1110,1110,1110,1110,1110,1110,1110,1110,1110,1110,1110,1110,1110,1110,1110,1110,1110,1110,1110,1110,1110,1110,1110,1110,1110,1110,1110,1110,1110,1110,1110,1110,1110,1110,1110,
size:50
[agent] id:6
path:4515,4408,4301,4194,4087,3980,3873,3766,3767,3660,3553,3446,3339,3232,3125,3018,2911,2804,2697,2590,2483,2376,2269,2162,2055,2056,2057,2058,2059,2060,2061,2062,2063,2064,2065,2066,2067,2068,2069,2070,2071,2072,2073,2074,2075,2076,2077,2078,2079,2080,2081,2082,2083,2084,2085,2086,2087,2088,2089,2090,2091,2092,2093,2094,2095,2096,2097,2098,2099,2100,2101,2102,2103,2104,2105,2105,2105,2105,2105,2105,2105,2105,2105,2105,2105,2105,2105,2105,2105,2105,2105,2105,2105,2105,2105,2105,2105,2105,
goal:2105,2105,2105,2105,2105,2105,2105,2105,2105,2105,2105,2105,2105,2105,2105,2105,2105,2105,2105,2105,2105,2105,2105,2105,2105,2105,2105,2105,2105,2105,2105,2105,2105,2105,2105,2105,2105,2105,2105,2105,2105,2105,2105,2105,2105,2105,2105,2105,2105,2105,2105,2105,2105,2105,2105,2105,2105,2105,2105,2105,2105,2105,2105,2105,2105,2105,2105,2105,2105,2105,2105,2105,2105,2105,2105,2105,2105,2105,2105,2105,2105,2105,2105,2105,2105,2105,2105,2105,2105,2105,2105,2105,2105,2105,2105,2105,2105,2105,
size:74
[agent] id:7
path:4086,3979,3872,3765,3766,3767,3660,3553,3446,3339,3232,3125,3018,2911,2804,2697,2590,2591,2592,2593,2594,2595,2596,2597,2598,2599,2600,2601,2602,2602,2602,2602,2602,2602,2602,2602,2602,2602,2602,2602,2602,2602,2602,2602,2602,2602,2602,2602,2602,2602,2602,2602,2602,2602,2602,2602,2602,2602,2602,2602,2602,2602,2602,2602,2602,2602,2602,2602,2602,2602,2602,2602,2602,2602,2602,2602,2602,2602,2602,2602,2602,2602,2602,2602,2602,2602,2602,2602,2602,2602,2602,2602,2602,2602,2602,2602,2602,2602,
goal:2602,2602,2602,2602,2602,2602,2602,2602,2602,2602,2602,2602,2602,2602,2602,2602,2602,2602,2602,2602,2602,2602,2602,2602,2602,2602,2602,2602,2602,2602,2602,2602,2602,2602,2602,2602,2602,2602,2602,2602,2602,2602,2602,2602,2602,2602,2602,2602,2602,2602,2602,2602,2602,2602,2602,2602,2602,2602,2602,2602,2602,2602,2602,2602,2602,2602,2602,2602,2602,2602,2602,2602,2602,2602,2602,2602,2602,2602,2602,2602,2602,2602,2602,2602,2602,2602,2602,2602,2602,2602,2602,2602,2602,2602,2602,2602,2602,2602,
size:28
[agent] id:8
path:2539,2432,2325,2218,2219,2220,2221,2222,2222,2222,2222,2222,2222,2222,2222,2222,2222,2222,2222,2222,2222,2222,2222,2222,2222,2222,2222,2222,2222,2222,2222,2222,2222,2222,2222,2222,2222,2222,2222,2222,2222,2222,2222,2222,2222,2222,2222,2222,2222,2222,2222,2222,2222,2222,2222,2222,2222,2222,2222,2222,2222,2222,2222,2222,2222,2222,2222,2222,2222,2222,2222,2222,2222,2222,2222,2222,2222,2222,2222,2222,2222,2222,2222,2222,2222,2222,2222,2222,2222,2222,2222,2222,2222,2222,2222,2222,2222,2222,
goal:2222,2222,2222,2222,2222,2222,2222,2222,2222,2222,2222,2222,2222,2222,2222,2222,2222,2222,2222,2222,2222,2222,2222,2222,2222,2222,2222,2222,2222,2222,2222,2222,2222,2222,2222,2222,2222,2222,2222,2222,2222,2222,2222,2222,2222,2222,2222,2222,2222,2222,2222,2222,2222,2222,2222,2222,2222,2222,2222,2222,2222,2222,2222,2222,2222,2222,2222,2222,2222,2222,2222,2222,2222,2222,2222,2222,2222,2222,2222,2222,2222,2222,2222,2222,2222,2222,2222,2222,2222,2222,2222,2222,2222,2222,2222,2222,2222,2222,
size:7
[agent] id:9
path:3094,3093,2986,2879,2772,2665,2664,2663,2662,2661,2660,2767,2874,2981,3088,3087,3086,3085,3084,3083,3082,3081,3080,3079,3078,3077,3076,3075,3074,3073,3072,3071,3070,3069,3068,3067,3066,3065,3064,3063,3062,3061,3060,3059,3058,3057,3056,3055,3054,3053,3052,3051,3050,3049,3048,3047,3046,3045,3044,3043,3042,3041,3040,3039,3038,3037,3036,3035,3034,3033,3032,3031,3030,3029,3028,3027,3026,3025,3024,3131,3238,3345,3344,3343,3342,3341,3340,3447,3554,3661,3768,3875,3982,4089,4196,4197,4198,4199,
goal:4199,4199,4199,4199,4199,4199,4199,4199,4199,4199,4199,4199,4199,4199,4199,4199,4199,4199,4199,4199,4199,4199,4199,4199,4199,4199,4199,4199,4199,4199,4199,4199,4199,4199,4199,4199,4199,4199,4199,4199,4199,4199,4199,4199,4199,4199,4199,4199,4199,4199,4199,4199,4199,4199,4199,4199,4199,4199,4199,4199,4199,4199,4199,4199,4199,4199,4199,4199,4199,4199,4199,4199,4199,4199,4199,4199,4199,4199,4199,4199,4199,4199,4199,4199,4199,4199,4199,4199,4199,4199,4199,4199,4199,4199,4199,4199,4199,4199,
size:97
[agent] id:10
path:991,1098,1205,1312,1419,1418,1417,1416,1415,1414,1521,1628,1735,1842,1949,2056,2163,2270,2377,2484,2591,2698,2805,2912,3019,3126,3233,3340,3447,3554,3661,3768,3875,3876,3877,3878,3878,3878,3878,3878,3878,3878,3878,3878,3878,3878,3878,3878,3878,3878,3878,3878,3878,3878,3878,3878,3878,3878,3878,3878,3878,3878,3878,3878,3878,3878,3878,3878,3878,3878,3878,3878,3878,3878,3878,3878,3878,3878,3878,3878,3878,3878,3878,3878,3878,3878,3878,3878,3878,3878,3878,3878,3878,3878,3878,3878,3878,3878,
goal:3878,3878,3878,3878,3878,3878,3878,3878,3878,3878,3878,3878,3878,3878,3878,3878,3878,3878,3878,3878,3878,3878,3878,3878,3878,3878,3878,3878,3878,3878,3878,3878,3878,3878,3878,3878,3878,3878,3878,3878,3878,3878,3878,3878,3878,3878,3878,3878,3878,3878,3878,3878,3878,3878,3878,3878,3878,3878,3878,3878,3878,3878,3878,3878,3878,3878,3878,3878,3878,3878,3878,3878,3878,3878,3878,3878,3878,3878,3878,3878,3878,3878,3878,3878,3878,3878,3878,3878,3878,3878,3878,3878,3878,3878,3878,3878,3878,3878,
size:35
[agent] id:11
path:1442,1441,1440,1439,1438,1545,1652,1759,1866,1973,1974,1975,1976,1977,1978,1979,1980,1981,1982,1983,1984,1985,1878,1879,1986,1987,1988,1989,1990,1991,1884,1885,1886,1887,1888,1889,1782,1675,1568,1461,1354,1247,1140,1033,926,819,820,821,822,823,824,825,825,825,825,825,825,825,825,825,825,825,825,825,825,825,825,825,825,825,825,825,825,825,825,825,825,825,825,825,825,825,825,825,825,825,825,825,825,825,825,825,825,825,825,825,825,825,
goal:825,825,825,825,825,825,825,825,825,825,825,825,825,825,825,825,825,825,825,825,825,825,825,825,825,825,825,825,825,825,825,825,825,825,825,825,825,825,825,825,825,825,825,825,825,825,825,825,825,825,825,825,825,825,825,825,825,825,825,825,825,825,825,825,825,825,825,825,825,825,825,825,825,825,825,825,825,825,825,825,825,825,825,825,825,825,825,825,825,825,825,825,825,825,825,825,825,825,
size:51
[agent] id:12
path:2007,2114,2221,2328,2435,2542,2649,2756,2863,2970,3077,3076,3075,3074,3073,3072,3071,3070,3069,3068,3067,3066,3065,3064,3063,3062,3061,3060,3059,3058,3057,3056,3055,3054,3053,3052,3051,3050,3049,3048,3047,3046,3045,3044,3043,3042,3041,3040,3039,3038,3037,3036,3035,3034,3033,3032,3031,3030,3029,3028,3027,3026,3025,3024,3023,3022,3021,3020,3019,3018,3017,3016,3015,3015,3015,3015,3015,3015,3015,3015,3015,3015,3015,3015,3015,3015,3015,3015,3015,3015,3015,3015,3015,3015,3015,3015,3015,3015,
goal:3015,3015,3015,3015,3015,3015,3015,3015,3015,3015,3015,3015,3015,3015,3015,3015,3015,3015,3015,3015,3015,3015,3015,3015,3015,3015,3015,3015,3015,3015,3015,3015,3015,3015,3015,3015,3015,3015,3015,3015,3015,3015,3015,3015,3015,3015,3015,3015,3015,3015,3015,3015,3015,3015,3015,3015,3015,3015,3015,3015,3015,3015,3015,3015,3015,3015,3015,3015,3015,3015,3015,3015,3015,3015,3015,3015,3015,3015,3015,3015,3015,3015,3015,3015,3015,3015,3015,3015,3015,3015,3015,3015,3015,3015,3015,3015,3015,3015,
size:72
[agent] id:13
path:3929,3822,3715,3714,3607,3606,3605,3604,3603,3602,3495,3388,3281,3174,3067,3066,3065,3064,3063,3062,3061,3060,3059,3058,3057,3056,3055,3054,3053,3052,3051,3050,3049,3048,3047,3046,3045,3044,3043,3042,3041,3040,3039,3038,3037,3036,3035,3034,3033,3032,3031,3030,3029,3028,3027,3026,3025,3024,3131,3238,3345,3344,3343,3342,3341,3340,3447,3554,3661,3768,3769,3770,3771,3772,3879,3880,3881,3882,3882,3882,3882,3882,3882,3882,3882,3882,3882,3882,3882,3882,3882,3882,3882,3882,3882,3882,3882,3882,
goal:3882,3882,3882,3882,3882,3882,3882,3882,3882,3882,3882,3882,3882,3882,3882,3882,3882,3882,3882,3882,3882,3882,3882,3882,3882,3882,3882,3882,3882,3882,3882,3882,3882,3882,3882,3882,3882,3882,3882,3882,3882,3882,3882,3882,3882,3882,3882,3882,3882,3882,3882,3882,3882,3882,3882,3882,3882,3882,3882,3882,3882,3882,3882,3882,3882,3882,3882,3882,3882,3882,3882,3882,3882,3882,3882,3882,3882,3882,3882,3882,3882,3882,3882,3882,3882,3882,3882,3882,3882,3882,3882,3882,3882,3882,3882,3882,3882,3882,
size:77
[agent] id:14
path:1805,1912,1911,2018,2125,2232,2339,2338,2337,2336,2335,2334,2333,2332,2331,2330,2329,2328,2327,2326,2325,2324,2323,2322,2321,2320,2319,2318,2317,2316,2315,2314,2313,2312,2311,2310,2309,2308,2307,2306,2305,2304,2303,2302,2301,2300,2299,2298,2297,2296,2295,2294,2293,2292,2291,2290,2289,2288,2288,2288,2288,2288,2288,2288,2288,2288,2288,2288,2288,2288,2288,2288,2288,2288,2288,2288,2288,2288,2288,2288,2288,2288,2288,2288,2288,2288,2288,2288,2288,2288,2288,2288,2288,2288,2288,2288,2288,2288,
goal:2288,2288,2288,2288,2288,2288,2288,2288,2288,2288,2288,2288,2288,2288,2288,2288,2288,2288,2288,2288,2288,2288,2288,2288,2288,2288,2288,2288,2288,2288,2288,2288,2288,2288,2288,2288,2288,2288,2288,2288,2288,2288,2288,2288,2288,2288,2288,2288,2288,2288,2288,2288,2288,2288,2288,2288,2288,2288,2288,2288,2288,2288,2288,2288,2288,2288,2288,2288,2288,2288,2288,2288,2288,2288,2288,2288,2288,2288,2288,2288,2288,2288,2288,2288,2288,2288,2288,2288,2288,2288,2288,2288,2288,2288,2288,2288,2288,2288,
size:57
[agent] id:15
path:2276,2169,2062,1955,1956,1957,1958,1959,1960,1961,1962,1963,1964,1965,1966,1967,1860,1861,1862,1863,1864,1865,1758,1651,1544,1437,1330,1223,1116,1117,1118,1119,1120,1121,1122,1122,1122,1122,1122,1122,1122,1122,1122,1122,1122,1122,1122,1122,1122,1122,1122,1122,1122,1122,1122,1122,1122,1122,1122,1122,1122,1122,1122,1122,1122,1122,1122,1122,1122,1122,1122,1122,1122,1122,1122,1122,1122,1122,1122,1122,1122,1122,1122,1122,1122,1122,1122,1122,1122,1122,1122,1122,1122,1122,1122,1122,1122,1122,
goal:1122,1122,1122,1122,1122,1122,1122,1122,1122,1122,1122,1122,1122,1122,1122,1122,1122,1122,1122,1122,1122,1122,1122,1122,1122,1122,1122,1122,1122,1122,1122,1122,1122,1122,1122,1122,1122,1122,1122,1122,1122,1122,1122,1122,1122,1122,1122,1122,1122,1122,1122,1122,1122,1122,1122,1122,1122,1122,1122,1122,1122,1122,1122,1122,1122,1122,1122,1122,1122,1122,1122,1122,1122,1122,1122,1122,1122,1122,1122,1122,1122,1122,1122,1122,1122,1122,1122,1122,1122,1122,1122,1122,1122,1122,1122,1122,1122,1122,
size:34
[agent] id:16
path:1956,2063,2170,2277,2384,2491,2598,2705,2812,2919,2920,2921,2922,2923,2924,2925,2926,2927,2928,2929,2930,2931,2932,2933,2934,2935,2936,2937,2938,2939,2940,2941,2942,2943,2944,2945,2946,2947,2948,2949,2950,2951,2952,2953,3060,3061,3062,3169,3170,3171,3172,3173,3280,3387,3494,3601,3708,3815,3922,4029,4136,4243,4350,4457,4456,4563,4562,4669,4669,4669,4669,4669,4669,4669,4669,4669,4669,4669,4669,4669,4669,4669,4669,4669,4669,4669,4669,4669,4669,4669,4669,4669,4669,4669,4669,4669,4669,4669,
goal:4669,4669,4669,4669,4669,4669,4669,4669,4669,4669,4669,4669,4669,4669,4669,4669,4669,4669,4669,4669,4669,4669,4669,4669,4669,4669,4669,4669,4669,4669,4669,4669,4669,4669,4669,4669,4669,4669,4669,4669,4669,4669,4669,4669,4669,4669,4669,4669,4669,4669,4669,4669,4669,4669,4669,4669,4669,4669,4669,4669,4669,4669,4669,4669,4669,4669,4669,4669,4669,4669,4669,4669,4669,4669,4669,4669,4669,4669,4669,4669,4669,4669,4669,4669,4669,4669,4669,4669,4669,4669,4669,4669,4669,4669,4669,4669,4669,4669,
size:67
[agent] id:17
path:447,554,661,768,875,982,1089,1196,1303,1410,1411,1412,1413,1520,1627,1734,1841,1948,2055,2162,2269,2268,2267,2266,2266,2266,2266,2266,2266,2266,2266,2266,2266,2266,2266,2266,2266,2266,2266,2266,2266,2266,2266,2266,2266,2266,2266,2266,2266,2266,2266,2266,2266,2266,2266,2266,2266,2266,2266,2266,2266,2266,2266,2266,2266,2266,2266,2266,2266,2266,2266,2266,2266,2266,2266,2266,2266,2266,2266,2266,2266,2266,2266,2266,2266,2266,2266,2266,2266,2266,2266,2266,2266,2266,2266,2266,2266,2266,
goal:2266,2266,2266,2266,2266,2266,2266,2266,2266,2266,2266,2266,2266,2266,2266,2266,2266,2266,2266,2266,2266,2266,2266,2266,2266,2266,2266,2266,2266,2266,2266,2266,2266,2266,2266,2266,2266,2266,2266,2266,2266,2266,2266,2266,2266,2266,2266,2266,2266,2266,2266,2266,2266,2266,2266,2266,2266,2266,2266,2266,2266,2266,2266,2266,2266,2266,2266,2266,2266,2266,2266,2266,2266,2266,2266,2266,2266,2266,2266,2266,2266,2266,2266,2266,2266,2266,2266,2266,2266,2266,2266,2266,2266,2266,2266,2266,2266,2266,
size:23
[agent] id:18
path:2941,2834,2835,2836,2836,2836,2836,2836,2836,2836,2836,2836,2836,2836,2836,2836,2836,2836,2836,2836,2836,2836,2836,2836,2836,2836,2836,2836,2836,2836,2836,2836,2836,2836,2836,2836,2836,2836,2836,2836,2836,2836,2836,2836,2836,2836,2836,2836,2836,2836,2836,2836,2836,2836,2836,2836,2836,2836,2836,2836,2836,2836,2836,2836,2836,2836,2836,2836,2836,2836,2836,2836,2836,2836,2836,2836,2836,2836,2836,2836,2836,2836,2836,2836,2836,2836,2836,2836,2836,2836,2836,2836,2836,2836,2836,2836,2836,2836,
goal:2836,2836,2836,2836,2836,2836,2836,2836,2836,2836,2836,2836,2836,2836,2836,2836,2836,2836,2836,2836,2836,2836,2836,2836,2836,2836,2836,2836,2836,2836,2836,2836,2836,2836,2836,2836,2836,2836,2836,2836,2836,2836,2836,2836,2836,2836,2836,2836,2836,2836,2836,2836,2836,2836,2836,2836,2836,2836,2836,2836,2836,2836,2836,2836,2836,2836,2836,2836,2836,2836,2836,2836,2836,2836,2836,2836,2836,2836,2836,2836,2836,2836,2836,2836,2836,2836,2836,2836,2836,2836,2836,2836,2836,2836,2836,2836,2836,2836,
size:3
[agent] id:19
path:1302,1303,1304,1305,1306,1307,1414,1521,1628,1735,1842,1843,1844,1845,1846,1847,1954,1955,1956,1957,1958,1959,1960,1961,1962,1963,1964,1965,1966,1967,1968,1969,1970,1971,1972,1973,1974,1975,1976,1977,1978,1979,1980,1981,1982,1983,1984,1985,1986,1987,1988,1989,1990,1991,1884,1885,1886,1887,1888,1889,1782,1675,1568,1461,1354,1247,1140,1033,926,819,712,605,604,603,602,601,601,601,601,601,601,601,601,601,601,601,601,601,601,601,601,601,601,601,601,601,601,601,
goal:601,601,601,601,601,601,601,601,601,601,601,601,601,601,601,601,601,601,601,601,601,601,601,601,601,601,601,601,601,601,601,601,601,601,601,601,601,601,601,601,601,601,601,601,601,601,601,601,601,601,601,601,601,601,601,601,601,601,601,601,601,601,601,601,601,601,601,601,601,601,601,601,601,601,601,601,601,601,601,601,601,601,601,601,601,601,601,601,601,601,601,601,601,601,601,601,601,601,
size:75
SolutionCost:934
