[setting] seed:14
[solver] type:ECBS
[solver] w:3.000000
[solver] ID:0
[solver] Lowlevelnode:30429
[solver] solved:1
[solver] elapsed:370
[solver] makespan:99
[problem] timesteplimit:10000
[problem] type:MAPF
[problem] agentnum:30
[graph] width:107
[graph] height:47
[graph] filename:./map/orz601d.map
[task] id:22,start:0,end:0,service time:0,nodes:2590,
[task] id:1,start:0,end:0,service time:0,nodes:1901,
[task] id:18,start:0,end:0,service time:0,nodes:3080,
[task] id:3,start:0,end:0,service time:0,nodes:1802,
[task] id:6,start:0,end:0,service time:0,nodes:2562,
[task] id:25,start:0,end:0,service time:0,nodes:2647,
[task] id:28,start:0,end:0,service time:0,nodes:2267,
[task] id:14,start:0,end:0,service time:0,nodes:1860,
[task] id:20,start:0,end:0,service time:0,nodes:2836,
[task] id:0,start:0,end:0,service time:0,nodes:2378,
[task] id:5,start:0,end:0,service time:0,nodes:3162,
[task] id:15,start:0,end:0,service time:0,nodes:2723,
[task] id:11,start:0,end:0,service time:0,nodes:1783,
[task] id:9,start:0,end:0,service time:0,nodes:2936,
[task] id:2,start:0,end:0,service time:0,nodes:2928,
[task] id:7,start:0,end:0,service time:0,nodes:2787,
[task] id:17,start:0,end:0,service time:0,nodes:2975,
[task] id:10,start:0,end:0,service time:0,nodes:3340,
[task] id:26,start:0,end:0,service time:0,nodes:2114,
[task] id:19,start:0,end:0,service time:0,nodes:2407,
[task] id:21,start:0,end:0,service time:0,nodes:684,
[task] id:16,start:0,end:0,service time:0,nodes:2207,
[task] id:8,start:0,end:0,service time:0,nodes:2605,
[task] id:24,start:0,end:0,service time:0,nodes:1227,
[task] id:4,start:0,end:0,service time:0,nodes:2385,
[task] id:12,start:0,end:0,service time:0,nodes:2384,
[task] id:23,start:0,end:0,service time:0,nodes:1036,
[task] id:27,start:0,end:0,service time:0,nodes:2254,
[task] id:29,start:0,end:0,service time:0,nodes:982,
[task] id:13,start:0,end:0,service time:0,nodes:1935,
[agent] id:0
path:4190,4083,3976,3869,3762,3763,3764,3765,3766,3767,3660,3553,3446,3339,3232,3125,3018,2911,2804,2805,2806,2699,2592,2485,2378,2378,2378,2378,2378,2378,2378,2378,2378,2378,2378,2378,2378,2378,2378,2378,2378,2378,2378,2378,2378,2378,2378,2378,2378,2378,2378,2378,2378,2378,2378,2378,2378,2378,2378,2378,2378,2378,2378,2378,2378,2378,2378,2378,2378,2378,2378,2378,2378,2378,2378,2378,2378,2378,2378,2378,2378,2378,2378,2378,2378,2378,2378,2378,2378,2378,2378,2378,2378,2378,2378,2378,2378,2378,2378,2378,
goal:2378,2378,2378,2378,2378,2378,2378,2378,2378,2378,2378,2378,2378,2378,2378,2378,2378,2378,2378,2378,2378,2378,2378,2378,2378,2378,2378,2378,2378,2378,2378,2378,2378,2378,2378,2378,2378,2378,2378,2378,2378,2378,2378,2378,2378,2378,2378,2378,2378,2378,2378,2378,2378,2378,2378,2378,2378,2378,2378,2378,2378,2378,2378,2378,2378,2378,2378,2378,2378,2378,2378,2378,2378,2378,2378,2378,2378,2378,2378,2378,2378,2378,2378,2378,2378,2378,2378,2378,2378,2378,2378,2378,2378,2378,2378,2378,2378,2378,2378,2378,
size:24
[agent] id:1
path:2225,2118,2117,2116,2009,1902,1901,1901,1901,1901,1901,1901,1901,1901,1901,1901,1901,1901,1901,1901,1901,1901,1901,1901,1901,1901,1901,1901,1901,1901,1901,1901,1901,1901,1901,1901,1901,1901,1901,1901,1901,1901,1901,1901,1901,1901,1901,1901,1901,1901,1901,1901,1901,1901,1901,1901,1901,1901,1901,1901,1901,1901,1901,1901,1901,1901,1901,1901,1901,1901,1901,1901,1901,1901,1901,1901,1901,1901,1901,1901,1901,1901,1901,1901,1901,1901,1901,1901,1901,1901,1901,1901,1901,1901,1901,1901,1901,1901,1901,1901,
goal:1901,1901,1901,1901,1901,1901,1901,1901,1901,1901,1901,1901,1901,1901,1901,1901,1901,1901,1901,1901,1901,1901,1901,1901,1901,1901,1901,1901,1901,1901,1901,1901,1901,1901,1901,1901,1901,1901,1901,1901,1901,1901,1901,1901,1901,1901,1901,1901,1901,1901,1901,1901,1901,1901,1901,1901,1901,1901,1901,1901,1901,1901,1901,1901,1901,1901,1901,1901,1901,1901,1901,1901,1901,1901,1901,1901,1901,1901,1901,1901,1901,1901,1901,1901,1901,1901,1901,1901,1901,1901,1901,1901,1901,1901,1901,1901,1901,1901,1901,1901,
size:6
[agent] id:2
path:558,665,772,879,986,1093,1200,1307,1414,1521,1628,1735,1842,1949,2056,2163,2270,2377,2484,2591,2698,2805,2912,2913,2914,2915,2916,2917,2918,2919,2920,2921,2922,2923,2924,2925,2926,2927,2928,2928,2928,2928,2928,2928,2928,2928,2928,2928,2928,2928,2928,2928,2928,2928,2928,2928,2928,2928,2928,2928,2928,2928,2928,2928,2928,2928,2928,2928,2928,2928,2928,2928,2928,2928,2928,2928,2928,2928,2928,2928,2928,2928,2928,2928,2928,2928,2928,2928,2928,2928,2928,2928,2928,2928,2928,2928,2928,2928,2928,2928,
goal:2928,2928,2928,2928,2928,2928,2928,2928,2928,2928,2928,2928,2928,2928,2928,2928,2928,2928,2928,2928,2928,2928,2928,2928,2928,2928,2928,2928,2928,2928,2928,2928,2928,2928,2928,2928,2928,2928,2928,2928,2928,2928,2928,2928,2928,2928,2928,2928,2928,2928,2928,2928,2928,2928,2928,2928,2928,2928,2928,2928,2928,2928,2928,2928,2928,2928,2928,2928,2928,2928,2928,2928,2928,2928,2928,2928,2928,2928,2928,2928,2928,2928,2928,2928,2928,2928,2928,2928,2928,2928,2928,2928,2928,2928,2928,2928,2928,2928,2928,2928,
size:38
[agent] id:3
path:1795,1796,1903,2010,2011,2012,2013,2014,2015,1908,1909,1802,1802,1802,1802,1802,1802,1802,1802,1802,1802,1802,1802,1802,1802,1802,1802,1802,1802,1802,1802,1802,1802,1802,1802,1802,1802,1802,1802,1802,1802,1802,1802,1802,1802,1802,1802,1802,1802,1802,1802,1802,1802,1802,1802,1802,1802,1802,1802,1802,1802,1802,1802,1802,1802,1802,1802,1802,1802,1802,1802,1802,1802,1802,1802,1802,1802,1802,1802,1802,1802,1802,1802,1802,1802,1802,1802,1802,1802,1802,1802,1802,1802,1802,1802,1802,1802,1802,1802,1802,
goal:1802,1802,1802,1802,1802,1802,1802,1802,1802,1802,1802,1802,1802,1802,1802,1802,1802,1802,1802,1802,1802,1802,1802,1802,1802,1802,1802,1802,1802,1802,1802,1802,1802,1802,1802,1802,1802,1802,1802,1802,1802,1802,1802,1802,1802,1802,1802,1802,1802,1802,1802,1802,1802,1802,1802,1802,1802,1802,1802,1802,1802,1802,1802,1802,1802,1802,1802,1802,1802,1802,1802,1802,1802,1802,1802,1802,1802,1802,1802,1802,1802,1802,1802,1802,1802,1802,1802,1802,1802,1802,1802,1802,1802,1802,1802,1802,1802,1802,1802,1802,
size:11
[agent] id:4
path:2560,2453,2452,2451,2450,2449,2448,2447,2446,2445,2444,2443,2442,2441,2440,2439,2438,2437,2436,2435,2434,2433,2432,2431,2430,2429,2428,2427,2426,2425,2424,2423,2422,2421,2420,2419,2418,2417,2416,2415,2414,2413,2412,2411,2410,2409,2408,2407,2406,2405,2404,2403,2402,2401,2400,2399,2398,2397,2396,2395,2394,2393,2392,2391,2390,2389,2388,2387,2386,2385,2385,2385,2385,2385,2385,2385,2385,2385,2385,2385,2385,2385,2385,2385,2385,2385,2385,2385,2385,2385,2385,2385,2385,2385,2385,2385,2385,2385,2385,2385,
goal:2385,2385,2385,2385,2385,2385,2385,2385,2385,2385,2385,2385,2385,2385,2385,2385,2385,2385,2385,2385,2385,2385,2385,2385,2385,2385,2385,2385,2385,2385,2385,2385,2385,2385,2385,2385,2385,2385,2385,2385,2385,2385,2385,2385,2385,2385,2385,2385,2385,2385,2385,2385,2385,2385,2385,2385,2385,2385,2385,2385,2385,2385,2385,2385,2385,2385,2385,2385,2385,2385,2385,2385,2385,2385,2385,2385,2385,2385,2385,2385,2385,2385,2385,2385,2385,2385,2385,2385,2385,2385,2385,2385,2385,2385,2385,2385,2385,2385,2385,2385,
size:69
[agent] id:5
path:3078,3077,3076,3075,3074,3073,3072,3071,3070,3069,3068,3067,3066,3065,3064,3063,3062,3061,3060,3059,3058,3057,3056,3163,3162,3162,3162,3162,3162,3162,3162,3162,3162,3162,3162,3162,3162,3162,3162,3162,3162,3162,3162,3162,3162,3162,3162,3162,3162,3162,3162,3162,3162,3162,3162,3162,3162,3162,3162,3162,3162,3162,3162,3162,3162,3162,3162,3162,3162,3162,3162,3162,3162,3162,3162,3162,3162,3162,3162,3162,3162,3162,3162,3162,3162,3162,3162,3162,3162,3162,3162,3162,3162,3162,3162,3162,3162,3162,3162,3162,
goal:3162,3162,3162,3162,3162,3162,3162,3162,3162,3162,3162,3162,3162,3162,3162,3162,3162,3162,3162,3162,3162,3162,3162,3162,3162,3162,3162,3162,3162,3162,3162,3162,3162,3162,3162,3162,3162,3162,3162,3162,3162,3162,3162,3162,3162,3162,3162,3162,3162,3162,3162,3162,3162,3162,3162,3162,3162,3162,3162,3162,3162,3162,3162,3162,3162,3162,3162,3162,3162,3162,3162,3162,3162,3162,3162,3162,3162,3162,3162,3162,3162,3162,3162,3162,3162,3162,3162,3162,3162,3162,3162,3162,3162,3162,3162,3162,3162,3162,3162,3162,
size:24
[agent] id:6
path:2338,2445,2552,2553,2554,2555,2556,2557,2558,2559,2560,2561,2562,2562,2562,2562,2562,2562,2562,2562,2562,2562,2562,2562,2562,2562,2562,2562,2562,2562,2562,2562,2562,2562,2562,2562,2562,2562,2562,2562,2562,2562,2562,2562,2562,2562,2562,2562,2562,2562,2562,2562,2562,2562,2562,2562,2562,2562,2562,2562,2562,2562,2562,2562,2562,2562,2562,2562,2562,2562,2562,2562,2562,2562,2562,2562,2562,2562,2562,2562,2562,2562,2562,2562,2562,2562,2562,2562,2562,2562,2562,2562,2562,2562,2562,2562,2562,2562,2562,2562,
goal:2562,2562,2562,2562,2562,2562,2562,2562,2562,2562,2562,2562,2562,2562,2562,2562,2562,2562,2562,2562,2562,2562,2562,2562,2562,2562,2562,2562,2562,2562,2562,2562,2562,2562,2562,2562,2562,2562,2562,2562,2562,2562,2562,2562,2562,2562,2562,2562,2562,2562,2562,2562,2562,2562,2562,2562,2562,2562,2562,2562,2562,2562,2562,2562,2562,2562,2562,2562,2562,2562,2562,2562,2562,2562,2562,2562,2562,2562,2562,2562,2562,2562,2562,2562,2562,2562,2562,2562,2562,2562,2562,2562,2562,2562,2562,2562,2562,2562,2562,2562,
size:12
[agent] id:7
path:1747,1854,1961,2068,2175,2282,2389,2496,2495,2494,2493,2492,2491,2490,2489,2488,2487,2486,2485,2484,2483,2482,2481,2480,2479,2478,2477,2476,2475,2474,2581,2688,2795,2794,2793,2792,2791,2790,2789,2788,2787,2787,2787,2787,2787,2787,2787,2787,2787,2787,2787,2787,2787,2787,2787,2787,2787,2787,2787,2787,2787,2787,2787,2787,2787,2787,2787,2787,2787,2787,2787,2787,2787,2787,2787,2787,2787,2787,2787,2787,2787,2787,2787,2787,2787,2787,2787,2787,2787,2787,2787,2787,2787,2787,2787,2787,2787,2787,2787,2787,
goal:2787,2787,2787,2787,2787,2787,2787,2787,2787,2787,2787,2787,2787,2787,2787,2787,2787,2787,2787,2787,2787,2787,2787,2787,2787,2787,2787,2787,2787,2787,2787,2787,2787,2787,2787,2787,2787,2787,2787,2787,2787,2787,2787,2787,2787,2787,2787,2787,2787,2787,2787,2787,2787,2787,2787,2787,2787,2787,2787,2787,2787,2787,2787,2787,2787,2787,2787,2787,2787,2787,2787,2787,2787,2787,2787,2787,2787,2787,2787,2787,2787,2787,2787,2787,2787,2787,2787,2787,2787,2787,2787,2787,2787,2787,2787,2787,2787,2787,2787,2787,
size:40
[agent] id:8
path:2237,2344,2451,2450,2449,2448,2447,2554,2553,2552,2551,2550,2549,2548,2547,2546,2545,2544,2543,2542,2541,2540,2539,2646,2645,2644,2643,2642,2641,2640,2639,2638,2637,2636,2635,2634,2633,2632,2631,2630,2629,2628,2627,2626,2625,2624,2623,2622,2621,2620,2619,2618,2617,2616,2615,2614,2613,2612,2611,2610,2609,2608,2607,2606,2605,2605,2605,2605,2605,2605,2605,2605,2605,2605,2605,2605,2605,2605,2605,2605,2605,2605,2605,2605,2605,2605,2605,2605,2605,2605,2605,2605,2605,2605,2605,2605,2605,2605,2605,2605,
goal:2605,2605,2605,2605,2605,2605,2605,2605,2605,2605,2605,2605,2605,2605,2605,2605,2605,2605,2605,2605,2605,2605,2605,2605,2605,2605,2605,2605,2605,2605,2605,2605,2605,2605,2605,2605,2605,2605,2605,2605,2605,2605,2605,2605,2605,2605,2605,2605,2605,2605,2605,2605,2605,2605,2605,2605,2605,2605,2605,2605,2605,2605,2605,2605,2605,2605,2605,2605,2605,2605,2605,2605,2605,2605,2605,2605,2605,2605,2605,2605,2605,2605,2605,2605,2605,2605,2605,2605,2605,2605,2605,2605,2605,2605,2605,2605,2605,2605,2605,2605,
size:64
[agent] id:9
path:2001,2108,2215,2322,2429,2536,2643,2750,2857,2964,2963,2962,2961,2960,2959,2958,2957,2956,2955,2954,2953,2952,2951,2950,2949,2948,2947,2946,2945,2944,2943,2942,2941,2940,2939,2938,2937,2936,2936,2936,2936,2936,2936,2936,2936,2936,2936,2936,2936,2936,2936,2936,2936,2936,2936,2936,2936,2936,2936,2936,2936,2936,2936,2936,2936,2936,2936,2936,2936,2936,2936,2936,2936,2936,2936,2936,2936,2936,2936,2936,2936,2936,2936,2936,2936,2936,2936,2936,2936,2936,2936,2936,2936,2936,2936,2936,2936,2936,2936,2936,
goal:2936,2936,2936,2936,2936,2936,2936,2936,2936,2936,2936,2936,2936,2936,2936,2936,2936,2936,2936,2936,2936,2936,2936,2936,2936,2936,2936,2936,2936,2936,2936,2936,2936,2936,2936,2936,2936,2936,2936,2936,2936,2936,2936,2936,2936,2936,2936,2936,2936,2936,2936,2936,2936,2936,2936,2936,2936,2936,2936,2936,2936,2936,2936,2936,2936,2936,2936,2936,2936,2936,2936,2936,2936,2936,2936,2936,2936,2936,2936,2936,2936,2936,2936,2936,2936,2936,2936,2936,2936,2936,2936,2936,2936,2936,2936,2936,2936,2936,2936,2936,
size:37
[agent] id:10
path:2844,2951,3058,3057,3056,3055,3054,3053,3052,3051,3050,3049,3048,3047,3046,3045,3044,3043,3042,3041,3040,3039,3038,3037,3036,3035,3034,3033,3032,3031,3030,3029,3028,3027,3026,3025,3024,3131,3238,3345,3344,3343,3342,3341,3340,3340,3340,3340,3340,3340,3340,3340,3340,3340,3340,3340,3340,3340,3340,3340,3340,3340,3340,3340,3340,3340,3340,3340,3340,3340,3340,3340,3340,3340,3340,3340,3340,3340,3340,3340,3340,3340,3340,3340,3340,3340,3340,3340,3340,3340,3340,3340,3340,3340,3340,3340,3340,3340,3340,3340,
goal:3340,3340,3340,3340,3340,3340,3340,3340,3340,3340,3340,3340,3340,3340,3340,3340,3340,3340,3340,3340,3340,3340,3340,3340,3340,3340,3340,3340,3340,3340,3340,3340,3340,3340,3340,3340,3340,3340,3340,3340,3340,3340,3340,3340,3340,3340,3340,3340,3340,3340,3340,3340,3340,3340,3340,3340,3340,3340,3340,3340,3340,3340,3340,3340,3340,3340,3340,3340,3340,3340,3340,3340,3340,3340,3340,3340,3340,3340,3340,3340,3340,3340,3340,3340,3340,3340,3340,3340,3340,3340,3340,3340,3340,3340,3340,3340,3340,3340,3340,3340,
size:44
[agent] id:11
path:2288,2181,2074,2075,2076,2077,2078,2079,2080,2081,2082,2083,2084,2085,2086,2087,2088,2089,2090,2091,2092,2093,2094,2095,2096,1989,1990,1991,1884,1885,1886,1887,1888,1889,1782,1783,1783,1783,1783,1783,1783,1783,1783,1783,1783,1783,1783,1783,1783,1783,1783,1783,1783,1783,1783,1783,1783,1783,1783,1783,1783,1783,1783,1783,1783,1783,1783,1783,1783,1783,1783,1783,1783,1783,1783,1783,1783,1783,1783,1783,1783,1783,1783,1783,1783,1783,1783,1783,1783,1783,1783,1783,1783,1783,1783,1783,1783,1783,1783,1783,
goal:1783,1783,1783,1783,1783,1783,1783,1783,1783,1783,1783,1783,1783,1783,1783,1783,1783,1783,1783,1783,1783,1783,1783,1783,1783,1783,1783,1783,1783,1783,1783,1783,1783,1783,1783,1783,1783,1783,1783,1783,1783,1783,1783,1783,1783,1783,1783,1783,1783,1783,1783,1783,1783,1783,1783,1783,1783,1783,1783,1783,1783,1783,1783,1783,1783,1783,1783,1783,1783,1783,1783,1783,1783,1783,1783,1783,1783,1783,1783,1783,1783,1783,1783,1783,1783,1783,1783,1783,1783,1783,1783,1783,1783,1783,1783,1783,1783,1783,1783,1783,
size:35
[agent] id:12
path:3306,3199,3092,3093,2986,2879,2772,2665,2664,2557,2556,2555,2554,2553,2552,2551,2550,2549,2548,2547,2546,2545,2544,2543,2542,2541,2540,2539,2538,2537,2536,2535,2534,2533,2532,2531,2530,2529,2528,2527,2526,2525,2524,2523,2522,2521,2520,2519,2518,2517,2516,2515,2514,2513,2512,2511,2510,2509,2508,2507,2506,2505,2504,2503,2502,2501,2500,2499,2498,2497,2496,2495,2494,2493,2492,2491,2384,2384,2384,2384,2384,2384,2384,2384,2384,2384,2384,2384,2384,2384,2384,2384,2384,2384,2384,2384,2384,2384,2384,2384,
goal:2384,2384,2384,2384,2384,2384,2384,2384,2384,2384,2384,2384,2384,2384,2384,2384,2384,2384,2384,2384,2384,2384,2384,2384,2384,2384,2384,2384,2384,2384,2384,2384,2384,2384,2384,2384,2384,2384,2384,2384,2384,2384,2384,2384,2384,2384,2384,2384,2384,2384,2384,2384,2384,2384,2384,2384,2384,2384,2384,2384,2384,2384,2384,2384,2384,2384,2384,2384,2384,2384,2384,2384,2384,2384,2384,2384,2384,2384,2384,2384,2384,2384,2384,2384,2384,2384,2384,2384,2384,2384,2384,2384,2384,2384,2384,2384,2384,2384,2384,2384,
size:76
[agent] id:13
path:2988,2881,2774,2667,2666,2665,2664,2663,2556,2555,2554,2553,2552,2551,2550,2549,2548,2547,2546,2545,2544,2543,2542,2541,2540,2539,2538,2537,2536,2535,2534,2533,2532,2531,2530,2529,2528,2527,2526,2525,2524,2523,2522,2521,2520,2519,2518,2517,2516,2515,2514,2513,2512,2511,2510,2509,2508,2507,2506,2505,2504,2503,2502,2501,2500,2499,2498,2497,2496,2495,2494,2493,2492,2491,2490,2489,2488,2487,2486,2485,2484,2377,2376,2375,2374,2373,2372,2371,2370,2369,2368,2367,2260,2153,2046,1939,1938,1937,1936,1935,
goal:1935,1935,1935,1935,1935,1935,1935,1935,1935,1935,1935,1935,1935,1935,1935,1935,1935,1935,1935,1935,1935,1935,1935,1935,1935,1935,1935,1935,1935,1935,1935,1935,1935,1935,1935,1935,1935,1935,1935,1935,1935,1935,1935,1935,1935,1935,1935,1935,1935,1935,1935,1935,1935,1935,1935,1935,1935,1935,1935,1935,1935,1935,1935,1935,1935,1935,1935,1935,1935,1935,1935,1935,1935,1935,1935,1935,1935,1935,1935,1935,1935,1935,1935,1935,1935,1935,1935,1935,1935,1935,1935,1935,1935,1935,1935,1935,1935,1935,1935,1935,
size:99
[agent] id:14
path:2057,1950,1951,1952,1953,1954,1955,1956,1957,1958,1959,1960,1961,1962,1963,1964,1965,1966,1967,1860,1860,1860,1860,1860,1860,1860,1860,1860,1860,1860,1860,1860,1860,1860,1860,1860,1860,1860,1860,1860,1860,1860,1860,1860,1860,1860,1860,1860,1860,1860,1860,1860,1860,1860,1860,1860,1860,1860,1860,1860,1860,1860,1860,1860,1860,1860,1860,1860,1860,1860,1860,1860,1860,1860,1860,1860,1860,1860,1860,1860,1860,1860,1860,1860,1860,1860,1860,1860,1860,1860,1860,1860,1860,1860,1860,1860,1860,1860,1860,1860,
goal:1860,1860,1860,1860,1860,1860,1860,1860,1860,1860,1860,1860,1860,1860,1860,1860,1860,1860,1860,1860,1860,1860,1860,1860,1860,1860,1860,1860,1860,1860,1860,1860,1860,1860,1860,1860,1860,1860,1860,1860,1860,1860,1860,1860,1860,1860,1860,1860,1860,1860,1860,1860,1860,1860,1860,1860,1860,1860,1860,1860,1860,1860,1860,1860,1860,1860,1860,1860,1860,1860,1860,1860,1860,1860,1860,1860,1860,1860,1860,1860,1860,1860,1860,1860,1860,1860,1860,1860,1860,1860,1860,1860,1860,1860,1860,1860,1860,1860,1860,1860,
size:19
[agent] id:15
path:694,801,908,1015,1122,1229,1336,1443,1442,1441,1440,1439,1438,1545,1652,1759,1866,1973,2080,2187,2294,2401,2508,2615,2722,2723,2723,2723,2723,2723,2723,2723,2723,2723,2723,2723,2723,2723,2723,2723,2723,2723,2723,2723,2723,2723,2723,2723,2723,2723,2723,2723,2723,2723,2723,2723,2723,2723,2723,2723,2723,2723,2723,2723,2723,2723,2723,2723,2723,2723,2723,2723,2723,2723,2723,2723,2723,2723,2723,2723,2723,2723,2723,2723,2723,2723,2723,2723,2723,2723,2723,2723,2723,2723,2723,2723,2723,2723,2723,2723,
goal:2723,2723,2723,2723,2723,2723,2723,2723,2723,2723,2723,2723,2723,2723,2723,2723,2723,2723,2723,2723,2723,2723,2723,2723,2723,2723,2723,2723,2723,2723,2723,2723,2723,2723,2723,2723,2723,2723,2723,2723,2723,2723,2723,2723,2723,2723,2723,2723,2723,2723,2723,2723,2723,2723,2723,2723,2723,2723,2723,2723,2723,2723,2723,2723,2723,2723,2723,2723,2723,2723,2723,2723,2723,2723,2723,2723,2723,2723,2723,2723,2723,2723,2723,2723,2723,2723,2723,2723,2723,2723,2723,2723,2723,2723,2723,2723,2723,2723,2723,2723,
size:25
[agent] id:16
path:3765,3766,3767,3660,3553,3446,3339,3232,3125,3018,2911,2804,2697,2698,2591,2484,2377,2378,2271,2164,2165,2166,2167,2168,2169,2170,2171,2172,2173,2174,2175,2176,2177,2178,2179,2180,2181,2182,2183,2184,2185,2186,2187,2188,2189,2190,2191,2192,2193,2194,2195,2196,2197,2198,2199,2200,2201,2202,2203,2204,2205,2206,2207,2207,2207,2207,2207,2207,2207,2207,2207,2207,2207,2207,2207,2207,2207,2207,2207,2207,2207,2207,2207,2207,2207,2207,2207,2207,2207,2207,2207,2207,2207,2207,2207,2207,2207,2207,2207,2207,
goal:2207,2207,2207,2207,2207,2207,2207,2207,2207,2207,2207,2207,2207,2207,2207,2207,2207,2207,2207,2207,2207,2207,2207,2207,2207,2207,2207,2207,2207,2207,2207,2207,2207,2207,2207,2207,2207,2207,2207,2207,2207,2207,2207,2207,2207,2207,2207,2207,2207,2207,2207,2207,2207,2207,2207,2207,2207,2207,2207,2207,2207,2207,2207,2207,2207,2207,2207,2207,2207,2207,2207,2207,2207,2207,2207,2207,2207,2207,2207,2207,2207,2207,2207,2207,2207,2207,2207,2207,2207,2207,2207,2207,2207,2207,2207,2207,2207,2207,2207,2207,
size:62
[agent] id:17
path:2615,2722,2829,2830,2831,2832,2833,2834,2835,2836,2837,2838,2839,2840,2841,2842,2843,2844,2845,2846,2847,2954,2955,2956,2957,2958,2959,2960,2961,2962,2963,2964,2965,2966,2967,2968,2969,2970,2971,2972,2973,2974,2975,2975,2975,2975,2975,2975,2975,2975,2975,2975,2975,2975,2975,2975,2975,2975,2975,2975,2975,2975,2975,2975,2975,2975,2975,2975,2975,2975,2975,2975,2975,2975,2975,2975,2975,2975,2975,2975,2975,2975,2975,2975,2975,2975,2975,2975,2975,2975,2975,2975,2975,2975,2975,2975,2975,2975,2975,2975,
goal:2975,2975,2975,2975,2975,2975,2975,2975,2975,2975,2975,2975,2975,2975,2975,2975,2975,2975,2975,2975,2975,2975,2975,2975,2975,2975,2975,2975,2975,2975,2975,2975,2975,2975,2975,2975,2975,2975,2975,2975,2975,2975,2975,2975,2975,2975,2975,2975,2975,2975,2975,2975,2975,2975,2975,2975,2975,2975,2975,2975,2975,2975,2975,2975,2975,2975,2975,2975,2975,2975,2975,2975,2975,2975,2975,2975,2975,2975,2975,2975,2975,2975,2975,2975,2975,2975,2975,2975,2975,2975,2975,2975,2975,2975,2975,2975,2975,2975,2975,2975,
size:42
[agent] id:18
path:2872,2979,3086,3085,3084,3083,3082,3081,3080,3080,3080,3080,3080,3080,3080,3080,3080,3080,3080,3080,3080,3080,3080,3080,3080,3080,3080,3080,3080,3080,3080,3080,3080,3080,3080,3080,3080,3080,3080,3080,3080,3080,3080,3080,3080,3080,3080,3080,3080,3080,3080,3080,3080,3080,3080,3080,3080,3080,3080,3080,3080,3080,3080,3080,3080,3080,3080,3080,3080,3080,3080,3080,3080,3080,3080,3080,3080,3080,3080,3080,3080,3080,3080,3080,3080,3080,3080,3080,3080,3080,3080,3080,3080,3080,3080,3080,3080,3080,3080,3080,
goal:3080,3080,3080,3080,3080,3080,3080,3080,3080,3080,3080,3080,3080,3080,3080,3080,3080,3080,3080,3080,3080,3080,3080,3080,3080,3080,3080,3080,3080,3080,3080,3080,3080,3080,3080,3080,3080,3080,3080,3080,3080,3080,3080,3080,3080,3080,3080,3080,3080,3080,3080,3080,3080,3080,3080,3080,3080,3080,3080,3080,3080,3080,3080,3080,3080,3080,3080,3080,3080,3080,3080,3080,3080,3080,3080,3080,3080,3080,3080,3080,3080,3080,3080,3080,3080,3080,3080,3080,3080,3080,3080,3080,3080,3080,3080,3080,3080,3080,3080,3080,
size:8
[agent] id:19
path:2038,2145,2252,2359,2360,2361,2362,2363,2364,2365,2366,2367,2368,2369,2370,2371,2372,2373,2374,2375,2376,2377,2378,2379,2380,2381,2382,2383,2384,2385,2386,2387,2388,2389,2390,2391,2392,2393,2394,2395,2396,2397,2398,2399,2400,2293,2294,2295,2296,2297,2298,2299,2300,2407,2407,2407,2407,2407,2407,2407,2407,2407,2407,2407,2407,2407,2407,2407,2407,2407,2407,2407,2407,2407,2407,2407,2407,2407,2407,2407,2407,2407,2407,2407,2407,2407,2407,2407,2407,2407,2407,2407,2407,2407,2407,2407,2407,2407,2407,2407,
goal:2407,2407,2407,2407,2407,2407,2407,2407,2407,2407,2407,2407,2407,2407,2407,2407,2407,2407,2407,2407,2407,2407,2407,2407,2407,2407,2407,2407,2407,2407,2407,2407,2407,2407,2407,2407,2407,2407,2407,2407,2407,2407,2407,2407,2407,2407,2407,2407,2407,2407,2407,2407,2407,2407,2407,2407,2407,2407,2407,2407,2407,2407,2407,2407,2407,2407,2407,2407,2407,2407,2407,2407,2407,2407,2407,2407,2407,2407,2407,2407,2407,2407,2407,2407,2407,2407,2407,2407,2407,2407,2407,2407,2407,2407,2407,2407,2407,2407,2407,2407,
size:53
[agent] id:20
path:1438,1545,1652,1759,1866,1973,2080,2187,2294,2401,2508,2615,2722,2829,2830,2831,2832,2833,2834,2835,2836,2836,2836,2836,2836,2836,2836,2836,2836,2836,2836,2836,2836,2836,2836,2836,2836,2836,2836,2836,2836,2836,2836,2836,2836,2836,2836,2836,2836,2836,2836,2836,2836,2836,2836,2836,2836,2836,2836,2836,2836,2836,2836,2836,2836,2836,2836,2836,2836,2836,2836,2836,2836,2836,2836,2836,2836,2836,2836,2836,2836,2836,2836,2836,2836,2836,2836,2836,2836,2836,2836,2836,2836,2836,2836,2836,2836,2836,2836,2836,
goal:2836,2836,2836,2836,2836,2836,2836,2836,2836,2836,2836,2836,2836,2836,2836,2836,2836,2836,2836,2836,2836,2836,2836,2836,2836,2836,2836,2836,2836,2836,2836,2836,2836,2836,2836,2836,2836,2836,2836,2836,2836,2836,2836,2836,2836,2836,2836,2836,2836,2836,2836,2836,2836,2836,2836,2836,2836,2836,2836,2836,2836,2836,2836,2836,2836,2836,2836,2836,2836,2836,2836,2836,2836,2836,2836,2836,2836,2836,2836,2836,2836,2836,2836,2836,2836,2836,2836,2836,2836,2836,2836,2836,2836,2836,2836,2836,2836,2836,2836,2836,
size:20
[agent] id:21
path:825,824,823,822,821,820,819,926,1033,1140,1247,1354,1461,1568,1675,1782,1889,1888,1887,1886,1885,1884,1991,1990,1989,1988,1987,1986,1985,1984,1983,1982,1981,1980,1979,1978,1871,1870,1869,1868,1867,1866,1759,1652,1545,1438,1331,1224,1117,1010,903,796,689,688,687,686,685,684,684,684,684,684,684,684,684,684,684,684,684,684,684,684,684,684,684,684,684,684,684,684,684,684,684,684,684,684,684,684,684,684,684,684,684,684,684,684,684,684,684,684,
goal:684,684,684,684,684,684,684,684,684,684,684,684,684,684,684,684,684,684,684,684,684,684,684,684,684,684,684,684,684,684,684,684,684,684,684,684,684,684,684,684,684,684,684,684,684,684,684,684,684,684,684,684,684,684,684,684,684,684,684,684,684,684,684,684,684,684,684,684,684,684,684,684,684,684,684,684,684,684,684,684,684,684,684,684,684,684,684,684,684,684,684,684,684,684,684,684,684,684,684,684,
size:57
[agent] id:22
path:2803,2696,2589,2590,2590,2590,2590,2590,2590,2590,2590,2590,2590,2590,2590,2590,2590,2590,2590,2590,2590,2590,2590,2590,2590,2590,2590,2590,2590,2590,2590,2590,2590,2590,2590,2590,2590,2590,2590,2590,2590,2590,2590,2590,2590,2590,2590,2590,2590,2590,2590,2590,2590,2590,2590,2590,2590,2590,2590,2590,2590,2590,2590,2590,2590,2590,2590,2590,2590,2590,2590,2590,2590,2590,2590,2590,2590,2590,2590,2590,2590,2590,2590,2590,2590,2590,2590,2590,2590,2590,2590,2590,2590,2590,2590,2590,2590,2590,2590,2590,
goal:2590,2590,2590,2590,2590,2590,2590,2590,2590,2590,2590,2590,2590,2590,2590,2590,2590,2590,2590,2590,2590,2590,2590,2590,2590,2590,2590,2590,2590,2590,2590,2590,2590,2590,2590,2590,2590,2590,2590,2590,2590,2590,2590,2590,2590,2590,2590,2590,2590,2590,2590,2590,2590,2590,2590,2590,2590,2590,2590,2590,2590,2590,2590,2590,2590,2590,2590,2590,2590,2590,2590,2590,2590,2590,2590,2590,2590,2590,2590,2590,2590,2590,2590,2590,2590,2590,2590,2590,2590,2590,2590,2590,2590,2590,2590,2590,2590,2590,2590,2590,
size:3
[agent] id:23
path:4196,4089,3982,3875,3768,3661,3554,3447,3340,3233,3126,3019,2912,2805,2698,2591,2484,2485,2378,2271,2164,2057,2058,2059,2060,2061,2062,2063,2064,2065,2066,2067,2068,2069,2070,2071,2072,2073,2074,2075,2076,2077,2078,2079,2080,2081,2082,2083,2084,2085,2086,1979,1980,1981,1982,1983,1984,1985,1986,1987,1988,1989,1990,1991,1884,1885,1886,1887,1888,1889,1782,1675,1568,1461,1354,1247,1140,1033,1034,1035,1036,1036,1036,1036,1036,1036,1036,1036,1036,1036,1036,1036,1036,1036,1036,1036,1036,1036,1036,1036,
goal:1036,1036,1036,1036,1036,1036,1036,1036,1036,1036,1036,1036,1036,1036,1036,1036,1036,1036,1036,1036,1036,1036,1036,1036,1036,1036,1036,1036,1036,1036,1036,1036,1036,1036,1036,1036,1036,1036,1036,1036,1036,1036,1036,1036,1036,1036,1036,1036,1036,1036,1036,1036,1036,1036,1036,1036,1036,1036,1036,1036,1036,1036,1036,1036,1036,1036,1036,1036,1036,1036,1036,1036,1036,1036,1036,1036,1036,1036,1036,1036,1036,1036,1036,1036,1036,1036,1036,1036,1036,1036,1036,1036,1036,1036,1036,1036,1036,1036,1036,1036,
size:80
[agent] id:24
path:2452,2451,2450,2449,2448,2447,2446,2339,2232,2125,2018,2017,2016,2015,2014,2013,2012,2011,2010,2009,2008,2007,2006,2005,2004,2003,2002,2001,2000,1999,1998,1997,1996,1995,1994,1993,1992,1991,1990,1989,1988,1987,1986,1985,1984,1983,1982,1981,1980,1979,1978,1871,1870,1869,1868,1867,1866,1759,1652,1545,1438,1331,1224,1225,1226,1227,1227,1227,1227,1227,1227,1227,1227,1227,1227,1227,1227,1227,1227,1227,1227,1227,1227,1227,1227,1227,1227,1227,1227,1227,1227,1227,1227,1227,1227,1227,1227,1227,1227,1227,
goal:1227,1227,1227,1227,1227,1227,1227,1227,1227,1227,1227,1227,1227,1227,1227,1227,1227,1227,1227,1227,1227,1227,1227,1227,1227,1227,1227,1227,1227,1227,1227,1227,1227,1227,1227,1227,1227,1227,1227,1227,1227,1227,1227,1227,1227,1227,1227,1227,1227,1227,1227,1227,1227,1227,1227,1227,1227,1227,1227,1227,1227,1227,1227,1227,1227,1227,1227,1227,1227,1227,1227,1227,1227,1227,1227,1227,1227,1227,1227,1227,1227,1227,1227,1227,1227,1227,1227,1227,1227,1227,1227,1227,1227,1227,1227,1227,1227,1227,1227,1227,
size:65
[agent] id:25
path:2635,2636,2637,2638,2639,2640,2641,2642,2643,2644,2645,2646,2647,2647,2647,2647,2647,2647,2647,2647,2647,2647,2647,2647,2647,2647,2647,2647,2647,2647,2647,2647,2647,2647,2647,2647,2647,2647,2647,2647,2647,2647,2647,2647,2647,2647,2647,2647,2647,2647,2647,2647,2647,2647,2647,2647,2647,2647,2647,2647,2647,2647,2647,2647,2647,2647,2647,2647,2647,2647,2647,2647,2647,2647,2647,2647,2647,2647,2647,2647,2647,2647,2647,2647,2647,2647,2647,2647,2647,2647,2647,2647,2647,2647,2647,2647,2647,2647,2647,2647,
goal:2647,2647,2647,2647,2647,2647,2647,2647,2647,2647,2647,2647,2647,2647,2647,2647,2647,2647,2647,2647,2647,2647,2647,2647,2647,2647,2647,2647,2647,2647,2647,2647,2647,2647,2647,2647,2647,2647,2647,2647,2647,2647,2647,2647,2647,2647,2647,2647,2647,2647,2647,2647,2647,2647,2647,2647,2647,2647,2647,2647,2647,2647,2647,2647,2647,2647,2647,2647,2647,2647,2647,2647,2647,2647,2647,2647,2647,2647,2647,2647,2647,2647,2647,2647,2647,2647,2647,2647,2647,2647,2647,2647,2647,2647,2647,2647,2647,2647,2647,2647,
size:12
[agent] id:26
path:2066,2067,2068,2069,2070,2071,2072,2073,2074,2075,2076,2077,2078,2079,2080,2081,2082,2083,2084,2085,2086,2087,2088,2089,2090,2091,2092,2093,2094,2095,2096,2097,2098,2099,2100,2101,2102,2103,2104,2105,2106,2107,2108,2109,2110,2111,2112,2113,2114,2114,2114,2114,2114,2114,2114,2114,2114,2114,2114,2114,2114,2114,2114,2114,2114,2114,2114,2114,2114,2114,2114,2114,2114,2114,2114,2114,2114,2114,2114,2114,2114,2114,2114,2114,2114,2114,2114,2114,2114,2114,2114,2114,2114,2114,2114,2114,2114,2114,2114,2114,
goal:2114,2114,2114,2114,2114,2114,2114,2114,2114,2114,2114,2114,2114,2114,2114,2114,2114,2114,2114,2114,2114,2114,2114,2114,2114,2114,2114,2114,2114,2114,2114,2114,2114,2114,2114,2114,2114,2114,2114,2114,2114,2114,2114,2114,2114,2114,2114,2114,2114,2114,2114,2114,2114,2114,2114,2114,2114,2114,2114,2114,2114,2114,2114,2114,2114,2114,2114,2114,2114,2114,2114,2114,2114,2114,2114,2114,2114,2114,2114,2114,2114,2114,2114,2114,2114,2114,2114,2114,2114,2114,2114,2114,2114,2114,2114,2114,2114,2114,2114,2114,
size:48
[agent] id:27
path:3823,3716,3715,3714,3607,3606,3605,3604,3603,3602,3495,3388,3281,3174,3067,2960,2853,2746,2639,2532,2531,2530,2529,2528,2527,2526,2525,2524,2523,2522,2521,2520,2519,2518,2517,2516,2515,2514,2513,2512,2511,2510,2509,2508,2507,2506,2505,2504,2503,2502,2501,2500,2499,2498,2497,2496,2495,2494,2493,2492,2491,2490,2489,2488,2487,2486,2485,2484,2377,2376,2375,2374,2373,2372,2371,2370,2369,2368,2367,2260,2259,2258,2257,2256,2255,2254,2254,2254,2254,2254,2254,2254,2254,2254,2254,2254,2254,2254,2254,2254,
goal:2254,2254,2254,2254,2254,2254,2254,2254,2254,2254,2254,2254,2254,2254,2254,2254,2254,2254,2254,2254,2254,2254,2254,2254,2254,2254,2254,2254,2254,2254,2254,2254,2254,2254,2254,2254,2254,2254,2254,2254,2254,2254,2254,2254,2254,2254,2254,2254,2254,2254,2254,2254,2254,2254,2254,2254,2254,2254,2254,2254,2254,2254,2254,2254,2254,2254,2254,2254,2254,2254,2254,2254,2254,2254,2254,2254,2254,2254,2254,2254,2254,2254,2254,2254,2254,2254,2254,2254,2254,2254,2254,2254,2254,2254,2254,2254,2254,2254,2254,2254,
size:85
[agent] id:28
path:1410,1411,1412,1413,1520,1627,1734,1841,1948,2055,2162,2269,2268,2267,2267,2267,2267,2267,2267,2267,2267,2267,2267,2267,2267,2267,2267,2267,2267,2267,2267,2267,2267,2267,2267,2267,2267,2267,2267,2267,2267,2267,2267,2267,2267,2267,2267,2267,2267,2267,2267,2267,2267,2267,2267,2267,2267,2267,2267,2267,2267,2267,2267,2267,2267,2267,2267,2267,2267,2267,2267,2267,2267,2267,2267,2267,2267,2267,2267,2267,2267,2267,2267,2267,2267,2267,2267,2267,2267,2267,2267,2267,2267,2267,2267,2267,2267,2267,2267,2267,
goal:2267,2267,2267,2267,2267,2267,2267,2267,2267,2267,2267,2267,2267,2267,2267,2267,2267,2267,2267,2267,2267,2267,2267,2267,2267,2267,2267,2267,2267,2267,2267,2267,2267,2267,2267,2267,2267,2267,2267,2267,2267,2267,2267,2267,2267,2267,2267,2267,2267,2267,2267,2267,2267,2267,2267,2267,2267,2267,2267,2267,2267,2267,2267,2267,2267,2267,2267,2267,2267,2267,2267,2267,2267,2267,2267,2267,2267,2267,2267,2267,2267,2267,2267,2267,2267,2267,2267,2267,2267,2267,2267,2267,2267,2267,2267,2267,2267,2267,2267,2267,
size:13
[agent] id:29
path:4463,4356,4249,4142,4035,3928,3821,3714,3607,3606,3605,3604,3603,3602,3495,3388,3281,3174,3067,2960,2853,2746,2639,2532,2425,2318,2211,2104,1997,1996,1995,1994,1993,1992,1991,1990,1989,1988,1987,1986,1985,1984,1983,1982,1981,1980,1979,1978,1977,1976,1975,1974,1973,1972,1971,1970,1969,1968,1967,1966,1965,1964,1963,1962,1961,1960,1959,1958,1957,1956,1955,1954,1847,1846,1845,1844,1843,1842,1735,1628,1521,1414,1307,1200,1093,986,985,984,983,982,982,982,982,982,982,982,982,982,982,982,
goal:982,982,982,982,982,982,982,982,982,982,982,982,982,982,982,982,982,982,982,982,982,982,982,982,982,982,982,982,982,982,982,982,982,982,982,982,982,982,982,982,982,982,982,982,982,982,982,982,982,982,982,982,982,982,982,982,982,982,982,982,982,982,982,982,982,982,982,982,982,982,982,982,982,982,982,982,982,982,982,982,982,982,982,982,982,982,982,982,982,982,982,982,982,982,982,982,982,982,982,982,
size:89
SolutionCost:1260
