[setting] seed:72
[solver] type:ECBS
[solver] w:3.000000
[solver] ID:0
[solver] Lowlevelnode:494
[solver] solved:1
[solver] elapsed:2
[solver] makespan:67
[problem] timesteplimit:10000
[problem] type:MAPF
[problem] agentnum:10
[graph] width:107
[graph] height:47
[graph] filename:./map/orz601d.map
[task] id:0,start:0,end:0,service time:0,nodes:2321,
[task] id:8,start:0,end:0,service time:0,nodes:2305,
[task] id:5,start:0,end:0,service time:0,nodes:3143,
[task] id:9,start:0,end:0,service time:0,nodes:2038,
[task] id:2,start:0,end:0,service time:0,nodes:2844,
[task] id:7,start:0,end:0,service time:0,nodes:3171,
[task] id:6,start:0,end:0,service time:0,nodes:4304,
[task] id:3,start:0,end:0,service time:0,nodes:2473,
[task] id:1,start:0,end:0,service time:0,nodes:2788,
[task] id:4,start:0,end:0,service time:0,nodes:2978,
[agent] id:0
path:923,1030,1137,1244,1351,1458,1459,1460,1461,1568,1675,1782,1889,1996,2103,2210,2317,2318,2319,2320,2321,2321,2321,2321,2321,2321,2321,2321,2321,2321,2321,2321,2321,2321,2321,2321,2321,2321,2321,2321,2321,2321,2321,2321,2321,2321,2321,2321,2321,2321,2321,2321,2321,2321,2321,2321,2321,2321,2321,2321,2321,2321,2321,2321,2321,2321,2321,2321,
goal:2321,2321,2321,2321,2321,2321,2321,2321,2321,2321,2321,2321,2321,2321,2321,2321,2321,2321,2321,2321,2321,2321,2321,2321,2321,2321,2321,2321,2321,2321,2321,2321,2321,2321,2321,2321,2321,2321,2321,2321,2321,2321,2321,2321,2321,2321,2321,2321,2321,2321,2321,2321,2321,2321,2321,2321,2321,2321,2321,2321,2321,2321,2321,2321,2321,2321,2321,2321,
size:20
[agent] id:1
path:1979,2086,2193,2300,2407,2514,2513,2512,2511,2510,2509,2508,2507,2506,2505,2504,2503,2502,2501,2500,2499,2498,2497,2496,2495,2494,2493,2492,2491,2490,2489,2488,2487,2486,2485,2484,2483,2482,2481,2480,2479,2478,2477,2476,2475,2474,2581,2688,2795,2794,2793,2792,2791,2790,2789,2788,2788,2788,2788,2788,2788,2788,2788,2788,2788,2788,2788,2788,
goal:2788,2788,2788,2788,2788,2788,2788,2788,2788,2788,2788,2788,2788,2788,2788,2788,2788,2788,2788,2788,2788,2788,2788,2788,2788,2788,2788,2788,2788,2788,2788,2788,2788,2788,2788,2788,2788,2788,2788,2788,2788,2788,2788,2788,2788,2788,2788,2788,2788,2788,2788,2788,2788,2788,2788,2788,2788,2788,2788,2788,2788,2788,2788,2788,2788,2788,2788,2788,
size:55
[agent] id:2
path:2693,2800,2801,2802,2803,2804,2805,2806,2807,2808,2809,2810,2811,2812,2813,2814,2815,2816,2817,2818,2819,2820,2821,2822,2823,2824,2825,2826,2827,2828,2829,2830,2831,2832,2833,2834,2835,2836,2837,2838,2839,2840,2841,2842,2843,2844,2844,2844,2844,2844,2844,2844,2844,2844,2844,2844,2844,2844,2844,2844,2844,2844,2844,2844,2844,2844,2844,2844,
goal:2844,2844,2844,2844,2844,2844,2844,2844,2844,2844,2844,2844,2844,2844,2844,2844,2844,2844,2844,2844,2844,2844,2844,2844,2844,2844,2844,2844,2844,2844,2844,2844,2844,2844,2844,2844,2844,2844,2844,2844,2844,2844,2844,2844,2844,2844,2844,2844,2844,2844,2844,2844,2844,2844,2844,2844,2844,2844,2844,2844,2844,2844,2844,2844,2844,2844,2844,2844,
size:45
[agent] id:3
path:900,1007,1114,1221,1328,1435,1436,1437,1544,1651,1758,1865,1972,2079,2186,2293,2400,2507,2506,2505,2504,2503,2502,2501,2500,2499,2498,2497,2496,2495,2494,2493,2492,2491,2490,2489,2488,2487,2486,2485,2484,2483,2482,2481,2480,2479,2478,2477,2476,2475,2474,2473,2473,2473,2473,2473,2473,2473,2473,2473,2473,2473,2473,2473,2473,2473,2473,2473,
goal:2473,2473,2473,2473,2473,2473,2473,2473,2473,2473,2473,2473,2473,2473,2473,2473,2473,2473,2473,2473,2473,2473,2473,2473,2473,2473,2473,2473,2473,2473,2473,2473,2473,2473,2473,2473,2473,2473,2473,2473,2473,2473,2473,2473,2473,2473,2473,2473,2473,2473,2473,2473,2473,2473,2473,2473,2473,2473,2473,2473,2473,2473,2473,2473,2473,2473,2473,2473,
size:51
[agent] id:4
path:3019,2912,2913,2914,2915,2916,2917,2918,2919,2920,2921,2922,2923,2924,2925,2926,2927,2928,2929,2930,2931,2932,2933,2934,2935,2936,2937,2938,2939,2940,2941,2942,2943,2944,2945,2946,2947,2948,2949,2950,2951,2952,2953,2954,2955,2956,2957,2958,2959,2960,2961,2962,2963,2964,2965,2966,2967,2968,2969,2970,2971,2972,2973,2974,2975,2976,2977,2978,
goal:2978,2978,2978,2978,2978,2978,2978,2978,2978,2978,2978,2978,2978,2978,2978,2978,2978,2978,2978,2978,2978,2978,2978,2978,2978,2978,2978,2978,2978,2978,2978,2978,2978,2978,2978,2978,2978,2978,2978,2978,2978,2978,2978,2978,2978,2978,2978,2978,2978,2978,2978,2978,2978,2978,2978,2978,2978,2978,2978,2978,2978,2978,2978,2978,2978,2978,2978,2978,
size:67
[agent] id:5
path:2854,2961,3068,3067,3066,3065,3064,3063,3062,3061,3060,3059,3058,3057,3056,3055,3054,3053,3052,3051,3050,3049,3048,3047,3046,3045,3044,3043,3042,3041,3040,3039,3038,3037,3036,3143,3143,3143,3143,3143,3143,3143,3143,3143,3143,3143,3143,3143,3143,3143,3143,3143,3143,3143,3143,3143,3143,3143,3143,3143,3143,3143,3143,3143,3143,3143,3143,3143,
goal:3143,3143,3143,3143,3143,3143,3143,3143,3143,3143,3143,3143,3143,3143,3143,3143,3143,3143,3143,3143,3143,3143,3143,3143,3143,3143,3143,3143,3143,3143,3143,3143,3143,3143,3143,3143,3143,3143,3143,3143,3143,3143,3143,3143,3143,3143,3143,3143,3143,3143,3143,3143,3143,3143,3143,3143,3143,3143,3143,3143,3143,3143,3143,3143,3143,3143,3143,3143,
size:35
[agent] id:6
path:3056,3055,3054,3053,3052,3051,3050,3049,3048,3047,3046,3045,3044,3043,3042,3041,3040,3039,3038,3037,3036,3035,3034,3033,3032,3031,3030,3029,3028,3027,3026,3025,3024,3131,3238,3345,3344,3343,3342,3341,3340,3447,3554,3661,3768,3875,3982,4089,4196,4303,4304,4304,4304,4304,4304,4304,4304,4304,4304,4304,4304,4304,4304,4304,4304,4304,4304,4304,
goal:4304,4304,4304,4304,4304,4304,4304,4304,4304,4304,4304,4304,4304,4304,4304,4304,4304,4304,4304,4304,4304,4304,4304,4304,4304,4304,4304,4304,4304,4304,4304,4304,4304,4304,4304,4304,4304,4304,4304,4304,4304,4304,4304,4304,4304,4304,4304,4304,4304,4304,4304,4304,4304,4304,4304,4304,4304,4304,4304,4304,4304,4304,4304,4304,4304,4304,4304,4304,
size:50
[agent] id:7
path:1324,1325,1326,1433,1434,1434,1435,1436,1437,1544,1651,1758,1865,1972,2079,2186,2293,2400,2507,2614,2721,2828,2935,2936,2937,2938,2939,3046,3047,3048,3049,3050,3051,3052,3053,3054,3055,3056,3057,3058,3059,3060,3061,3062,3169,3170,3171,3171,3171,3171,3171,3171,3171,3171,3171,3171,3171,3171,3171,3171,3171,3171,3171,3171,3171,3171,3171,3171,
goal:3171,3171,3171,3171,3171,3171,3171,3171,3171,3171,3171,3171,3171,3171,3171,3171,3171,3171,3171,3171,3171,3171,3171,3171,3171,3171,3171,3171,3171,3171,3171,3171,3171,3171,3171,3171,3171,3171,3171,3171,3171,3171,3171,3171,3171,3171,3171,3171,3171,3171,3171,3171,3171,3171,3171,3171,3171,3171,3171,3171,3171,3171,3171,3171,3171,3171,3171,3171,
size:46
[agent] id:8
path:1348,1349,1350,1457,1458,1459,1460,1461,1568,1675,1782,1889,1996,2103,2210,2317,2316,2315,2314,2313,2312,2311,2310,2309,2308,2307,2306,2305,2305,2305,2305,2305,2305,2305,2305,2305,2305,2305,2305,2305,2305,2305,2305,2305,2305,2305,2305,2305,2305,2305,2305,2305,2305,2305,2305,2305,2305,2305,2305,2305,2305,2305,2305,2305,2305,2305,2305,2305,
goal:2305,2305,2305,2305,2305,2305,2305,2305,2305,2305,2305,2305,2305,2305,2305,2305,2305,2305,2305,2305,2305,2305,2305,2305,2305,2305,2305,2305,2305,2305,2305,2305,2305,2305,2305,2305,2305,2305,2305,2305,2305,2305,2305,2305,2305,2305,2305,2305,2305,2305,2305,2305,2305,2305,2305,2305,2305,2305,2305,2305,2305,2305,2305,2305,2305,2305,2305,2305,
size:27
[agent] id:9
path:452,559,666,773,880,987,1094,1201,1308,1415,1414,1521,1628,1735,1842,1949,2056,2055,2054,2053,2052,2051,2050,2157,2264,2371,2370,2369,2368,2367,2260,2153,2046,2045,2044,2043,2042,2041,2040,2039,2038,2038,2038,2038,2038,2038,2038,2038,2038,2038,2038,2038,2038,2038,2038,2038,2038,2038,2038,2038,2038,2038,2038,2038,2038,2038,2038,2038,
goal:2038,2038,2038,2038,2038,2038,2038,2038,2038,2038,2038,2038,2038,2038,2038,2038,2038,2038,2038,2038,2038,2038,2038,2038,2038,2038,2038,2038,2038,2038,2038,2038,2038,2038,2038,2038,2038,2038,2038,2038,2038,2038,2038,2038,2038,2038,2038,2038,2038,2038,2038,2038,2038,2038,2038,2038,2038,2038,2038,2038,2038,2038,2038,2038,2038,2038,2038,2038,
size:40
SolutionCost:436
