[setting] seed:95
[solver] type:ECBS
[solver] w:3.000000
[solver] ID:0
[solver] Lowlevelnode:22835
[solver] solved:1
[solver] elapsed:253
[solver] makespan:96
[problem] timesteplimit:10000
[problem] type:MAPF
[problem] agentnum:10
[graph] width:107
[graph] height:47
[graph] filename:./map/orz601d.map
[task] id:1,start:0,end:0,service time:0,nodes:1837,
[task] id:7,start:0,end:0,service time:0,nodes:2637,
[task] id:5,start:0,end:0,service time:0,nodes:2954,
[task] id:9,start:0,end:0,service time:0,nodes:2510,
[task] id:3,start:0,end:0,service time:0,nodes:3172,
[task] id:8,start:0,end:0,service time:0,nodes:2609,
[task] id:6,start:0,end:0,service time:0,nodes:3715,
[task] id:2,start:0,end:0,service time:0,nodes:1724,
[task] id:0,start:0,end:0,service time:0,nodes:2655,
[task] id:4,start:0,end:0,service time:0,nodes:3763,
[agent] id:0
path:1307,1414,1521,1628,1735,1842,1949,2056,2163,2270,2377,2378,2379,2380,2381,2382,2383,2384,2385,2386,2387,2388,2389,2390,2391,2392,2393,2394,2395,2396,2397,2398,2399,2400,2401,2402,2403,2404,2511,2512,2513,2514,2515,2516,2517,2518,2519,2520,2521,2522,2523,2524,2525,2526,2527,2528,2529,2530,2531,2638,2639,2640,2641,2642,2643,2644,2645,2646,2647,2648,2649,2650,2651,2652,2653,2654,2655,2655,2655,2655,2655,2655,2655,2655,2655,2655,2655,2655,2655,2655,2655,2655,2655,2655,2655,2655,2655,
goal:2655,2655,2655,2655,2655,2655,2655,2655,2655,2655,2655,2655,2655,2655,2655,2655,2655,2655,2655,2655,2655,2655,2655,2655,2655,2655,2655,2655,2655,2655,2655,2655,2655,2655,2655,2655,2655,2655,2655,2655,2655,2655,2655,2655,2655,2655,2655,2655,2655,2655,2655,2655,2655,2655,2655,2655,2655,2655,2655,2655,2655,2655,2655,2655,2655,2655,2655,2655,2655,2655,2655,2655,2655,2655,2655,2655,2655,2655,2655,2655,2655,2655,2655,2655,2655,2655,2655,2655,2655,2655,2655,2655,2655,2655,2655,2655,2655,
size:76
[agent] id:1
path:2259,2260,2367,2368,2369,2370,2371,2264,2157,2050,1943,1836,1837,1837,1837,1837,1837,1837,1837,1837,1837,1837,1837,1837,1837,1837,1837,1837,1837,1837,1837,1837,1837,1837,1837,1837,1837,1837,1837,1837,1837,1837,1837,1837,1837,1837,1837,1837,1837,1837,1837,1837,1837,1837,1837,1837,1837,1837,1837,1837,1837,1837,1837,1837,1837,1837,1837,1837,1837,1837,1837,1837,1837,1837,1837,1837,1837,1837,1837,1837,1837,1837,1837,1837,1837,1837,1837,1837,1837,1837,1837,1837,1837,1837,1837,1837,1837,
goal:1837,1837,1837,1837,1837,1837,1837,1837,1837,1837,1837,1837,1837,1837,1837,1837,1837,1837,1837,1837,1837,1837,1837,1837,1837,1837,1837,1837,1837,1837,1837,1837,1837,1837,1837,1837,1837,1837,1837,1837,1837,1837,1837,1837,1837,1837,1837,1837,1837,1837,1837,1837,1837,1837,1837,1837,1837,1837,1837,1837,1837,1837,1837,1837,1837,1837,1837,1837,1837,1837,1837,1837,1837,1837,1837,1837,1837,1837,1837,1837,1837,1837,1837,1837,1837,1837,1837,1837,1837,1837,1837,1837,1837,1837,1837,1837,1837,
size:12
[agent] id:2
path:1992,1991,1990,1989,1988,1987,1986,1985,1984,1983,1982,1981,1980,1979,1978,1977,1976,1975,1974,1973,1972,1971,1970,1969,1968,1967,1966,1965,1964,1963,1962,1961,1960,1959,1958,1957,1956,1955,1954,1953,1952,1951,1950,1949,1948,1947,1946,1945,1944,1943,2050,2157,2264,2371,2370,2369,2368,2367,2260,2153,2046,1939,1938,1831,1724,1724,1724,1724,1724,1724,1724,1724,1724,1724,1724,1724,1724,1724,1724,1724,1724,1724,1724,1724,1724,1724,1724,1724,1724,1724,1724,1724,1724,1724,1724,1724,1724,
goal:1724,1724,1724,1724,1724,1724,1724,1724,1724,1724,1724,1724,1724,1724,1724,1724,1724,1724,1724,1724,1724,1724,1724,1724,1724,1724,1724,1724,1724,1724,1724,1724,1724,1724,1724,1724,1724,1724,1724,1724,1724,1724,1724,1724,1724,1724,1724,1724,1724,1724,1724,1724,1724,1724,1724,1724,1724,1724,1724,1724,1724,1724,1724,1724,1724,1724,1724,1724,1724,1724,1724,1724,1724,1724,1724,1724,1724,1724,1724,1724,1724,1724,1724,1724,1724,1724,1724,1724,1724,1724,1724,1724,1724,1724,1724,1724,1724,
size:64
[agent] id:3
path:1651,1758,1865,1972,2079,2186,2293,2400,2507,2614,2721,2828,2935,3042,3043,3044,3045,3046,3047,3048,3049,3050,3051,3052,3053,3054,3055,3056,3057,3058,3059,3060,3061,3062,3169,3170,3171,3172,3172,3172,3172,3172,3172,3172,3172,3172,3172,3172,3172,3172,3172,3172,3172,3172,3172,3172,3172,3172,3172,3172,3172,3172,3172,3172,3172,3172,3172,3172,3172,3172,3172,3172,3172,3172,3172,3172,3172,3172,3172,3172,3172,3172,3172,3172,3172,3172,3172,3172,3172,3172,3172,3172,3172,3172,3172,3172,3172,
goal:3172,3172,3172,3172,3172,3172,3172,3172,3172,3172,3172,3172,3172,3172,3172,3172,3172,3172,3172,3172,3172,3172,3172,3172,3172,3172,3172,3172,3172,3172,3172,3172,3172,3172,3172,3172,3172,3172,3172,3172,3172,3172,3172,3172,3172,3172,3172,3172,3172,3172,3172,3172,3172,3172,3172,3172,3172,3172,3172,3172,3172,3172,3172,3172,3172,3172,3172,3172,3172,3172,3172,3172,3172,3172,3172,3172,3172,3172,3172,3172,3172,3172,3172,3172,3172,3172,3172,3172,3172,3172,3172,3172,3172,3172,3172,3172,3172,
size:37
[agent] id:4
path:2131,2238,2345,2452,2559,2666,2665,2664,2663,2662,2661,2660,2767,2874,2981,3088,3087,3086,3085,3084,3083,3082,3081,3080,3079,3078,3077,3076,3075,3074,3073,3072,3071,3070,3069,3068,3067,3066,3065,3064,3063,3062,3061,3060,3059,3058,3057,3056,3055,3054,3053,3052,3051,3050,3049,3048,3047,3046,3045,3044,3043,3042,3041,3040,3039,3038,3037,3036,3035,3034,3033,3032,3031,3030,3029,3028,3027,3026,3025,3024,3131,3238,3345,3344,3343,3342,3341,3340,3447,3554,3661,3768,3767,3766,3765,3764,3763,
goal:3763,3763,3763,3763,3763,3763,3763,3763,3763,3763,3763,3763,3763,3763,3763,3763,3763,3763,3763,3763,3763,3763,3763,3763,3763,3763,3763,3763,3763,3763,3763,3763,3763,3763,3763,3763,3763,3763,3763,3763,3763,3763,3763,3763,3763,3763,3763,3763,3763,3763,3763,3763,3763,3763,3763,3763,3763,3763,3763,3763,3763,3763,3763,3763,3763,3763,3763,3763,3763,3763,3763,3763,3763,3763,3763,3763,3763,3763,3763,3763,3763,3763,3763,3763,3763,3763,3763,3763,3763,3763,3763,3763,3763,3763,3763,3763,3763,
size:96
[agent] id:5
path:2937,2938,2939,2940,2941,2942,2943,2944,2945,2946,2947,2948,2949,2950,2951,2952,2953,2954,2954,2954,2954,2954,2954,2954,2954,2954,2954,2954,2954,2954,2954,2954,2954,2954,2954,2954,2954,2954,2954,2954,2954,2954,2954,2954,2954,2954,2954,2954,2954,2954,2954,2954,2954,2954,2954,2954,2954,2954,2954,2954,2954,2954,2954,2954,2954,2954,2954,2954,2954,2954,2954,2954,2954,2954,2954,2954,2954,2954,2954,2954,2954,2954,2954,2954,2954,2954,2954,2954,2954,2954,2954,2954,2954,2954,2954,2954,2954,
goal:2954,2954,2954,2954,2954,2954,2954,2954,2954,2954,2954,2954,2954,2954,2954,2954,2954,2954,2954,2954,2954,2954,2954,2954,2954,2954,2954,2954,2954,2954,2954,2954,2954,2954,2954,2954,2954,2954,2954,2954,2954,2954,2954,2954,2954,2954,2954,2954,2954,2954,2954,2954,2954,2954,2954,2954,2954,2954,2954,2954,2954,2954,2954,2954,2954,2954,2954,2954,2954,2954,2954,2954,2954,2954,2954,2954,2954,2954,2954,2954,2954,2954,2954,2954,2954,2954,2954,2954,2954,2954,2954,2954,2954,2954,2954,2954,2954,
size:17
[agent] id:6
path:2295,2402,2509,2616,2723,2830,2937,3044,3045,3046,3047,3048,3049,3050,3051,3052,3053,3054,3055,3056,3057,3058,3059,3060,3061,3062,3169,3170,3171,3172,3173,3280,3387,3494,3601,3708,3709,3710,3711,3712,3713,3714,3715,3715,3715,3715,3715,3715,3715,3715,3715,3715,3715,3715,3715,3715,3715,3715,3715,3715,3715,3715,3715,3715,3715,3715,3715,3715,3715,3715,3715,3715,3715,3715,3715,3715,3715,3715,3715,3715,3715,3715,3715,3715,3715,3715,3715,3715,3715,3715,3715,3715,3715,3715,3715,3715,3715,
goal:3715,3715,3715,3715,3715,3715,3715,3715,3715,3715,3715,3715,3715,3715,3715,3715,3715,3715,3715,3715,3715,3715,3715,3715,3715,3715,3715,3715,3715,3715,3715,3715,3715,3715,3715,3715,3715,3715,3715,3715,3715,3715,3715,3715,3715,3715,3715,3715,3715,3715,3715,3715,3715,3715,3715,3715,3715,3715,3715,3715,3715,3715,3715,3715,3715,3715,3715,3715,3715,3715,3715,3715,3715,3715,3715,3715,3715,3715,3715,3715,3715,3715,3715,3715,3715,3715,3715,3715,3715,3715,3715,3715,3715,3715,3715,3715,3715,
size:42
[agent] id:7
path:2413,2520,2627,2628,2629,2630,2631,2632,2633,2634,2635,2636,2637,2637,2637,2637,2637,2637,2637,2637,2637,2637,2637,2637,2637,2637,2637,2637,2637,2637,2637,2637,2637,2637,2637,2637,2637,2637,2637,2637,2637,2637,2637,2637,2637,2637,2637,2637,2637,2637,2637,2637,2637,2637,2637,2637,2637,2637,2637,2637,2637,2637,2637,2637,2637,2637,2637,2637,2637,2637,2637,2637,2637,2637,2637,2637,2637,2637,2637,2637,2637,2637,2637,2637,2637,2637,2637,2637,2637,2637,2637,2637,2637,2637,2637,2637,2637,
goal:2637,2637,2637,2637,2637,2637,2637,2637,2637,2637,2637,2637,2637,2637,2637,2637,2637,2637,2637,2637,2637,2637,2637,2637,2637,2637,2637,2637,2637,2637,2637,2637,2637,2637,2637,2637,2637,2637,2637,2637,2637,2637,2637,2637,2637,2637,2637,2637,2637,2637,2637,2637,2637,2637,2637,2637,2637,2637,2637,2637,2637,2637,2637,2637,2637,2637,2637,2637,2637,2637,2637,2637,2637,2637,2637,2637,2637,2637,2637,2637,2637,2637,2637,2637,2637,2637,2637,2637,2637,2637,2637,2637,2637,2637,2637,2637,2637,
size:12
[agent] id:8
path:346,453,560,667,774,881,988,1095,1202,1309,1416,1415,1414,1521,1628,1735,1842,1949,2056,2163,2270,2377,2484,2591,2592,2593,2594,2595,2596,2597,2598,2599,2600,2601,2602,2603,2604,2605,2606,2607,2608,2609,2609,2609,2609,2609,2609,2609,2609,2609,2609,2609,2609,2609,2609,2609,2609,2609,2609,2609,2609,2609,2609,2609,2609,2609,2609,2609,2609,2609,2609,2609,2609,2609,2609,2609,2609,2609,2609,2609,2609,2609,2609,2609,2609,2609,2609,2609,2609,2609,2609,2609,2609,2609,2609,2609,2609,
goal:2609,2609,2609,2609,2609,2609,2609,2609,2609,2609,2609,2609,2609,2609,2609,2609,2609,2609,2609,2609,2609,2609,2609,2609,2609,2609,2609,2609,2609,2609,2609,2609,2609,2609,2609,2609,2609,2609,2609,2609,2609,2609,2609,2609,2609,2609,2609,2609,2609,2609,2609,2609,2609,2609,2609,2609,2609,2609,2609,2609,2609,2609,2609,2609,2609,2609,2609,2609,2609,2609,2609,2609,2609,2609,2609,2609,2609,2609,2609,2609,2609,2609,2609,2609,2609,2609,2609,2609,2609,2609,2609,2609,2609,2609,2609,2609,2609,
size:41
[agent] id:9
path:1003,1110,1217,1324,1325,1326,1433,1434,1435,1436,1437,1544,1651,1758,1865,1972,2079,2186,2293,2400,2507,2508,2509,2510,2510,2510,2510,2510,2510,2510,2510,2510,2510,2510,2510,2510,2510,2510,2510,2510,2510,2510,2510,2510,2510,2510,2510,2510,2510,2510,2510,2510,2510,2510,2510,2510,2510,2510,2510,2510,2510,2510,2510,2510,2510,2510,2510,2510,2510,2510,2510,2510,2510,2510,2510,2510,2510,2510,2510,2510,2510,2510,2510,2510,2510,2510,2510,2510,2510,2510,2510,2510,2510,2510,2510,2510,2510,
goal:2510,2510,2510,2510,2510,2510,2510,2510,2510,2510,2510,2510,2510,2510,2510,2510,2510,2510,2510,2510,2510,2510,2510,2510,2510,2510,2510,2510,2510,2510,2510,2510,2510,2510,2510,2510,2510,2510,2510,2510,2510,2510,2510,2510,2510,2510,2510,2510,2510,2510,2510,2510,2510,2510,2510,2510,2510,2510,2510,2510,2510,2510,2510,2510,2510,2510,2510,2510,2510,2510,2510,2510,2510,2510,2510,2510,2510,2510,2510,2510,2510,2510,2510,2510,2510,2510,2510,2510,2510,2510,2510,2510,2510,2510,2510,2510,2510,
size:23
SolutionCost:420
