[setting] seed:10
[solver] type:ECBS
[solver] w:3.000000
[solver] ID:0
[solver] Lowlevelnode:532
[solver] solved:1
[solver] elapsed:11
[solver] makespan:75
[problem] timesteplimit:10000
[problem] type:MAPF
[problem] agentnum:10
[graph] width:107
[graph] height:47
[graph] filename:./map/orz601d.map
[task] id:5,start:0,end:0,service time:0,nodes:1980,
[task] id:8,start:0,end:0,service time:0,nodes:2187,
[task] id:2,start:0,end:0,service time:0,nodes:3055,
[task] id:7,start:0,end:0,service time:0,nodes:2149,
[task] id:9,start:0,end:0,service time:0,nodes:3041,
[task] id:1,start:0,end:0,service time:0,nodes:2277,
[task] id:6,start:0,end:0,service time:0,nodes:2729,
[task] id:0,start:0,end:0,service time:0,nodes:2763,
[task] id:3,start:0,end:0,service time:0,nodes:2967,
[task] id:4,start:0,end:0,service time:0,nodes:2973,
[agent] id:0
path:2607,2714,2715,2716,2717,2718,2719,2720,2721,2722,2723,2724,2725,2726,2727,2728,2729,2730,2731,2732,2733,2734,2735,2736,2737,2738,2739,2740,2741,2742,2743,2744,2745,2746,2747,2748,2749,2750,2751,2752,2753,2754,2755,2756,2757,2758,2759,2760,2761,2762,2763,2763,2763,2763,2763,2763,2763,2763,2763,2763,2763,2763,2763,2763,2763,2763,2763,2763,2763,2763,2763,2763,2763,2763,2763,2763,
goal:2763,2763,2763,2763,2763,2763,2763,2763,2763,2763,2763,2763,2763,2763,2763,2763,2763,2763,2763,2763,2763,2763,2763,2763,2763,2763,2763,2763,2763,2763,2763,2763,2763,2763,2763,2763,2763,2763,2763,2763,2763,2763,2763,2763,2763,2763,2763,2763,2763,2763,2763,2763,2763,2763,2763,2763,2763,2763,2763,2763,2763,2763,2763,2763,2763,2763,2763,2763,2763,2763,2763,2763,2763,2763,2763,2763,
size:50
[agent] id:1
path:1886,1993,2100,2207,2314,2313,2312,2311,2310,2309,2308,2307,2306,2305,2304,2303,2302,2301,2300,2299,2298,2297,2296,2295,2294,2293,2292,2291,2290,2289,2288,2287,2286,2285,2284,2283,2282,2281,2280,2279,2278,2277,2277,2277,2277,2277,2277,2277,2277,2277,2277,2277,2277,2277,2277,2277,2277,2277,2277,2277,2277,2277,2277,2277,2277,2277,2277,2277,2277,2277,2277,2277,2277,2277,2277,2277,
goal:2277,2277,2277,2277,2277,2277,2277,2277,2277,2277,2277,2277,2277,2277,2277,2277,2277,2277,2277,2277,2277,2277,2277,2277,2277,2277,2277,2277,2277,2277,2277,2277,2277,2277,2277,2277,2277,2277,2277,2277,2277,2277,2277,2277,2277,2277,2277,2277,2277,2277,2277,2277,2277,2277,2277,2277,2277,2277,2277,2277,2277,2277,2277,2277,2277,2277,2277,2277,2277,2277,2277,2277,2277,2277,2277,2277,
size:41
[agent] id:2
path:3598,3599,3600,3601,3494,3387,3280,3173,3066,3065,3064,3063,3062,3061,3060,3059,3058,3057,3056,3055,3055,3055,3055,3055,3055,3055,3055,3055,3055,3055,3055,3055,3055,3055,3055,3055,3055,3055,3055,3055,3055,3055,3055,3055,3055,3055,3055,3055,3055,3055,3055,3055,3055,3055,3055,3055,3055,3055,3055,3055,3055,3055,3055,3055,3055,3055,3055,3055,3055,3055,3055,3055,3055,3055,3055,3055,
goal:3055,3055,3055,3055,3055,3055,3055,3055,3055,3055,3055,3055,3055,3055,3055,3055,3055,3055,3055,3055,3055,3055,3055,3055,3055,3055,3055,3055,3055,3055,3055,3055,3055,3055,3055,3055,3055,3055,3055,3055,3055,3055,3055,3055,3055,3055,3055,3055,3055,3055,3055,3055,3055,3055,3055,3055,3055,3055,3055,3055,3055,3055,3055,3055,3055,3055,3055,3055,3055,3055,3055,3055,3055,3055,3055,3055,
size:19
[agent] id:3
path:4297,4190,4083,3976,3869,3762,3763,3764,3765,3766,3767,3660,3553,3446,3339,3232,3125,3018,2911,2912,2913,2914,2915,2916,2917,2918,2919,2920,2921,2922,2923,2924,2925,2926,2927,2928,2929,2930,2931,2932,2933,2934,2935,2936,2937,2938,2939,2940,2941,2942,2943,2944,2945,2946,2947,2948,2949,2950,2951,2952,2953,2954,2955,2956,2957,2958,2959,2960,2961,2962,2963,2964,2965,2966,2967,2967,
goal:2967,2967,2967,2967,2967,2967,2967,2967,2967,2967,2967,2967,2967,2967,2967,2967,2967,2967,2967,2967,2967,2967,2967,2967,2967,2967,2967,2967,2967,2967,2967,2967,2967,2967,2967,2967,2967,2967,2967,2967,2967,2967,2967,2967,2967,2967,2967,2967,2967,2967,2967,2967,2967,2967,2967,2967,2967,2967,2967,2967,2967,2967,2967,2967,2967,2967,2967,2967,2967,2967,2967,2967,2967,2967,2967,2967,
size:74
[agent] id:4
path:3762,3763,3764,3765,3766,3767,3660,3553,3446,3339,3232,3125,3018,2911,2912,2913,2914,2915,2916,2917,2918,2919,2920,2921,2922,2923,2924,2925,2926,2927,2928,2929,2930,2931,2932,2933,2934,2935,2936,2937,2938,2939,2940,2941,2942,2943,2944,2945,2946,2947,2948,2949,2950,2951,2952,2953,2954,2955,2956,2957,2958,2959,2960,2961,2962,2963,2964,2965,2966,2967,2968,2969,2970,2971,2972,2973,
goal:2973,2973,2973,2973,2973,2973,2973,2973,2973,2973,2973,2973,2973,2973,2973,2973,2973,2973,2973,2973,2973,2973,2973,2973,2973,2973,2973,2973,2973,2973,2973,2973,2973,2973,2973,2973,2973,2973,2973,2973,2973,2973,2973,2973,2973,2973,2973,2973,2973,2973,2973,2973,2973,2973,2973,2973,2973,2973,2973,2973,2973,2973,2973,2973,2973,2973,2973,2973,2973,2973,2973,2973,2973,2973,2973,2973,
size:75
[agent] id:5
path:1869,1976,1977,1978,1979,1980,1980,1980,1980,1980,1980,1980,1980,1980,1980,1980,1980,1980,1980,1980,1980,1980,1980,1980,1980,1980,1980,1980,1980,1980,1980,1980,1980,1980,1980,1980,1980,1980,1980,1980,1980,1980,1980,1980,1980,1980,1980,1980,1980,1980,1980,1980,1980,1980,1980,1980,1980,1980,1980,1980,1980,1980,1980,1980,1980,1980,1980,1980,1980,1980,1980,1980,1980,1980,1980,1980,
goal:1980,1980,1980,1980,1980,1980,1980,1980,1980,1980,1980,1980,1980,1980,1980,1980,1980,1980,1980,1980,1980,1980,1980,1980,1980,1980,1980,1980,1980,1980,1980,1980,1980,1980,1980,1980,1980,1980,1980,1980,1980,1980,1980,1980,1980,1980,1980,1980,1980,1980,1980,1980,1980,1980,1980,1980,1980,1980,1980,1980,1980,1980,1980,1980,1980,1980,1980,1980,1980,1980,1980,1980,1980,1980,1980,1980,
size:5
[agent] id:6
path:2576,2577,2578,2579,2580,2581,2474,2475,2476,2477,2478,2585,2692,2693,2694,2695,2696,2697,2698,2699,2700,2701,2702,2703,2704,2705,2706,2707,2708,2709,2710,2711,2712,2713,2714,2715,2716,2717,2718,2719,2720,2721,2722,2723,2724,2725,2726,2727,2728,2729,2729,2729,2729,2729,2729,2729,2729,2729,2729,2729,2729,2729,2729,2729,2729,2729,2729,2729,2729,2729,2729,2729,2729,2729,2729,2729,
goal:2729,2729,2729,2729,2729,2729,2729,2729,2729,2729,2729,2729,2729,2729,2729,2729,2729,2729,2729,2729,2729,2729,2729,2729,2729,2729,2729,2729,2729,2729,2729,2729,2729,2729,2729,2729,2729,2729,2729,2729,2729,2729,2729,2729,2729,2729,2729,2729,2729,2729,2729,2729,2729,2729,2729,2729,2729,2729,2729,2729,2729,2729,2729,2729,2729,2729,2729,2729,2729,2729,2729,2729,2729,2729,2729,2729,
size:49
[agent] id:7
path:877,984,1091,1198,1305,1412,1413,1520,1627,1734,1841,1948,2055,2162,2161,2160,2159,2158,2157,2264,2371,2370,2369,2368,2367,2260,2153,2152,2151,2150,2149,2149,2149,2149,2149,2149,2149,2149,2149,2149,2149,2149,2149,2149,2149,2149,2149,2149,2149,2149,2149,2149,2149,2149,2149,2149,2149,2149,2149,2149,2149,2149,2149,2149,2149,2149,2149,2149,2149,2149,2149,2149,2149,2149,2149,2149,
goal:2149,2149,2149,2149,2149,2149,2149,2149,2149,2149,2149,2149,2149,2149,2149,2149,2149,2149,2149,2149,2149,2149,2149,2149,2149,2149,2149,2149,2149,2149,2149,2149,2149,2149,2149,2149,2149,2149,2149,2149,2149,2149,2149,2149,2149,2149,2149,2149,2149,2149,2149,2149,2149,2149,2149,2149,2149,2149,2149,2149,2149,2149,2149,2149,2149,2149,2149,2149,2149,2149,2149,2149,2149,2149,2149,2149,
size:30
[agent] id:8
path:1980,2087,2194,2193,2192,2191,2190,2189,2188,2187,2187,2187,2187,2187,2187,2187,2187,2187,2187,2187,2187,2187,2187,2187,2187,2187,2187,2187,2187,2187,2187,2187,2187,2187,2187,2187,2187,2187,2187,2187,2187,2187,2187,2187,2187,2187,2187,2187,2187,2187,2187,2187,2187,2187,2187,2187,2187,2187,2187,2187,2187,2187,2187,2187,2187,2187,2187,2187,2187,2187,2187,2187,2187,2187,2187,2187,
goal:2187,2187,2187,2187,2187,2187,2187,2187,2187,2187,2187,2187,2187,2187,2187,2187,2187,2187,2187,2187,2187,2187,2187,2187,2187,2187,2187,2187,2187,2187,2187,2187,2187,2187,2187,2187,2187,2187,2187,2187,2187,2187,2187,2187,2187,2187,2187,2187,2187,2187,2187,2187,2187,2187,2187,2187,2187,2187,2187,2187,2187,2187,2187,2187,2187,2187,2187,2187,2187,2187,2187,2187,2187,2187,2187,2187,
size:9
[agent] id:9
path:4302,4195,4088,3981,3874,3875,3768,3661,3554,3447,3340,3233,3126,3019,3020,3021,3022,3023,3024,3025,3026,3027,3028,3029,3030,3031,3032,3033,3034,3035,3036,3037,3038,3039,3040,3041,3041,3041,3041,3041,3041,3041,3041,3041,3041,3041,3041,3041,3041,3041,3041,3041,3041,3041,3041,3041,3041,3041,3041,3041,3041,3041,3041,3041,3041,3041,3041,3041,3041,3041,3041,3041,3041,3041,3041,3041,
goal:3041,3041,3041,3041,3041,3041,3041,3041,3041,3041,3041,3041,3041,3041,3041,3041,3041,3041,3041,3041,3041,3041,3041,3041,3041,3041,3041,3041,3041,3041,3041,3041,3041,3041,3041,3041,3041,3041,3041,3041,3041,3041,3041,3041,3041,3041,3041,3041,3041,3041,3041,3041,3041,3041,3041,3041,3041,3041,3041,3041,3041,3041,3041,3041,3041,3041,3041,3041,3041,3041,3041,3041,3041,3041,3041,3041,
size:35
SolutionCost:387
