[setting] seed:18
[solver] type:ECBS
[solver] w:3.000000
[solver] ID:0
[solver] Lowlevelnode:2827
[solver] solved:1
[solver] elapsed:172
[solver] makespan:60
[problem] timesteplimit:10000
[problem] type:MAPF
[problem] agentnum:10
[graph] width:107
[graph] height:47
[graph] filename:./map/orz601d.map
[task] id:9,start:0,end:0,service time:0,nodes:2407,
[task] id:8,start:0,end:0,service time:0,nodes:3818,
[task] id:4,start:0,end:0,service time:0,nodes:2528,
[task] id:1,start:0,end:0,service time:0,nodes:2778,
[task] id:7,start:0,end:0,service time:0,nodes:3085,
[task] id:6,start:0,end:0,service time:0,nodes:4350,
[task] id:5,start:0,end:0,service time:0,nodes:1207,
[task] id:2,start:0,end:0,service time:0,nodes:1863,
[task] id:3,start:0,end:0,service time:0,nodes:1005,
[task] id:0,start:0,end:0,service time:0,nodes:1338,
[agent] id:0
path:4086,3979,3872,3765,3766,3767,3660,3553,3446,3339,3232,3125,3018,2911,2804,2697,2590,2483,2376,2269,2162,2055,1948,1949,1950,1951,1952,1953,1954,1955,1956,1957,1958,1959,1960,1961,1962,1963,1964,1965,1966,1967,1968,1969,1970,1971,1864,1865,1758,1651,1544,1437,1330,1331,1332,1333,1334,1335,1336,1337,1338,
goal:1338,1338,1338,1338,1338,1338,1338,1338,1338,1338,1338,1338,1338,1338,1338,1338,1338,1338,1338,1338,1338,1338,1338,1338,1338,1338,1338,1338,1338,1338,1338,1338,1338,1338,1338,1338,1338,1338,1338,1338,1338,1338,1338,1338,1338,1338,1338,1338,1338,1338,1338,1338,1338,1338,1338,1338,1338,1338,1338,1338,1338,
size:60
[agent] id:1
path:2854,2747,2748,2749,2750,2751,2752,2753,2754,2755,2756,2757,2758,2759,2760,2761,2762,2763,2764,2765,2766,2767,2660,2661,2662,2663,2664,2665,2772,2773,2774,2775,2776,2777,2778,2778,2778,2778,2778,2778,2778,2778,2778,2778,2778,2778,2778,2778,2778,2778,2778,2778,2778,2778,2778,2778,2778,2778,2778,2778,2778,
goal:2778,2778,2778,2778,2778,2778,2778,2778,2778,2778,2778,2778,2778,2778,2778,2778,2778,2778,2778,2778,2778,2778,2778,2778,2778,2778,2778,2778,2778,2778,2778,2778,2778,2778,2778,2778,2778,2778,2778,2778,2778,2778,2778,2778,2778,2778,2778,2778,2778,2778,2778,2778,2778,2778,2778,2778,2778,2778,2778,2778,2778,
size:34
[agent] id:2
path:2220,2113,2006,2005,2004,2003,2002,2001,2000,1999,1998,1997,1996,1995,1994,1993,1992,1991,1990,1989,1988,1987,1986,1985,1984,1983,1982,1981,1980,1979,1978,1871,1870,1869,1868,1867,1866,1865,1864,1863,1863,1863,1863,1863,1863,1863,1863,1863,1863,1863,1863,1863,1863,1863,1863,1863,1863,1863,1863,1863,1863,
goal:1863,1863,1863,1863,1863,1863,1863,1863,1863,1863,1863,1863,1863,1863,1863,1863,1863,1863,1863,1863,1863,1863,1863,1863,1863,1863,1863,1863,1863,1863,1863,1863,1863,1863,1863,1863,1863,1863,1863,1863,1863,1863,1863,1863,1863,1863,1863,1863,1863,1863,1863,1863,1863,1863,1863,1863,1863,1863,1863,1863,1863,
size:39
[agent] id:3
path:2486,2379,2272,2165,2058,1951,1952,1953,1954,1955,1956,1957,1958,1959,1960,1961,1962,1963,1964,1965,1966,1967,1860,1861,1862,1863,1864,1865,1758,1651,1544,1437,1330,1223,1116,1009,1008,1007,1006,1005,1005,1005,1005,1005,1005,1005,1005,1005,1005,1005,1005,1005,1005,1005,1005,1005,1005,1005,1005,1005,1005,
goal:1005,1005,1005,1005,1005,1005,1005,1005,1005,1005,1005,1005,1005,1005,1005,1005,1005,1005,1005,1005,1005,1005,1005,1005,1005,1005,1005,1005,1005,1005,1005,1005,1005,1005,1005,1005,1005,1005,1005,1005,1005,1005,1005,1005,1005,1005,1005,1005,1005,1005,1005,1005,1005,1005,1005,1005,1005,1005,1005,1005,1005,
size:39
[agent] id:4
path:2072,2179,2286,2393,2500,2501,2502,2503,2504,2505,2506,2507,2508,2509,2510,2511,2512,2513,2514,2515,2516,2517,2518,2519,2520,2521,2522,2523,2524,2525,2526,2527,2528,2528,2528,2528,2528,2528,2528,2528,2528,2528,2528,2528,2528,2528,2528,2528,2528,2528,2528,2528,2528,2528,2528,2528,2528,2528,2528,2528,2528,
goal:2528,2528,2528,2528,2528,2528,2528,2528,2528,2528,2528,2528,2528,2528,2528,2528,2528,2528,2528,2528,2528,2528,2528,2528,2528,2528,2528,2528,2528,2528,2528,2528,2528,2528,2528,2528,2528,2528,2528,2528,2528,2528,2528,2528,2528,2528,2528,2528,2528,2528,2528,2528,2528,2528,2528,2528,2528,2528,2528,2528,2528,
size:32
[agent] id:5
path:2897,2790,2683,2576,2469,2362,2363,2364,2365,2366,2367,2368,2369,2370,2371,2264,2157,2050,1943,1836,1837,1838,1839,1840,1841,1734,1627,1520,1413,1306,1199,1200,1201,1202,1203,1204,1205,1206,1207,1207,1207,1207,1207,1207,1207,1207,1207,1207,1207,1207,1207,1207,1207,1207,1207,1207,1207,1207,1207,1207,1207,
goal:1207,1207,1207,1207,1207,1207,1207,1207,1207,1207,1207,1207,1207,1207,1207,1207,1207,1207,1207,1207,1207,1207,1207,1207,1207,1207,1207,1207,1207,1207,1207,1207,1207,1207,1207,1207,1207,1207,1207,1207,1207,1207,1207,1207,1207,1207,1207,1207,1207,1207,1207,1207,1207,1207,1207,1207,1207,1207,1207,1207,1207,
size:38
[agent] id:6
path:2767,2874,2981,3088,3087,3086,3085,3084,3083,3082,3081,3080,3079,3078,3077,3076,3075,3074,3073,3072,3179,3178,3177,3176,3175,3174,3281,3388,3495,3602,3709,3816,3923,4030,4137,4244,4351,4350,4350,4350,4350,4350,4350,4350,4350,4350,4350,4350,4350,4350,4350,4350,4350,4350,4350,4350,4350,4350,4350,4350,4350,
goal:4350,4350,4350,4350,4350,4350,4350,4350,4350,4350,4350,4350,4350,4350,4350,4350,4350,4350,4350,4350,4350,4350,4350,4350,4350,4350,4350,4350,4350,4350,4350,4350,4350,4350,4350,4350,4350,4350,4350,4350,4350,4350,4350,4350,4350,4350,4350,4350,4350,4350,4350,4350,4350,4350,4350,4350,4350,4350,4350,4350,4350,
size:37
[agent] id:7
path:1463,1462,1569,1676,1783,1890,1997,2104,2211,2318,2425,2532,2639,2746,2853,2960,3067,3068,3069,3070,3071,3072,3073,3074,3075,3076,3077,3078,3079,3080,3081,3082,3083,3084,3085,3085,3085,3085,3085,3085,3085,3085,3085,3085,3085,3085,3085,3085,3085,3085,3085,3085,3085,3085,3085,3085,3085,3085,3085,3085,3085,
goal:3085,3085,3085,3085,3085,3085,3085,3085,3085,3085,3085,3085,3085,3085,3085,3085,3085,3085,3085,3085,3085,3085,3085,3085,3085,3085,3085,3085,3085,3085,3085,3085,3085,3085,3085,3085,3085,3085,3085,3085,3085,3085,3085,3085,3085,3085,3085,3085,3085,3085,3085,3085,3085,3085,3085,3085,3085,3085,3085,3085,3085,
size:34
[agent] id:8
path:1884,1991,2098,2205,2312,2313,2420,2527,2634,2741,2848,2955,3062,3169,3170,3171,3172,3173,3280,3387,3494,3601,3708,3815,3816,3817,3818,3818,3818,3818,3818,3818,3818,3818,3818,3818,3818,3818,3818,3818,3818,3818,3818,3818,3818,3818,3818,3818,3818,3818,3818,3818,3818,3818,3818,3818,3818,3818,3818,3818,3818,
goal:3818,3818,3818,3818,3818,3818,3818,3818,3818,3818,3818,3818,3818,3818,3818,3818,3818,3818,3818,3818,3818,3818,3818,3818,3818,3818,3818,3818,3818,3818,3818,3818,3818,3818,3818,3818,3818,3818,3818,3818,3818,3818,3818,3818,3818,3818,3818,3818,3818,3818,3818,3818,3818,3818,3818,3818,3818,3818,3818,3818,3818,
size:26
[agent] id:9
path:2424,2423,2422,2421,2420,2419,2418,2417,2416,2415,2414,2413,2412,2411,2410,2409,2408,2407,2407,2407,2407,2407,2407,2407,2407,2407,2407,2407,2407,2407,2407,2407,2407,2407,2407,2407,2407,2407,2407,2407,2407,2407,2407,2407,2407,2407,2407,2407,2407,2407,2407,2407,2407,2407,2407,2407,2407,2407,2407,2407,2407,
goal:2407,2407,2407,2407,2407,2407,2407,2407,2407,2407,2407,2407,2407,2407,2407,2407,2407,2407,2407,2407,2407,2407,2407,2407,2407,2407,2407,2407,2407,2407,2407,2407,2407,2407,2407,2407,2407,2407,2407,2407,2407,2407,2407,2407,2407,2407,2407,2407,2407,2407,2407,2407,2407,2407,2407,2407,2407,2407,2407,2407,2407,
size:17
SolutionCost:356
