[setting] seed:65
[solver] type:ECBS
[solver] w:3.000000
[solver] ID:0
[solver] Lowlevelnode:88395
[solver] solved:1
[solver] elapsed:2180
[solver] makespan:88
[problem] timesteplimit:10000
[problem] type:MAPF
[problem] agentnum:20
[graph] width:107
[graph] height:47
[graph] filename:./map/orz601d.map
[task] id:19,start:0,end:0,service time:0,nodes:1087,
[task] id:9,start:0,end:0,service time:0,nodes:2544,
[task] id:7,start:0,end:0,service time:0,nodes:2081,
[task] id:5,start:0,end:0,service time:0,nodes:2164,
[task] id:8,start:0,end:0,service time:0,nodes:1842,
[task] id:11,start:0,end:0,service time:0,nodes:2104,
[task] id:13,start:0,end:0,service time:0,nodes:3033,
[task] id:3,start:0,end:0,service time:0,nodes:2331,
[task] id:6,start:0,end:0,service time:0,nodes:2479,
[task] id:15,start:0,end:0,service time:0,nodes:2449,
[task] id:14,start:0,end:0,service time:0,nodes:555,
[task] id:1,start:0,end:0,service time:0,nodes:3017,
[task] id:0,start:0,end:0,service time:0,nodes:4239,
[task] id:4,start:0,end:0,service time:0,nodes:770,
[task] id:2,start:0,end:0,service time:0,nodes:686,
[task] id:12,start:0,end:0,service time:0,nodes:2093,
[task] id:16,start:0,end:0,service time:0,nodes:3917,
[task] id:18,start:0,end:0,service time:0,nodes:3007,
[task] id:17,start:0,end:0,service time:0,nodes:3089,
[task] id:10,start:0,end:0,service time:0,nodes:2338,
[agent] id:0
path:2504,2611,2718,2825,2932,3039,3040,3041,3042,3043,3044,3045,3046,3047,3048,3049,3050,3051,3052,3053,3054,3055,3056,3057,3058,3059,3060,3061,3062,3169,3170,3171,3172,3173,3280,3387,3494,3601,3708,3815,3922,4029,4136,4243,4242,4241,4240,4239,4239,4239,4239,4239,4239,4239,4239,4239,4239,4239,4239,4239,4239,4239,4239,4239,4239,4239,4239,4239,4239,4239,4239,4239,4239,4239,4239,4239,4239,4239,4239,4239,4239,4239,4239,4239,4239,4239,4239,4239,4239,
goal:4239,4239,4239,4239,4239,4239,4239,4239,4239,4239,4239,4239,4239,4239,4239,4239,4239,4239,4239,4239,4239,4239,4239,4239,4239,4239,4239,4239,4239,4239,4239,4239,4239,4239,4239,4239,4239,4239,4239,4239,4239,4239,4239,4239,4239,4239,4239,4239,4239,4239,4239,4239,4239,4239,4239,4239,4239,4239,4239,4239,4239,4239,4239,4239,4239,4239,4239,4239,4239,4239,4239,4239,4239,4239,4239,4239,4239,4239,4239,4239,4239,4239,4239,4239,4239,4239,4239,4239,4239,
size:47
[agent] id:1
path:2952,2951,2950,2949,2948,2947,2946,2945,2944,2943,2942,2941,2940,2939,2938,2937,2936,2935,2934,2933,2932,2931,2930,2929,2928,2927,2926,2925,3032,3031,3030,3029,3028,3027,3026,3025,3024,3023,3022,3021,3020,3019,3018,3017,3017,3017,3017,3017,3017,3017,3017,3017,3017,3017,3017,3017,3017,3017,3017,3017,3017,3017,3017,3017,3017,3017,3017,3017,3017,3017,3017,3017,3017,3017,3017,3017,3017,3017,3017,3017,3017,3017,3017,3017,3017,3017,3017,3017,3017,
goal:3017,3017,3017,3017,3017,3017,3017,3017,3017,3017,3017,3017,3017,3017,3017,3017,3017,3017,3017,3017,3017,3017,3017,3017,3017,3017,3017,3017,3017,3017,3017,3017,3017,3017,3017,3017,3017,3017,3017,3017,3017,3017,3017,3017,3017,3017,3017,3017,3017,3017,3017,3017,3017,3017,3017,3017,3017,3017,3017,3017,3017,3017,3017,3017,3017,3017,3017,3017,3017,3017,3017,3017,3017,3017,3017,3017,3017,3017,3017,3017,3017,3017,3017,3017,3017,3017,3017,3017,3017,
size:43
[agent] id:2
path:606,713,712,819,926,1033,1140,1247,1354,1461,1568,1675,1782,1889,1888,1887,1886,1885,1884,1991,1990,1989,1988,1987,1986,1985,1984,1983,1982,1981,1980,1979,1978,1871,1870,1869,1868,1867,1866,1759,1652,1545,1438,1331,1224,1117,1010,903,796,689,688,687,686,686,686,686,686,686,686,686,686,686,686,686,686,686,686,686,686,686,686,686,686,686,686,686,686,686,686,686,686,686,686,686,686,686,686,686,686,
goal:686,686,686,686,686,686,686,686,686,686,686,686,686,686,686,686,686,686,686,686,686,686,686,686,686,686,686,686,686,686,686,686,686,686,686,686,686,686,686,686,686,686,686,686,686,686,686,686,686,686,686,686,686,686,686,686,686,686,686,686,686,686,686,686,686,686,686,686,686,686,686,686,686,686,686,686,686,686,686,686,686,686,686,686,686,686,686,686,686,
size:52
[agent] id:3
path:2408,2301,2302,2303,2304,2305,2306,2307,2308,2309,2310,2311,2312,2313,2314,2315,2316,2317,2318,2319,2320,2321,2322,2323,2324,2325,2326,2327,2328,2329,2330,2331,2331,2331,2331,2331,2331,2331,2331,2331,2331,2331,2331,2331,2331,2331,2331,2331,2331,2331,2331,2331,2331,2331,2331,2331,2331,2331,2331,2331,2331,2331,2331,2331,2331,2331,2331,2331,2331,2331,2331,2331,2331,2331,2331,2331,2331,2331,2331,2331,2331,2331,2331,2331,2331,2331,2331,2331,2331,
goal:2331,2331,2331,2331,2331,2331,2331,2331,2331,2331,2331,2331,2331,2331,2331,2331,2331,2331,2331,2331,2331,2331,2331,2331,2331,2331,2331,2331,2331,2331,2331,2331,2331,2331,2331,2331,2331,2331,2331,2331,2331,2331,2331,2331,2331,2331,2331,2331,2331,2331,2331,2331,2331,2331,2331,2331,2331,2331,2331,2331,2331,2331,2331,2331,2331,2331,2331,2331,2331,2331,2331,2331,2331,2331,2331,2331,2331,2331,2331,2331,2331,2331,2331,2331,2331,2331,2331,2331,2331,
size:31
[agent] id:4
path:1217,1324,1325,1326,1433,1434,1435,1436,1437,1544,1651,1758,1865,1972,1971,1970,1969,1968,1967,1966,1965,1964,1963,1962,1961,1960,1959,1958,1957,1956,1955,1954,1953,1952,1951,1950,1949,1948,1841,1734,1627,1520,1413,1306,1199,1092,985,878,771,770,770,770,770,770,770,770,770,770,770,770,770,770,770,770,770,770,770,770,770,770,770,770,770,770,770,770,770,770,770,770,770,770,770,770,770,770,770,770,770,
goal:770,770,770,770,770,770,770,770,770,770,770,770,770,770,770,770,770,770,770,770,770,770,770,770,770,770,770,770,770,770,770,770,770,770,770,770,770,770,770,770,770,770,770,770,770,770,770,770,770,770,770,770,770,770,770,770,770,770,770,770,770,770,770,770,770,770,770,770,770,770,770,770,770,770,770,770,770,770,770,770,770,770,770,770,770,770,770,770,770,
size:49
[agent] id:5
path:2251,2252,2253,2254,2255,2256,2257,2258,2259,2260,2367,2368,2369,2370,2371,2264,2157,2158,2159,2160,2161,2162,2163,2164,2164,2164,2164,2164,2164,2164,2164,2164,2164,2164,2164,2164,2164,2164,2164,2164,2164,2164,2164,2164,2164,2164,2164,2164,2164,2164,2164,2164,2164,2164,2164,2164,2164,2164,2164,2164,2164,2164,2164,2164,2164,2164,2164,2164,2164,2164,2164,2164,2164,2164,2164,2164,2164,2164,2164,2164,2164,2164,2164,2164,2164,2164,2164,2164,2164,
goal:2164,2164,2164,2164,2164,2164,2164,2164,2164,2164,2164,2164,2164,2164,2164,2164,2164,2164,2164,2164,2164,2164,2164,2164,2164,2164,2164,2164,2164,2164,2164,2164,2164,2164,2164,2164,2164,2164,2164,2164,2164,2164,2164,2164,2164,2164,2164,2164,2164,2164,2164,2164,2164,2164,2164,2164,2164,2164,2164,2164,2164,2164,2164,2164,2164,2164,2164,2164,2164,2164,2164,2164,2164,2164,2164,2164,2164,2164,2164,2164,2164,2164,2164,2164,2164,2164,2164,2164,2164,
size:23
[agent] id:6
path:2936,2829,2722,2615,2508,2507,2506,2505,2504,2503,2502,2501,2500,2499,2498,2497,2496,2495,2494,2493,2492,2491,2490,2489,2488,2487,2486,2485,2484,2483,2482,2481,2480,2479,2479,2479,2479,2479,2479,2479,2479,2479,2479,2479,2479,2479,2479,2479,2479,2479,2479,2479,2479,2479,2479,2479,2479,2479,2479,2479,2479,2479,2479,2479,2479,2479,2479,2479,2479,2479,2479,2479,2479,2479,2479,2479,2479,2479,2479,2479,2479,2479,2479,2479,2479,2479,2479,2479,2479,
goal:2479,2479,2479,2479,2479,2479,2479,2479,2479,2479,2479,2479,2479,2479,2479,2479,2479,2479,2479,2479,2479,2479,2479,2479,2479,2479,2479,2479,2479,2479,2479,2479,2479,2479,2479,2479,2479,2479,2479,2479,2479,2479,2479,2479,2479,2479,2479,2479,2479,2479,2479,2479,2479,2479,2479,2479,2479,2479,2479,2479,2479,2479,2479,2479,2479,2479,2479,2479,2479,2479,2479,2479,2479,2479,2479,2479,2479,2479,2479,2479,2479,2479,2479,2479,2479,2479,2479,2479,2479,
size:33
[agent] id:7
path:2931,2824,2717,2610,2503,2396,2289,2182,2075,2076,2077,2078,2079,2080,2081,2081,2081,2081,2081,2081,2081,2081,2081,2081,2081,2081,2081,2081,2081,2081,2081,2081,2081,2081,2081,2081,2081,2081,2081,2081,2081,2081,2081,2081,2081,2081,2081,2081,2081,2081,2081,2081,2081,2081,2081,2081,2081,2081,2081,2081,2081,2081,2081,2081,2081,2081,2081,2081,2081,2081,2081,2081,2081,2081,2081,2081,2081,2081,2081,2081,2081,2081,2081,2081,2081,2081,2081,2081,2081,
goal:2081,2081,2081,2081,2081,2081,2081,2081,2081,2081,2081,2081,2081,2081,2081,2081,2081,2081,2081,2081,2081,2081,2081,2081,2081,2081,2081,2081,2081,2081,2081,2081,2081,2081,2081,2081,2081,2081,2081,2081,2081,2081,2081,2081,2081,2081,2081,2081,2081,2081,2081,2081,2081,2081,2081,2081,2081,2081,2081,2081,2081,2081,2081,2081,2081,2081,2081,2081,2081,2081,2081,2081,2081,2081,2081,2081,2081,2081,2081,2081,2081,2081,2081,2081,2081,2081,2081,2081,2081,
size:14
[agent] id:8
path:2713,2606,2499,2392,2285,2178,2071,1964,1963,1962,1961,1960,1959,1958,1957,1956,1955,1954,1847,1846,1845,1844,1843,1842,1842,1842,1842,1842,1842,1842,1842,1842,1842,1842,1842,1842,1842,1842,1842,1842,1842,1842,1842,1842,1842,1842,1842,1842,1842,1842,1842,1842,1842,1842,1842,1842,1842,1842,1842,1842,1842,1842,1842,1842,1842,1842,1842,1842,1842,1842,1842,1842,1842,1842,1842,1842,1842,1842,1842,1842,1842,1842,1842,1842,1842,1842,1842,1842,1842,
goal:1842,1842,1842,1842,1842,1842,1842,1842,1842,1842,1842,1842,1842,1842,1842,1842,1842,1842,1842,1842,1842,1842,1842,1842,1842,1842,1842,1842,1842,1842,1842,1842,1842,1842,1842,1842,1842,1842,1842,1842,1842,1842,1842,1842,1842,1842,1842,1842,1842,1842,1842,1842,1842,1842,1842,1842,1842,1842,1842,1842,1842,1842,1842,1842,1842,1842,1842,1842,1842,1842,1842,1842,1842,1842,1842,1842,1842,1842,1842,1842,1842,1842,1842,1842,1842,1842,1842,1842,1842,
size:23
[agent] id:9
path:2873,2766,2659,2552,2551,2550,2549,2548,2547,2546,2545,2544,2544,2544,2544,2544,2544,2544,2544,2544,2544,2544,2544,2544,2544,2544,2544,2544,2544,2544,2544,2544,2544,2544,2544,2544,2544,2544,2544,2544,2544,2544,2544,2544,2544,2544,2544,2544,2544,2544,2544,2544,2544,2544,2544,2544,2544,2544,2544,2544,2544,2544,2544,2544,2544,2544,2544,2544,2544,2544,2544,2544,2544,2544,2544,2544,2544,2544,2544,2544,2544,2544,2544,2544,2544,2544,2544,2544,2544,
goal:2544,2544,2544,2544,2544,2544,2544,2544,2544,2544,2544,2544,2544,2544,2544,2544,2544,2544,2544,2544,2544,2544,2544,2544,2544,2544,2544,2544,2544,2544,2544,2544,2544,2544,2544,2544,2544,2544,2544,2544,2544,2544,2544,2544,2544,2544,2544,2544,2544,2544,2544,2544,2544,2544,2544,2544,2544,2544,2544,2544,2544,2544,2544,2544,2544,2544,2544,2544,2544,2544,2544,2544,2544,2544,2544,2544,2544,2544,2544,2544,2544,2544,2544,2544,2544,2544,2544,2544,2544,
size:11
[agent] id:10
path:4302,4195,4088,3981,3874,3767,3660,3553,3446,3339,3232,3125,3018,2911,2804,2697,2590,2591,2592,2593,2594,2595,2596,2597,2490,2491,2492,2493,2494,2495,2496,2497,2498,2499,2500,2501,2502,2503,2504,2505,2506,2507,2508,2509,2402,2403,2404,2405,2406,2407,2408,2409,2410,2411,2412,2413,2414,2415,2416,2417,2418,2419,2420,2421,2422,2423,2424,2425,2426,2427,2428,2429,2430,2431,2432,2433,2434,2435,2436,2437,2438,2439,2332,2333,2334,2335,2336,2337,2338,
goal:2338,2338,2338,2338,2338,2338,2338,2338,2338,2338,2338,2338,2338,2338,2338,2338,2338,2338,2338,2338,2338,2338,2338,2338,2338,2338,2338,2338,2338,2338,2338,2338,2338,2338,2338,2338,2338,2338,2338,2338,2338,2338,2338,2338,2338,2338,2338,2338,2338,2338,2338,2338,2338,2338,2338,2338,2338,2338,2338,2338,2338,2338,2338,2338,2338,2338,2338,2338,2338,2338,2338,2338,2338,2338,2338,2338,2338,2338,2338,2338,2338,2338,2338,2338,2338,2338,2338,2338,2338,
size:88
[agent] id:11
path:2837,2730,2623,2516,2409,2302,2195,2088,2089,2090,2091,2092,2093,2094,2095,2096,2097,2098,2099,2100,2101,2102,2103,2104,2104,2104,2104,2104,2104,2104,2104,2104,2104,2104,2104,2104,2104,2104,2104,2104,2104,2104,2104,2104,2104,2104,2104,2104,2104,2104,2104,2104,2104,2104,2104,2104,2104,2104,2104,2104,2104,2104,2104,2104,2104,2104,2104,2104,2104,2104,2104,2104,2104,2104,2104,2104,2104,2104,2104,2104,2104,2104,2104,2104,2104,2104,2104,2104,2104,
goal:2104,2104,2104,2104,2104,2104,2104,2104,2104,2104,2104,2104,2104,2104,2104,2104,2104,2104,2104,2104,2104,2104,2104,2104,2104,2104,2104,2104,2104,2104,2104,2104,2104,2104,2104,2104,2104,2104,2104,2104,2104,2104,2104,2104,2104,2104,2104,2104,2104,2104,2104,2104,2104,2104,2104,2104,2104,2104,2104,2104,2104,2104,2104,2104,2104,2104,2104,2104,2104,2104,2104,2104,2104,2104,2104,2104,2104,2104,2104,2104,2104,2104,2104,2104,2104,2104,2104,2104,2104,
size:23
[agent] id:12
path:3109,3002,2895,2788,2681,2574,2467,2360,2361,2362,2363,2364,2365,2366,2367,2368,2369,2370,2371,2264,2265,2266,2267,2268,2269,2270,2271,2272,2165,2166,2167,2168,2169,2170,2171,2172,2173,2174,2175,2176,2177,2178,2179,2180,2181,2182,2183,2184,2185,2186,2187,2188,2189,2082,2083,2084,2085,2086,2087,2088,2089,2090,2091,2092,2093,2093,2093,2093,2093,2093,2093,2093,2093,2093,2093,2093,2093,2093,2093,2093,2093,2093,2093,2093,2093,2093,2093,2093,2093,
goal:2093,2093,2093,2093,2093,2093,2093,2093,2093,2093,2093,2093,2093,2093,2093,2093,2093,2093,2093,2093,2093,2093,2093,2093,2093,2093,2093,2093,2093,2093,2093,2093,2093,2093,2093,2093,2093,2093,2093,2093,2093,2093,2093,2093,2093,2093,2093,2093,2093,2093,2093,2093,2093,2093,2093,2093,2093,2093,2093,2093,2093,2093,2093,2093,2093,2093,2093,2093,2093,2093,2093,2093,2093,2093,2093,2093,2093,2093,2093,2093,2093,2093,2093,2093,2093,2093,2093,2093,2093,
size:64
[agent] id:13
path:2371,2478,2585,2692,2799,2906,3013,3014,3015,3016,3017,3018,3019,3020,3021,3022,3023,3024,3025,3026,3027,3028,3029,3030,3031,3032,3033,3033,3033,3033,3033,3033,3033,3033,3033,3033,3033,3033,3033,3033,3033,3033,3033,3033,3033,3033,3033,3033,3033,3033,3033,3033,3033,3033,3033,3033,3033,3033,3033,3033,3033,3033,3033,3033,3033,3033,3033,3033,3033,3033,3033,3033,3033,3033,3033,3033,3033,3033,3033,3033,3033,3033,3033,3033,3033,3033,3033,3033,3033,
goal:3033,3033,3033,3033,3033,3033,3033,3033,3033,3033,3033,3033,3033,3033,3033,3033,3033,3033,3033,3033,3033,3033,3033,3033,3033,3033,3033,3033,3033,3033,3033,3033,3033,3033,3033,3033,3033,3033,3033,3033,3033,3033,3033,3033,3033,3033,3033,3033,3033,3033,3033,3033,3033,3033,3033,3033,3033,3033,3033,3033,3033,3033,3033,3033,3033,3033,3033,3033,3033,3033,3033,3033,3033,3033,3033,3033,3033,3033,3033,3033,3033,3033,3033,3033,3033,3033,3033,3033,3033,
size:26
[agent] id:14
path:3984,3877,3770,3769,3768,3661,3554,3447,3340,3233,3126,3019,2912,2805,2698,2591,2484,2377,2270,2163,2056,1949,1842,1735,1628,1521,1414,1307,1200,1093,986,879,772,665,558,557,556,555,555,555,555,555,555,555,555,555,555,555,555,555,555,555,555,555,555,555,555,555,555,555,555,555,555,555,555,555,555,555,555,555,555,555,555,555,555,555,555,555,555,555,555,555,555,555,555,555,555,555,555,
goal:555,555,555,555,555,555,555,555,555,555,555,555,555,555,555,555,555,555,555,555,555,555,555,555,555,555,555,555,555,555,555,555,555,555,555,555,555,555,555,555,555,555,555,555,555,555,555,555,555,555,555,555,555,555,555,555,555,555,555,555,555,555,555,555,555,555,555,555,555,555,555,555,555,555,555,555,555,555,555,555,555,555,555,555,555,555,555,555,555,
size:37
[agent] id:15
path:2955,2848,2741,2634,2527,2420,2421,2422,2423,2424,2425,2426,2427,2428,2429,2430,2431,2432,2433,2434,2435,2436,2437,2438,2439,2440,2441,2442,2443,2444,2445,2446,2447,2448,2449,2449,2449,2449,2449,2449,2449,2449,2449,2449,2449,2449,2449,2449,2449,2449,2449,2449,2449,2449,2449,2449,2449,2449,2449,2449,2449,2449,2449,2449,2449,2449,2449,2449,2449,2449,2449,2449,2449,2449,2449,2449,2449,2449,2449,2449,2449,2449,2449,2449,2449,2449,2449,2449,2449,
goal:2449,2449,2449,2449,2449,2449,2449,2449,2449,2449,2449,2449,2449,2449,2449,2449,2449,2449,2449,2449,2449,2449,2449,2449,2449,2449,2449,2449,2449,2449,2449,2449,2449,2449,2449,2449,2449,2449,2449,2449,2449,2449,2449,2449,2449,2449,2449,2449,2449,2449,2449,2449,2449,2449,2449,2449,2449,2449,2449,2449,2449,2449,2449,2449,2449,2449,2449,2449,2449,2449,2449,2449,2449,2449,2449,2449,2449,2449,2449,2449,2449,2449,2449,2449,2449,2449,2449,2449,2449,
size:34
[agent] id:16
path:3765,3766,3767,3768,3661,3554,3447,3340,3341,3342,3343,3344,3345,3238,3131,3024,3025,3026,3027,3028,3029,3030,3031,3032,3033,3034,3035,3036,3037,3038,3039,3040,3041,3042,3043,3044,3045,3046,3047,3048,3049,3050,3051,3052,3053,3054,3055,3056,3057,3058,3059,3060,3061,3062,3169,3170,3171,3172,3173,3280,3387,3494,3601,3708,3815,3922,3921,3920,3919,3918,3917,3917,3917,3917,3917,3917,3917,3917,3917,3917,3917,3917,3917,3917,3917,3917,3917,3917,3917,
goal:3917,3917,3917,3917,3917,3917,3917,3917,3917,3917,3917,3917,3917,3917,3917,3917,3917,3917,3917,3917,3917,3917,3917,3917,3917,3917,3917,3917,3917,3917,3917,3917,3917,3917,3917,3917,3917,3917,3917,3917,3917,3917,3917,3917,3917,3917,3917,3917,3917,3917,3917,3917,3917,3917,3917,3917,3917,3917,3917,3917,3917,3917,3917,3917,3917,3917,3917,3917,3917,3917,3917,3917,3917,3917,3917,3917,3917,3917,3917,3917,3917,3917,3917,3917,3917,3917,3917,3917,3917,
size:70
[agent] id:17
path:4085,3978,3871,3764,3765,3766,3767,3660,3553,3446,3339,3232,3125,3018,3019,3020,3021,3022,3023,3024,3025,3026,3027,3028,3029,3030,3031,3032,3139,3140,3141,3034,3035,3036,3037,3038,3039,3040,3041,3042,3043,3044,3045,3046,3047,3048,3049,3050,3051,3052,3053,3054,3055,3056,3057,3058,3059,3060,3061,3062,3063,3064,3065,3066,3067,3068,3069,3070,3071,3072,3073,3074,3075,3076,3077,3078,3079,3080,3081,3082,3083,3084,3085,3086,3087,3088,3089,3089,3089,
goal:3089,3089,3089,3089,3089,3089,3089,3089,3089,3089,3089,3089,3089,3089,3089,3089,3089,3089,3089,3089,3089,3089,3089,3089,3089,3089,3089,3089,3089,3089,3089,3089,3089,3089,3089,3089,3089,3089,3089,3089,3089,3089,3089,3089,3089,3089,3089,3089,3089,3089,3089,3089,3089,3089,3089,3089,3089,3089,3089,3089,3089,3089,3089,3089,3089,3089,3089,3089,3089,3089,3089,3089,3089,3089,3089,3089,3089,3089,3089,3089,3089,3089,3089,3089,3089,3089,3089,3089,3089,
size:86
[agent] id:18
path:715,822,929,1036,1143,1250,1357,1464,1463,1462,1569,1676,1783,1890,1997,2104,2211,2318,2425,2424,2423,2422,2421,2420,2419,2418,2417,2416,2415,2414,2413,2412,2411,2410,2409,2408,2407,2406,2405,2404,2403,2402,2401,2400,2399,2398,2397,2396,2395,2394,2393,2392,2391,2390,2389,2388,2387,2386,2385,2384,2383,2382,2381,2380,2379,2378,2377,2376,2375,2374,2373,2372,2371,2478,2477,2476,2475,2474,2581,2688,2795,2902,3009,3008,3007,3007,3007,3007,3007,
goal:3007,3007,3007,3007,3007,3007,3007,3007,3007,3007,3007,3007,3007,3007,3007,3007,3007,3007,3007,3007,3007,3007,3007,3007,3007,3007,3007,3007,3007,3007,3007,3007,3007,3007,3007,3007,3007,3007,3007,3007,3007,3007,3007,3007,3007,3007,3007,3007,3007,3007,3007,3007,3007,3007,3007,3007,3007,3007,3007,3007,3007,3007,3007,3007,3007,3007,3007,3007,3007,3007,3007,3007,3007,3007,3007,3007,3007,3007,3007,3007,3007,3007,3007,3007,3007,3007,3007,3007,3007,
size:84
[agent] id:19
path:773,880,987,1094,1093,1092,1091,1090,1089,1088,1087,1087,1087,1087,1087,1087,1087,1087,1087,1087,1087,1087,1087,1087,1087,1087,1087,1087,1087,1087,1087,1087,1087,1087,1087,1087,1087,1087,1087,1087,1087,1087,1087,1087,1087,1087,1087,1087,1087,1087,1087,1087,1087,1087,1087,1087,1087,1087,1087,1087,1087,1087,1087,1087,1087,1087,1087,1087,1087,1087,1087,1087,1087,1087,1087,1087,1087,1087,1087,1087,1087,1087,1087,1087,1087,1087,1087,1087,1087,
goal:1087,1087,1087,1087,1087,1087,1087,1087,1087,1087,1087,1087,1087,1087,1087,1087,1087,1087,1087,1087,1087,1087,1087,1087,1087,1087,1087,1087,1087,1087,1087,1087,1087,1087,1087,1087,1087,1087,1087,1087,1087,1087,1087,1087,1087,1087,1087,1087,1087,1087,1087,1087,1087,1087,1087,1087,1087,1087,1087,1087,1087,1087,1087,1087,1087,1087,1087,1087,1087,1087,1087,1087,1087,1087,1087,1087,1087,1087,1087,1087,1087,1087,1087,1087,1087,1087,1087,1087,1087,
size:10
SolutionCost:848
