[setting] seed:32
[solver] type:ECBS
[solver] w:3.000000
[solver] ID:0
[solver] Lowlevelnode:5308
[solver] solved:1
[solver] elapsed:53
[solver] makespan:85
[problem] timesteplimit:10000
[problem] type:MAPF
[problem] agentnum:30
[graph] width:107
[graph] height:47
[graph] filename:./map/orz601d.map
[task] id:22,start:0,end:0,service time:0,nodes:3195,
[task] id:5,start:0,end:0,service time:0,nodes:3024,
[task] id:14,start:0,end:0,service time:0,nodes:2171,
[task] id:21,start:0,end:0,service time:0,nodes:584,
[task] id:0,start:0,end:0,service time:0,nodes:2966,
[task] id:25,start:0,end:0,service time:0,nodes:3076,
[task] id:3,start:0,end:0,service time:0,nodes:3880,
[task] id:29,start:0,end:0,service time:0,nodes:2523,
[task] id:23,start:0,end:0,service time:0,nodes:2312,
[task] id:24,start:0,end:0,service time:0,nodes:817,
[task] id:17,start:0,end:0,service time:0,nodes:3337,
[task] id:20,start:0,end:0,service time:0,nodes:2578,
[task] id:18,start:0,end:0,service time:0,nodes:3980,
[task] id:6,start:0,end:0,service time:0,nodes:2125,
[task] id:7,start:0,end:0,service time:0,nodes:2272,
[task] id:2,start:0,end:0,service time:0,nodes:2399,
[task] id:28,start:0,end:0,service time:0,nodes:1097,
[task] id:11,start:0,end:0,service time:0,nodes:2257,
[task] id:1,start:0,end:0,service time:0,nodes:774,
[task] id:9,start:0,end:0,service time:0,nodes:1860,
[task] id:4,start:0,end:0,service time:0,nodes:475,
[task] id:27,start:0,end:0,service time:0,nodes:2301,
[task] id:16,start:0,end:0,service time:0,nodes:2519,
[task] id:10,start:0,end:0,service time:0,nodes:3601,
[task] id:15,start:0,end:0,service time:0,nodes:3140,
[task] id:8,start:0,end:0,service time:0,nodes:1520,
[task] id:19,start:0,end:0,service time:0,nodes:2344,
[task] id:26,start:0,end:0,service time:0,nodes:875,
[task] id:12,start:0,end:0,service time:0,nodes:1458,
[task] id:13,start:0,end:0,service time:0,nodes:923,
[agent] id:0
path:2844,2951,2952,2953,2954,2955,2956,2957,2958,2959,2960,2961,2962,2963,2964,2965,2966,2966,2966,2966,2966,2966,2966,2966,2966,2966,2966,2966,2966,2966,2966,2966,2966,2966,2966,2966,2966,2966,2966,2966,2966,2966,2966,2966,2966,2966,2966,2966,2966,2966,2966,2966,2966,2966,2966,2966,2966,2966,2966,2966,2966,2966,2966,2966,2966,2966,2966,2966,2966,2966,2966,2966,2966,2966,2966,2966,2966,2966,2966,2966,2966,2966,2966,2966,2966,2966,
goal:2966,2966,2966,2966,2966,2966,2966,2966,2966,2966,2966,2966,2966,2966,2966,2966,2966,2966,2966,2966,2966,2966,2966,2966,2966,2966,2966,2966,2966,2966,2966,2966,2966,2966,2966,2966,2966,2966,2966,2966,2966,2966,2966,2966,2966,2966,2966,2966,2966,2966,2966,2966,2966,2966,2966,2966,2966,2966,2966,2966,2966,2966,2966,2966,2966,2966,2966,2966,2966,2966,2966,2966,2966,2966,2966,2966,2966,2966,2966,2966,2966,2966,2966,2966,2966,2966,
size:16
[agent] id:1
path:1011,1010,1009,1116,1223,1330,1437,1544,1651,1758,1865,1864,1863,1862,1861,1860,1967,1966,1965,1964,1963,1962,1961,1960,1959,1958,1957,1956,1955,1954,1847,1846,1845,1844,1843,1842,1735,1628,1521,1414,1307,1200,1093,986,879,772,773,774,774,774,774,774,774,774,774,774,774,774,774,774,774,774,774,774,774,774,774,774,774,774,774,774,774,774,774,774,774,774,774,774,774,774,774,774,774,774,
goal:774,774,774,774,774,774,774,774,774,774,774,774,774,774,774,774,774,774,774,774,774,774,774,774,774,774,774,774,774,774,774,774,774,774,774,774,774,774,774,774,774,774,774,774,774,774,774,774,774,774,774,774,774,774,774,774,774,774,774,774,774,774,774,774,774,774,774,774,774,774,774,774,774,774,774,774,774,774,774,774,774,774,774,774,774,774,
size:47
[agent] id:2
path:880,987,1094,1201,1308,1415,1414,1521,1628,1735,1842,1949,2056,2163,2270,2377,2378,2379,2380,2381,2382,2383,2384,2385,2386,2387,2388,2389,2390,2391,2392,2393,2394,2395,2396,2397,2398,2399,2399,2399,2399,2399,2399,2399,2399,2399,2399,2399,2399,2399,2399,2399,2399,2399,2399,2399,2399,2399,2399,2399,2399,2399,2399,2399,2399,2399,2399,2399,2399,2399,2399,2399,2399,2399,2399,2399,2399,2399,2399,2399,2399,2399,2399,2399,2399,2399,
goal:2399,2399,2399,2399,2399,2399,2399,2399,2399,2399,2399,2399,2399,2399,2399,2399,2399,2399,2399,2399,2399,2399,2399,2399,2399,2399,2399,2399,2399,2399,2399,2399,2399,2399,2399,2399,2399,2399,2399,2399,2399,2399,2399,2399,2399,2399,2399,2399,2399,2399,2399,2399,2399,2399,2399,2399,2399,2399,2399,2399,2399,2399,2399,2399,2399,2399,2399,2399,2399,2399,2399,2399,2399,2399,2399,2399,2399,2399,2399,2399,2399,2399,2399,2399,2399,2399,
size:37
[agent] id:3
path:2916,3023,3130,3237,3344,3343,3342,3341,3340,3447,3554,3661,3768,3875,3876,3877,3878,3879,3880,3880,3880,3880,3880,3880,3880,3880,3880,3880,3880,3880,3880,3880,3880,3880,3880,3880,3880,3880,3880,3880,3880,3880,3880,3880,3880,3880,3880,3880,3880,3880,3880,3880,3880,3880,3880,3880,3880,3880,3880,3880,3880,3880,3880,3880,3880,3880,3880,3880,3880,3880,3880,3880,3880,3880,3880,3880,3880,3880,3880,3880,3880,3880,3880,3880,3880,3880,
goal:3880,3880,3880,3880,3880,3880,3880,3880,3880,3880,3880,3880,3880,3880,3880,3880,3880,3880,3880,3880,3880,3880,3880,3880,3880,3880,3880,3880,3880,3880,3880,3880,3880,3880,3880,3880,3880,3880,3880,3880,3880,3880,3880,3880,3880,3880,3880,3880,3880,3880,3880,3880,3880,3880,3880,3880,3880,3880,3880,3880,3880,3880,3880,3880,3880,3880,3880,3880,3880,3880,3880,3880,3880,3880,3880,3880,3880,3880,3880,3880,3880,3880,3880,3880,3880,3880,
size:18
[agent] id:4
path:3067,2960,2853,2746,2639,2532,2425,2318,2211,2104,1997,1996,1995,1994,1993,1992,1991,1990,1989,1988,1987,1986,1985,1984,1983,1982,1981,1980,1979,1978,1871,1870,1869,1868,1867,1866,1759,1652,1545,1438,1331,1224,1117,1010,903,796,689,582,475,475,475,475,475,475,475,475,475,475,475,475,475,475,475,475,475,475,475,475,475,475,475,475,475,475,475,475,475,475,475,475,475,475,475,475,475,475,
goal:475,475,475,475,475,475,475,475,475,475,475,475,475,475,475,475,475,475,475,475,475,475,475,475,475,475,475,475,475,475,475,475,475,475,475,475,475,475,475,475,475,475,475,475,475,475,475,475,475,475,475,475,475,475,475,475,475,475,475,475,475,475,475,475,475,475,475,475,475,475,475,475,475,475,475,475,475,475,475,475,475,475,475,475,475,475,
size:48
[agent] id:5
path:3447,3340,3233,3126,3019,3020,3021,3022,3023,3024,3024,3024,3024,3024,3024,3024,3024,3024,3024,3024,3024,3024,3024,3024,3024,3024,3024,3024,3024,3024,3024,3024,3024,3024,3024,3024,3024,3024,3024,3024,3024,3024,3024,3024,3024,3024,3024,3024,3024,3024,3024,3024,3024,3024,3024,3024,3024,3024,3024,3024,3024,3024,3024,3024,3024,3024,3024,3024,3024,3024,3024,3024,3024,3024,3024,3024,3024,3024,3024,3024,3024,3024,3024,3024,3024,3024,
goal:3024,3024,3024,3024,3024,3024,3024,3024,3024,3024,3024,3024,3024,3024,3024,3024,3024,3024,3024,3024,3024,3024,3024,3024,3024,3024,3024,3024,3024,3024,3024,3024,3024,3024,3024,3024,3024,3024,3024,3024,3024,3024,3024,3024,3024,3024,3024,3024,3024,3024,3024,3024,3024,3024,3024,3024,3024,3024,3024,3024,3024,3024,3024,3024,3024,3024,3024,3024,3024,3024,3024,3024,3024,3024,3024,3024,3024,3024,3024,3024,3024,3024,3024,3024,3024,3024,
size:9
[agent] id:6
path:2524,2417,2310,2203,2096,2097,2098,2099,2100,2101,2102,2103,2104,2105,2106,2107,2108,2109,2110,2111,2112,2113,2114,2115,2116,2117,2118,2119,2120,2121,2122,2123,2124,2125,2125,2125,2125,2125,2125,2125,2125,2125,2125,2125,2125,2125,2125,2125,2125,2125,2125,2125,2125,2125,2125,2125,2125,2125,2125,2125,2125,2125,2125,2125,2125,2125,2125,2125,2125,2125,2125,2125,2125,2125,2125,2125,2125,2125,2125,2125,2125,2125,2125,2125,2125,2125,
goal:2125,2125,2125,2125,2125,2125,2125,2125,2125,2125,2125,2125,2125,2125,2125,2125,2125,2125,2125,2125,2125,2125,2125,2125,2125,2125,2125,2125,2125,2125,2125,2125,2125,2125,2125,2125,2125,2125,2125,2125,2125,2125,2125,2125,2125,2125,2125,2125,2125,2125,2125,2125,2125,2125,2125,2125,2125,2125,2125,2125,2125,2125,2125,2125,2125,2125,2125,2125,2125,2125,2125,2125,2125,2125,2125,2125,2125,2125,2125,2125,2125,2125,2125,2125,2125,2125,
size:33
[agent] id:7
path:2942,2835,2728,2621,2514,2407,2300,2299,2298,2297,2296,2295,2294,2293,2292,2291,2290,2289,2288,2287,2286,2285,2284,2283,2282,2281,2280,2279,2278,2277,2276,2275,2274,2273,2272,2272,2272,2272,2272,2272,2272,2272,2272,2272,2272,2272,2272,2272,2272,2272,2272,2272,2272,2272,2272,2272,2272,2272,2272,2272,2272,2272,2272,2272,2272,2272,2272,2272,2272,2272,2272,2272,2272,2272,2272,2272,2272,2272,2272,2272,2272,2272,2272,2272,2272,2272,
goal:2272,2272,2272,2272,2272,2272,2272,2272,2272,2272,2272,2272,2272,2272,2272,2272,2272,2272,2272,2272,2272,2272,2272,2272,2272,2272,2272,2272,2272,2272,2272,2272,2272,2272,2272,2272,2272,2272,2272,2272,2272,2272,2272,2272,2272,2272,2272,2272,2272,2272,2272,2272,2272,2272,2272,2272,2272,2272,2272,2272,2272,2272,2272,2272,2272,2272,2272,2272,2272,2272,2272,2272,2272,2272,2272,2272,2272,2272,2272,2272,2272,2272,2272,2272,2272,2272,
size:34
[agent] id:8
path:2854,2747,2640,2639,2532,2425,2318,2211,2210,2209,2208,2101,2100,2099,2098,2097,2096,2095,2094,2093,2092,2091,2090,2089,2088,2087,2086,2085,2084,2083,2082,2081,2080,2079,2078,2077,2076,2075,2074,2073,2072,2071,2070,1963,1962,1961,1960,1959,1958,1957,1956,1955,1954,1847,1846,1845,1844,1843,1842,1735,1628,1521,1520,1520,1520,1520,1520,1520,1520,1520,1520,1520,1520,1520,1520,1520,1520,1520,1520,1520,1520,1520,1520,1520,1520,1520,
goal:1520,1520,1520,1520,1520,1520,1520,1520,1520,1520,1520,1520,1520,1520,1520,1520,1520,1520,1520,1520,1520,1520,1520,1520,1520,1520,1520,1520,1520,1520,1520,1520,1520,1520,1520,1520,1520,1520,1520,1520,1520,1520,1520,1520,1520,1520,1520,1520,1520,1520,1520,1520,1520,1520,1520,1520,1520,1520,1520,1520,1520,1520,1520,1520,1520,1520,1520,1520,1520,1520,1520,1520,1520,1520,1520,1520,1520,1520,1520,1520,1520,1520,1520,1520,1520,1520,
size:62
[agent] id:9
path:3987,3880,3773,3772,3771,3770,3769,3768,3661,3554,3661,3660,3553,3446,3339,3232,3125,3018,2911,2804,2805,2698,2591,2484,2377,2270,2163,2056,1949,1950,1951,1952,1953,1954,1955,1956,1957,1958,1959,1960,1961,1962,1963,1964,1965,1966,1967,1860,1860,1860,1860,1860,1860,1860,1860,1860,1860,1860,1860,1860,1860,1860,1860,1860,1860,1860,1860,1860,1860,1860,1860,1860,1860,1860,1860,1860,1860,1860,1860,1860,1860,1860,1860,1860,1860,1860,
goal:1860,1860,1860,1860,1860,1860,1860,1860,1860,1860,1860,1860,1860,1860,1860,1860,1860,1860,1860,1860,1860,1860,1860,1860,1860,1860,1860,1860,1860,1860,1860,1860,1860,1860,1860,1860,1860,1860,1860,1860,1860,1860,1860,1860,1860,1860,1860,1860,1860,1860,1860,1860,1860,1860,1860,1860,1860,1860,1860,1860,1860,1860,1860,1860,1860,1860,1860,1860,1860,1860,1860,1860,1860,1860,1860,1860,1860,1860,1860,1860,1860,1860,1860,1860,1860,1860,
size:47
[agent] id:10
path:2590,2697,2804,2911,2912,2913,2914,2915,2916,2917,2918,2919,2920,2921,2922,2923,2924,2925,2926,2927,2928,2929,2930,2931,2932,2933,2934,2935,2936,2937,2938,2939,2940,2941,2942,2943,2944,2945,2946,3053,3054,3055,3056,3057,3058,3059,3060,3061,3062,3169,3170,3171,3172,3173,3280,3387,3494,3601,3601,3601,3601,3601,3601,3601,3601,3601,3601,3601,3601,3601,3601,3601,3601,3601,3601,3601,3601,3601,3601,3601,3601,3601,3601,3601,3601,3601,
goal:3601,3601,3601,3601,3601,3601,3601,3601,3601,3601,3601,3601,3601,3601,3601,3601,3601,3601,3601,3601,3601,3601,3601,3601,3601,3601,3601,3601,3601,3601,3601,3601,3601,3601,3601,3601,3601,3601,3601,3601,3601,3601,3601,3601,3601,3601,3601,3601,3601,3601,3601,3601,3601,3601,3601,3601,3601,3601,3601,3601,3601,3601,3601,3601,3601,3601,3601,3601,3601,3601,3601,3601,3601,3601,3601,3601,3601,3601,3601,3601,3601,3601,3601,3601,3601,3601,
size:57
[agent] id:11
path:1651,1758,1865,1972,2079,2186,2293,2292,2291,2290,2289,2288,2287,2286,2285,2284,2283,2282,2281,2280,2279,2278,2277,2276,2275,2274,2273,2272,2271,2270,2269,2268,2267,2266,2265,2264,2371,2370,2369,2368,2367,2260,2259,2258,2257,2257,2257,2257,2257,2257,2257,2257,2257,2257,2257,2257,2257,2257,2257,2257,2257,2257,2257,2257,2257,2257,2257,2257,2257,2257,2257,2257,2257,2257,2257,2257,2257,2257,2257,2257,2257,2257,2257,2257,2257,2257,
goal:2257,2257,2257,2257,2257,2257,2257,2257,2257,2257,2257,2257,2257,2257,2257,2257,2257,2257,2257,2257,2257,2257,2257,2257,2257,2257,2257,2257,2257,2257,2257,2257,2257,2257,2257,2257,2257,2257,2257,2257,2257,2257,2257,2257,2257,2257,2257,2257,2257,2257,2257,2257,2257,2257,2257,2257,2257,2257,2257,2257,2257,2257,2257,2257,2257,2257,2257,2257,2257,2257,2257,2257,2257,2257,2257,2257,2257,2257,2257,2257,2257,2257,2257,2257,2257,2257,
size:44
[agent] id:12
path:4406,4299,4192,4085,3978,3871,3764,3765,3766,3767,3660,3553,3446,3339,3232,3125,3018,2911,2804,2805,2698,2591,2484,2377,2378,2379,2380,2381,2382,2383,2384,2277,2278,2279,2172,2173,2174,2175,2176,2177,2178,2179,2072,2073,2074,2075,2076,1969,1970,1971,1972,1973,1974,1975,1976,1977,1978,1979,1980,1981,1982,1983,1984,1985,1986,1987,1988,1989,1990,1991,1884,1885,1886,1887,1888,1889,1782,1675,1568,1461,1460,1459,1458,1458,1458,1458,
goal:1458,1458,1458,1458,1458,1458,1458,1458,1458,1458,1458,1458,1458,1458,1458,1458,1458,1458,1458,1458,1458,1458,1458,1458,1458,1458,1458,1458,1458,1458,1458,1458,1458,1458,1458,1458,1458,1458,1458,1458,1458,1458,1458,1458,1458,1458,1458,1458,1458,1458,1458,1458,1458,1458,1458,1458,1458,1458,1458,1458,1458,1458,1458,1458,1458,1458,1458,1458,1458,1458,1458,1458,1458,1458,1458,1458,1458,1458,1458,1458,1458,1458,1458,1458,1458,1458,
size:82
[agent] id:13
path:3869,3870,3871,3872,3873,3874,3874,3767,3660,3553,3446,3339,3232,3125,3018,2911,2804,2697,2698,2591,2592,2593,2594,2595,2596,2597,2598,2599,2600,2601,2602,2603,2604,2605,2606,2607,2608,2609,2610,2611,2612,2613,2614,2615,2616,2617,2618,2619,2620,2621,2622,2623,2624,2625,2626,2627,2520,2413,2306,2199,2092,1985,1986,1987,1988,1989,1990,1991,1884,1885,1886,1887,1888,1889,1782,1675,1568,1461,1354,1247,1140,1033,926,925,924,923,
goal:923,923,923,923,923,923,923,923,923,923,923,923,923,923,923,923,923,923,923,923,923,923,923,923,923,923,923,923,923,923,923,923,923,923,923,923,923,923,923,923,923,923,923,923,923,923,923,923,923,923,923,923,923,923,923,923,923,923,923,923,923,923,923,923,923,923,923,923,923,923,923,923,923,923,923,923,923,923,923,923,923,923,923,923,923,923,
size:85
[agent] id:14
path:2592,2485,2378,2271,2164,2165,2166,2167,2168,2169,2170,2171,2171,2171,2171,2171,2171,2171,2171,2171,2171,2171,2171,2171,2171,2171,2171,2171,2171,2171,2171,2171,2171,2171,2171,2171,2171,2171,2171,2171,2171,2171,2171,2171,2171,2171,2171,2171,2171,2171,2171,2171,2171,2171,2171,2171,2171,2171,2171,2171,2171,2171,2171,2171,2171,2171,2171,2171,2171,2171,2171,2171,2171,2171,2171,2171,2171,2171,2171,2171,2171,2171,2171,2171,2171,2171,
goal:2171,2171,2171,2171,2171,2171,2171,2171,2171,2171,2171,2171,2171,2171,2171,2171,2171,2171,2171,2171,2171,2171,2171,2171,2171,2171,2171,2171,2171,2171,2171,2171,2171,2171,2171,2171,2171,2171,2171,2171,2171,2171,2171,2171,2171,2171,2171,2171,2171,2171,2171,2171,2171,2171,2171,2171,2171,2171,2171,2171,2171,2171,2171,2171,2171,2171,2171,2171,2171,2171,2171,2171,2171,2171,2171,2171,2171,2171,2171,2171,2171,2171,2171,2171,2171,2171,
size:11
[agent] id:15
path:2549,2656,2763,2870,2977,3084,3083,3082,3081,3080,3079,3078,3077,3076,3075,3074,3073,3072,3071,3070,3069,3068,3067,3066,3065,3064,3063,3062,3061,3060,3059,3058,3057,3056,3055,3054,3053,3052,3051,3050,3049,3048,3047,3046,3045,3044,3043,3042,3041,3040,3039,3038,3037,3036,3143,3142,3141,3140,3140,3140,3140,3140,3140,3140,3140,3140,3140,3140,3140,3140,3140,3140,3140,3140,3140,3140,3140,3140,3140,3140,3140,3140,3140,3140,3140,3140,
goal:3140,3140,3140,3140,3140,3140,3140,3140,3140,3140,3140,3140,3140,3140,3140,3140,3140,3140,3140,3140,3140,3140,3140,3140,3140,3140,3140,3140,3140,3140,3140,3140,3140,3140,3140,3140,3140,3140,3140,3140,3140,3140,3140,3140,3140,3140,3140,3140,3140,3140,3140,3140,3140,3140,3140,3140,3140,3140,3140,3140,3140,3140,3140,3140,3140,3140,3140,3140,3140,3140,3140,3140,3140,3140,3140,3140,3140,3140,3140,3140,3140,3140,3140,3140,3140,3140,
size:57
[agent] id:16
path:450,557,664,771,878,985,1092,1199,1306,1413,1520,1627,1734,1841,1948,2055,2162,2269,2376,2483,2484,2485,2486,2487,2488,2489,2490,2491,2492,2493,2494,2495,2496,2497,2498,2499,2500,2501,2502,2503,2504,2505,2506,2507,2508,2509,2510,2511,2512,2513,2514,2515,2516,2517,2518,2519,2519,2519,2519,2519,2519,2519,2519,2519,2519,2519,2519,2519,2519,2519,2519,2519,2519,2519,2519,2519,2519,2519,2519,2519,2519,2519,2519,2519,2519,2519,
goal:2519,2519,2519,2519,2519,2519,2519,2519,2519,2519,2519,2519,2519,2519,2519,2519,2519,2519,2519,2519,2519,2519,2519,2519,2519,2519,2519,2519,2519,2519,2519,2519,2519,2519,2519,2519,2519,2519,2519,2519,2519,2519,2519,2519,2519,2519,2519,2519,2519,2519,2519,2519,2519,2519,2519,2519,2519,2519,2519,2519,2519,2519,2519,2519,2519,2519,2519,2519,2519,2519,2519,2519,2519,2519,2519,2519,2519,2519,2519,2519,2519,2519,2519,2519,2519,2519,
size:55
[agent] id:17
path:2823,2822,2822,2821,2820,2819,2818,2817,2816,2815,2814,2813,2812,2919,2918,2917,2916,3023,3130,3237,3344,3343,3342,3341,3340,3340,3339,3338,3337,3337,3337,3337,3337,3337,3337,3337,3337,3337,3337,3337,3337,3337,3337,3337,3337,3337,3337,3337,3337,3337,3337,3337,3337,3337,3337,3337,3337,3337,3337,3337,3337,3337,3337,3337,3337,3337,3337,3337,3337,3337,3337,3337,3337,3337,3337,3337,3337,3337,3337,3337,3337,3337,3337,3337,3337,3337,
goal:3337,3337,3337,3337,3337,3337,3337,3337,3337,3337,3337,3337,3337,3337,3337,3337,3337,3337,3337,3337,3337,3337,3337,3337,3337,3337,3337,3337,3337,3337,3337,3337,3337,3337,3337,3337,3337,3337,3337,3337,3337,3337,3337,3337,3337,3337,3337,3337,3337,3337,3337,3337,3337,3337,3337,3337,3337,3337,3337,3337,3337,3337,3337,3337,3337,3337,3337,3337,3337,3337,3337,3337,3337,3337,3337,3337,3337,3337,3337,3337,3337,3337,3337,3337,3337,3337,
size:28
[agent] id:18
path:770,877,984,1091,1198,1305,1412,1413,1520,1627,1734,1841,1948,2055,2162,2269,2376,2483,2590,2697,2804,2911,3018,3125,3232,3339,3446,3553,3660,3767,3874,3981,3980,3980,3980,3980,3980,3980,3980,3980,3980,3980,3980,3980,3980,3980,3980,3980,3980,3980,3980,3980,3980,3980,3980,3980,3980,3980,3980,3980,3980,3980,3980,3980,3980,3980,3980,3980,3980,3980,3980,3980,3980,3980,3980,3980,3980,3980,3980,3980,3980,3980,3980,3980,3980,3980,
goal:3980,3980,3980,3980,3980,3980,3980,3980,3980,3980,3980,3980,3980,3980,3980,3980,3980,3980,3980,3980,3980,3980,3980,3980,3980,3980,3980,3980,3980,3980,3980,3980,3980,3980,3980,3980,3980,3980,3980,3980,3980,3980,3980,3980,3980,3980,3980,3980,3980,3980,3980,3980,3980,3980,3980,3980,3980,3980,3980,3980,3980,3980,3980,3980,3980,3980,3980,3980,3980,3980,3980,3980,3980,3980,3980,3980,3980,3980,3980,3980,3980,3980,3980,3980,3980,3980,
size:32
[agent] id:19
path:3035,2928,2821,2714,2607,2500,2393,2394,2395,2396,2397,2398,2399,2400,2401,2402,2403,2404,2405,2406,2407,2408,2409,2410,2411,2412,2413,2414,2415,2416,2417,2418,2419,2420,2421,2422,2423,2424,2425,2426,2427,2428,2429,2430,2431,2432,2433,2434,2435,2436,2437,2438,2439,2440,2441,2442,2443,2444,2445,2446,2447,2448,2449,2450,2451,2344,2344,2344,2344,2344,2344,2344,2344,2344,2344,2344,2344,2344,2344,2344,2344,2344,2344,2344,2344,2344,
goal:2344,2344,2344,2344,2344,2344,2344,2344,2344,2344,2344,2344,2344,2344,2344,2344,2344,2344,2344,2344,2344,2344,2344,2344,2344,2344,2344,2344,2344,2344,2344,2344,2344,2344,2344,2344,2344,2344,2344,2344,2344,2344,2344,2344,2344,2344,2344,2344,2344,2344,2344,2344,2344,2344,2344,2344,2344,2344,2344,2344,2344,2344,2344,2344,2344,2344,2344,2344,2344,2344,2344,2344,2344,2344,2344,2344,2344,2344,2344,2344,2344,2344,2344,2344,2344,2344,
size:65
[agent] id:20
path:3761,3762,3763,3764,3765,3766,3767,3660,3553,3446,3339,3232,3125,3018,2911,2804,2697,2590,2589,2588,2587,2586,2585,2478,2477,2476,2475,2474,2581,2580,2579,2578,2578,2578,2578,2578,2578,2578,2578,2578,2578,2578,2578,2578,2578,2578,2578,2578,2578,2578,2578,2578,2578,2578,2578,2578,2578,2578,2578,2578,2578,2578,2578,2578,2578,2578,2578,2578,2578,2578,2578,2578,2578,2578,2578,2578,2578,2578,2578,2578,2578,2578,2578,2578,2578,2578,
goal:2578,2578,2578,2578,2578,2578,2578,2578,2578,2578,2578,2578,2578,2578,2578,2578,2578,2578,2578,2578,2578,2578,2578,2578,2578,2578,2578,2578,2578,2578,2578,2578,2578,2578,2578,2578,2578,2578,2578,2578,2578,2578,2578,2578,2578,2578,2578,2578,2578,2578,2578,2578,2578,2578,2578,2578,2578,2578,2578,2578,2578,2578,2578,2578,2578,2578,2578,2578,2578,2578,2578,2578,2578,2578,2578,2578,2578,2578,2578,2578,2578,2578,2578,2578,2578,2578,
size:31
[agent] id:21
path:1338,1231,1124,1017,1016,909,802,695,694,587,586,585,584,584,584,584,584,584,584,584,584,584,584,584,584,584,584,584,584,584,584,584,584,584,584,584,584,584,584,584,584,584,584,584,584,584,584,584,584,584,584,584,584,584,584,584,584,584,584,584,584,584,584,584,584,584,584,584,584,584,584,584,584,584,584,584,584,584,584,584,584,584,584,584,584,584,
goal:584,584,584,584,584,584,584,584,584,584,584,584,584,584,584,584,584,584,584,584,584,584,584,584,584,584,584,584,584,584,584,584,584,584,584,584,584,584,584,584,584,584,584,584,584,584,584,584,584,584,584,584,584,584,584,584,584,584,584,584,584,584,584,584,584,584,584,584,584,584,584,584,584,584,584,584,584,584,584,584,584,584,584,584,584,584,
size:12
[agent] id:22
path:2552,2659,2766,2873,2980,3087,3194,3195,3195,3195,3195,3195,3195,3195,3195,3195,3195,3195,3195,3195,3195,3195,3195,3195,3195,3195,3195,3195,3195,3195,3195,3195,3195,3195,3195,3195,3195,3195,3195,3195,3195,3195,3195,3195,3195,3195,3195,3195,3195,3195,3195,3195,3195,3195,3195,3195,3195,3195,3195,3195,3195,3195,3195,3195,3195,3195,3195,3195,3195,3195,3195,3195,3195,3195,3195,3195,3195,3195,3195,3195,3195,3195,3195,3195,3195,3195,
goal:3195,3195,3195,3195,3195,3195,3195,3195,3195,3195,3195,3195,3195,3195,3195,3195,3195,3195,3195,3195,3195,3195,3195,3195,3195,3195,3195,3195,3195,3195,3195,3195,3195,3195,3195,3195,3195,3195,3195,3195,3195,3195,3195,3195,3195,3195,3195,3195,3195,3195,3195,3195,3195,3195,3195,3195,3195,3195,3195,3195,3195,3195,3195,3195,3195,3195,3195,3195,3195,3195,3195,3195,3195,3195,3195,3195,3195,3195,3195,3195,3195,3195,3195,3195,3195,3195,
size:7
[agent] id:23
path:1970,2077,2184,2185,2186,2187,2188,2189,2190,2191,2298,2299,2300,2301,2302,2303,2304,2305,2306,2307,2308,2309,2310,2311,2312,2312,2312,2312,2312,2312,2312,2312,2312,2312,2312,2312,2312,2312,2312,2312,2312,2312,2312,2312,2312,2312,2312,2312,2312,2312,2312,2312,2312,2312,2312,2312,2312,2312,2312,2312,2312,2312,2312,2312,2312,2312,2312,2312,2312,2312,2312,2312,2312,2312,2312,2312,2312,2312,2312,2312,2312,2312,2312,2312,2312,2312,
goal:2312,2312,2312,2312,2312,2312,2312,2312,2312,2312,2312,2312,2312,2312,2312,2312,2312,2312,2312,2312,2312,2312,2312,2312,2312,2312,2312,2312,2312,2312,2312,2312,2312,2312,2312,2312,2312,2312,2312,2312,2312,2312,2312,2312,2312,2312,2312,2312,2312,2312,2312,2312,2312,2312,2312,2312,2312,2312,2312,2312,2312,2312,2312,2312,2312,2312,2312,2312,2312,2312,2312,2312,2312,2312,2312,2312,2312,2312,2312,2312,2312,2312,2312,2312,2312,2312,
size:24
[agent] id:24
path:2009,2008,2007,2006,2005,2004,2003,2002,1895,1894,1893,1892,1891,1890,1783,1676,1569,1462,1355,1248,1141,1034,927,820,819,818,817,817,817,817,817,817,817,817,817,817,817,817,817,817,817,817,817,817,817,817,817,817,817,817,817,817,817,817,817,817,817,817,817,817,817,817,817,817,817,817,817,817,817,817,817,817,817,817,817,817,817,817,817,817,817,817,817,817,817,817,
goal:817,817,817,817,817,817,817,817,817,817,817,817,817,817,817,817,817,817,817,817,817,817,817,817,817,817,817,817,817,817,817,817,817,817,817,817,817,817,817,817,817,817,817,817,817,817,817,817,817,817,817,817,817,817,817,817,817,817,817,817,817,817,817,817,817,817,817,817,817,817,817,817,817,817,817,817,817,817,817,817,817,817,817,817,817,817,
size:26
[agent] id:25
path:2212,2319,2426,2533,2640,2747,2854,2961,2962,2963,2964,2965,2966,2967,2968,3075,3076,3076,3076,3076,3076,3076,3076,3076,3076,3076,3076,3076,3076,3076,3076,3076,3076,3076,3076,3076,3076,3076,3076,3076,3076,3076,3076,3076,3076,3076,3076,3076,3076,3076,3076,3076,3076,3076,3076,3076,3076,3076,3076,3076,3076,3076,3076,3076,3076,3076,3076,3076,3076,3076,3076,3076,3076,3076,3076,3076,3076,3076,3076,3076,3076,3076,3076,3076,3076,3076,
goal:3076,3076,3076,3076,3076,3076,3076,3076,3076,3076,3076,3076,3076,3076,3076,3076,3076,3076,3076,3076,3076,3076,3076,3076,3076,3076,3076,3076,3076,3076,3076,3076,3076,3076,3076,3076,3076,3076,3076,3076,3076,3076,3076,3076,3076,3076,3076,3076,3076,3076,3076,3076,3076,3076,3076,3076,3076,3076,3076,3076,3076,3076,3076,3076,3076,3076,3076,3076,3076,3076,3076,3076,3076,3076,3076,3076,3076,3076,3076,3076,3076,3076,3076,3076,3076,3076,
size:16
[agent] id:26
path:502,609,716,823,930,929,928,927,926,1033,1140,1247,1354,1461,1568,1675,1782,1889,1888,1887,1886,1885,1884,1991,1990,1989,1988,1987,1986,1985,1984,1983,1982,1981,1980,1979,1978,1977,1976,1975,1974,1973,1972,1971,1970,1969,1968,1967,1966,1965,1964,1963,1962,1961,1960,1959,1958,1957,1956,1955,1954,1847,1846,1845,1844,1843,1842,1735,1628,1521,1414,1307,1200,1093,986,879,878,877,876,875,875,875,875,875,875,875,
goal:875,875,875,875,875,875,875,875,875,875,875,875,875,875,875,875,875,875,875,875,875,875,875,875,875,875,875,875,875,875,875,875,875,875,875,875,875,875,875,875,875,875,875,875,875,875,875,875,875,875,875,875,875,875,875,875,875,875,875,875,875,875,875,875,875,875,875,875,875,875,875,875,875,875,875,875,875,875,875,875,875,875,875,875,875,875,
size:79
[agent] id:27
path:4197,4090,3983,3876,3769,3768,3875,3874,3767,3660,3553,3446,3339,3232,3125,3018,2911,2804,2697,2698,2591,2484,2377,2378,2379,2380,2381,2382,2383,2384,2385,2278,2279,2280,2281,2282,2283,2284,2285,2286,2287,2288,2289,2290,2291,2292,2293,2294,2295,2296,2297,2298,2299,2300,2301,2301,2301,2301,2301,2301,2301,2301,2301,2301,2301,2301,2301,2301,2301,2301,2301,2301,2301,2301,2301,2301,2301,2301,2301,2301,2301,2301,2301,2301,2301,2301,
goal:2301,2301,2301,2301,2301,2301,2301,2301,2301,2301,2301,2301,2301,2301,2301,2301,2301,2301,2301,2301,2301,2301,2301,2301,2301,2301,2301,2301,2301,2301,2301,2301,2301,2301,2301,2301,2301,2301,2301,2301,2301,2301,2301,2301,2301,2301,2301,2301,2301,2301,2301,2301,2301,2301,2301,2301,2301,2301,2301,2301,2301,2301,2301,2301,2301,2301,2301,2301,2301,2301,2301,2301,2301,2301,2301,2301,2301,2301,2301,2301,2301,2301,2301,2301,2301,2301,
size:54
[agent] id:28
path:2720,2613,2506,2399,2292,2185,2078,1971,1970,1969,1968,1967,1966,1965,1964,1963,1962,1961,1960,1959,1958,1957,1956,1955,1954,1847,1846,1845,1844,1843,1842,1735,1628,1521,1414,1307,1200,1093,1094,1095,1096,1097,1097,1097,1097,1097,1097,1097,1097,1097,1097,1097,1097,1097,1097,1097,1097,1097,1097,1097,1097,1097,1097,1097,1097,1097,1097,1097,1097,1097,1097,1097,1097,1097,1097,1097,1097,1097,1097,1097,1097,1097,1097,1097,1097,1097,
goal:1097,1097,1097,1097,1097,1097,1097,1097,1097,1097,1097,1097,1097,1097,1097,1097,1097,1097,1097,1097,1097,1097,1097,1097,1097,1097,1097,1097,1097,1097,1097,1097,1097,1097,1097,1097,1097,1097,1097,1097,1097,1097,1097,1097,1097,1097,1097,1097,1097,1097,1097,1097,1097,1097,1097,1097,1097,1097,1097,1097,1097,1097,1097,1097,1097,1097,1097,1097,1097,1097,1097,1097,1097,1097,1097,1097,1097,1097,1097,1097,1097,1097,1097,1097,1097,1097,
size:41
[agent] id:29
path:2862,2755,2648,2541,2540,2539,2538,2537,2536,2535,2534,2533,2532,2531,2530,2529,2528,2527,2526,2525,2524,2523,2523,2523,2523,2523,2523,2523,2523,2523,2523,2523,2523,2523,2523,2523,2523,2523,2523,2523,2523,2523,2523,2523,2523,2523,2523,2523,2523,2523,2523,2523,2523,2523,2523,2523,2523,2523,2523,2523,2523,2523,2523,2523,2523,2523,2523,2523,2523,2523,2523,2523,2523,2523,2523,2523,2523,2523,2523,2523,2523,2523,2523,2523,2523,2523,
goal:2523,2523,2523,2523,2523,2523,2523,2523,2523,2523,2523,2523,2523,2523,2523,2523,2523,2523,2523,2523,2523,2523,2523,2523,2523,2523,2523,2523,2523,2523,2523,2523,2523,2523,2523,2523,2523,2523,2523,2523,2523,2523,2523,2523,2523,2523,2523,2523,2523,2523,2523,2523,2523,2523,2523,2523,2523,2523,2523,2523,2523,2523,2523,2523,2523,2523,2523,2523,2523,2523,2523,2523,2523,2523,2523,2523,2523,2523,2523,2523,2523,2523,2523,2523,2523,2523,
size:21
SolutionCost:1178
