[setting] seed:49
[solver] type:ECBS
[solver] w:3.000000
[solver] ID:0
[solver] Lowlevelnode:41899
[solver] solved:1
[solver] elapsed:267
[solver] makespan:105
[problem] timesteplimit:10000
[problem] type:MAPF
[problem] agentnum:10
[graph] width:107
[graph] height:47
[graph] filename:./map/orz601d.map
[task] id:2,start:0,end:0,service time:0,nodes:3039,
[task] id:9,start:0,end:0,service time:0,nodes:1794,
[task] id:1,start:0,end:0,service time:0,nodes:2091,
[task] id:4,start:0,end:0,service time:0,nodes:2573,
[task] id:6,start:0,end:0,service time:0,nodes:1931,
[task] id:0,start:0,end:0,service time:0,nodes:1782,
[task] id:3,start:0,end:0,service time:0,nodes:2578,
[task] id:7,start:0,end:0,service time:0,nodes:3185,
[task] id:5,start:0,end:0,service time:0,nodes:2358,
[task] id:8,start:0,end:0,service time:0,nodes:4298,
[agent] id:0
path:3037,2930,2823,2716,2609,2502,2395,2288,2181,2074,1967,1968,1969,1970,1971,1972,1973,1974,1975,1976,1977,1978,1979,1980,1981,1982,1983,1984,1985,1986,1987,1988,1989,1990,1991,1884,1885,1886,1887,1888,1889,1782,1782,1782,1782,1782,1782,1782,1782,1782,1782,1782,1782,1782,1782,1782,1782,1782,1782,1782,1782,1782,1782,1782,1782,1782,1782,1782,1782,1782,1782,1782,1782,1782,1782,1782,1782,1782,1782,1782,1782,1782,1782,1782,1782,1782,1782,1782,1782,1782,1782,1782,1782,1782,1782,1782,1782,1782,1782,1782,1782,1782,1782,1782,1782,1782,
goal:1782,1782,1782,1782,1782,1782,1782,1782,1782,1782,1782,1782,1782,1782,1782,1782,1782,1782,1782,1782,1782,1782,1782,1782,1782,1782,1782,1782,1782,1782,1782,1782,1782,1782,1782,1782,1782,1782,1782,1782,1782,1782,1782,1782,1782,1782,1782,1782,1782,1782,1782,1782,1782,1782,1782,1782,1782,1782,1782,1782,1782,1782,1782,1782,1782,1782,1782,1782,1782,1782,1782,1782,1782,1782,1782,1782,1782,1782,1782,1782,1782,1782,1782,1782,1782,1782,1782,1782,1782,1782,1782,1782,1782,1782,1782,1782,1782,1782,1782,1782,1782,1782,1782,1782,1782,1782,
size:41
[agent] id:1
path:2548,2441,2334,2227,2120,2119,2118,2117,2116,2115,2114,2113,2112,2111,2110,2109,2108,2107,2106,2105,2104,2103,2102,2101,2100,2099,2098,2097,2096,2095,2094,2093,2092,2091,2091,2091,2091,2091,2091,2091,2091,2091,2091,2091,2091,2091,2091,2091,2091,2091,2091,2091,2091,2091,2091,2091,2091,2091,2091,2091,2091,2091,2091,2091,2091,2091,2091,2091,2091,2091,2091,2091,2091,2091,2091,2091,2091,2091,2091,2091,2091,2091,2091,2091,2091,2091,2091,2091,2091,2091,2091,2091,2091,2091,2091,2091,2091,2091,2091,2091,2091,2091,2091,2091,2091,2091,
goal:2091,2091,2091,2091,2091,2091,2091,2091,2091,2091,2091,2091,2091,2091,2091,2091,2091,2091,2091,2091,2091,2091,2091,2091,2091,2091,2091,2091,2091,2091,2091,2091,2091,2091,2091,2091,2091,2091,2091,2091,2091,2091,2091,2091,2091,2091,2091,2091,2091,2091,2091,2091,2091,2091,2091,2091,2091,2091,2091,2091,2091,2091,2091,2091,2091,2091,2091,2091,2091,2091,2091,2091,2091,2091,2091,2091,2091,2091,2091,2091,2091,2091,2091,2091,2091,2091,2091,2091,2091,2091,2091,2091,2091,2091,2091,2091,2091,2091,2091,2091,2091,2091,2091,2091,2091,2091,
size:33
[agent] id:2
path:2184,2291,2398,2505,2612,2719,2826,2933,3040,3039,3039,3039,3039,3039,3039,3039,3039,3039,3039,3039,3039,3039,3039,3039,3039,3039,3039,3039,3039,3039,3039,3039,3039,3039,3039,3039,3039,3039,3039,3039,3039,3039,3039,3039,3039,3039,3039,3039,3039,3039,3039,3039,3039,3039,3039,3039,3039,3039,3039,3039,3039,3039,3039,3039,3039,3039,3039,3039,3039,3039,3039,3039,3039,3039,3039,3039,3039,3039,3039,3039,3039,3039,3039,3039,3039,3039,3039,3039,3039,3039,3039,3039,3039,3039,3039,3039,3039,3039,3039,3039,3039,3039,3039,3039,3039,3039,
goal:3039,3039,3039,3039,3039,3039,3039,3039,3039,3039,3039,3039,3039,3039,3039,3039,3039,3039,3039,3039,3039,3039,3039,3039,3039,3039,3039,3039,3039,3039,3039,3039,3039,3039,3039,3039,3039,3039,3039,3039,3039,3039,3039,3039,3039,3039,3039,3039,3039,3039,3039,3039,3039,3039,3039,3039,3039,3039,3039,3039,3039,3039,3039,3039,3039,3039,3039,3039,3039,3039,3039,3039,3039,3039,3039,3039,3039,3039,3039,3039,3039,3039,3039,3039,3039,3039,3039,3039,3039,3039,3039,3039,3039,3039,3039,3039,3039,3039,3039,3039,3039,3039,3039,3039,3039,3039,
size:9
[agent] id:3
path:815,922,1029,1136,1243,1350,1457,1458,1459,1460,1461,1568,1675,1782,1889,1996,2103,2210,2317,2424,2531,2530,2529,2528,2527,2526,2525,2524,2523,2522,2521,2520,2519,2518,2517,2516,2515,2514,2513,2512,2511,2510,2509,2508,2507,2506,2505,2504,2503,2502,2501,2500,2499,2498,2497,2496,2495,2494,2493,2492,2491,2490,2489,2488,2487,2486,2485,2484,2483,2482,2481,2480,2479,2478,2477,2476,2475,2474,2581,2580,2579,2578,2578,2578,2578,2578,2578,2578,2578,2578,2578,2578,2578,2578,2578,2578,2578,2578,2578,2578,2578,2578,2578,2578,2578,2578,
goal:2578,2578,2578,2578,2578,2578,2578,2578,2578,2578,2578,2578,2578,2578,2578,2578,2578,2578,2578,2578,2578,2578,2578,2578,2578,2578,2578,2578,2578,2578,2578,2578,2578,2578,2578,2578,2578,2578,2578,2578,2578,2578,2578,2578,2578,2578,2578,2578,2578,2578,2578,2578,2578,2578,2578,2578,2578,2578,2578,2578,2578,2578,2578,2578,2578,2578,2578,2578,2578,2578,2578,2578,2578,2578,2578,2578,2578,2578,2578,2578,2578,2578,2578,2578,2578,2578,2578,2578,2578,2578,2578,2578,2578,2578,2578,2578,2578,2578,2578,2578,2578,2578,2578,2578,2578,2578,
size:81
[agent] id:4
path:4091,3984,3877,3770,3769,3768,3661,3554,3447,3340,3233,3126,3019,2912,2805,2698,2591,2590,2589,2588,2587,2586,2585,2478,2477,2476,2475,2474,2581,2580,2579,2578,2577,2576,2575,2574,2573,2573,2573,2573,2573,2573,2573,2573,2573,2573,2573,2573,2573,2573,2573,2573,2573,2573,2573,2573,2573,2573,2573,2573,2573,2573,2573,2573,2573,2573,2573,2573,2573,2573,2573,2573,2573,2573,2573,2573,2573,2573,2573,2573,2573,2573,2573,2573,2573,2573,2573,2573,2573,2573,2573,2573,2573,2573,2573,2573,2573,2573,2573,2573,2573,2573,2573,2573,2573,2573,
goal:2573,2573,2573,2573,2573,2573,2573,2573,2573,2573,2573,2573,2573,2573,2573,2573,2573,2573,2573,2573,2573,2573,2573,2573,2573,2573,2573,2573,2573,2573,2573,2573,2573,2573,2573,2573,2573,2573,2573,2573,2573,2573,2573,2573,2573,2573,2573,2573,2573,2573,2573,2573,2573,2573,2573,2573,2573,2573,2573,2573,2573,2573,2573,2573,2573,2573,2573,2573,2573,2573,2573,2573,2573,2573,2573,2573,2573,2573,2573,2573,2573,2573,2573,2573,2573,2573,2573,2573,2573,2573,2573,2573,2573,2573,2573,2573,2573,2573,2573,2573,2573,2573,2573,2573,2573,2573,
size:36
[agent] id:5
path:3195,3088,2981,2874,2767,2660,2553,2446,2445,2444,2443,2442,2441,2440,2439,2438,2437,2436,2435,2434,2433,2432,2431,2430,2429,2428,2427,2426,2425,2424,2423,2422,2421,2420,2419,2418,2417,2416,2415,2414,2413,2412,2411,2410,2409,2408,2407,2406,2405,2404,2403,2402,2401,2400,2399,2398,2397,2396,2395,2394,2393,2392,2391,2390,2389,2388,2387,2386,2385,2384,2383,2382,2381,2380,2379,2378,2377,2376,2375,2374,2373,2372,2371,2370,2369,2368,2367,2366,2365,2364,2363,2362,2361,2360,2359,2358,2358,2358,2358,2358,2358,2358,2358,2358,2358,2358,
goal:2358,2358,2358,2358,2358,2358,2358,2358,2358,2358,2358,2358,2358,2358,2358,2358,2358,2358,2358,2358,2358,2358,2358,2358,2358,2358,2358,2358,2358,2358,2358,2358,2358,2358,2358,2358,2358,2358,2358,2358,2358,2358,2358,2358,2358,2358,2358,2358,2358,2358,2358,2358,2358,2358,2358,2358,2358,2358,2358,2358,2358,2358,2358,2358,2358,2358,2358,2358,2358,2358,2358,2358,2358,2358,2358,2358,2358,2358,2358,2358,2358,2358,2358,2358,2358,2358,2358,2358,2358,2358,2358,2358,2358,2358,2358,2358,2358,2358,2358,2358,2358,2358,2358,2358,2358,2358,
size:95
[agent] id:6
path:3772,3771,3770,3769,3768,3661,3554,3447,3340,3233,3126,3019,2912,2805,2698,2591,2484,2377,2376,2375,2374,2373,2372,2371,2370,2369,2368,2367,2260,2153,2046,1939,1938,1937,1936,1935,1934,1933,1932,1931,1931,1931,1931,1931,1931,1931,1931,1931,1931,1931,1931,1931,1931,1931,1931,1931,1931,1931,1931,1931,1931,1931,1931,1931,1931,1931,1931,1931,1931,1931,1931,1931,1931,1931,1931,1931,1931,1931,1931,1931,1931,1931,1931,1931,1931,1931,1931,1931,1931,1931,1931,1931,1931,1931,1931,1931,1931,1931,1931,1931,1931,1931,1931,1931,1931,1931,
goal:1931,1931,1931,1931,1931,1931,1931,1931,1931,1931,1931,1931,1931,1931,1931,1931,1931,1931,1931,1931,1931,1931,1931,1931,1931,1931,1931,1931,1931,1931,1931,1931,1931,1931,1931,1931,1931,1931,1931,1931,1931,1931,1931,1931,1931,1931,1931,1931,1931,1931,1931,1931,1931,1931,1931,1931,1931,1931,1931,1931,1931,1931,1931,1931,1931,1931,1931,1931,1931,1931,1931,1931,1931,1931,1931,1931,1931,1931,1931,1931,1931,1931,1931,1931,1931,1931,1931,1931,1931,1931,1931,1931,1931,1931,1931,1931,1931,1931,1931,1931,1931,1931,1931,1931,1931,1931,
size:39
[agent] id:7
path:2039,2146,2253,2360,2467,2468,2469,2470,2471,2472,2473,2474,2475,2476,2477,2478,2585,2692,2799,2906,2907,2908,2909,2910,2911,2912,2913,2914,2915,2916,2917,2918,2919,2920,2921,2922,2923,2924,2925,2926,2927,2928,2929,2930,2931,2932,2933,2934,2935,2936,2937,2938,2939,2940,2941,2942,2943,2944,3051,3052,3053,3054,3055,3056,3057,3058,3059,3060,3061,3062,3063,3064,3065,3066,3067,3068,3069,3070,3071,3072,3073,3074,3075,3076,3077,3078,3185,3185,3185,3185,3185,3185,3185,3185,3185,3185,3185,3185,3185,3185,3185,3185,3185,3185,3185,3185,
goal:3185,3185,3185,3185,3185,3185,3185,3185,3185,3185,3185,3185,3185,3185,3185,3185,3185,3185,3185,3185,3185,3185,3185,3185,3185,3185,3185,3185,3185,3185,3185,3185,3185,3185,3185,3185,3185,3185,3185,3185,3185,3185,3185,3185,3185,3185,3185,3185,3185,3185,3185,3185,3185,3185,3185,3185,3185,3185,3185,3185,3185,3185,3185,3185,3185,3185,3185,3185,3185,3185,3185,3185,3185,3185,3185,3185,3185,3185,3185,3185,3185,3185,3185,3185,3185,3185,3185,3185,3185,3185,3185,3185,3185,3185,3185,3185,3185,3185,3185,3185,3185,3185,3185,3185,3185,3185,
size:86
[agent] id:8
path:1919,2026,2133,2240,2347,2454,2561,2668,2667,2666,2665,2664,2663,2662,2661,2660,2767,2874,2873,2872,2871,2870,2869,2868,2867,2866,2865,2864,2863,2862,2861,2860,2859,2858,2857,2856,2855,2854,2853,2852,2851,2850,2849,2848,2847,2846,2845,2844,2843,2842,2841,2840,2839,2838,2837,2836,2835,2942,2941,2940,2939,2938,2937,2936,2935,2934,2933,2932,2931,3038,3037,3036,3035,3034,3033,3032,3031,3030,3029,3028,3027,3026,3025,3024,3131,3238,3345,3344,3343,3342,3341,3340,3447,3554,3661,3768,3875,3982,4089,4196,4303,4302,4301,4300,4299,4298,
goal:4298,4298,4298,4298,4298,4298,4298,4298,4298,4298,4298,4298,4298,4298,4298,4298,4298,4298,4298,4298,4298,4298,4298,4298,4298,4298,4298,4298,4298,4298,4298,4298,4298,4298,4298,4298,4298,4298,4298,4298,4298,4298,4298,4298,4298,4298,4298,4298,4298,4298,4298,4298,4298,4298,4298,4298,4298,4298,4298,4298,4298,4298,4298,4298,4298,4298,4298,4298,4298,4298,4298,4298,4298,4298,4298,4298,4298,4298,4298,4298,4298,4298,4298,4298,4298,4298,4298,4298,4298,4298,4298,4298,4298,4298,4298,4298,4298,4298,4298,4298,4298,4298,4298,4298,4298,4298,
size:105
[agent] id:9
path:1986,1987,1988,1989,1990,1991,1992,1993,1994,1995,1996,1997,1998,1999,2000,2001,2002,2003,2004,2005,2006,2007,1900,1901,1794,1794,1794,1794,1794,1794,1794,1794,1794,1794,1794,1794,1794,1794,1794,1794,1794,1794,1794,1794,1794,1794,1794,1794,1794,1794,1794,1794,1794,1794,1794,1794,1794,1794,1794,1794,1794,1794,1794,1794,1794,1794,1794,1794,1794,1794,1794,1794,1794,1794,1794,1794,1794,1794,1794,1794,1794,1794,1794,1794,1794,1794,1794,1794,1794,1794,1794,1794,1794,1794,1794,1794,1794,1794,1794,1794,1794,1794,1794,1794,1794,1794,
goal:1794,1794,1794,1794,1794,1794,1794,1794,1794,1794,1794,1794,1794,1794,1794,1794,1794,1794,1794,1794,1794,1794,1794,1794,1794,1794,1794,1794,1794,1794,1794,1794,1794,1794,1794,1794,1794,1794,1794,1794,1794,1794,1794,1794,1794,1794,1794,1794,1794,1794,1794,1794,1794,1794,1794,1794,1794,1794,1794,1794,1794,1794,1794,1794,1794,1794,1794,1794,1794,1794,1794,1794,1794,1794,1794,1794,1794,1794,1794,1794,1794,1794,1794,1794,1794,1794,1794,1794,1794,1794,1794,1794,1794,1794,1794,1794,1794,1794,1794,1794,1794,1794,1794,1794,1794,1794,
size:24
SolutionCost:549
