[setting] seed:48
[solver] type:ECBS
[solver] w:3.000000
[solver] ID:0
[solver] Lowlevelnode:14067
[solver] solved:1
[solver] elapsed:150
[solver] makespan:87
[problem] timesteplimit:10000
[problem] type:MAPF
[problem] agentnum:20
[graph] width:107
[graph] height:47
[graph] filename:./map/orz601d.map
[task] id:16,start:0,end:0,service time:0,nodes:2037,
[task] id:0,start:0,end:0,service time:0,nodes:3158,
[task] id:2,start:0,end:0,service time:0,nodes:2109,
[task] id:3,start:0,end:0,service time:0,nodes:2474,
[task] id:7,start:0,end:0,service time:0,nodes:2094,
[task] id:5,start:0,end:0,service time:0,nodes:3388,
[task] id:19,start:0,end:0,service time:0,nodes:2931,
[task] id:4,start:0,end:0,service time:0,nodes:772,
[task] id:13,start:0,end:0,service time:0,nodes:476,
[task] id:15,start:0,end:0,service time:0,nodes:2010,
[task] id:14,start:0,end:0,service time:0,nodes:3554,
[task] id:11,start:0,end:0,service time:0,nodes:2294,
[task] id:9,start:0,end:0,service time:0,nodes:1088,
[task] id:8,start:0,end:0,service time:0,nodes:3219,
[task] id:12,start:0,end:0,service time:0,nodes:2433,
[task] id:10,start:0,end:0,service time:0,nodes:665,
[task] id:17,start:0,end:0,service time:0,nodes:1418,
[task] id:18,start:0,end:0,service time:0,nodes:2445,
[task] id:6,start:0,end:0,service time:0,nodes:2014,
[task] id:1,start:0,end:0,service time:0,nodes:2013,
[agent] id:0
path:2734,2841,2948,3055,3162,3161,3160,3159,3158,3158,3158,3158,3158,3158,3158,3158,3158,3158,3158,3158,3158,3158,3158,3158,3158,3158,3158,3158,3158,3158,3158,3158,3158,3158,3158,3158,3158,3158,3158,3158,3158,3158,3158,3158,3158,3158,3158,3158,3158,3158,3158,3158,3158,3158,3158,3158,3158,3158,3158,3158,3158,3158,3158,3158,3158,3158,3158,3158,3158,3158,3158,3158,3158,3158,3158,3158,3158,3158,3158,3158,3158,3158,3158,3158,3158,3158,3158,3158,
goal:3158,3158,3158,3158,3158,3158,3158,3158,3158,3158,3158,3158,3158,3158,3158,3158,3158,3158,3158,3158,3158,3158,3158,3158,3158,3158,3158,3158,3158,3158,3158,3158,3158,3158,3158,3158,3158,3158,3158,3158,3158,3158,3158,3158,3158,3158,3158,3158,3158,3158,3158,3158,3158,3158,3158,3158,3158,3158,3158,3158,3158,3158,3158,3158,3158,3158,3158,3158,3158,3158,3158,3158,3158,3158,3158,3158,3158,3158,3158,3158,3158,3158,3158,3158,3158,3158,3158,3158,
size:8
[agent] id:1
path:2253,2360,2361,2362,2363,2364,2365,2366,2367,2368,2369,2370,2371,2264,2157,2158,2159,2160,2161,2162,2162,2163,2164,2165,2166,2167,2168,2169,2170,2171,2172,2173,2174,2175,2176,2177,2178,2179,2180,2181,2182,2183,2184,2185,2186,2187,2188,2189,2190,2191,2192,2193,2194,2195,2196,2197,2198,2199,2200,2201,2202,2203,2204,2205,2206,2207,2208,2209,2210,2211,2212,2213,2214,2215,2216,2217,2110,2111,2112,2113,2114,2115,2116,2117,2118,2011,2012,2013,
goal:2013,2013,2013,2013,2013,2013,2013,2013,2013,2013,2013,2013,2013,2013,2013,2013,2013,2013,2013,2013,2013,2013,2013,2013,2013,2013,2013,2013,2013,2013,2013,2013,2013,2013,2013,2013,2013,2013,2013,2013,2013,2013,2013,2013,2013,2013,2013,2013,2013,2013,2013,2013,2013,2013,2013,2013,2013,2013,2013,2013,2013,2013,2013,2013,2013,2013,2013,2013,2013,2013,2013,2013,2013,2013,2013,2013,2013,2013,2013,2013,2013,2013,2013,2013,2013,2013,2013,2013,
size:87
[agent] id:2
path:2850,2743,2636,2529,2422,2315,2208,2101,2102,2103,2104,2105,2106,2107,2108,2109,2109,2109,2109,2109,2109,2109,2109,2109,2109,2109,2109,2109,2109,2109,2109,2109,2109,2109,2109,2109,2109,2109,2109,2109,2109,2109,2109,2109,2109,2109,2109,2109,2109,2109,2109,2109,2109,2109,2109,2109,2109,2109,2109,2109,2109,2109,2109,2109,2109,2109,2109,2109,2109,2109,2109,2109,2109,2109,2109,2109,2109,2109,2109,2109,2109,2109,2109,2109,2109,2109,2109,2109,
goal:2109,2109,2109,2109,2109,2109,2109,2109,2109,2109,2109,2109,2109,2109,2109,2109,2109,2109,2109,2109,2109,2109,2109,2109,2109,2109,2109,2109,2109,2109,2109,2109,2109,2109,2109,2109,2109,2109,2109,2109,2109,2109,2109,2109,2109,2109,2109,2109,2109,2109,2109,2109,2109,2109,2109,2109,2109,2109,2109,2109,2109,2109,2109,2109,2109,2109,2109,2109,2109,2109,2109,2109,2109,2109,2109,2109,2109,2109,2109,2109,2109,2109,2109,2109,2109,2109,2109,2109,
size:15
[agent] id:3
path:1093,1200,1307,1414,1521,1628,1735,1842,1949,2056,2163,2270,2377,2484,2483,2482,2481,2480,2479,2478,2477,2476,2475,2474,2474,2474,2474,2474,2474,2474,2474,2474,2474,2474,2474,2474,2474,2474,2474,2474,2474,2474,2474,2474,2474,2474,2474,2474,2474,2474,2474,2474,2474,2474,2474,2474,2474,2474,2474,2474,2474,2474,2474,2474,2474,2474,2474,2474,2474,2474,2474,2474,2474,2474,2474,2474,2474,2474,2474,2474,2474,2474,2474,2474,2474,2474,2474,2474,
goal:2474,2474,2474,2474,2474,2474,2474,2474,2474,2474,2474,2474,2474,2474,2474,2474,2474,2474,2474,2474,2474,2474,2474,2474,2474,2474,2474,2474,2474,2474,2474,2474,2474,2474,2474,2474,2474,2474,2474,2474,2474,2474,2474,2474,2474,2474,2474,2474,2474,2474,2474,2474,2474,2474,2474,2474,2474,2474,2474,2474,2474,2474,2474,2474,2474,2474,2474,2474,2474,2474,2474,2474,2474,2474,2474,2474,2474,2474,2474,2474,2474,2474,2474,2474,2474,2474,2474,2474,
size:23
[agent] id:4
path:3979,3872,3765,3766,3767,3660,3553,3446,3339,3232,3125,3018,2911,2804,2697,2590,2483,2376,2269,2270,2163,2056,2056,1949,1842,1735,1628,1521,1414,1307,1200,1093,986,879,772,772,772,772,772,772,772,772,772,772,772,772,772,772,772,772,772,772,772,772,772,772,772,772,772,772,772,772,772,772,772,772,772,772,772,772,772,772,772,772,772,772,772,772,772,772,772,772,772,772,772,772,772,772,
goal:772,772,772,772,772,772,772,772,772,772,772,772,772,772,772,772,772,772,772,772,772,772,772,772,772,772,772,772,772,772,772,772,772,772,772,772,772,772,772,772,772,772,772,772,772,772,772,772,772,772,772,772,772,772,772,772,772,772,772,772,772,772,772,772,772,772,772,772,772,772,772,772,772,772,772,772,772,772,772,772,772,772,772,772,772,772,772,772,
size:34
[agent] id:5
path:816,923,1030,1137,1244,1351,1458,1459,1460,1461,1568,1675,1782,1889,1996,2103,2210,2317,2424,2531,2638,2745,2852,2959,3066,3173,3280,3387,3388,3388,3388,3388,3388,3388,3388,3388,3388,3388,3388,3388,3388,3388,3388,3388,3388,3388,3388,3388,3388,3388,3388,3388,3388,3388,3388,3388,3388,3388,3388,3388,3388,3388,3388,3388,3388,3388,3388,3388,3388,3388,3388,3388,3388,3388,3388,3388,3388,3388,3388,3388,3388,3388,3388,3388,3388,3388,3388,3388,
goal:3388,3388,3388,3388,3388,3388,3388,3388,3388,3388,3388,3388,3388,3388,3388,3388,3388,3388,3388,3388,3388,3388,3388,3388,3388,3388,3388,3388,3388,3388,3388,3388,3388,3388,3388,3388,3388,3388,3388,3388,3388,3388,3388,3388,3388,3388,3388,3388,3388,3388,3388,3388,3388,3388,3388,3388,3388,3388,3388,3388,3388,3388,3388,3388,3388,3388,3388,3388,3388,3388,3388,3388,3388,3388,3388,3388,3388,3388,3388,3388,3388,3388,3388,3388,3388,3388,3388,3388,
size:28
[agent] id:6
path:561,668,775,882,989,1096,1203,1310,1417,1416,1415,1414,1521,1628,1735,1842,1949,1950,1951,1952,1953,1954,1955,1956,1957,2064,2065,2066,2067,2068,2069,2070,2071,2072,2073,2074,2075,2076,2077,2078,2185,2186,2187,2188,2189,2190,2191,2192,2193,2194,2195,2196,2197,2198,2199,2200,2201,2202,2203,2204,2205,2206,2207,2208,2209,2210,2211,2212,2213,2214,2215,2216,2217,2110,2111,2112,2113,2114,2115,2116,2117,2118,2011,2012,2013,2014,2014,2014,
goal:2014,2014,2014,2014,2014,2014,2014,2014,2014,2014,2014,2014,2014,2014,2014,2014,2014,2014,2014,2014,2014,2014,2014,2014,2014,2014,2014,2014,2014,2014,2014,2014,2014,2014,2014,2014,2014,2014,2014,2014,2014,2014,2014,2014,2014,2014,2014,2014,2014,2014,2014,2014,2014,2014,2014,2014,2014,2014,2014,2014,2014,2014,2014,2014,2014,2014,2014,2014,2014,2014,2014,2014,2014,2014,2014,2014,2014,2014,2014,2014,2014,2014,2014,2014,2014,2014,2014,2014,
size:85
[agent] id:7
path:1007,1114,1221,1328,1435,1436,1437,1544,1651,1758,1865,1972,2079,2080,2081,2082,2083,2084,2085,2086,2087,2088,2089,2090,2091,2092,2093,2094,2094,2094,2094,2094,2094,2094,2094,2094,2094,2094,2094,2094,2094,2094,2094,2094,2094,2094,2094,2094,2094,2094,2094,2094,2094,2094,2094,2094,2094,2094,2094,2094,2094,2094,2094,2094,2094,2094,2094,2094,2094,2094,2094,2094,2094,2094,2094,2094,2094,2094,2094,2094,2094,2094,2094,2094,2094,2094,2094,2094,
goal:2094,2094,2094,2094,2094,2094,2094,2094,2094,2094,2094,2094,2094,2094,2094,2094,2094,2094,2094,2094,2094,2094,2094,2094,2094,2094,2094,2094,2094,2094,2094,2094,2094,2094,2094,2094,2094,2094,2094,2094,2094,2094,2094,2094,2094,2094,2094,2094,2094,2094,2094,2094,2094,2094,2094,2094,2094,2094,2094,2094,2094,2094,2094,2094,2094,2094,2094,2094,2094,2094,2094,2094,2094,2094,2094,2094,2094,2094,2094,2094,2094,2094,2094,2094,2094,2094,2094,2094,
size:27
[agent] id:8
path:1434,1435,1436,1437,1544,1651,1758,1865,1972,2079,2186,2293,2292,2291,2290,2289,2288,2287,2286,2285,2284,2283,2282,2281,2280,2279,2278,2385,2384,2383,2382,2381,2380,2379,2378,2377,2376,2375,2374,2373,2372,2371,2370,2369,2368,2367,2366,2473,2580,2687,2794,2901,3008,3115,3222,3221,3220,3219,3219,3219,3219,3219,3219,3219,3219,3219,3219,3219,3219,3219,3219,3219,3219,3219,3219,3219,3219,3219,3219,3219,3219,3219,3219,3219,3219,3219,3219,3219,
goal:3219,3219,3219,3219,3219,3219,3219,3219,3219,3219,3219,3219,3219,3219,3219,3219,3219,3219,3219,3219,3219,3219,3219,3219,3219,3219,3219,3219,3219,3219,3219,3219,3219,3219,3219,3219,3219,3219,3219,3219,3219,3219,3219,3219,3219,3219,3219,3219,3219,3219,3219,3219,3219,3219,3219,3219,3219,3219,3219,3219,3219,3219,3219,3219,3219,3219,3219,3219,3219,3219,3219,3219,3219,3219,3219,3219,3219,3219,3219,3219,3219,3219,3219,3219,3219,3219,3219,3219,
size:57
[agent] id:9
path:2724,2617,2510,2403,2296,2189,2082,1975,1974,1973,1972,1971,1970,1969,1968,1967,1966,1965,1964,1963,1962,1961,1960,1959,1958,1957,1956,1955,1954,1847,1846,1845,1844,1843,1842,1735,1628,1521,1414,1307,1200,1093,1092,1091,1090,1089,1088,1088,1088,1088,1088,1088,1088,1088,1088,1088,1088,1088,1088,1088,1088,1088,1088,1088,1088,1088,1088,1088,1088,1088,1088,1088,1088,1088,1088,1088,1088,1088,1088,1088,1088,1088,1088,1088,1088,1088,1088,1088,
goal:1088,1088,1088,1088,1088,1088,1088,1088,1088,1088,1088,1088,1088,1088,1088,1088,1088,1088,1088,1088,1088,1088,1088,1088,1088,1088,1088,1088,1088,1088,1088,1088,1088,1088,1088,1088,1088,1088,1088,1088,1088,1088,1088,1088,1088,1088,1088,1088,1088,1088,1088,1088,1088,1088,1088,1088,1088,1088,1088,1088,1088,1088,1088,1088,1088,1088,1088,1088,1088,1088,1088,1088,1088,1088,1088,1088,1088,1088,1088,1088,1088,1088,1088,1088,1088,1088,1088,1088,
size:46
[agent] id:10
path:3600,3601,3494,3387,3280,3173,3066,2959,2852,2745,2638,2531,2424,2317,2210,2209,2208,2207,2206,2205,2204,2203,2202,2201,2200,2199,2198,2091,2090,2089,2088,2087,2086,2085,2084,2083,2082,2081,2080,2079,2078,2077,2076,2075,1968,1967,1966,1965,1964,1963,1962,1961,1960,1959,1958,1957,1956,1955,1954,1847,1846,1845,1844,1843,1842,1735,1628,1521,1414,1307,1200,1093,986,879,880,773,666,665,665,665,665,665,665,665,665,665,665,665,
goal:665,665,665,665,665,665,665,665,665,665,665,665,665,665,665,665,665,665,665,665,665,665,665,665,665,665,665,665,665,665,665,665,665,665,665,665,665,665,665,665,665,665,665,665,665,665,665,665,665,665,665,665,665,665,665,665,665,665,665,665,665,665,665,665,665,665,665,665,665,665,665,665,665,665,665,665,665,665,665,665,665,665,665,665,665,665,665,665,
size:77
[agent] id:11
path:448,555,662,769,876,983,1090,1197,1304,1411,1412,1413,1520,1627,1734,1841,1948,2055,2162,2269,2270,2271,2272,2273,2274,2275,2276,2277,2278,2279,2280,2281,2282,2283,2284,2285,2286,2287,2288,2289,2290,2291,2292,2293,2294,2294,2294,2294,2294,2294,2294,2294,2294,2294,2294,2294,2294,2294,2294,2294,2294,2294,2294,2294,2294,2294,2294,2294,2294,2294,2294,2294,2294,2294,2294,2294,2294,2294,2294,2294,2294,2294,2294,2294,2294,2294,2294,2294,
goal:2294,2294,2294,2294,2294,2294,2294,2294,2294,2294,2294,2294,2294,2294,2294,2294,2294,2294,2294,2294,2294,2294,2294,2294,2294,2294,2294,2294,2294,2294,2294,2294,2294,2294,2294,2294,2294,2294,2294,2294,2294,2294,2294,2294,2294,2294,2294,2294,2294,2294,2294,2294,2294,2294,2294,2294,2294,2294,2294,2294,2294,2294,2294,2294,2294,2294,2294,2294,2294,2294,2294,2294,2294,2294,2294,2294,2294,2294,2294,2294,2294,2294,2294,2294,2294,2294,2294,2294,
size:44
[agent] id:12
path:3764,3765,3766,3767,3660,3553,3446,3339,3232,3125,3018,2911,2804,2697,2590,2483,2376,2377,2378,2379,2380,2381,2382,2383,2384,2385,2386,2387,2388,2389,2390,2391,2392,2393,2394,2395,2396,2397,2398,2399,2400,2401,2402,2403,2404,2405,2406,2407,2408,2409,2410,2411,2412,2413,2414,2415,2416,2417,2418,2419,2420,2421,2422,2423,2424,2425,2426,2427,2428,2429,2430,2431,2432,2433,2433,2433,2433,2433,2433,2433,2433,2433,2433,2433,2433,2433,2433,2433,
goal:2433,2433,2433,2433,2433,2433,2433,2433,2433,2433,2433,2433,2433,2433,2433,2433,2433,2433,2433,2433,2433,2433,2433,2433,2433,2433,2433,2433,2433,2433,2433,2433,2433,2433,2433,2433,2433,2433,2433,2433,2433,2433,2433,2433,2433,2433,2433,2433,2433,2433,2433,2433,2433,2433,2433,2433,2433,2433,2433,2433,2433,2433,2433,2433,2433,2433,2433,2433,2433,2433,2433,2433,2433,2433,2433,2433,2433,2433,2433,2433,2433,2433,2433,2433,2433,2433,2433,2433,
size:73
[agent] id:13
path:3034,2927,2820,2713,2606,2499,2392,2285,2178,2071,1964,1965,1966,1967,1860,1861,1862,1863,1864,1865,1758,1651,1544,1437,1330,1223,1116,1009,902,795,688,581,474,475,476,476,476,476,476,476,476,476,476,476,476,476,476,476,476,476,476,476,476,476,476,476,476,476,476,476,476,476,476,476,476,476,476,476,476,476,476,476,476,476,476,476,476,476,476,476,476,476,476,476,476,476,476,476,
goal:476,476,476,476,476,476,476,476,476,476,476,476,476,476,476,476,476,476,476,476,476,476,476,476,476,476,476,476,476,476,476,476,476,476,476,476,476,476,476,476,476,476,476,476,476,476,476,476,476,476,476,476,476,476,476,476,476,476,476,476,476,476,476,476,476,476,476,476,476,476,476,476,476,476,476,476,476,476,476,476,476,476,476,476,476,476,476,476,
size:34
[agent] id:14
path:2192,2299,2406,2513,2620,2727,2834,2941,3048,3047,3046,3045,3044,3043,3042,3041,3040,3039,3038,3037,3036,3035,3034,3033,3032,3031,3030,3029,3028,3027,3026,3025,3024,3131,3238,3345,3344,3343,3342,3341,3340,3447,3554,3554,3554,3554,3554,3554,3554,3554,3554,3554,3554,3554,3554,3554,3554,3554,3554,3554,3554,3554,3554,3554,3554,3554,3554,3554,3554,3554,3554,3554,3554,3554,3554,3554,3554,3554,3554,3554,3554,3554,3554,3554,3554,3554,3554,3554,
goal:3554,3554,3554,3554,3554,3554,3554,3554,3554,3554,3554,3554,3554,3554,3554,3554,3554,3554,3554,3554,3554,3554,3554,3554,3554,3554,3554,3554,3554,3554,3554,3554,3554,3554,3554,3554,3554,3554,3554,3554,3554,3554,3554,3554,3554,3554,3554,3554,3554,3554,3554,3554,3554,3554,3554,3554,3554,3554,3554,3554,3554,3554,3554,3554,3554,3554,3554,3554,3554,3554,3554,3554,3554,3554,3554,3554,3554,3554,3554,3554,3554,3554,3554,3554,3554,3554,3554,3554,
size:42
[agent] id:15
path:4026,3919,3812,3705,3598,3599,3600,3601,3494,3387,3280,3173,3066,2959,2852,2745,2638,2531,2532,2425,2318,2211,2104,1997,1998,1999,2000,2001,2002,2003,2004,2005,2006,2007,2008,2009,2010,2010,2010,2010,2010,2010,2010,2010,2010,2010,2010,2010,2010,2010,2010,2010,2010,2010,2010,2010,2010,2010,2010,2010,2010,2010,2010,2010,2010,2010,2010,2010,2010,2010,2010,2010,2010,2010,2010,2010,2010,2010,2010,2010,2010,2010,2010,2010,2010,2010,2010,2010,
goal:2010,2010,2010,2010,2010,2010,2010,2010,2010,2010,2010,2010,2010,2010,2010,2010,2010,2010,2010,2010,2010,2010,2010,2010,2010,2010,2010,2010,2010,2010,2010,2010,2010,2010,2010,2010,2010,2010,2010,2010,2010,2010,2010,2010,2010,2010,2010,2010,2010,2010,2010,2010,2010,2010,2010,2010,2010,2010,2010,2010,2010,2010,2010,2010,2010,2010,2010,2010,2010,2010,2010,2010,2010,2010,2010,2010,2010,2010,2010,2010,2010,2010,2010,2010,2010,2010,2010,2010,
size:36
[agent] id:16
path:2678,2679,2572,2465,2358,2251,2144,2037,2037,2037,2037,2037,2037,2037,2037,2037,2037,2037,2037,2037,2037,2037,2037,2037,2037,2037,2037,2037,2037,2037,2037,2037,2037,2037,2037,2037,2037,2037,2037,2037,2037,2037,2037,2037,2037,2037,2037,2037,2037,2037,2037,2037,2037,2037,2037,2037,2037,2037,2037,2037,2037,2037,2037,2037,2037,2037,2037,2037,2037,2037,2037,2037,2037,2037,2037,2037,2037,2037,2037,2037,2037,2037,2037,2037,2037,2037,2037,2037,
goal:2037,2037,2037,2037,2037,2037,2037,2037,2037,2037,2037,2037,2037,2037,2037,2037,2037,2037,2037,2037,2037,2037,2037,2037,2037,2037,2037,2037,2037,2037,2037,2037,2037,2037,2037,2037,2037,2037,2037,2037,2037,2037,2037,2037,2037,2037,2037,2037,2037,2037,2037,2037,2037,2037,2037,2037,2037,2037,2037,2037,2037,2037,2037,2037,2037,2037,2037,2037,2037,2037,2037,2037,2037,2037,2037,2037,2037,2037,2037,2037,2037,2037,2037,2037,2037,2037,2037,2037,
size:7
[agent] id:17
path:1909,1908,2015,2014,2013,2012,2011,2010,2009,2008,2007,2006,2005,2004,2003,2002,2001,2000,1999,1998,1997,1996,1995,1994,1993,1992,1991,1990,1989,1988,1987,1986,1985,1984,1983,1982,1981,1980,1979,1978,1977,1976,1975,1974,1973,1972,1971,1970,1969,1968,1967,1966,1965,1964,1963,1962,1961,1960,1959,1958,1957,1956,1955,1954,1847,1846,1845,1844,1843,1842,1735,1628,1521,1414,1415,1416,1417,1418,1418,1418,1418,1418,1418,1418,1418,1418,1418,1418,
goal:1418,1418,1418,1418,1418,1418,1418,1418,1418,1418,1418,1418,1418,1418,1418,1418,1418,1418,1418,1418,1418,1418,1418,1418,1418,1418,1418,1418,1418,1418,1418,1418,1418,1418,1418,1418,1418,1418,1418,1418,1418,1418,1418,1418,1418,1418,1418,1418,1418,1418,1418,1418,1418,1418,1418,1418,1418,1418,1418,1418,1418,1418,1418,1418,1418,1418,1418,1418,1418,1418,1418,1418,1418,1418,1418,1418,1418,1418,1418,1418,1418,1418,1418,1418,1418,1418,1418,1418,
size:77
[agent] id:18
path:2579,2472,2365,2366,2367,2368,2369,2370,2371,2372,2373,2374,2375,2376,2377,2378,2379,2380,2381,2382,2383,2384,2385,2386,2387,2388,2389,2390,2391,2392,2393,2394,2395,2396,2397,2398,2399,2400,2401,2402,2403,2404,2405,2406,2407,2408,2409,2410,2411,2412,2413,2414,2415,2416,2417,2418,2419,2420,2421,2422,2423,2424,2425,2426,2427,2428,2429,2430,2431,2432,2433,2434,2435,2436,2437,2438,2439,2440,2441,2442,2443,2444,2445,2445,2445,2445,2445,2445,
goal:2445,2445,2445,2445,2445,2445,2445,2445,2445,2445,2445,2445,2445,2445,2445,2445,2445,2445,2445,2445,2445,2445,2445,2445,2445,2445,2445,2445,2445,2445,2445,2445,2445,2445,2445,2445,2445,2445,2445,2445,2445,2445,2445,2445,2445,2445,2445,2445,2445,2445,2445,2445,2445,2445,2445,2445,2445,2445,2445,2445,2445,2445,2445,2445,2445,2445,2445,2445,2445,2445,2445,2445,2445,2445,2445,2445,2445,2445,2445,2445,2445,2445,2445,2445,2445,2445,2445,2445,
size:82
[agent] id:19
path:3870,3763,3764,3765,3766,3767,3660,3553,3446,3339,3232,3125,3018,2911,2912,2913,2914,2915,2916,2917,2918,2919,2920,2921,2922,2923,2924,2925,2926,2927,2928,2929,2930,2931,2931,2931,2931,2931,2931,2931,2931,2931,2931,2931,2931,2931,2931,2931,2931,2931,2931,2931,2931,2931,2931,2931,2931,2931,2931,2931,2931,2931,2931,2931,2931,2931,2931,2931,2931,2931,2931,2931,2931,2931,2931,2931,2931,2931,2931,2931,2931,2931,2931,2931,2931,2931,2931,2931,
goal:2931,2931,2931,2931,2931,2931,2931,2931,2931,2931,2931,2931,2931,2931,2931,2931,2931,2931,2931,2931,2931,2931,2931,2931,2931,2931,2931,2931,2931,2931,2931,2931,2931,2931,2931,2931,2931,2931,2931,2931,2931,2931,2931,2931,2931,2931,2931,2931,2931,2931,2931,2931,2931,2931,2931,2931,2931,2931,2931,2931,2931,2931,2931,2931,2931,2931,2931,2931,2931,2931,2931,2931,2931,2931,2931,2931,2931,2931,2931,2931,2931,2931,2931,2931,2931,2931,2931,2931,
size:33
SolutionCost:915
