[setting] seed:15
[solver] type:ECBS
[solver] w:3.000000
[solver] ID:0
[solver] Lowlevelnode:2777
[solver] solved:1
[solver] elapsed:19
[solver] makespan:54
[problem] timesteplimit:10000
[problem] type:MAPF
[problem] agentnum:10
[graph] width:107
[graph] height:47
[graph] filename:./map/orz601d.map
[task] id:3,start:0,end:0,service time:0,nodes:2092,
[task] id:2,start:0,end:0,service time:0,nodes:3082,
[task] id:1,start:0,end:0,service time:0,nodes:4463,
[task] id:4,start:0,end:0,service time:0,nodes:1825,
[task] id:7,start:0,end:0,service time:0,nodes:2327,
[task] id:9,start:0,end:0,service time:0,nodes:3041,
[task] id:6,start:0,end:0,service time:0,nodes:2512,
[task] id:0,start:0,end:0,service time:0,nodes:2617,
[task] id:5,start:0,end:0,service time:0,nodes:2338,
[task] id:8,start:0,end:0,service time:0,nodes:3005,
[agent] id:0
path:3221,3114,3007,2900,2793,2686,2579,2580,2581,2474,2475,2476,2477,2478,2585,2586,2587,2588,2589,2590,2591,2592,2593,2594,2595,2596,2597,2598,2599,2600,2601,2602,2603,2604,2605,2606,2607,2608,2609,2610,2611,2612,2613,2614,2615,2616,2617,2617,2617,2617,2617,2617,2617,2617,2617,
goal:2617,2617,2617,2617,2617,2617,2617,2617,2617,2617,2617,2617,2617,2617,2617,2617,2617,2617,2617,2617,2617,2617,2617,2617,2617,2617,2617,2617,2617,2617,2617,2617,2617,2617,2617,2617,2617,2617,2617,2617,2617,2617,2617,2617,2617,2617,2617,2617,2617,2617,2617,2617,2617,2617,2617,
size:46
[agent] id:1
path:2860,2967,3074,3073,3072,3179,3178,3177,3176,3175,3174,3281,3388,3495,3602,3709,3816,3923,4030,4137,4244,4351,4458,4459,4460,4461,4462,4463,4463,4463,4463,4463,4463,4463,4463,4463,4463,4463,4463,4463,4463,4463,4463,4463,4463,4463,4463,4463,4463,4463,4463,4463,4463,4463,4463,
goal:4463,4463,4463,4463,4463,4463,4463,4463,4463,4463,4463,4463,4463,4463,4463,4463,4463,4463,4463,4463,4463,4463,4463,4463,4463,4463,4463,4463,4463,4463,4463,4463,4463,4463,4463,4463,4463,4463,4463,4463,4463,4463,4463,4463,4463,4463,4463,4463,4463,4463,4463,4463,4463,4463,4463,
size:27
[agent] id:2
path:4028,3921,3814,3707,3600,3601,3494,3387,3280,3173,3066,3067,3068,3069,3070,3071,3072,3073,3074,3075,3076,3077,3078,3079,3080,3081,3082,3082,3082,3082,3082,3082,3082,3082,3082,3082,3082,3082,3082,3082,3082,3082,3082,3082,3082,3082,3082,3082,3082,3082,3082,3082,3082,3082,3082,
goal:3082,3082,3082,3082,3082,3082,3082,3082,3082,3082,3082,3082,3082,3082,3082,3082,3082,3082,3082,3082,3082,3082,3082,3082,3082,3082,3082,3082,3082,3082,3082,3082,3082,3082,3082,3082,3082,3082,3082,3082,3082,3082,3082,3082,3082,3082,3082,3082,3082,3082,3082,3082,3082,3082,3082,
size:26
[agent] id:3
path:2217,2110,2109,2108,2107,2106,2105,2104,2103,2102,2101,2100,2099,2098,2097,2096,2095,2094,2093,2092,2092,2092,2092,2092,2092,2092,2092,2092,2092,2092,2092,2092,2092,2092,2092,2092,2092,2092,2092,2092,2092,2092,2092,2092,2092,2092,2092,2092,2092,2092,2092,2092,2092,2092,2092,
goal:2092,2092,2092,2092,2092,2092,2092,2092,2092,2092,2092,2092,2092,2092,2092,2092,2092,2092,2092,2092,2092,2092,2092,2092,2092,2092,2092,2092,2092,2092,2092,2092,2092,2092,2092,2092,2092,2092,2092,2092,2092,2092,2092,2092,2092,2092,2092,2092,2092,2092,2092,2092,2092,2092,2092,
size:19
[agent] id:4
path:1307,1414,1521,1628,1735,1842,1841,1840,1839,1838,1837,1836,1943,2050,2157,2264,2371,2370,2369,2368,2367,2260,2153,2046,1939,1938,1831,1830,1829,1828,1827,1826,1825,1825,1825,1825,1825,1825,1825,1825,1825,1825,1825,1825,1825,1825,1825,1825,1825,1825,1825,1825,1825,1825,1825,
goal:1825,1825,1825,1825,1825,1825,1825,1825,1825,1825,1825,1825,1825,1825,1825,1825,1825,1825,1825,1825,1825,1825,1825,1825,1825,1825,1825,1825,1825,1825,1825,1825,1825,1825,1825,1825,1825,1825,1825,1825,1825,1825,1825,1825,1825,1825,1825,1825,1825,1825,1825,1825,1825,1825,1825,
size:32
[agent] id:5
path:2288,2289,2290,2291,2292,2293,2294,2295,2296,2297,2298,2299,2300,2301,2302,2303,2304,2305,2306,2307,2308,2309,2310,2311,2312,2313,2314,2315,2316,2317,2318,2319,2320,2321,2322,2323,2324,2325,2326,2219,2220,2221,2328,2329,2330,2331,2332,2333,2334,2335,2336,2337,2338,2338,2338,
goal:2338,2338,2338,2338,2338,2338,2338,2338,2338,2338,2338,2338,2338,2338,2338,2338,2338,2338,2338,2338,2338,2338,2338,2338,2338,2338,2338,2338,2338,2338,2338,2338,2338,2338,2338,2338,2338,2338,2338,2338,2338,2338,2338,2338,2338,2338,2338,2338,2338,2338,2338,2338,2338,2338,2338,
size:52
[agent] id:6
path:3874,3767,3660,3553,3446,3339,3232,3125,3018,2911,2804,2697,2590,2483,2484,2485,2486,2487,2488,2489,2490,2491,2492,2493,2494,2495,2496,2497,2498,2499,2500,2501,2502,2503,2504,2505,2506,2507,2508,2509,2510,2511,2512,2512,2512,2512,2512,2512,2512,2512,2512,2512,2512,2512,2512,
goal:2512,2512,2512,2512,2512,2512,2512,2512,2512,2512,2512,2512,2512,2512,2512,2512,2512,2512,2512,2512,2512,2512,2512,2512,2512,2512,2512,2512,2512,2512,2512,2512,2512,2512,2512,2512,2512,2512,2512,2512,2512,2512,2512,2512,2512,2512,2512,2512,2512,2512,2512,2512,2512,2512,2512,
size:42
[agent] id:7
path:4357,4250,4143,4036,3929,3822,3715,3714,3607,3606,3605,3604,3603,3602,3603,3602,3495,3388,3281,3174,3067,2960,2853,2746,2639,2532,2425,2318,2319,2320,2321,2322,2323,2324,2325,2326,2327,2327,2327,2327,2327,2327,2327,2327,2327,2327,2327,2327,2327,2327,2327,2327,2327,2327,2327,
goal:2327,2327,2327,2327,2327,2327,2327,2327,2327,2327,2327,2327,2327,2327,2327,2327,2327,2327,2327,2327,2327,2327,2327,2327,2327,2327,2327,2327,2327,2327,2327,2327,2327,2327,2327,2327,2327,2327,2327,2327,2327,2327,2327,2327,2327,2327,2327,2327,2327,2327,2327,2327,2327,2327,2327,
size:36
[agent] id:8
path:3049,3048,3047,3046,3045,3044,3043,3042,3041,3040,3039,3038,3037,3036,3035,3034,3033,3032,3031,3030,3029,3028,3027,3026,3025,3024,3023,3022,3021,3020,3019,3018,3017,3016,3015,3014,3013,2906,2799,2692,2585,2478,2477,2476,2475,2474,2581,2688,2795,2902,3009,3008,3007,3006,3005,
goal:3005,3005,3005,3005,3005,3005,3005,3005,3005,3005,3005,3005,3005,3005,3005,3005,3005,3005,3005,3005,3005,3005,3005,3005,3005,3005,3005,3005,3005,3005,3005,3005,3005,3005,3005,3005,3005,3005,3005,3005,3005,3005,3005,3005,3005,3005,3005,3005,3005,3005,3005,3005,3005,3005,3005,
size:54
[agent] id:9
path:2973,2972,2971,2970,2969,2968,2967,2966,2965,2964,2963,2962,2961,3068,3067,3066,3065,3064,3063,3062,3061,3060,3059,3058,3057,3056,3055,3054,3053,3052,3051,3050,3049,3048,3047,3046,3045,3044,3043,3042,3041,3041,3041,3041,3041,3041,3041,3041,3041,3041,3041,3041,3041,3041,3041,
goal:3041,3041,3041,3041,3041,3041,3041,3041,3041,3041,3041,3041,3041,3041,3041,3041,3041,3041,3041,3041,3041,3041,3041,3041,3041,3041,3041,3041,3041,3041,3041,3041,3041,3041,3041,3041,3041,3041,3041,3041,3041,3041,3041,3041,3041,3041,3041,3041,3041,3041,3041,3041,3041,3041,3041,
size:40
SolutionCost:374
