[setting] seed:45
[solver] type:ECBS
[solver] w:3.000000
[solver] ID:0
[solver] Lowlevelnode:669
[solver] solved:1
[solver] elapsed:6
[solver] makespan:91
[problem] timesteplimit:10000
[problem] type:MAPF
[problem] agentnum:10
[graph] width:107
[graph] height:47
[graph] filename:./map/orz601d.map
[task] id:2,start:0,end:0,service time:0,nodes:2151,
[task] id:9,start:0,end:0,service time:0,nodes:4029,
[task] id:8,start:0,end:0,service time:0,nodes:2737,
[task] id:4,start:0,end:0,service time:0,nodes:2467,
[task] id:6,start:0,end:0,service time:0,nodes:4088,
[task] id:0,start:0,end:0,service time:0,nodes:1443,
[task] id:7,start:0,end:0,service time:0,nodes:2543,
[task] id:5,start:0,end:0,service time:0,nodes:1722,
[task] id:1,start:0,end:0,service time:0,nodes:882,
[task] id:3,start:0,end:0,service time:0,nodes:2344,
[agent] id:0
path:664,771,878,985,1092,1199,1306,1413,1414,1521,1628,1735,1842,1843,1844,1845,1846,1847,1954,1955,1956,1957,1958,1959,1960,1961,1962,1963,1964,1965,1966,1967,1860,1861,1862,1863,1864,1865,1758,1651,1544,1437,1438,1439,1440,1441,1442,1443,1443,1443,1443,1443,1443,1443,1443,1443,1443,1443,1443,1443,1443,1443,1443,1443,1443,1443,1443,1443,1443,1443,1443,1443,1443,1443,1443,1443,1443,1443,1443,1443,1443,1443,1443,1443,1443,1443,1443,1443,1443,1443,1443,1443,
goal:1443,1443,1443,1443,1443,1443,1443,1443,1443,1443,1443,1443,1443,1443,1443,1443,1443,1443,1443,1443,1443,1443,1443,1443,1443,1443,1443,1443,1443,1443,1443,1443,1443,1443,1443,1443,1443,1443,1443,1443,1443,1443,1443,1443,1443,1443,1443,1443,1443,1443,1443,1443,1443,1443,1443,1443,1443,1443,1443,1443,1443,1443,1443,1443,1443,1443,1443,1443,1443,1443,1443,1443,1443,1443,1443,1443,1443,1443,1443,1443,1443,1443,1443,1443,1443,1443,1443,1443,1443,1443,1443,1443,
size:47
[agent] id:1
path:2654,2547,2440,2333,2226,2119,2012,2011,2010,2009,2008,2007,2006,2005,2004,2003,2002,2001,2000,1999,1998,1997,1996,1995,1994,1993,1992,1991,1990,1989,1988,1987,1986,1985,1984,1983,1982,1981,1980,1979,1978,1977,1976,1975,1974,1973,1972,1971,1970,1969,1968,1967,1966,1965,1964,1963,1962,1961,1960,1959,1958,1957,1956,1955,1954,1847,1846,1845,1844,1843,1842,1735,1628,1521,1414,1307,1200,1093,986,879,880,881,882,882,882,882,882,882,882,882,882,882,
goal:882,882,882,882,882,882,882,882,882,882,882,882,882,882,882,882,882,882,882,882,882,882,882,882,882,882,882,882,882,882,882,882,882,882,882,882,882,882,882,882,882,882,882,882,882,882,882,882,882,882,882,882,882,882,882,882,882,882,882,882,882,882,882,882,882,882,882,882,882,882,882,882,882,882,882,882,882,882,882,882,882,882,882,882,882,882,882,882,882,882,882,882,
size:82
[agent] id:2
path:3123,3016,2909,2802,2695,2588,2481,2374,2373,2372,2371,2370,2369,2368,2367,2260,2153,2152,2151,2151,2151,2151,2151,2151,2151,2151,2151,2151,2151,2151,2151,2151,2151,2151,2151,2151,2151,2151,2151,2151,2151,2151,2151,2151,2151,2151,2151,2151,2151,2151,2151,2151,2151,2151,2151,2151,2151,2151,2151,2151,2151,2151,2151,2151,2151,2151,2151,2151,2151,2151,2151,2151,2151,2151,2151,2151,2151,2151,2151,2151,2151,2151,2151,2151,2151,2151,2151,2151,2151,2151,2151,2151,
goal:2151,2151,2151,2151,2151,2151,2151,2151,2151,2151,2151,2151,2151,2151,2151,2151,2151,2151,2151,2151,2151,2151,2151,2151,2151,2151,2151,2151,2151,2151,2151,2151,2151,2151,2151,2151,2151,2151,2151,2151,2151,2151,2151,2151,2151,2151,2151,2151,2151,2151,2151,2151,2151,2151,2151,2151,2151,2151,2151,2151,2151,2151,2151,2151,2151,2151,2151,2151,2151,2151,2151,2151,2151,2151,2151,2151,2151,2151,2151,2151,2151,2151,2151,2151,2151,2151,2151,2151,2151,2151,2151,2151,
size:18
[agent] id:3
path:3771,3770,3769,3768,3661,3554,3447,3340,3233,3126,3019,2912,2805,2698,2591,2484,2377,2378,2379,2380,2381,2382,2383,2384,2385,2386,2387,2388,2389,2390,2391,2392,2393,2394,2395,2396,2397,2398,2399,2400,2401,2402,2403,2404,2405,2406,2407,2408,2409,2410,2411,2412,2413,2414,2415,2416,2417,2418,2419,2420,2421,2422,2423,2424,2425,2426,2427,2428,2429,2430,2431,2432,2433,2434,2435,2436,2437,2438,2439,2440,2441,2442,2443,2444,2445,2446,2447,2448,2449,2450,2451,2344,
goal:2344,2344,2344,2344,2344,2344,2344,2344,2344,2344,2344,2344,2344,2344,2344,2344,2344,2344,2344,2344,2344,2344,2344,2344,2344,2344,2344,2344,2344,2344,2344,2344,2344,2344,2344,2344,2344,2344,2344,2344,2344,2344,2344,2344,2344,2344,2344,2344,2344,2344,2344,2344,2344,2344,2344,2344,2344,2344,2344,2344,2344,2344,2344,2344,2344,2344,2344,2344,2344,2344,2344,2344,2344,2344,2344,2344,2344,2344,2344,2344,2344,2344,2344,2344,2344,2344,2344,2344,2344,2344,2344,2344,
size:91
[agent] id:4
path:1958,2065,2172,2279,2386,2493,2492,2491,2490,2489,2488,2487,2486,2485,2484,2483,2482,2481,2480,2479,2478,2477,2476,2475,2474,2473,2472,2471,2470,2469,2468,2467,2467,2467,2467,2467,2467,2467,2467,2467,2467,2467,2467,2467,2467,2467,2467,2467,2467,2467,2467,2467,2467,2467,2467,2467,2467,2467,2467,2467,2467,2467,2467,2467,2467,2467,2467,2467,2467,2467,2467,2467,2467,2467,2467,2467,2467,2467,2467,2467,2467,2467,2467,2467,2467,2467,2467,2467,2467,2467,2467,2467,
goal:2467,2467,2467,2467,2467,2467,2467,2467,2467,2467,2467,2467,2467,2467,2467,2467,2467,2467,2467,2467,2467,2467,2467,2467,2467,2467,2467,2467,2467,2467,2467,2467,2467,2467,2467,2467,2467,2467,2467,2467,2467,2467,2467,2467,2467,2467,2467,2467,2467,2467,2467,2467,2467,2467,2467,2467,2467,2467,2467,2467,2467,2467,2467,2467,2467,2467,2467,2467,2467,2467,2467,2467,2467,2467,2467,2467,2467,2467,2467,2467,2467,2467,2467,2467,2467,2467,2467,2467,2467,2467,2467,2467,
size:31
[agent] id:5
path:695,802,909,1016,1123,1230,1337,1336,1443,1442,1441,1440,1439,1438,1545,1652,1759,1866,1973,2080,2187,2294,2293,2292,2291,2290,2289,2288,2287,2286,2285,2284,2391,2390,2389,2388,2387,2386,2385,2384,2383,2382,2381,2380,2379,2378,2377,2376,2375,2374,2373,2372,2371,2370,2369,2368,2367,2260,2153,2046,1939,1938,1831,1724,1723,1722,1722,1722,1722,1722,1722,1722,1722,1722,1722,1722,1722,1722,1722,1722,1722,1722,1722,1722,1722,1722,1722,1722,1722,1722,1722,1722,
goal:1722,1722,1722,1722,1722,1722,1722,1722,1722,1722,1722,1722,1722,1722,1722,1722,1722,1722,1722,1722,1722,1722,1722,1722,1722,1722,1722,1722,1722,1722,1722,1722,1722,1722,1722,1722,1722,1722,1722,1722,1722,1722,1722,1722,1722,1722,1722,1722,1722,1722,1722,1722,1722,1722,1722,1722,1722,1722,1722,1722,1722,1722,1722,1722,1722,1722,1722,1722,1722,1722,1722,1722,1722,1722,1722,1722,1722,1722,1722,1722,1722,1722,1722,1722,1722,1722,1722,1722,1722,1722,1722,1722,
size:65
[agent] id:6
path:2289,2396,2503,2610,2717,2824,2931,3038,3037,3036,3035,3034,3033,3032,3031,3030,3029,3028,3027,3026,3025,3024,3131,3238,3345,3344,3343,3342,3341,3340,3447,3554,3661,3768,3875,3982,4089,4088,4088,4088,4088,4088,4088,4088,4088,4088,4088,4088,4088,4088,4088,4088,4088,4088,4088,4088,4088,4088,4088,4088,4088,4088,4088,4088,4088,4088,4088,4088,4088,4088,4088,4088,4088,4088,4088,4088,4088,4088,4088,4088,4088,4088,4088,4088,4088,4088,4088,4088,4088,4088,4088,4088,
goal:4088,4088,4088,4088,4088,4088,4088,4088,4088,4088,4088,4088,4088,4088,4088,4088,4088,4088,4088,4088,4088,4088,4088,4088,4088,4088,4088,4088,4088,4088,4088,4088,4088,4088,4088,4088,4088,4088,4088,4088,4088,4088,4088,4088,4088,4088,4088,4088,4088,4088,4088,4088,4088,4088,4088,4088,4088,4088,4088,4088,4088,4088,4088,4088,4088,4088,4088,4088,4088,4088,4088,4088,4088,4088,4088,4088,4088,4088,4088,4088,4088,4088,4088,4088,4088,4088,4088,4088,4088,4088,4088,4088,
size:37
[agent] id:7
path:472,579,686,793,900,1007,1114,1221,1328,1435,1436,1437,1544,1651,1758,1865,1972,2079,2186,2293,2400,2507,2508,2509,2510,2511,2512,2513,2514,2515,2516,2517,2518,2519,2520,2521,2522,2523,2524,2525,2526,2527,2528,2529,2530,2531,2532,2533,2534,2535,2536,2537,2538,2539,2540,2541,2542,2543,2543,2543,2543,2543,2543,2543,2543,2543,2543,2543,2543,2543,2543,2543,2543,2543,2543,2543,2543,2543,2543,2543,2543,2543,2543,2543,2543,2543,2543,2543,2543,2543,2543,2543,
goal:2543,2543,2543,2543,2543,2543,2543,2543,2543,2543,2543,2543,2543,2543,2543,2543,2543,2543,2543,2543,2543,2543,2543,2543,2543,2543,2543,2543,2543,2543,2543,2543,2543,2543,2543,2543,2543,2543,2543,2543,2543,2543,2543,2543,2543,2543,2543,2543,2543,2543,2543,2543,2543,2543,2543,2543,2543,2543,2543,2543,2543,2543,2543,2543,2543,2543,2543,2543,2543,2543,2543,2543,2543,2543,2543,2543,2543,2543,2543,2543,2543,2543,2543,2543,2543,2543,2543,2543,2543,2543,2543,2543,
size:57
[agent] id:8
path:4137,4030,3923,3816,3709,3602,3495,3388,3281,3174,3067,2960,2853,2746,2745,2744,2743,2742,2741,2740,2739,2738,2737,2737,2737,2737,2737,2737,2737,2737,2737,2737,2737,2737,2737,2737,2737,2737,2737,2737,2737,2737,2737,2737,2737,2737,2737,2737,2737,2737,2737,2737,2737,2737,2737,2737,2737,2737,2737,2737,2737,2737,2737,2737,2737,2737,2737,2737,2737,2737,2737,2737,2737,2737,2737,2737,2737,2737,2737,2737,2737,2737,2737,2737,2737,2737,2737,2737,2737,2737,2737,2737,
goal:2737,2737,2737,2737,2737,2737,2737,2737,2737,2737,2737,2737,2737,2737,2737,2737,2737,2737,2737,2737,2737,2737,2737,2737,2737,2737,2737,2737,2737,2737,2737,2737,2737,2737,2737,2737,2737,2737,2737,2737,2737,2737,2737,2737,2737,2737,2737,2737,2737,2737,2737,2737,2737,2737,2737,2737,2737,2737,2737,2737,2737,2737,2737,2737,2737,2737,2737,2737,2737,2737,2737,2737,2737,2737,2737,2737,2737,2737,2737,2737,2737,2737,2737,2737,2737,2737,2737,2737,2737,2737,2737,2737,
size:22
[agent] id:9
path:2538,2645,2752,2859,2966,3073,3072,3179,3178,3177,3176,3175,3174,3281,3388,3495,3602,3709,3816,3923,4030,4029,4029,4029,4029,4029,4029,4029,4029,4029,4029,4029,4029,4029,4029,4029,4029,4029,4029,4029,4029,4029,4029,4029,4029,4029,4029,4029,4029,4029,4029,4029,4029,4029,4029,4029,4029,4029,4029,4029,4029,4029,4029,4029,4029,4029,4029,4029,4029,4029,4029,4029,4029,4029,4029,4029,4029,4029,4029,4029,4029,4029,4029,4029,4029,4029,4029,4029,4029,4029,4029,4029,
goal:4029,4029,4029,4029,4029,4029,4029,4029,4029,4029,4029,4029,4029,4029,4029,4029,4029,4029,4029,4029,4029,4029,4029,4029,4029,4029,4029,4029,4029,4029,4029,4029,4029,4029,4029,4029,4029,4029,4029,4029,4029,4029,4029,4029,4029,4029,4029,4029,4029,4029,4029,4029,4029,4029,4029,4029,4029,4029,4029,4029,4029,4029,4029,4029,4029,4029,4029,4029,4029,4029,4029,4029,4029,4029,4029,4029,4029,4029,4029,4029,4029,4029,4029,4029,4029,4029,4029,4029,4029,4029,4029,4029,
size:21
SolutionCost:471
