[setting] seed:3
[solver] type:ECBS
[solver] w:3.000000
[solver] ID:0
[solver] Lowlevelnode:2830
[solver] solved:1
[solver] elapsed:37
[solver] makespan:96
[problem] timesteplimit:10000
[problem] type:MAPF
[problem] agentnum:20
[graph] width:107
[graph] height:47
[graph] filename:./map/orz601d.map
[task] id:13,start:0,end:0,service time:0,nodes:2428,
[task] id:3,start:0,end:0,service time:0,nodes:2218,
[task] id:17,start:0,end:0,service time:0,nodes:2420,
[task] id:8,start:0,end:0,service time:0,nodes:4459,
[task] id:4,start:0,end:0,service time:0,nodes:4238,
[task] id:6,start:0,end:0,service time:0,nodes:2587,
[task] id:10,start:0,end:0,service time:0,nodes:671,
[task] id:15,start:0,end:0,service time:0,nodes:3125,
[task] id:14,start:0,end:0,service time:0,nodes:2286,
[task] id:9,start:0,end:0,service time:0,nodes:1328,
[task] id:16,start:0,end:0,service time:0,nodes:3114,
[task] id:1,start:0,end:0,service time:0,nodes:2159,
[task] id:19,start:0,end:0,service time:0,nodes:799,
[task] id:5,start:0,end:0,service time:0,nodes:3716,
[task] id:7,start:0,end:0,service time:0,nodes:3606,
[task] id:0,start:0,end:0,service time:0,nodes:4627,
[task] id:12,start:0,end:0,service time:0,nodes:1139,
[task] id:18,start:0,end:0,service time:0,nodes:2134,
[task] id:2,start:0,end:0,service time:0,nodes:1304,
[task] id:11,start:0,end:0,service time:0,nodes:766,
[agent] id:0
path:2428,2535,2642,2749,2856,2963,2962,2961,2960,2959,2958,2957,2956,2955,2954,2953,2952,2951,2950,2949,2948,2947,2946,2945,2944,2943,2942,2941,2940,2939,2938,2937,2936,2935,2934,2933,2932,2931,3038,3037,3036,3035,3034,3033,3032,3031,3030,3029,3028,3027,3026,3025,3024,3131,3238,3345,3344,3343,3342,3341,3340,3447,3554,3661,3768,3875,3982,4089,4196,4303,4410,4411,4412,4519,4626,4627,4627,4627,4627,4627,4627,4627,4627,4627,4627,4627,4627,4627,4627,4627,4627,4627,4627,4627,4627,4627,4627,
goal:4627,4627,4627,4627,4627,4627,4627,4627,4627,4627,4627,4627,4627,4627,4627,4627,4627,4627,4627,4627,4627,4627,4627,4627,4627,4627,4627,4627,4627,4627,4627,4627,4627,4627,4627,4627,4627,4627,4627,4627,4627,4627,4627,4627,4627,4627,4627,4627,4627,4627,4627,4627,4627,4627,4627,4627,4627,4627,4627,4627,4627,4627,4627,4627,4627,4627,4627,4627,4627,4627,4627,4627,4627,4627,4627,4627,4627,4627,4627,4627,4627,4627,4627,4627,4627,4627,4627,4627,4627,4627,4627,4627,4627,4627,4627,4627,4627,
size:75
[agent] id:1
path:1037,1144,1251,1358,1465,1464,1463,1462,1569,1676,1783,1890,1997,2104,2211,2210,2209,2208,2207,2206,2205,2204,2203,2202,2201,2200,2199,2198,2197,2196,2195,2194,2193,2192,2191,2190,2189,2188,2187,2186,2185,2184,2183,2182,2181,2180,2179,2178,2177,2176,2175,2174,2173,2172,2171,2170,2169,2168,2167,2166,2165,2164,2163,2162,2161,2160,2159,2159,2159,2159,2159,2159,2159,2159,2159,2159,2159,2159,2159,2159,2159,2159,2159,2159,2159,2159,2159,2159,2159,2159,2159,2159,2159,2159,2159,2159,2159,
goal:2159,2159,2159,2159,2159,2159,2159,2159,2159,2159,2159,2159,2159,2159,2159,2159,2159,2159,2159,2159,2159,2159,2159,2159,2159,2159,2159,2159,2159,2159,2159,2159,2159,2159,2159,2159,2159,2159,2159,2159,2159,2159,2159,2159,2159,2159,2159,2159,2159,2159,2159,2159,2159,2159,2159,2159,2159,2159,2159,2159,2159,2159,2159,2159,2159,2159,2159,2159,2159,2159,2159,2159,2159,2159,2159,2159,2159,2159,2159,2159,2159,2159,2159,2159,2159,2159,2159,2159,2159,2159,2159,2159,2159,2159,2159,2159,2159,
size:66
[agent] id:2
path:2778,2777,2776,2669,2562,2455,2454,2453,2452,2451,2450,2449,2448,2447,2446,2339,2232,2125,2018,2017,2016,2015,2014,2013,2012,2011,2010,2009,2008,2007,2006,2005,2004,2003,2002,2001,2000,1999,1998,1997,1996,1995,1994,1993,1992,1991,1990,1989,1988,1987,1986,1985,1984,1983,1982,1981,1980,1979,1978,1977,1976,1975,1974,1973,1972,1971,1970,1969,1968,1967,1966,1965,1964,1963,1962,1961,1960,1959,1958,1957,1956,1955,1954,1847,1846,1845,1844,1843,1842,1735,1628,1521,1414,1307,1306,1305,1304,
goal:1304,1304,1304,1304,1304,1304,1304,1304,1304,1304,1304,1304,1304,1304,1304,1304,1304,1304,1304,1304,1304,1304,1304,1304,1304,1304,1304,1304,1304,1304,1304,1304,1304,1304,1304,1304,1304,1304,1304,1304,1304,1304,1304,1304,1304,1304,1304,1304,1304,1304,1304,1304,1304,1304,1304,1304,1304,1304,1304,1304,1304,1304,1304,1304,1304,1304,1304,1304,1304,1304,1304,1304,1304,1304,1304,1304,1304,1304,1304,1304,1304,1304,1304,1304,1304,1304,1304,1304,1304,1304,1304,1304,1304,1304,1304,1304,1304,
size:96
[agent] id:3
path:2123,2230,2229,2228,2227,2226,2225,2224,2223,2222,2221,2220,2219,2218,2218,2218,2218,2218,2218,2218,2218,2218,2218,2218,2218,2218,2218,2218,2218,2218,2218,2218,2218,2218,2218,2218,2218,2218,2218,2218,2218,2218,2218,2218,2218,2218,2218,2218,2218,2218,2218,2218,2218,2218,2218,2218,2218,2218,2218,2218,2218,2218,2218,2218,2218,2218,2218,2218,2218,2218,2218,2218,2218,2218,2218,2218,2218,2218,2218,2218,2218,2218,2218,2218,2218,2218,2218,2218,2218,2218,2218,2218,2218,2218,2218,2218,2218,
goal:2218,2218,2218,2218,2218,2218,2218,2218,2218,2218,2218,2218,2218,2218,2218,2218,2218,2218,2218,2218,2218,2218,2218,2218,2218,2218,2218,2218,2218,2218,2218,2218,2218,2218,2218,2218,2218,2218,2218,2218,2218,2218,2218,2218,2218,2218,2218,2218,2218,2218,2218,2218,2218,2218,2218,2218,2218,2218,2218,2218,2218,2218,2218,2218,2218,2218,2218,2218,2218,2218,2218,2218,2218,2218,2218,2218,2218,2218,2218,2218,2218,2218,2218,2218,2218,2218,2218,2218,2218,2218,2218,2218,2218,2218,2218,2218,2218,
size:13
[agent] id:4
path:3062,3169,3170,3171,3172,3173,3280,3387,3494,3601,3708,3815,3922,4029,4136,4243,4242,4241,4240,4239,4238,4238,4238,4238,4238,4238,4238,4238,4238,4238,4238,4238,4238,4238,4238,4238,4238,4238,4238,4238,4238,4238,4238,4238,4238,4238,4238,4238,4238,4238,4238,4238,4238,4238,4238,4238,4238,4238,4238,4238,4238,4238,4238,4238,4238,4238,4238,4238,4238,4238,4238,4238,4238,4238,4238,4238,4238,4238,4238,4238,4238,4238,4238,4238,4238,4238,4238,4238,4238,4238,4238,4238,4238,4238,4238,4238,4238,
goal:4238,4238,4238,4238,4238,4238,4238,4238,4238,4238,4238,4238,4238,4238,4238,4238,4238,4238,4238,4238,4238,4238,4238,4238,4238,4238,4238,4238,4238,4238,4238,4238,4238,4238,4238,4238,4238,4238,4238,4238,4238,4238,4238,4238,4238,4238,4238,4238,4238,4238,4238,4238,4238,4238,4238,4238,4238,4238,4238,4238,4238,4238,4238,4238,4238,4238,4238,4238,4238,4238,4238,4238,4238,4238,4238,4238,4238,4238,4238,4238,4238,4238,4238,4238,4238,4238,4238,4238,4238,4238,4238,4238,4238,4238,4238,4238,4238,
size:20
[agent] id:5
path:1947,2054,2161,2268,2375,2482,2589,2696,2803,2910,3017,3018,3019,3020,3021,3022,3023,3024,3025,3026,3027,3028,3029,3030,3031,3032,3033,3034,3035,3036,3037,3038,3039,3040,3041,3042,3043,3044,3045,3046,3047,3048,3049,3050,3051,3052,3053,3054,3055,3056,3057,3058,3059,3060,3061,3062,3169,3170,3171,3172,3173,3280,3387,3494,3601,3708,3709,3710,3711,3712,3713,3714,3715,3716,3716,3716,3716,3716,3716,3716,3716,3716,3716,3716,3716,3716,3716,3716,3716,3716,3716,3716,3716,3716,3716,3716,3716,
goal:3716,3716,3716,3716,3716,3716,3716,3716,3716,3716,3716,3716,3716,3716,3716,3716,3716,3716,3716,3716,3716,3716,3716,3716,3716,3716,3716,3716,3716,3716,3716,3716,3716,3716,3716,3716,3716,3716,3716,3716,3716,3716,3716,3716,3716,3716,3716,3716,3716,3716,3716,3716,3716,3716,3716,3716,3716,3716,3716,3716,3716,3716,3716,3716,3716,3716,3716,3716,3716,3716,3716,3716,3716,3716,3716,3716,3716,3716,3716,3716,3716,3716,3716,3716,3716,3716,3716,3716,3716,3716,3716,3716,3716,3716,3716,3716,3716,
size:73
[agent] id:6
path:3141,3034,2927,2820,2713,2606,2605,2604,2603,2602,2601,2600,2599,2598,2597,2596,2595,2594,2593,2592,2591,2590,2589,2588,2587,2587,2587,2587,2587,2587,2587,2587,2587,2587,2587,2587,2587,2587,2587,2587,2587,2587,2587,2587,2587,2587,2587,2587,2587,2587,2587,2587,2587,2587,2587,2587,2587,2587,2587,2587,2587,2587,2587,2587,2587,2587,2587,2587,2587,2587,2587,2587,2587,2587,2587,2587,2587,2587,2587,2587,2587,2587,2587,2587,2587,2587,2587,2587,2587,2587,2587,2587,2587,2587,2587,2587,2587,
goal:2587,2587,2587,2587,2587,2587,2587,2587,2587,2587,2587,2587,2587,2587,2587,2587,2587,2587,2587,2587,2587,2587,2587,2587,2587,2587,2587,2587,2587,2587,2587,2587,2587,2587,2587,2587,2587,2587,2587,2587,2587,2587,2587,2587,2587,2587,2587,2587,2587,2587,2587,2587,2587,2587,2587,2587,2587,2587,2587,2587,2587,2587,2587,2587,2587,2587,2587,2587,2587,2587,2587,2587,2587,2587,2587,2587,2587,2587,2587,2587,2587,2587,2587,2587,2587,2587,2587,2587,2587,2587,2587,2587,2587,2587,2587,2587,2587,
size:24
[agent] id:7
path:1200,1307,1414,1521,1628,1735,1842,1949,2056,2163,2270,2377,2484,2591,2698,2805,2912,3019,3020,3021,3022,3023,3024,3025,3026,3027,3028,3029,3030,3031,3032,3033,3034,3035,3036,3037,3038,3039,3040,3041,3042,3043,3044,3045,3046,3047,3048,3049,3050,3051,3052,3053,3054,3055,3056,3057,3058,3059,3060,3061,3062,3169,3170,3171,3172,3173,3280,3387,3494,3601,3602,3603,3604,3605,3606,3606,3606,3606,3606,3606,3606,3606,3606,3606,3606,3606,3606,3606,3606,3606,3606,3606,3606,3606,3606,3606,3606,
goal:3606,3606,3606,3606,3606,3606,3606,3606,3606,3606,3606,3606,3606,3606,3606,3606,3606,3606,3606,3606,3606,3606,3606,3606,3606,3606,3606,3606,3606,3606,3606,3606,3606,3606,3606,3606,3606,3606,3606,3606,3606,3606,3606,3606,3606,3606,3606,3606,3606,3606,3606,3606,3606,3606,3606,3606,3606,3606,3606,3606,3606,3606,3606,3606,3606,3606,3606,3606,3606,3606,3606,3606,3606,3606,3606,3606,3606,3606,3606,3606,3606,3606,3606,3606,3606,3606,3606,3606,3606,3606,3606,3606,3606,3606,3606,3606,3606,
size:74
[agent] id:8
path:2959,3066,3173,3280,3387,3494,3601,3708,3815,3922,4029,4136,4243,4350,4457,4458,4459,4459,4459,4459,4459,4459,4459,4459,4459,4459,4459,4459,4459,4459,4459,4459,4459,4459,4459,4459,4459,4459,4459,4459,4459,4459,4459,4459,4459,4459,4459,4459,4459,4459,4459,4459,4459,4459,4459,4459,4459,4459,4459,4459,4459,4459,4459,4459,4459,4459,4459,4459,4459,4459,4459,4459,4459,4459,4459,4459,4459,4459,4459,4459,4459,4459,4459,4459,4459,4459,4459,4459,4459,4459,4459,4459,4459,4459,4459,4459,4459,
goal:4459,4459,4459,4459,4459,4459,4459,4459,4459,4459,4459,4459,4459,4459,4459,4459,4459,4459,4459,4459,4459,4459,4459,4459,4459,4459,4459,4459,4459,4459,4459,4459,4459,4459,4459,4459,4459,4459,4459,4459,4459,4459,4459,4459,4459,4459,4459,4459,4459,4459,4459,4459,4459,4459,4459,4459,4459,4459,4459,4459,4459,4459,4459,4459,4459,4459,4459,4459,4459,4459,4459,4459,4459,4459,4459,4459,4459,4459,4459,4459,4459,4459,4459,4459,4459,4459,4459,4459,4459,4459,4459,4459,4459,4459,4459,4459,4459,
size:16
[agent] id:9
path:2969,2862,2755,2648,2541,2434,2327,2220,2113,2006,2005,2004,2003,2002,2001,2000,1999,1998,1997,1996,1995,1994,1993,1992,1991,1990,1989,1988,1987,1986,1985,1984,1983,1982,1981,1980,1979,1978,1871,1870,1869,1868,1867,1866,1759,1652,1545,1438,1331,1330,1329,1328,1328,1328,1328,1328,1328,1328,1328,1328,1328,1328,1328,1328,1328,1328,1328,1328,1328,1328,1328,1328,1328,1328,1328,1328,1328,1328,1328,1328,1328,1328,1328,1328,1328,1328,1328,1328,1328,1328,1328,1328,1328,1328,1328,1328,1328,
goal:1328,1328,1328,1328,1328,1328,1328,1328,1328,1328,1328,1328,1328,1328,1328,1328,1328,1328,1328,1328,1328,1328,1328,1328,1328,1328,1328,1328,1328,1328,1328,1328,1328,1328,1328,1328,1328,1328,1328,1328,1328,1328,1328,1328,1328,1328,1328,1328,1328,1328,1328,1328,1328,1328,1328,1328,1328,1328,1328,1328,1328,1328,1328,1328,1328,1328,1328,1328,1328,1328,1328,1328,1328,1328,1328,1328,1328,1328,1328,1328,1328,1328,1328,1328,1328,1328,1328,1328,1328,1328,1328,1328,1328,1328,1328,1328,1328,
size:51
[agent] id:10
path:2169,2062,1955,1954,1847,1846,1845,1844,1843,1842,1735,1628,1521,1414,1307,1200,1093,986,879,772,665,666,667,668,669,670,671,671,671,671,671,671,671,671,671,671,671,671,671,671,671,671,671,671,671,671,671,671,671,671,671,671,671,671,671,671,671,671,671,671,671,671,671,671,671,671,671,671,671,671,671,671,671,671,671,671,671,671,671,671,671,671,671,671,671,671,671,671,671,671,671,671,671,671,671,671,671,
goal:671,671,671,671,671,671,671,671,671,671,671,671,671,671,671,671,671,671,671,671,671,671,671,671,671,671,671,671,671,671,671,671,671,671,671,671,671,671,671,671,671,671,671,671,671,671,671,671,671,671,671,671,671,671,671,671,671,671,671,671,671,671,671,671,671,671,671,671,671,671,671,671,671,671,671,671,671,671,671,671,671,671,671,671,671,671,671,671,671,671,671,671,671,671,671,671,671,
size:26
[agent] id:11
path:2344,2451,2450,2449,2448,2447,2446,2339,2232,2125,2018,2017,2016,2015,2014,2013,2012,2011,2010,2009,2008,2007,2006,2005,2004,2003,2002,2001,2000,1999,1998,1997,1996,1995,1994,1993,1992,1991,1990,1989,1988,1987,1986,1985,1984,1983,1982,1981,1980,1979,1978,1977,1976,1975,1974,1973,1972,1971,1970,1969,1968,1967,1966,1965,1964,1963,1962,1961,1960,1959,1958,1957,1956,1955,1954,1847,1846,1845,1844,1843,1842,1735,1628,1521,1414,1307,1200,1093,986,879,772,771,770,769,768,767,766,
goal:766,766,766,766,766,766,766,766,766,766,766,766,766,766,766,766,766,766,766,766,766,766,766,766,766,766,766,766,766,766,766,766,766,766,766,766,766,766,766,766,766,766,766,766,766,766,766,766,766,766,766,766,766,766,766,766,766,766,766,766,766,766,766,766,766,766,766,766,766,766,766,766,766,766,766,766,766,766,766,766,766,766,766,766,766,766,766,766,766,766,766,766,766,766,766,766,766,
size:96
[agent] id:12
path:447,554,661,768,875,982,1089,1196,1303,1410,1411,1412,1413,1520,1627,1734,1841,1948,1949,1950,1951,1952,1953,1954,1955,1956,1957,1958,1959,1960,1961,1962,1963,1964,1965,1966,1967,1968,1969,1970,1971,1972,1973,1974,1975,1976,1977,2084,2085,2086,2087,2088,2089,2090,2091,1984,1985,1986,1987,1988,1989,1990,1991,1884,1885,1886,1887,1888,1889,1782,1675,1568,1461,1354,1247,1140,1139,1139,1139,1139,1139,1139,1139,1139,1139,1139,1139,1139,1139,1139,1139,1139,1139,1139,1139,1139,1139,
goal:1139,1139,1139,1139,1139,1139,1139,1139,1139,1139,1139,1139,1139,1139,1139,1139,1139,1139,1139,1139,1139,1139,1139,1139,1139,1139,1139,1139,1139,1139,1139,1139,1139,1139,1139,1139,1139,1139,1139,1139,1139,1139,1139,1139,1139,1139,1139,1139,1139,1139,1139,1139,1139,1139,1139,1139,1139,1139,1139,1139,1139,1139,1139,1139,1139,1139,1139,1139,1139,1139,1139,1139,1139,1139,1139,1139,1139,1139,1139,1139,1139,1139,1139,1139,1139,1139,1139,1139,1139,1139,1139,1139,1139,1139,1139,1139,1139,
size:76
[agent] id:13
path:2849,2742,2635,2528,2421,2422,2423,2424,2425,2426,2427,2428,2428,2428,2428,2428,2428,2428,2428,2428,2428,2428,2428,2428,2428,2428,2428,2428,2428,2428,2428,2428,2428,2428,2428,2428,2428,2428,2428,2428,2428,2428,2428,2428,2428,2428,2428,2428,2428,2428,2428,2428,2428,2428,2428,2428,2428,2428,2428,2428,2428,2428,2428,2428,2428,2428,2428,2428,2428,2428,2428,2428,2428,2428,2428,2428,2428,2428,2428,2428,2428,2428,2428,2428,2428,2428,2428,2428,2428,2428,2428,2428,2428,2428,2428,2428,2428,
goal:2428,2428,2428,2428,2428,2428,2428,2428,2428,2428,2428,2428,2428,2428,2428,2428,2428,2428,2428,2428,2428,2428,2428,2428,2428,2428,2428,2428,2428,2428,2428,2428,2428,2428,2428,2428,2428,2428,2428,2428,2428,2428,2428,2428,2428,2428,2428,2428,2428,2428,2428,2428,2428,2428,2428,2428,2428,2428,2428,2428,2428,2428,2428,2428,2428,2428,2428,2428,2428,2428,2428,2428,2428,2428,2428,2428,2428,2428,2428,2428,2428,2428,2428,2428,2428,2428,2428,2428,2428,2428,2428,2428,2428,2428,2428,2428,2428,
size:11
[agent] id:14
path:2256,2257,2258,2259,2260,2367,2368,2369,2370,2371,2264,2265,2266,2267,2268,2269,2270,2271,2272,2273,2274,2275,2276,2277,2278,2279,2280,2281,2282,2283,2284,2285,2286,2286,2286,2286,2286,2286,2286,2286,2286,2286,2286,2286,2286,2286,2286,2286,2286,2286,2286,2286,2286,2286,2286,2286,2286,2286,2286,2286,2286,2286,2286,2286,2286,2286,2286,2286,2286,2286,2286,2286,2286,2286,2286,2286,2286,2286,2286,2286,2286,2286,2286,2286,2286,2286,2286,2286,2286,2286,2286,2286,2286,2286,2286,2286,2286,
goal:2286,2286,2286,2286,2286,2286,2286,2286,2286,2286,2286,2286,2286,2286,2286,2286,2286,2286,2286,2286,2286,2286,2286,2286,2286,2286,2286,2286,2286,2286,2286,2286,2286,2286,2286,2286,2286,2286,2286,2286,2286,2286,2286,2286,2286,2286,2286,2286,2286,2286,2286,2286,2286,2286,2286,2286,2286,2286,2286,2286,2286,2286,2286,2286,2286,2286,2286,2286,2286,2286,2286,2286,2286,2286,2286,2286,2286,2286,2286,2286,2286,2286,2286,2286,2286,2286,2286,2286,2286,2286,2286,2286,2286,2286,2286,2286,2286,
size:32
[agent] id:15
path:454,561,668,775,882,989,1096,1203,1310,1417,1416,1415,1414,1413,1520,1627,1734,1841,1948,2055,2162,2269,2376,2483,2590,2697,2804,2911,3018,3125,3125,3125,3125,3125,3125,3125,3125,3125,3125,3125,3125,3125,3125,3125,3125,3125,3125,3125,3125,3125,3125,3125,3125,3125,3125,3125,3125,3125,3125,3125,3125,3125,3125,3125,3125,3125,3125,3125,3125,3125,3125,3125,3125,3125,3125,3125,3125,3125,3125,3125,3125,3125,3125,3125,3125,3125,3125,3125,3125,3125,3125,3125,3125,3125,3125,3125,3125,
goal:3125,3125,3125,3125,3125,3125,3125,3125,3125,3125,3125,3125,3125,3125,3125,3125,3125,3125,3125,3125,3125,3125,3125,3125,3125,3125,3125,3125,3125,3125,3125,3125,3125,3125,3125,3125,3125,3125,3125,3125,3125,3125,3125,3125,3125,3125,3125,3125,3125,3125,3125,3125,3125,3125,3125,3125,3125,3125,3125,3125,3125,3125,3125,3125,3125,3125,3125,3125,3125,3125,3125,3125,3125,3125,3125,3125,3125,3125,3125,3125,3125,3125,3125,3125,3125,3125,3125,3125,3125,3125,3125,3125,3125,3125,3125,3125,3125,
size:29
[agent] id:16
path:2202,2309,2416,2523,2522,2521,2520,2519,2518,2517,2516,2515,2514,2513,2512,2511,2510,2509,2508,2507,2506,2505,2504,2503,2502,2501,2500,2499,2498,2497,2496,2495,2494,2493,2492,2491,2490,2489,2488,2487,2486,2485,2484,2483,2482,2481,2480,2479,2478,2477,2476,2475,2474,2581,2688,2795,2902,3009,3008,3115,3114,3114,3114,3114,3114,3114,3114,3114,3114,3114,3114,3114,3114,3114,3114,3114,3114,3114,3114,3114,3114,3114,3114,3114,3114,3114,3114,3114,3114,3114,3114,3114,3114,3114,3114,3114,3114,
goal:3114,3114,3114,3114,3114,3114,3114,3114,3114,3114,3114,3114,3114,3114,3114,3114,3114,3114,3114,3114,3114,3114,3114,3114,3114,3114,3114,3114,3114,3114,3114,3114,3114,3114,3114,3114,3114,3114,3114,3114,3114,3114,3114,3114,3114,3114,3114,3114,3114,3114,3114,3114,3114,3114,3114,3114,3114,3114,3114,3114,3114,3114,3114,3114,3114,3114,3114,3114,3114,3114,3114,3114,3114,3114,3114,3114,3114,3114,3114,3114,3114,3114,3114,3114,3114,3114,3114,3114,3114,3114,3114,3114,3114,3114,3114,3114,3114,
size:60
[agent] id:17
path:2219,2326,2325,2324,2323,2322,2321,2320,2319,2318,2425,2424,2423,2422,2421,2420,2420,2420,2420,2420,2420,2420,2420,2420,2420,2420,2420,2420,2420,2420,2420,2420,2420,2420,2420,2420,2420,2420,2420,2420,2420,2420,2420,2420,2420,2420,2420,2420,2420,2420,2420,2420,2420,2420,2420,2420,2420,2420,2420,2420,2420,2420,2420,2420,2420,2420,2420,2420,2420,2420,2420,2420,2420,2420,2420,2420,2420,2420,2420,2420,2420,2420,2420,2420,2420,2420,2420,2420,2420,2420,2420,2420,2420,2420,2420,2420,2420,
goal:2420,2420,2420,2420,2420,2420,2420,2420,2420,2420,2420,2420,2420,2420,2420,2420,2420,2420,2420,2420,2420,2420,2420,2420,2420,2420,2420,2420,2420,2420,2420,2420,2420,2420,2420,2420,2420,2420,2420,2420,2420,2420,2420,2420,2420,2420,2420,2420,2420,2420,2420,2420,2420,2420,2420,2420,2420,2420,2420,2420,2420,2420,2420,2420,2420,2420,2420,2420,2420,2420,2420,2420,2420,2420,2420,2420,2420,2420,2420,2420,2420,2420,2420,2420,2420,2420,2420,2420,2420,2420,2420,2420,2420,2420,2420,2420,2420,
size:15
[agent] id:18
path:1945,2052,2053,2054,2055,2056,2057,2058,2059,2060,2061,2062,2063,2064,2065,2066,2067,2068,2069,2070,2071,2072,2073,2074,2075,2076,2077,2078,2079,2080,2081,2082,2083,2084,2085,2086,2087,2088,2089,2090,2091,2092,2093,2094,2095,2096,2097,2098,2099,2100,2101,2102,2103,2104,2105,2106,2107,2108,2109,2110,2111,2112,2113,2114,2115,2116,2117,2118,2119,2120,2121,2122,2123,2124,2125,2232,2339,2446,2447,2448,2449,2450,2451,2344,2237,2130,2131,2132,2133,2134,2134,2134,2134,2134,2134,2134,2134,
goal:2134,2134,2134,2134,2134,2134,2134,2134,2134,2134,2134,2134,2134,2134,2134,2134,2134,2134,2134,2134,2134,2134,2134,2134,2134,2134,2134,2134,2134,2134,2134,2134,2134,2134,2134,2134,2134,2134,2134,2134,2134,2134,2134,2134,2134,2134,2134,2134,2134,2134,2134,2134,2134,2134,2134,2134,2134,2134,2134,2134,2134,2134,2134,2134,2134,2134,2134,2134,2134,2134,2134,2134,2134,2134,2134,2134,2134,2134,2134,2134,2134,2134,2134,2134,2134,2134,2134,2134,2134,2134,2134,2134,2134,2134,2134,2134,2134,
size:89
[agent] id:19
path:3085,2978,2871,2764,2657,2550,2443,2336,2229,2122,2015,2014,2013,2012,2011,2010,2009,2008,2007,2006,2005,2004,2003,2002,2001,2000,1999,1998,1997,1996,1995,1994,1993,1992,1991,1990,1989,1988,1987,1986,1985,1984,1983,1982,1981,1980,1979,1978,1871,1870,1869,1868,1867,1866,1759,1652,1545,1438,1331,1224,1117,1010,903,796,797,798,799,799,799,799,799,799,799,799,799,799,799,799,799,799,799,799,799,799,799,799,799,799,799,799,799,799,799,799,799,799,799,
goal:799,799,799,799,799,799,799,799,799,799,799,799,799,799,799,799,799,799,799,799,799,799,799,799,799,799,799,799,799,799,799,799,799,799,799,799,799,799,799,799,799,799,799,799,799,799,799,799,799,799,799,799,799,799,799,799,799,799,799,799,799,799,799,799,799,799,799,799,799,799,799,799,799,799,799,799,799,799,799,799,799,799,799,799,799,799,799,799,799,799,799,799,799,799,799,799,799,
size:66
SolutionCost:1008
