[setting] seed:40
[solver] type:ECBS
[solver] w:3.000000
[solver] ID:0
[solver] Lowlevelnode:4711
[solver] solved:1
[solver] elapsed:64
[solver] makespan:91
[problem] timesteplimit:10000
[problem] type:MAPF
[problem] agentnum:30
[graph] width:107
[graph] height:47
[graph] filename:./map/orz601d.map
[task] id:13,start:0,end:0,service time:0,nodes:2215,
[task] id:22,start:0,end:0,service time:0,nodes:3130,
[task] id:24,start:0,end:0,service time:0,nodes:2371,
[task] id:7,start:0,end:0,service time:0,nodes:1959,
[task] id:4,start:0,end:0,service time:0,nodes:2529,
[task] id:11,start:0,end:0,service time:0,nodes:606,
[task] id:15,start:0,end:0,service time:0,nodes:1734,
[task] id:20,start:0,end:0,service time:0,nodes:1995,
[task] id:25,start:0,end:0,service time:0,nodes:1878,
[task] id:10,start:0,end:0,service time:0,nodes:707,
[task] id:1,start:0,end:0,service time:0,nodes:3771,
[task] id:8,start:0,end:0,service time:0,nodes:2946,
[task] id:29,start:0,end:0,service time:0,nodes:1796,
[task] id:23,start:0,end:0,service time:0,nodes:822,
[task] id:28,start:0,end:0,service time:0,nodes:671,
[task] id:18,start:0,end:0,service time:0,nodes:1142,
[task] id:2,start:0,end:0,service time:0,nodes:3344,
[task] id:17,start:0,end:0,service time:0,nodes:2079,
[task] id:6,start:0,end:0,service time:0,nodes:2760,
[task] id:16,start:0,end:0,service time:0,nodes:816,
[task] id:3,start:0,end:0,service time:0,nodes:1350,
[task] id:26,start:0,end:0,service time:0,nodes:1809,
[task] id:9,start:0,end:0,service time:0,nodes:2825,
[task] id:0,start:0,end:0,service time:0,nodes:477,
[task] id:12,start:0,end:0,service time:0,nodes:4414,
[task] id:19,start:0,end:0,service time:0,nodes:2913,
[task] id:14,start:0,end:0,service time:0,nodes:2399,
[task] id:27,start:0,end:0,service time:0,nodes:2856,
[task] id:21,start:0,end:0,service time:0,nodes:4131,
[task] id:5,start:0,end:0,service time:0,nodes:4355,
[agent] id:0
path:3920,3813,3706,3599,3600,3601,3494,3387,3280,3173,3066,2959,2852,2745,2638,2531,2424,2317,2210,2103,2102,2101,2100,2099,2098,2097,2096,2095,2094,1987,1986,1985,1984,1983,1982,1981,1980,1979,1978,1871,1870,1869,1868,1867,1866,1759,1652,1545,1438,1331,1224,1117,1010,903,796,689,582,475,476,477,477,477,477,477,477,477,477,477,477,477,477,477,477,477,477,477,477,477,477,477,477,477,477,477,477,477,477,477,477,477,477,477,
goal:477,477,477,477,477,477,477,477,477,477,477,477,477,477,477,477,477,477,477,477,477,477,477,477,477,477,477,477,477,477,477,477,477,477,477,477,477,477,477,477,477,477,477,477,477,477,477,477,477,477,477,477,477,477,477,477,477,477,477,477,477,477,477,477,477,477,477,477,477,477,477,477,477,477,477,477,477,477,477,477,477,477,477,477,477,477,477,477,477,477,477,477,
size:59
[agent] id:1
path:1627,1734,1841,1948,2055,2162,2269,2376,2483,2590,2697,2804,2911,3018,3125,3232,3339,3446,3553,3660,3767,3768,3769,3770,3771,3771,3771,3771,3771,3771,3771,3771,3771,3771,3771,3771,3771,3771,3771,3771,3771,3771,3771,3771,3771,3771,3771,3771,3771,3771,3771,3771,3771,3771,3771,3771,3771,3771,3771,3771,3771,3771,3771,3771,3771,3771,3771,3771,3771,3771,3771,3771,3771,3771,3771,3771,3771,3771,3771,3771,3771,3771,3771,3771,3771,3771,3771,3771,3771,3771,3771,3771,
goal:3771,3771,3771,3771,3771,3771,3771,3771,3771,3771,3771,3771,3771,3771,3771,3771,3771,3771,3771,3771,3771,3771,3771,3771,3771,3771,3771,3771,3771,3771,3771,3771,3771,3771,3771,3771,3771,3771,3771,3771,3771,3771,3771,3771,3771,3771,3771,3771,3771,3771,3771,3771,3771,3771,3771,3771,3771,3771,3771,3771,3771,3771,3771,3771,3771,3771,3771,3771,3771,3771,3771,3771,3771,3771,3771,3771,3771,3771,3771,3771,3771,3771,3771,3771,3771,3771,3771,3771,3771,3771,3771,3771,
size:24
[agent] id:2
path:2300,2407,2514,2621,2728,2835,2942,2941,2940,2939,2938,2937,2936,2935,2934,2933,2932,2931,2930,2929,2928,2927,2926,2925,2924,2923,2922,2921,2920,2919,2918,2917,2917,3024,3131,3238,3345,3344,3344,3344,3344,3344,3344,3344,3344,3344,3344,3344,3344,3344,3344,3344,3344,3344,3344,3344,3344,3344,3344,3344,3344,3344,3344,3344,3344,3344,3344,3344,3344,3344,3344,3344,3344,3344,3344,3344,3344,3344,3344,3344,3344,3344,3344,3344,3344,3344,3344,3344,3344,3344,3344,3344,
goal:3344,3344,3344,3344,3344,3344,3344,3344,3344,3344,3344,3344,3344,3344,3344,3344,3344,3344,3344,3344,3344,3344,3344,3344,3344,3344,3344,3344,3344,3344,3344,3344,3344,3344,3344,3344,3344,3344,3344,3344,3344,3344,3344,3344,3344,3344,3344,3344,3344,3344,3344,3344,3344,3344,3344,3344,3344,3344,3344,3344,3344,3344,3344,3344,3344,3344,3344,3344,3344,3344,3344,3344,3344,3344,3344,3344,3344,3344,3344,3344,3344,3344,3344,3344,3344,3344,3344,3344,3344,3344,3344,3344,
size:37
[agent] id:3
path:1960,1961,1962,1963,1964,1965,1966,1967,1968,1969,1970,1971,1972,1973,1974,1975,1976,1977,1978,1979,1980,1981,1982,1983,1984,1985,1986,1987,1988,1989,1990,1991,1884,1885,1886,1887,1888,1889,1782,1675,1568,1461,1354,1353,1352,1351,1350,1350,1350,1350,1350,1350,1350,1350,1350,1350,1350,1350,1350,1350,1350,1350,1350,1350,1350,1350,1350,1350,1350,1350,1350,1350,1350,1350,1350,1350,1350,1350,1350,1350,1350,1350,1350,1350,1350,1350,1350,1350,1350,1350,1350,1350,
goal:1350,1350,1350,1350,1350,1350,1350,1350,1350,1350,1350,1350,1350,1350,1350,1350,1350,1350,1350,1350,1350,1350,1350,1350,1350,1350,1350,1350,1350,1350,1350,1350,1350,1350,1350,1350,1350,1350,1350,1350,1350,1350,1350,1350,1350,1350,1350,1350,1350,1350,1350,1350,1350,1350,1350,1350,1350,1350,1350,1350,1350,1350,1350,1350,1350,1350,1350,1350,1350,1350,1350,1350,1350,1350,1350,1350,1350,1350,1350,1350,1350,1350,1350,1350,1350,1350,1350,1350,1350,1350,1350,1350,
size:46
[agent] id:4
path:2943,2836,2729,2622,2515,2516,2517,2518,2519,2520,2521,2522,2523,2524,2525,2526,2527,2528,2529,2529,2529,2529,2529,2529,2529,2529,2529,2529,2529,2529,2529,2529,2529,2529,2529,2529,2529,2529,2529,2529,2529,2529,2529,2529,2529,2529,2529,2529,2529,2529,2529,2529,2529,2529,2529,2529,2529,2529,2529,2529,2529,2529,2529,2529,2529,2529,2529,2529,2529,2529,2529,2529,2529,2529,2529,2529,2529,2529,2529,2529,2529,2529,2529,2529,2529,2529,2529,2529,2529,2529,2529,2529,
goal:2529,2529,2529,2529,2529,2529,2529,2529,2529,2529,2529,2529,2529,2529,2529,2529,2529,2529,2529,2529,2529,2529,2529,2529,2529,2529,2529,2529,2529,2529,2529,2529,2529,2529,2529,2529,2529,2529,2529,2529,2529,2529,2529,2529,2529,2529,2529,2529,2529,2529,2529,2529,2529,2529,2529,2529,2529,2529,2529,2529,2529,2529,2529,2529,2529,2529,2529,2529,2529,2529,2529,2529,2529,2529,2529,2529,2529,2529,2529,2529,2529,2529,2529,2529,2529,2529,2529,2529,2529,2529,2529,2529,
size:18
[agent] id:5
path:1826,1933,2040,2147,2254,2361,2468,2469,2470,2471,2472,2473,2474,2475,2476,2477,2478,2585,2692,2799,2906,3013,3014,3015,3016,3017,3018,3019,3020,3021,3022,3023,3024,3025,3026,3027,3028,3029,3030,3031,3032,3033,3034,3035,3036,3037,3038,3039,3040,3041,3042,3043,3044,3045,3046,3047,3048,3049,3050,3051,3052,3053,3054,3055,3056,3057,3058,3059,3060,3061,3062,3169,3170,3171,3172,3173,3280,3387,3494,3601,3708,3815,3922,4029,4136,4243,4350,4351,4352,4353,4354,4355,
goal:4355,4355,4355,4355,4355,4355,4355,4355,4355,4355,4355,4355,4355,4355,4355,4355,4355,4355,4355,4355,4355,4355,4355,4355,4355,4355,4355,4355,4355,4355,4355,4355,4355,4355,4355,4355,4355,4355,4355,4355,4355,4355,4355,4355,4355,4355,4355,4355,4355,4355,4355,4355,4355,4355,4355,4355,4355,4355,4355,4355,4355,4355,4355,4355,4355,4355,4355,4355,4355,4355,4355,4355,4355,4355,4355,4355,4355,4355,4355,4355,4355,4355,4355,4355,4355,4355,4355,4355,4355,4355,4355,4355,
size:91
[agent] id:6
path:2609,2716,2717,2718,2719,2720,2721,2722,2723,2724,2725,2726,2727,2728,2729,2730,2731,2732,2733,2734,2735,2736,2737,2738,2739,2740,2741,2742,2743,2744,2745,2746,2747,2748,2749,2750,2751,2752,2753,2754,2755,2756,2757,2758,2759,2760,2760,2760,2760,2760,2760,2760,2760,2760,2760,2760,2760,2760,2760,2760,2760,2760,2760,2760,2760,2760,2760,2760,2760,2760,2760,2760,2760,2760,2760,2760,2760,2760,2760,2760,2760,2760,2760,2760,2760,2760,2760,2760,2760,2760,2760,2760,
goal:2760,2760,2760,2760,2760,2760,2760,2760,2760,2760,2760,2760,2760,2760,2760,2760,2760,2760,2760,2760,2760,2760,2760,2760,2760,2760,2760,2760,2760,2760,2760,2760,2760,2760,2760,2760,2760,2760,2760,2760,2760,2760,2760,2760,2760,2760,2760,2760,2760,2760,2760,2760,2760,2760,2760,2760,2760,2760,2760,2760,2760,2760,2760,2760,2760,2760,2760,2760,2760,2760,2760,2760,2760,2760,2760,2760,2760,2760,2760,2760,2760,2760,2760,2760,2760,2760,2760,2760,2760,2760,2760,2760,
size:45
[agent] id:7
path:2484,2377,2270,2163,2056,1949,1950,1951,1952,1953,1954,1955,1956,1957,1958,1959,1959,1959,1959,1959,1959,1959,1959,1959,1959,1959,1959,1959,1959,1959,1959,1959,1959,1959,1959,1959,1959,1959,1959,1959,1959,1959,1959,1959,1959,1959,1959,1959,1959,1959,1959,1959,1959,1959,1959,1959,1959,1959,1959,1959,1959,1959,1959,1959,1959,1959,1959,1959,1959,1959,1959,1959,1959,1959,1959,1959,1959,1959,1959,1959,1959,1959,1959,1959,1959,1959,1959,1959,1959,1959,1959,1959,
goal:1959,1959,1959,1959,1959,1959,1959,1959,1959,1959,1959,1959,1959,1959,1959,1959,1959,1959,1959,1959,1959,1959,1959,1959,1959,1959,1959,1959,1959,1959,1959,1959,1959,1959,1959,1959,1959,1959,1959,1959,1959,1959,1959,1959,1959,1959,1959,1959,1959,1959,1959,1959,1959,1959,1959,1959,1959,1959,1959,1959,1959,1959,1959,1959,1959,1959,1959,1959,1959,1959,1959,1959,1959,1959,1959,1959,1959,1959,1959,1959,1959,1959,1959,1959,1959,1959,1959,1959,1959,1959,1959,1959,
size:15
[agent] id:8
path:2756,2863,2970,2969,2968,2967,2966,2965,2964,2963,2962,2961,2960,2959,2958,2957,2956,2955,2954,2953,2952,2951,2950,2949,2948,2947,2946,2946,2946,2946,2946,2946,2946,2946,2946,2946,2946,2946,2946,2946,2946,2946,2946,2946,2946,2946,2946,2946,2946,2946,2946,2946,2946,2946,2946,2946,2946,2946,2946,2946,2946,2946,2946,2946,2946,2946,2946,2946,2946,2946,2946,2946,2946,2946,2946,2946,2946,2946,2946,2946,2946,2946,2946,2946,2946,2946,2946,2946,2946,2946,2946,2946,
goal:2946,2946,2946,2946,2946,2946,2946,2946,2946,2946,2946,2946,2946,2946,2946,2946,2946,2946,2946,2946,2946,2946,2946,2946,2946,2946,2946,2946,2946,2946,2946,2946,2946,2946,2946,2946,2946,2946,2946,2946,2946,2946,2946,2946,2946,2946,2946,2946,2946,2946,2946,2946,2946,2946,2946,2946,2946,2946,2946,2946,2946,2946,2946,2946,2946,2946,2946,2946,2946,2946,2946,2946,2946,2946,2946,2946,2946,2946,2946,2946,2946,2946,2946,2946,2946,2946,2946,2946,2946,2946,2946,2946,
size:26
[agent] id:9
path:2873,2872,2871,2870,2869,2868,2867,2866,2865,2864,2863,2862,2861,2860,2859,2858,2857,2856,2855,2854,2853,2852,2851,2850,2849,2848,2847,2846,2845,2844,2843,2842,2841,2840,2839,2838,2837,2836,2835,2834,2833,2832,2831,2830,2829,2828,2827,2826,2825,2825,2825,2825,2825,2825,2825,2825,2825,2825,2825,2825,2825,2825,2825,2825,2825,2825,2825,2825,2825,2825,2825,2825,2825,2825,2825,2825,2825,2825,2825,2825,2825,2825,2825,2825,2825,2825,2825,2825,2825,2825,2825,2825,
goal:2825,2825,2825,2825,2825,2825,2825,2825,2825,2825,2825,2825,2825,2825,2825,2825,2825,2825,2825,2825,2825,2825,2825,2825,2825,2825,2825,2825,2825,2825,2825,2825,2825,2825,2825,2825,2825,2825,2825,2825,2825,2825,2825,2825,2825,2825,2825,2825,2825,2825,2825,2825,2825,2825,2825,2825,2825,2825,2825,2825,2825,2825,2825,2825,2825,2825,2825,2825,2825,2825,2825,2825,2825,2825,2825,2825,2825,2825,2825,2825,2825,2825,2825,2825,2825,2825,2825,2825,2825,2825,2825,2825,
size:48
[agent] id:10
path:2422,2315,2208,2101,1994,1887,1888,1889,1782,1675,1568,1461,1354,1247,1140,1033,926,819,712,711,710,709,708,707,707,707,707,707,707,707,707,707,707,707,707,707,707,707,707,707,707,707,707,707,707,707,707,707,707,707,707,707,707,707,707,707,707,707,707,707,707,707,707,707,707,707,707,707,707,707,707,707,707,707,707,707,707,707,707,707,707,707,707,707,707,707,707,707,707,707,707,707,
goal:707,707,707,707,707,707,707,707,707,707,707,707,707,707,707,707,707,707,707,707,707,707,707,707,707,707,707,707,707,707,707,707,707,707,707,707,707,707,707,707,707,707,707,707,707,707,707,707,707,707,707,707,707,707,707,707,707,707,707,707,707,707,707,707,707,707,707,707,707,707,707,707,707,707,707,707,707,707,707,707,707,707,707,707,707,707,707,707,707,707,707,707,
size:23
[agent] id:11
path:2636,2529,2422,2315,2208,2101,1994,1887,1888,1889,1782,1675,1568,1461,1354,1247,1140,1033,926,819,712,605,606,606,606,606,606,606,606,606,606,606,606,606,606,606,606,606,606,606,606,606,606,606,606,606,606,606,606,606,606,606,606,606,606,606,606,606,606,606,606,606,606,606,606,606,606,606,606,606,606,606,606,606,606,606,606,606,606,606,606,606,606,606,606,606,606,606,606,606,606,606,
goal:606,606,606,606,606,606,606,606,606,606,606,606,606,606,606,606,606,606,606,606,606,606,606,606,606,606,606,606,606,606,606,606,606,606,606,606,606,606,606,606,606,606,606,606,606,606,606,606,606,606,606,606,606,606,606,606,606,606,606,606,606,606,606,606,606,606,606,606,606,606,606,606,606,606,606,606,606,606,606,606,606,606,606,606,606,606,606,606,606,606,606,606,
size:22
[agent] id:12
path:1117,1224,1331,1438,1545,1652,1759,1866,1865,1972,2079,2186,2293,2400,2507,2614,2721,2828,2935,2934,2933,2932,2931,2930,2929,2928,2927,2926,2925,2924,2923,2922,2921,2920,2919,2918,3025,3024,3131,3238,3237,3236,3343,3342,3341,3340,3447,3554,3661,3768,3875,3982,4089,4196,4303,4410,4411,4412,4413,4414,4414,4414,4414,4414,4414,4414,4414,4414,4414,4414,4414,4414,4414,4414,4414,4414,4414,4414,4414,4414,4414,4414,4414,4414,4414,4414,4414,4414,4414,4414,4414,4414,
goal:4414,4414,4414,4414,4414,4414,4414,4414,4414,4414,4414,4414,4414,4414,4414,4414,4414,4414,4414,4414,4414,4414,4414,4414,4414,4414,4414,4414,4414,4414,4414,4414,4414,4414,4414,4414,4414,4414,4414,4414,4414,4414,4414,4414,4414,4414,4414,4414,4414,4414,4414,4414,4414,4414,4414,4414,4414,4414,4414,4414,4414,4414,4414,4414,4414,4414,4414,4414,4414,4414,4414,4414,4414,4414,4414,4414,4414,4414,4414,4414,4414,4414,4414,4414,4414,4414,4414,4414,4414,4414,4414,4414,
size:59
[agent] id:13
path:2003,2110,2217,2216,2215,2215,2215,2215,2215,2215,2215,2215,2215,2215,2215,2215,2215,2215,2215,2215,2215,2215,2215,2215,2215,2215,2215,2215,2215,2215,2215,2215,2215,2215,2215,2215,2215,2215,2215,2215,2215,2215,2215,2215,2215,2215,2215,2215,2215,2215,2215,2215,2215,2215,2215,2215,2215,2215,2215,2215,2215,2215,2215,2215,2215,2215,2215,2215,2215,2215,2215,2215,2215,2215,2215,2215,2215,2215,2215,2215,2215,2215,2215,2215,2215,2215,2215,2215,2215,2215,2215,2215,
goal:2215,2215,2215,2215,2215,2215,2215,2215,2215,2215,2215,2215,2215,2215,2215,2215,2215,2215,2215,2215,2215,2215,2215,2215,2215,2215,2215,2215,2215,2215,2215,2215,2215,2215,2215,2215,2215,2215,2215,2215,2215,2215,2215,2215,2215,2215,2215,2215,2215,2215,2215,2215,2215,2215,2215,2215,2215,2215,2215,2215,2215,2215,2215,2215,2215,2215,2215,2215,2215,2215,2215,2215,2215,2215,2215,2215,2215,2215,2215,2215,2215,2215,2215,2215,2215,2215,2215,2215,2215,2215,2215,2215,
size:4
[agent] id:14
path:3097,2990,2883,2776,2669,2562,2561,2560,2559,2558,2557,2556,2555,2554,2553,2552,2551,2550,2549,2548,2547,2546,2545,2544,2543,2542,2435,2434,2433,2432,2431,2430,2429,2428,2427,2426,2425,2424,2423,2422,2421,2420,2419,2418,2417,2416,2415,2414,2413,2412,2411,2410,2409,2408,2407,2406,2405,2404,2403,2402,2401,2400,2399,2399,2399,2399,2399,2399,2399,2399,2399,2399,2399,2399,2399,2399,2399,2399,2399,2399,2399,2399,2399,2399,2399,2399,2399,2399,2399,2399,2399,2399,
goal:2399,2399,2399,2399,2399,2399,2399,2399,2399,2399,2399,2399,2399,2399,2399,2399,2399,2399,2399,2399,2399,2399,2399,2399,2399,2399,2399,2399,2399,2399,2399,2399,2399,2399,2399,2399,2399,2399,2399,2399,2399,2399,2399,2399,2399,2399,2399,2399,2399,2399,2399,2399,2399,2399,2399,2399,2399,2399,2399,2399,2399,2399,2399,2399,2399,2399,2399,2399,2399,2399,2399,2399,2399,2399,2399,2399,2399,2399,2399,2399,2399,2399,2399,2399,2399,2399,2399,2399,2399,2399,2399,2399,
size:62
[agent] id:15
path:3028,2921,2814,2707,2600,2493,2386,2279,2172,2065,2064,2063,2062,1955,1954,1847,1846,1845,1844,1843,1842,1735,1734,1734,1734,1734,1734,1734,1734,1734,1734,1734,1734,1734,1734,1734,1734,1734,1734,1734,1734,1734,1734,1734,1734,1734,1734,1734,1734,1734,1734,1734,1734,1734,1734,1734,1734,1734,1734,1734,1734,1734,1734,1734,1734,1734,1734,1734,1734,1734,1734,1734,1734,1734,1734,1734,1734,1734,1734,1734,1734,1734,1734,1734,1734,1734,1734,1734,1734,1734,1734,1734,
goal:1734,1734,1734,1734,1734,1734,1734,1734,1734,1734,1734,1734,1734,1734,1734,1734,1734,1734,1734,1734,1734,1734,1734,1734,1734,1734,1734,1734,1734,1734,1734,1734,1734,1734,1734,1734,1734,1734,1734,1734,1734,1734,1734,1734,1734,1734,1734,1734,1734,1734,1734,1734,1734,1734,1734,1734,1734,1734,1734,1734,1734,1734,1734,1734,1734,1734,1734,1734,1734,1734,1734,1734,1734,1734,1734,1734,1734,1734,1734,1734,1734,1734,1734,1734,1734,1734,1734,1734,1734,1734,1734,1734,
size:22
[agent] id:16
path:2289,2182,2075,1968,1969,1970,1971,1972,1973,1974,1975,1976,1977,1978,1979,1980,1981,1982,1983,1984,1985,1986,1987,1988,1989,1990,1991,1884,1885,1886,1887,1888,1889,1782,1675,1568,1461,1354,1247,1140,1033,926,819,818,817,816,816,816,816,816,816,816,816,816,816,816,816,816,816,816,816,816,816,816,816,816,816,816,816,816,816,816,816,816,816,816,816,816,816,816,816,816,816,816,816,816,816,816,816,816,816,816,
goal:816,816,816,816,816,816,816,816,816,816,816,816,816,816,816,816,816,816,816,816,816,816,816,816,816,816,816,816,816,816,816,816,816,816,816,816,816,816,816,816,816,816,816,816,816,816,816,816,816,816,816,816,816,816,816,816,816,816,816,816,816,816,816,816,816,816,816,816,816,816,816,816,816,816,816,816,816,816,816,816,816,816,816,816,816,816,816,816,816,816,816,816,
size:45
[agent] id:17
path:3925,3818,3711,3604,3603,3602,3495,3388,3281,3174,3067,2960,2853,2746,2639,2532,2425,2318,2211,2104,2103,2102,2101,2100,2099,2098,2097,2096,2095,2094,2093,2092,2091,2090,2089,2088,2087,2086,2085,2084,2083,2082,2081,2080,2079,2079,2079,2079,2079,2079,2079,2079,2079,2079,2079,2079,2079,2079,2079,2079,2079,2079,2079,2079,2079,2079,2079,2079,2079,2079,2079,2079,2079,2079,2079,2079,2079,2079,2079,2079,2079,2079,2079,2079,2079,2079,2079,2079,2079,2079,2079,2079,
goal:2079,2079,2079,2079,2079,2079,2079,2079,2079,2079,2079,2079,2079,2079,2079,2079,2079,2079,2079,2079,2079,2079,2079,2079,2079,2079,2079,2079,2079,2079,2079,2079,2079,2079,2079,2079,2079,2079,2079,2079,2079,2079,2079,2079,2079,2079,2079,2079,2079,2079,2079,2079,2079,2079,2079,2079,2079,2079,2079,2079,2079,2079,2079,2079,2079,2079,2079,2079,2079,2079,2079,2079,2079,2079,2079,2079,2079,2079,2079,2079,2079,2079,2079,2079,2079,2079,2079,2079,2079,2079,2079,2079,
size:44
[agent] id:18
path:4249,4142,4035,3928,3821,3714,3607,3606,3605,3604,3603,3602,3495,3388,3281,3174,3067,2960,2853,2746,2639,2532,2425,2318,2211,2104,1997,1890,1783,1676,1569,1462,1355,1248,1141,1142,1142,1142,1142,1142,1142,1142,1142,1142,1142,1142,1142,1142,1142,1142,1142,1142,1142,1142,1142,1142,1142,1142,1142,1142,1142,1142,1142,1142,1142,1142,1142,1142,1142,1142,1142,1142,1142,1142,1142,1142,1142,1142,1142,1142,1142,1142,1142,1142,1142,1142,1142,1142,1142,1142,1142,1142,
goal:1142,1142,1142,1142,1142,1142,1142,1142,1142,1142,1142,1142,1142,1142,1142,1142,1142,1142,1142,1142,1142,1142,1142,1142,1142,1142,1142,1142,1142,1142,1142,1142,1142,1142,1142,1142,1142,1142,1142,1142,1142,1142,1142,1142,1142,1142,1142,1142,1142,1142,1142,1142,1142,1142,1142,1142,1142,1142,1142,1142,1142,1142,1142,1142,1142,1142,1142,1142,1142,1142,1142,1142,1142,1142,1142,1142,1142,1142,1142,1142,1142,1142,1142,1142,1142,1142,1142,1142,1142,1142,1142,1142,
size:35
[agent] id:19
path:4133,4026,3919,3812,3705,3598,3599,3600,3601,3494,3387,3280,3173,3066,3065,3064,3063,3062,3061,3060,3059,3058,3057,3056,3055,3054,3053,3052,2945,2944,2943,2942,2941,2940,2939,2938,2937,2936,2935,2934,2933,2932,2931,2930,2929,2928,2927,2926,2925,2924,2923,2922,2921,2920,2919,2918,2917,2916,2915,2914,2913,2913,2913,2913,2913,2913,2913,2913,2913,2913,2913,2913,2913,2913,2913,2913,2913,2913,2913,2913,2913,2913,2913,2913,2913,2913,2913,2913,2913,2913,2913,2913,
goal:2913,2913,2913,2913,2913,2913,2913,2913,2913,2913,2913,2913,2913,2913,2913,2913,2913,2913,2913,2913,2913,2913,2913,2913,2913,2913,2913,2913,2913,2913,2913,2913,2913,2913,2913,2913,2913,2913,2913,2913,2913,2913,2913,2913,2913,2913,2913,2913,2913,2913,2913,2913,2913,2913,2913,2913,2913,2913,2913,2913,2913,2913,2913,2913,2913,2913,2913,2913,2913,2913,2913,2913,2913,2913,2913,2913,2913,2913,2913,2913,2913,2913,2913,2913,2913,2913,2913,2913,2913,2913,2913,2913,
size:60
[agent] id:20
path:2513,2406,2299,2192,2085,1978,1979,1980,1981,1982,1983,1984,1985,1986,1987,1988,1989,1990,1991,1992,1993,1994,1995,1995,1995,1995,1995,1995,1995,1995,1995,1995,1995,1995,1995,1995,1995,1995,1995,1995,1995,1995,1995,1995,1995,1995,1995,1995,1995,1995,1995,1995,1995,1995,1995,1995,1995,1995,1995,1995,1995,1995,1995,1995,1995,1995,1995,1995,1995,1995,1995,1995,1995,1995,1995,1995,1995,1995,1995,1995,1995,1995,1995,1995,1995,1995,1995,1995,1995,1995,1995,1995,
goal:1995,1995,1995,1995,1995,1995,1995,1995,1995,1995,1995,1995,1995,1995,1995,1995,1995,1995,1995,1995,1995,1995,1995,1995,1995,1995,1995,1995,1995,1995,1995,1995,1995,1995,1995,1995,1995,1995,1995,1995,1995,1995,1995,1995,1995,1995,1995,1995,1995,1995,1995,1995,1995,1995,1995,1995,1995,1995,1995,1995,1995,1995,1995,1995,1995,1995,1995,1995,1995,1995,1995,1995,1995,1995,1995,1995,1995,1995,1995,1995,1995,1995,1995,1995,1995,1995,1995,1995,1995,1995,1995,1995,
size:22
[agent] id:21
path:4308,4201,4094,4093,4092,4091,3984,3877,3770,3769,3768,3661,3554,3447,3340,3341,3342,3343,3344,3345,3238,3131,3024,3025,3026,3027,3028,3029,3030,3031,3032,3033,3034,3035,3036,3037,3038,3039,3040,3041,3042,3043,3044,3045,3046,3047,3048,3049,3050,3051,3052,3053,3054,3055,3056,3057,3058,3059,3060,3061,3062,3169,3170,3171,3172,3173,3280,3387,3494,3601,3708,3815,3922,4029,4136,4135,4134,4133,4132,4131,4131,4131,4131,4131,4131,4131,4131,4131,4131,4131,4131,4131,
goal:4131,4131,4131,4131,4131,4131,4131,4131,4131,4131,4131,4131,4131,4131,4131,4131,4131,4131,4131,4131,4131,4131,4131,4131,4131,4131,4131,4131,4131,4131,4131,4131,4131,4131,4131,4131,4131,4131,4131,4131,4131,4131,4131,4131,4131,4131,4131,4131,4131,4131,4131,4131,4131,4131,4131,4131,4131,4131,4131,4131,4131,4131,4131,4131,4131,4131,4131,4131,4131,4131,4131,4131,4131,4131,4131,4131,4131,4131,4131,4131,4131,4131,4131,4131,4131,4131,4131,4131,4131,4131,4131,4131,
size:79
[agent] id:22
path:2488,2595,2702,2809,2916,3023,3130,3130,3130,3130,3130,3130,3130,3130,3130,3130,3130,3130,3130,3130,3130,3130,3130,3130,3130,3130,3130,3130,3130,3130,3130,3130,3130,3130,3130,3130,3130,3130,3130,3130,3130,3130,3130,3130,3130,3130,3130,3130,3130,3130,3130,3130,3130,3130,3130,3130,3130,3130,3130,3130,3130,3130,3130,3130,3130,3130,3130,3130,3130,3130,3130,3130,3130,3130,3130,3130,3130,3130,3130,3130,3130,3130,3130,3130,3130,3130,3130,3130,3130,3130,3130,3130,
goal:3130,3130,3130,3130,3130,3130,3130,3130,3130,3130,3130,3130,3130,3130,3130,3130,3130,3130,3130,3130,3130,3130,3130,3130,3130,3130,3130,3130,3130,3130,3130,3130,3130,3130,3130,3130,3130,3130,3130,3130,3130,3130,3130,3130,3130,3130,3130,3130,3130,3130,3130,3130,3130,3130,3130,3130,3130,3130,3130,3130,3130,3130,3130,3130,3130,3130,3130,3130,3130,3130,3130,3130,3130,3130,3130,3130,3130,3130,3130,3130,3130,3130,3130,3130,3130,3130,3130,3130,3130,3130,3130,3130,
size:6
[agent] id:23
path:2735,2628,2521,2414,2307,2200,2093,1986,1987,1988,1989,1990,1991,1884,1885,1886,1887,1888,1889,1782,1675,1568,1461,1354,1247,1140,1033,926,819,820,821,822,822,822,822,822,822,822,822,822,822,822,822,822,822,822,822,822,822,822,822,822,822,822,822,822,822,822,822,822,822,822,822,822,822,822,822,822,822,822,822,822,822,822,822,822,822,822,822,822,822,822,822,822,822,822,822,822,822,822,822,822,
goal:822,822,822,822,822,822,822,822,822,822,822,822,822,822,822,822,822,822,822,822,822,822,822,822,822,822,822,822,822,822,822,822,822,822,822,822,822,822,822,822,822,822,822,822,822,822,822,822,822,822,822,822,822,822,822,822,822,822,822,822,822,822,822,822,822,822,822,822,822,822,822,822,822,822,822,822,822,822,822,822,822,822,822,822,822,822,822,822,822,822,822,822,
size:31
[agent] id:24
path:2802,2695,2588,2481,2374,2373,2372,2371,2371,2371,2371,2371,2371,2371,2371,2371,2371,2371,2371,2371,2371,2371,2371,2371,2371,2371,2371,2371,2371,2371,2371,2371,2371,2371,2371,2371,2371,2371,2371,2371,2371,2371,2371,2371,2371,2371,2371,2371,2371,2371,2371,2371,2371,2371,2371,2371,2371,2371,2371,2371,2371,2371,2371,2371,2371,2371,2371,2371,2371,2371,2371,2371,2371,2371,2371,2371,2371,2371,2371,2371,2371,2371,2371,2371,2371,2371,2371,2371,2371,2371,2371,2371,
goal:2371,2371,2371,2371,2371,2371,2371,2371,2371,2371,2371,2371,2371,2371,2371,2371,2371,2371,2371,2371,2371,2371,2371,2371,2371,2371,2371,2371,2371,2371,2371,2371,2371,2371,2371,2371,2371,2371,2371,2371,2371,2371,2371,2371,2371,2371,2371,2371,2371,2371,2371,2371,2371,2371,2371,2371,2371,2371,2371,2371,2371,2371,2371,2371,2371,2371,2371,2371,2371,2371,2371,2371,2371,2371,2371,2371,2371,2371,2371,2371,2371,2371,2371,2371,2371,2371,2371,2371,2371,2371,2371,2371,
size:7
[agent] id:25
path:2288,2181,2074,1967,1968,1969,1970,1971,1972,1973,1974,1975,1976,1977,1978,1979,1980,1981,1982,1983,1876,1877,1878,1878,1878,1878,1878,1878,1878,1878,1878,1878,1878,1878,1878,1878,1878,1878,1878,1878,1878,1878,1878,1878,1878,1878,1878,1878,1878,1878,1878,1878,1878,1878,1878,1878,1878,1878,1878,1878,1878,1878,1878,1878,1878,1878,1878,1878,1878,1878,1878,1878,1878,1878,1878,1878,1878,1878,1878,1878,1878,1878,1878,1878,1878,1878,1878,1878,1878,1878,1878,1878,
goal:1878,1878,1878,1878,1878,1878,1878,1878,1878,1878,1878,1878,1878,1878,1878,1878,1878,1878,1878,1878,1878,1878,1878,1878,1878,1878,1878,1878,1878,1878,1878,1878,1878,1878,1878,1878,1878,1878,1878,1878,1878,1878,1878,1878,1878,1878,1878,1878,1878,1878,1878,1878,1878,1878,1878,1878,1878,1878,1878,1878,1878,1878,1878,1878,1878,1878,1878,1878,1878,1878,1878,1878,1878,1878,1878,1878,1878,1878,1878,1878,1878,1878,1878,1878,1878,1878,1878,1878,1878,1878,1878,1878,
size:22
[agent] id:26
path:2951,2844,2737,2630,2523,2416,2417,2418,2419,2420,2421,2422,2423,2424,2425,2426,2427,2428,2429,2430,2431,2432,2433,2434,2435,2436,2437,2438,2439,2440,2441,2442,2443,2444,2445,2446,2447,2448,2449,2450,2451,2344,2237,2130,2023,1916,1809,1809,1809,1809,1809,1809,1809,1809,1809,1809,1809,1809,1809,1809,1809,1809,1809,1809,1809,1809,1809,1809,1809,1809,1809,1809,1809,1809,1809,1809,1809,1809,1809,1809,1809,1809,1809,1809,1809,1809,1809,1809,1809,1809,1809,1809,
goal:1809,1809,1809,1809,1809,1809,1809,1809,1809,1809,1809,1809,1809,1809,1809,1809,1809,1809,1809,1809,1809,1809,1809,1809,1809,1809,1809,1809,1809,1809,1809,1809,1809,1809,1809,1809,1809,1809,1809,1809,1809,1809,1809,1809,1809,1809,1809,1809,1809,1809,1809,1809,1809,1809,1809,1809,1809,1809,1809,1809,1809,1809,1809,1809,1809,1809,1809,1809,1809,1809,1809,1809,1809,1809,1809,1809,1809,1809,1809,1809,1809,1809,1809,1809,1809,1809,1809,1809,1809,1809,1809,1809,
size:46
[agent] id:27
path:873,980,1087,1194,1301,1302,1409,1410,1411,1412,1413,1520,1627,1734,1735,1842,1949,2056,2163,2270,2377,2484,2591,2698,2699,2700,2701,2702,2703,2704,2705,2706,2707,2708,2709,2710,2711,2712,2713,2714,2715,2716,2717,2718,2719,2720,2721,2828,2829,2830,2831,2832,2833,2834,2835,2836,2837,2838,2839,2840,2841,2842,2843,2844,2845,2846,2847,2848,2849,2850,2851,2852,2853,2854,2855,2856,2856,2856,2856,2856,2856,2856,2856,2856,2856,2856,2856,2856,2856,2856,2856,2856,
goal:2856,2856,2856,2856,2856,2856,2856,2856,2856,2856,2856,2856,2856,2856,2856,2856,2856,2856,2856,2856,2856,2856,2856,2856,2856,2856,2856,2856,2856,2856,2856,2856,2856,2856,2856,2856,2856,2856,2856,2856,2856,2856,2856,2856,2856,2856,2856,2856,2856,2856,2856,2856,2856,2856,2856,2856,2856,2856,2856,2856,2856,2856,2856,2856,2856,2856,2856,2856,2856,2856,2856,2856,2856,2856,2856,2856,2856,2856,2856,2856,2856,2856,2856,2856,2856,2856,2856,2856,2856,2856,2856,2856,
size:75
[agent] id:28
path:2368,2369,2370,2371,2264,2157,2050,1943,1836,1837,1838,1839,1840,1841,1734,1627,1520,1413,1306,1199,1092,985,878,771,664,665,666,667,668,669,670,671,671,671,671,671,671,671,671,671,671,671,671,671,671,671,671,671,671,671,671,671,671,671,671,671,671,671,671,671,671,671,671,671,671,671,671,671,671,671,671,671,671,671,671,671,671,671,671,671,671,671,671,671,671,671,671,671,671,671,671,671,
goal:671,671,671,671,671,671,671,671,671,671,671,671,671,671,671,671,671,671,671,671,671,671,671,671,671,671,671,671,671,671,671,671,671,671,671,671,671,671,671,671,671,671,671,671,671,671,671,671,671,671,671,671,671,671,671,671,671,671,671,671,671,671,671,671,671,671,671,671,671,671,671,671,671,671,671,671,671,671,671,671,671,671,671,671,671,671,671,671,671,671,671,671,
size:31
[agent] id:29
path:3062,2955,2848,2741,2634,2527,2420,2313,2206,2099,1992,1993,1994,1995,1996,1997,1998,1999,2000,2001,2002,2003,2004,2005,2006,2007,1900,1901,1794,1795,1796,1796,1796,1796,1796,1796,1796,1796,1796,1796,1796,1796,1796,1796,1796,1796,1796,1796,1796,1796,1796,1796,1796,1796,1796,1796,1796,1796,1796,1796,1796,1796,1796,1796,1796,1796,1796,1796,1796,1796,1796,1796,1796,1796,1796,1796,1796,1796,1796,1796,1796,1796,1796,1796,1796,1796,1796,1796,1796,1796,1796,1796,
goal:1796,1796,1796,1796,1796,1796,1796,1796,1796,1796,1796,1796,1796,1796,1796,1796,1796,1796,1796,1796,1796,1796,1796,1796,1796,1796,1796,1796,1796,1796,1796,1796,1796,1796,1796,1796,1796,1796,1796,1796,1796,1796,1796,1796,1796,1796,1796,1796,1796,1796,1796,1796,1796,1796,1796,1796,1796,1796,1796,1796,1796,1796,1796,1796,1796,1796,1796,1796,1796,1796,1796,1796,1796,1796,1796,1796,1796,1796,1796,1796,1796,1796,1796,1796,1796,1796,1796,1796,1796,1796,1796,1796,
size:30
SolutionCost:1134
