[setting] seed:26
[solver] type:ECBS
[solver] w:3.000000
[solver] ID:0
[solver] Lowlevelnode:5940
[solver] solved:1
[solver] elapsed:52
[solver] makespan:80
[problem] timesteplimit:10000
[problem] type:MAPF
[problem] agentnum:10
[graph] width:107
[graph] height:47
[graph] filename:./map/orz601d.map
[task] id:2,start:0,end:0,service time:0,nodes:903,
[task] id:3,start:0,end:0,service time:0,nodes:1222,
[task] id:7,start:0,end:0,service time:0,nodes:2706,
[task] id:6,start:0,end:0,service time:0,nodes:3055,
[task] id:0,start:0,end:0,service time:0,nodes:2739,
[task] id:5,start:0,end:0,service time:0,nodes:4350,
[task] id:4,start:0,end:0,service time:0,nodes:3138,
[task] id:8,start:0,end:0,service time:0,nodes:2540,
[task] id:1,start:0,end:0,service time:0,nodes:2758,
[task] id:9,start:0,end:0,service time:0,nodes:2059,
[agent] id:0
path:1949,2056,2163,2270,2377,2484,2591,2698,2699,2700,2701,2702,2703,2704,2705,2706,2707,2708,2709,2710,2711,2712,2713,2714,2715,2716,2717,2718,2719,2720,2721,2722,2723,2724,2725,2726,2727,2728,2729,2730,2731,2732,2733,2734,2735,2736,2737,2738,2739,2739,2739,2739,2739,2739,2739,2739,2739,2739,2739,2739,2739,2739,2739,2739,2739,2739,2739,2739,2739,2739,2739,2739,2739,2739,2739,2739,2739,2739,2739,2739,2739,
goal:2739,2739,2739,2739,2739,2739,2739,2739,2739,2739,2739,2739,2739,2739,2739,2739,2739,2739,2739,2739,2739,2739,2739,2739,2739,2739,2739,2739,2739,2739,2739,2739,2739,2739,2739,2739,2739,2739,2739,2739,2739,2739,2739,2739,2739,2739,2739,2739,2739,2739,2739,2739,2739,2739,2739,2739,2739,2739,2739,2739,2739,2739,2739,2739,2739,2739,2739,2739,2739,2739,2739,2739,2739,2739,2739,2739,2739,2739,2739,2739,2739,
size:48
[agent] id:1
path:1415,1414,1521,1628,1735,1842,1949,2056,2163,2270,2377,2484,2485,2486,2487,2488,2489,2490,2491,2492,2493,2494,2495,2496,2497,2498,2499,2500,2501,2502,2609,2610,2611,2612,2613,2614,2615,2616,2617,2618,2619,2620,2621,2622,2623,2624,2625,2626,2627,2628,2629,2630,2631,2632,2633,2740,2741,2742,2743,2744,2745,2746,2747,2748,2749,2750,2751,2752,2753,2754,2755,2756,2757,2758,2758,2758,2758,2758,2758,2758,2758,
goal:2758,2758,2758,2758,2758,2758,2758,2758,2758,2758,2758,2758,2758,2758,2758,2758,2758,2758,2758,2758,2758,2758,2758,2758,2758,2758,2758,2758,2758,2758,2758,2758,2758,2758,2758,2758,2758,2758,2758,2758,2758,2758,2758,2758,2758,2758,2758,2758,2758,2758,2758,2758,2758,2758,2758,2758,2758,2758,2758,2758,2758,2758,2758,2758,2758,2758,2758,2758,2758,2758,2758,2758,2758,2758,2758,2758,2758,2758,2758,2758,2758,
size:73
[agent] id:2
path:2175,2068,1961,1962,1963,1964,1965,1966,1967,1860,1861,1862,1863,1864,1865,1758,1651,1544,1437,1330,1223,1116,1009,902,903,903,903,903,903,903,903,903,903,903,903,903,903,903,903,903,903,903,903,903,903,903,903,903,903,903,903,903,903,903,903,903,903,903,903,903,903,903,903,903,903,903,903,903,903,903,903,903,903,903,903,903,903,903,903,903,903,
goal:903,903,903,903,903,903,903,903,903,903,903,903,903,903,903,903,903,903,903,903,903,903,903,903,903,903,903,903,903,903,903,903,903,903,903,903,903,903,903,903,903,903,903,903,903,903,903,903,903,903,903,903,903,903,903,903,903,903,903,903,903,903,903,903,903,903,903,903,903,903,903,903,903,903,903,903,903,903,903,903,903,
size:24
[agent] id:3
path:2278,2171,2064,1957,1958,1959,1960,1961,1962,1963,1964,1965,1966,1967,1860,1861,1862,1863,1864,1865,1758,1651,1544,1437,1330,1223,1222,1222,1222,1222,1222,1222,1222,1222,1222,1222,1222,1222,1222,1222,1222,1222,1222,1222,1222,1222,1222,1222,1222,1222,1222,1222,1222,1222,1222,1222,1222,1222,1222,1222,1222,1222,1222,1222,1222,1222,1222,1222,1222,1222,1222,1222,1222,1222,1222,1222,1222,1222,1222,1222,1222,
goal:1222,1222,1222,1222,1222,1222,1222,1222,1222,1222,1222,1222,1222,1222,1222,1222,1222,1222,1222,1222,1222,1222,1222,1222,1222,1222,1222,1222,1222,1222,1222,1222,1222,1222,1222,1222,1222,1222,1222,1222,1222,1222,1222,1222,1222,1222,1222,1222,1222,1222,1222,1222,1222,1222,1222,1222,1222,1222,1222,1222,1222,1222,1222,1222,1222,1222,1222,1222,1222,1222,1222,1222,1222,1222,1222,1222,1222,1222,1222,1222,1222,
size:26
[agent] id:4
path:2977,2976,2975,2974,2973,2972,2971,2970,2969,2968,2967,2966,2965,2964,2963,2962,2961,2960,2959,2958,2957,2956,2955,2954,2953,2952,2951,2950,2949,2948,2947,2946,2945,2944,2943,3050,3049,3048,3047,3046,3045,3044,3043,3042,3041,3040,3039,3038,3037,3036,3143,3142,3141,3140,3139,3138,3138,3138,3138,3138,3138,3138,3138,3138,3138,3138,3138,3138,3138,3138,3138,3138,3138,3138,3138,3138,3138,3138,3138,3138,3138,
goal:3138,3138,3138,3138,3138,3138,3138,3138,3138,3138,3138,3138,3138,3138,3138,3138,3138,3138,3138,3138,3138,3138,3138,3138,3138,3138,3138,3138,3138,3138,3138,3138,3138,3138,3138,3138,3138,3138,3138,3138,3138,3138,3138,3138,3138,3138,3138,3138,3138,3138,3138,3138,3138,3138,3138,3138,3138,3138,3138,3138,3138,3138,3138,3138,3138,3138,3138,3138,3138,3138,3138,3138,3138,3138,3138,3138,3138,3138,3138,3138,3138,
size:55
[agent] id:5
path:2240,2347,2454,2561,2668,2667,2666,2665,2664,2663,2662,2661,2660,2767,2874,2981,3088,3087,3086,3085,3084,3083,3082,3081,3080,3079,3078,3077,3076,3075,3074,3073,3072,3179,3178,3177,3176,3175,3174,3281,3388,3495,3602,3709,3816,3923,4030,4137,4244,4351,4350,4350,4350,4350,4350,4350,4350,4350,4350,4350,4350,4350,4350,4350,4350,4350,4350,4350,4350,4350,4350,4350,4350,4350,4350,4350,4350,4350,4350,4350,4350,
goal:4350,4350,4350,4350,4350,4350,4350,4350,4350,4350,4350,4350,4350,4350,4350,4350,4350,4350,4350,4350,4350,4350,4350,4350,4350,4350,4350,4350,4350,4350,4350,4350,4350,4350,4350,4350,4350,4350,4350,4350,4350,4350,4350,4350,4350,4350,4350,4350,4350,4350,4350,4350,4350,4350,4350,4350,4350,4350,4350,4350,4350,4350,4350,4350,4350,4350,4350,4350,4350,4350,4350,4350,4350,4350,4350,4350,4350,4350,4350,4350,4350,
size:50
[agent] id:6
path:3124,3017,3018,3019,3020,3021,3022,3023,3024,3025,3026,3027,3028,3029,3030,3031,3032,3033,3034,3035,3036,3037,3038,3039,3040,3041,3042,3043,3044,3045,3046,3047,3048,3049,3050,3051,3052,3053,3054,3055,3055,3055,3055,3055,3055,3055,3055,3055,3055,3055,3055,3055,3055,3055,3055,3055,3055,3055,3055,3055,3055,3055,3055,3055,3055,3055,3055,3055,3055,3055,3055,3055,3055,3055,3055,3055,3055,3055,3055,3055,3055,
goal:3055,3055,3055,3055,3055,3055,3055,3055,3055,3055,3055,3055,3055,3055,3055,3055,3055,3055,3055,3055,3055,3055,3055,3055,3055,3055,3055,3055,3055,3055,3055,3055,3055,3055,3055,3055,3055,3055,3055,3055,3055,3055,3055,3055,3055,3055,3055,3055,3055,3055,3055,3055,3055,3055,3055,3055,3055,3055,3055,3055,3055,3055,3055,3055,3055,3055,3055,3055,3055,3055,3055,3055,3055,3055,3055,3055,3055,3055,3055,3055,3055,
size:39
[agent] id:7
path:2528,2635,2634,2633,2632,2631,2630,2629,2628,2627,2626,2625,2624,2623,2622,2621,2620,2619,2618,2617,2616,2615,2614,2613,2612,2611,2610,2609,2608,2607,2606,2713,2712,2711,2710,2709,2708,2707,2706,2706,2706,2706,2706,2706,2706,2706,2706,2706,2706,2706,2706,2706,2706,2706,2706,2706,2706,2706,2706,2706,2706,2706,2706,2706,2706,2706,2706,2706,2706,2706,2706,2706,2706,2706,2706,2706,2706,2706,2706,2706,2706,
goal:2706,2706,2706,2706,2706,2706,2706,2706,2706,2706,2706,2706,2706,2706,2706,2706,2706,2706,2706,2706,2706,2706,2706,2706,2706,2706,2706,2706,2706,2706,2706,2706,2706,2706,2706,2706,2706,2706,2706,2706,2706,2706,2706,2706,2706,2706,2706,2706,2706,2706,2706,2706,2706,2706,2706,2706,2706,2706,2706,2706,2706,2706,2706,2706,2706,2706,2706,2706,2706,2706,2706,2706,2706,2706,2706,2706,2706,2706,2706,2706,2706,
size:38
[agent] id:8
path:2364,2471,2472,2473,2474,2475,2476,2477,2478,2479,2480,2481,2482,2483,2484,2485,2486,2487,2488,2489,2490,2491,2492,2493,2494,2495,2496,2497,2498,2499,2500,2501,2502,2503,2504,2505,2506,2507,2508,2509,2510,2511,2512,2513,2514,2515,2516,2517,2518,2519,2520,2521,2522,2523,2524,2525,2526,2527,2528,2529,2530,2531,2532,2533,2534,2535,2536,2537,2538,2539,2540,2540,2540,2540,2540,2540,2540,2540,2540,2540,2540,
goal:2540,2540,2540,2540,2540,2540,2540,2540,2540,2540,2540,2540,2540,2540,2540,2540,2540,2540,2540,2540,2540,2540,2540,2540,2540,2540,2540,2540,2540,2540,2540,2540,2540,2540,2540,2540,2540,2540,2540,2540,2540,2540,2540,2540,2540,2540,2540,2540,2540,2540,2540,2540,2540,2540,2540,2540,2540,2540,2540,2540,2540,2540,2540,2540,2540,2540,2540,2540,2540,2540,2540,2540,2540,2540,2540,2540,2540,2540,2540,2540,2540,
size:70
[agent] id:9
path:2133,2132,2131,2130,2237,2344,2451,2450,2449,2448,2447,2446,2339,2232,2125,2124,2123,2122,2121,2120,2119,2118,2117,2116,2115,2114,2113,2112,2111,2110,2109,2108,2107,2106,2105,2104,2103,2102,2101,2100,2099,2098,2097,2096,2095,2094,2093,2092,2091,2090,2089,2088,2087,2086,2085,2084,2083,2082,2081,2080,2079,2078,2077,2076,2075,2074,2073,2072,2071,2070,2069,2068,2067,2066,2065,2064,2063,2062,2061,2060,2059,
goal:2059,2059,2059,2059,2059,2059,2059,2059,2059,2059,2059,2059,2059,2059,2059,2059,2059,2059,2059,2059,2059,2059,2059,2059,2059,2059,2059,2059,2059,2059,2059,2059,2059,2059,2059,2059,2059,2059,2059,2059,2059,2059,2059,2059,2059,2059,2059,2059,2059,2059,2059,2059,2059,2059,2059,2059,2059,2059,2059,2059,2059,2059,2059,2059,2059,2059,2059,2059,2059,2059,2059,2059,2059,2059,2059,2059,2059,2059,2059,2059,2059,
size:80
SolutionCost:503
