[setting] seed:85
[solver] type:ECBS
[solver] w:3.000000
[solver] ID:0
[solver] Lowlevelnode:12691
[solver] solved:1
[solver] elapsed:192
[solver] makespan:74
[problem] timesteplimit:10000
[problem] type:MAPF
[problem] agentnum:20
[graph] width:107
[graph] height:47
[graph] filename:./map/orz601d.map
[task] id:14,start:0,end:0,service time:0,nodes:2636,
[task] id:5,start:0,end:0,service time:0,nodes:2315,
[task] id:16,start:0,end:0,service time:0,nodes:2741,
[task] id:2,start:0,end:0,service time:0,nodes:2492,
[task] id:13,start:0,end:0,service time:0,nodes:2555,
[task] id:1,start:0,end:0,service time:0,nodes:2096,
[task] id:6,start:0,end:0,service time:0,nodes:4675,
[task] id:10,start:0,end:0,service time:0,nodes:1877,
[task] id:3,start:0,end:0,service time:0,nodes:1783,
[task] id:8,start:0,end:0,service time:0,nodes:2072,
[task] id:7,start:0,end:0,service time:0,nodes:3873,
[task] id:17,start:0,end:0,service time:0,nodes:1435,
[task] id:9,start:0,end:0,service time:0,nodes:2503,
[task] id:4,start:0,end:0,service time:0,nodes:2787,
[task] id:19,start:0,end:0,service time:0,nodes:719,
[task] id:12,start:0,end:0,service time:0,nodes:798,
[task] id:18,start:0,end:0,service time:0,nodes:2344,
[task] id:15,start:0,end:0,service time:0,nodes:3869,
[task] id:0,start:0,end:0,service time:0,nodes:980,
[task] id:11,start:0,end:0,service time:0,nodes:1143,
[agent] id:0
path:2427,2320,2213,2212,2211,2210,2209,2208,2207,2206,2205,2204,2203,2202,2201,2200,2199,2198,2197,2196,2195,2194,2193,2192,2191,2190,2189,2188,2187,2186,2185,2184,2183,2182,2181,2180,2179,2178,2071,1964,1963,1962,1961,1960,1959,1958,1957,1956,1955,1954,1847,1846,1845,1844,1843,1842,1735,1628,1521,1414,1307,1200,1093,986,985,984,983,982,981,980,980,980,980,980,980,
goal:980,980,980,980,980,980,980,980,980,980,980,980,980,980,980,980,980,980,980,980,980,980,980,980,980,980,980,980,980,980,980,980,980,980,980,980,980,980,980,980,980,980,980,980,980,980,980,980,980,980,980,980,980,980,980,980,980,980,980,980,980,980,980,980,980,980,980,980,980,980,980,980,980,980,980,
size:69
[agent] id:1
path:3925,3818,3711,3604,3603,3602,3495,3388,3281,3174,3067,2960,2853,2746,2639,2532,2425,2318,2211,2104,2103,2102,2101,2100,2099,2098,2097,2096,2096,2096,2096,2096,2096,2096,2096,2096,2096,2096,2096,2096,2096,2096,2096,2096,2096,2096,2096,2096,2096,2096,2096,2096,2096,2096,2096,2096,2096,2096,2096,2096,2096,2096,2096,2096,2096,2096,2096,2096,2096,2096,2096,2096,2096,2096,2096,
goal:2096,2096,2096,2096,2096,2096,2096,2096,2096,2096,2096,2096,2096,2096,2096,2096,2096,2096,2096,2096,2096,2096,2096,2096,2096,2096,2096,2096,2096,2096,2096,2096,2096,2096,2096,2096,2096,2096,2096,2096,2096,2096,2096,2096,2096,2096,2096,2096,2096,2096,2096,2096,2096,2096,2096,2096,2096,2096,2096,2096,2096,2096,2096,2096,2096,2096,2096,2096,2096,2096,2096,2096,2096,2096,2096,
size:27
[agent] id:2
path:2580,2473,2474,2475,2476,2477,2478,2479,2480,2481,2482,2483,2484,2485,2486,2487,2488,2489,2490,2491,2492,2492,2492,2492,2492,2492,2492,2492,2492,2492,2492,2492,2492,2492,2492,2492,2492,2492,2492,2492,2492,2492,2492,2492,2492,2492,2492,2492,2492,2492,2492,2492,2492,2492,2492,2492,2492,2492,2492,2492,2492,2492,2492,2492,2492,2492,2492,2492,2492,2492,2492,2492,2492,2492,2492,
goal:2492,2492,2492,2492,2492,2492,2492,2492,2492,2492,2492,2492,2492,2492,2492,2492,2492,2492,2492,2492,2492,2492,2492,2492,2492,2492,2492,2492,2492,2492,2492,2492,2492,2492,2492,2492,2492,2492,2492,2492,2492,2492,2492,2492,2492,2492,2492,2492,2492,2492,2492,2492,2492,2492,2492,2492,2492,2492,2492,2492,2492,2492,2492,2492,2492,2492,2492,2492,2492,2492,2492,2492,2492,2492,2492,
size:20
[agent] id:3
path:4462,4355,4248,4141,4034,3927,3820,3713,3606,3605,3604,3603,3602,3495,3388,3281,3174,3067,2960,2853,2746,2639,2532,2425,2318,2211,2104,1997,1890,1783,1783,1783,1783,1783,1783,1783,1783,1783,1783,1783,1783,1783,1783,1783,1783,1783,1783,1783,1783,1783,1783,1783,1783,1783,1783,1783,1783,1783,1783,1783,1783,1783,1783,1783,1783,1783,1783,1783,1783,1783,1783,1783,1783,1783,1783,
goal:1783,1783,1783,1783,1783,1783,1783,1783,1783,1783,1783,1783,1783,1783,1783,1783,1783,1783,1783,1783,1783,1783,1783,1783,1783,1783,1783,1783,1783,1783,1783,1783,1783,1783,1783,1783,1783,1783,1783,1783,1783,1783,1783,1783,1783,1783,1783,1783,1783,1783,1783,1783,1783,1783,1783,1783,1783,1783,1783,1783,1783,1783,1783,1783,1783,1783,1783,1783,1783,1783,1783,1783,1783,1783,1783,
size:29
[agent] id:4
path:454,561,668,775,882,989,1096,1203,1310,1417,1416,1415,1414,1521,1628,1735,1842,1949,2056,2163,2270,2377,2484,2483,2482,2481,2480,2479,2478,2477,2476,2475,2474,2581,2688,2795,2794,2793,2792,2791,2790,2789,2788,2787,2787,2787,2787,2787,2787,2787,2787,2787,2787,2787,2787,2787,2787,2787,2787,2787,2787,2787,2787,2787,2787,2787,2787,2787,2787,2787,2787,2787,2787,2787,2787,
goal:2787,2787,2787,2787,2787,2787,2787,2787,2787,2787,2787,2787,2787,2787,2787,2787,2787,2787,2787,2787,2787,2787,2787,2787,2787,2787,2787,2787,2787,2787,2787,2787,2787,2787,2787,2787,2787,2787,2787,2787,2787,2787,2787,2787,2787,2787,2787,2787,2787,2787,2787,2787,2787,2787,2787,2787,2787,2787,2787,2787,2787,2787,2787,2787,2787,2787,2787,2787,2787,2787,2787,2787,2787,2787,2787,
size:43
[agent] id:5
path:1879,1986,2093,2200,2307,2308,2309,2310,2311,2312,2313,2314,2315,2315,2315,2315,2315,2315,2315,2315,2315,2315,2315,2315,2315,2315,2315,2315,2315,2315,2315,2315,2315,2315,2315,2315,2315,2315,2315,2315,2315,2315,2315,2315,2315,2315,2315,2315,2315,2315,2315,2315,2315,2315,2315,2315,2315,2315,2315,2315,2315,2315,2315,2315,2315,2315,2315,2315,2315,2315,2315,2315,2315,2315,2315,
goal:2315,2315,2315,2315,2315,2315,2315,2315,2315,2315,2315,2315,2315,2315,2315,2315,2315,2315,2315,2315,2315,2315,2315,2315,2315,2315,2315,2315,2315,2315,2315,2315,2315,2315,2315,2315,2315,2315,2315,2315,2315,2315,2315,2315,2315,2315,2315,2315,2315,2315,2315,2315,2315,2315,2315,2315,2315,2315,2315,2315,2315,2315,2315,2315,2315,2315,2315,2315,2315,2315,2315,2315,2315,2315,2315,
size:12
[agent] id:6
path:3058,3059,3060,3061,3062,3169,3170,3171,3172,3173,3280,3387,3494,3601,3708,3815,3922,4029,4136,4243,4350,4457,4458,4459,4460,4567,4674,4675,4675,4675,4675,4675,4675,4675,4675,4675,4675,4675,4675,4675,4675,4675,4675,4675,4675,4675,4675,4675,4675,4675,4675,4675,4675,4675,4675,4675,4675,4675,4675,4675,4675,4675,4675,4675,4675,4675,4675,4675,4675,4675,4675,4675,4675,4675,4675,
goal:4675,4675,4675,4675,4675,4675,4675,4675,4675,4675,4675,4675,4675,4675,4675,4675,4675,4675,4675,4675,4675,4675,4675,4675,4675,4675,4675,4675,4675,4675,4675,4675,4675,4675,4675,4675,4675,4675,4675,4675,4675,4675,4675,4675,4675,4675,4675,4675,4675,4675,4675,4675,4675,4675,4675,4675,4675,4675,4675,4675,4675,4675,4675,4675,4675,4675,4675,4675,4675,4675,4675,4675,4675,4675,4675,
size:27
[agent] id:7
path:555,662,769,876,983,1090,1197,1304,1411,1412,1413,1520,1627,1734,1841,1948,2055,2162,2269,2376,2483,2590,2697,2804,2911,3018,3125,3232,3339,3446,3553,3660,3767,3874,3873,3873,3873,3873,3873,3873,3873,3873,3873,3873,3873,3873,3873,3873,3873,3873,3873,3873,3873,3873,3873,3873,3873,3873,3873,3873,3873,3873,3873,3873,3873,3873,3873,3873,3873,3873,3873,3873,3873,3873,3873,
goal:3873,3873,3873,3873,3873,3873,3873,3873,3873,3873,3873,3873,3873,3873,3873,3873,3873,3873,3873,3873,3873,3873,3873,3873,3873,3873,3873,3873,3873,3873,3873,3873,3873,3873,3873,3873,3873,3873,3873,3873,3873,3873,3873,3873,3873,3873,3873,3873,3873,3873,3873,3873,3873,3873,3873,3873,3873,3873,3873,3873,3873,3873,3873,3873,3873,3873,3873,3873,3873,3873,3873,3873,3873,3873,3873,
size:34
[agent] id:8
path:3059,2952,2845,2738,2631,2524,2417,2416,2309,2202,2095,2094,2093,2092,2091,2090,2089,2088,2087,2086,2085,2084,2083,2082,2081,2080,2079,2078,2077,2076,2075,2074,2073,2072,2072,2072,2072,2072,2072,2072,2072,2072,2072,2072,2072,2072,2072,2072,2072,2072,2072,2072,2072,2072,2072,2072,2072,2072,2072,2072,2072,2072,2072,2072,2072,2072,2072,2072,2072,2072,2072,2072,2072,2072,2072,
goal:2072,2072,2072,2072,2072,2072,2072,2072,2072,2072,2072,2072,2072,2072,2072,2072,2072,2072,2072,2072,2072,2072,2072,2072,2072,2072,2072,2072,2072,2072,2072,2072,2072,2072,2072,2072,2072,2072,2072,2072,2072,2072,2072,2072,2072,2072,2072,2072,2072,2072,2072,2072,2072,2072,2072,2072,2072,2072,2072,2072,2072,2072,2072,2072,2072,2072,2072,2072,2072,2072,2072,2072,2072,2072,2072,
size:33
[agent] id:9
path:2147,2254,2361,2362,2363,2364,2365,2366,2366,2367,2368,2369,2370,2371,2372,2373,2374,2375,2376,2377,2378,2379,2380,2381,2382,2383,2384,2385,2386,2493,2494,2495,2496,2497,2498,2499,2500,2501,2502,2503,2503,2503,2503,2503,2503,2503,2503,2503,2503,2503,2503,2503,2503,2503,2503,2503,2503,2503,2503,2503,2503,2503,2503,2503,2503,2503,2503,2503,2503,2503,2503,2503,2503,2503,2503,
goal:2503,2503,2503,2503,2503,2503,2503,2503,2503,2503,2503,2503,2503,2503,2503,2503,2503,2503,2503,2503,2503,2503,2503,2503,2503,2503,2503,2503,2503,2503,2503,2503,2503,2503,2503,2503,2503,2503,2503,2503,2503,2503,2503,2503,2503,2503,2503,2503,2503,2503,2503,2503,2503,2503,2503,2503,2503,2503,2503,2503,2503,2503,2503,2503,2503,2503,2503,2503,2503,2503,2503,2503,2503,2503,2503,
size:39
[agent] id:10
path:1038,1145,1252,1359,1466,1465,1464,1463,1462,1569,1676,1783,1890,1889,1888,1887,1886,1885,1884,1991,1990,1989,1988,1987,1986,1879,1878,1877,1877,1877,1877,1877,1877,1877,1877,1877,1877,1877,1877,1877,1877,1877,1877,1877,1877,1877,1877,1877,1877,1877,1877,1877,1877,1877,1877,1877,1877,1877,1877,1877,1877,1877,1877,1877,1877,1877,1877,1877,1877,1877,1877,1877,1877,1877,1877,
goal:1877,1877,1877,1877,1877,1877,1877,1877,1877,1877,1877,1877,1877,1877,1877,1877,1877,1877,1877,1877,1877,1877,1877,1877,1877,1877,1877,1877,1877,1877,1877,1877,1877,1877,1877,1877,1877,1877,1877,1877,1877,1877,1877,1877,1877,1877,1877,1877,1877,1877,1877,1877,1877,1877,1877,1877,1877,1877,1877,1877,1877,1877,1877,1877,1877,1877,1877,1877,1877,1877,1877,1877,1877,1877,1877,
size:27
[agent] id:11
path:777,884,991,1098,1097,1096,1095,1094,1201,1308,1415,1414,1521,1628,1735,1842,1843,1844,1845,1846,1847,1954,1955,1956,1957,1958,1959,1960,1961,1962,1963,1964,1965,1966,1967,1968,1969,1970,1971,1972,1973,1974,1975,1976,1977,1978,1979,1980,1981,1982,1983,1984,1985,1986,1987,1988,1989,1990,1991,1884,1885,1886,1887,1888,1889,1782,1675,1568,1461,1354,1247,1140,1141,1142,1143,
goal:1143,1143,1143,1143,1143,1143,1143,1143,1143,1143,1143,1143,1143,1143,1143,1143,1143,1143,1143,1143,1143,1143,1143,1143,1143,1143,1143,1143,1143,1143,1143,1143,1143,1143,1143,1143,1143,1143,1143,1143,1143,1143,1143,1143,1143,1143,1143,1143,1143,1143,1143,1143,1143,1143,1143,1143,1143,1143,1143,1143,1143,1143,1143,1143,1143,1143,1143,1143,1143,1143,1143,1143,1143,1143,1143,
size:74
[agent] id:12
path:1935,1936,1937,1938,1939,2046,2153,2260,2367,2368,2369,2370,2371,2264,2157,2050,1943,1944,1945,1946,1947,1948,1949,1950,1951,1952,1953,1954,1955,1956,1957,1958,1959,1960,1961,1962,1963,1964,1965,1966,1967,1860,1861,1862,1863,1864,1865,1758,1651,1544,1437,1330,1223,1116,1009,902,795,796,797,798,798,798,798,798,798,798,798,798,798,798,798,798,798,798,798,
goal:798,798,798,798,798,798,798,798,798,798,798,798,798,798,798,798,798,798,798,798,798,798,798,798,798,798,798,798,798,798,798,798,798,798,798,798,798,798,798,798,798,798,798,798,798,798,798,798,798,798,798,798,798,798,798,798,798,798,798,798,798,798,798,798,798,798,798,798,798,798,798,798,798,798,798,
size:59
[agent] id:13
path:2751,2644,2537,2538,2539,2540,2541,2542,2543,2544,2545,2546,2547,2548,2549,2550,2551,2552,2553,2554,2555,2555,2555,2555,2555,2555,2555,2555,2555,2555,2555,2555,2555,2555,2555,2555,2555,2555,2555,2555,2555,2555,2555,2555,2555,2555,2555,2555,2555,2555,2555,2555,2555,2555,2555,2555,2555,2555,2555,2555,2555,2555,2555,2555,2555,2555,2555,2555,2555,2555,2555,2555,2555,2555,2555,
goal:2555,2555,2555,2555,2555,2555,2555,2555,2555,2555,2555,2555,2555,2555,2555,2555,2555,2555,2555,2555,2555,2555,2555,2555,2555,2555,2555,2555,2555,2555,2555,2555,2555,2555,2555,2555,2555,2555,2555,2555,2555,2555,2555,2555,2555,2555,2555,2555,2555,2555,2555,2555,2555,2555,2555,2555,2555,2555,2555,2555,2555,2555,2555,2555,2555,2555,2555,2555,2555,2555,2555,2555,2555,2555,2555,
size:20
[agent] id:14
path:2849,2742,2635,2636,2636,2636,2636,2636,2636,2636,2636,2636,2636,2636,2636,2636,2636,2636,2636,2636,2636,2636,2636,2636,2636,2636,2636,2636,2636,2636,2636,2636,2636,2636,2636,2636,2636,2636,2636,2636,2636,2636,2636,2636,2636,2636,2636,2636,2636,2636,2636,2636,2636,2636,2636,2636,2636,2636,2636,2636,2636,2636,2636,2636,2636,2636,2636,2636,2636,2636,2636,2636,2636,2636,2636,
goal:2636,2636,2636,2636,2636,2636,2636,2636,2636,2636,2636,2636,2636,2636,2636,2636,2636,2636,2636,2636,2636,2636,2636,2636,2636,2636,2636,2636,2636,2636,2636,2636,2636,2636,2636,2636,2636,2636,2636,2636,2636,2636,2636,2636,2636,2636,2636,2636,2636,2636,2636,2636,2636,2636,2636,2636,2636,2636,2636,2636,2636,2636,2636,2636,2636,2636,2636,2636,2636,2636,2636,2636,2636,2636,2636,
size:3
[agent] id:15
path:475,582,689,796,903,1010,1117,1224,1331,1438,1545,1652,1759,1866,1973,2080,2187,2294,2401,2508,2615,2722,2829,2936,3043,3042,3041,3040,3039,3038,3037,3036,3035,3034,3033,3032,3031,3030,3029,3028,3027,3026,3025,3024,3131,3238,3345,3344,3343,3342,3341,3340,3447,3554,3661,3768,3767,3766,3765,3872,3871,3870,3869,3869,3869,3869,3869,3869,3869,3869,3869,3869,3869,3869,3869,
goal:3869,3869,3869,3869,3869,3869,3869,3869,3869,3869,3869,3869,3869,3869,3869,3869,3869,3869,3869,3869,3869,3869,3869,3869,3869,3869,3869,3869,3869,3869,3869,3869,3869,3869,3869,3869,3869,3869,3869,3869,3869,3869,3869,3869,3869,3869,3869,3869,3869,3869,3869,3869,3869,3869,3869,3869,3869,3869,3869,3869,3869,3869,3869,3869,3869,3869,3869,3869,3869,3869,3869,3869,3869,3869,3869,
size:62
[agent] id:16
path:2645,2752,2751,2750,2749,2748,2747,2746,2745,2744,2743,2742,2741,2741,2741,2741,2741,2741,2741,2741,2741,2741,2741,2741,2741,2741,2741,2741,2741,2741,2741,2741,2741,2741,2741,2741,2741,2741,2741,2741,2741,2741,2741,2741,2741,2741,2741,2741,2741,2741,2741,2741,2741,2741,2741,2741,2741,2741,2741,2741,2741,2741,2741,2741,2741,2741,2741,2741,2741,2741,2741,2741,2741,2741,2741,
goal:2741,2741,2741,2741,2741,2741,2741,2741,2741,2741,2741,2741,2741,2741,2741,2741,2741,2741,2741,2741,2741,2741,2741,2741,2741,2741,2741,2741,2741,2741,2741,2741,2741,2741,2741,2741,2741,2741,2741,2741,2741,2741,2741,2741,2741,2741,2741,2741,2741,2741,2741,2741,2741,2741,2741,2741,2741,2741,2741,2741,2741,2741,2741,2741,2741,2741,2741,2741,2741,2741,2741,2741,2741,2741,2741,
size:12
[agent] id:17
path:1895,1894,1893,1892,1891,1890,1889,1888,1887,1886,1885,1884,1991,1990,1989,1988,1987,1986,1985,1984,1983,1982,1981,1980,1979,1978,1871,1870,1869,1868,1867,1866,1759,1652,1545,1438,1437,1436,1435,1435,1435,1435,1435,1435,1435,1435,1435,1435,1435,1435,1435,1435,1435,1435,1435,1435,1435,1435,1435,1435,1435,1435,1435,1435,1435,1435,1435,1435,1435,1435,1435,1435,1435,1435,1435,
goal:1435,1435,1435,1435,1435,1435,1435,1435,1435,1435,1435,1435,1435,1435,1435,1435,1435,1435,1435,1435,1435,1435,1435,1435,1435,1435,1435,1435,1435,1435,1435,1435,1435,1435,1435,1435,1435,1435,1435,1435,1435,1435,1435,1435,1435,1435,1435,1435,1435,1435,1435,1435,1435,1435,1435,1435,1435,1435,1435,1435,1435,1435,1435,1435,1435,1435,1435,1435,1435,1435,1435,1435,1435,1435,1435,
size:38
[agent] id:18
path:2608,2501,2394,2395,2396,2397,2398,2399,2400,2401,2402,2403,2404,2405,2406,2407,2408,2409,2410,2411,2412,2413,2414,2415,2416,2417,2418,2419,2420,2421,2422,2423,2424,2425,2426,2427,2428,2429,2430,2431,2432,2433,2434,2435,2436,2437,2438,2439,2440,2441,2442,2443,2444,2445,2446,2447,2448,2449,2450,2451,2344,2344,2344,2344,2344,2344,2344,2344,2344,2344,2344,2344,2344,2344,2344,
goal:2344,2344,2344,2344,2344,2344,2344,2344,2344,2344,2344,2344,2344,2344,2344,2344,2344,2344,2344,2344,2344,2344,2344,2344,2344,2344,2344,2344,2344,2344,2344,2344,2344,2344,2344,2344,2344,2344,2344,2344,2344,2344,2344,2344,2344,2344,2344,2344,2344,2344,2344,2344,2344,2344,2344,2344,2344,2344,2344,2344,2344,2344,2344,2344,2344,2344,2344,2344,2344,2344,2344,2344,2344,2344,2344,
size:60
[agent] id:19
path:3049,2942,2835,2728,2621,2514,2407,2300,2193,2194,2195,2196,2197,2198,2199,2092,2093,2094,2095,2096,2097,2098,1991,1884,1885,1886,1887,1888,1889,1782,1675,1568,1461,1354,1247,1140,1033,926,819,712,713,714,715,716,717,718,719,719,719,719,719,719,719,719,719,719,719,719,719,719,719,719,719,719,719,719,719,719,719,719,719,719,719,719,719,
goal:719,719,719,719,719,719,719,719,719,719,719,719,719,719,719,719,719,719,719,719,719,719,719,719,719,719,719,719,719,719,719,719,719,719,719,719,719,719,719,719,719,719,719,719,719,719,719,719,719,719,719,719,719,719,719,719,719,719,719,719,719,719,719,719,719,719,719,719,719,719,719,719,719,719,719,
size:46
SolutionCost:734
