[setting] seed:54
[solver] type:ECBS
[solver] w:3.000000
[solver] ID:0
[solver] Lowlevelnode:3217
[solver] solved:1
[solver] elapsed:51
[solver] makespan:66
[problem] timesteplimit:10000
[problem] type:MAPF
[problem] agentnum:20
[graph] width:107
[graph] height:47
[graph] filename:./map/orz601d.map
[task] id:7,start:0,end:0,service time:0,nodes:2054,
[task] id:13,start:0,end:0,service time:0,nodes:2644,
[task] id:3,start:0,end:0,service time:0,nodes:1144,
[task] id:16,start:0,end:0,service time:0,nodes:2085,
[task] id:5,start:0,end:0,service time:0,nodes:3882,
[task] id:11,start:0,end:0,service time:0,nodes:2016,
[task] id:14,start:0,end:0,service time:0,nodes:2152,
[task] id:18,start:0,end:0,service time:0,nodes:2622,
[task] id:6,start:0,end:0,service time:0,nodes:2826,
[task] id:0,start:0,end:0,service time:0,nodes:930,
[task] id:10,start:0,end:0,service time:0,nodes:1989,
[task] id:19,start:0,end:0,service time:0,nodes:4142,
[task] id:4,start:0,end:0,service time:0,nodes:2869,
[task] id:2,start:0,end:0,service time:0,nodes:2825,
[task] id:1,start:0,end:0,service time:0,nodes:923,
[task] id:17,start:0,end:0,service time:0,nodes:2267,
[task] id:8,start:0,end:0,service time:0,nodes:4243,
[task] id:12,start:0,end:0,service time:0,nodes:2386,
[task] id:9,start:0,end:0,service time:0,nodes:2310,
[task] id:15,start:0,end:0,service time:0,nodes:3236,
[agent] id:0
path:1333,1332,1439,1438,1545,1652,1759,1866,1867,1868,1869,1870,1871,1978,1979,1980,1981,1982,1983,1984,1985,1986,1987,1988,1989,1990,1991,1884,1885,1886,1887,1888,1889,1782,1675,1568,1461,1354,1247,1140,1033,926,927,928,929,930,930,930,930,930,930,930,930,930,930,930,930,930,930,930,930,930,930,930,930,930,930,
goal:930,930,930,930,930,930,930,930,930,930,930,930,930,930,930,930,930,930,930,930,930,930,930,930,930,930,930,930,930,930,930,930,930,930,930,930,930,930,930,930,930,930,930,930,930,930,930,930,930,930,930,930,930,930,930,930,930,930,930,930,930,930,930,930,930,930,930,
size:45
[agent] id:1
path:2880,2773,2666,2559,2452,2451,2450,2449,2448,2447,2446,2339,2232,2125,2124,2123,2122,2121,2120,2119,2118,2117,2116,2115,2114,2113,2112,2005,2004,2003,2002,1895,1894,1893,1892,1891,1890,1783,1676,1569,1462,1355,1248,1141,1034,927,926,925,924,923,923,923,923,923,923,923,923,923,923,923,923,923,923,923,923,923,923,
goal:923,923,923,923,923,923,923,923,923,923,923,923,923,923,923,923,923,923,923,923,923,923,923,923,923,923,923,923,923,923,923,923,923,923,923,923,923,923,923,923,923,923,923,923,923,923,923,923,923,923,923,923,923,923,923,923,923,923,923,923,923,923,923,923,923,923,923,
size:49
[agent] id:2
path:1135,1242,1349,1350,1457,1458,1459,1460,1461,1568,1675,1782,1889,1996,2103,2210,2317,2424,2423,2530,2637,2744,2743,2742,2741,2740,2739,2738,2737,2736,2735,2734,2733,2732,2731,2730,2729,2728,2727,2726,2725,2724,2723,2722,2721,2720,2719,2718,2825,2825,2825,2825,2825,2825,2825,2825,2825,2825,2825,2825,2825,2825,2825,2825,2825,2825,2825,
goal:2825,2825,2825,2825,2825,2825,2825,2825,2825,2825,2825,2825,2825,2825,2825,2825,2825,2825,2825,2825,2825,2825,2825,2825,2825,2825,2825,2825,2825,2825,2825,2825,2825,2825,2825,2825,2825,2825,2825,2825,2825,2825,2825,2825,2825,2825,2825,2825,2825,2825,2825,2825,2825,2825,2825,2825,2825,2825,2825,2825,2825,2825,2825,2825,2825,2825,2825,
size:48
[agent] id:3
path:4032,3925,3818,3711,3604,3603,3602,3495,3388,3281,3174,3067,2960,2853,2746,2639,2532,2425,2318,2211,2104,1997,1890,1783,1676,1569,1462,1355,1248,1141,1142,1143,1144,1144,1144,1144,1144,1144,1144,1144,1144,1144,1144,1144,1144,1144,1144,1144,1144,1144,1144,1144,1144,1144,1144,1144,1144,1144,1144,1144,1144,1144,1144,1144,1144,1144,1144,
goal:1144,1144,1144,1144,1144,1144,1144,1144,1144,1144,1144,1144,1144,1144,1144,1144,1144,1144,1144,1144,1144,1144,1144,1144,1144,1144,1144,1144,1144,1144,1144,1144,1144,1144,1144,1144,1144,1144,1144,1144,1144,1144,1144,1144,1144,1144,1144,1144,1144,1144,1144,1144,1144,1144,1144,1144,1144,1144,1144,1144,1144,1144,1144,1144,1144,1144,1144,
size:32
[agent] id:4
path:2611,2718,2825,2826,2827,2828,2829,2830,2831,2832,2833,2834,2835,2836,2837,2838,2839,2840,2841,2842,2843,2844,2845,2846,2847,2848,2849,2850,2851,2852,2853,2854,2855,2856,2857,2858,2859,2860,2861,2862,2863,2864,2865,2866,2867,2868,2869,2869,2869,2869,2869,2869,2869,2869,2869,2869,2869,2869,2869,2869,2869,2869,2869,2869,2869,2869,2869,
goal:2869,2869,2869,2869,2869,2869,2869,2869,2869,2869,2869,2869,2869,2869,2869,2869,2869,2869,2869,2869,2869,2869,2869,2869,2869,2869,2869,2869,2869,2869,2869,2869,2869,2869,2869,2869,2869,2869,2869,2869,2869,2869,2869,2869,2869,2869,2869,2869,2869,2869,2869,2869,2869,2869,2869,2869,2869,2869,2869,2869,2869,2869,2869,2869,2869,2869,2869,
size:46
[agent] id:5
path:878,985,1092,1199,1306,1413,1520,1627,1734,1841,1948,2055,2162,2269,2376,2483,2590,2697,2804,2911,3018,3125,3232,3339,3446,3553,3660,3767,3874,3875,3876,3877,3878,3879,3880,3881,3882,3882,3882,3882,3882,3882,3882,3882,3882,3882,3882,3882,3882,3882,3882,3882,3882,3882,3882,3882,3882,3882,3882,3882,3882,3882,3882,3882,3882,3882,3882,
goal:3882,3882,3882,3882,3882,3882,3882,3882,3882,3882,3882,3882,3882,3882,3882,3882,3882,3882,3882,3882,3882,3882,3882,3882,3882,3882,3882,3882,3882,3882,3882,3882,3882,3882,3882,3882,3882,3882,3882,3882,3882,3882,3882,3882,3882,3882,3882,3882,3882,3882,3882,3882,3882,3882,3882,3882,3882,3882,3882,3882,3882,3882,3882,3882,3882,3882,3882,
size:36
[agent] id:6
path:1091,1198,1305,1412,1413,1520,1627,1734,1841,1948,2055,2162,2269,2376,2483,2590,2697,2804,2805,2806,2807,2808,2809,2810,2811,2812,2813,2814,2815,2816,2817,2818,2819,2820,2821,2822,2823,2824,2825,2826,2826,2826,2826,2826,2826,2826,2826,2826,2826,2826,2826,2826,2826,2826,2826,2826,2826,2826,2826,2826,2826,2826,2826,2826,2826,2826,2826,
goal:2826,2826,2826,2826,2826,2826,2826,2826,2826,2826,2826,2826,2826,2826,2826,2826,2826,2826,2826,2826,2826,2826,2826,2826,2826,2826,2826,2826,2826,2826,2826,2826,2826,2826,2826,2826,2826,2826,2826,2826,2826,2826,2826,2826,2826,2826,2826,2826,2826,2826,2826,2826,2826,2826,2826,2826,2826,2826,2826,2826,2826,2826,2826,2826,2826,2826,2826,
size:39
[agent] id:7
path:2183,2076,2075,2074,2073,2072,2071,2070,2069,2068,2067,2066,2065,2064,2063,2062,2061,2060,2059,2058,2057,2056,2055,2054,2054,2054,2054,2054,2054,2054,2054,2054,2054,2054,2054,2054,2054,2054,2054,2054,2054,2054,2054,2054,2054,2054,2054,2054,2054,2054,2054,2054,2054,2054,2054,2054,2054,2054,2054,2054,2054,2054,2054,2054,2054,2054,2054,
goal:2054,2054,2054,2054,2054,2054,2054,2054,2054,2054,2054,2054,2054,2054,2054,2054,2054,2054,2054,2054,2054,2054,2054,2054,2054,2054,2054,2054,2054,2054,2054,2054,2054,2054,2054,2054,2054,2054,2054,2054,2054,2054,2054,2054,2054,2054,2054,2054,2054,2054,2054,2054,2054,2054,2054,2054,2054,2054,2054,2054,2054,2054,2054,2054,2054,2054,2054,
size:23
[agent] id:8
path:1012,1119,1226,1333,1440,1439,1438,1545,1652,1759,1866,1973,2080,2187,2294,2401,2508,2615,2722,2829,2936,3043,3044,3045,3046,3047,3048,3049,3050,3051,3052,3053,3054,3055,3056,3057,3058,3059,3060,3061,3062,3169,3170,3171,3172,3173,3280,3387,3494,3601,3708,3815,3922,4029,4136,4243,4243,4243,4243,4243,4243,4243,4243,4243,4243,4243,4243,
goal:4243,4243,4243,4243,4243,4243,4243,4243,4243,4243,4243,4243,4243,4243,4243,4243,4243,4243,4243,4243,4243,4243,4243,4243,4243,4243,4243,4243,4243,4243,4243,4243,4243,4243,4243,4243,4243,4243,4243,4243,4243,4243,4243,4243,4243,4243,4243,4243,4243,4243,4243,4243,4243,4243,4243,4243,4243,4243,4243,4243,4243,4243,4243,4243,4243,4243,4243,
size:55
[agent] id:9
path:1937,2044,2151,2258,2259,2260,2367,2368,2369,2370,2371,2264,2265,2266,2267,2268,2269,2270,2271,2272,2273,2274,2275,2276,2277,2278,2279,2280,2281,2282,2283,2284,2285,2286,2287,2288,2289,2290,2291,2292,2293,2294,2295,2296,2297,2298,2299,2300,2301,2302,2303,2304,2305,2306,2307,2308,2309,2310,2310,2310,2310,2310,2310,2310,2310,2310,2310,
goal:2310,2310,2310,2310,2310,2310,2310,2310,2310,2310,2310,2310,2310,2310,2310,2310,2310,2310,2310,2310,2310,2310,2310,2310,2310,2310,2310,2310,2310,2310,2310,2310,2310,2310,2310,2310,2310,2310,2310,2310,2310,2310,2310,2310,2310,2310,2310,2310,2310,2310,2310,2310,2310,2310,2310,2310,2310,2310,2310,2310,2310,2310,2310,2310,2310,2310,2310,
size:57
[agent] id:10
path:1944,1945,1946,1947,1948,1949,1950,1951,1952,1953,1954,1955,1956,1957,1958,1959,1960,1961,1962,1963,1964,1965,1966,1967,1968,1969,1970,1971,1972,1973,1974,1975,1976,1977,1978,1979,1980,1981,1982,1983,1984,1985,1986,1987,1988,1989,1989,1989,1989,1989,1989,1989,1989,1989,1989,1989,1989,1989,1989,1989,1989,1989,1989,1989,1989,1989,1989,
goal:1989,1989,1989,1989,1989,1989,1989,1989,1989,1989,1989,1989,1989,1989,1989,1989,1989,1989,1989,1989,1989,1989,1989,1989,1989,1989,1989,1989,1989,1989,1989,1989,1989,1989,1989,1989,1989,1989,1989,1989,1989,1989,1989,1989,1989,1989,1989,1989,1989,1989,1989,1989,1989,1989,1989,1989,1989,1989,1989,1989,1989,1989,1989,1989,1989,1989,1989,
size:45
[agent] id:11
path:2844,2737,2630,2523,2416,2309,2202,2095,1988,1989,1990,1991,1992,1993,1994,1995,1996,1997,1998,1999,2000,2001,2002,2003,2004,2005,2006,2007,2008,2009,2010,2011,2012,2013,2014,2015,2016,2016,2016,2016,2016,2016,2016,2016,2016,2016,2016,2016,2016,2016,2016,2016,2016,2016,2016,2016,2016,2016,2016,2016,2016,2016,2016,2016,2016,2016,2016,
goal:2016,2016,2016,2016,2016,2016,2016,2016,2016,2016,2016,2016,2016,2016,2016,2016,2016,2016,2016,2016,2016,2016,2016,2016,2016,2016,2016,2016,2016,2016,2016,2016,2016,2016,2016,2016,2016,2016,2016,2016,2016,2016,2016,2016,2016,2016,2016,2016,2016,2016,2016,2016,2016,2016,2016,2016,2016,2016,2016,2016,2016,2016,2016,2016,2016,2016,2016,
size:36
[agent] id:12
path:4350,4243,4136,4029,3922,3815,3708,3601,3494,3387,3280,3173,3066,2959,2852,2745,2638,2531,2424,2423,2422,2421,2420,2419,2418,2417,2416,2415,2414,2413,2412,2411,2410,2409,2408,2407,2406,2405,2404,2403,2402,2401,2400,2399,2398,2397,2396,2395,2394,2393,2392,2391,2390,2389,2388,2387,2386,2386,2386,2386,2386,2386,2386,2386,2386,2386,2386,
goal:2386,2386,2386,2386,2386,2386,2386,2386,2386,2386,2386,2386,2386,2386,2386,2386,2386,2386,2386,2386,2386,2386,2386,2386,2386,2386,2386,2386,2386,2386,2386,2386,2386,2386,2386,2386,2386,2386,2386,2386,2386,2386,2386,2386,2386,2386,2386,2386,2386,2386,2386,2386,2386,2386,2386,2386,2386,2386,2386,2386,2386,2386,2386,2386,2386,2386,2386,
size:56
[agent] id:13
path:1348,1349,1350,1457,1458,1459,1460,1461,1568,1675,1782,1889,1996,2103,2210,2317,2318,2319,2426,2533,2640,2641,2642,2643,2644,2644,2644,2644,2644,2644,2644,2644,2644,2644,2644,2644,2644,2644,2644,2644,2644,2644,2644,2644,2644,2644,2644,2644,2644,2644,2644,2644,2644,2644,2644,2644,2644,2644,2644,2644,2644,2644,2644,2644,2644,2644,2644,
goal:2644,2644,2644,2644,2644,2644,2644,2644,2644,2644,2644,2644,2644,2644,2644,2644,2644,2644,2644,2644,2644,2644,2644,2644,2644,2644,2644,2644,2644,2644,2644,2644,2644,2644,2644,2644,2644,2644,2644,2644,2644,2644,2644,2644,2644,2644,2644,2644,2644,2644,2644,2644,2644,2644,2644,2644,2644,2644,2644,2644,2644,2644,2644,2644,2644,2644,2644,
size:24
[agent] id:14
path:3037,2930,2823,2716,2609,2502,2395,2394,2393,2392,2391,2390,2389,2388,2387,2386,2385,2384,2383,2382,2381,2380,2379,2378,2377,2376,2375,2374,2373,2372,2371,2370,2369,2368,2367,2260,2153,2152,2152,2152,2152,2152,2152,2152,2152,2152,2152,2152,2152,2152,2152,2152,2152,2152,2152,2152,2152,2152,2152,2152,2152,2152,2152,2152,2152,2152,2152,
goal:2152,2152,2152,2152,2152,2152,2152,2152,2152,2152,2152,2152,2152,2152,2152,2152,2152,2152,2152,2152,2152,2152,2152,2152,2152,2152,2152,2152,2152,2152,2152,2152,2152,2152,2152,2152,2152,2152,2152,2152,2152,2152,2152,2152,2152,2152,2152,2152,2152,2152,2152,2152,2152,2152,2152,2152,2152,2152,2152,2152,2152,2152,2152,2152,2152,2152,2152,
size:37
[agent] id:15
path:2762,2869,2976,2975,2974,2973,2972,2971,2970,2969,2968,2967,2966,2965,2964,2963,2962,2961,2960,2959,2958,2957,2956,2955,2954,2953,2952,2951,2950,2949,2948,2947,2946,3053,3052,3051,3050,3049,3048,3047,3046,3045,3044,3043,3042,3041,3040,3039,3038,3037,3036,3035,3034,3033,3032,3031,3030,3029,3028,3027,3026,3025,3024,3131,3238,3237,3236,
goal:3236,3236,3236,3236,3236,3236,3236,3236,3236,3236,3236,3236,3236,3236,3236,3236,3236,3236,3236,3236,3236,3236,3236,3236,3236,3236,3236,3236,3236,3236,3236,3236,3236,3236,3236,3236,3236,3236,3236,3236,3236,3236,3236,3236,3236,3236,3236,3236,3236,3236,3236,3236,3236,3236,3236,3236,3236,3236,3236,3236,3236,3236,3236,3236,3236,3236,3236,
size:66
[agent] id:16
path:2701,2594,2487,2380,2273,2166,2167,2168,2169,2170,2171,2172,2173,2066,2067,2068,2069,2070,2071,2072,2073,2074,2075,2076,2077,2078,2079,2080,2081,2082,2083,2084,2085,2085,2085,2085,2085,2085,2085,2085,2085,2085,2085,2085,2085,2085,2085,2085,2085,2085,2085,2085,2085,2085,2085,2085,2085,2085,2085,2085,2085,2085,2085,2085,2085,2085,2085,
goal:2085,2085,2085,2085,2085,2085,2085,2085,2085,2085,2085,2085,2085,2085,2085,2085,2085,2085,2085,2085,2085,2085,2085,2085,2085,2085,2085,2085,2085,2085,2085,2085,2085,2085,2085,2085,2085,2085,2085,2085,2085,2085,2085,2085,2085,2085,2085,2085,2085,2085,2085,2085,2085,2085,2085,2085,2085,2085,2085,2085,2085,2085,2085,2085,2085,2085,2085,
size:32
[agent] id:17
path:3063,2956,2849,2742,2635,2528,2421,2420,2419,2418,2417,2416,2415,2414,2413,2412,2411,2410,2409,2408,2407,2406,2405,2404,2403,2402,2401,2400,2399,2398,2397,2396,2395,2394,2393,2286,2285,2284,2283,2282,2281,2280,2279,2278,2277,2276,2275,2274,2273,2272,2271,2270,2269,2268,2267,2267,2267,2267,2267,2267,2267,2267,2267,2267,2267,2267,2267,
goal:2267,2267,2267,2267,2267,2267,2267,2267,2267,2267,2267,2267,2267,2267,2267,2267,2267,2267,2267,2267,2267,2267,2267,2267,2267,2267,2267,2267,2267,2267,2267,2267,2267,2267,2267,2267,2267,2267,2267,2267,2267,2267,2267,2267,2267,2267,2267,2267,2267,2267,2267,2267,2267,2267,2267,2267,2267,2267,2267,2267,2267,2267,2267,2267,2267,2267,2267,
size:54
[agent] id:18
path:2871,2764,2657,2656,2655,2654,2653,2652,2651,2650,2649,2648,2647,2646,2645,2644,2643,2642,2641,2640,2639,2638,2637,2636,2635,2634,2633,2632,2631,2630,2629,2628,2627,2626,2625,2624,2623,2622,2622,2622,2622,2622,2622,2622,2622,2622,2622,2622,2622,2622,2622,2622,2622,2622,2622,2622,2622,2622,2622,2622,2622,2622,2622,2622,2622,2622,2622,
goal:2622,2622,2622,2622,2622,2622,2622,2622,2622,2622,2622,2622,2622,2622,2622,2622,2622,2622,2622,2622,2622,2622,2622,2622,2622,2622,2622,2622,2622,2622,2622,2622,2622,2622,2622,2622,2622,2622,2622,2622,2622,2622,2622,2622,2622,2622,2622,2622,2622,2622,2622,2622,2622,2622,2622,2622,2622,2622,2622,2622,2622,2622,2622,2622,2622,2622,2622,
size:37
[agent] id:19
path:2401,2508,2615,2722,2829,2936,3043,3044,3045,3046,3047,3048,3049,3050,3051,3052,3053,3054,3055,3056,3057,3058,3059,3060,3061,3062,3169,3170,3171,3172,3173,3280,3387,3494,3601,3708,3815,3922,4029,4136,4137,4138,4139,4140,4141,4142,4142,4142,4142,4142,4142,4142,4142,4142,4142,4142,4142,4142,4142,4142,4142,4142,4142,4142,4142,4142,4142,
goal:4142,4142,4142,4142,4142,4142,4142,4142,4142,4142,4142,4142,4142,4142,4142,4142,4142,4142,4142,4142,4142,4142,4142,4142,4142,4142,4142,4142,4142,4142,4142,4142,4142,4142,4142,4142,4142,4142,4142,4142,4142,4142,4142,4142,4142,4142,4142,4142,4142,4142,4142,4142,4142,4142,4142,4142,4142,4142,4142,4142,4142,4142,4142,4142,4142,4142,4142,
size:45
SolutionCost:862
