[setting] seed:55
[solver] type:ECBS
[solver] w:3.000000
[solver] ID:0
[solver] Lowlevelnode:1159
[solver] solved:1
[solver] elapsed:23
[solver] makespan:89
[problem] timesteplimit:10000
[problem] type:MAPF
[problem] agentnum:10
[graph] width:107
[graph] height:47
[graph] filename:./map/orz601d.map
[task] id:8,start:0,end:0,service time:0,nodes:1952,
[task] id:0,start:0,end:0,service time:0,nodes:2880,
[task] id:1,start:0,end:0,service time:0,nodes:2242,
[task] id:9,start:0,end:0,service time:0,nodes:2108,
[task] id:7,start:0,end:0,service time:0,nodes:4458,
[task] id:3,start:0,end:0,service time:0,nodes:3601,
[task] id:2,start:0,end:0,service time:0,nodes:2016,
[task] id:4,start:0,end:0,service time:0,nodes:1337,
[task] id:6,start:0,end:0,service time:0,nodes:2045,
[task] id:5,start:0,end:0,service time:0,nodes:2260,
[agent] id:0
path:2745,2746,2747,2748,2749,2750,2751,2752,2753,2754,2755,2756,2757,2758,2759,2760,2761,2762,2763,2764,2765,2766,2767,2660,2661,2662,2663,2664,2665,2772,2879,2880,2880,2880,2880,2880,2880,2880,2880,2880,2880,2880,2880,2880,2880,2880,2880,2880,2880,2880,2880,2880,2880,2880,2880,2880,2880,2880,2880,2880,2880,2880,2880,2880,2880,2880,2880,2880,2880,2880,2880,2880,2880,2880,2880,2880,2880,2880,2880,2880,2880,2880,2880,2880,2880,2880,2880,2880,2880,2880,
goal:2880,2880,2880,2880,2880,2880,2880,2880,2880,2880,2880,2880,2880,2880,2880,2880,2880,2880,2880,2880,2880,2880,2880,2880,2880,2880,2880,2880,2880,2880,2880,2880,2880,2880,2880,2880,2880,2880,2880,2880,2880,2880,2880,2880,2880,2880,2880,2880,2880,2880,2880,2880,2880,2880,2880,2880,2880,2880,2880,2880,2880,2880,2880,2880,2880,2880,2880,2880,2880,2880,2880,2880,2880,2880,2880,2880,2880,2880,2880,2880,2880,2880,2880,2880,2880,2880,2880,2880,2880,2880,
size:31
[agent] id:1
path:3073,2966,2859,2752,2645,2538,2431,2432,2433,2434,2435,2436,2437,2438,2439,2440,2441,2442,2443,2444,2445,2446,2447,2448,2449,2450,2451,2344,2237,2238,2239,2240,2241,2242,2242,2242,2242,2242,2242,2242,2242,2242,2242,2242,2242,2242,2242,2242,2242,2242,2242,2242,2242,2242,2242,2242,2242,2242,2242,2242,2242,2242,2242,2242,2242,2242,2242,2242,2242,2242,2242,2242,2242,2242,2242,2242,2242,2242,2242,2242,2242,2242,2242,2242,2242,2242,2242,2242,2242,2242,
goal:2242,2242,2242,2242,2242,2242,2242,2242,2242,2242,2242,2242,2242,2242,2242,2242,2242,2242,2242,2242,2242,2242,2242,2242,2242,2242,2242,2242,2242,2242,2242,2242,2242,2242,2242,2242,2242,2242,2242,2242,2242,2242,2242,2242,2242,2242,2242,2242,2242,2242,2242,2242,2242,2242,2242,2242,2242,2242,2242,2242,2242,2242,2242,2242,2242,2242,2242,2242,2242,2242,2242,2242,2242,2242,2242,2242,2242,2242,2242,2242,2242,2242,2242,2242,2242,2242,2242,2242,2242,2242,
size:33
[agent] id:2
path:801,908,1015,1122,1229,1336,1443,1442,1441,1440,1439,1438,1545,1652,1759,1866,1973,1974,1975,1976,1977,1978,1979,1980,1981,1982,1983,1984,1985,1986,1987,1988,1989,1990,1991,1992,1993,1994,1995,1996,1997,1998,1999,2000,2001,2002,2003,2004,2005,2006,2007,2008,2009,2010,2011,2012,2013,2014,2015,2016,2016,2016,2016,2016,2016,2016,2016,2016,2016,2016,2016,2016,2016,2016,2016,2016,2016,2016,2016,2016,2016,2016,2016,2016,2016,2016,2016,2016,2016,2016,
goal:2016,2016,2016,2016,2016,2016,2016,2016,2016,2016,2016,2016,2016,2016,2016,2016,2016,2016,2016,2016,2016,2016,2016,2016,2016,2016,2016,2016,2016,2016,2016,2016,2016,2016,2016,2016,2016,2016,2016,2016,2016,2016,2016,2016,2016,2016,2016,2016,2016,2016,2016,2016,2016,2016,2016,2016,2016,2016,2016,2016,2016,2016,2016,2016,2016,2016,2016,2016,2016,2016,2016,2016,2016,2016,2016,2016,2016,2016,2016,2016,2016,2016,2016,2016,2016,2016,2016,2016,2016,2016,
size:59
[agent] id:3
path:3017,3018,3019,3020,3021,3022,3023,3024,3025,3026,3027,3028,3029,3030,3031,3032,3033,3034,3035,3036,3037,3038,3039,3040,3041,3042,3043,3044,3045,3046,3047,3048,3049,3050,3051,3052,3053,3054,3055,3056,3057,3058,3059,3060,3061,3062,3169,3170,3171,3172,3173,3280,3387,3494,3601,3601,3601,3601,3601,3601,3601,3601,3601,3601,3601,3601,3601,3601,3601,3601,3601,3601,3601,3601,3601,3601,3601,3601,3601,3601,3601,3601,3601,3601,3601,3601,3601,3601,3601,3601,
goal:3601,3601,3601,3601,3601,3601,3601,3601,3601,3601,3601,3601,3601,3601,3601,3601,3601,3601,3601,3601,3601,3601,3601,3601,3601,3601,3601,3601,3601,3601,3601,3601,3601,3601,3601,3601,3601,3601,3601,3601,3601,3601,3601,3601,3601,3601,3601,3601,3601,3601,3601,3601,3601,3601,3601,3601,3601,3601,3601,3601,3601,3601,3601,3601,3601,3601,3601,3601,3601,3601,3601,3601,3601,3601,3601,3601,3601,3601,3601,3601,3601,3601,3601,3601,3601,3601,3601,3601,3601,3601,
size:54
[agent] id:4
path:4562,4455,4348,4241,4134,4027,3920,3813,3706,3599,3600,3601,3494,3387,3280,3173,3066,2959,2852,2745,2638,2531,2530,2423,2316,2209,2208,2207,2206,2099,2098,2097,2096,2095,1988,1987,1986,1985,1984,1983,1982,1981,1980,1979,1978,1871,1870,1869,1868,1867,1866,1759,1652,1545,1438,1331,1332,1333,1334,1335,1336,1337,1337,1337,1337,1337,1337,1337,1337,1337,1337,1337,1337,1337,1337,1337,1337,1337,1337,1337,1337,1337,1337,1337,1337,1337,1337,1337,1337,1337,
goal:1337,1337,1337,1337,1337,1337,1337,1337,1337,1337,1337,1337,1337,1337,1337,1337,1337,1337,1337,1337,1337,1337,1337,1337,1337,1337,1337,1337,1337,1337,1337,1337,1337,1337,1337,1337,1337,1337,1337,1337,1337,1337,1337,1337,1337,1337,1337,1337,1337,1337,1337,1337,1337,1337,1337,1337,1337,1337,1337,1337,1337,1337,1337,1337,1337,1337,1337,1337,1337,1337,1337,1337,1337,1337,1337,1337,1337,1337,1337,1337,1337,1337,1337,1337,1337,1337,1337,1337,1337,1337,
size:61
[agent] id:5
path:2773,2666,2559,2558,2557,2556,2555,2554,2553,2552,2551,2550,2549,2548,2547,2546,2439,2438,2437,2436,2435,2434,2433,2432,2431,2430,2429,2428,2427,2426,2425,2424,2423,2422,2421,2420,2419,2418,2417,2416,2415,2414,2413,2412,2411,2410,2409,2408,2407,2406,2405,2404,2403,2402,2401,2400,2399,2398,2397,2396,2395,2394,2393,2392,2391,2390,2389,2388,2387,2386,2385,2384,2383,2382,2381,2380,2379,2378,2377,2376,2375,2374,2373,2372,2371,2370,2369,2368,2367,2260,
goal:2260,2260,2260,2260,2260,2260,2260,2260,2260,2260,2260,2260,2260,2260,2260,2260,2260,2260,2260,2260,2260,2260,2260,2260,2260,2260,2260,2260,2260,2260,2260,2260,2260,2260,2260,2260,2260,2260,2260,2260,2260,2260,2260,2260,2260,2260,2260,2260,2260,2260,2260,2260,2260,2260,2260,2260,2260,2260,2260,2260,2260,2260,2260,2260,2260,2260,2260,2260,2260,2260,2260,2260,2260,2260,2260,2260,2260,2260,2260,2260,2260,2260,2260,2260,2260,2260,2260,2260,2260,2260,
size:89
[agent] id:6
path:2532,2425,2424,2423,2422,2421,2420,2419,2418,2417,2416,2415,2414,2413,2412,2411,2410,2409,2408,2407,2406,2405,2404,2403,2402,2401,2400,2399,2398,2397,2396,2395,2394,2393,2392,2391,2390,2389,2388,2387,2386,2385,2384,2383,2382,2381,2380,2379,2378,2377,2376,2375,2374,2373,2372,2371,2370,2369,2368,2367,2260,2153,2046,2045,2045,2045,2045,2045,2045,2045,2045,2045,2045,2045,2045,2045,2045,2045,2045,2045,2045,2045,2045,2045,2045,2045,2045,2045,2045,2045,
goal:2045,2045,2045,2045,2045,2045,2045,2045,2045,2045,2045,2045,2045,2045,2045,2045,2045,2045,2045,2045,2045,2045,2045,2045,2045,2045,2045,2045,2045,2045,2045,2045,2045,2045,2045,2045,2045,2045,2045,2045,2045,2045,2045,2045,2045,2045,2045,2045,2045,2045,2045,2045,2045,2045,2045,2045,2045,2045,2045,2045,2045,2045,2045,2045,2045,2045,2045,2045,2045,2045,2045,2045,2045,2045,2045,2045,2045,2045,2045,2045,2045,2045,2045,2045,2045,2045,2045,2045,2045,2045,
size:63
[agent] id:7
path:389,496,603,710,817,924,1031,1138,1245,1352,1459,1460,1461,1568,1675,1782,1889,1996,2103,2210,2317,2424,2531,2638,2745,2852,2959,3066,3173,3280,3387,3494,3601,3708,3815,3922,4029,4136,4243,4350,4457,4458,4458,4458,4458,4458,4458,4458,4458,4458,4458,4458,4458,4458,4458,4458,4458,4458,4458,4458,4458,4458,4458,4458,4458,4458,4458,4458,4458,4458,4458,4458,4458,4458,4458,4458,4458,4458,4458,4458,4458,4458,4458,4458,4458,4458,4458,4458,4458,4458,
goal:4458,4458,4458,4458,4458,4458,4458,4458,4458,4458,4458,4458,4458,4458,4458,4458,4458,4458,4458,4458,4458,4458,4458,4458,4458,4458,4458,4458,4458,4458,4458,4458,4458,4458,4458,4458,4458,4458,4458,4458,4458,4458,4458,4458,4458,4458,4458,4458,4458,4458,4458,4458,4458,4458,4458,4458,4458,4458,4458,4458,4458,4458,4458,4458,4458,4458,4458,4458,4458,4458,4458,4458,4458,4458,4458,4458,4458,4458,4458,4458,4458,4458,4458,4458,4458,4458,4458,4458,4458,4458,
size:41
[agent] id:8
path:2171,2064,1957,1956,1955,1954,1953,1952,1952,1952,1952,1952,1952,1952,1952,1952,1952,1952,1952,1952,1952,1952,1952,1952,1952,1952,1952,1952,1952,1952,1952,1952,1952,1952,1952,1952,1952,1952,1952,1952,1952,1952,1952,1952,1952,1952,1952,1952,1952,1952,1952,1952,1952,1952,1952,1952,1952,1952,1952,1952,1952,1952,1952,1952,1952,1952,1952,1952,1952,1952,1952,1952,1952,1952,1952,1952,1952,1952,1952,1952,1952,1952,1952,1952,1952,1952,1952,1952,1952,1952,
goal:1952,1952,1952,1952,1952,1952,1952,1952,1952,1952,1952,1952,1952,1952,1952,1952,1952,1952,1952,1952,1952,1952,1952,1952,1952,1952,1952,1952,1952,1952,1952,1952,1952,1952,1952,1952,1952,1952,1952,1952,1952,1952,1952,1952,1952,1952,1952,1952,1952,1952,1952,1952,1952,1952,1952,1952,1952,1952,1952,1952,1952,1952,1952,1952,1952,1952,1952,1952,1952,1952,1952,1952,1952,1952,1952,1952,1952,1952,1952,1952,1952,1952,1952,1952,1952,1952,1952,1952,1952,1952,
size:7
[agent] id:9
path:2180,2073,2074,2075,2076,2077,2078,2079,2080,2081,2082,2083,2084,2085,2086,2087,2088,2089,2090,2091,2092,2093,2094,2095,2096,2097,2098,2099,2100,2101,2102,2103,2104,2105,2106,2107,2108,2108,2108,2108,2108,2108,2108,2108,2108,2108,2108,2108,2108,2108,2108,2108,2108,2108,2108,2108,2108,2108,2108,2108,2108,2108,2108,2108,2108,2108,2108,2108,2108,2108,2108,2108,2108,2108,2108,2108,2108,2108,2108,2108,2108,2108,2108,2108,2108,2108,2108,2108,2108,2108,
goal:2108,2108,2108,2108,2108,2108,2108,2108,2108,2108,2108,2108,2108,2108,2108,2108,2108,2108,2108,2108,2108,2108,2108,2108,2108,2108,2108,2108,2108,2108,2108,2108,2108,2108,2108,2108,2108,2108,2108,2108,2108,2108,2108,2108,2108,2108,2108,2108,2108,2108,2108,2108,2108,2108,2108,2108,2108,2108,2108,2108,2108,2108,2108,2108,2108,2108,2108,2108,2108,2108,2108,2108,2108,2108,2108,2108,2108,2108,2108,2108,2108,2108,2108,2108,2108,2108,2108,2108,2108,2108,
size:36
SolutionCost:474
