[setting] seed:71
[solver] type:ECBS
[solver] w:3.000000
[solver] ID:0
[solver] Lowlevelnode:3684
[solver] solved:1
[solver] elapsed:128
[solver] makespan:77
[problem] timesteplimit:10000
[problem] type:MAPF
[problem] agentnum:10
[graph] width:107
[graph] height:47
[graph] filename:./map/orz601d.map
[task] id:7,start:0,end:0,service time:0,nodes:2217,
[task] id:5,start:0,end:0,service time:0,nodes:1009,
[task] id:4,start:0,end:0,service time:0,nodes:605,
[task] id:0,start:0,end:0,service time:0,nodes:2615,
[task] id:9,start:0,end:0,service time:0,nodes:2515,
[task] id:10,start:0,end:0,service time:0,nodes:2615,
[task] id:2,start:0,end:0,service time:0,nodes:885,
[task] id:1,start:0,end:0,service time:0,nodes:2507,
[task] id:8,start:0,end:0,service time:0,nodes:2633,
[task] id:3,start:0,end:0,service time:0,nodes:2324,
[task] id:6,start:0,end:0,service time:0,nodes:2660,
[agent] id:0
path:2645,2644,2643,2642,2641,2640,2639,2638,2637,2636,2635,2634,2633,2632,2631,2630,2629,2628,2627,2626,2625,2624,2623,2622,2621,2620,2619,2618,2617,2616,2615,2508,2508,2615,2615,2615,2615,2615,2615,2615,2615,2615,2615,2615,2615,2615,2615,2615,2615,2615,2615,2615,2615,2615,2615,2615,2615,2615,2615,2615,2615,2615,2615,2615,2615,2615,2615,2615,2615,2615,2615,2615,2615,2615,2615,2615,2615,2615,
goal:2615,2615,2615,2615,2615,2615,2615,2615,2615,2615,2615,2615,2615,2615,2615,2615,2615,2615,2615,2615,2615,2615,2615,2615,2615,2615,2615,2615,2615,2615,2615,2615,2615,2615,2615,2615,2615,2615,2615,2615,2615,2615,2615,2615,2615,2615,2615,2615,2615,2615,2615,2615,2615,2615,2615,2615,2615,2615,2615,2615,2615,2615,2615,2615,2615,2615,2615,2615,2615,2615,2615,2615,2615,2615,2615,2615,2615,2615,
size:33
[agent] id:1
path:2868,2761,2654,2653,2652,2651,2650,2649,2648,2647,2646,2645,2644,2643,2642,2641,2640,2639,2638,2637,2636,2635,2634,2633,2632,2631,2630,2629,2628,2627,2626,2625,2624,2623,2622,2621,2514,2513,2512,2511,2510,2509,2508,2507,2507,2507,2507,2507,2507,2507,2507,2507,2507,2507,2507,2507,2507,2507,2507,2507,2507,2507,2507,2507,2507,2507,2507,2507,2507,2507,2507,2507,2507,2507,2507,2507,2507,2507,
goal:2507,2507,2507,2507,2507,2507,2507,2507,2507,2507,2507,2507,2507,2507,2507,2507,2507,2507,2507,2507,2507,2507,2507,2507,2507,2507,2507,2507,2507,2507,2507,2507,2507,2507,2507,2507,2507,2507,2507,2507,2507,2507,2507,2507,2507,2507,2507,2507,2507,2507,2507,2507,2507,2507,2507,2507,2507,2507,2507,2507,2507,2507,2507,2507,2507,2507,2507,2507,2507,2507,2507,2507,2507,2507,2507,2507,2507,2507,
size:43
[agent] id:2
path:3027,2920,2813,2706,2599,2492,2385,2278,2171,2064,1957,1956,1955,1954,1847,1846,1845,1844,1843,1842,1735,1628,1521,1414,1307,1200,1093,986,879,880,881,882,883,884,885,885,885,885,885,885,885,885,885,885,885,885,885,885,885,885,885,885,885,885,885,885,885,885,885,885,885,885,885,885,885,885,885,885,885,885,885,885,885,885,885,885,885,885,
goal:885,885,885,885,885,885,885,885,885,885,885,885,885,885,885,885,885,885,885,885,885,885,885,885,885,885,885,885,885,885,885,885,885,885,885,885,885,885,885,885,885,885,885,885,885,885,885,885,885,885,885,885,885,885,885,885,885,885,885,885,885,885,885,885,885,885,885,885,885,885,885,885,885,885,885,885,885,885,
size:34
[agent] id:3
path:1311,1418,1417,1416,1415,1414,1521,1628,1735,1842,1949,2056,2163,2270,2271,2272,2273,2274,2275,2276,2277,2278,2279,2280,2281,2282,2283,2284,2285,2286,2287,2288,2289,2290,2291,2292,2293,2294,2295,2296,2297,2298,2299,2300,2301,2302,2303,2304,2305,2306,2307,2308,2309,2310,2311,2312,2313,2314,2315,2316,2317,2318,2319,2320,2321,2322,2323,2324,2324,2324,2324,2324,2324,2324,2324,2324,2324,2324,
goal:2324,2324,2324,2324,2324,2324,2324,2324,2324,2324,2324,2324,2324,2324,2324,2324,2324,2324,2324,2324,2324,2324,2324,2324,2324,2324,2324,2324,2324,2324,2324,2324,2324,2324,2324,2324,2324,2324,2324,2324,2324,2324,2324,2324,2324,2324,2324,2324,2324,2324,2324,2324,2324,2324,2324,2324,2324,2324,2324,2324,2324,2324,2324,2324,2324,2324,2324,2324,2324,2324,2324,2324,2324,2324,2324,2324,2324,2324,
size:67
[agent] id:4
path:3602,3495,3388,3281,3174,3067,2960,2853,2746,2639,2532,2425,2318,2211,2104,1997,1890,1783,1676,1569,1462,1355,1248,1141,1034,927,820,713,606,605,605,605,605,605,605,605,605,605,605,605,605,605,605,605,605,605,605,605,605,605,605,605,605,605,605,605,605,605,605,605,605,605,605,605,605,605,605,605,605,605,605,605,605,605,605,605,605,605,
goal:605,605,605,605,605,605,605,605,605,605,605,605,605,605,605,605,605,605,605,605,605,605,605,605,605,605,605,605,605,605,605,605,605,605,605,605,605,605,605,605,605,605,605,605,605,605,605,605,605,605,605,605,605,605,605,605,605,605,605,605,605,605,605,605,605,605,605,605,605,605,605,605,605,605,605,605,605,605,
size:29
[agent] id:5
path:2304,2197,2090,1983,1982,1981,1980,1979,1978,1871,1870,1869,1868,1867,1866,1759,1652,1545,1438,1331,1224,1117,1010,1009,1009,1009,1009,1009,1009,1009,1009,1009,1009,1009,1009,1009,1009,1009,1009,1009,1009,1009,1009,1009,1009,1009,1009,1009,1009,1009,1009,1009,1009,1009,1009,1009,1009,1009,1009,1009,1009,1009,1009,1009,1009,1009,1009,1009,1009,1009,1009,1009,1009,1009,1009,1009,1009,1009,
goal:1009,1009,1009,1009,1009,1009,1009,1009,1009,1009,1009,1009,1009,1009,1009,1009,1009,1009,1009,1009,1009,1009,1009,1009,1009,1009,1009,1009,1009,1009,1009,1009,1009,1009,1009,1009,1009,1009,1009,1009,1009,1009,1009,1009,1009,1009,1009,1009,1009,1009,1009,1009,1009,1009,1009,1009,1009,1009,1009,1009,1009,1009,1009,1009,1009,1009,1009,1009,1009,1009,1009,1009,1009,1009,1009,1009,1009,1009,
size:23
[agent] id:6
path:1735,1842,1949,2056,2163,2270,2377,2378,2379,2380,2381,2382,2383,2384,2385,2386,2387,2388,2389,2390,2391,2392,2393,2394,2395,2396,2397,2398,2399,2400,2401,2402,2403,2404,2405,2406,2407,2408,2409,2516,2517,2518,2519,2520,2521,2522,2523,2524,2525,2526,2527,2634,2635,2636,2637,2638,2639,2640,2641,2642,2643,2644,2645,2646,2647,2648,2649,2650,2651,2652,2653,2654,2655,2656,2657,2658,2659,2660,
goal:2660,2660,2660,2660,2660,2660,2660,2660,2660,2660,2660,2660,2660,2660,2660,2660,2660,2660,2660,2660,2660,2660,2660,2660,2660,2660,2660,2660,2660,2660,2660,2660,2660,2660,2660,2660,2660,2660,2660,2660,2660,2660,2660,2660,2660,2660,2660,2660,2660,2660,2660,2660,2660,2660,2660,2660,2660,2660,2660,2660,2660,2660,2660,2660,2660,2660,2660,2660,2660,2660,2660,2660,2660,2660,2660,2660,2660,2660,
size:77
[agent] id:7
path:714,821,928,1035,1142,1249,1356,1463,1462,1569,1676,1783,1890,1997,1998,2105,2212,2213,2214,2215,2216,2217,2217,2217,2217,2217,2217,2217,2217,2217,2217,2217,2217,2217,2217,2217,2217,2217,2217,2217,2217,2217,2217,2217,2217,2217,2217,2217,2217,2217,2217,2217,2217,2217,2217,2217,2217,2217,2217,2217,2217,2217,2217,2217,2217,2217,2217,2217,2217,2217,2217,2217,2217,2217,2217,2217,2217,2217,
goal:2217,2217,2217,2217,2217,2217,2217,2217,2217,2217,2217,2217,2217,2217,2217,2217,2217,2217,2217,2217,2217,2217,2217,2217,2217,2217,2217,2217,2217,2217,2217,2217,2217,2217,2217,2217,2217,2217,2217,2217,2217,2217,2217,2217,2217,2217,2217,2217,2217,2217,2217,2217,2217,2217,2217,2217,2217,2217,2217,2217,2217,2217,2217,2217,2217,2217,2217,2217,2217,2217,2217,2217,2217,2217,2217,2217,2217,2217,
size:21
[agent] id:8
path:2372,2479,2586,2587,2588,2589,2590,2591,2592,2593,2594,2595,2596,2597,2598,2599,2600,2601,2602,2603,2604,2605,2606,2607,2608,2609,2610,2611,2612,2613,2614,2615,2616,2617,2618,2619,2620,2621,2622,2623,2624,2625,2626,2627,2628,2629,2630,2631,2632,2633,2633,2633,2633,2633,2633,2633,2633,2633,2633,2633,2633,2633,2633,2633,2633,2633,2633,2633,2633,2633,2633,2633,2633,2633,2633,2633,2633,2633,
goal:2633,2633,2633,2633,2633,2633,2633,2633,2633,2633,2633,2633,2633,2633,2633,2633,2633,2633,2633,2633,2633,2633,2633,2633,2633,2633,2633,2633,2633,2633,2633,2633,2633,2633,2633,2633,2633,2633,2633,2633,2633,2633,2633,2633,2633,2633,2633,2633,2633,2633,2633,2633,2633,2633,2633,2633,2633,2633,2633,2633,2633,2633,2633,2633,2633,2633,2633,2633,2633,2633,2633,2633,2633,2633,2633,2633,2633,2633,
size:49
[agent] id:9
path:2865,2758,2651,2544,2543,2542,2541,2540,2539,2538,2537,2536,2535,2534,2533,2532,2531,2530,2529,2528,2527,2526,2525,2524,2523,2522,2521,2520,2519,2518,2517,2516,2515,2515,2515,2515,2515,2515,2515,2515,2515,2515,2515,2515,2515,2515,2515,2515,2515,2515,2515,2515,2515,2515,2515,2515,2515,2515,2515,2515,2515,2515,2515,2515,2515,2515,2515,2515,2515,2515,2515,2515,2515,2515,2515,2515,2515,2515,
goal:2515,2515,2515,2515,2515,2515,2515,2515,2515,2515,2515,2515,2515,2515,2515,2515,2515,2515,2515,2515,2515,2515,2515,2515,2515,2515,2515,2515,2515,2515,2515,2515,2515,2515,2515,2515,2515,2515,2515,2515,2515,2515,2515,2515,2515,2515,2515,2515,2515,2515,2515,2515,2515,2515,2515,2515,2515,2515,2515,2515,2515,2515,2515,2515,2515,2515,2515,2515,2515,2515,2515,2515,2515,2515,2515,2515,2515,2515,
size:32
SolutionCost:408
