[setting] seed:31
[solver] type:ECBS
[solver] w:3.000000
[solver] ID:0
[solver] Lowlevelnode:748
[solver] solved:1
[solver] elapsed:8
[solver] makespan:88
[problem] timesteplimit:10000
[problem] type:MAPF
[problem] agentnum:10
[graph] width:107
[graph] height:47
[graph] filename:./map/orz601d.map
[task] id:5,start:0,end:0,service time:0,nodes:2004,
[task] id:7,start:0,end:0,service time:0,nodes:2116,
[task] id:8,start:0,end:0,service time:0,nodes:2420,
[task] id:2,start:0,end:0,service time:0,nodes:3280,
[task] id:1,start:0,end:0,service time:0,nodes:2055,
[task] id:0,start:0,end:0,service time:0,nodes:1759,
[task] id:4,start:0,end:0,service time:0,nodes:989,
[task] id:9,start:0,end:0,service time:0,nodes:2951,
[task] id:3,start:0,end:0,service time:0,nodes:609,
[task] id:6,start:0,end:0,service time:0,nodes:2232,
[agent] id:0
path:2901,2794,2687,2580,2473,2366,2367,2368,2369,2370,2371,2264,2157,2050,1943,1944,1945,1946,1947,1948,1949,1950,1951,1952,1953,1954,1955,1956,1957,1958,1959,1960,1961,1962,1963,1964,1965,1966,1967,1860,1861,1862,1863,1864,1865,1758,1759,1759,1759,1759,1759,1759,1759,1759,1759,1759,1759,1759,1759,1759,1759,1759,1759,1759,1759,1759,1759,1759,1759,1759,1759,1759,1759,1759,1759,1759,1759,1759,1759,1759,1759,1759,1759,1759,1759,1759,1759,1759,1759,
goal:1759,1759,1759,1759,1759,1759,1759,1759,1759,1759,1759,1759,1759,1759,1759,1759,1759,1759,1759,1759,1759,1759,1759,1759,1759,1759,1759,1759,1759,1759,1759,1759,1759,1759,1759,1759,1759,1759,1759,1759,1759,1759,1759,1759,1759,1759,1759,1759,1759,1759,1759,1759,1759,1759,1759,1759,1759,1759,1759,1759,1759,1759,1759,1759,1759,1759,1759,1759,1759,1759,1759,1759,1759,1759,1759,1759,1759,1759,1759,1759,1759,1759,1759,1759,1759,1759,1759,1759,1759,
size:46
[agent] id:1
path:2938,2831,2724,2617,2510,2403,2296,2189,2082,2081,2080,2079,2078,2077,2076,2075,2074,2073,2072,2071,2070,2069,2068,2067,2066,2065,2064,2063,2062,2061,2060,2059,2058,2057,2056,2055,2055,2055,2055,2055,2055,2055,2055,2055,2055,2055,2055,2055,2055,2055,2055,2055,2055,2055,2055,2055,2055,2055,2055,2055,2055,2055,2055,2055,2055,2055,2055,2055,2055,2055,2055,2055,2055,2055,2055,2055,2055,2055,2055,2055,2055,2055,2055,2055,2055,2055,2055,2055,2055,
goal:2055,2055,2055,2055,2055,2055,2055,2055,2055,2055,2055,2055,2055,2055,2055,2055,2055,2055,2055,2055,2055,2055,2055,2055,2055,2055,2055,2055,2055,2055,2055,2055,2055,2055,2055,2055,2055,2055,2055,2055,2055,2055,2055,2055,2055,2055,2055,2055,2055,2055,2055,2055,2055,2055,2055,2055,2055,2055,2055,2055,2055,2055,2055,2055,2055,2055,2055,2055,2055,2055,2055,2055,2055,2055,2055,2055,2055,2055,2055,2055,2055,2055,2055,2055,2055,2055,2055,2055,2055,
size:35
[agent] id:2
path:2511,2618,2725,2832,2939,3046,3047,3048,3049,3050,3051,3052,3053,3054,3055,3056,3057,3058,3059,3060,3061,3062,3169,3170,3171,3172,3173,3280,3280,3280,3280,3280,3280,3280,3280,3280,3280,3280,3280,3280,3280,3280,3280,3280,3280,3280,3280,3280,3280,3280,3280,3280,3280,3280,3280,3280,3280,3280,3280,3280,3280,3280,3280,3280,3280,3280,3280,3280,3280,3280,3280,3280,3280,3280,3280,3280,3280,3280,3280,3280,3280,3280,3280,3280,3280,3280,3280,3280,3280,
goal:3280,3280,3280,3280,3280,3280,3280,3280,3280,3280,3280,3280,3280,3280,3280,3280,3280,3280,3280,3280,3280,3280,3280,3280,3280,3280,3280,3280,3280,3280,3280,3280,3280,3280,3280,3280,3280,3280,3280,3280,3280,3280,3280,3280,3280,3280,3280,3280,3280,3280,3280,3280,3280,3280,3280,3280,3280,3280,3280,3280,3280,3280,3280,3280,3280,3280,3280,3280,3280,3280,3280,3280,3280,3280,3280,3280,3280,3280,3280,3280,3280,3280,3280,3280,3280,3280,3280,3280,3280,
size:27
[agent] id:3
path:3129,3022,2915,2808,2701,2594,2487,2380,2273,2166,2059,1952,1953,1954,1955,1956,1957,1958,1959,1960,1961,1962,1963,1964,1965,1966,1967,1968,1969,1970,1971,1972,1973,1974,1975,1976,1977,1978,1979,1980,1981,1982,1983,1984,1985,1986,1987,1988,1989,1990,1991,1884,1885,1886,1887,1888,1889,1782,1675,1568,1461,1354,1247,1140,1033,926,819,712,605,606,607,608,609,609,609,609,609,609,609,609,609,609,609,609,609,609,609,609,609,
goal:609,609,609,609,609,609,609,609,609,609,609,609,609,609,609,609,609,609,609,609,609,609,609,609,609,609,609,609,609,609,609,609,609,609,609,609,609,609,609,609,609,609,609,609,609,609,609,609,609,609,609,609,609,609,609,609,609,609,609,609,609,609,609,609,609,609,609,609,609,609,609,609,609,609,609,609,609,609,609,609,609,609,609,609,609,609,609,609,609,
size:72
[agent] id:4
path:3160,3053,2946,2839,2732,2625,2518,2411,2304,2197,2090,2089,2088,2087,2086,2085,2084,2083,2082,2081,2080,2079,2078,2077,2076,2075,2074,2073,2072,2071,2070,2069,2068,2067,1960,1959,1958,1957,1956,1955,1954,1847,1846,1845,1844,1843,1842,1735,1628,1521,1414,1307,1200,1093,986,987,988,989,989,989,989,989,989,989,989,989,989,989,989,989,989,989,989,989,989,989,989,989,989,989,989,989,989,989,989,989,989,989,989,
goal:989,989,989,989,989,989,989,989,989,989,989,989,989,989,989,989,989,989,989,989,989,989,989,989,989,989,989,989,989,989,989,989,989,989,989,989,989,989,989,989,989,989,989,989,989,989,989,989,989,989,989,989,989,989,989,989,989,989,989,989,989,989,989,989,989,989,989,989,989,989,989,989,989,989,989,989,989,989,989,989,989,989,989,989,989,989,989,989,989,
size:57
[agent] id:5
path:2322,2215,2108,2001,2002,2003,2004,2004,2004,2004,2004,2004,2004,2004,2004,2004,2004,2004,2004,2004,2004,2004,2004,2004,2004,2004,2004,2004,2004,2004,2004,2004,2004,2004,2004,2004,2004,2004,2004,2004,2004,2004,2004,2004,2004,2004,2004,2004,2004,2004,2004,2004,2004,2004,2004,2004,2004,2004,2004,2004,2004,2004,2004,2004,2004,2004,2004,2004,2004,2004,2004,2004,2004,2004,2004,2004,2004,2004,2004,2004,2004,2004,2004,2004,2004,2004,2004,2004,2004,
goal:2004,2004,2004,2004,2004,2004,2004,2004,2004,2004,2004,2004,2004,2004,2004,2004,2004,2004,2004,2004,2004,2004,2004,2004,2004,2004,2004,2004,2004,2004,2004,2004,2004,2004,2004,2004,2004,2004,2004,2004,2004,2004,2004,2004,2004,2004,2004,2004,2004,2004,2004,2004,2004,2004,2004,2004,2004,2004,2004,2004,2004,2004,2004,2004,2004,2004,2004,2004,2004,2004,2004,2004,2004,2004,2004,2004,2004,2004,2004,2004,2004,2004,2004,2004,2004,2004,2004,2004,2004,
size:6
[agent] id:6
path:2254,2255,2256,2257,2258,2259,2260,2367,2368,2369,2370,2371,2264,2157,2158,2159,2160,2161,2162,2163,2164,2165,2166,2167,2168,2169,2170,2171,2172,2173,2174,2175,2176,2177,2178,2179,2180,2181,2182,2183,2184,2185,2186,2187,2188,2189,2190,2191,2192,2193,2194,2195,2196,2197,2198,2199,2200,2201,2202,2203,2204,2205,2206,2207,2208,2209,2210,2211,2212,2213,2214,2215,2216,2217,2218,2219,2220,2221,2222,2223,2224,2225,2226,2227,2228,2229,2230,2231,2232,
goal:2232,2232,2232,2232,2232,2232,2232,2232,2232,2232,2232,2232,2232,2232,2232,2232,2232,2232,2232,2232,2232,2232,2232,2232,2232,2232,2232,2232,2232,2232,2232,2232,2232,2232,2232,2232,2232,2232,2232,2232,2232,2232,2232,2232,2232,2232,2232,2232,2232,2232,2232,2232,2232,2232,2232,2232,2232,2232,2232,2232,2232,2232,2232,2232,2232,2232,2232,2232,2232,2232,2232,2232,2232,2232,2232,2232,2232,2232,2232,2232,2232,2232,2232,2232,2232,2232,2232,2232,2232,
size:88
[agent] id:7
path:2209,2102,2103,2104,2105,2106,2107,2108,2109,2110,2111,2112,2113,2114,2115,2116,2116,2116,2116,2116,2116,2116,2116,2116,2116,2116,2116,2116,2116,2116,2116,2116,2116,2116,2116,2116,2116,2116,2116,2116,2116,2116,2116,2116,2116,2116,2116,2116,2116,2116,2116,2116,2116,2116,2116,2116,2116,2116,2116,2116,2116,2116,2116,2116,2116,2116,2116,2116,2116,2116,2116,2116,2116,2116,2116,2116,2116,2116,2116,2116,2116,2116,2116,2116,2116,2116,2116,2116,2116,
goal:2116,2116,2116,2116,2116,2116,2116,2116,2116,2116,2116,2116,2116,2116,2116,2116,2116,2116,2116,2116,2116,2116,2116,2116,2116,2116,2116,2116,2116,2116,2116,2116,2116,2116,2116,2116,2116,2116,2116,2116,2116,2116,2116,2116,2116,2116,2116,2116,2116,2116,2116,2116,2116,2116,2116,2116,2116,2116,2116,2116,2116,2116,2116,2116,2116,2116,2116,2116,2116,2116,2116,2116,2116,2116,2116,2116,2116,2116,2116,2116,2116,2116,2116,2116,2116,2116,2116,2116,2116,
size:15
[agent] id:8
path:2437,2436,2435,2434,2433,2432,2431,2430,2429,2428,2427,2426,2425,2424,2423,2422,2421,2420,2420,2420,2420,2420,2420,2420,2420,2420,2420,2420,2420,2420,2420,2420,2420,2420,2420,2420,2420,2420,2420,2420,2420,2420,2420,2420,2420,2420,2420,2420,2420,2420,2420,2420,2420,2420,2420,2420,2420,2420,2420,2420,2420,2420,2420,2420,2420,2420,2420,2420,2420,2420,2420,2420,2420,2420,2420,2420,2420,2420,2420,2420,2420,2420,2420,2420,2420,2420,2420,2420,2420,
goal:2420,2420,2420,2420,2420,2420,2420,2420,2420,2420,2420,2420,2420,2420,2420,2420,2420,2420,2420,2420,2420,2420,2420,2420,2420,2420,2420,2420,2420,2420,2420,2420,2420,2420,2420,2420,2420,2420,2420,2420,2420,2420,2420,2420,2420,2420,2420,2420,2420,2420,2420,2420,2420,2420,2420,2420,2420,2420,2420,2420,2420,2420,2420,2420,2420,2420,2420,2420,2420,2420,2420,2420,2420,2420,2420,2420,2420,2420,2420,2420,2420,2420,2420,2420,2420,2420,2420,2420,2420,
size:17
[agent] id:9
path:991,1098,1205,1312,1419,1418,1417,1416,1415,1414,1521,1628,1735,1842,1949,2056,2163,2270,2377,2484,2591,2698,2805,2912,2913,2914,2915,2916,2917,2918,2919,2920,2921,2922,2923,2924,2925,2926,2927,2928,2929,2930,2931,2932,2933,2934,2935,2936,2937,2938,2939,2940,2941,2942,2943,2944,2945,2946,2947,2948,2949,2950,2951,2951,2951,2951,2951,2951,2951,2951,2951,2951,2951,2951,2951,2951,2951,2951,2951,2951,2951,2951,2951,2951,2951,2951,2951,2951,2951,
goal:2951,2951,2951,2951,2951,2951,2951,2951,2951,2951,2951,2951,2951,2951,2951,2951,2951,2951,2951,2951,2951,2951,2951,2951,2951,2951,2951,2951,2951,2951,2951,2951,2951,2951,2951,2951,2951,2951,2951,2951,2951,2951,2951,2951,2951,2951,2951,2951,2951,2951,2951,2951,2951,2951,2951,2951,2951,2951,2951,2951,2951,2951,2951,2951,2951,2951,2951,2951,2951,2951,2951,2951,2951,2951,2951,2951,2951,2951,2951,2951,2951,2951,2951,2951,2951,2951,2951,2951,2951,
size:62
SolutionCost:425
