[setting] seed:21
[solver] type:ECBS
[solver] w:3.000000
[solver] ID:0
[solver] Lowlevelnode:2642
[solver] solved:1
[solver] elapsed:24
[solver] makespan:84
[problem] timesteplimit:10000
[problem] type:MAPF
[problem] agentnum:20
[graph] width:107
[graph] height:47
[graph] filename:./map/orz601d.map
[task] id:13,start:0,end:0,service time:0,nodes:2222,
[task] id:3,start:0,end:0,service time:0,nodes:4461,
[task] id:12,start:0,end:0,service time:0,nodes:2534,
[task] id:14,start:0,end:0,service time:0,nodes:2190,
[task] id:15,start:0,end:0,service time:0,nodes:2639,
[task] id:2,start:0,end:0,service time:0,nodes:2364,
[task] id:11,start:0,end:0,service time:0,nodes:1853,
[task] id:1,start:0,end:0,service time:0,nodes:2209,
[task] id:8,start:0,end:0,service time:0,nodes:4024,
[task] id:19,start:0,end:0,service time:0,nodes:3193,
[task] id:17,start:0,end:0,service time:0,nodes:3233,
[task] id:18,start:0,end:0,service time:0,nodes:2144,
[task] id:4,start:0,end:0,service time:0,nodes:3597,
[task] id:7,start:0,end:0,service time:0,nodes:2937,
[task] id:6,start:0,end:0,service time:0,nodes:1030,
[task] id:10,start:0,end:0,service time:0,nodes:3773,
[task] id:0,start:0,end:0,service time:0,nodes:3981,
[task] id:5,start:0,end:0,service time:0,nodes:1892,
[task] id:9,start:0,end:0,service time:0,nodes:3021,
[task] id:16,start:0,end:0,service time:0,nodes:659,
[agent] id:0
path:2437,2544,2651,2758,2865,2972,3079,3078,3077,3076,3075,3074,3073,3072,3071,3070,3069,3068,3067,3066,3065,3064,3063,3062,3061,3060,3059,3058,3057,3056,3055,3054,3053,3052,3051,3050,3049,3048,3047,3046,3045,3044,3043,3042,3041,3040,3039,3038,3037,3036,3035,3034,3033,3032,3031,3030,3029,3028,3027,3026,3025,3024,3131,3238,3345,3344,3343,3342,3341,3340,3447,3554,3661,3768,3875,3982,3981,3981,3981,3981,3981,3981,3981,3981,3981,
goal:3981,3981,3981,3981,3981,3981,3981,3981,3981,3981,3981,3981,3981,3981,3981,3981,3981,3981,3981,3981,3981,3981,3981,3981,3981,3981,3981,3981,3981,3981,3981,3981,3981,3981,3981,3981,3981,3981,3981,3981,3981,3981,3981,3981,3981,3981,3981,3981,3981,3981,3981,3981,3981,3981,3981,3981,3981,3981,3981,3981,3981,3981,3981,3981,3981,3981,3981,3981,3981,3981,3981,3981,3981,3981,3981,3981,3981,3981,3981,3981,3981,3981,3981,3981,3981,
size:76
[agent] id:1
path:2937,2830,2723,2616,2509,2402,2295,2188,2189,2190,2191,2192,2193,2194,2195,2196,2197,2198,2199,2200,2201,2202,2203,2204,2205,2206,2207,2208,2209,2209,2209,2209,2209,2209,2209,2209,2209,2209,2209,2209,2209,2209,2209,2209,2209,2209,2209,2209,2209,2209,2209,2209,2209,2209,2209,2209,2209,2209,2209,2209,2209,2209,2209,2209,2209,2209,2209,2209,2209,2209,2209,2209,2209,2209,2209,2209,2209,2209,2209,2209,2209,2209,2209,2209,2209,
goal:2209,2209,2209,2209,2209,2209,2209,2209,2209,2209,2209,2209,2209,2209,2209,2209,2209,2209,2209,2209,2209,2209,2209,2209,2209,2209,2209,2209,2209,2209,2209,2209,2209,2209,2209,2209,2209,2209,2209,2209,2209,2209,2209,2209,2209,2209,2209,2209,2209,2209,2209,2209,2209,2209,2209,2209,2209,2209,2209,2209,2209,2209,2209,2209,2209,2209,2209,2209,2209,2209,2209,2209,2209,2209,2209,2209,2209,2209,2209,2209,2209,2209,2209,2209,2209,
size:28
[agent] id:2
path:2709,2602,2495,2388,2387,2386,2385,2384,2383,2382,2381,2380,2379,2378,2377,2376,2375,2374,2373,2372,2371,2370,2369,2368,2367,2366,2365,2364,2364,2364,2364,2364,2364,2364,2364,2364,2364,2364,2364,2364,2364,2364,2364,2364,2364,2364,2364,2364,2364,2364,2364,2364,2364,2364,2364,2364,2364,2364,2364,2364,2364,2364,2364,2364,2364,2364,2364,2364,2364,2364,2364,2364,2364,2364,2364,2364,2364,2364,2364,2364,2364,2364,2364,2364,2364,
goal:2364,2364,2364,2364,2364,2364,2364,2364,2364,2364,2364,2364,2364,2364,2364,2364,2364,2364,2364,2364,2364,2364,2364,2364,2364,2364,2364,2364,2364,2364,2364,2364,2364,2364,2364,2364,2364,2364,2364,2364,2364,2364,2364,2364,2364,2364,2364,2364,2364,2364,2364,2364,2364,2364,2364,2364,2364,2364,2364,2364,2364,2364,2364,2364,2364,2364,2364,2364,2364,2364,2364,2364,2364,2364,2364,2364,2364,2364,2364,2364,2364,2364,2364,2364,2364,
size:27
[agent] id:3
path:4348,4455,4456,4457,4458,4459,4460,4461,4461,4461,4461,4461,4461,4461,4461,4461,4461,4461,4461,4461,4461,4461,4461,4461,4461,4461,4461,4461,4461,4461,4461,4461,4461,4461,4461,4461,4461,4461,4461,4461,4461,4461,4461,4461,4461,4461,4461,4461,4461,4461,4461,4461,4461,4461,4461,4461,4461,4461,4461,4461,4461,4461,4461,4461,4461,4461,4461,4461,4461,4461,4461,4461,4461,4461,4461,4461,4461,4461,4461,4461,4461,4461,4461,4461,4461,
goal:4461,4461,4461,4461,4461,4461,4461,4461,4461,4461,4461,4461,4461,4461,4461,4461,4461,4461,4461,4461,4461,4461,4461,4461,4461,4461,4461,4461,4461,4461,4461,4461,4461,4461,4461,4461,4461,4461,4461,4461,4461,4461,4461,4461,4461,4461,4461,4461,4461,4461,4461,4461,4461,4461,4461,4461,4461,4461,4461,4461,4461,4461,4461,4461,4461,4461,4461,4461,4461,4461,4461,4461,4461,4461,4461,4461,4461,4461,4461,4461,4461,4461,4461,4461,4461,
size:7
[agent] id:4
path:2881,2880,2879,2772,2665,2664,2663,2662,2661,2660,2767,2874,2981,3088,3087,3086,3085,3084,3083,3082,3081,3080,3079,3078,3077,3076,3075,3074,3073,3072,3179,3178,3177,3176,3175,3174,3281,3388,3495,3602,3601,3600,3599,3598,3597,3597,3597,3597,3597,3597,3597,3597,3597,3597,3597,3597,3597,3597,3597,3597,3597,3597,3597,3597,3597,3597,3597,3597,3597,3597,3597,3597,3597,3597,3597,3597,3597,3597,3597,3597,3597,3597,3597,3597,3597,
goal:3597,3597,3597,3597,3597,3597,3597,3597,3597,3597,3597,3597,3597,3597,3597,3597,3597,3597,3597,3597,3597,3597,3597,3597,3597,3597,3597,3597,3597,3597,3597,3597,3597,3597,3597,3597,3597,3597,3597,3597,3597,3597,3597,3597,3597,3597,3597,3597,3597,3597,3597,3597,3597,3597,3597,3597,3597,3597,3597,3597,3597,3597,3597,3597,3597,3597,3597,3597,3597,3597,3597,3597,3597,3597,3597,3597,3597,3597,3597,3597,3597,3597,3597,3597,3597,
size:44
[agent] id:5
path:3111,3004,2897,2790,2683,2576,2469,2470,2363,2364,2365,2366,2367,2368,2369,2370,2371,2264,2157,2050,2051,2052,2053,2054,2055,2056,2057,2058,2059,2060,2061,2062,2063,2064,2065,2066,2067,2068,2069,2070,2071,2072,2073,2074,2075,2076,2077,1970,1971,1972,1973,1974,1975,1976,1977,1978,1979,1980,1981,1982,1983,1984,1985,1986,1987,1988,1989,1990,1991,1884,1885,1886,1887,1888,1889,1890,1891,1892,1892,1892,1892,1892,1892,1892,1892,
goal:1892,1892,1892,1892,1892,1892,1892,1892,1892,1892,1892,1892,1892,1892,1892,1892,1892,1892,1892,1892,1892,1892,1892,1892,1892,1892,1892,1892,1892,1892,1892,1892,1892,1892,1892,1892,1892,1892,1892,1892,1892,1892,1892,1892,1892,1892,1892,1892,1892,1892,1892,1892,1892,1892,1892,1892,1892,1892,1892,1892,1892,1892,1892,1892,1892,1892,1892,1892,1892,1892,1892,1892,1892,1892,1892,1892,1892,1892,1892,1892,1892,1892,1892,1892,1892,
size:77
[agent] id:6
path:578,685,792,899,1006,1113,1220,1327,1434,1435,1436,1437,1544,1651,1758,1865,1972,1972,1973,1974,1975,1976,1977,1978,1979,1980,1981,1982,1983,1984,1877,1878,1985,1986,1987,1988,1989,1990,1991,1884,1885,1886,1887,1888,1889,1782,1675,1568,1461,1354,1247,1140,1033,1032,1031,1030,1030,1030,1030,1030,1030,1030,1030,1030,1030,1030,1030,1030,1030,1030,1030,1030,1030,1030,1030,1030,1030,1030,1030,1030,1030,1030,1030,1030,1030,
goal:1030,1030,1030,1030,1030,1030,1030,1030,1030,1030,1030,1030,1030,1030,1030,1030,1030,1030,1030,1030,1030,1030,1030,1030,1030,1030,1030,1030,1030,1030,1030,1030,1030,1030,1030,1030,1030,1030,1030,1030,1030,1030,1030,1030,1030,1030,1030,1030,1030,1030,1030,1030,1030,1030,1030,1030,1030,1030,1030,1030,1030,1030,1030,1030,1030,1030,1030,1030,1030,1030,1030,1030,1030,1030,1030,1030,1030,1030,1030,1030,1030,1030,1030,1030,1030,
size:55
[agent] id:7
path:1720,1827,1934,2041,2148,2255,2362,2469,2470,2471,2472,2473,2474,2475,2476,2477,2478,2585,2692,2799,2906,2907,2908,2909,2910,2911,2912,2913,2914,2915,2916,2917,2918,2919,2920,2921,2922,2923,2924,2925,2926,2927,2928,2929,2930,2931,2932,2933,2934,2935,2936,2937,2937,2937,2937,2937,2937,2937,2937,2937,2937,2937,2937,2937,2937,2937,2937,2937,2937,2937,2937,2937,2937,2937,2937,2937,2937,2937,2937,2937,2937,2937,2937,2937,2937,
goal:2937,2937,2937,2937,2937,2937,2937,2937,2937,2937,2937,2937,2937,2937,2937,2937,2937,2937,2937,2937,2937,2937,2937,2937,2937,2937,2937,2937,2937,2937,2937,2937,2937,2937,2937,2937,2937,2937,2937,2937,2937,2937,2937,2937,2937,2937,2937,2937,2937,2937,2937,2937,2937,2937,2937,2937,2937,2937,2937,2937,2937,2937,2937,2937,2937,2937,2937,2937,2937,2937,2937,2937,2937,2937,2937,2937,2937,2937,2937,2937,2937,2937,2937,2937,2937,
size:51
[agent] id:8
path:2652,2759,2866,2973,3080,3079,3078,3077,3076,3075,3074,3073,3072,3179,3178,3177,3176,3175,3174,3281,3388,3495,3602,3709,3816,3923,4030,4029,4028,4027,4026,4025,4024,4024,4024,4024,4024,4024,4024,4024,4024,4024,4024,4024,4024,4024,4024,4024,4024,4024,4024,4024,4024,4024,4024,4024,4024,4024,4024,4024,4024,4024,4024,4024,4024,4024,4024,4024,4024,4024,4024,4024,4024,4024,4024,4024,4024,4024,4024,4024,4024,4024,4024,4024,4024,
goal:4024,4024,4024,4024,4024,4024,4024,4024,4024,4024,4024,4024,4024,4024,4024,4024,4024,4024,4024,4024,4024,4024,4024,4024,4024,4024,4024,4024,4024,4024,4024,4024,4024,4024,4024,4024,4024,4024,4024,4024,4024,4024,4024,4024,4024,4024,4024,4024,4024,4024,4024,4024,4024,4024,4024,4024,4024,4024,4024,4024,4024,4024,4024,4024,4024,4024,4024,4024,4024,4024,4024,4024,4024,4024,4024,4024,4024,4024,4024,4024,4024,4024,4024,4024,4024,
size:32
[agent] id:9
path:2775,2668,2667,2666,2666,2665,2664,2663,2662,2661,2660,2767,2874,2981,2980,2979,2978,2977,2976,2975,2974,2973,2972,2971,2970,3077,3076,3075,3074,3073,3072,3071,3070,3069,3068,3067,3066,3065,3064,3063,3062,3061,3060,3059,3058,3057,3056,3055,3054,3053,3052,3051,3050,3049,3048,3047,3046,3045,3044,3043,3042,3041,3040,3039,3038,3037,3036,3035,3034,3033,3032,3031,3030,3029,3028,3027,3026,3025,3024,3023,3022,3021,3021,3021,3021,
goal:3021,3021,3021,3021,3021,3021,3021,3021,3021,3021,3021,3021,3021,3021,3021,3021,3021,3021,3021,3021,3021,3021,3021,3021,3021,3021,3021,3021,3021,3021,3021,3021,3021,3021,3021,3021,3021,3021,3021,3021,3021,3021,3021,3021,3021,3021,3021,3021,3021,3021,3021,3021,3021,3021,3021,3021,3021,3021,3021,3021,3021,3021,3021,3021,3021,3021,3021,3021,3021,3021,3021,3021,3021,3021,3021,3021,3021,3021,3021,3021,3021,3021,3021,3021,3021,
size:81
[agent] id:10
path:4238,4131,4024,3917,3810,3811,3812,3813,3814,3707,3600,3601,3494,3387,3280,3173,3172,3171,3170,3169,3062,3061,3060,3059,3058,3057,3056,3055,3054,3053,3052,3051,3050,3049,3048,3047,3046,3045,3044,3043,3042,3041,3040,3039,3038,3037,3036,3035,3034,3033,3032,3031,3030,3029,3028,3027,3026,3025,3024,3131,3238,3345,3344,3343,3342,3341,3340,3447,3554,3661,3768,3769,3770,3771,3772,3773,3773,3773,3773,3773,3773,3773,3773,3773,3773,
goal:3773,3773,3773,3773,3773,3773,3773,3773,3773,3773,3773,3773,3773,3773,3773,3773,3773,3773,3773,3773,3773,3773,3773,3773,3773,3773,3773,3773,3773,3773,3773,3773,3773,3773,3773,3773,3773,3773,3773,3773,3773,3773,3773,3773,3773,3773,3773,3773,3773,3773,3773,3773,3773,3773,3773,3773,3773,3773,3773,3773,3773,3773,3773,3773,3773,3773,3773,3773,3773,3773,3773,3773,3773,3773,3773,3773,3773,3773,3773,3773,3773,3773,3773,3773,3773,
size:75
[agent] id:11
path:1122,1229,1336,1443,1442,1441,1440,1439,1438,1545,1652,1759,1866,1865,1864,1863,1862,1861,1860,1967,1966,1965,1964,1963,1962,1855,1854,1853,1853,1853,1853,1853,1853,1853,1853,1853,1853,1853,1853,1853,1853,1853,1853,1853,1853,1853,1853,1853,1853,1853,1853,1853,1853,1853,1853,1853,1853,1853,1853,1853,1853,1853,1853,1853,1853,1853,1853,1853,1853,1853,1853,1853,1853,1853,1853,1853,1853,1853,1853,1853,1853,1853,1853,1853,1853,
goal:1853,1853,1853,1853,1853,1853,1853,1853,1853,1853,1853,1853,1853,1853,1853,1853,1853,1853,1853,1853,1853,1853,1853,1853,1853,1853,1853,1853,1853,1853,1853,1853,1853,1853,1853,1853,1853,1853,1853,1853,1853,1853,1853,1853,1853,1853,1853,1853,1853,1853,1853,1853,1853,1853,1853,1853,1853,1853,1853,1853,1853,1853,1853,1853,1853,1853,1853,1853,1853,1853,1853,1853,1853,1853,1853,1853,1853,1853,1853,1853,1853,1853,1853,1853,1853,
size:27
[agent] id:12
path:1251,1358,1465,1464,1463,1462,1569,1676,1783,1890,1997,2104,2211,2318,2425,2532,2533,2534,2534,2534,2534,2534,2534,2534,2534,2534,2534,2534,2534,2534,2534,2534,2534,2534,2534,2534,2534,2534,2534,2534,2534,2534,2534,2534,2534,2534,2534,2534,2534,2534,2534,2534,2534,2534,2534,2534,2534,2534,2534,2534,2534,2534,2534,2534,2534,2534,2534,2534,2534,2534,2534,2534,2534,2534,2534,2534,2534,2534,2534,2534,2534,2534,2534,2534,2534,
goal:2534,2534,2534,2534,2534,2534,2534,2534,2534,2534,2534,2534,2534,2534,2534,2534,2534,2534,2534,2534,2534,2534,2534,2534,2534,2534,2534,2534,2534,2534,2534,2534,2534,2534,2534,2534,2534,2534,2534,2534,2534,2534,2534,2534,2534,2534,2534,2534,2534,2534,2534,2534,2534,2534,2534,2534,2534,2534,2534,2534,2534,2534,2534,2534,2534,2534,2534,2534,2534,2534,2534,2534,2534,2534,2534,2534,2534,2534,2534,2534,2534,2534,2534,2534,2534,
size:17
[agent] id:13
path:2005,2112,2219,2220,2221,2222,2222,2222,2222,2222,2222,2222,2222,2222,2222,2222,2222,2222,2222,2222,2222,2222,2222,2222,2222,2222,2222,2222,2222,2222,2222,2222,2222,2222,2222,2222,2222,2222,2222,2222,2222,2222,2222,2222,2222,2222,2222,2222,2222,2222,2222,2222,2222,2222,2222,2222,2222,2222,2222,2222,2222,2222,2222,2222,2222,2222,2222,2222,2222,2222,2222,2222,2222,2222,2222,2222,2222,2222,2222,2222,2222,2222,2222,2222,2222,
goal:2222,2222,2222,2222,2222,2222,2222,2222,2222,2222,2222,2222,2222,2222,2222,2222,2222,2222,2222,2222,2222,2222,2222,2222,2222,2222,2222,2222,2222,2222,2222,2222,2222,2222,2222,2222,2222,2222,2222,2222,2222,2222,2222,2222,2222,2222,2222,2222,2222,2222,2222,2222,2222,2222,2222,2222,2222,2222,2222,2222,2222,2222,2222,2222,2222,2222,2222,2222,2222,2222,2222,2222,2222,2222,2222,2222,2222,2222,2222,2222,2222,2222,2222,2222,2222,
size:5
[agent] id:14
path:478,585,692,799,906,1013,1120,1227,1334,1441,1440,1439,1438,1545,1652,1759,1866,1973,2080,2187,2188,2189,2190,2190,2190,2190,2190,2190,2190,2190,2190,2190,2190,2190,2190,2190,2190,2190,2190,2190,2190,2190,2190,2190,2190,2190,2190,2190,2190,2190,2190,2190,2190,2190,2190,2190,2190,2190,2190,2190,2190,2190,2190,2190,2190,2190,2190,2190,2190,2190,2190,2190,2190,2190,2190,2190,2190,2190,2190,2190,2190,2190,2190,2190,2190,
goal:2190,2190,2190,2190,2190,2190,2190,2190,2190,2190,2190,2190,2190,2190,2190,2190,2190,2190,2190,2190,2190,2190,2190,2190,2190,2190,2190,2190,2190,2190,2190,2190,2190,2190,2190,2190,2190,2190,2190,2190,2190,2190,2190,2190,2190,2190,2190,2190,2190,2190,2190,2190,2190,2190,2190,2190,2190,2190,2190,2190,2190,2190,2190,2190,2190,2190,2190,2190,2190,2190,2190,2190,2190,2190,2190,2190,2190,2190,2190,2190,2190,2190,2190,2190,2190,
size:22
[agent] id:15
path:3301,3194,3087,2980,2873,2766,2659,2658,2657,2656,2655,2654,2653,2652,2651,2650,2649,2648,2647,2646,2645,2644,2643,2642,2641,2640,2639,2639,2639,2639,2639,2639,2639,2639,2639,2639,2639,2639,2639,2639,2639,2639,2639,2639,2639,2639,2639,2639,2639,2639,2639,2639,2639,2639,2639,2639,2639,2639,2639,2639,2639,2639,2639,2639,2639,2639,2639,2639,2639,2639,2639,2639,2639,2639,2639,2639,2639,2639,2639,2639,2639,2639,2639,2639,2639,
goal:2639,2639,2639,2639,2639,2639,2639,2639,2639,2639,2639,2639,2639,2639,2639,2639,2639,2639,2639,2639,2639,2639,2639,2639,2639,2639,2639,2639,2639,2639,2639,2639,2639,2639,2639,2639,2639,2639,2639,2639,2639,2639,2639,2639,2639,2639,2639,2639,2639,2639,2639,2639,2639,2639,2639,2639,2639,2639,2639,2639,2639,2639,2639,2639,2639,2639,2639,2639,2639,2639,2639,2639,2639,2639,2639,2639,2639,2639,2639,2639,2639,2639,2639,2639,2639,
size:26
[agent] id:16
path:3705,3598,3599,3600,3601,3494,3387,3280,3173,3066,2959,2852,2745,2638,2531,2424,2317,2210,2103,1996,1995,1994,1993,1992,1991,1990,1989,1988,1987,1986,1985,1984,1983,1982,1981,1980,1979,1978,1977,1976,1975,1974,1973,1972,1971,1970,1969,1968,1967,1966,1965,1964,1963,1962,1961,1960,1959,1958,1957,1956,1955,1954,1847,1846,1845,1844,1843,1842,1735,1628,1521,1414,1307,1200,1093,986,879,772,665,664,663,662,661,660,659,
goal:659,659,659,659,659,659,659,659,659,659,659,659,659,659,659,659,659,659,659,659,659,659,659,659,659,659,659,659,659,659,659,659,659,659,659,659,659,659,659,659,659,659,659,659,659,659,659,659,659,659,659,659,659,659,659,659,659,659,659,659,659,659,659,659,659,659,659,659,659,659,659,659,659,659,659,659,659,659,659,659,659,659,659,659,659,
size:84
[agent] id:17
path:1866,1973,2080,2187,2294,2401,2508,2615,2722,2829,2936,3043,3042,3041,3040,3039,3038,3037,3036,3035,3034,3033,3032,3031,3030,3029,3028,3027,3026,3025,3024,3131,3238,3237,3236,3235,3234,3233,3233,3233,3233,3233,3233,3233,3233,3233,3233,3233,3233,3233,3233,3233,3233,3233,3233,3233,3233,3233,3233,3233,3233,3233,3233,3233,3233,3233,3233,3233,3233,3233,3233,3233,3233,3233,3233,3233,3233,3233,3233,3233,3233,3233,3233,3233,3233,
goal:3233,3233,3233,3233,3233,3233,3233,3233,3233,3233,3233,3233,3233,3233,3233,3233,3233,3233,3233,3233,3233,3233,3233,3233,3233,3233,3233,3233,3233,3233,3233,3233,3233,3233,3233,3233,3233,3233,3233,3233,3233,3233,3233,3233,3233,3233,3233,3233,3233,3233,3233,3233,3233,3233,3233,3233,3233,3233,3233,3233,3233,3233,3233,3233,3233,3233,3233,3233,3233,3233,3233,3233,3233,3233,3233,3233,3233,3233,3233,3233,3233,3233,3233,3233,3233,
size:37
[agent] id:18
path:766,873,980,1087,1194,1301,1302,1409,1410,1411,1412,1413,1520,1627,1734,1841,1948,2055,2162,2161,2160,2159,2158,2157,2264,2371,2370,2369,2368,2367,2260,2153,2152,2151,2150,2149,2148,2147,2146,2145,2144,2144,2144,2144,2144,2144,2144,2144,2144,2144,2144,2144,2144,2144,2144,2144,2144,2144,2144,2144,2144,2144,2144,2144,2144,2144,2144,2144,2144,2144,2144,2144,2144,2144,2144,2144,2144,2144,2144,2144,2144,2144,2144,2144,2144,
goal:2144,2144,2144,2144,2144,2144,2144,2144,2144,2144,2144,2144,2144,2144,2144,2144,2144,2144,2144,2144,2144,2144,2144,2144,2144,2144,2144,2144,2144,2144,2144,2144,2144,2144,2144,2144,2144,2144,2144,2144,2144,2144,2144,2144,2144,2144,2144,2144,2144,2144,2144,2144,2144,2144,2144,2144,2144,2144,2144,2144,2144,2144,2144,2144,2144,2144,2144,2144,2144,2144,2144,2144,2144,2144,2144,2144,2144,2144,2144,2144,2144,2144,2144,2144,2144,
size:40
[agent] id:19
path:4139,4032,3925,3818,3711,3604,3603,3602,3495,3388,3281,3174,3067,3068,3069,2962,2963,2964,2965,2966,2967,2968,2969,2970,2863,2970,3077,3078,3079,3080,3081,3082,3083,3084,3085,3086,3193,3193,3193,3193,3193,3193,3193,3193,3193,3193,3193,3193,3193,3193,3193,3193,3193,3193,3193,3193,3193,3193,3193,3193,3193,3193,3193,3193,3193,3193,3193,3193,3193,3193,3193,3193,3193,3193,3193,3193,3193,3193,3193,3193,3193,3193,3193,3193,3193,
goal:3193,3193,3193,3193,3193,3193,3193,3193,3193,3193,3193,3193,3193,3193,3193,3193,3193,3193,3193,3193,3193,3193,3193,3193,3193,3193,3193,3193,3193,3193,3193,3193,3193,3193,3193,3193,3193,3193,3193,3193,3193,3193,3193,3193,3193,3193,3193,3193,3193,3193,3193,3193,3193,3193,3193,3193,3193,3193,3193,3193,3193,3193,3193,3193,3193,3193,3193,3193,3193,3193,3193,3193,3193,3193,3193,3193,3193,3193,3193,3193,3193,3193,3193,3193,3193,
size:36
SolutionCost:847
