[setting] seed:29
[solver] type:ECBS
[solver] w:3.000000
[solver] ID:0
[solver] Lowlevelnode:81734
[solver] solved:1
[solver] elapsed:999
[solver] makespan:104
[problem] timesteplimit:10000
[problem] type:MAPF
[problem] agentnum:30
[graph] width:107
[graph] height:47
[graph] filename:./map/orz601d.map
[task] id:29,start:0,end:0,service time:0,nodes:2637,
[task] id:18,start:0,end:0,service time:0,nodes:2663,
[task] id:16,start:0,end:0,service time:0,nodes:1841,
[task] id:22,start:0,end:0,service time:0,nodes:2715,
[task] id:12,start:0,end:0,service time:0,nodes:2809,
[task] id:27,start:0,end:0,service time:0,nodes:1242,
[task] id:2,start:0,end:0,service time:0,nodes:3057,
[task] id:9,start:0,end:0,service time:0,nodes:2116,
[task] id:28,start:0,end:0,service time:0,nodes:2829,
[task] id:5,start:0,end:0,service time:0,nodes:2952,
[task] id:10,start:0,end:0,service time:0,nodes:2724,
[task] id:20,start:0,end:0,service time:0,nodes:932,
[task] id:24,start:0,end:0,service time:0,nodes:931,
[task] id:15,start:0,end:0,service time:0,nodes:2986,
[task] id:1,start:0,end:0,service time:0,nodes:2509,
[task] id:11,start:0,end:0,service time:0,nodes:2212,
[task] id:7,start:0,end:0,service time:0,nodes:979,
[task] id:14,start:0,end:0,service time:0,nodes:3058,
[task] id:6,start:0,end:0,service time:0,nodes:801,
[task] id:21,start:0,end:0,service time:0,nodes:2849,
[task] id:4,start:0,end:0,service time:0,nodes:2736,
[task] id:19,start:0,end:0,service time:0,nodes:2266,
[task] id:3,start:0,end:0,service time:0,nodes:2683,
[task] id:8,start:0,end:0,service time:0,nodes:2134,
[task] id:0,start:0,end:0,service time:0,nodes:395,
[task] id:26,start:0,end:0,service time:0,nodes:2754,
[task] id:25,start:0,end:0,service time:0,nodes:3173,
[task] id:13,start:0,end:0,service time:0,nodes:2023,
[task] id:17,start:0,end:0,service time:0,nodes:4308,
[task] id:23,start:0,end:0,service time:0,nodes:1808,
[agent] id:0
path:2375,2268,2161,2054,1947,1948,1949,1950,1951,1952,1953,1954,1955,1956,1957,1958,1959,1960,1961,1962,1963,1964,1965,1966,1967,1968,1969,1970,1971,1972,1973,1974,1975,1976,1977,1978,1979,1980,1981,1982,1983,1984,1985,1986,1987,1988,1989,1990,1991,1884,1885,1886,1887,1888,1889,1782,1675,1568,1461,1354,1247,1140,1033,926,819,712,605,498,499,500,501,394,395,395,395,395,395,395,395,395,395,395,395,395,395,395,395,395,395,395,395,395,395,395,395,395,395,395,395,395,395,395,395,395,395,
goal:395,395,395,395,395,395,395,395,395,395,395,395,395,395,395,395,395,395,395,395,395,395,395,395,395,395,395,395,395,395,395,395,395,395,395,395,395,395,395,395,395,395,395,395,395,395,395,395,395,395,395,395,395,395,395,395,395,395,395,395,395,395,395,395,395,395,395,395,395,395,395,395,395,395,395,395,395,395,395,395,395,395,395,395,395,395,395,395,395,395,395,395,395,395,395,395,395,395,395,395,395,395,395,395,395,
size:72
[agent] id:1
path:2151,2258,2365,2472,2473,2474,2475,2476,2477,2478,2479,2480,2481,2482,2483,2484,2485,2486,2487,2488,2489,2490,2491,2492,2493,2494,2495,2496,2497,2498,2499,2500,2501,2502,2503,2504,2505,2506,2507,2508,2509,2509,2509,2509,2509,2509,2509,2509,2509,2509,2509,2509,2509,2509,2509,2509,2509,2509,2509,2509,2509,2509,2509,2509,2509,2509,2509,2509,2509,2509,2509,2509,2509,2509,2509,2509,2509,2509,2509,2509,2509,2509,2509,2509,2509,2509,2509,2509,2509,2509,2509,2509,2509,2509,2509,2509,2509,2509,2509,2509,2509,2509,2509,2509,2509,
goal:2509,2509,2509,2509,2509,2509,2509,2509,2509,2509,2509,2509,2509,2509,2509,2509,2509,2509,2509,2509,2509,2509,2509,2509,2509,2509,2509,2509,2509,2509,2509,2509,2509,2509,2509,2509,2509,2509,2509,2509,2509,2509,2509,2509,2509,2509,2509,2509,2509,2509,2509,2509,2509,2509,2509,2509,2509,2509,2509,2509,2509,2509,2509,2509,2509,2509,2509,2509,2509,2509,2509,2509,2509,2509,2509,2509,2509,2509,2509,2509,2509,2509,2509,2509,2509,2509,2509,2509,2509,2509,2509,2509,2509,2509,2509,2509,2509,2509,2509,2509,2509,2509,2509,2509,2509,
size:40
[agent] id:2
path:2291,2398,2505,2612,2719,2826,2933,3040,3041,3042,3043,3044,3045,3046,3047,3048,3049,3050,3051,3052,3053,3054,3055,3056,3057,3057,3057,3057,3057,3057,3057,3057,3057,3057,3057,3057,3057,3057,3057,3057,3057,3057,3057,3057,3057,3057,3057,3057,3057,3057,3057,3057,3057,3057,3057,3057,3057,3057,3057,3057,3057,3057,3057,3057,3057,3057,3057,3057,3057,3057,3057,3057,3057,3057,3057,3057,3057,3057,3057,3057,3057,3057,3057,3057,3057,3057,3057,3057,3057,3057,3057,3057,3057,3057,3057,3057,3057,3057,3057,3057,3057,3057,3057,3057,3057,
goal:3057,3057,3057,3057,3057,3057,3057,3057,3057,3057,3057,3057,3057,3057,3057,3057,3057,3057,3057,3057,3057,3057,3057,3057,3057,3057,3057,3057,3057,3057,3057,3057,3057,3057,3057,3057,3057,3057,3057,3057,3057,3057,3057,3057,3057,3057,3057,3057,3057,3057,3057,3057,3057,3057,3057,3057,3057,3057,3057,3057,3057,3057,3057,3057,3057,3057,3057,3057,3057,3057,3057,3057,3057,3057,3057,3057,3057,3057,3057,3057,3057,3057,3057,3057,3057,3057,3057,3057,3057,3057,3057,3057,3057,3057,3057,3057,3057,3057,3057,3057,3057,3057,3057,3057,3057,
size:24
[agent] id:3
path:2741,2740,2739,2738,2737,2630,2629,2628,2627,2626,2625,2624,2623,2622,2621,2620,2619,2618,2617,2616,2615,2614,2613,2612,2611,2610,2609,2608,2607,2606,2605,2498,2497,2496,2495,2494,2493,2492,2491,2490,2489,2488,2487,2486,2485,2484,2483,2482,2481,2480,2479,2478,2477,2476,2475,2474,2581,2688,2687,2686,2685,2684,2683,2683,2683,2683,2683,2683,2683,2683,2683,2683,2683,2683,2683,2683,2683,2683,2683,2683,2683,2683,2683,2683,2683,2683,2683,2683,2683,2683,2683,2683,2683,2683,2683,2683,2683,2683,2683,2683,2683,2683,2683,2683,2683,
goal:2683,2683,2683,2683,2683,2683,2683,2683,2683,2683,2683,2683,2683,2683,2683,2683,2683,2683,2683,2683,2683,2683,2683,2683,2683,2683,2683,2683,2683,2683,2683,2683,2683,2683,2683,2683,2683,2683,2683,2683,2683,2683,2683,2683,2683,2683,2683,2683,2683,2683,2683,2683,2683,2683,2683,2683,2683,2683,2683,2683,2683,2683,2683,2683,2683,2683,2683,2683,2683,2683,2683,2683,2683,2683,2683,2683,2683,2683,2683,2683,2683,2683,2683,2683,2683,2683,2683,2683,2683,2683,2683,2683,2683,2683,2683,2683,2683,2683,2683,2683,2683,2683,2683,2683,2683,
size:62
[agent] id:4
path:4201,4094,3987,3880,3773,3772,3771,3770,3769,3768,3661,3554,3447,3340,3233,3126,3127,3128,3129,3130,3131,3131,3024,2917,2918,2919,2920,2921,2922,2923,2924,2925,2926,2927,2928,2929,2930,2931,2932,2933,2934,2935,2936,2937,2830,2831,2832,2725,2726,2727,2728,2729,2730,2731,2732,2733,2734,2735,2736,2736,2736,2736,2736,2736,2736,2736,2736,2736,2736,2736,2736,2736,2736,2736,2736,2736,2736,2736,2736,2736,2736,2736,2736,2736,2736,2736,2736,2736,2736,2736,2736,2736,2736,2736,2736,2736,2736,2736,2736,2736,2736,2736,2736,2736,2736,
goal:2736,2736,2736,2736,2736,2736,2736,2736,2736,2736,2736,2736,2736,2736,2736,2736,2736,2736,2736,2736,2736,2736,2736,2736,2736,2736,2736,2736,2736,2736,2736,2736,2736,2736,2736,2736,2736,2736,2736,2736,2736,2736,2736,2736,2736,2736,2736,2736,2736,2736,2736,2736,2736,2736,2736,2736,2736,2736,2736,2736,2736,2736,2736,2736,2736,2736,2736,2736,2736,2736,2736,2736,2736,2736,2736,2736,2736,2736,2736,2736,2736,2736,2736,2736,2736,2736,2736,2736,2736,2736,2736,2736,2736,2736,2736,2736,2736,2736,2736,2736,2736,2736,2736,2736,2736,
size:58
[agent] id:5
path:2765,2872,2979,2978,2977,2976,2975,2974,2973,2972,2971,2970,2969,2968,2967,2966,2965,2964,2963,2962,2961,2960,2959,2958,2957,2956,2955,2954,2953,2952,2952,2952,2952,2952,2952,2952,2952,2952,2952,2952,2952,2952,2952,2952,2952,2952,2952,2952,2952,2952,2952,2952,2952,2952,2952,2952,2952,2952,2952,2952,2952,2952,2952,2952,2952,2952,2952,2952,2952,2952,2952,2952,2952,2952,2952,2952,2952,2952,2952,2952,2952,2952,2952,2952,2952,2952,2952,2952,2952,2952,2952,2952,2952,2952,2952,2952,2952,2952,2952,2952,2952,2952,2952,2952,2952,
goal:2952,2952,2952,2952,2952,2952,2952,2952,2952,2952,2952,2952,2952,2952,2952,2952,2952,2952,2952,2952,2952,2952,2952,2952,2952,2952,2952,2952,2952,2952,2952,2952,2952,2952,2952,2952,2952,2952,2952,2952,2952,2952,2952,2952,2952,2952,2952,2952,2952,2952,2952,2952,2952,2952,2952,2952,2952,2952,2952,2952,2952,2952,2952,2952,2952,2952,2952,2952,2952,2952,2952,2952,2952,2952,2952,2952,2952,2952,2952,2952,2952,2952,2952,2952,2952,2952,2952,2952,2952,2952,2952,2952,2952,2952,2952,2952,2952,2952,2952,2952,2952,2952,2952,2952,2952,
size:29
[agent] id:6
path:979,980,981,982,983,984,985,986,1093,1200,1307,1414,1521,1628,1735,1842,1843,1844,1845,1846,1847,1954,1955,1956,1957,1958,1959,1960,1961,1962,1963,1964,1965,1966,1967,1860,1861,1862,1863,1864,1865,1758,1651,1544,1437,1330,1223,1116,1009,902,795,796,797,798,799,800,801,801,801,801,801,801,801,801,801,801,801,801,801,801,801,801,801,801,801,801,801,801,801,801,801,801,801,801,801,801,801,801,801,801,801,801,801,801,801,801,801,801,801,801,801,801,801,801,801,
goal:801,801,801,801,801,801,801,801,801,801,801,801,801,801,801,801,801,801,801,801,801,801,801,801,801,801,801,801,801,801,801,801,801,801,801,801,801,801,801,801,801,801,801,801,801,801,801,801,801,801,801,801,801,801,801,801,801,801,801,801,801,801,801,801,801,801,801,801,801,801,801,801,801,801,801,801,801,801,801,801,801,801,801,801,801,801,801,801,801,801,801,801,801,801,801,801,801,801,801,801,801,801,801,801,801,
size:56
[agent] id:7
path:3035,2928,2821,2714,2607,2500,2393,2286,2179,2072,2071,2070,2069,2068,2067,2066,2065,2064,2063,2062,2061,2060,1953,1846,1845,1844,1843,1842,1735,1628,1521,1414,1307,1200,1093,986,985,984,983,982,981,980,979,979,979,979,979,979,979,979,979,979,979,979,979,979,979,979,979,979,979,979,979,979,979,979,979,979,979,979,979,979,979,979,979,979,979,979,979,979,979,979,979,979,979,979,979,979,979,979,979,979,979,979,979,979,979,979,979,979,979,979,979,979,979,
goal:979,979,979,979,979,979,979,979,979,979,979,979,979,979,979,979,979,979,979,979,979,979,979,979,979,979,979,979,979,979,979,979,979,979,979,979,979,979,979,979,979,979,979,979,979,979,979,979,979,979,979,979,979,979,979,979,979,979,979,979,979,979,979,979,979,979,979,979,979,979,979,979,979,979,979,979,979,979,979,979,979,979,979,979,979,979,979,979,979,979,979,979,979,979,979,979,979,979,979,979,979,979,979,979,979,
size:42
[agent] id:8
path:2929,2822,2715,2608,2501,2394,2395,2396,2397,2398,2399,2400,2401,2402,2403,2404,2405,2406,2407,2408,2409,2410,2411,2412,2413,2414,2415,2416,2417,2418,2419,2420,2421,2422,2423,2424,2425,2426,2427,2428,2429,2430,2431,2432,2433,2434,2435,2436,2437,2438,2439,2440,2441,2442,2443,2444,2445,2446,2447,2448,2449,2450,2451,2344,2237,2130,2131,2132,2133,2134,2134,2134,2134,2134,2134,2134,2134,2134,2134,2134,2134,2134,2134,2134,2134,2134,2134,2134,2134,2134,2134,2134,2134,2134,2134,2134,2134,2134,2134,2134,2134,2134,2134,2134,2134,
goal:2134,2134,2134,2134,2134,2134,2134,2134,2134,2134,2134,2134,2134,2134,2134,2134,2134,2134,2134,2134,2134,2134,2134,2134,2134,2134,2134,2134,2134,2134,2134,2134,2134,2134,2134,2134,2134,2134,2134,2134,2134,2134,2134,2134,2134,2134,2134,2134,2134,2134,2134,2134,2134,2134,2134,2134,2134,2134,2134,2134,2134,2134,2134,2134,2134,2134,2134,2134,2134,2134,2134,2134,2134,2134,2134,2134,2134,2134,2134,2134,2134,2134,2134,2134,2134,2134,2134,2134,2134,2134,2134,2134,2134,2134,2134,2134,2134,2134,2134,2134,2134,2134,2134,2134,2134,
size:69
[agent] id:9
path:1138,1245,1352,1459,1460,1461,1568,1675,1782,1889,1996,2103,2104,2105,2106,2107,2108,2109,2110,2111,2112,2113,2114,2115,2116,2116,2116,2116,2116,2116,2116,2116,2116,2116,2116,2116,2116,2116,2116,2116,2116,2116,2116,2116,2116,2116,2116,2116,2116,2116,2116,2116,2116,2116,2116,2116,2116,2116,2116,2116,2116,2116,2116,2116,2116,2116,2116,2116,2116,2116,2116,2116,2116,2116,2116,2116,2116,2116,2116,2116,2116,2116,2116,2116,2116,2116,2116,2116,2116,2116,2116,2116,2116,2116,2116,2116,2116,2116,2116,2116,2116,2116,2116,2116,2116,
goal:2116,2116,2116,2116,2116,2116,2116,2116,2116,2116,2116,2116,2116,2116,2116,2116,2116,2116,2116,2116,2116,2116,2116,2116,2116,2116,2116,2116,2116,2116,2116,2116,2116,2116,2116,2116,2116,2116,2116,2116,2116,2116,2116,2116,2116,2116,2116,2116,2116,2116,2116,2116,2116,2116,2116,2116,2116,2116,2116,2116,2116,2116,2116,2116,2116,2116,2116,2116,2116,2116,2116,2116,2116,2116,2116,2116,2116,2116,2116,2116,2116,2116,2116,2116,2116,2116,2116,2116,2116,2116,2116,2116,2116,2116,2116,2116,2116,2116,2116,2116,2116,2116,2116,2116,2116,
size:24
[agent] id:10
path:2325,2432,2539,2646,2753,2752,2751,2750,2749,2748,2747,2746,2745,2744,2743,2742,2741,2740,2739,2738,2737,2736,2735,2734,2733,2732,2731,2730,2729,2728,2727,2726,2725,2724,2724,2724,2724,2724,2724,2724,2724,2724,2724,2724,2724,2724,2724,2724,2724,2724,2724,2724,2724,2724,2724,2724,2724,2724,2724,2724,2724,2724,2724,2724,2724,2724,2724,2724,2724,2724,2724,2724,2724,2724,2724,2724,2724,2724,2724,2724,2724,2724,2724,2724,2724,2724,2724,2724,2724,2724,2724,2724,2724,2724,2724,2724,2724,2724,2724,2724,2724,2724,2724,2724,2724,
goal:2724,2724,2724,2724,2724,2724,2724,2724,2724,2724,2724,2724,2724,2724,2724,2724,2724,2724,2724,2724,2724,2724,2724,2724,2724,2724,2724,2724,2724,2724,2724,2724,2724,2724,2724,2724,2724,2724,2724,2724,2724,2724,2724,2724,2724,2724,2724,2724,2724,2724,2724,2724,2724,2724,2724,2724,2724,2724,2724,2724,2724,2724,2724,2724,2724,2724,2724,2724,2724,2724,2724,2724,2724,2724,2724,2724,2724,2724,2724,2724,2724,2724,2724,2724,2724,2724,2724,2724,2724,2724,2724,2724,2724,2724,2724,2724,2724,2724,2724,2724,2724,2724,2724,2724,2724,
size:33
[agent] id:11
path:2928,2821,2714,2607,2500,2393,2286,2179,2180,2181,2182,2183,2184,2185,2186,2187,2188,2189,2190,2191,2192,2193,2194,2195,2196,2197,2198,2199,2200,2201,2202,2203,2204,2205,2206,2207,2208,2209,2210,2211,2212,2212,2212,2212,2212,2212,2212,2212,2212,2212,2212,2212,2212,2212,2212,2212,2212,2212,2212,2212,2212,2212,2212,2212,2212,2212,2212,2212,2212,2212,2212,2212,2212,2212,2212,2212,2212,2212,2212,2212,2212,2212,2212,2212,2212,2212,2212,2212,2212,2212,2212,2212,2212,2212,2212,2212,2212,2212,2212,2212,2212,2212,2212,2212,2212,
goal:2212,2212,2212,2212,2212,2212,2212,2212,2212,2212,2212,2212,2212,2212,2212,2212,2212,2212,2212,2212,2212,2212,2212,2212,2212,2212,2212,2212,2212,2212,2212,2212,2212,2212,2212,2212,2212,2212,2212,2212,2212,2212,2212,2212,2212,2212,2212,2212,2212,2212,2212,2212,2212,2212,2212,2212,2212,2212,2212,2212,2212,2212,2212,2212,2212,2212,2212,2212,2212,2212,2212,2212,2212,2212,2212,2212,2212,2212,2212,2212,2212,2212,2212,2212,2212,2212,2212,2212,2212,2212,2212,2212,2212,2212,2212,2212,2212,2212,2212,2212,2212,2212,2212,2212,2212,
size:40
[agent] id:12
path:1412,1413,1520,1627,1734,1841,1948,2055,2162,2269,2376,2483,2590,2697,2804,2805,2806,2807,2808,2809,2809,2809,2809,2809,2809,2809,2809,2809,2809,2809,2809,2809,2809,2809,2809,2809,2809,2809,2809,2809,2809,2809,2809,2809,2809,2809,2809,2809,2809,2809,2809,2809,2809,2809,2809,2809,2809,2809,2809,2809,2809,2809,2809,2809,2809,2809,2809,2809,2809,2809,2809,2809,2809,2809,2809,2809,2809,2809,2809,2809,2809,2809,2809,2809,2809,2809,2809,2809,2809,2809,2809,2809,2809,2809,2809,2809,2809,2809,2809,2809,2809,2809,2809,2809,2809,
goal:2809,2809,2809,2809,2809,2809,2809,2809,2809,2809,2809,2809,2809,2809,2809,2809,2809,2809,2809,2809,2809,2809,2809,2809,2809,2809,2809,2809,2809,2809,2809,2809,2809,2809,2809,2809,2809,2809,2809,2809,2809,2809,2809,2809,2809,2809,2809,2809,2809,2809,2809,2809,2809,2809,2809,2809,2809,2809,2809,2809,2809,2809,2809,2809,2809,2809,2809,2809,2809,2809,2809,2809,2809,2809,2809,2809,2809,2809,2809,2809,2809,2809,2809,2809,2809,2809,2809,2809,2809,2809,2809,2809,2809,2809,2809,2809,2809,2809,2809,2809,2809,2809,2809,2809,2809,
size:19
[agent] id:13
path:1844,1951,1952,1953,1954,1955,1956,1957,1958,1959,1960,1961,1962,1963,1964,1965,1966,1967,1968,1969,1970,1971,1972,1973,1974,1975,1976,1977,1978,1979,1980,1981,1982,1983,1984,1985,1986,1987,1988,1989,1990,1991,1992,1993,1994,1995,1996,1997,1998,1999,2000,2001,2002,2003,2004,2005,2006,2007,2008,2009,2010,2011,2012,2013,2014,2015,2016,2017,2018,2125,2232,2339,2446,2447,2448,2449,2450,2451,2344,2237,2130,2023,2023,2023,2023,2023,2023,2023,2023,2023,2023,2023,2023,2023,2023,2023,2023,2023,2023,2023,2023,2023,2023,2023,2023,
goal:2023,2023,2023,2023,2023,2023,2023,2023,2023,2023,2023,2023,2023,2023,2023,2023,2023,2023,2023,2023,2023,2023,2023,2023,2023,2023,2023,2023,2023,2023,2023,2023,2023,2023,2023,2023,2023,2023,2023,2023,2023,2023,2023,2023,2023,2023,2023,2023,2023,2023,2023,2023,2023,2023,2023,2023,2023,2023,2023,2023,2023,2023,2023,2023,2023,2023,2023,2023,2023,2023,2023,2023,2023,2023,2023,2023,2023,2023,2023,2023,2023,2023,2023,2023,2023,2023,2023,2023,2023,2023,2023,2023,2023,2023,2023,2023,2023,2023,2023,2023,2023,2023,2023,2023,2023,
size:81
[agent] id:14
path:1837,1944,2051,2158,2265,2372,2479,2480,2481,2482,2483,2484,2485,2486,2487,2488,2489,2490,2491,2492,2493,2494,2495,2496,2497,2498,2499,2500,2501,2608,2609,2716,2717,2718,2719,2720,2721,2722,2723,2830,2831,2832,2833,2834,2835,2836,2837,2838,2945,2946,2947,2948,2949,2950,2951,3058,3058,3058,3058,3058,3058,3058,3058,3058,3058,3058,3058,3058,3058,3058,3058,3058,3058,3058,3058,3058,3058,3058,3058,3058,3058,3058,3058,3058,3058,3058,3058,3058,3058,3058,3058,3058,3058,3058,3058,3058,3058,3058,3058,3058,3058,3058,3058,3058,3058,
goal:3058,3058,3058,3058,3058,3058,3058,3058,3058,3058,3058,3058,3058,3058,3058,3058,3058,3058,3058,3058,3058,3058,3058,3058,3058,3058,3058,3058,3058,3058,3058,3058,3058,3058,3058,3058,3058,3058,3058,3058,3058,3058,3058,3058,3058,3058,3058,3058,3058,3058,3058,3058,3058,3058,3058,3058,3058,3058,3058,3058,3058,3058,3058,3058,3058,3058,3058,3058,3058,3058,3058,3058,3058,3058,3058,3058,3058,3058,3058,3058,3058,3058,3058,3058,3058,3058,3058,3058,3058,3058,3058,3058,3058,3058,3058,3058,3058,3058,3058,3058,3058,3058,3058,3058,3058,
size:55
[agent] id:15
path:1569,1676,1783,1890,1997,2104,2211,2212,2319,2426,2533,2534,2535,2536,2537,2538,2539,2540,2541,2542,2543,2544,2545,2546,2547,2548,2549,2550,2551,2552,2553,2554,2555,2556,2557,2664,2665,2772,2879,2986,2986,2986,2986,2986,2986,2986,2986,2986,2986,2986,2986,2986,2986,2986,2986,2986,2986,2986,2986,2986,2986,2986,2986,2986,2986,2986,2986,2986,2986,2986,2986,2986,2986,2986,2986,2986,2986,2986,2986,2986,2986,2986,2986,2986,2986,2986,2986,2986,2986,2986,2986,2986,2986,2986,2986,2986,2986,2986,2986,2986,2986,2986,2986,2986,2986,
goal:2986,2986,2986,2986,2986,2986,2986,2986,2986,2986,2986,2986,2986,2986,2986,2986,2986,2986,2986,2986,2986,2986,2986,2986,2986,2986,2986,2986,2986,2986,2986,2986,2986,2986,2986,2986,2986,2986,2986,2986,2986,2986,2986,2986,2986,2986,2986,2986,2986,2986,2986,2986,2986,2986,2986,2986,2986,2986,2986,2986,2986,2986,2986,2986,2986,2986,2986,2986,2986,2986,2986,2986,2986,2986,2986,2986,2986,2986,2986,2986,2986,2986,2986,2986,2986,2986,2986,2986,2986,2986,2986,2986,2986,2986,2986,2986,2986,2986,2986,2986,2986,2986,2986,2986,2986,
size:39
[agent] id:16
path:452,559,666,773,880,987,1094,1201,1308,1415,1414,1521,1628,1735,1842,1841,1841,1841,1841,1841,1841,1841,1841,1841,1841,1841,1841,1841,1841,1841,1841,1841,1841,1841,1841,1841,1841,1841,1841,1841,1841,1841,1841,1841,1841,1841,1841,1841,1841,1841,1841,1841,1841,1841,1841,1841,1841,1841,1841,1841,1841,1841,1841,1841,1841,1841,1841,1841,1841,1841,1841,1841,1841,1841,1841,1841,1841,1841,1841,1841,1841,1841,1841,1841,1841,1841,1841,1841,1841,1841,1841,1841,1841,1841,1841,1841,1841,1841,1841,1841,1841,1841,1841,1841,1841,
goal:1841,1841,1841,1841,1841,1841,1841,1841,1841,1841,1841,1841,1841,1841,1841,1841,1841,1841,1841,1841,1841,1841,1841,1841,1841,1841,1841,1841,1841,1841,1841,1841,1841,1841,1841,1841,1841,1841,1841,1841,1841,1841,1841,1841,1841,1841,1841,1841,1841,1841,1841,1841,1841,1841,1841,1841,1841,1841,1841,1841,1841,1841,1841,1841,1841,1841,1841,1841,1841,1841,1841,1841,1841,1841,1841,1841,1841,1841,1841,1841,1841,1841,1841,1841,1841,1841,1841,1841,1841,1841,1841,1841,1841,1841,1841,1841,1841,1841,1841,1841,1841,1841,1841,1841,1841,
size:15
[agent] id:17
path:2559,2666,2665,2664,2663,2662,2661,2660,2767,2874,2873,2872,2871,2870,2869,2868,2867,2866,2865,2864,2863,2862,2861,2860,2859,2858,2857,2856,2855,2854,2853,2852,2851,2850,2849,2848,2847,2846,2845,2844,2951,2950,2949,2948,2947,2946,2945,2944,2943,2942,2941,2940,2939,2938,2937,3044,3043,3042,3041,3040,3039,3038,3037,3036,3035,3034,3033,3032,3031,3030,3029,3028,3027,3026,3025,3024,3131,3238,3345,3344,3343,3342,3341,3340,3447,3554,3661,3768,3875,3982,4089,4196,4303,4304,4305,4306,4307,4308,4308,4308,4308,4308,4308,4308,4308,
goal:4308,4308,4308,4308,4308,4308,4308,4308,4308,4308,4308,4308,4308,4308,4308,4308,4308,4308,4308,4308,4308,4308,4308,4308,4308,4308,4308,4308,4308,4308,4308,4308,4308,4308,4308,4308,4308,4308,4308,4308,4308,4308,4308,4308,4308,4308,4308,4308,4308,4308,4308,4308,4308,4308,4308,4308,4308,4308,4308,4308,4308,4308,4308,4308,4308,4308,4308,4308,4308,4308,4308,4308,4308,4308,4308,4308,4308,4308,4308,4308,4308,4308,4308,4308,4308,4308,4308,4308,4308,4308,4308,4308,4308,4308,4308,4308,4308,4308,4308,4308,4308,4308,4308,4308,4308,
size:97
[agent] id:18
path:1919,2026,2133,2240,2347,2454,2561,2668,2667,2666,2665,2664,2663,2663,2663,2663,2663,2663,2663,2663,2663,2663,2663,2663,2663,2663,2663,2663,2663,2663,2663,2663,2663,2663,2663,2663,2663,2663,2663,2663,2663,2663,2663,2663,2663,2663,2663,2663,2663,2663,2663,2663,2663,2663,2663,2663,2663,2663,2663,2663,2663,2663,2663,2663,2663,2663,2663,2663,2663,2663,2663,2663,2663,2663,2663,2663,2663,2663,2663,2663,2663,2663,2663,2663,2663,2663,2663,2663,2663,2663,2663,2663,2663,2663,2663,2663,2663,2663,2663,2663,2663,2663,2663,2663,2663,
goal:2663,2663,2663,2663,2663,2663,2663,2663,2663,2663,2663,2663,2663,2663,2663,2663,2663,2663,2663,2663,2663,2663,2663,2663,2663,2663,2663,2663,2663,2663,2663,2663,2663,2663,2663,2663,2663,2663,2663,2663,2663,2663,2663,2663,2663,2663,2663,2663,2663,2663,2663,2663,2663,2663,2663,2663,2663,2663,2663,2663,2663,2663,2663,2663,2663,2663,2663,2663,2663,2663,2663,2663,2663,2663,2663,2663,2663,2663,2663,2663,2663,2663,2663,2663,2663,2663,2663,2663,2663,2663,2663,2663,2663,2663,2663,2663,2663,2663,2663,2663,2663,2663,2663,2663,2663,
size:12
[agent] id:19
path:2109,2216,2323,2322,2321,2320,2319,2318,2317,2316,2315,2314,2313,2312,2311,2310,2309,2308,2307,2306,2305,2304,2303,2302,2301,2300,2299,2298,2297,2296,2295,2294,2293,2292,2291,2290,2289,2288,2287,2286,2285,2284,2283,2282,2281,2280,2279,2278,2277,2276,2275,2274,2273,2272,2271,2270,2269,2268,2267,2266,2266,2266,2266,2266,2266,2266,2266,2266,2266,2266,2266,2266,2266,2266,2266,2266,2266,2266,2266,2266,2266,2266,2266,2266,2266,2266,2266,2266,2266,2266,2266,2266,2266,2266,2266,2266,2266,2266,2266,2266,2266,2266,2266,2266,2266,
goal:2266,2266,2266,2266,2266,2266,2266,2266,2266,2266,2266,2266,2266,2266,2266,2266,2266,2266,2266,2266,2266,2266,2266,2266,2266,2266,2266,2266,2266,2266,2266,2266,2266,2266,2266,2266,2266,2266,2266,2266,2266,2266,2266,2266,2266,2266,2266,2266,2266,2266,2266,2266,2266,2266,2266,2266,2266,2266,2266,2266,2266,2266,2266,2266,2266,2266,2266,2266,2266,2266,2266,2266,2266,2266,2266,2266,2266,2266,2266,2266,2266,2266,2266,2266,2266,2266,2266,2266,2266,2266,2266,2266,2266,2266,2266,2266,2266,2266,2266,2266,2266,2266,2266,2266,2266,
size:59
[agent] id:20
path:2843,2736,2629,2522,2415,2308,2201,2094,1987,1988,1989,1990,1991,1884,1885,1886,1887,1888,1889,1782,1675,1568,1461,1354,1247,1140,1033,926,927,928,929,930,931,932,932,932,932,932,932,932,932,932,932,932,932,932,932,932,932,932,932,932,932,932,932,932,932,932,932,932,932,932,932,932,932,932,932,932,932,932,932,932,932,932,932,932,932,932,932,932,932,932,932,932,932,932,932,932,932,932,932,932,932,932,932,932,932,932,932,932,932,932,932,932,932,
goal:932,932,932,932,932,932,932,932,932,932,932,932,932,932,932,932,932,932,932,932,932,932,932,932,932,932,932,932,932,932,932,932,932,932,932,932,932,932,932,932,932,932,932,932,932,932,932,932,932,932,932,932,932,932,932,932,932,932,932,932,932,932,932,932,932,932,932,932,932,932,932,932,932,932,932,932,932,932,932,932,932,932,932,932,932,932,932,932,932,932,932,932,932,932,932,932,932,932,932,932,932,932,932,932,932,
size:33
[agent] id:21
path:3878,3771,3770,3769,3768,3661,3554,3447,3340,3233,3126,3019,2912,2913,2914,2915,2916,2917,2918,2919,2920,2921,2922,2923,2924,2925,2926,2927,2928,2929,2930,2931,2932,2933,2934,2935,2936,2937,2830,2831,2832,2833,2834,2835,2836,2837,2838,2839,2840,2841,2842,2843,2844,2845,2846,2847,2848,2849,2849,2849,2849,2849,2849,2849,2849,2849,2849,2849,2849,2849,2849,2849,2849,2849,2849,2849,2849,2849,2849,2849,2849,2849,2849,2849,2849,2849,2849,2849,2849,2849,2849,2849,2849,2849,2849,2849,2849,2849,2849,2849,2849,2849,2849,2849,2849,
goal:2849,2849,2849,2849,2849,2849,2849,2849,2849,2849,2849,2849,2849,2849,2849,2849,2849,2849,2849,2849,2849,2849,2849,2849,2849,2849,2849,2849,2849,2849,2849,2849,2849,2849,2849,2849,2849,2849,2849,2849,2849,2849,2849,2849,2849,2849,2849,2849,2849,2849,2849,2849,2849,2849,2849,2849,2849,2849,2849,2849,2849,2849,2849,2849,2849,2849,2849,2849,2849,2849,2849,2849,2849,2849,2849,2849,2849,2849,2849,2849,2849,2849,2849,2849,2849,2849,2849,2849,2849,2849,2849,2849,2849,2849,2849,2849,2849,2849,2849,2849,2849,2849,2849,2849,2849,
size:57
[agent] id:22
path:2380,2487,2594,2701,2702,2703,2704,2705,2706,2707,2708,2709,2710,2711,2712,2713,2714,2715,2715,2715,2715,2715,2715,2715,2715,2715,2715,2715,2715,2715,2715,2715,2715,2715,2715,2715,2715,2715,2715,2715,2715,2715,2715,2715,2715,2715,2715,2715,2715,2715,2715,2715,2715,2715,2715,2715,2715,2715,2715,2715,2715,2715,2715,2715,2715,2715,2715,2715,2715,2715,2715,2715,2715,2715,2715,2715,2715,2715,2715,2715,2715,2715,2715,2715,2715,2715,2715,2715,2715,2715,2715,2715,2715,2715,2715,2715,2715,2715,2715,2715,2715,2715,2715,2715,2715,
goal:2715,2715,2715,2715,2715,2715,2715,2715,2715,2715,2715,2715,2715,2715,2715,2715,2715,2715,2715,2715,2715,2715,2715,2715,2715,2715,2715,2715,2715,2715,2715,2715,2715,2715,2715,2715,2715,2715,2715,2715,2715,2715,2715,2715,2715,2715,2715,2715,2715,2715,2715,2715,2715,2715,2715,2715,2715,2715,2715,2715,2715,2715,2715,2715,2715,2715,2715,2715,2715,2715,2715,2715,2715,2715,2715,2715,2715,2715,2715,2715,2715,2715,2715,2715,2715,2715,2715,2715,2715,2715,2715,2715,2715,2715,2715,2715,2715,2715,2715,2715,2715,2715,2715,2715,2715,
size:17
[agent] id:23
path:4306,4199,4092,3985,3878,3771,3770,3769,3768,3661,3554,3447,3340,3233,3126,3019,2912,2805,2698,2591,2484,2377,2378,2379,2380,2381,2382,2383,2384,2385,2386,2387,2388,2389,2390,2391,2392,2393,2394,2395,2396,2397,2398,2399,2400,2401,2402,2403,2404,2405,2406,2407,2408,2409,2410,2411,2412,2413,2414,2415,2416,2417,2418,2419,2420,2421,2422,2423,2424,2425,2426,2427,2428,2429,2430,2431,2432,2433,2434,2435,2436,2437,2438,2439,2440,2441,2442,2443,2444,2445,2446,2447,2448,2449,2450,2451,2344,2237,2130,2131,2024,1917,1810,1809,1808,
goal:1808,1808,1808,1808,1808,1808,1808,1808,1808,1808,1808,1808,1808,1808,1808,1808,1808,1808,1808,1808,1808,1808,1808,1808,1808,1808,1808,1808,1808,1808,1808,1808,1808,1808,1808,1808,1808,1808,1808,1808,1808,1808,1808,1808,1808,1808,1808,1808,1808,1808,1808,1808,1808,1808,1808,1808,1808,1808,1808,1808,1808,1808,1808,1808,1808,1808,1808,1808,1808,1808,1808,1808,1808,1808,1808,1808,1808,1808,1808,1808,1808,1808,1808,1808,1808,1808,1808,1808,1808,1808,1808,1808,1808,1808,1808,1808,1808,1808,1808,1808,1808,1808,1808,1808,1808,
size:104
[agent] id:24
path:2338,2231,2124,2017,2016,2015,2014,2013,2012,2011,2010,2009,2008,2007,2006,2005,2004,2003,2002,1895,1894,1893,1892,1891,1890,1783,1676,1569,1462,1355,1248,1141,1034,927,928,929,930,931,931,931,931,931,931,931,931,931,931,931,931,931,931,931,931,931,931,931,931,931,931,931,931,931,931,931,931,931,931,931,931,931,931,931,931,931,931,931,931,931,931,931,931,931,931,931,931,931,931,931,931,931,931,931,931,931,931,931,931,931,931,931,931,931,931,931,931,
goal:931,931,931,931,931,931,931,931,931,931,931,931,931,931,931,931,931,931,931,931,931,931,931,931,931,931,931,931,931,931,931,931,931,931,931,931,931,931,931,931,931,931,931,931,931,931,931,931,931,931,931,931,931,931,931,931,931,931,931,931,931,931,931,931,931,931,931,931,931,931,931,931,931,931,931,931,931,931,931,931,931,931,931,931,931,931,931,931,931,931,931,931,931,931,931,931,931,931,931,931,931,931,931,931,931,
size:37
[agent] id:25
path:2785,2678,2679,2572,2465,2466,2467,2468,2469,2470,2471,2472,2473,2474,2475,2476,2477,2478,2585,2586,2587,2588,2589,2590,2591,2592,2593,2594,2595,2596,2597,2598,2599,2600,2601,2602,2603,2604,2605,2606,2607,2608,2609,2716,2717,2718,2719,2720,2721,2722,2723,2830,2831,2832,2833,2834,2835,2836,2837,2838,2839,2840,2841,2842,2843,2844,2845,2846,2953,3060,3061,3062,3169,3170,3171,3172,3173,3173,3173,3173,3173,3173,3173,3173,3173,3173,3173,3173,3173,3173,3173,3173,3173,3173,3173,3173,3173,3173,3173,3173,3173,3173,3173,3173,3173,
goal:3173,3173,3173,3173,3173,3173,3173,3173,3173,3173,3173,3173,3173,3173,3173,3173,3173,3173,3173,3173,3173,3173,3173,3173,3173,3173,3173,3173,3173,3173,3173,3173,3173,3173,3173,3173,3173,3173,3173,3173,3173,3173,3173,3173,3173,3173,3173,3173,3173,3173,3173,3173,3173,3173,3173,3173,3173,3173,3173,3173,3173,3173,3173,3173,3173,3173,3173,3173,3173,3173,3173,3173,3173,3173,3173,3173,3173,3173,3173,3173,3173,3173,3173,3173,3173,3173,3173,3173,3173,3173,3173,3173,3173,3173,3173,3173,3173,3173,3173,3173,3173,3173,3173,3173,3173,
size:76
[agent] id:26
path:2255,2362,2469,2470,2471,2472,2473,2474,2475,2476,2477,2478,2585,2586,2587,2588,2589,2590,2591,2592,2593,2594,2595,2596,2597,2598,2599,2600,2601,2602,2603,2604,2605,2606,2607,2608,2609,2610,2611,2612,2613,2614,2615,2616,2617,2618,2725,2726,2727,2728,2729,2730,2731,2732,2733,2734,2735,2736,2737,2738,2739,2740,2741,2742,2743,2744,2745,2746,2747,2748,2749,2750,2751,2752,2753,2754,2754,2754,2754,2754,2754,2754,2754,2754,2754,2754,2754,2754,2754,2754,2754,2754,2754,2754,2754,2754,2754,2754,2754,2754,2754,2754,2754,2754,2754,
goal:2754,2754,2754,2754,2754,2754,2754,2754,2754,2754,2754,2754,2754,2754,2754,2754,2754,2754,2754,2754,2754,2754,2754,2754,2754,2754,2754,2754,2754,2754,2754,2754,2754,2754,2754,2754,2754,2754,2754,2754,2754,2754,2754,2754,2754,2754,2754,2754,2754,2754,2754,2754,2754,2754,2754,2754,2754,2754,2754,2754,2754,2754,2754,2754,2754,2754,2754,2754,2754,2754,2754,2754,2754,2754,2754,2754,2754,2754,2754,2754,2754,2754,2754,2754,2754,2754,2754,2754,2754,2754,2754,2754,2754,2754,2754,2754,2754,2754,2754,2754,2754,2754,2754,2754,2754,
size:75
[agent] id:27
path:2642,2535,2428,2321,2214,2107,2000,1893,1892,1891,1890,1783,1676,1569,1462,1355,1248,1247,1246,1245,1244,1243,1242,1242,1242,1242,1242,1242,1242,1242,1242,1242,1242,1242,1242,1242,1242,1242,1242,1242,1242,1242,1242,1242,1242,1242,1242,1242,1242,1242,1242,1242,1242,1242,1242,1242,1242,1242,1242,1242,1242,1242,1242,1242,1242,1242,1242,1242,1242,1242,1242,1242,1242,1242,1242,1242,1242,1242,1242,1242,1242,1242,1242,1242,1242,1242,1242,1242,1242,1242,1242,1242,1242,1242,1242,1242,1242,1242,1242,1242,1242,1242,1242,1242,1242,
goal:1242,1242,1242,1242,1242,1242,1242,1242,1242,1242,1242,1242,1242,1242,1242,1242,1242,1242,1242,1242,1242,1242,1242,1242,1242,1242,1242,1242,1242,1242,1242,1242,1242,1242,1242,1242,1242,1242,1242,1242,1242,1242,1242,1242,1242,1242,1242,1242,1242,1242,1242,1242,1242,1242,1242,1242,1242,1242,1242,1242,1242,1242,1242,1242,1242,1242,1242,1242,1242,1242,1242,1242,1242,1242,1242,1242,1242,1242,1242,1242,1242,1242,1242,1242,1242,1242,1242,1242,1242,1242,1242,1242,1242,1242,1242,1242,1242,1242,1242,1242,1242,1242,1242,1242,1242,
size:22
[agent] id:28
path:2638,2745,2852,2851,2850,2849,2848,2847,2846,2845,2844,2843,2842,2841,2840,2839,2838,2837,2836,2835,2834,2833,2832,2831,2830,2829,2829,2829,2829,2829,2829,2829,2829,2829,2829,2829,2829,2829,2829,2829,2829,2829,2829,2829,2829,2829,2829,2829,2829,2829,2829,2829,2829,2829,2829,2829,2829,2829,2829,2829,2829,2829,2829,2829,2829,2829,2829,2829,2829,2829,2829,2829,2829,2829,2829,2829,2829,2829,2829,2829,2829,2829,2829,2829,2829,2829,2829,2829,2829,2829,2829,2829,2829,2829,2829,2829,2829,2829,2829,2829,2829,2829,2829,2829,2829,
goal:2829,2829,2829,2829,2829,2829,2829,2829,2829,2829,2829,2829,2829,2829,2829,2829,2829,2829,2829,2829,2829,2829,2829,2829,2829,2829,2829,2829,2829,2829,2829,2829,2829,2829,2829,2829,2829,2829,2829,2829,2829,2829,2829,2829,2829,2829,2829,2829,2829,2829,2829,2829,2829,2829,2829,2829,2829,2829,2829,2829,2829,2829,2829,2829,2829,2829,2829,2829,2829,2829,2829,2829,2829,2829,2829,2829,2829,2829,2829,2829,2829,2829,2829,2829,2829,2829,2829,2829,2829,2829,2829,2829,2829,2829,2829,2829,2829,2829,2829,2829,2829,2829,2829,2829,2829,
size:25
[agent] id:29
path:2952,2845,2738,2631,2632,2633,2634,2635,2636,2637,2637,2637,2637,2637,2637,2637,2637,2637,2637,2637,2637,2637,2637,2637,2637,2637,2637,2637,2637,2637,2637,2637,2637,2637,2637,2637,2637,2637,2637,2637,2637,2637,2637,2637,2637,2637,2637,2637,2637,2637,2637,2637,2637,2637,2637,2637,2637,2637,2637,2637,2637,2637,2637,2637,2637,2637,2637,2637,2637,2637,2637,2637,2637,2637,2637,2637,2637,2637,2637,2637,2637,2637,2637,2637,2637,2637,2637,2637,2637,2637,2637,2637,2637,2637,2637,2637,2637,2637,2637,2637,2637,2637,2637,2637,2637,
goal:2637,2637,2637,2637,2637,2637,2637,2637,2637,2637,2637,2637,2637,2637,2637,2637,2637,2637,2637,2637,2637,2637,2637,2637,2637,2637,2637,2637,2637,2637,2637,2637,2637,2637,2637,2637,2637,2637,2637,2637,2637,2637,2637,2637,2637,2637,2637,2637,2637,2637,2637,2637,2637,2637,2637,2637,2637,2637,2637,2637,2637,2637,2637,2637,2637,2637,2637,2637,2637,2637,2637,2637,2637,2637,2637,2637,2637,2637,2637,2637,2637,2637,2637,2637,2637,2637,2637,2637,2637,2637,2637,2637,2637,2637,2637,2637,2637,2637,2637,2637,2637,2637,2637,2637,2637,
size:9
SolutionCost:1381
