[setting] seed:11
[solver] type:ECBS
[solver] w:3.000000
[solver] ID:0
[solver] Lowlevelnode:21523
[solver] solved:1
[solver] elapsed:249
[solver] makespan:88
[problem] timesteplimit:10000
[problem] type:MAPF
[problem] agentnum:20
[graph] width:107
[graph] height:47
[graph] filename:./map/orz601d.map
[task] id:1,start:0,end:0,service time:0,nodes:712,
[task] id:0,start:0,end:0,service time:0,nodes:2111,
[task] id:10,start:0,end:0,service time:0,nodes:1837,
[task] id:4,start:0,end:0,service time:0,nodes:2734,
[task] id:6,start:0,end:0,service time:0,nodes:3126,
[task] id:2,start:0,end:0,service time:0,nodes:2084,
[task] id:13,start:0,end:0,service time:0,nodes:2898,
[task] id:18,start:0,end:0,service time:0,nodes:2431,
[task] id:19,start:0,end:0,service time:0,nodes:3040,
[task] id:5,start:0,end:0,service time:0,nodes:3033,
[task] id:12,start:0,end:0,service time:0,nodes:707,
[task] id:17,start:0,end:0,service time:0,nodes:2641,
[task] id:15,start:0,end:0,service time:0,nodes:2285,
[task] id:16,start:0,end:0,service time:0,nodes:3235,
[task] id:14,start:0,end:0,service time:0,nodes:4353,
[task] id:7,start:0,end:0,service time:0,nodes:2966,
[task] id:8,start:0,end:0,service time:0,nodes:1939,
[task] id:11,start:0,end:0,service time:0,nodes:2012,
[task] id:3,start:0,end:0,service time:0,nodes:3768,
[task] id:9,start:0,end:0,service time:0,nodes:1721,
[agent] id:0
path:2010,2117,2116,2115,2114,2113,2112,2111,2111,2111,2111,2111,2111,2111,2111,2111,2111,2111,2111,2111,2111,2111,2111,2111,2111,2111,2111,2111,2111,2111,2111,2111,2111,2111,2111,2111,2111,2111,2111,2111,2111,2111,2111,2111,2111,2111,2111,2111,2111,2111,2111,2111,2111,2111,2111,2111,2111,2111,2111,2111,2111,2111,2111,2111,2111,2111,2111,2111,2111,2111,2111,2111,2111,2111,2111,2111,2111,2111,2111,2111,2111,2111,2111,2111,2111,2111,2111,2111,2111,
goal:2111,2111,2111,2111,2111,2111,2111,2111,2111,2111,2111,2111,2111,2111,2111,2111,2111,2111,2111,2111,2111,2111,2111,2111,2111,2111,2111,2111,2111,2111,2111,2111,2111,2111,2111,2111,2111,2111,2111,2111,2111,2111,2111,2111,2111,2111,2111,2111,2111,2111,2111,2111,2111,2111,2111,2111,2111,2111,2111,2111,2111,2111,2111,2111,2111,2111,2111,2111,2111,2111,2111,2111,2111,2111,2111,2111,2111,2111,2111,2111,2111,2111,2111,2111,2111,2111,2111,2111,2111,
size:7
[agent] id:1
path:923,816,709,710,711,712,712,712,712,712,712,712,712,712,712,712,712,712,712,712,712,712,712,712,712,712,712,712,712,712,712,712,712,712,712,712,712,712,712,712,712,712,712,712,712,712,712,712,712,712,712,712,712,712,712,712,712,712,712,712,712,712,712,712,712,712,712,712,712,712,712,712,712,712,712,712,712,712,712,712,712,712,712,712,712,712,712,712,712,
goal:712,712,712,712,712,712,712,712,712,712,712,712,712,712,712,712,712,712,712,712,712,712,712,712,712,712,712,712,712,712,712,712,712,712,712,712,712,712,712,712,712,712,712,712,712,712,712,712,712,712,712,712,712,712,712,712,712,712,712,712,712,712,712,712,712,712,712,712,712,712,712,712,712,712,712,712,712,712,712,712,712,712,712,712,712,712,712,712,712,
size:5
[agent] id:2
path:581,688,795,902,1009,1116,1223,1330,1437,1544,1651,1758,1865,1972,2079,2080,2081,2082,2083,2084,2084,2084,2084,2084,2084,2084,2084,2084,2084,2084,2084,2084,2084,2084,2084,2084,2084,2084,2084,2084,2084,2084,2084,2084,2084,2084,2084,2084,2084,2084,2084,2084,2084,2084,2084,2084,2084,2084,2084,2084,2084,2084,2084,2084,2084,2084,2084,2084,2084,2084,2084,2084,2084,2084,2084,2084,2084,2084,2084,2084,2084,2084,2084,2084,2084,2084,2084,2084,2084,
goal:2084,2084,2084,2084,2084,2084,2084,2084,2084,2084,2084,2084,2084,2084,2084,2084,2084,2084,2084,2084,2084,2084,2084,2084,2084,2084,2084,2084,2084,2084,2084,2084,2084,2084,2084,2084,2084,2084,2084,2084,2084,2084,2084,2084,2084,2084,2084,2084,2084,2084,2084,2084,2084,2084,2084,2084,2084,2084,2084,2084,2084,2084,2084,2084,2084,2084,2084,2084,2084,2084,2084,2084,2084,2084,2084,2084,2084,2084,2084,2084,2084,2084,2084,2084,2084,2084,2084,2084,2084,
size:19
[agent] id:3
path:2772,2665,2664,2663,2662,2661,2660,2767,2874,2873,2872,2871,2870,2869,2868,2867,2866,2865,2864,2863,2862,2861,2860,2859,2858,2857,2856,2855,2854,2853,2852,2851,2850,2849,2848,2847,2846,2845,2844,2843,2842,2841,2840,2839,2838,2837,2836,2835,2834,2941,2940,2939,2938,2937,2936,2935,2934,2933,2932,2931,2930,2929,2928,2927,2926,2925,3032,3031,3030,3029,3028,3027,3026,3025,3024,3131,3238,3345,3344,3343,3342,3341,3340,3447,3554,3661,3768,3768,3768,
goal:3768,3768,3768,3768,3768,3768,3768,3768,3768,3768,3768,3768,3768,3768,3768,3768,3768,3768,3768,3768,3768,3768,3768,3768,3768,3768,3768,3768,3768,3768,3768,3768,3768,3768,3768,3768,3768,3768,3768,3768,3768,3768,3768,3768,3768,3768,3768,3768,3768,3768,3768,3768,3768,3768,3768,3768,3768,3768,3768,3768,3768,3768,3768,3768,3768,3768,3768,3768,3768,3768,3768,3768,3768,3768,3768,3768,3768,3768,3768,3768,3768,3768,3768,3768,3768,3768,3768,3768,3768,
size:86
[agent] id:4
path:2311,2418,2525,2632,2739,2738,2737,2736,2735,2734,2734,2734,2734,2734,2734,2734,2734,2734,2734,2734,2734,2734,2734,2734,2734,2734,2734,2734,2734,2734,2734,2734,2734,2734,2734,2734,2734,2734,2734,2734,2734,2734,2734,2734,2734,2734,2734,2734,2734,2734,2734,2734,2734,2734,2734,2734,2734,2734,2734,2734,2734,2734,2734,2734,2734,2734,2734,2734,2734,2734,2734,2734,2734,2734,2734,2734,2734,2734,2734,2734,2734,2734,2734,2734,2734,2734,2734,2734,2734,
goal:2734,2734,2734,2734,2734,2734,2734,2734,2734,2734,2734,2734,2734,2734,2734,2734,2734,2734,2734,2734,2734,2734,2734,2734,2734,2734,2734,2734,2734,2734,2734,2734,2734,2734,2734,2734,2734,2734,2734,2734,2734,2734,2734,2734,2734,2734,2734,2734,2734,2734,2734,2734,2734,2734,2734,2734,2734,2734,2734,2734,2734,2734,2734,2734,2734,2734,2734,2734,2734,2734,2734,2734,2734,2734,2734,2734,2734,2734,2734,2734,2734,2734,2734,2734,2734,2734,2734,2734,2734,
size:9
[agent] id:5
path:1016,1123,1230,1337,1336,1443,1442,1441,1440,1439,1438,1545,1652,1759,1866,1973,2080,2187,2294,2401,2508,2615,2722,2829,2936,3043,3042,3041,3040,3039,3038,3037,3036,3035,3034,3033,3033,3033,3033,3033,3033,3033,3033,3033,3033,3033,3033,3033,3033,3033,3033,3033,3033,3033,3033,3033,3033,3033,3033,3033,3033,3033,3033,3033,3033,3033,3033,3033,3033,3033,3033,3033,3033,3033,3033,3033,3033,3033,3033,3033,3033,3033,3033,3033,3033,3033,3033,3033,3033,
goal:3033,3033,3033,3033,3033,3033,3033,3033,3033,3033,3033,3033,3033,3033,3033,3033,3033,3033,3033,3033,3033,3033,3033,3033,3033,3033,3033,3033,3033,3033,3033,3033,3033,3033,3033,3033,3033,3033,3033,3033,3033,3033,3033,3033,3033,3033,3033,3033,3033,3033,3033,3033,3033,3033,3033,3033,3033,3033,3033,3033,3033,3033,3033,3033,3033,3033,3033,3033,3033,3033,3033,3033,3033,3033,3033,3033,3033,3033,3033,3033,3033,3033,3033,3033,3033,3033,3033,3033,3033,
size:35
[agent] id:6
path:1949,2056,2163,2270,2377,2484,2591,2698,2805,2912,3019,3126,3126,3126,3126,3126,3126,3126,3126,3126,3126,3126,3126,3126,3126,3126,3126,3126,3126,3126,3126,3126,3126,3126,3126,3126,3126,3126,3126,3126,3126,3126,3126,3126,3126,3126,3126,3126,3126,3126,3126,3126,3126,3126,3126,3126,3126,3126,3126,3126,3126,3126,3126,3126,3126,3126,3126,3126,3126,3126,3126,3126,3126,3126,3126,3126,3126,3126,3126,3126,3126,3126,3126,3126,3126,3126,3126,3126,3126,
goal:3126,3126,3126,3126,3126,3126,3126,3126,3126,3126,3126,3126,3126,3126,3126,3126,3126,3126,3126,3126,3126,3126,3126,3126,3126,3126,3126,3126,3126,3126,3126,3126,3126,3126,3126,3126,3126,3126,3126,3126,3126,3126,3126,3126,3126,3126,3126,3126,3126,3126,3126,3126,3126,3126,3126,3126,3126,3126,3126,3126,3126,3126,3126,3126,3126,3126,3126,3126,3126,3126,3126,3126,3126,3126,3126,3126,3126,3126,3126,3126,3126,3126,3126,3126,3126,3126,3126,3126,3126,
size:11
[agent] id:7
path:4413,4306,4199,4092,3985,3878,3771,3770,3769,3768,3661,3554,3447,3340,3233,3234,3127,3020,2913,2914,2915,2916,2917,2918,2919,2920,2921,2922,2923,2924,2925,2926,2927,2928,2929,2930,2931,2932,2933,2934,2935,2936,2937,2938,2939,2940,2941,2942,2943,2944,2945,2946,2947,2948,2949,2950,2951,2952,2953,2954,2955,2956,2957,2958,2959,2960,2961,2962,2963,2964,2965,2966,2966,2966,2966,2966,2966,2966,2966,2966,2966,2966,2966,2966,2966,2966,2966,2966,2966,
goal:2966,2966,2966,2966,2966,2966,2966,2966,2966,2966,2966,2966,2966,2966,2966,2966,2966,2966,2966,2966,2966,2966,2966,2966,2966,2966,2966,2966,2966,2966,2966,2966,2966,2966,2966,2966,2966,2966,2966,2966,2966,2966,2966,2966,2966,2966,2966,2966,2966,2966,2966,2966,2966,2966,2966,2966,2966,2966,2966,2966,2966,2966,2966,2966,2966,2966,2966,2966,2966,2966,2966,2966,2966,2966,2966,2966,2966,2966,2966,2966,2966,2966,2966,2966,2966,2966,2966,2966,2966,
size:71
[agent] id:8
path:4134,4027,3920,3813,3706,3599,3600,3601,3494,3387,3280,3173,3066,2959,2852,2745,2638,2531,2424,2423,2422,2421,2420,2419,2418,2417,2416,2415,2414,2413,2412,2411,2410,2409,2408,2407,2406,2405,2404,2403,2402,2401,2400,2399,2398,2397,2396,2395,2394,2393,2392,2391,2390,2389,2388,2387,2386,2385,2384,2383,2382,2381,2380,2379,2378,2377,2376,2375,2374,2373,2372,2371,2370,2369,2368,2367,2260,2153,2046,1939,1939,1939,1939,1939,1939,1939,1939,1939,1939,
goal:1939,1939,1939,1939,1939,1939,1939,1939,1939,1939,1939,1939,1939,1939,1939,1939,1939,1939,1939,1939,1939,1939,1939,1939,1939,1939,1939,1939,1939,1939,1939,1939,1939,1939,1939,1939,1939,1939,1939,1939,1939,1939,1939,1939,1939,1939,1939,1939,1939,1939,1939,1939,1939,1939,1939,1939,1939,1939,1939,1939,1939,1939,1939,1939,1939,1939,1939,1939,1939,1939,1939,1939,1939,1939,1939,1939,1939,1939,1939,1939,1939,1939,1939,1939,1939,1939,1939,1939,1939,
size:79
[agent] id:9
path:825,932,1039,1146,1253,1360,1467,1466,1465,1464,1463,1462,1569,1676,1783,1890,1997,2104,2211,2210,2317,2316,2315,2422,2421,2420,2419,2418,2417,2416,2415,2414,2413,2412,2411,2410,2409,2408,2407,2406,2405,2404,2403,2402,2401,2400,2399,2398,2397,2396,2395,2394,2393,2392,2391,2390,2389,2388,2387,2386,2385,2384,2383,2382,2381,2380,2379,2378,2377,2376,2375,2374,2373,2372,2371,2370,2369,2368,2367,2260,2153,2046,2045,1938,1831,1724,1723,1722,1721,
goal:1721,1721,1721,1721,1721,1721,1721,1721,1721,1721,1721,1721,1721,1721,1721,1721,1721,1721,1721,1721,1721,1721,1721,1721,1721,1721,1721,1721,1721,1721,1721,1721,1721,1721,1721,1721,1721,1721,1721,1721,1721,1721,1721,1721,1721,1721,1721,1721,1721,1721,1721,1721,1721,1721,1721,1721,1721,1721,1721,1721,1721,1721,1721,1721,1721,1721,1721,1721,1721,1721,1721,1721,1721,1721,1721,1721,1721,1721,1721,1721,1721,1721,1721,1721,1721,1721,1721,1721,1721,
size:88
[agent] id:10
path:2375,2268,2161,2054,1947,1840,1839,1838,1837,1837,1837,1837,1837,1837,1837,1837,1837,1837,1837,1837,1837,1837,1837,1837,1837,1837,1837,1837,1837,1837,1837,1837,1837,1837,1837,1837,1837,1837,1837,1837,1837,1837,1837,1837,1837,1837,1837,1837,1837,1837,1837,1837,1837,1837,1837,1837,1837,1837,1837,1837,1837,1837,1837,1837,1837,1837,1837,1837,1837,1837,1837,1837,1837,1837,1837,1837,1837,1837,1837,1837,1837,1837,1837,1837,1837,1837,1837,1837,1837,
goal:1837,1837,1837,1837,1837,1837,1837,1837,1837,1837,1837,1837,1837,1837,1837,1837,1837,1837,1837,1837,1837,1837,1837,1837,1837,1837,1837,1837,1837,1837,1837,1837,1837,1837,1837,1837,1837,1837,1837,1837,1837,1837,1837,1837,1837,1837,1837,1837,1837,1837,1837,1837,1837,1837,1837,1837,1837,1837,1837,1837,1837,1837,1837,1837,1837,1837,1837,1837,1837,1837,1837,1837,1837,1837,1837,1837,1837,1837,1837,1837,1837,1837,1837,1837,1837,1837,1837,1837,1837,
size:8
[agent] id:11
path:1831,1938,1939,2046,2153,2260,2367,2368,2369,2370,2371,2264,2157,2050,1943,1944,1945,1946,1947,1948,1949,1950,1951,1952,1953,1954,1955,1956,1957,1958,1959,1960,1961,1962,1963,1964,1965,1966,1967,1968,1969,1970,1971,1972,1973,1974,1975,1976,1977,1978,1979,1980,1981,1982,1983,1984,1985,1986,1987,1988,1989,1990,1991,1992,1993,1994,1995,1996,1997,1998,1999,2000,2001,2002,2003,2004,2005,2006,2007,2008,2009,2010,2011,2012,2012,2012,2012,2012,2012,
goal:2012,2012,2012,2012,2012,2012,2012,2012,2012,2012,2012,2012,2012,2012,2012,2012,2012,2012,2012,2012,2012,2012,2012,2012,2012,2012,2012,2012,2012,2012,2012,2012,2012,2012,2012,2012,2012,2012,2012,2012,2012,2012,2012,2012,2012,2012,2012,2012,2012,2012,2012,2012,2012,2012,2012,2012,2012,2012,2012,2012,2012,2012,2012,2012,2012,2012,2012,2012,2012,2012,2012,2012,2012,2012,2012,2012,2012,2012,2012,2012,2012,2012,2012,2012,2012,2012,2012,2012,2012,
size:83
[agent] id:12
path:4138,4031,3924,3817,3710,3603,3602,3495,3388,3281,3174,3067,2960,2853,2746,2639,2532,2425,2318,2211,2104,1997,1890,1783,1676,1569,1462,1355,1248,1141,1034,927,820,819,818,711,710,709,708,707,707,707,707,707,707,707,707,707,707,707,707,707,707,707,707,707,707,707,707,707,707,707,707,707,707,707,707,707,707,707,707,707,707,707,707,707,707,707,707,707,707,707,707,707,707,707,707,707,707,
goal:707,707,707,707,707,707,707,707,707,707,707,707,707,707,707,707,707,707,707,707,707,707,707,707,707,707,707,707,707,707,707,707,707,707,707,707,707,707,707,707,707,707,707,707,707,707,707,707,707,707,707,707,707,707,707,707,707,707,707,707,707,707,707,707,707,707,707,707,707,707,707,707,707,707,707,707,707,707,707,707,707,707,707,707,707,707,707,707,707,
size:39
[agent] id:13
path:2279,2386,2493,2492,2491,2490,2489,2488,2487,2486,2485,2484,2483,2482,2481,2480,2479,2478,2477,2476,2475,2474,2581,2688,2795,2902,2901,2900,2899,2898,2898,2898,2898,2898,2898,2898,2898,2898,2898,2898,2898,2898,2898,2898,2898,2898,2898,2898,2898,2898,2898,2898,2898,2898,2898,2898,2898,2898,2898,2898,2898,2898,2898,2898,2898,2898,2898,2898,2898,2898,2898,2898,2898,2898,2898,2898,2898,2898,2898,2898,2898,2898,2898,2898,2898,2898,2898,2898,2898,
goal:2898,2898,2898,2898,2898,2898,2898,2898,2898,2898,2898,2898,2898,2898,2898,2898,2898,2898,2898,2898,2898,2898,2898,2898,2898,2898,2898,2898,2898,2898,2898,2898,2898,2898,2898,2898,2898,2898,2898,2898,2898,2898,2898,2898,2898,2898,2898,2898,2898,2898,2898,2898,2898,2898,2898,2898,2898,2898,2898,2898,2898,2898,2898,2898,2898,2898,2898,2898,2898,2898,2898,2898,2898,2898,2898,2898,2898,2898,2898,2898,2898,2898,2898,2898,2898,2898,2898,2898,2898,
size:29
[agent] id:14
path:2059,2166,2273,2380,2487,2594,2701,2808,2809,2810,2811,2812,2813,2814,2815,2816,2817,2818,2819,2820,2821,2822,2823,2824,2825,2826,2827,2934,2935,2936,2937,2938,2939,2940,2941,2942,2943,2944,2945,2946,2947,2948,2949,2950,3057,3058,3059,3060,3061,3062,3169,3170,3171,3172,3173,3280,3387,3494,3601,3708,3815,3922,4029,4136,4243,4350,4351,4352,4353,4353,4353,4353,4353,4353,4353,4353,4353,4353,4353,4353,4353,4353,4353,4353,4353,4353,4353,4353,4353,
goal:4353,4353,4353,4353,4353,4353,4353,4353,4353,4353,4353,4353,4353,4353,4353,4353,4353,4353,4353,4353,4353,4353,4353,4353,4353,4353,4353,4353,4353,4353,4353,4353,4353,4353,4353,4353,4353,4353,4353,4353,4353,4353,4353,4353,4353,4353,4353,4353,4353,4353,4353,4353,4353,4353,4353,4353,4353,4353,4353,4353,4353,4353,4353,4353,4353,4353,4353,4353,4353,4353,4353,4353,4353,4353,4353,4353,4353,4353,4353,4353,4353,4353,4353,4353,4353,4353,4353,4353,4353,
size:68
[agent] id:15
path:2439,2332,2331,2330,2329,2328,2327,2326,2325,2324,2323,2322,2321,2320,2319,2318,2317,2316,2315,2314,2313,2312,2311,2310,2309,2308,2307,2306,2305,2304,2303,2302,2301,2300,2299,2298,2297,2296,2295,2294,2293,2292,2291,2290,2289,2288,2287,2286,2285,2285,2285,2285,2285,2285,2285,2285,2285,2285,2285,2285,2285,2285,2285,2285,2285,2285,2285,2285,2285,2285,2285,2285,2285,2285,2285,2285,2285,2285,2285,2285,2285,2285,2285,2285,2285,2285,2285,2285,2285,
goal:2285,2285,2285,2285,2285,2285,2285,2285,2285,2285,2285,2285,2285,2285,2285,2285,2285,2285,2285,2285,2285,2285,2285,2285,2285,2285,2285,2285,2285,2285,2285,2285,2285,2285,2285,2285,2285,2285,2285,2285,2285,2285,2285,2285,2285,2285,2285,2285,2285,2285,2285,2285,2285,2285,2285,2285,2285,2285,2285,2285,2285,2285,2285,2285,2285,2285,2285,2285,2285,2285,2285,2285,2285,2285,2285,2285,2285,2285,2285,2285,2285,2285,2285,2285,2285,2285,2285,2285,2285,
size:48
[agent] id:16
path:1771,1878,1985,2092,2199,2306,2413,2520,2627,2626,2733,2840,2947,2946,2945,2944,2943,2942,2941,2940,2939,2938,2937,2936,2935,2934,2933,2932,3039,3038,3037,3036,3035,3034,3033,3032,3031,3030,3029,3028,3027,3026,3025,3024,3131,3238,3237,3236,3235,3235,3235,3235,3235,3235,3235,3235,3235,3235,3235,3235,3235,3235,3235,3235,3235,3235,3235,3235,3235,3235,3235,3235,3235,3235,3235,3235,3235,3235,3235,3235,3235,3235,3235,3235,3235,3235,3235,3235,3235,
goal:3235,3235,3235,3235,3235,3235,3235,3235,3235,3235,3235,3235,3235,3235,3235,3235,3235,3235,3235,3235,3235,3235,3235,3235,3235,3235,3235,3235,3235,3235,3235,3235,3235,3235,3235,3235,3235,3235,3235,3235,3235,3235,3235,3235,3235,3235,3235,3235,3235,3235,3235,3235,3235,3235,3235,3235,3235,3235,3235,3235,3235,3235,3235,3235,3235,3235,3235,3235,3235,3235,3235,3235,3235,3235,3235,3235,3235,3235,3235,3235,3235,3235,3235,3235,3235,3235,3235,3235,3235,
size:48
[agent] id:17
path:1748,1855,1962,2069,2176,2283,2390,2497,2604,2605,2606,2607,2608,2609,2610,2611,2612,2613,2614,2615,2616,2617,2618,2619,2620,2621,2622,2623,2624,2625,2626,2627,2628,2629,2630,2631,2632,2633,2634,2635,2636,2637,2638,2639,2640,2641,2641,2641,2641,2641,2641,2641,2641,2641,2641,2641,2641,2641,2641,2641,2641,2641,2641,2641,2641,2641,2641,2641,2641,2641,2641,2641,2641,2641,2641,2641,2641,2641,2641,2641,2641,2641,2641,2641,2641,2641,2641,2641,2641,
goal:2641,2641,2641,2641,2641,2641,2641,2641,2641,2641,2641,2641,2641,2641,2641,2641,2641,2641,2641,2641,2641,2641,2641,2641,2641,2641,2641,2641,2641,2641,2641,2641,2641,2641,2641,2641,2641,2641,2641,2641,2641,2641,2641,2641,2641,2641,2641,2641,2641,2641,2641,2641,2641,2641,2641,2641,2641,2641,2641,2641,2641,2641,2641,2641,2641,2641,2641,2641,2641,2641,2641,2641,2641,2641,2641,2641,2641,2641,2641,2641,2641,2641,2641,2641,2641,2641,2641,2641,2641,
size:45
[agent] id:18
path:2509,2510,2511,2512,2513,2514,2515,2516,2517,2518,2519,2520,2521,2522,2523,2524,2525,2526,2527,2528,2529,2422,2423,2424,2425,2426,2427,2428,2429,2430,2431,2431,2431,2431,2431,2431,2431,2431,2431,2431,2431,2431,2431,2431,2431,2431,2431,2431,2431,2431,2431,2431,2431,2431,2431,2431,2431,2431,2431,2431,2431,2431,2431,2431,2431,2431,2431,2431,2431,2431,2431,2431,2431,2431,2431,2431,2431,2431,2431,2431,2431,2431,2431,2431,2431,2431,2431,2431,2431,
goal:2431,2431,2431,2431,2431,2431,2431,2431,2431,2431,2431,2431,2431,2431,2431,2431,2431,2431,2431,2431,2431,2431,2431,2431,2431,2431,2431,2431,2431,2431,2431,2431,2431,2431,2431,2431,2431,2431,2431,2431,2431,2431,2431,2431,2431,2431,2431,2431,2431,2431,2431,2431,2431,2431,2431,2431,2431,2431,2431,2431,2431,2431,2431,2431,2431,2431,2431,2431,2431,2431,2431,2431,2431,2431,2431,2431,2431,2431,2431,2431,2431,2431,2431,2431,2431,2431,2431,2431,2431,
size:30
[agent] id:19
path:2854,2961,3068,3067,3066,3065,3064,3063,3062,3061,3060,3059,3058,3057,3056,3055,3054,3053,3052,3051,3050,3049,3048,3047,3046,3045,3044,3043,3042,3041,3040,3040,3040,3040,3040,3040,3040,3040,3040,3040,3040,3040,3040,3040,3040,3040,3040,3040,3040,3040,3040,3040,3040,3040,3040,3040,3040,3040,3040,3040,3040,3040,3040,3040,3040,3040,3040,3040,3040,3040,3040,3040,3040,3040,3040,3040,3040,3040,3040,3040,3040,3040,3040,3040,3040,3040,3040,3040,3040,
goal:3040,3040,3040,3040,3040,3040,3040,3040,3040,3040,3040,3040,3040,3040,3040,3040,3040,3040,3040,3040,3040,3040,3040,3040,3040,3040,3040,3040,3040,3040,3040,3040,3040,3040,3040,3040,3040,3040,3040,3040,3040,3040,3040,3040,3040,3040,3040,3040,3040,3040,3040,3040,3040,3040,3040,3040,3040,3040,3040,3040,3040,3040,3040,3040,3040,3040,3040,3040,3040,3040,3040,3040,3040,3040,3040,3040,3040,3040,3040,3040,3040,3040,3040,3040,3040,3040,3040,3040,3040,
size:30
SolutionCost:838
