[setting] seed:28
[solver] type:ECBS
[solver] w:3.000000
[solver] ID:0
[solver] Lowlevelnode:10987
[solver] solved:1
[solver] elapsed:101
[solver] makespan:91
[problem] timesteplimit:10000
[problem] type:MAPF
[problem] agentnum:20
[graph] width:107
[graph] height:47
[graph] filename:./map/orz601d.map
[task] id:2,start:0,end:0,service time:0,nodes:2919,
[task] id:12,start:0,end:0,service time:0,nodes:3094,
[task] id:7,start:0,end:0,service time:0,nodes:4245,
[task] id:14,start:0,end:0,service time:0,nodes:2368,
[task] id:19,start:0,end:0,service time:0,nodes:1361,
[task] id:16,start:0,end:0,service time:0,nodes:3077,
[task] id:3,start:0,end:0,service time:0,nodes:2956,
[task] id:4,start:0,end:0,service time:0,nodes:2465,
[task] id:10,start:0,end:0,service time:0,nodes:2041,
[task] id:0,start:0,end:0,service time:0,nodes:580,
[task] id:5,start:0,end:0,service time:0,nodes:1442,
[task] id:9,start:0,end:0,service time:0,nodes:932,
[task] id:13,start:0,end:0,service time:0,nodes:1303,
[task] id:1,start:0,end:0,service time:0,nodes:4458,
[task] id:8,start:0,end:0,service time:0,nodes:3774,
[task] id:18,start:0,end:0,service time:0,nodes:3064,
[task] id:6,start:0,end:0,service time:0,nodes:4351,
[task] id:11,start:0,end:0,service time:0,nodes:3079,
[task] id:15,start:0,end:0,service time:0,nodes:4194,
[task] id:17,start:0,end:0,service time:0,nodes:2556,
[agent] id:0
path:3979,3872,3765,3766,3767,3660,3553,3446,3339,3232,3125,3018,2911,2804,2697,2590,2483,2376,2269,2162,2055,1948,1949,1950,1951,1952,1953,1954,1955,1956,1957,1958,1959,1960,1961,1962,1963,1964,1965,1966,1967,1860,1861,1862,1863,1864,1865,1758,1651,1544,1437,1330,1223,1116,1009,902,795,688,581,580,580,580,580,580,580,580,580,580,580,580,580,580,580,580,580,580,580,580,580,580,580,580,580,580,580,580,580,580,580,580,580,580,
goal:580,580,580,580,580,580,580,580,580,580,580,580,580,580,580,580,580,580,580,580,580,580,580,580,580,580,580,580,580,580,580,580,580,580,580,580,580,580,580,580,580,580,580,580,580,580,580,580,580,580,580,580,580,580,580,580,580,580,580,580,580,580,580,580,580,580,580,580,580,580,580,580,580,580,580,580,580,580,580,580,580,580,580,580,580,580,580,580,580,580,580,580,
size:59
[agent] id:1
path:2800,2907,3014,3015,3016,3017,3018,3019,3020,3021,3022,3023,3024,3025,3026,3027,3028,3029,3030,3031,3032,3033,3034,3035,3036,3037,3038,3039,3040,3041,3042,3043,3044,3045,3046,3047,3048,3049,3050,3051,3052,3053,3054,3055,3056,3057,3058,3059,3060,3061,3062,3169,3170,3171,3172,3173,3280,3387,3494,3601,3708,3815,3922,4029,4136,4243,4350,4457,4458,4458,4458,4458,4458,4458,4458,4458,4458,4458,4458,4458,4458,4458,4458,4458,4458,4458,4458,4458,4458,4458,4458,4458,
goal:4458,4458,4458,4458,4458,4458,4458,4458,4458,4458,4458,4458,4458,4458,4458,4458,4458,4458,4458,4458,4458,4458,4458,4458,4458,4458,4458,4458,4458,4458,4458,4458,4458,4458,4458,4458,4458,4458,4458,4458,4458,4458,4458,4458,4458,4458,4458,4458,4458,4458,4458,4458,4458,4458,4458,4458,4458,4458,4458,4458,4458,4458,4458,4458,4458,4458,4458,4458,4458,4458,4458,4458,4458,4458,4458,4458,4458,4458,4458,4458,4458,4458,4458,4458,4458,4458,4458,4458,4458,4458,4458,4458,
size:68
[agent] id:2
path:2599,2706,2813,2920,2919,2919,2919,2919,2919,2919,2919,2919,2919,2919,2919,2919,2919,2919,2919,2919,2919,2919,2919,2919,2919,2919,2919,2919,2919,2919,2919,2919,2919,2919,2919,2919,2919,2919,2919,2919,2919,2919,2919,2919,2919,2919,2919,2919,2919,2919,2919,2919,2919,2919,2919,2919,2919,2919,2919,2919,2919,2919,2919,2919,2919,2919,2919,2919,2919,2919,2919,2919,2919,2919,2919,2919,2919,2919,2919,2919,2919,2919,2919,2919,2919,2919,2919,2919,2919,2919,2919,2919,
goal:2919,2919,2919,2919,2919,2919,2919,2919,2919,2919,2919,2919,2919,2919,2919,2919,2919,2919,2919,2919,2919,2919,2919,2919,2919,2919,2919,2919,2919,2919,2919,2919,2919,2919,2919,2919,2919,2919,2919,2919,2919,2919,2919,2919,2919,2919,2919,2919,2919,2919,2919,2919,2919,2919,2919,2919,2919,2919,2919,2919,2919,2919,2919,2919,2919,2919,2919,2919,2919,2919,2919,2919,2919,2919,2919,2919,2919,2919,2919,2919,2919,2919,2919,2919,2919,2919,2919,2919,2919,2919,2919,2919,
size:4
[agent] id:3
path:1029,1136,1243,1350,1457,1458,1459,1460,1461,1568,1675,1782,1889,1996,2103,2210,2317,2424,2531,2638,2745,2852,2959,2958,2957,2956,2956,2956,2956,2956,2956,2956,2956,2956,2956,2956,2956,2956,2956,2956,2956,2956,2956,2956,2956,2956,2956,2956,2956,2956,2956,2956,2956,2956,2956,2956,2956,2956,2956,2956,2956,2956,2956,2956,2956,2956,2956,2956,2956,2956,2956,2956,2956,2956,2956,2956,2956,2956,2956,2956,2956,2956,2956,2956,2956,2956,2956,2956,2956,2956,2956,2956,
goal:2956,2956,2956,2956,2956,2956,2956,2956,2956,2956,2956,2956,2956,2956,2956,2956,2956,2956,2956,2956,2956,2956,2956,2956,2956,2956,2956,2956,2956,2956,2956,2956,2956,2956,2956,2956,2956,2956,2956,2956,2956,2956,2956,2956,2956,2956,2956,2956,2956,2956,2956,2956,2956,2956,2956,2956,2956,2956,2956,2956,2956,2956,2956,2956,2956,2956,2956,2956,2956,2956,2956,2956,2956,2956,2956,2956,2956,2956,2956,2956,2956,2956,2956,2956,2956,2956,2956,2956,2956,2956,2956,2956,
size:25
[agent] id:4
path:1314,1313,1312,1419,1418,1417,1416,1415,1414,1521,1628,1735,1842,1949,2056,2163,2270,2377,2484,2483,2482,2481,2480,2479,2478,2477,2476,2475,2474,2473,2472,2471,2470,2469,2468,2467,2466,2465,2465,2465,2465,2465,2465,2465,2465,2465,2465,2465,2465,2465,2465,2465,2465,2465,2465,2465,2465,2465,2465,2465,2465,2465,2465,2465,2465,2465,2465,2465,2465,2465,2465,2465,2465,2465,2465,2465,2465,2465,2465,2465,2465,2465,2465,2465,2465,2465,2465,2465,2465,2465,2465,2465,
goal:2465,2465,2465,2465,2465,2465,2465,2465,2465,2465,2465,2465,2465,2465,2465,2465,2465,2465,2465,2465,2465,2465,2465,2465,2465,2465,2465,2465,2465,2465,2465,2465,2465,2465,2465,2465,2465,2465,2465,2465,2465,2465,2465,2465,2465,2465,2465,2465,2465,2465,2465,2465,2465,2465,2465,2465,2465,2465,2465,2465,2465,2465,2465,2465,2465,2465,2465,2465,2465,2465,2465,2465,2465,2465,2465,2465,2465,2465,2465,2465,2465,2465,2465,2465,2465,2465,2465,2465,2465,2465,2465,2465,
size:37
[agent] id:5
path:2037,2144,2251,2358,2359,2360,2361,2362,2363,2364,2365,2366,2367,2474,2475,2476,2369,2370,2371,2264,2157,2050,2051,2052,2053,2054,2055,2056,2057,2058,2059,2060,2061,2062,2063,2064,2065,2066,2067,2068,2069,2070,1963,1964,1965,1966,1967,1860,1861,1862,1863,1864,1865,1758,1651,1544,1437,1438,1439,1440,1441,1442,1442,1442,1442,1442,1442,1442,1442,1442,1442,1442,1442,1442,1442,1442,1442,1442,1442,1442,1442,1442,1442,1442,1442,1442,1442,1442,1442,1442,1442,1442,
goal:1442,1442,1442,1442,1442,1442,1442,1442,1442,1442,1442,1442,1442,1442,1442,1442,1442,1442,1442,1442,1442,1442,1442,1442,1442,1442,1442,1442,1442,1442,1442,1442,1442,1442,1442,1442,1442,1442,1442,1442,1442,1442,1442,1442,1442,1442,1442,1442,1442,1442,1442,1442,1442,1442,1442,1442,1442,1442,1442,1442,1442,1442,1442,1442,1442,1442,1442,1442,1442,1442,1442,1442,1442,1442,1442,1442,1442,1442,1442,1442,1442,1442,1442,1442,1442,1442,1442,1442,1442,1442,1442,1442,
size:61
[agent] id:6
path:3775,3774,3773,3772,3771,3770,3769,3768,3661,3554,3447,3340,3341,3342,3343,3344,3345,3238,3131,3024,3025,3026,3027,3028,3029,3030,3031,3032,3033,3034,3035,3036,3037,3038,3039,3040,3041,3042,3043,3044,3045,3046,3047,3048,3049,3050,3051,3052,3053,3054,3055,3056,3057,3058,3059,3060,3061,3062,3169,3170,3171,3172,3173,3280,3387,3494,3601,3708,3815,3922,4029,4136,4243,4350,4351,4351,4351,4351,4351,4351,4351,4351,4351,4351,4351,4351,4351,4351,4351,4351,4351,4351,
goal:4351,4351,4351,4351,4351,4351,4351,4351,4351,4351,4351,4351,4351,4351,4351,4351,4351,4351,4351,4351,4351,4351,4351,4351,4351,4351,4351,4351,4351,4351,4351,4351,4351,4351,4351,4351,4351,4351,4351,4351,4351,4351,4351,4351,4351,4351,4351,4351,4351,4351,4351,4351,4351,4351,4351,4351,4351,4351,4351,4351,4351,4351,4351,4351,4351,4351,4351,4351,4351,4351,4351,4351,4351,4351,4351,4351,4351,4351,4351,4351,4351,4351,4351,4351,4351,4351,4351,4351,4351,4351,4351,4351,
size:74
[agent] id:7
path:3607,3714,3821,3928,4035,4142,4249,4248,4247,4246,4245,4245,4245,4245,4245,4245,4245,4245,4245,4245,4245,4245,4245,4245,4245,4245,4245,4245,4245,4245,4245,4245,4245,4245,4245,4245,4245,4245,4245,4245,4245,4245,4245,4245,4245,4245,4245,4245,4245,4245,4245,4245,4245,4245,4245,4245,4245,4245,4245,4245,4245,4245,4245,4245,4245,4245,4245,4245,4245,4245,4245,4245,4245,4245,4245,4245,4245,4245,4245,4245,4245,4245,4245,4245,4245,4245,4245,4245,4245,4245,4245,4245,
goal:4245,4245,4245,4245,4245,4245,4245,4245,4245,4245,4245,4245,4245,4245,4245,4245,4245,4245,4245,4245,4245,4245,4245,4245,4245,4245,4245,4245,4245,4245,4245,4245,4245,4245,4245,4245,4245,4245,4245,4245,4245,4245,4245,4245,4245,4245,4245,4245,4245,4245,4245,4245,4245,4245,4245,4245,4245,4245,4245,4245,4245,4245,4245,4245,4245,4245,4245,4245,4245,4245,4245,4245,4245,4245,4245,4245,4245,4245,4245,4245,4245,4245,4245,4245,4245,4245,4245,4245,4245,4245,4245,4245,
size:10
[agent] id:8
path:2968,2967,2966,2965,2964,2963,2962,2961,2960,2959,2958,2957,2956,2955,2954,2953,2952,2951,2950,2949,2948,2947,2946,2945,2944,2943,2942,2941,2940,2939,2938,2937,2936,2935,2934,2933,2932,2931,2930,2929,2928,2927,2926,3033,3032,3031,3030,3029,3028,3027,3026,3025,3024,3131,3238,3345,3344,3343,3342,3341,3340,3447,3554,3661,3768,3769,3770,3771,3772,3773,3774,3774,3774,3774,3774,3774,3774,3774,3774,3774,3774,3774,3774,3774,3774,3774,3774,3774,3774,3774,3774,3774,
goal:3774,3774,3774,3774,3774,3774,3774,3774,3774,3774,3774,3774,3774,3774,3774,3774,3774,3774,3774,3774,3774,3774,3774,3774,3774,3774,3774,3774,3774,3774,3774,3774,3774,3774,3774,3774,3774,3774,3774,3774,3774,3774,3774,3774,3774,3774,3774,3774,3774,3774,3774,3774,3774,3774,3774,3774,3774,3774,3774,3774,3774,3774,3774,3774,3774,3774,3774,3774,3774,3774,3774,3774,3774,3774,3774,3774,3774,3774,3774,3774,3774,3774,3774,3774,3774,3774,3774,3774,3774,3774,3774,3774,
size:70
[agent] id:9
path:3246,3139,3032,2925,2818,2711,2604,2497,2390,2283,2176,2069,1962,1963,1964,1965,1966,1967,1968,1969,1970,1971,1972,1973,1974,1975,1976,1977,1978,1979,1980,1981,1982,1983,1984,1985,1986,1987,1988,1989,1990,1991,1884,1885,1886,1887,1888,1889,1782,1675,1568,1461,1354,1247,1140,1033,926,927,928,929,930,931,932,932,932,932,932,932,932,932,932,932,932,932,932,932,932,932,932,932,932,932,932,932,932,932,932,932,932,932,932,932,
goal:932,932,932,932,932,932,932,932,932,932,932,932,932,932,932,932,932,932,932,932,932,932,932,932,932,932,932,932,932,932,932,932,932,932,932,932,932,932,932,932,932,932,932,932,932,932,932,932,932,932,932,932,932,932,932,932,932,932,932,932,932,932,932,932,932,932,932,932,932,932,932,932,932,932,932,932,932,932,932,932,932,932,932,932,932,932,932,932,932,932,932,932,
size:62
[agent] id:10
path:2408,2407,2406,2405,2404,2403,2402,2401,2400,2399,2398,2397,2396,2395,2394,2393,2392,2391,2390,2389,2388,2387,2386,2385,2384,2383,2382,2381,2380,2379,2378,2377,2376,2375,2374,2373,2372,2371,2370,2369,2476,2475,2474,2367,2260,2153,2046,2045,2044,2043,2042,2041,2041,2041,2041,2041,2041,2041,2041,2041,2041,2041,2041,2041,2041,2041,2041,2041,2041,2041,2041,2041,2041,2041,2041,2041,2041,2041,2041,2041,2041,2041,2041,2041,2041,2041,2041,2041,2041,2041,2041,2041,
goal:2041,2041,2041,2041,2041,2041,2041,2041,2041,2041,2041,2041,2041,2041,2041,2041,2041,2041,2041,2041,2041,2041,2041,2041,2041,2041,2041,2041,2041,2041,2041,2041,2041,2041,2041,2041,2041,2041,2041,2041,2041,2041,2041,2041,2041,2041,2041,2041,2041,2041,2041,2041,2041,2041,2041,2041,2041,2041,2041,2041,2041,2041,2041,2041,2041,2041,2041,2041,2041,2041,2041,2041,2041,2041,2041,2041,2041,2041,2041,2041,2041,2041,2041,2041,2041,2041,2041,2041,2041,2041,2041,2041,
size:51
[agent] id:11
path:1411,1412,1413,1520,1627,1734,1841,1948,2055,2162,2269,2376,2483,2590,2591,2698,2805,2806,2807,2808,2809,2810,2811,2812,2813,2814,2815,2816,2817,2818,2819,2820,2821,2822,2823,2824,2825,2826,2827,2828,2829,2830,2831,2832,2833,2834,2835,2836,2837,2838,2839,2840,2841,2842,2843,2844,2845,2846,2847,2848,2849,2850,2957,2958,2959,2960,2961,2962,2963,2964,2965,2966,2967,2968,2969,2970,2971,3078,3079,3079,3079,3079,3079,3079,3079,3079,3079,3079,3079,3079,3079,3079,
goal:3079,3079,3079,3079,3079,3079,3079,3079,3079,3079,3079,3079,3079,3079,3079,3079,3079,3079,3079,3079,3079,3079,3079,3079,3079,3079,3079,3079,3079,3079,3079,3079,3079,3079,3079,3079,3079,3079,3079,3079,3079,3079,3079,3079,3079,3079,3079,3079,3079,3079,3079,3079,3079,3079,3079,3079,3079,3079,3079,3079,3079,3079,3079,3079,3079,3079,3079,3079,3079,3079,3079,3079,3079,3079,3079,3079,3079,3079,3079,3079,3079,3079,3079,3079,3079,3079,3079,3079,3079,3079,3079,3079,
size:78
[agent] id:12
path:2555,2662,2663,2664,2665,2772,2879,2986,3093,3094,3094,3094,3094,3094,3094,3094,3094,3094,3094,3094,3094,3094,3094,3094,3094,3094,3094,3094,3094,3094,3094,3094,3094,3094,3094,3094,3094,3094,3094,3094,3094,3094,3094,3094,3094,3094,3094,3094,3094,3094,3094,3094,3094,3094,3094,3094,3094,3094,3094,3094,3094,3094,3094,3094,3094,3094,3094,3094,3094,3094,3094,3094,3094,3094,3094,3094,3094,3094,3094,3094,3094,3094,3094,3094,3094,3094,3094,3094,3094,3094,3094,3094,
goal:3094,3094,3094,3094,3094,3094,3094,3094,3094,3094,3094,3094,3094,3094,3094,3094,3094,3094,3094,3094,3094,3094,3094,3094,3094,3094,3094,3094,3094,3094,3094,3094,3094,3094,3094,3094,3094,3094,3094,3094,3094,3094,3094,3094,3094,3094,3094,3094,3094,3094,3094,3094,3094,3094,3094,3094,3094,3094,3094,3094,3094,3094,3094,3094,3094,3094,3094,3094,3094,3094,3094,3094,3094,3094,3094,3094,3094,3094,3094,3094,3094,3094,3094,3094,3094,3094,3094,3094,3094,3094,3094,3094,
size:9
[agent] id:13
path:2109,2108,2107,2106,2105,2104,2103,2102,2101,2100,2099,2098,2097,2096,2095,2094,2093,2092,2091,2090,2089,2088,2087,2086,2085,2084,2083,2082,2081,2080,2079,2078,2077,2076,2075,2074,2073,2072,2071,1964,1963,1962,1961,1960,1959,1958,1957,1956,1955,1954,1847,1846,1845,1844,1843,1842,1735,1628,1521,1414,1307,1306,1305,1304,1303,1303,1303,1303,1303,1303,1303,1303,1303,1303,1303,1303,1303,1303,1303,1303,1303,1303,1303,1303,1303,1303,1303,1303,1303,1303,1303,1303,
goal:1303,1303,1303,1303,1303,1303,1303,1303,1303,1303,1303,1303,1303,1303,1303,1303,1303,1303,1303,1303,1303,1303,1303,1303,1303,1303,1303,1303,1303,1303,1303,1303,1303,1303,1303,1303,1303,1303,1303,1303,1303,1303,1303,1303,1303,1303,1303,1303,1303,1303,1303,1303,1303,1303,1303,1303,1303,1303,1303,1303,1303,1303,1303,1303,1303,1303,1303,1303,1303,1303,1303,1303,1303,1303,1303,1303,1303,1303,1303,1303,1303,1303,1303,1303,1303,1303,1303,1303,1303,1303,1303,1303,
size:64
[agent] id:14
path:2896,2789,2682,2575,2468,2361,2362,2363,2364,2365,2366,2367,2368,2368,2368,2368,2368,2368,2368,2368,2368,2368,2368,2368,2368,2368,2368,2368,2368,2368,2368,2368,2368,2368,2368,2368,2368,2368,2368,2368,2368,2368,2368,2368,2368,2368,2368,2368,2368,2368,2368,2368,2368,2368,2368,2368,2368,2368,2368,2368,2368,2368,2368,2368,2368,2368,2368,2368,2368,2368,2368,2368,2368,2368,2368,2368,2368,2368,2368,2368,2368,2368,2368,2368,2368,2368,2368,2368,2368,2368,2368,2368,
goal:2368,2368,2368,2368,2368,2368,2368,2368,2368,2368,2368,2368,2368,2368,2368,2368,2368,2368,2368,2368,2368,2368,2368,2368,2368,2368,2368,2368,2368,2368,2368,2368,2368,2368,2368,2368,2368,2368,2368,2368,2368,2368,2368,2368,2368,2368,2368,2368,2368,2368,2368,2368,2368,2368,2368,2368,2368,2368,2368,2368,2368,2368,2368,2368,2368,2368,2368,2368,2368,2368,2368,2368,2368,2368,2368,2368,2368,2368,2368,2368,2368,2368,2368,2368,2368,2368,2368,2368,2368,2368,2368,2368,
size:12
[agent] id:15
path:2441,2548,2655,2762,2869,2868,2867,2866,2865,2864,2863,2862,2861,2860,2859,2858,2857,2856,2855,2854,2853,2853,2852,2851,2850,2849,2848,2955,2954,2953,2952,2951,2950,2949,2948,2947,2946,2945,2944,2943,2942,2941,2940,2939,2938,2937,2936,2935,2934,2933,3040,3039,3038,3037,3036,3035,3034,3033,3032,3031,3030,3029,3028,3027,3026,3025,3024,3131,3238,3345,3344,3343,3342,3341,3340,3447,3554,3661,3768,3875,3982,4089,4196,4195,4194,4194,4194,4194,4194,4194,4194,4194,
goal:4194,4194,4194,4194,4194,4194,4194,4194,4194,4194,4194,4194,4194,4194,4194,4194,4194,4194,4194,4194,4194,4194,4194,4194,4194,4194,4194,4194,4194,4194,4194,4194,4194,4194,4194,4194,4194,4194,4194,4194,4194,4194,4194,4194,4194,4194,4194,4194,4194,4194,4194,4194,4194,4194,4194,4194,4194,4194,4194,4194,4194,4194,4194,4194,4194,4194,4194,4194,4194,4194,4194,4194,4194,4194,4194,4194,4194,4194,4194,4194,4194,4194,4194,4194,4194,4194,4194,4194,4194,4194,4194,4194,
size:84
[agent] id:16
path:1892,1999,2106,2213,2320,2427,2534,2641,2748,2855,2962,3069,3070,3071,3072,3073,3074,3075,3076,3077,3077,3077,3077,3077,3077,3077,3077,3077,3077,3077,3077,3077,3077,3077,3077,3077,3077,3077,3077,3077,3077,3077,3077,3077,3077,3077,3077,3077,3077,3077,3077,3077,3077,3077,3077,3077,3077,3077,3077,3077,3077,3077,3077,3077,3077,3077,3077,3077,3077,3077,3077,3077,3077,3077,3077,3077,3077,3077,3077,3077,3077,3077,3077,3077,3077,3077,3077,3077,3077,3077,3077,3077,
goal:3077,3077,3077,3077,3077,3077,3077,3077,3077,3077,3077,3077,3077,3077,3077,3077,3077,3077,3077,3077,3077,3077,3077,3077,3077,3077,3077,3077,3077,3077,3077,3077,3077,3077,3077,3077,3077,3077,3077,3077,3077,3077,3077,3077,3077,3077,3077,3077,3077,3077,3077,3077,3077,3077,3077,3077,3077,3077,3077,3077,3077,3077,3077,3077,3077,3077,3077,3077,3077,3077,3077,3077,3077,3077,3077,3077,3077,3077,3077,3077,3077,3077,3077,3077,3077,3077,3077,3077,3077,3077,3077,3077,
size:19
[agent] id:17
path:774,881,988,1095,1202,1309,1308,1307,1307,1414,1521,1628,1735,1842,1949,2056,2163,2270,2377,2484,2485,2486,2487,2488,2489,2490,2491,2492,2493,2494,2495,2496,2497,2498,2499,2500,2501,2502,2503,2504,2505,2506,2507,2508,2509,2510,2511,2512,2513,2514,2515,2516,2517,2518,2519,2520,2521,2522,2523,2524,2525,2526,2527,2528,2529,2530,2531,2532,2533,2534,2535,2536,2537,2538,2539,2540,2541,2542,2543,2544,2545,2546,2547,2548,2549,2550,2551,2552,2553,2554,2555,2556,
goal:2556,2556,2556,2556,2556,2556,2556,2556,2556,2556,2556,2556,2556,2556,2556,2556,2556,2556,2556,2556,2556,2556,2556,2556,2556,2556,2556,2556,2556,2556,2556,2556,2556,2556,2556,2556,2556,2556,2556,2556,2556,2556,2556,2556,2556,2556,2556,2556,2556,2556,2556,2556,2556,2556,2556,2556,2556,2556,2556,2556,2556,2556,2556,2556,2556,2556,2556,2556,2556,2556,2556,2556,2556,2556,2556,2556,2556,2556,2556,2556,2556,2556,2556,2556,2556,2556,2556,2556,2556,2556,2556,2556,
size:91
[agent] id:18
path:2251,2358,2465,2466,2467,2468,2469,2470,2471,2472,2473,2474,2475,2476,2477,2478,2585,2692,2799,2906,3013,3014,3015,3016,3017,3018,3019,3020,3021,3022,3023,3024,3025,3026,3027,3028,3029,3030,3031,3032,3033,3034,3035,3036,3037,3038,3039,3040,3041,3042,3043,3044,3045,3046,3047,3048,3049,3050,3051,3052,3053,3054,3055,3056,3057,3058,3059,3060,3061,3062,3063,3064,3064,3064,3064,3064,3064,3064,3064,3064,3064,3064,3064,3064,3064,3064,3064,3064,3064,3064,3064,3064,
goal:3064,3064,3064,3064,3064,3064,3064,3064,3064,3064,3064,3064,3064,3064,3064,3064,3064,3064,3064,3064,3064,3064,3064,3064,3064,3064,3064,3064,3064,3064,3064,3064,3064,3064,3064,3064,3064,3064,3064,3064,3064,3064,3064,3064,3064,3064,3064,3064,3064,3064,3064,3064,3064,3064,3064,3064,3064,3064,3064,3064,3064,3064,3064,3064,3064,3064,3064,3064,3064,3064,3064,3064,3064,3064,3064,3064,3064,3064,3064,3064,3064,3064,3064,3064,3064,3064,3064,3064,3064,3064,3064,3064,
size:71
[agent] id:19
path:2209,2102,1995,1888,1889,1782,1675,1568,1569,1462,1355,1356,1357,1358,1359,1360,1361,1361,1361,1361,1361,1361,1361,1361,1361,1361,1361,1361,1361,1361,1361,1361,1361,1361,1361,1361,1361,1361,1361,1361,1361,1361,1361,1361,1361,1361,1361,1361,1361,1361,1361,1361,1361,1361,1361,1361,1361,1361,1361,1361,1361,1361,1361,1361,1361,1361,1361,1361,1361,1361,1361,1361,1361,1361,1361,1361,1361,1361,1361,1361,1361,1361,1361,1361,1361,1361,1361,1361,1361,1361,1361,1361,
goal:1361,1361,1361,1361,1361,1361,1361,1361,1361,1361,1361,1361,1361,1361,1361,1361,1361,1361,1361,1361,1361,1361,1361,1361,1361,1361,1361,1361,1361,1361,1361,1361,1361,1361,1361,1361,1361,1361,1361,1361,1361,1361,1361,1361,1361,1361,1361,1361,1361,1361,1361,1361,1361,1361,1361,1361,1361,1361,1361,1361,1361,1361,1361,1361,1361,1361,1361,1361,1361,1361,1361,1361,1361,1361,1361,1361,1361,1361,1361,1361,1361,1361,1361,1361,1361,1361,1361,1361,1361,1361,1361,1361,
size:16
SolutionCost:965
