[setting] seed:5
[solver] type:ECBS
[solver] w:3.000000
[solver] ID:0
[solver] Lowlevelnode:0
[solver] solved:1
[solver] elapsed:0
[solver] makespan:75
[problem] timesteplimit:10000
[problem] type:MAPF
[problem] agentnum:10
[graph] width:107
[graph] height:47
[graph] filename:./map/orz601d.map
[task] id:5,start:0,end:0,service time:0,nodes:2437,
[task] id:8,start:0,end:0,service time:0,nodes:1865,
[task] id:9,start:0,end:0,service time:0,nodes:2698,
[task] id:2,start:0,end:0,service time:0,nodes:2932,
[task] id:0,start:0,end:0,service time:0,nodes:1302,
[task] id:7,start:0,end:0,service time:0,nodes:4084,
[task] id:1,start:0,end:0,service time:0,nodes:2799,
[task] id:3,start:0,end:0,service time:0,nodes:2812,
[task] id:6,start:0,end:0,service time:0,nodes:4513,
[task] id:4,start:0,end:0,service time:0,nodes:2151,
[agent] id:0
path:2404,2297,2190,2083,1976,1975,1974,1973,1972,1971,1970,1969,1968,1967,1966,1965,1964,1963,1962,1961,1960,1959,1958,1957,1956,1955,1954,1847,1846,1845,1844,1843,1842,1735,1628,1521,1414,1307,1306,1305,1304,1303,1302,1302,1302,1302,1302,1302,1302,1302,1302,1302,1302,1302,1302,1302,1302,1302,1302,1302,1302,1302,1302,1302,1302,1302,1302,1302,1302,1302,1302,1302,1302,1302,1302,1302,
goal:1302,1302,1302,1302,1302,1302,1302,1302,1302,1302,1302,1302,1302,1302,1302,1302,1302,1302,1302,1302,1302,1302,1302,1302,1302,1302,1302,1302,1302,1302,1302,1302,1302,1302,1302,1302,1302,1302,1302,1302,1302,1302,1302,1302,1302,1302,1302,1302,1302,1302,1302,1302,1302,1302,1302,1302,1302,1302,1302,1302,1302,1302,1302,1302,1302,1302,1302,1302,1302,1302,1302,1302,1302,1302,1302,1302,
size:42
[agent] id:1
path:687,794,901,1008,1115,1222,1329,1436,1437,1544,1651,1758,1865,1972,2079,2186,2293,2400,2507,2614,2721,2828,2827,2826,2825,2824,2823,2822,2821,2820,2819,2818,2817,2816,2815,2814,2813,2812,2811,2810,2809,2808,2807,2806,2805,2804,2803,2802,2801,2800,2799,2799,2799,2799,2799,2799,2799,2799,2799,2799,2799,2799,2799,2799,2799,2799,2799,2799,2799,2799,2799,2799,2799,2799,2799,2799,
goal:2799,2799,2799,2799,2799,2799,2799,2799,2799,2799,2799,2799,2799,2799,2799,2799,2799,2799,2799,2799,2799,2799,2799,2799,2799,2799,2799,2799,2799,2799,2799,2799,2799,2799,2799,2799,2799,2799,2799,2799,2799,2799,2799,2799,2799,2799,2799,2799,2799,2799,2799,2799,2799,2799,2799,2799,2799,2799,2799,2799,2799,2799,2799,2799,2799,2799,2799,2799,2799,2799,2799,2799,2799,2799,2799,2799,
size:50
[agent] id:2
path:2258,2365,2472,2473,2474,2475,2476,2477,2478,2585,2692,2799,2906,2907,2908,2909,2910,2911,2912,2913,2914,2915,2916,2917,2918,2919,2920,2921,2922,2923,2924,2925,2926,2927,2928,2929,2930,2931,2932,2932,2932,2932,2932,2932,2932,2932,2932,2932,2932,2932,2932,2932,2932,2932,2932,2932,2932,2932,2932,2932,2932,2932,2932,2932,2932,2932,2932,2932,2932,2932,2932,2932,2932,2932,2932,2932,
goal:2932,2932,2932,2932,2932,2932,2932,2932,2932,2932,2932,2932,2932,2932,2932,2932,2932,2932,2932,2932,2932,2932,2932,2932,2932,2932,2932,2932,2932,2932,2932,2932,2932,2932,2932,2932,2932,2932,2932,2932,2932,2932,2932,2932,2932,2932,2932,2932,2932,2932,2932,2932,2932,2932,2932,2932,2932,2932,2932,2932,2932,2932,2932,2932,2932,2932,2932,2932,2932,2932,2932,2932,2932,2932,2932,2932,
size:38
[agent] id:3
path:816,923,1030,1137,1244,1351,1458,1459,1460,1461,1568,1675,1782,1889,1996,2103,2210,2317,2424,2531,2638,2745,2852,2851,2850,2849,2848,2847,2846,2845,2844,2843,2842,2841,2840,2839,2838,2837,2836,2835,2834,2833,2832,2831,2830,2829,2828,2827,2826,2825,2824,2823,2822,2821,2820,2819,2818,2817,2816,2815,2814,2813,2812,2812,2812,2812,2812,2812,2812,2812,2812,2812,2812,2812,2812,2812,
goal:2812,2812,2812,2812,2812,2812,2812,2812,2812,2812,2812,2812,2812,2812,2812,2812,2812,2812,2812,2812,2812,2812,2812,2812,2812,2812,2812,2812,2812,2812,2812,2812,2812,2812,2812,2812,2812,2812,2812,2812,2812,2812,2812,2812,2812,2812,2812,2812,2812,2812,2812,2812,2812,2812,2812,2812,2812,2812,2812,2812,2812,2812,2812,2812,2812,2812,2812,2812,2812,2812,2812,2812,2812,2812,2812,2812,
size:62
[agent] id:4
path:1350,1457,1458,1459,1460,1461,1568,1675,1782,1889,1996,2103,2210,2209,2208,2207,2206,2205,2204,2203,2202,2201,2200,2199,2198,2197,2196,2195,2194,2193,2192,2191,2190,2189,2188,2187,2186,2185,2184,2183,2182,2181,2180,2179,2178,2177,2176,2175,2174,2173,2172,2171,2170,2169,2168,2167,2166,2165,2164,2163,2162,2161,2160,2159,2158,2157,2264,2371,2370,2369,2368,2367,2260,2153,2152,2151,
goal:2151,2151,2151,2151,2151,2151,2151,2151,2151,2151,2151,2151,2151,2151,2151,2151,2151,2151,2151,2151,2151,2151,2151,2151,2151,2151,2151,2151,2151,2151,2151,2151,2151,2151,2151,2151,2151,2151,2151,2151,2151,2151,2151,2151,2151,2151,2151,2151,2151,2151,2151,2151,2151,2151,2151,2151,2151,2151,2151,2151,2151,2151,2151,2151,2151,2151,2151,2151,2151,2151,2151,2151,2151,2151,2151,2151,
size:75
[agent] id:5
path:2543,2436,2437,2437,2437,2437,2437,2437,2437,2437,2437,2437,2437,2437,2437,2437,2437,2437,2437,2437,2437,2437,2437,2437,2437,2437,2437,2437,2437,2437,2437,2437,2437,2437,2437,2437,2437,2437,2437,2437,2437,2437,2437,2437,2437,2437,2437,2437,2437,2437,2437,2437,2437,2437,2437,2437,2437,2437,2437,2437,2437,2437,2437,2437,2437,2437,2437,2437,2437,2437,2437,2437,2437,2437,2437,2437,
goal:2437,2437,2437,2437,2437,2437,2437,2437,2437,2437,2437,2437,2437,2437,2437,2437,2437,2437,2437,2437,2437,2437,2437,2437,2437,2437,2437,2437,2437,2437,2437,2437,2437,2437,2437,2437,2437,2437,2437,2437,2437,2437,2437,2437,2437,2437,2437,2437,2437,2437,2437,2437,2437,2437,2437,2437,2437,2437,2437,2437,2437,2437,2437,2437,2437,2437,2437,2437,2437,2437,2437,2437,2437,2437,2437,2437,
size:2
[agent] id:6
path:1007,1114,1221,1328,1435,1436,1437,1544,1651,1758,1865,1972,2079,2186,2293,2400,2507,2614,2721,2828,2935,3042,3041,3040,3039,3038,3037,3036,3035,3034,3033,3032,3031,3030,3029,3028,3027,3026,3025,3024,3131,3238,3345,3344,3343,3342,3341,3340,3447,3554,3661,3768,3875,3982,4089,4196,4303,4410,4409,4408,4515,4514,4513,4513,4513,4513,4513,4513,4513,4513,4513,4513,4513,4513,4513,4513,
goal:4513,4513,4513,4513,4513,4513,4513,4513,4513,4513,4513,4513,4513,4513,4513,4513,4513,4513,4513,4513,4513,4513,4513,4513,4513,4513,4513,4513,4513,4513,4513,4513,4513,4513,4513,4513,4513,4513,4513,4513,4513,4513,4513,4513,4513,4513,4513,4513,4513,4513,4513,4513,4513,4513,4513,4513,4513,4513,4513,4513,4513,4513,4513,4513,4513,4513,4513,4513,4513,4513,4513,4513,4513,4513,4513,4513,
size:62
[agent] id:7
path:2724,2831,2938,3045,3044,3043,3042,3041,3040,3039,3038,3037,3036,3035,3034,3033,3032,3031,3030,3029,3028,3027,3026,3025,3024,3131,3238,3345,3344,3343,3342,3341,3340,3447,3554,3661,3768,3875,3982,4089,4088,4087,4086,4085,4084,4084,4084,4084,4084,4084,4084,4084,4084,4084,4084,4084,4084,4084,4084,4084,4084,4084,4084,4084,4084,4084,4084,4084,4084,4084,4084,4084,4084,4084,4084,4084,
goal:4084,4084,4084,4084,4084,4084,4084,4084,4084,4084,4084,4084,4084,4084,4084,4084,4084,4084,4084,4084,4084,4084,4084,4084,4084,4084,4084,4084,4084,4084,4084,4084,4084,4084,4084,4084,4084,4084,4084,4084,4084,4084,4084,4084,4084,4084,4084,4084,4084,4084,4084,4084,4084,4084,4084,4084,4084,4084,4084,4084,4084,4084,4084,4084,4084,4084,4084,4084,4084,4084,4084,4084,4084,4084,4084,4084,
size:44
[agent] id:8
path:2281,2174,2067,1960,1961,1962,1963,1964,1965,1966,1967,1860,1861,1862,1863,1864,1865,1865,1865,1865,1865,1865,1865,1865,1865,1865,1865,1865,1865,1865,1865,1865,1865,1865,1865,1865,1865,1865,1865,1865,1865,1865,1865,1865,1865,1865,1865,1865,1865,1865,1865,1865,1865,1865,1865,1865,1865,1865,1865,1865,1865,1865,1865,1865,1865,1865,1865,1865,1865,1865,1865,1865,1865,1865,1865,1865,
goal:1865,1865,1865,1865,1865,1865,1865,1865,1865,1865,1865,1865,1865,1865,1865,1865,1865,1865,1865,1865,1865,1865,1865,1865,1865,1865,1865,1865,1865,1865,1865,1865,1865,1865,1865,1865,1865,1865,1865,1865,1865,1865,1865,1865,1865,1865,1865,1865,1865,1865,1865,1865,1865,1865,1865,1865,1865,1865,1865,1865,1865,1865,1865,1865,1865,1865,1865,1865,1865,1865,1865,1865,1865,1865,1865,1865,
size:16
[agent] id:9
path:2792,2685,2686,2687,2688,2581,2474,2475,2476,2477,2478,2585,2692,2693,2694,2695,2696,2697,2698,2698,2698,2698,2698,2698,2698,2698,2698,2698,2698,2698,2698,2698,2698,2698,2698,2698,2698,2698,2698,2698,2698,2698,2698,2698,2698,2698,2698,2698,2698,2698,2698,2698,2698,2698,2698,2698,2698,2698,2698,2698,2698,2698,2698,2698,2698,2698,2698,2698,2698,2698,2698,2698,2698,2698,2698,2698,
goal:2698,2698,2698,2698,2698,2698,2698,2698,2698,2698,2698,2698,2698,2698,2698,2698,2698,2698,2698,2698,2698,2698,2698,2698,2698,2698,2698,2698,2698,2698,2698,2698,2698,2698,2698,2698,2698,2698,2698,2698,2698,2698,2698,2698,2698,2698,2698,2698,2698,2698,2698,2698,2698,2698,2698,2698,2698,2698,2698,2698,2698,2698,2698,2698,2698,2698,2698,2698,2698,2698,2698,2698,2698,2698,2698,2698,
size:18
SolutionCost:409
