[setting] seed:77
[solver] type:ECBS
[solver] w:3.000000
[solver] ID:0
[solver] Lowlevelnode:0
[solver] solved:1
[solver] elapsed:0
[solver] makespan:89
[problem] timesteplimit:10000
[problem] type:MAPF
[problem] agentnum:10
[graph] width:107
[graph] height:47
[graph] filename:./map/orz601d.map
[task] id:6,start:0,end:0,service time:0,nodes:1243,
[task] id:2,start:0,end:0,service time:0,nodes:2829,
[task] id:1,start:0,end:0,service time:0,nodes:2722,
[task] id:8,start:0,end:0,service time:0,nodes:2152,
[task] id:4,start:0,end:0,service time:0,nodes:2606,
[task] id:9,start:0,end:0,service time:0,nodes:499,
[task] id:7,start:0,end:0,service time:0,nodes:2740,
[task] id:3,start:0,end:0,service time:0,nodes:1837,
[task] id:0,start:0,end:0,service time:0,nodes:2335,
[task] id:5,start:0,end:0,service time:0,nodes:2980,
[agent] id:0
path:2484,2377,2270,2271,2272,2273,2274,2275,2276,2277,2278,2279,2280,2281,2282,2283,2284,2285,2286,2287,2288,2289,2290,2291,2292,2293,2294,2295,2296,2297,2298,2299,2300,2301,2302,2303,2304,2305,2306,2307,2308,2309,2310,2311,2312,2313,2314,2315,2316,2317,2318,2319,2320,2321,2322,2323,2324,2325,2326,2327,2328,2329,2330,2331,2332,2333,2334,2335,2335,2335,2335,2335,2335,2335,2335,2335,2335,2335,2335,2335,2335,2335,2335,2335,2335,2335,2335,2335,2335,2335,
goal:2335,2335,2335,2335,2335,2335,2335,2335,2335,2335,2335,2335,2335,2335,2335,2335,2335,2335,2335,2335,2335,2335,2335,2335,2335,2335,2335,2335,2335,2335,2335,2335,2335,2335,2335,2335,2335,2335,2335,2335,2335,2335,2335,2335,2335,2335,2335,2335,2335,2335,2335,2335,2335,2335,2335,2335,2335,2335,2335,2335,2335,2335,2335,2335,2335,2335,2335,2335,2335,2335,2335,2335,2335,2335,2335,2335,2335,2335,2335,2335,2335,2335,2335,2335,2335,2335,2335,2335,2335,2335,
size:67
[agent] id:1
path:2428,2535,2642,2749,2748,2747,2746,2745,2744,2743,2742,2741,2740,2739,2738,2737,2736,2735,2734,2733,2732,2731,2730,2729,2728,2727,2726,2725,2724,2723,2722,2722,2722,2722,2722,2722,2722,2722,2722,2722,2722,2722,2722,2722,2722,2722,2722,2722,2722,2722,2722,2722,2722,2722,2722,2722,2722,2722,2722,2722,2722,2722,2722,2722,2722,2722,2722,2722,2722,2722,2722,2722,2722,2722,2722,2722,2722,2722,2722,2722,2722,2722,2722,2722,2722,2722,2722,2722,2722,2722,
goal:2722,2722,2722,2722,2722,2722,2722,2722,2722,2722,2722,2722,2722,2722,2722,2722,2722,2722,2722,2722,2722,2722,2722,2722,2722,2722,2722,2722,2722,2722,2722,2722,2722,2722,2722,2722,2722,2722,2722,2722,2722,2722,2722,2722,2722,2722,2722,2722,2722,2722,2722,2722,2722,2722,2722,2722,2722,2722,2722,2722,2722,2722,2722,2722,2722,2722,2722,2722,2722,2722,2722,2722,2722,2722,2722,2722,2722,2722,2722,2722,2722,2722,2722,2722,2722,2722,2722,2722,2722,2722,
size:30
[agent] id:2
path:1123,1230,1337,1336,1443,1442,1441,1440,1439,1438,1545,1652,1759,1866,1973,2080,2187,2294,2401,2508,2615,2722,2829,2829,2829,2829,2829,2829,2829,2829,2829,2829,2829,2829,2829,2829,2829,2829,2829,2829,2829,2829,2829,2829,2829,2829,2829,2829,2829,2829,2829,2829,2829,2829,2829,2829,2829,2829,2829,2829,2829,2829,2829,2829,2829,2829,2829,2829,2829,2829,2829,2829,2829,2829,2829,2829,2829,2829,2829,2829,2829,2829,2829,2829,2829,2829,2829,2829,2829,2829,
goal:2829,2829,2829,2829,2829,2829,2829,2829,2829,2829,2829,2829,2829,2829,2829,2829,2829,2829,2829,2829,2829,2829,2829,2829,2829,2829,2829,2829,2829,2829,2829,2829,2829,2829,2829,2829,2829,2829,2829,2829,2829,2829,2829,2829,2829,2829,2829,2829,2829,2829,2829,2829,2829,2829,2829,2829,2829,2829,2829,2829,2829,2829,2829,2829,2829,2829,2829,2829,2829,2829,2829,2829,2829,2829,2829,2829,2829,2829,2829,2829,2829,2829,2829,2829,2829,2829,2829,2829,2829,2829,
size:22
[agent] id:3
path:1353,1460,1461,1568,1675,1782,1889,1888,1887,1886,1885,1884,1991,1990,1989,1988,1987,1986,1985,1984,1983,1982,1981,1980,1979,1978,1977,1976,1975,1974,1973,1972,1971,1970,1969,1968,1967,1966,1965,1964,1963,1962,1961,1960,1959,1958,1957,1956,1955,1954,1847,1846,1845,1844,1843,1842,1841,1840,1839,1838,1837,1837,1837,1837,1837,1837,1837,1837,1837,1837,1837,1837,1837,1837,1837,1837,1837,1837,1837,1837,1837,1837,1837,1837,1837,1837,1837,1837,1837,1837,
goal:1837,1837,1837,1837,1837,1837,1837,1837,1837,1837,1837,1837,1837,1837,1837,1837,1837,1837,1837,1837,1837,1837,1837,1837,1837,1837,1837,1837,1837,1837,1837,1837,1837,1837,1837,1837,1837,1837,1837,1837,1837,1837,1837,1837,1837,1837,1837,1837,1837,1837,1837,1837,1837,1837,1837,1837,1837,1837,1837,1837,1837,1837,1837,1837,1837,1837,1837,1837,1837,1837,1837,1837,1837,1837,1837,1837,1837,1837,1837,1837,1837,1837,1837,1837,1837,1837,1837,1837,1837,1837,
size:60
[agent] id:4
path:1312,1419,1418,1417,1416,1415,1414,1521,1628,1735,1842,1949,2056,2163,2270,2377,2484,2591,2592,2593,2594,2595,2596,2597,2598,2599,2600,2601,2602,2603,2604,2605,2606,2606,2606,2606,2606,2606,2606,2606,2606,2606,2606,2606,2606,2606,2606,2606,2606,2606,2606,2606,2606,2606,2606,2606,2606,2606,2606,2606,2606,2606,2606,2606,2606,2606,2606,2606,2606,2606,2606,2606,2606,2606,2606,2606,2606,2606,2606,2606,2606,2606,2606,2606,2606,2606,2606,2606,2606,2606,
goal:2606,2606,2606,2606,2606,2606,2606,2606,2606,2606,2606,2606,2606,2606,2606,2606,2606,2606,2606,2606,2606,2606,2606,2606,2606,2606,2606,2606,2606,2606,2606,2606,2606,2606,2606,2606,2606,2606,2606,2606,2606,2606,2606,2606,2606,2606,2606,2606,2606,2606,2606,2606,2606,2606,2606,2606,2606,2606,2606,2606,2606,2606,2606,2606,2606,2606,2606,2606,2606,2606,2606,2606,2606,2606,2606,2606,2606,2606,2606,2606,2606,2606,2606,2606,2606,2606,2606,2606,2606,2606,
size:32
[agent] id:5
path:1313,1312,1419,1418,1417,1416,1415,1414,1521,1628,1735,1842,1949,2056,2163,2270,2377,2484,2591,2698,2805,2912,2913,2914,2915,2916,2917,2918,2919,2920,2921,2922,2923,2924,2925,2926,2927,2928,2929,2930,2931,2932,2933,2934,2935,2936,2937,2938,2939,2940,2941,2942,2943,2944,2945,2946,2947,2948,2949,2950,2951,2952,2953,2954,2955,2956,2957,2958,2959,2960,2961,2962,2963,2964,2965,2966,2967,2968,2969,2970,2971,2972,2973,2974,2975,2976,2977,2978,2979,2980,
goal:2980,2980,2980,2980,2980,2980,2980,2980,2980,2980,2980,2980,2980,2980,2980,2980,2980,2980,2980,2980,2980,2980,2980,2980,2980,2980,2980,2980,2980,2980,2980,2980,2980,2980,2980,2980,2980,2980,2980,2980,2980,2980,2980,2980,2980,2980,2980,2980,2980,2980,2980,2980,2980,2980,2980,2980,2980,2980,2980,2980,2980,2980,2980,2980,2980,2980,2980,2980,2980,2980,2980,2980,2980,2980,2980,2980,2980,2980,2980,2980,2980,2980,2980,2980,2980,2980,2980,2980,2980,2980,
size:89
[agent] id:6
path:2109,2002,1895,1894,1893,1892,1891,1890,1783,1676,1569,1462,1355,1248,1247,1246,1245,1244,1243,1243,1243,1243,1243,1243,1243,1243,1243,1243,1243,1243,1243,1243,1243,1243,1243,1243,1243,1243,1243,1243,1243,1243,1243,1243,1243,1243,1243,1243,1243,1243,1243,1243,1243,1243,1243,1243,1243,1243,1243,1243,1243,1243,1243,1243,1243,1243,1243,1243,1243,1243,1243,1243,1243,1243,1243,1243,1243,1243,1243,1243,1243,1243,1243,1243,1243,1243,1243,1243,1243,1243,
goal:1243,1243,1243,1243,1243,1243,1243,1243,1243,1243,1243,1243,1243,1243,1243,1243,1243,1243,1243,1243,1243,1243,1243,1243,1243,1243,1243,1243,1243,1243,1243,1243,1243,1243,1243,1243,1243,1243,1243,1243,1243,1243,1243,1243,1243,1243,1243,1243,1243,1243,1243,1243,1243,1243,1243,1243,1243,1243,1243,1243,1243,1243,1243,1243,1243,1243,1243,1243,1243,1243,1243,1243,1243,1243,1243,1243,1243,1243,1243,1243,1243,1243,1243,1243,1243,1243,1243,1243,1243,1243,
size:18
[agent] id:7
path:2348,2455,2562,2669,2668,2667,2666,2665,2664,2663,2662,2661,2660,2767,2766,2765,2764,2763,2762,2761,2760,2759,2758,2757,2756,2755,2754,2753,2752,2751,2750,2749,2748,2747,2746,2745,2744,2743,2742,2741,2740,2740,2740,2740,2740,2740,2740,2740,2740,2740,2740,2740,2740,2740,2740,2740,2740,2740,2740,2740,2740,2740,2740,2740,2740,2740,2740,2740,2740,2740,2740,2740,2740,2740,2740,2740,2740,2740,2740,2740,2740,2740,2740,2740,2740,2740,2740,2740,2740,2740,
goal:2740,2740,2740,2740,2740,2740,2740,2740,2740,2740,2740,2740,2740,2740,2740,2740,2740,2740,2740,2740,2740,2740,2740,2740,2740,2740,2740,2740,2740,2740,2740,2740,2740,2740,2740,2740,2740,2740,2740,2740,2740,2740,2740,2740,2740,2740,2740,2740,2740,2740,2740,2740,2740,2740,2740,2740,2740,2740,2740,2740,2740,2740,2740,2740,2740,2740,2740,2740,2740,2740,2740,2740,2740,2740,2740,2740,2740,2740,2740,2740,2740,2740,2740,2740,2740,2740,2740,2740,2740,2740,
size:40
[agent] id:8
path:767,874,981,1088,1195,1302,1409,1410,1411,1412,1413,1520,1627,1734,1841,1948,2055,2162,2161,2160,2159,2158,2157,2264,2371,2370,2369,2368,2367,2260,2153,2152,2152,2152,2152,2152,2152,2152,2152,2152,2152,2152,2152,2152,2152,2152,2152,2152,2152,2152,2152,2152,2152,2152,2152,2152,2152,2152,2152,2152,2152,2152,2152,2152,2152,2152,2152,2152,2152,2152,2152,2152,2152,2152,2152,2152,2152,2152,2152,2152,2152,2152,2152,2152,2152,2152,2152,2152,2152,2152,
goal:2152,2152,2152,2152,2152,2152,2152,2152,2152,2152,2152,2152,2152,2152,2152,2152,2152,2152,2152,2152,2152,2152,2152,2152,2152,2152,2152,2152,2152,2152,2152,2152,2152,2152,2152,2152,2152,2152,2152,2152,2152,2152,2152,2152,2152,2152,2152,2152,2152,2152,2152,2152,2152,2152,2152,2152,2152,2152,2152,2152,2152,2152,2152,2152,2152,2152,2152,2152,2152,2152,2152,2152,2152,2152,2152,2152,2152,2152,2152,2152,2152,2152,2152,2152,2152,2152,2152,2152,2152,2152,
size:31
[agent] id:9
path:3918,3811,3704,3597,3598,3599,3600,3601,3494,3387,3280,3173,3066,2959,2852,2745,2638,2531,2424,2317,2210,2103,1996,1889,1782,1675,1568,1461,1354,1247,1140,1033,926,819,712,605,498,499,499,499,499,499,499,499,499,499,499,499,499,499,499,499,499,499,499,499,499,499,499,499,499,499,499,499,499,499,499,499,499,499,499,499,499,499,499,499,499,499,499,499,499,499,499,499,499,499,499,499,499,499,
goal:499,499,499,499,499,499,499,499,499,499,499,499,499,499,499,499,499,499,499,499,499,499,499,499,499,499,499,499,499,499,499,499,499,499,499,499,499,499,499,499,499,499,499,499,499,499,499,499,499,499,499,499,499,499,499,499,499,499,499,499,499,499,499,499,499,499,499,499,499,499,499,499,499,499,499,499,499,499,499,499,499,499,499,499,499,499,499,499,499,499,
size:37
SolutionCost:426
