[setting] seed:97
[solver] type:ECBS
[solver] w:3.000000
[solver] ID:0
[solver] Lowlevelnode:20371
[solver] solved:1
[solver] elapsed:154
[solver] makespan:84
[problem] timesteplimit:10000
[problem] type:MAPF
[problem] agentnum:10
[graph] width:107
[graph] height:47
[graph] filename:./map/orz601d.map
[task] id:2,start:0,end:0,service time:0,nodes:2825,
[task] id:5,start:0,end:0,service time:0,nodes:1089,
[task] id:9,start:0,end:0,service time:0,nodes:1954,
[task] id:6,start:0,end:0,service time:0,nodes:1890,
[task] id:1,start:0,end:0,service time:0,nodes:4138,
[task] id:3,start:0,end:0,service time:0,nodes:2855,
[task] id:7,start:0,end:0,service time:0,nodes:2254,
[task] id:4,start:0,end:0,service time:0,nodes:2682,
[task] id:8,start:0,end:0,service time:0,nodes:3815,
[task] id:0,start:0,end:0,service time:0,nodes:775,
[agent] id:0
path:2125,2124,2123,2122,2121,2120,2119,2118,2117,2116,2115,2114,2113,2112,2111,2110,2109,2108,2107,2106,2105,2104,2103,2102,2101,2100,2099,2098,2097,2096,2095,2094,2093,2092,2091,2090,2089,2088,2087,2086,2085,2084,2083,2082,2081,2080,2079,2078,2077,2076,2075,2074,2073,2072,2071,2070,2069,2068,2067,2066,2065,2064,2063,2062,2061,2060,1953,1846,1845,1844,1843,1842,1735,1628,1521,1414,1307,1200,1093,986,879,772,773,774,775,
goal:775,775,775,775,775,775,775,775,775,775,775,775,775,775,775,775,775,775,775,775,775,775,775,775,775,775,775,775,775,775,775,775,775,775,775,775,775,775,775,775,775,775,775,775,775,775,775,775,775,775,775,775,775,775,775,775,775,775,775,775,775,775,775,775,775,775,775,775,775,775,775,775,775,775,775,775,775,775,775,775,775,775,775,775,775,
size:84
[agent] id:1
path:2814,2921,3028,3029,3030,3031,3032,3033,3034,3035,3036,3037,3038,3039,3040,3041,3042,3043,3044,3045,3046,3047,3048,3049,3050,3051,3052,3053,3054,3055,3056,3057,3058,3059,3060,3061,3062,3169,3170,3171,3172,3173,3280,3387,3494,3601,3708,3815,3922,4029,4136,4137,4138,4138,4138,4138,4138,4138,4138,4138,4138,4138,4138,4138,4138,4138,4138,4138,4138,4138,4138,4138,4138,4138,4138,4138,4138,4138,4138,4138,4138,4138,4138,4138,4138,
goal:4138,4138,4138,4138,4138,4138,4138,4138,4138,4138,4138,4138,4138,4138,4138,4138,4138,4138,4138,4138,4138,4138,4138,4138,4138,4138,4138,4138,4138,4138,4138,4138,4138,4138,4138,4138,4138,4138,4138,4138,4138,4138,4138,4138,4138,4138,4138,4138,4138,4138,4138,4138,4138,4138,4138,4138,4138,4138,4138,4138,4138,4138,4138,4138,4138,4138,4138,4138,4138,4138,4138,4138,4138,4138,4138,4138,4138,4138,4138,4138,4138,4138,4138,4138,4138,
size:52
[agent] id:2
path:3041,2934,2827,2826,2825,2825,2825,2825,2825,2825,2825,2825,2825,2825,2825,2825,2825,2825,2825,2825,2825,2825,2825,2825,2825,2825,2825,2825,2825,2825,2825,2825,2825,2825,2825,2825,2825,2825,2825,2825,2825,2825,2825,2825,2825,2825,2825,2825,2825,2825,2825,2825,2825,2825,2825,2825,2825,2825,2825,2825,2825,2825,2825,2825,2825,2825,2825,2825,2825,2825,2825,2825,2825,2825,2825,2825,2825,2825,2825,2825,2825,2825,2825,2825,2825,
goal:2825,2825,2825,2825,2825,2825,2825,2825,2825,2825,2825,2825,2825,2825,2825,2825,2825,2825,2825,2825,2825,2825,2825,2825,2825,2825,2825,2825,2825,2825,2825,2825,2825,2825,2825,2825,2825,2825,2825,2825,2825,2825,2825,2825,2825,2825,2825,2825,2825,2825,2825,2825,2825,2825,2825,2825,2825,2825,2825,2825,2825,2825,2825,2825,2825,2825,2825,2825,2825,2825,2825,2825,2825,2825,2825,2825,2825,2825,2825,2825,2825,2825,2825,2825,2825,
size:4
[agent] id:3
path:2482,2589,2696,2697,2698,2699,2700,2701,2702,2703,2704,2705,2706,2707,2708,2709,2710,2711,2712,2713,2714,2715,2716,2717,2718,2719,2826,2827,2828,2829,2830,2831,2832,2833,2834,2835,2836,2837,2838,2839,2840,2841,2842,2843,2844,2845,2846,2847,2848,2849,2850,2851,2852,2853,2854,2855,2855,2855,2855,2855,2855,2855,2855,2855,2855,2855,2855,2855,2855,2855,2855,2855,2855,2855,2855,2855,2855,2855,2855,2855,2855,2855,2855,2855,2855,
goal:2855,2855,2855,2855,2855,2855,2855,2855,2855,2855,2855,2855,2855,2855,2855,2855,2855,2855,2855,2855,2855,2855,2855,2855,2855,2855,2855,2855,2855,2855,2855,2855,2855,2855,2855,2855,2855,2855,2855,2855,2855,2855,2855,2855,2855,2855,2855,2855,2855,2855,2855,2855,2855,2855,2855,2855,2855,2855,2855,2855,2855,2855,2855,2855,2855,2855,2855,2855,2855,2855,2855,2855,2855,2855,2855,2855,2855,2855,2855,2855,2855,2855,2855,2855,2855,
size:55
[agent] id:4
path:2749,2748,2747,2746,2745,2744,2743,2742,2741,2740,2739,2738,2737,2736,2735,2734,2733,2732,2731,2730,2729,2728,2727,2726,2725,2724,2723,2722,2721,2720,2719,2718,2717,2716,2715,2714,2713,2712,2711,2710,2709,2708,2707,2706,2705,2704,2703,2702,2701,2700,2699,2698,2697,2696,2695,2694,2693,2692,2585,2478,2477,2476,2475,2474,2581,2688,2687,2686,2685,2684,2683,2682,2682,2682,2682,2682,2682,2682,2682,2682,2682,2682,2682,2682,2682,
goal:2682,2682,2682,2682,2682,2682,2682,2682,2682,2682,2682,2682,2682,2682,2682,2682,2682,2682,2682,2682,2682,2682,2682,2682,2682,2682,2682,2682,2682,2682,2682,2682,2682,2682,2682,2682,2682,2682,2682,2682,2682,2682,2682,2682,2682,2682,2682,2682,2682,2682,2682,2682,2682,2682,2682,2682,2682,2682,2682,2682,2682,2682,2682,2682,2682,2682,2682,2682,2682,2682,2682,2682,2682,2682,2682,2682,2682,2682,2682,2682,2682,2682,2682,2682,2682,
size:71
[agent] id:5
path:2042,2043,2044,2045,2046,2153,2260,2367,2368,2369,2370,2371,2264,2157,2050,1943,1836,1837,1838,1839,1840,1841,1734,1627,1520,1413,1306,1199,1092,1091,1090,1089,1089,1089,1089,1089,1089,1089,1089,1089,1089,1089,1089,1089,1089,1089,1089,1089,1089,1089,1089,1089,1089,1089,1089,1089,1089,1089,1089,1089,1089,1089,1089,1089,1089,1089,1089,1089,1089,1089,1089,1089,1089,1089,1089,1089,1089,1089,1089,1089,1089,1089,1089,1089,1089,
goal:1089,1089,1089,1089,1089,1089,1089,1089,1089,1089,1089,1089,1089,1089,1089,1089,1089,1089,1089,1089,1089,1089,1089,1089,1089,1089,1089,1089,1089,1089,1089,1089,1089,1089,1089,1089,1089,1089,1089,1089,1089,1089,1089,1089,1089,1089,1089,1089,1089,1089,1089,1089,1089,1089,1089,1089,1089,1089,1089,1089,1089,1089,1089,1089,1089,1089,1089,1089,1089,1089,1089,1089,1089,1089,1089,1089,1089,1089,1089,1089,1089,1089,1089,1089,1089,
size:31
[agent] id:6
path:2990,2883,2776,2669,2562,2455,2454,2453,2452,2451,2450,2449,2448,2447,2446,2339,2232,2125,2018,2017,2016,2015,2014,2013,2012,2011,2010,2009,2008,2007,2006,2005,2004,2003,2002,1895,1894,1893,1892,1891,1890,1890,1890,1890,1890,1890,1890,1890,1890,1890,1890,1890,1890,1890,1890,1890,1890,1890,1890,1890,1890,1890,1890,1890,1890,1890,1890,1890,1890,1890,1890,1890,1890,1890,1890,1890,1890,1890,1890,1890,1890,1890,1890,1890,1890,
goal:1890,1890,1890,1890,1890,1890,1890,1890,1890,1890,1890,1890,1890,1890,1890,1890,1890,1890,1890,1890,1890,1890,1890,1890,1890,1890,1890,1890,1890,1890,1890,1890,1890,1890,1890,1890,1890,1890,1890,1890,1890,1890,1890,1890,1890,1890,1890,1890,1890,1890,1890,1890,1890,1890,1890,1890,1890,1890,1890,1890,1890,1890,1890,1890,1890,1890,1890,1890,1890,1890,1890,1890,1890,1890,1890,1890,1890,1890,1890,1890,1890,1890,1890,1890,1890,
size:40
[agent] id:7
path:3064,2957,2850,2743,2636,2529,2422,2421,2420,2419,2418,2417,2416,2415,2414,2413,2412,2411,2410,2409,2408,2407,2406,2405,2404,2403,2402,2401,2400,2399,2398,2397,2396,2395,2394,2393,2392,2391,2390,2389,2388,2387,2386,2385,2384,2383,2382,2381,2380,2379,2378,2377,2376,2375,2374,2373,2372,2371,2370,2369,2368,2367,2260,2259,2258,2257,2256,2255,2254,2254,2254,2254,2254,2254,2254,2254,2254,2254,2254,2254,2254,2254,2254,2254,2254,
goal:2254,2254,2254,2254,2254,2254,2254,2254,2254,2254,2254,2254,2254,2254,2254,2254,2254,2254,2254,2254,2254,2254,2254,2254,2254,2254,2254,2254,2254,2254,2254,2254,2254,2254,2254,2254,2254,2254,2254,2254,2254,2254,2254,2254,2254,2254,2254,2254,2254,2254,2254,2254,2254,2254,2254,2254,2254,2254,2254,2254,2254,2254,2254,2254,2254,2254,2254,2254,2254,2254,2254,2254,2254,2254,2254,2254,2254,2254,2254,2254,2254,2254,2254,2254,2254,
size:68
[agent] id:8
path:1416,1415,1414,1521,1628,1735,1842,1949,2056,2163,2270,2377,2484,2591,2698,2805,2912,3019,3020,3021,3022,3023,3024,3025,3026,3027,3028,3029,3030,3031,3032,3033,3034,3035,3036,3037,3038,3039,3040,3041,3042,3043,3044,3045,3046,3047,3048,3049,3050,3051,3052,3053,3054,3055,3056,3057,3058,3059,3060,3061,3062,3169,3170,3171,3172,3173,3280,3387,3494,3601,3708,3815,3815,3815,3815,3815,3815,3815,3815,3815,3815,3815,3815,3815,3815,
goal:3815,3815,3815,3815,3815,3815,3815,3815,3815,3815,3815,3815,3815,3815,3815,3815,3815,3815,3815,3815,3815,3815,3815,3815,3815,3815,3815,3815,3815,3815,3815,3815,3815,3815,3815,3815,3815,3815,3815,3815,3815,3815,3815,3815,3815,3815,3815,3815,3815,3815,3815,3815,3815,3815,3815,3815,3815,3815,3815,3815,3815,3815,3815,3815,3815,3815,3815,3815,3815,3815,3815,3815,3815,3815,3815,3815,3815,3815,3815,3815,3815,3815,3815,3815,3815,
size:71
[agent] id:9
path:4083,3976,3869,3762,3763,3764,3765,3766,3767,3660,3553,3446,3339,3232,3125,3018,2911,2804,2697,2590,2483,2376,2269,2162,2055,1948,1949,1950,1951,1952,1953,1954,1954,1954,1954,1954,1954,1954,1954,1954,1954,1954,1954,1954,1954,1954,1954,1954,1954,1954,1954,1954,1954,1954,1954,1954,1954,1954,1954,1954,1954,1954,1954,1954,1954,1954,1954,1954,1954,1954,1954,1954,1954,1954,1954,1954,1954,1954,1954,1954,1954,1954,1954,1954,1954,
goal:1954,1954,1954,1954,1954,1954,1954,1954,1954,1954,1954,1954,1954,1954,1954,1954,1954,1954,1954,1954,1954,1954,1954,1954,1954,1954,1954,1954,1954,1954,1954,1954,1954,1954,1954,1954,1954,1954,1954,1954,1954,1954,1954,1954,1954,1954,1954,1954,1954,1954,1954,1954,1954,1954,1954,1954,1954,1954,1954,1954,1954,1954,1954,1954,1954,1954,1954,1954,1954,1954,1954,1954,1954,1954,1954,1954,1954,1954,1954,1954,1954,1954,1954,1954,1954,
size:31
SolutionCost:507
