[setting] seed:68
[solver] type:ECBS
[solver] w:3.000000
[solver] ID:0
[solver] Lowlevelnode:5480
[solver] solved:1
[solver] elapsed:66
[solver] makespan:99
[problem] timesteplimit:10000
[problem] type:MAPF
[problem] agentnum:20
[graph] width:107
[graph] height:47
[graph] filename:./map/orz601d.map
[task] id:5,start:0,end:0,service time:0,nodes:2756,
[task] id:12,start:0,end:0,service time:0,nodes:2271,
[task] id:3,start:0,end:0,service time:0,nodes:2623,
[task] id:19,start:0,end:0,service time:0,nodes:3977,
[task] id:17,start:0,end:0,service time:0,nodes:662,
[task] id:4,start:0,end:0,service time:0,nodes:2428,
[task] id:9,start:0,end:0,service time:0,nodes:1976,
[task] id:16,start:0,end:0,service time:0,nodes:2531,
[task] id:13,start:0,end:0,service time:0,nodes:2934,
[task] id:0,start:0,end:0,service time:0,nodes:1203,
[task] id:10,start:0,end:0,service time:0,nodes:1903,
[task] id:18,start:0,end:0,service time:0,nodes:3025,
[task] id:6,start:0,end:0,service time:0,nodes:1248,
[task] id:11,start:0,end:0,service time:0,nodes:2593,
[task] id:15,start:0,end:0,service time:0,nodes:3138,
[task] id:14,start:0,end:0,service time:0,nodes:2493,
[task] id:7,start:0,end:0,service time:0,nodes:2092,
[task] id:8,start:0,end:0,service time:0,nodes:3766,
[task] id:2,start:0,end:0,service time:0,nodes:3079,
[task] id:1,start:0,end:0,service time:0,nodes:2144,
[agent] id:0
path:2079,1972,1971,1970,1969,1968,1967,1966,1965,1964,1963,1962,1961,1960,1959,1958,1957,1956,1955,1954,1847,1846,1845,1844,1843,1842,1735,1628,1521,1414,1307,1200,1201,1202,1203,1203,1203,1203,1203,1203,1203,1203,1203,1203,1203,1203,1203,1203,1203,1203,1203,1203,1203,1203,1203,1203,1203,1203,1203,1203,1203,1203,1203,1203,1203,1203,1203,1203,1203,1203,1203,1203,1203,1203,1203,1203,1203,1203,1203,1203,1203,1203,1203,1203,1203,1203,1203,1203,1203,1203,1203,1203,1203,1203,1203,1203,1203,1203,1203,1203,
goal:1203,1203,1203,1203,1203,1203,1203,1203,1203,1203,1203,1203,1203,1203,1203,1203,1203,1203,1203,1203,1203,1203,1203,1203,1203,1203,1203,1203,1203,1203,1203,1203,1203,1203,1203,1203,1203,1203,1203,1203,1203,1203,1203,1203,1203,1203,1203,1203,1203,1203,1203,1203,1203,1203,1203,1203,1203,1203,1203,1203,1203,1203,1203,1203,1203,1203,1203,1203,1203,1203,1203,1203,1203,1203,1203,1203,1203,1203,1203,1203,1203,1203,1203,1203,1203,1203,1203,1203,1203,1203,1203,1203,1203,1203,1203,1203,1203,1203,1203,1203,
size:34
[agent] id:1
path:2773,2666,2559,2558,2557,2556,2555,2554,2553,2552,2551,2550,2549,2548,2547,2546,2545,2544,2543,2542,2541,2540,2539,2538,2537,2536,2535,2534,2427,2426,2425,2424,2423,2422,2421,2420,2419,2418,2417,2416,2415,2414,2413,2412,2411,2410,2409,2408,2407,2406,2405,2404,2403,2402,2401,2400,2399,2398,2397,2396,2395,2394,2393,2392,2391,2390,2389,2388,2387,2386,2385,2384,2383,2382,2381,2380,2379,2378,2377,2376,2375,2374,2373,2372,2371,2370,2369,2368,2367,2260,2153,2152,2151,2150,2149,2148,2147,2146,2145,2144,
goal:2144,2144,2144,2144,2144,2144,2144,2144,2144,2144,2144,2144,2144,2144,2144,2144,2144,2144,2144,2144,2144,2144,2144,2144,2144,2144,2144,2144,2144,2144,2144,2144,2144,2144,2144,2144,2144,2144,2144,2144,2144,2144,2144,2144,2144,2144,2144,2144,2144,2144,2144,2144,2144,2144,2144,2144,2144,2144,2144,2144,2144,2144,2144,2144,2144,2144,2144,2144,2144,2144,2144,2144,2144,2144,2144,2144,2144,2144,2144,2144,2144,2144,2144,2144,2144,2144,2144,2144,2144,2144,2144,2144,2144,2144,2144,2144,2144,2144,2144,2144,
size:99
[agent] id:2
path:2806,2913,2914,2915,2916,2917,2918,2919,2920,2921,2922,2923,2924,2925,2926,2927,2928,2929,2930,2931,2932,2933,2934,2935,2936,2937,3044,3045,3046,3047,3048,3049,3050,3051,3052,3053,3054,3055,3056,3057,3058,3059,3060,3061,3062,3063,3064,3065,3066,3067,3068,3069,3070,3071,3072,3073,3074,3075,3076,3077,3078,3079,3079,3079,3079,3079,3079,3079,3079,3079,3079,3079,3079,3079,3079,3079,3079,3079,3079,3079,3079,3079,3079,3079,3079,3079,3079,3079,3079,3079,3079,3079,3079,3079,3079,3079,3079,3079,3079,3079,
goal:3079,3079,3079,3079,3079,3079,3079,3079,3079,3079,3079,3079,3079,3079,3079,3079,3079,3079,3079,3079,3079,3079,3079,3079,3079,3079,3079,3079,3079,3079,3079,3079,3079,3079,3079,3079,3079,3079,3079,3079,3079,3079,3079,3079,3079,3079,3079,3079,3079,3079,3079,3079,3079,3079,3079,3079,3079,3079,3079,3079,3079,3079,3079,3079,3079,3079,3079,3079,3079,3079,3079,3079,3079,3079,3079,3079,3079,3079,3079,3079,3079,3079,3079,3079,3079,3079,3079,3079,3079,3079,3079,3079,3079,3079,3079,3079,3079,3079,3079,3079,
size:61
[agent] id:3
path:2294,2401,2508,2615,2616,2617,2618,2619,2620,2621,2622,2623,2623,2623,2623,2623,2623,2623,2623,2623,2623,2623,2623,2623,2623,2623,2623,2623,2623,2623,2623,2623,2623,2623,2623,2623,2623,2623,2623,2623,2623,2623,2623,2623,2623,2623,2623,2623,2623,2623,2623,2623,2623,2623,2623,2623,2623,2623,2623,2623,2623,2623,2623,2623,2623,2623,2623,2623,2623,2623,2623,2623,2623,2623,2623,2623,2623,2623,2623,2623,2623,2623,2623,2623,2623,2623,2623,2623,2623,2623,2623,2623,2623,2623,2623,2623,2623,2623,2623,2623,
goal:2623,2623,2623,2623,2623,2623,2623,2623,2623,2623,2623,2623,2623,2623,2623,2623,2623,2623,2623,2623,2623,2623,2623,2623,2623,2623,2623,2623,2623,2623,2623,2623,2623,2623,2623,2623,2623,2623,2623,2623,2623,2623,2623,2623,2623,2623,2623,2623,2623,2623,2623,2623,2623,2623,2623,2623,2623,2623,2623,2623,2623,2623,2623,2623,2623,2623,2623,2623,2623,2623,2623,2623,2623,2623,2623,2623,2623,2623,2623,2623,2623,2623,2623,2623,2623,2623,2623,2623,2623,2623,2623,2623,2623,2623,2623,2623,2623,2623,2623,2623,
size:11
[agent] id:4
path:2942,2835,2728,2621,2514,2407,2408,2409,2410,2411,2412,2413,2414,2415,2416,2417,2418,2419,2420,2421,2422,2423,2424,2425,2426,2427,2428,2428,2428,2428,2428,2428,2428,2428,2428,2428,2428,2428,2428,2428,2428,2428,2428,2428,2428,2428,2428,2428,2428,2428,2428,2428,2428,2428,2428,2428,2428,2428,2428,2428,2428,2428,2428,2428,2428,2428,2428,2428,2428,2428,2428,2428,2428,2428,2428,2428,2428,2428,2428,2428,2428,2428,2428,2428,2428,2428,2428,2428,2428,2428,2428,2428,2428,2428,2428,2428,2428,2428,2428,2428,
goal:2428,2428,2428,2428,2428,2428,2428,2428,2428,2428,2428,2428,2428,2428,2428,2428,2428,2428,2428,2428,2428,2428,2428,2428,2428,2428,2428,2428,2428,2428,2428,2428,2428,2428,2428,2428,2428,2428,2428,2428,2428,2428,2428,2428,2428,2428,2428,2428,2428,2428,2428,2428,2428,2428,2428,2428,2428,2428,2428,2428,2428,2428,2428,2428,2428,2428,2428,2428,2428,2428,2428,2428,2428,2428,2428,2428,2428,2428,2428,2428,2428,2428,2428,2428,2428,2428,2428,2428,2428,2428,2428,2428,2428,2428,2428,2428,2428,2428,2428,2428,
size:26
[agent] id:5
path:2543,2650,2757,2756,2756,2756,2756,2756,2756,2756,2756,2756,2756,2756,2756,2756,2756,2756,2756,2756,2756,2756,2756,2756,2756,2756,2756,2756,2756,2756,2756,2756,2756,2756,2756,2756,2756,2756,2756,2756,2756,2756,2756,2756,2756,2756,2756,2756,2756,2756,2756,2756,2756,2756,2756,2756,2756,2756,2756,2756,2756,2756,2756,2756,2756,2756,2756,2756,2756,2756,2756,2756,2756,2756,2756,2756,2756,2756,2756,2756,2756,2756,2756,2756,2756,2756,2756,2756,2756,2756,2756,2756,2756,2756,2756,2756,2756,2756,2756,2756,
goal:2756,2756,2756,2756,2756,2756,2756,2756,2756,2756,2756,2756,2756,2756,2756,2756,2756,2756,2756,2756,2756,2756,2756,2756,2756,2756,2756,2756,2756,2756,2756,2756,2756,2756,2756,2756,2756,2756,2756,2756,2756,2756,2756,2756,2756,2756,2756,2756,2756,2756,2756,2756,2756,2756,2756,2756,2756,2756,2756,2756,2756,2756,2756,2756,2756,2756,2756,2756,2756,2756,2756,2756,2756,2756,2756,2756,2756,2756,2756,2756,2756,2756,2756,2756,2756,2756,2756,2756,2756,2756,2756,2756,2756,2756,2756,2756,2756,2756,2756,2756,
size:3
[agent] id:6
path:2718,2611,2504,2397,2290,2183,2076,1969,1970,1971,1972,1973,1974,1975,1976,1977,1978,1979,1980,1981,1982,1983,1984,1985,1986,1987,1988,1989,1990,1991,1884,1885,1886,1887,1888,1889,1782,1675,1568,1461,1354,1247,1248,1248,1248,1248,1248,1248,1248,1248,1248,1248,1248,1248,1248,1248,1248,1248,1248,1248,1248,1248,1248,1248,1248,1248,1248,1248,1248,1248,1248,1248,1248,1248,1248,1248,1248,1248,1248,1248,1248,1248,1248,1248,1248,1248,1248,1248,1248,1248,1248,1248,1248,1248,1248,1248,1248,1248,1248,1248,
goal:1248,1248,1248,1248,1248,1248,1248,1248,1248,1248,1248,1248,1248,1248,1248,1248,1248,1248,1248,1248,1248,1248,1248,1248,1248,1248,1248,1248,1248,1248,1248,1248,1248,1248,1248,1248,1248,1248,1248,1248,1248,1248,1248,1248,1248,1248,1248,1248,1248,1248,1248,1248,1248,1248,1248,1248,1248,1248,1248,1248,1248,1248,1248,1248,1248,1248,1248,1248,1248,1248,1248,1248,1248,1248,1248,1248,1248,1248,1248,1248,1248,1248,1248,1248,1248,1248,1248,1248,1248,1248,1248,1248,1248,1248,1248,1248,1248,1248,1248,1248,
size:42
[agent] id:7
path:3984,3877,3770,3769,3768,3661,3554,3447,3340,3233,3126,3019,2912,2805,2698,2591,2484,2377,2270,2163,2056,2057,2058,2059,2060,2061,2062,2063,2064,2065,2066,2067,2068,2069,2070,2071,2072,2073,2074,2075,2076,2077,2078,2079,2080,2081,2082,2083,2084,2085,2086,2087,2088,2089,2090,2091,2092,2092,2092,2092,2092,2092,2092,2092,2092,2092,2092,2092,2092,2092,2092,2092,2092,2092,2092,2092,2092,2092,2092,2092,2092,2092,2092,2092,2092,2092,2092,2092,2092,2092,2092,2092,2092,2092,2092,2092,2092,2092,2092,2092,
goal:2092,2092,2092,2092,2092,2092,2092,2092,2092,2092,2092,2092,2092,2092,2092,2092,2092,2092,2092,2092,2092,2092,2092,2092,2092,2092,2092,2092,2092,2092,2092,2092,2092,2092,2092,2092,2092,2092,2092,2092,2092,2092,2092,2092,2092,2092,2092,2092,2092,2092,2092,2092,2092,2092,2092,2092,2092,2092,2092,2092,2092,2092,2092,2092,2092,2092,2092,2092,2092,2092,2092,2092,2092,2092,2092,2092,2092,2092,2092,2092,2092,2092,2092,2092,2092,2092,2092,2092,2092,2092,2092,2092,2092,2092,2092,2092,2092,2092,2092,2092,
size:56
[agent] id:8
path:2960,3067,3066,3065,3064,3063,3062,3061,3060,3059,3058,3057,3056,3055,3054,3053,3052,3051,3050,3049,3048,3047,3046,3045,3044,3043,3042,3041,3040,3039,3038,3037,3036,3035,3034,3033,3032,3031,3030,3029,3028,3027,3026,2919,2918,2917,3024,3131,3238,3345,3344,3343,3342,3341,3340,3447,3554,3661,3768,3767,3766,3766,3766,3766,3766,3766,3766,3766,3766,3766,3766,3766,3766,3766,3766,3766,3766,3766,3766,3766,3766,3766,3766,3766,3766,3766,3766,3766,3766,3766,3766,3766,3766,3766,3766,3766,3766,3766,3766,3766,
goal:3766,3766,3766,3766,3766,3766,3766,3766,3766,3766,3766,3766,3766,3766,3766,3766,3766,3766,3766,3766,3766,3766,3766,3766,3766,3766,3766,3766,3766,3766,3766,3766,3766,3766,3766,3766,3766,3766,3766,3766,3766,3766,3766,3766,3766,3766,3766,3766,3766,3766,3766,3766,3766,3766,3766,3766,3766,3766,3766,3766,3766,3766,3766,3766,3766,3766,3766,3766,3766,3766,3766,3766,3766,3766,3766,3766,3766,3766,3766,3766,3766,3766,3766,3766,3766,3766,3766,3766,3766,3766,3766,3766,3766,3766,3766,3766,3766,3766,3766,3766,
size:60
[agent] id:9
path:2382,2275,2168,2061,2062,2063,2064,2065,2066,2067,2068,2069,1962,1963,1964,1965,1966,1967,1968,1969,1970,1971,1972,1973,1974,1975,1976,1976,1976,1976,1976,1976,1976,1976,1976,1976,1976,1976,1976,1976,1976,1976,1976,1976,1976,1976,1976,1976,1976,1976,1976,1976,1976,1976,1976,1976,1976,1976,1976,1976,1976,1976,1976,1976,1976,1976,1976,1976,1976,1976,1976,1976,1976,1976,1976,1976,1976,1976,1976,1976,1976,1976,1976,1976,1976,1976,1976,1976,1976,1976,1976,1976,1976,1976,1976,1976,1976,1976,1976,1976,
goal:1976,1976,1976,1976,1976,1976,1976,1976,1976,1976,1976,1976,1976,1976,1976,1976,1976,1976,1976,1976,1976,1976,1976,1976,1976,1976,1976,1976,1976,1976,1976,1976,1976,1976,1976,1976,1976,1976,1976,1976,1976,1976,1976,1976,1976,1976,1976,1976,1976,1976,1976,1976,1976,1976,1976,1976,1976,1976,1976,1976,1976,1976,1976,1976,1976,1976,1976,1976,1976,1976,1976,1976,1976,1976,1976,1976,1976,1976,1976,1976,1976,1976,1976,1976,1976,1976,1976,1976,1976,1976,1976,1976,1976,1976,1976,1976,1976,1976,1976,1976,
size:26
[agent] id:10
path:2080,1973,1974,1975,1976,1977,1978,1979,1980,1981,1982,1983,1984,1985,1986,1987,1988,1989,1990,1991,1992,1993,1994,1995,1996,1997,1998,1999,2000,2001,2002,2003,2004,2005,2006,2007,1900,1901,1902,1903,1903,1903,1903,1903,1903,1903,1903,1903,1903,1903,1903,1903,1903,1903,1903,1903,1903,1903,1903,1903,1903,1903,1903,1903,1903,1903,1903,1903,1903,1903,1903,1903,1903,1903,1903,1903,1903,1903,1903,1903,1903,1903,1903,1903,1903,1903,1903,1903,1903,1903,1903,1903,1903,1903,1903,1903,1903,1903,1903,1903,
goal:1903,1903,1903,1903,1903,1903,1903,1903,1903,1903,1903,1903,1903,1903,1903,1903,1903,1903,1903,1903,1903,1903,1903,1903,1903,1903,1903,1903,1903,1903,1903,1903,1903,1903,1903,1903,1903,1903,1903,1903,1903,1903,1903,1903,1903,1903,1903,1903,1903,1903,1903,1903,1903,1903,1903,1903,1903,1903,1903,1903,1903,1903,1903,1903,1903,1903,1903,1903,1903,1903,1903,1903,1903,1903,1903,1903,1903,1903,1903,1903,1903,1903,1903,1903,1903,1903,1903,1903,1903,1903,1903,1903,1903,1903,1903,1903,1903,1903,1903,1903,
size:39
[agent] id:11
path:476,583,690,797,904,1011,1118,1225,1332,1439,1438,1545,1652,1759,1866,1973,2080,2187,2294,2401,2508,2615,2614,2613,2612,2611,2610,2609,2608,2607,2606,2605,2604,2603,2602,2601,2600,2599,2598,2597,2596,2595,2594,2593,2593,2593,2593,2593,2593,2593,2593,2593,2593,2593,2593,2593,2593,2593,2593,2593,2593,2593,2593,2593,2593,2593,2593,2593,2593,2593,2593,2593,2593,2593,2593,2593,2593,2593,2593,2593,2593,2593,2593,2593,2593,2593,2593,2593,2593,2593,2593,2593,2593,2593,2593,2593,2593,2593,2593,2593,
goal:2593,2593,2593,2593,2593,2593,2593,2593,2593,2593,2593,2593,2593,2593,2593,2593,2593,2593,2593,2593,2593,2593,2593,2593,2593,2593,2593,2593,2593,2593,2593,2593,2593,2593,2593,2593,2593,2593,2593,2593,2593,2593,2593,2593,2593,2593,2593,2593,2593,2593,2593,2593,2593,2593,2593,2593,2593,2593,2593,2593,2593,2593,2593,2593,2593,2593,2593,2593,2593,2593,2593,2593,2593,2593,2593,2593,2593,2593,2593,2593,2593,2593,2593,2593,2593,2593,2593,2593,2593,2593,2593,2593,2593,2593,2593,2593,2593,2593,2593,2593,
size:43
[agent] id:12
path:2065,2172,2279,2278,2277,2276,2275,2274,2273,2272,2271,2271,2271,2271,2271,2271,2271,2271,2271,2271,2271,2271,2271,2271,2271,2271,2271,2271,2271,2271,2271,2271,2271,2271,2271,2271,2271,2271,2271,2271,2271,2271,2271,2271,2271,2271,2271,2271,2271,2271,2271,2271,2271,2271,2271,2271,2271,2271,2271,2271,2271,2271,2271,2271,2271,2271,2271,2271,2271,2271,2271,2271,2271,2271,2271,2271,2271,2271,2271,2271,2271,2271,2271,2271,2271,2271,2271,2271,2271,2271,2271,2271,2271,2271,2271,2271,2271,2271,2271,2271,
goal:2271,2271,2271,2271,2271,2271,2271,2271,2271,2271,2271,2271,2271,2271,2271,2271,2271,2271,2271,2271,2271,2271,2271,2271,2271,2271,2271,2271,2271,2271,2271,2271,2271,2271,2271,2271,2271,2271,2271,2271,2271,2271,2271,2271,2271,2271,2271,2271,2271,2271,2271,2271,2271,2271,2271,2271,2271,2271,2271,2271,2271,2271,2271,2271,2271,2271,2271,2271,2271,2271,2271,2271,2271,2271,2271,2271,2271,2271,2271,2271,2271,2271,2271,2271,2271,2271,2271,2271,2271,2271,2271,2271,2271,2271,2271,2271,2271,2271,2271,2271,
size:10
[agent] id:13
path:3179,3072,2965,2964,2963,2962,2961,2960,2959,2958,2957,2956,2955,2954,2953,2952,2951,2950,2949,2948,2947,2946,2945,2944,2943,2942,2941,2940,2939,2938,2937,2936,2935,2934,2934,2934,2934,2934,2934,2934,2934,2934,2934,2934,2934,2934,2934,2934,2934,2934,2934,2934,2934,2934,2934,2934,2934,2934,2934,2934,2934,2934,2934,2934,2934,2934,2934,2934,2934,2934,2934,2934,2934,2934,2934,2934,2934,2934,2934,2934,2934,2934,2934,2934,2934,2934,2934,2934,2934,2934,2934,2934,2934,2934,2934,2934,2934,2934,2934,2934,
goal:2934,2934,2934,2934,2934,2934,2934,2934,2934,2934,2934,2934,2934,2934,2934,2934,2934,2934,2934,2934,2934,2934,2934,2934,2934,2934,2934,2934,2934,2934,2934,2934,2934,2934,2934,2934,2934,2934,2934,2934,2934,2934,2934,2934,2934,2934,2934,2934,2934,2934,2934,2934,2934,2934,2934,2934,2934,2934,2934,2934,2934,2934,2934,2934,2934,2934,2934,2934,2934,2934,2934,2934,2934,2934,2934,2934,2934,2934,2934,2934,2934,2934,2934,2934,2934,2934,2934,2934,2934,2934,2934,2934,2934,2934,2934,2934,2934,2934,2934,2934,
size:33
[agent] id:14
path:1462,1569,1676,1783,1890,1997,2104,2211,2318,2425,2532,2531,2530,2529,2528,2527,2526,2525,2524,2523,2522,2521,2520,2519,2518,2517,2516,2515,2514,2513,2512,2511,2510,2509,2508,2507,2506,2505,2504,2503,2502,2501,2500,2499,2498,2497,2496,2495,2494,2493,2493,2493,2493,2493,2493,2493,2493,2493,2493,2493,2493,2493,2493,2493,2493,2493,2493,2493,2493,2493,2493,2493,2493,2493,2493,2493,2493,2493,2493,2493,2493,2493,2493,2493,2493,2493,2493,2493,2493,2493,2493,2493,2493,2493,2493,2493,2493,2493,2493,2493,
goal:2493,2493,2493,2493,2493,2493,2493,2493,2493,2493,2493,2493,2493,2493,2493,2493,2493,2493,2493,2493,2493,2493,2493,2493,2493,2493,2493,2493,2493,2493,2493,2493,2493,2493,2493,2493,2493,2493,2493,2493,2493,2493,2493,2493,2493,2493,2493,2493,2493,2493,2493,2493,2493,2493,2493,2493,2493,2493,2493,2493,2493,2493,2493,2493,2493,2493,2493,2493,2493,2493,2493,2493,2493,2493,2493,2493,2493,2493,2493,2493,2493,2493,2493,2493,2493,2493,2493,2493,2493,2493,2493,2493,2493,2493,2493,2493,2493,2493,2493,2493,
size:49
[agent] id:15
path:2319,2426,2533,2640,2747,2854,2853,2852,2851,2850,2849,2848,2847,2846,2845,2844,2843,2842,2841,2840,2839,2838,2837,2836,2835,2834,2833,2832,2831,2830,2829,2828,2827,2826,2933,3040,3039,3038,3037,3036,3143,3142,3141,3140,3139,3138,3138,3138,3138,3138,3138,3138,3138,3138,3138,3138,3138,3138,3138,3138,3138,3138,3138,3138,3138,3138,3138,3138,3138,3138,3138,3138,3138,3138,3138,3138,3138,3138,3138,3138,3138,3138,3138,3138,3138,3138,3138,3138,3138,3138,3138,3138,3138,3138,3138,3138,3138,3138,3138,3138,
goal:3138,3138,3138,3138,3138,3138,3138,3138,3138,3138,3138,3138,3138,3138,3138,3138,3138,3138,3138,3138,3138,3138,3138,3138,3138,3138,3138,3138,3138,3138,3138,3138,3138,3138,3138,3138,3138,3138,3138,3138,3138,3138,3138,3138,3138,3138,3138,3138,3138,3138,3138,3138,3138,3138,3138,3138,3138,3138,3138,3138,3138,3138,3138,3138,3138,3138,3138,3138,3138,3138,3138,3138,3138,3138,3138,3138,3138,3138,3138,3138,3138,3138,3138,3138,3138,3138,3138,3138,3138,3138,3138,3138,3138,3138,3138,3138,3138,3138,3138,3138,
size:45
[agent] id:16
path:2772,2665,2558,2557,2556,2555,2554,2553,2552,2551,2550,2549,2548,2547,2546,2545,2544,2543,2542,2541,2540,2539,2538,2537,2536,2535,2534,2533,2532,2531,2531,2531,2531,2531,2531,2531,2531,2531,2531,2531,2531,2531,2531,2531,2531,2531,2531,2531,2531,2531,2531,2531,2531,2531,2531,2531,2531,2531,2531,2531,2531,2531,2531,2531,2531,2531,2531,2531,2531,2531,2531,2531,2531,2531,2531,2531,2531,2531,2531,2531,2531,2531,2531,2531,2531,2531,2531,2531,2531,2531,2531,2531,2531,2531,2531,2531,2531,2531,2531,2531,
goal:2531,2531,2531,2531,2531,2531,2531,2531,2531,2531,2531,2531,2531,2531,2531,2531,2531,2531,2531,2531,2531,2531,2531,2531,2531,2531,2531,2531,2531,2531,2531,2531,2531,2531,2531,2531,2531,2531,2531,2531,2531,2531,2531,2531,2531,2531,2531,2531,2531,2531,2531,2531,2531,2531,2531,2531,2531,2531,2531,2531,2531,2531,2531,2531,2531,2531,2531,2531,2531,2531,2531,2531,2531,2531,2531,2531,2531,2531,2531,2531,2531,2531,2531,2531,2531,2531,2531,2531,2531,2531,2531,2531,2531,2531,2531,2531,2531,2531,2531,2531,
size:29
[agent] id:17
path:2485,2378,2271,2164,2057,1950,1843,1842,1735,1628,1521,1414,1307,1200,1093,986,879,772,665,664,663,662,662,662,662,662,662,662,662,662,662,662,662,662,662,662,662,662,662,662,662,662,662,662,662,662,662,662,662,662,662,662,662,662,662,662,662,662,662,662,662,662,662,662,662,662,662,662,662,662,662,662,662,662,662,662,662,662,662,662,662,662,662,662,662,662,662,662,662,662,662,662,662,662,662,662,662,662,662,662,
goal:662,662,662,662,662,662,662,662,662,662,662,662,662,662,662,662,662,662,662,662,662,662,662,662,662,662,662,662,662,662,662,662,662,662,662,662,662,662,662,662,662,662,662,662,662,662,662,662,662,662,662,662,662,662,662,662,662,662,662,662,662,662,662,662,662,662,662,662,662,662,662,662,662,662,662,662,662,662,662,662,662,662,662,662,662,662,662,662,662,662,662,662,662,662,662,662,662,662,662,662,
size:21
[agent] id:18
path:1878,1985,2092,2199,2306,2413,2520,2627,2734,2841,2948,3055,3054,3053,3052,3051,3050,3049,3048,3047,3046,3045,3044,3043,3042,3041,3040,3039,3038,3037,3036,3035,3034,3033,3032,3031,3030,3029,3028,3027,3026,3025,3025,3025,3025,3025,3025,3025,3025,3025,3025,3025,3025,3025,3025,3025,3025,3025,3025,3025,3025,3025,3025,3025,3025,3025,3025,3025,3025,3025,3025,3025,3025,3025,3025,3025,3025,3025,3025,3025,3025,3025,3025,3025,3025,3025,3025,3025,3025,3025,3025,3025,3025,3025,3025,3025,3025,3025,3025,3025,
goal:3025,3025,3025,3025,3025,3025,3025,3025,3025,3025,3025,3025,3025,3025,3025,3025,3025,3025,3025,3025,3025,3025,3025,3025,3025,3025,3025,3025,3025,3025,3025,3025,3025,3025,3025,3025,3025,3025,3025,3025,3025,3025,3025,3025,3025,3025,3025,3025,3025,3025,3025,3025,3025,3025,3025,3025,3025,3025,3025,3025,3025,3025,3025,3025,3025,3025,3025,3025,3025,3025,3025,3025,3025,3025,3025,3025,3025,3025,3025,3025,3025,3025,3025,3025,3025,3025,3025,3025,3025,3025,3025,3025,3025,3025,3025,3025,3025,3025,3025,3025,
size:41
[agent] id:19
path:3022,3129,3236,3343,3342,3341,3340,3339,3446,3553,3660,3767,3874,3981,3980,3979,3978,3977,3977,3977,3977,3977,3977,3977,3977,3977,3977,3977,3977,3977,3977,3977,3977,3977,3977,3977,3977,3977,3977,3977,3977,3977,3977,3977,3977,3977,3977,3977,3977,3977,3977,3977,3977,3977,3977,3977,3977,3977,3977,3977,3977,3977,3977,3977,3977,3977,3977,3977,3977,3977,3977,3977,3977,3977,3977,3977,3977,3977,3977,3977,3977,3977,3977,3977,3977,3977,3977,3977,3977,3977,3977,3977,3977,3977,3977,3977,3977,3977,3977,3977,
goal:3977,3977,3977,3977,3977,3977,3977,3977,3977,3977,3977,3977,3977,3977,3977,3977,3977,3977,3977,3977,3977,3977,3977,3977,3977,3977,3977,3977,3977,3977,3977,3977,3977,3977,3977,3977,3977,3977,3977,3977,3977,3977,3977,3977,3977,3977,3977,3977,3977,3977,3977,3977,3977,3977,3977,3977,3977,3977,3977,3977,3977,3977,3977,3977,3977,3977,3977,3977,3977,3977,3977,3977,3977,3977,3977,3977,3977,3977,3977,3977,3977,3977,3977,3977,3977,3977,3977,3977,3977,3977,3977,3977,3977,3977,3977,3977,3977,3977,3977,3977,
size:17
SolutionCost:745
