[setting] seed:98
[solver] type:ECBS
[solver] w:3.000000
[solver] ID:0
[solver] Lowlevelnode:11814
[solver] solved:1
[solver] elapsed:65
[solver] makespan:85
[problem] timesteplimit:10000
[problem] type:MAPF
[problem] agentnum:20
[graph] width:107
[graph] height:47
[graph] filename:./map/orz601d.map
[task] id:0,start:0,end:0,service time:0,nodes:2161,
[task] id:17,start:0,end:0,service time:0,nodes:2178,
[task] id:11,start:0,end:0,service time:0,nodes:3034,
[task] id:14,start:0,end:0,service time:0,nodes:2168,
[task] id:3,start:0,end:0,service time:0,nodes:3115,
[task] id:4,start:0,end:0,service time:0,nodes:3162,
[task] id:18,start:0,end:0,service time:0,nodes:1748,
[task] id:7,start:0,end:0,service time:0,nodes:496,
[task] id:5,start:0,end:0,service time:0,nodes:2381,
[task] id:12,start:0,end:0,service time:0,nodes:2713,
[task] id:10,start:0,end:0,service time:0,nodes:2013,
[task] id:2,start:0,end:0,service time:0,nodes:2277,
[task] id:9,start:0,end:0,service time:0,nodes:3236,
[task] id:1,start:0,end:0,service time:0,nodes:2807,
[task] id:6,start:0,end:0,service time:0,nodes:2626,
[task] id:19,start:0,end:0,service time:0,nodes:2987,
[task] id:13,start:0,end:0,service time:0,nodes:3039,
[task] id:15,start:0,end:0,service time:0,nodes:1100,
[task] id:16,start:0,end:0,service time:0,nodes:2274,
[task] id:8,start:0,end:0,service time:0,nodes:3930,
[agent] id:0
path:2053,2160,2161,2161,2161,2161,2161,2161,2161,2161,2161,2161,2161,2161,2161,2161,2161,2161,2161,2161,2161,2161,2161,2161,2161,2161,2161,2161,2161,2161,2161,2161,2161,2161,2161,2161,2161,2161,2161,2161,2161,2161,2161,2161,2161,2161,2161,2161,2161,2161,2161,2161,2161,2161,2161,2161,2161,2161,2161,2161,2161,2161,2161,2161,2161,2161,2161,2161,2161,2161,2161,2161,2161,2161,2161,2161,2161,2161,2161,2161,2161,2161,2161,2161,2161,2161,
goal:2161,2161,2161,2161,2161,2161,2161,2161,2161,2161,2161,2161,2161,2161,2161,2161,2161,2161,2161,2161,2161,2161,2161,2161,2161,2161,2161,2161,2161,2161,2161,2161,2161,2161,2161,2161,2161,2161,2161,2161,2161,2161,2161,2161,2161,2161,2161,2161,2161,2161,2161,2161,2161,2161,2161,2161,2161,2161,2161,2161,2161,2161,2161,2161,2161,2161,2161,2161,2161,2161,2161,2161,2161,2161,2161,2161,2161,2161,2161,2161,2161,2161,2161,2161,2161,2161,
size:2
[agent] id:1
path:3922,3815,3708,3601,3494,3387,3280,3173,3066,2959,2852,2851,2850,2849,2848,2847,2846,2845,2844,2843,2842,2841,2840,2839,2838,2837,2836,2835,2834,2833,2832,2831,2830,2829,2828,2827,2826,2825,2824,2823,2822,2821,2820,2819,2818,2817,2816,2815,2814,2813,2812,2811,2810,2809,2808,2807,2807,2807,2807,2807,2807,2807,2807,2807,2807,2807,2807,2807,2807,2807,2807,2807,2807,2807,2807,2807,2807,2807,2807,2807,2807,2807,2807,2807,2807,2807,
goal:2807,2807,2807,2807,2807,2807,2807,2807,2807,2807,2807,2807,2807,2807,2807,2807,2807,2807,2807,2807,2807,2807,2807,2807,2807,2807,2807,2807,2807,2807,2807,2807,2807,2807,2807,2807,2807,2807,2807,2807,2807,2807,2807,2807,2807,2807,2807,2807,2807,2807,2807,2807,2807,2807,2807,2807,2807,2807,2807,2807,2807,2807,2807,2807,2807,2807,2807,2807,2807,2807,2807,2807,2807,2807,2807,2807,2807,2807,2807,2807,2807,2807,2807,2807,2807,2807,
size:55
[agent] id:2
path:554,661,768,875,982,1089,1196,1303,1410,1411,1412,1413,1520,1627,1734,1841,1948,2055,2162,2269,2270,2271,2272,2273,2274,2275,2276,2277,2277,2277,2277,2277,2277,2277,2277,2277,2277,2277,2277,2277,2277,2277,2277,2277,2277,2277,2277,2277,2277,2277,2277,2277,2277,2277,2277,2277,2277,2277,2277,2277,2277,2277,2277,2277,2277,2277,2277,2277,2277,2277,2277,2277,2277,2277,2277,2277,2277,2277,2277,2277,2277,2277,2277,2277,2277,2277,
goal:2277,2277,2277,2277,2277,2277,2277,2277,2277,2277,2277,2277,2277,2277,2277,2277,2277,2277,2277,2277,2277,2277,2277,2277,2277,2277,2277,2277,2277,2277,2277,2277,2277,2277,2277,2277,2277,2277,2277,2277,2277,2277,2277,2277,2277,2277,2277,2277,2277,2277,2277,2277,2277,2277,2277,2277,2277,2277,2277,2277,2277,2277,2277,2277,2277,2277,2277,2277,2277,2277,2277,2277,2277,2277,2277,2277,2277,2277,2277,2277,2277,2277,2277,2277,2277,2277,
size:27
[agent] id:3
path:2255,2362,2469,2576,2683,2790,2897,3004,3111,3112,3113,3114,3115,3115,3115,3115,3115,3115,3115,3115,3115,3115,3115,3115,3115,3115,3115,3115,3115,3115,3115,3115,3115,3115,3115,3115,3115,3115,3115,3115,3115,3115,3115,3115,3115,3115,3115,3115,3115,3115,3115,3115,3115,3115,3115,3115,3115,3115,3115,3115,3115,3115,3115,3115,3115,3115,3115,3115,3115,3115,3115,3115,3115,3115,3115,3115,3115,3115,3115,3115,3115,3115,3115,3115,3115,3115,
goal:3115,3115,3115,3115,3115,3115,3115,3115,3115,3115,3115,3115,3115,3115,3115,3115,3115,3115,3115,3115,3115,3115,3115,3115,3115,3115,3115,3115,3115,3115,3115,3115,3115,3115,3115,3115,3115,3115,3115,3115,3115,3115,3115,3115,3115,3115,3115,3115,3115,3115,3115,3115,3115,3115,3115,3115,3115,3115,3115,3115,3115,3115,3115,3115,3115,3115,3115,3115,3115,3115,3115,3115,3115,3115,3115,3115,3115,3115,3115,3115,3115,3115,3115,3115,3115,3115,
size:12
[agent] id:4
path:1983,2090,2197,2304,2411,2518,2625,2732,2839,2946,3053,3160,3161,3162,3162,3162,3162,3162,3162,3162,3162,3162,3162,3162,3162,3162,3162,3162,3162,3162,3162,3162,3162,3162,3162,3162,3162,3162,3162,3162,3162,3162,3162,3162,3162,3162,3162,3162,3162,3162,3162,3162,3162,3162,3162,3162,3162,3162,3162,3162,3162,3162,3162,3162,3162,3162,3162,3162,3162,3162,3162,3162,3162,3162,3162,3162,3162,3162,3162,3162,3162,3162,3162,3162,3162,3162,
goal:3162,3162,3162,3162,3162,3162,3162,3162,3162,3162,3162,3162,3162,3162,3162,3162,3162,3162,3162,3162,3162,3162,3162,3162,3162,3162,3162,3162,3162,3162,3162,3162,3162,3162,3162,3162,3162,3162,3162,3162,3162,3162,3162,3162,3162,3162,3162,3162,3162,3162,3162,3162,3162,3162,3162,3162,3162,3162,3162,3162,3162,3162,3162,3162,3162,3162,3162,3162,3162,3162,3162,3162,3162,3162,3162,3162,3162,3162,3162,3162,3162,3162,3162,3162,3162,3162,
size:13
[agent] id:5
path:880,987,1094,1201,1308,1415,1414,1521,1628,1735,1842,1949,2056,2163,2270,2377,2378,2379,2380,2381,2381,2381,2381,2381,2381,2381,2381,2381,2381,2381,2381,2381,2381,2381,2381,2381,2381,2381,2381,2381,2381,2381,2381,2381,2381,2381,2381,2381,2381,2381,2381,2381,2381,2381,2381,2381,2381,2381,2381,2381,2381,2381,2381,2381,2381,2381,2381,2381,2381,2381,2381,2381,2381,2381,2381,2381,2381,2381,2381,2381,2381,2381,2381,2381,2381,2381,
goal:2381,2381,2381,2381,2381,2381,2381,2381,2381,2381,2381,2381,2381,2381,2381,2381,2381,2381,2381,2381,2381,2381,2381,2381,2381,2381,2381,2381,2381,2381,2381,2381,2381,2381,2381,2381,2381,2381,2381,2381,2381,2381,2381,2381,2381,2381,2381,2381,2381,2381,2381,2381,2381,2381,2381,2381,2381,2381,2381,2381,2381,2381,2381,2381,2381,2381,2381,2381,2381,2381,2381,2381,2381,2381,2381,2381,2381,2381,2381,2381,2381,2381,2381,2381,2381,2381,
size:19
[agent] id:6
path:659,766,873,980,1087,1194,1301,1302,1409,1410,1411,1412,1413,1520,1627,1734,1841,1948,2055,2162,2269,2376,2483,2590,2591,2592,2593,2594,2595,2596,2597,2598,2599,2600,2601,2602,2603,2604,2605,2606,2607,2608,2609,2610,2611,2612,2613,2614,2615,2616,2617,2618,2619,2620,2621,2622,2623,2624,2625,2626,2626,2626,2626,2626,2626,2626,2626,2626,2626,2626,2626,2626,2626,2626,2626,2626,2626,2626,2626,2626,2626,2626,2626,2626,2626,2626,
goal:2626,2626,2626,2626,2626,2626,2626,2626,2626,2626,2626,2626,2626,2626,2626,2626,2626,2626,2626,2626,2626,2626,2626,2626,2626,2626,2626,2626,2626,2626,2626,2626,2626,2626,2626,2626,2626,2626,2626,2626,2626,2626,2626,2626,2626,2626,2626,2626,2626,2626,2626,2626,2626,2626,2626,2626,2626,2626,2626,2626,2626,2626,2626,2626,2626,2626,2626,2626,2626,2626,2626,2626,2626,2626,2626,2626,2626,2626,2626,2626,2626,2626,2626,2626,2626,2626,
size:59
[agent] id:7
path:1994,1887,1888,1889,1782,1675,1568,1461,1354,1247,1140,1033,926,819,712,605,498,497,496,496,496,496,496,496,496,496,496,496,496,496,496,496,496,496,496,496,496,496,496,496,496,496,496,496,496,496,496,496,496,496,496,496,496,496,496,496,496,496,496,496,496,496,496,496,496,496,496,496,496,496,496,496,496,496,496,496,496,496,496,496,496,496,496,496,496,496,
goal:496,496,496,496,496,496,496,496,496,496,496,496,496,496,496,496,496,496,496,496,496,496,496,496,496,496,496,496,496,496,496,496,496,496,496,496,496,496,496,496,496,496,496,496,496,496,496,496,496,496,496,496,496,496,496,496,496,496,496,496,496,496,496,496,496,496,496,496,496,496,496,496,496,496,496,496,496,496,496,496,496,496,496,496,496,496,
size:18
[agent] id:8
path:2575,2576,2577,2470,2471,2472,2473,2474,2475,2476,2477,2478,2585,2692,2799,2800,2801,2802,2803,2804,2805,2806,2807,2808,2809,2810,2811,2812,2813,2814,2815,2816,2817,2818,2925,2926,2927,2928,2929,2930,2931,2932,2933,2934,2935,2936,2937,2938,2939,2940,2941,2942,2943,2944,2945,3052,3053,3054,3055,3056,3057,3058,3059,3060,3061,3062,3169,3170,3171,3172,3173,3280,3387,3494,3601,3708,3815,3922,3923,3924,3925,3926,3927,3928,3929,3930,
goal:3930,3930,3930,3930,3930,3930,3930,3930,3930,3930,3930,3930,3930,3930,3930,3930,3930,3930,3930,3930,3930,3930,3930,3930,3930,3930,3930,3930,3930,3930,3930,3930,3930,3930,3930,3930,3930,3930,3930,3930,3930,3930,3930,3930,3930,3930,3930,3930,3930,3930,3930,3930,3930,3930,3930,3930,3930,3930,3930,3930,3930,3930,3930,3930,3930,3930,3930,3930,3930,3930,3930,3930,3930,3930,3930,3930,3930,3930,3930,3930,3930,3930,3930,3930,3930,3930,
size:85
[agent] id:9
path:2416,2523,2630,2737,2844,2843,2842,2841,2840,2839,2838,2837,2836,2835,2834,2941,2940,2939,2938,2937,2936,2935,2934,2933,2932,2931,2930,2929,2928,2927,2926,2925,2924,2923,2922,3029,3028,3027,3026,3025,3024,3131,3238,3237,3236,3236,3236,3236,3236,3236,3236,3236,3236,3236,3236,3236,3236,3236,3236,3236,3236,3236,3236,3236,3236,3236,3236,3236,3236,3236,3236,3236,3236,3236,3236,3236,3236,3236,3236,3236,3236,3236,3236,3236,3236,3236,
goal:3236,3236,3236,3236,3236,3236,3236,3236,3236,3236,3236,3236,3236,3236,3236,3236,3236,3236,3236,3236,3236,3236,3236,3236,3236,3236,3236,3236,3236,3236,3236,3236,3236,3236,3236,3236,3236,3236,3236,3236,3236,3236,3236,3236,3236,3236,3236,3236,3236,3236,3236,3236,3236,3236,3236,3236,3236,3236,3236,3236,3236,3236,3236,3236,3236,3236,3236,3236,3236,3236,3236,3236,3236,3236,3236,3236,3236,3236,3236,3236,3236,3236,3236,3236,3236,3236,
size:44
[agent] id:10
path:2990,2883,2776,2669,2562,2455,2454,2453,2452,2451,2450,2449,2448,2447,2446,2339,2232,2125,2018,2017,2016,2015,2014,2013,2013,2013,2013,2013,2013,2013,2013,2013,2013,2013,2013,2013,2013,2013,2013,2013,2013,2013,2013,2013,2013,2013,2013,2013,2013,2013,2013,2013,2013,2013,2013,2013,2013,2013,2013,2013,2013,2013,2013,2013,2013,2013,2013,2013,2013,2013,2013,2013,2013,2013,2013,2013,2013,2013,2013,2013,2013,2013,2013,2013,2013,2013,
goal:2013,2013,2013,2013,2013,2013,2013,2013,2013,2013,2013,2013,2013,2013,2013,2013,2013,2013,2013,2013,2013,2013,2013,2013,2013,2013,2013,2013,2013,2013,2013,2013,2013,2013,2013,2013,2013,2013,2013,2013,2013,2013,2013,2013,2013,2013,2013,2013,2013,2013,2013,2013,2013,2013,2013,2013,2013,2013,2013,2013,2013,2013,2013,2013,2013,2013,2013,2013,2013,2013,2013,2013,2013,2013,2013,2013,2013,2013,2013,2013,2013,2013,2013,2013,2013,2013,
size:23
[agent] id:11
path:2493,2600,2707,2814,2921,3028,3029,3030,3031,3032,3033,3034,3034,3034,3034,3034,3034,3034,3034,3034,3034,3034,3034,3034,3034,3034,3034,3034,3034,3034,3034,3034,3034,3034,3034,3034,3034,3034,3034,3034,3034,3034,3034,3034,3034,3034,3034,3034,3034,3034,3034,3034,3034,3034,3034,3034,3034,3034,3034,3034,3034,3034,3034,3034,3034,3034,3034,3034,3034,3034,3034,3034,3034,3034,3034,3034,3034,3034,3034,3034,3034,3034,3034,3034,3034,3034,
goal:3034,3034,3034,3034,3034,3034,3034,3034,3034,3034,3034,3034,3034,3034,3034,3034,3034,3034,3034,3034,3034,3034,3034,3034,3034,3034,3034,3034,3034,3034,3034,3034,3034,3034,3034,3034,3034,3034,3034,3034,3034,3034,3034,3034,3034,3034,3034,3034,3034,3034,3034,3034,3034,3034,3034,3034,3034,3034,3034,3034,3034,3034,3034,3034,3034,3034,3034,3034,3034,3034,3034,3034,3034,3034,3034,3034,3034,3034,3034,3034,3034,3034,3034,3034,3034,3034,
size:11
[agent] id:12
path:2376,2483,2590,2697,2698,2699,2700,2701,2702,2703,2704,2705,2706,2707,2708,2709,2710,2711,2712,2713,2713,2713,2713,2713,2713,2713,2713,2713,2713,2713,2713,2713,2713,2713,2713,2713,2713,2713,2713,2713,2713,2713,2713,2713,2713,2713,2713,2713,2713,2713,2713,2713,2713,2713,2713,2713,2713,2713,2713,2713,2713,2713,2713,2713,2713,2713,2713,2713,2713,2713,2713,2713,2713,2713,2713,2713,2713,2713,2713,2713,2713,2713,2713,2713,2713,2713,
goal:2713,2713,2713,2713,2713,2713,2713,2713,2713,2713,2713,2713,2713,2713,2713,2713,2713,2713,2713,2713,2713,2713,2713,2713,2713,2713,2713,2713,2713,2713,2713,2713,2713,2713,2713,2713,2713,2713,2713,2713,2713,2713,2713,2713,2713,2713,2713,2713,2713,2713,2713,2713,2713,2713,2713,2713,2713,2713,2713,2713,2713,2713,2713,2713,2713,2713,2713,2713,2713,2713,2713,2713,2713,2713,2713,2713,2713,2713,2713,2713,2713,2713,2713,2713,2713,2713,
size:19
[agent] id:13
path:3097,3096,3095,3094,3093,2986,2879,2772,2665,2664,2663,2662,2661,2660,2767,2874,2981,3088,3087,3086,3085,3084,3083,3082,3081,3080,3079,3078,3077,3076,3075,3074,3073,3072,3071,3070,3069,3068,3067,3066,3065,3064,3063,3062,3061,3060,3059,3058,3057,3056,3055,3054,3053,3052,3051,3050,3049,3048,3047,3046,3045,3044,3043,3042,3041,3040,3039,3039,3039,3039,3039,3039,3039,3039,3039,3039,3039,3039,3039,3039,3039,3039,3039,3039,3039,3039,
goal:3039,3039,3039,3039,3039,3039,3039,3039,3039,3039,3039,3039,3039,3039,3039,3039,3039,3039,3039,3039,3039,3039,3039,3039,3039,3039,3039,3039,3039,3039,3039,3039,3039,3039,3039,3039,3039,3039,3039,3039,3039,3039,3039,3039,3039,3039,3039,3039,3039,3039,3039,3039,3039,3039,3039,3039,3039,3039,3039,3039,3039,3039,3039,3039,3039,3039,3039,3039,3039,3039,3039,3039,3039,3039,3039,3039,3039,3039,3039,3039,3039,3039,3039,3039,3039,3039,
size:66
[agent] id:14
path:2497,2390,2283,2176,2175,2174,2173,2172,2171,2170,2169,2168,2168,2168,2168,2168,2168,2168,2168,2168,2168,2168,2168,2168,2168,2168,2168,2168,2168,2168,2168,2168,2168,2168,2168,2168,2168,2168,2168,2168,2168,2168,2168,2168,2168,2168,2168,2168,2168,2168,2168,2168,2168,2168,2168,2168,2168,2168,2168,2168,2168,2168,2168,2168,2168,2168,2168,2168,2168,2168,2168,2168,2168,2168,2168,2168,2168,2168,2168,2168,2168,2168,2168,2168,2168,2168,
goal:2168,2168,2168,2168,2168,2168,2168,2168,2168,2168,2168,2168,2168,2168,2168,2168,2168,2168,2168,2168,2168,2168,2168,2168,2168,2168,2168,2168,2168,2168,2168,2168,2168,2168,2168,2168,2168,2168,2168,2168,2168,2168,2168,2168,2168,2168,2168,2168,2168,2168,2168,2168,2168,2168,2168,2168,2168,2168,2168,2168,2168,2168,2168,2168,2168,2168,2168,2168,2168,2168,2168,2168,2168,2168,2168,2168,2168,2168,2168,2168,2168,2168,2168,2168,2168,2168,
size:11
[agent] id:15
path:2113,2006,2005,2004,2003,2002,2001,2000,1999,1998,1997,1996,1995,1994,1993,1992,1991,1990,1989,1988,1987,1986,1985,1984,1983,1982,1981,1980,1979,1978,1977,1976,1975,1974,1973,1972,1971,1970,1969,1968,1967,1966,1965,1964,1963,1962,1961,1960,1959,1958,1957,1956,1955,1954,1847,1846,1845,1844,1843,1842,1735,1628,1521,1414,1307,1200,1093,1094,1095,1096,1097,1098,1099,1100,1100,1100,1100,1100,1100,1100,1100,1100,1100,1100,1100,1100,
goal:1100,1100,1100,1100,1100,1100,1100,1100,1100,1100,1100,1100,1100,1100,1100,1100,1100,1100,1100,1100,1100,1100,1100,1100,1100,1100,1100,1100,1100,1100,1100,1100,1100,1100,1100,1100,1100,1100,1100,1100,1100,1100,1100,1100,1100,1100,1100,1100,1100,1100,1100,1100,1100,1100,1100,1100,1100,1100,1100,1100,1100,1100,1100,1100,1100,1100,1100,1100,1100,1100,1100,1100,1100,1100,1100,1100,1100,1100,1100,1100,1100,1100,1100,1100,1100,1100,
size:73
[agent] id:16
path:2778,2777,2777,2776,2669,2562,2455,2454,2453,2452,2451,2450,2449,2448,2447,2446,2445,2444,2443,2442,2441,2440,2439,2438,2437,2436,2435,2434,2433,2432,2431,2430,2429,2428,2427,2426,2425,2424,2423,2422,2421,2420,2419,2418,2417,2416,2415,2414,2413,2412,2411,2410,2409,2408,2407,2406,2405,2404,2403,2402,2401,2400,2399,2398,2397,2396,2395,2394,2393,2392,2391,2390,2389,2388,2387,2386,2385,2384,2383,2276,2275,2274,2274,2274,2274,2274,
goal:2274,2274,2274,2274,2274,2274,2274,2274,2274,2274,2274,2274,2274,2274,2274,2274,2274,2274,2274,2274,2274,2274,2274,2274,2274,2274,2274,2274,2274,2274,2274,2274,2274,2274,2274,2274,2274,2274,2274,2274,2274,2274,2274,2274,2274,2274,2274,2274,2274,2274,2274,2274,2274,2274,2274,2274,2274,2274,2274,2274,2274,2274,2274,2274,2274,2274,2274,2274,2274,2274,2274,2274,2274,2274,2274,2274,2274,2274,2274,2274,2274,2274,2274,2274,2274,2274,
size:81
[agent] id:17
path:2186,2185,2184,2183,2182,2181,2180,2179,2178,2178,2178,2178,2178,2178,2178,2178,2178,2178,2178,2178,2178,2178,2178,2178,2178,2178,2178,2178,2178,2178,2178,2178,2178,2178,2178,2178,2178,2178,2178,2178,2178,2178,2178,2178,2178,2178,2178,2178,2178,2178,2178,2178,2178,2178,2178,2178,2178,2178,2178,2178,2178,2178,2178,2178,2178,2178,2178,2178,2178,2178,2178,2178,2178,2178,2178,2178,2178,2178,2178,2178,2178,2178,2178,2178,2178,2178,
goal:2178,2178,2178,2178,2178,2178,2178,2178,2178,2178,2178,2178,2178,2178,2178,2178,2178,2178,2178,2178,2178,2178,2178,2178,2178,2178,2178,2178,2178,2178,2178,2178,2178,2178,2178,2178,2178,2178,2178,2178,2178,2178,2178,2178,2178,2178,2178,2178,2178,2178,2178,2178,2178,2178,2178,2178,2178,2178,2178,2178,2178,2178,2178,2178,2178,2178,2178,2178,2178,2178,2178,2178,2178,2178,2178,2178,2178,2178,2178,2178,2178,2178,2178,2178,2178,2178,
size:8
[agent] id:18
path:3244,3137,3030,2923,2816,2709,2602,2495,2388,2281,2174,2067,1960,1853,1746,1747,1748,1748,1748,1748,1748,1748,1748,1748,1748,1748,1748,1748,1748,1748,1748,1748,1748,1748,1748,1748,1748,1748,1748,1748,1748,1748,1748,1748,1748,1748,1748,1748,1748,1748,1748,1748,1748,1748,1748,1748,1748,1748,1748,1748,1748,1748,1748,1748,1748,1748,1748,1748,1748,1748,1748,1748,1748,1748,1748,1748,1748,1748,1748,1748,1748,1748,1748,1748,1748,1748,
goal:1748,1748,1748,1748,1748,1748,1748,1748,1748,1748,1748,1748,1748,1748,1748,1748,1748,1748,1748,1748,1748,1748,1748,1748,1748,1748,1748,1748,1748,1748,1748,1748,1748,1748,1748,1748,1748,1748,1748,1748,1748,1748,1748,1748,1748,1748,1748,1748,1748,1748,1748,1748,1748,1748,1748,1748,1748,1748,1748,1748,1748,1748,1748,1748,1748,1748,1748,1748,1748,1748,1748,1748,1748,1748,1748,1748,1748,1748,1748,1748,1748,1748,1748,1748,1748,1748,
size:16
[agent] id:19
path:3037,2930,2931,2932,2933,2934,2935,2936,2937,2938,2939,2940,2941,2942,2943,2944,2945,2946,2947,2948,2949,2950,2951,2952,2953,2954,2955,2956,2957,2958,2959,2960,2961,2962,2963,2964,2965,2966,2967,2968,2969,2970,2971,2972,2973,2974,2975,2976,2977,2978,2979,2980,2981,2874,2767,2660,2661,2662,2663,2664,2665,2772,2879,2986,2987,2987,2987,2987,2987,2987,2987,2987,2987,2987,2987,2987,2987,2987,2987,2987,2987,2987,2987,2987,2987,2987,
goal:2987,2987,2987,2987,2987,2987,2987,2987,2987,2987,2987,2987,2987,2987,2987,2987,2987,2987,2987,2987,2987,2987,2987,2987,2987,2987,2987,2987,2987,2987,2987,2987,2987,2987,2987,2987,2987,2987,2987,2987,2987,2987,2987,2987,2987,2987,2987,2987,2987,2987,2987,2987,2987,2987,2987,2987,2987,2987,2987,2987,2987,2987,2987,2987,2987,2987,2987,2987,2987,2987,2987,2987,2987,2987,2987,2987,2987,2987,2987,2987,2987,2987,2987,2987,2987,2987,
size:64
SolutionCost:706
