[setting] seed:91
[solver] type:ECBS
[solver] w:3.000000
[solver] ID:0
[solver] Lowlevelnode:21868
[solver] solved:1
[solver] elapsed:198
[solver] makespan:80
[problem] timesteplimit:10000
[problem] type:MAPF
[problem] agentnum:30
[graph] width:107
[graph] height:47
[graph] filename:./map/orz601d.map
[task] id:0,start:0,end:0,service time:0,nodes:3056,
[task] id:12,start:0,end:0,service time:0,nodes:2894,
[task] id:19,start:0,end:0,service time:0,nodes:2171,
[task] id:21,start:0,end:0,service time:0,nodes:665,
[task] id:6,start:0,end:0,service time:0,nodes:1962,
[task] id:2,start:0,end:0,service time:0,nodes:2825,
[task] id:11,start:0,end:0,service time:0,nodes:2050,
[task] id:29,start:0,end:0,service time:0,nodes:2818,
[task] id:3,start:0,end:0,service time:0,nodes:2314,
[task] id:16,start:0,end:0,service time:0,nodes:1461,
[task] id:18,start:0,end:0,service time:0,nodes:2056,
[task] id:24,start:0,end:0,service time:0,nodes:2386,
[task] id:4,start:0,end:0,service time:0,nodes:2375,
[task] id:8,start:0,end:0,service time:0,nodes:2183,
[task] id:10,start:0,end:0,service time:0,nodes:2181,
[task] id:26,start:0,end:0,service time:0,nodes:2401,
[task] id:1,start:0,end:0,service time:0,nodes:4458,
[task] id:28,start:0,end:0,service time:0,nodes:1304,
[task] id:15,start:0,end:0,service time:0,nodes:1015,
[task] id:9,start:0,end:0,service time:0,nodes:3236,
[task] id:17,start:0,end:0,service time:0,nodes:4139,
[task] id:13,start:0,end:0,service time:0,nodes:2697,
[task] id:25,start:0,end:0,service time:0,nodes:3918,
[task] id:20,start:0,end:0,service time:0,nodes:1855,
[task] id:22,start:0,end:0,service time:0,nodes:2149,
[task] id:27,start:0,end:0,service time:0,nodes:610,
[task] id:7,start:0,end:0,service time:0,nodes:2207,
[task] id:23,start:0,end:0,service time:0,nodes:2482,
[task] id:5,start:0,end:0,service time:0,nodes:2108,
[task] id:14,start:0,end:0,service time:0,nodes:2790,
[agent] id:0
path:2845,2952,3059,3058,3057,3056,3056,3056,3056,3056,3056,3056,3056,3056,3056,3056,3056,3056,3056,3056,3056,3056,3056,3056,3056,3056,3056,3056,3056,3056,3056,3056,3056,3056,3056,3056,3056,3056,3056,3056,3056,3056,3056,3056,3056,3056,3056,3056,3056,3056,3056,3056,3056,3056,3056,3056,3056,3056,3056,3056,3056,3056,3056,3056,3056,3056,3056,3056,3056,3056,3056,3056,3056,3056,3056,3056,3056,3056,3056,3056,3056,
goal:3056,3056,3056,3056,3056,3056,3056,3056,3056,3056,3056,3056,3056,3056,3056,3056,3056,3056,3056,3056,3056,3056,3056,3056,3056,3056,3056,3056,3056,3056,3056,3056,3056,3056,3056,3056,3056,3056,3056,3056,3056,3056,3056,3056,3056,3056,3056,3056,3056,3056,3056,3056,3056,3056,3056,3056,3056,3056,3056,3056,3056,3056,3056,3056,3056,3056,3056,3056,3056,3056,3056,3056,3056,3056,3056,3056,3056,3056,3056,3056,3056,
size:5
[agent] id:1
path:503,610,717,824,931,1038,1145,1252,1359,1466,1465,1464,1463,1462,1569,1676,1783,1890,1997,2104,2211,2318,2425,2532,2639,2746,2853,2960,3067,3174,3281,3388,3495,3602,3709,3816,3923,4030,4137,4244,4351,4458,4458,4458,4458,4458,4458,4458,4458,4458,4458,4458,4458,4458,4458,4458,4458,4458,4458,4458,4458,4458,4458,4458,4458,4458,4458,4458,4458,4458,4458,4458,4458,4458,4458,4458,4458,4458,4458,4458,4458,
goal:4458,4458,4458,4458,4458,4458,4458,4458,4458,4458,4458,4458,4458,4458,4458,4458,4458,4458,4458,4458,4458,4458,4458,4458,4458,4458,4458,4458,4458,4458,4458,4458,4458,4458,4458,4458,4458,4458,4458,4458,4458,4458,4458,4458,4458,4458,4458,4458,4458,4458,4458,4458,4458,4458,4458,4458,4458,4458,4458,4458,4458,4458,4458,4458,4458,4458,4458,4458,4458,4458,4458,4458,4458,4458,4458,4458,4458,4458,4458,4458,4458,
size:41
[agent] id:2
path:3245,3138,3031,2924,2817,2818,2819,2820,2821,2822,2823,2824,2825,2825,2825,2825,2825,2825,2825,2825,2825,2825,2825,2825,2825,2825,2825,2825,2825,2825,2825,2825,2825,2825,2825,2825,2825,2825,2825,2825,2825,2825,2825,2825,2825,2825,2825,2825,2825,2825,2825,2825,2825,2825,2825,2825,2825,2825,2825,2825,2825,2825,2825,2825,2825,2825,2825,2825,2825,2825,2825,2825,2825,2825,2825,2825,2825,2825,2825,2825,2825,
goal:2825,2825,2825,2825,2825,2825,2825,2825,2825,2825,2825,2825,2825,2825,2825,2825,2825,2825,2825,2825,2825,2825,2825,2825,2825,2825,2825,2825,2825,2825,2825,2825,2825,2825,2825,2825,2825,2825,2825,2825,2825,2825,2825,2825,2825,2825,2825,2825,2825,2825,2825,2825,2825,2825,2825,2825,2825,2825,2825,2825,2825,2825,2825,2825,2825,2825,2825,2825,2825,2825,2825,2825,2825,2825,2825,2825,2825,2825,2825,2825,2825,
size:12
[agent] id:3
path:2557,2450,2449,2448,2447,2446,2339,2338,2337,2336,2335,2334,2333,2332,2331,2330,2329,2328,2327,2326,2325,2324,2323,2322,2321,2320,2319,2318,2317,2316,2315,2314,2314,2314,2314,2314,2314,2314,2314,2314,2314,2314,2314,2314,2314,2314,2314,2314,2314,2314,2314,2314,2314,2314,2314,2314,2314,2314,2314,2314,2314,2314,2314,2314,2314,2314,2314,2314,2314,2314,2314,2314,2314,2314,2314,2314,2314,2314,2314,2314,2314,
goal:2314,2314,2314,2314,2314,2314,2314,2314,2314,2314,2314,2314,2314,2314,2314,2314,2314,2314,2314,2314,2314,2314,2314,2314,2314,2314,2314,2314,2314,2314,2314,2314,2314,2314,2314,2314,2314,2314,2314,2314,2314,2314,2314,2314,2314,2314,2314,2314,2314,2314,2314,2314,2314,2314,2314,2314,2314,2314,2314,2314,2314,2314,2314,2314,2314,2314,2314,2314,2314,2314,2314,2314,2314,2314,2314,2314,2314,2314,2314,2314,2314,
size:31
[agent] id:4
path:2518,2411,2410,2409,2408,2407,2406,2405,2404,2403,2402,2401,2400,2399,2398,2397,2396,2395,2394,2393,2392,2391,2390,2389,2388,2387,2386,2385,2384,2383,2382,2381,2380,2379,2378,2377,2376,2375,2375,2375,2375,2375,2375,2375,2375,2375,2375,2375,2375,2375,2375,2375,2375,2375,2375,2375,2375,2375,2375,2375,2375,2375,2375,2375,2375,2375,2375,2375,2375,2375,2375,2375,2375,2375,2375,2375,2375,2375,2375,2375,2375,
goal:2375,2375,2375,2375,2375,2375,2375,2375,2375,2375,2375,2375,2375,2375,2375,2375,2375,2375,2375,2375,2375,2375,2375,2375,2375,2375,2375,2375,2375,2375,2375,2375,2375,2375,2375,2375,2375,2375,2375,2375,2375,2375,2375,2375,2375,2375,2375,2375,2375,2375,2375,2375,2375,2375,2375,2375,2375,2375,2375,2375,2375,2375,2375,2375,2375,2375,2375,2375,2375,2375,2375,2375,2375,2375,2375,2375,2375,2375,2375,2375,2375,
size:37
[agent] id:5
path:4301,4194,4087,3980,3873,3766,3767,3660,3553,3446,3339,3232,3125,3018,2911,2804,2697,2590,2483,2376,2269,2270,2271,2272,2273,2274,2275,2276,2277,2170,2063,2064,2065,2066,2067,2068,2069,2070,2071,2072,2073,2074,2075,2076,2077,2078,2079,2080,2081,2082,2083,2084,2085,2086,2087,2088,2089,2090,2091,2092,2093,2094,2095,2096,2097,2098,2099,2100,2101,2102,2103,2104,2105,2106,2107,2108,2108,2108,2108,2108,2108,
goal:2108,2108,2108,2108,2108,2108,2108,2108,2108,2108,2108,2108,2108,2108,2108,2108,2108,2108,2108,2108,2108,2108,2108,2108,2108,2108,2108,2108,2108,2108,2108,2108,2108,2108,2108,2108,2108,2108,2108,2108,2108,2108,2108,2108,2108,2108,2108,2108,2108,2108,2108,2108,2108,2108,2108,2108,2108,2108,2108,2108,2108,2108,2108,2108,2108,2108,2108,2108,2108,2108,2108,2108,2108,2108,2108,2108,2108,2108,2108,2108,2108,
size:75
[agent] id:6
path:2499,2392,2285,2178,2071,1964,1963,1962,1962,1962,1962,1962,1962,1962,1962,1962,1962,1962,1962,1962,1962,1962,1962,1962,1962,1962,1962,1962,1962,1962,1962,1962,1962,1962,1962,1962,1962,1962,1962,1962,1962,1962,1962,1962,1962,1962,1962,1962,1962,1962,1962,1962,1962,1962,1962,1962,1962,1962,1962,1962,1962,1962,1962,1962,1962,1962,1962,1962,1962,1962,1962,1962,1962,1962,1962,1962,1962,1962,1962,1962,1962,
goal:1962,1962,1962,1962,1962,1962,1962,1962,1962,1962,1962,1962,1962,1962,1962,1962,1962,1962,1962,1962,1962,1962,1962,1962,1962,1962,1962,1962,1962,1962,1962,1962,1962,1962,1962,1962,1962,1962,1962,1962,1962,1962,1962,1962,1962,1962,1962,1962,1962,1962,1962,1962,1962,1962,1962,1962,1962,1962,1962,1962,1962,1962,1962,1962,1962,1962,1962,1962,1962,1962,1962,1962,1962,1962,1962,1962,1962,1962,1962,1962,1962,
size:7
[agent] id:7
path:2897,2898,2791,2684,2577,2470,2363,2364,2365,2366,2367,2368,2369,2370,2371,2264,2265,2266,2267,2268,2268,2269,2270,2271,2272,2273,2274,2275,2276,2277,2278,2279,2280,2281,2282,2283,2284,2285,2286,2287,2288,2289,2290,2291,2184,2185,2186,2187,2188,2189,2190,2191,2192,2193,2194,2195,2196,2197,2198,2199,2200,2201,2202,2203,2204,2205,2206,2207,2207,2207,2207,2207,2207,2207,2207,2207,2207,2207,2207,2207,2207,
goal:2207,2207,2207,2207,2207,2207,2207,2207,2207,2207,2207,2207,2207,2207,2207,2207,2207,2207,2207,2207,2207,2207,2207,2207,2207,2207,2207,2207,2207,2207,2207,2207,2207,2207,2207,2207,2207,2207,2207,2207,2207,2207,2207,2207,2207,2207,2207,2207,2207,2207,2207,2207,2207,2207,2207,2207,2207,2207,2207,2207,2207,2207,2207,2207,2207,2207,2207,2207,2207,2207,2207,2207,2207,2207,2207,2207,2207,2207,2207,2207,2207,
size:67
[agent] id:8
path:1465,1464,1463,1462,1569,1676,1783,1890,1997,2104,2211,2210,2209,2208,2207,2206,2205,2204,2203,2202,2201,2200,2199,2198,2197,2196,2195,2194,2193,2192,2191,2190,2189,2188,2187,2186,2185,2184,2183,2183,2183,2183,2183,2183,2183,2183,2183,2183,2183,2183,2183,2183,2183,2183,2183,2183,2183,2183,2183,2183,2183,2183,2183,2183,2183,2183,2183,2183,2183,2183,2183,2183,2183,2183,2183,2183,2183,2183,2183,2183,2183,
goal:2183,2183,2183,2183,2183,2183,2183,2183,2183,2183,2183,2183,2183,2183,2183,2183,2183,2183,2183,2183,2183,2183,2183,2183,2183,2183,2183,2183,2183,2183,2183,2183,2183,2183,2183,2183,2183,2183,2183,2183,2183,2183,2183,2183,2183,2183,2183,2183,2183,2183,2183,2183,2183,2183,2183,2183,2183,2183,2183,2183,2183,2183,2183,2183,2183,2183,2183,2183,2183,2183,2183,2183,2183,2183,2183,2183,2183,2183,2183,2183,2183,
size:38
[agent] id:9
path:476,583,690,797,904,1011,1118,1225,1332,1439,1438,1545,1652,1759,1866,1973,2080,2187,2294,2401,2508,2615,2722,2829,2936,3043,3042,3041,3040,3039,3038,3037,3036,3035,3034,3033,3032,3031,3030,3029,3028,3027,3026,3025,3024,3131,3238,3237,3236,3236,3236,3236,3236,3236,3236,3236,3236,3236,3236,3236,3236,3236,3236,3236,3236,3236,3236,3236,3236,3236,3236,3236,3236,3236,3236,3236,3236,3236,3236,3236,3236,
goal:3236,3236,3236,3236,3236,3236,3236,3236,3236,3236,3236,3236,3236,3236,3236,3236,3236,3236,3236,3236,3236,3236,3236,3236,3236,3236,3236,3236,3236,3236,3236,3236,3236,3236,3236,3236,3236,3236,3236,3236,3236,3236,3236,3236,3236,3236,3236,3236,3236,3236,3236,3236,3236,3236,3236,3236,3236,3236,3236,3236,3236,3236,3236,3236,3236,3236,3236,3236,3236,3236,3236,3236,3236,3236,3236,3236,3236,3236,3236,3236,3236,
size:48
[agent] id:10
path:4087,3980,3873,3766,3767,3660,3553,3446,3339,3232,3125,3018,2911,2804,2697,2590,2483,2376,2269,2270,2271,2272,2273,2274,2275,2276,2277,2278,2279,2172,2173,2174,2175,2176,2177,2178,2179,2180,2181,2181,2181,2181,2181,2181,2181,2181,2181,2181,2181,2181,2181,2181,2181,2181,2181,2181,2181,2181,2181,2181,2181,2181,2181,2181,2181,2181,2181,2181,2181,2181,2181,2181,2181,2181,2181,2181,2181,2181,2181,2181,2181,
goal:2181,2181,2181,2181,2181,2181,2181,2181,2181,2181,2181,2181,2181,2181,2181,2181,2181,2181,2181,2181,2181,2181,2181,2181,2181,2181,2181,2181,2181,2181,2181,2181,2181,2181,2181,2181,2181,2181,2181,2181,2181,2181,2181,2181,2181,2181,2181,2181,2181,2181,2181,2181,2181,2181,2181,2181,2181,2181,2181,2181,2181,2181,2181,2181,2181,2181,2181,2181,2181,2181,2181,2181,2181,2181,2181,2181,2181,2181,2181,2181,2181,
size:38
[agent] id:11
path:2487,2380,2273,2166,2059,2058,2057,2056,2055,2054,2053,2052,2051,2050,2050,2050,2050,2050,2050,2050,2050,2050,2050,2050,2050,2050,2050,2050,2050,2050,2050,2050,2050,2050,2050,2050,2050,2050,2050,2050,2050,2050,2050,2050,2050,2050,2050,2050,2050,2050,2050,2050,2050,2050,2050,2050,2050,2050,2050,2050,2050,2050,2050,2050,2050,2050,2050,2050,2050,2050,2050,2050,2050,2050,2050,2050,2050,2050,2050,2050,2050,
goal:2050,2050,2050,2050,2050,2050,2050,2050,2050,2050,2050,2050,2050,2050,2050,2050,2050,2050,2050,2050,2050,2050,2050,2050,2050,2050,2050,2050,2050,2050,2050,2050,2050,2050,2050,2050,2050,2050,2050,2050,2050,2050,2050,2050,2050,2050,2050,2050,2050,2050,2050,2050,2050,2050,2050,2050,2050,2050,2050,2050,2050,2050,2050,2050,2050,2050,2050,2050,2050,2050,2050,2050,2050,2050,2050,2050,2050,2050,2050,2050,2050,
size:13
[agent] id:12
path:2683,2790,2897,2896,2895,2894,2894,2894,2894,2894,2894,2894,2894,2894,2894,2894,2894,2894,2894,2894,2894,2894,2894,2894,2894,2894,2894,2894,2894,2894,2894,2894,2894,2894,2894,2894,2894,2894,2894,2894,2894,2894,2894,2894,2894,2894,2894,2894,2894,2894,2894,2894,2894,2894,2894,2894,2894,2894,2894,2894,2894,2894,2894,2894,2894,2894,2894,2894,2894,2894,2894,2894,2894,2894,2894,2894,2894,2894,2894,2894,2894,
goal:2894,2894,2894,2894,2894,2894,2894,2894,2894,2894,2894,2894,2894,2894,2894,2894,2894,2894,2894,2894,2894,2894,2894,2894,2894,2894,2894,2894,2894,2894,2894,2894,2894,2894,2894,2894,2894,2894,2894,2894,2894,2894,2894,2894,2894,2894,2894,2894,2894,2894,2894,2894,2894,2894,2894,2894,2894,2894,2894,2894,2894,2894,2894,2894,2894,2894,2894,2894,2894,2894,2894,2894,2894,2894,2894,2894,2894,2894,2894,2894,2894,
size:5
[agent] id:13
path:2099,2206,2313,2420,2527,2634,2741,2740,2739,2738,2737,2736,2735,2734,2733,2732,2731,2730,2729,2728,2727,2726,2725,2724,2723,2722,2721,2720,2719,2718,2717,2716,2715,2714,2713,2712,2711,2710,2709,2708,2707,2706,2705,2704,2703,2702,2701,2700,2699,2698,2697,2697,2697,2697,2697,2697,2697,2697,2697,2697,2697,2697,2697,2697,2697,2697,2697,2697,2697,2697,2697,2697,2697,2697,2697,2697,2697,2697,2697,2697,2697,
goal:2697,2697,2697,2697,2697,2697,2697,2697,2697,2697,2697,2697,2697,2697,2697,2697,2697,2697,2697,2697,2697,2697,2697,2697,2697,2697,2697,2697,2697,2697,2697,2697,2697,2697,2697,2697,2697,2697,2697,2697,2697,2697,2697,2697,2697,2697,2697,2697,2697,2697,2697,2697,2697,2697,2697,2697,2697,2697,2697,2697,2697,2697,2697,2697,2697,2697,2697,2697,2697,2697,2697,2697,2697,2697,2697,2697,2697,2697,2697,2697,2697,
size:50
[agent] id:14
path:2758,2651,2544,2543,2542,2541,2540,2539,2538,2537,2536,2535,2534,2533,2532,2531,2530,2529,2528,2527,2526,2525,2524,2523,2522,2521,2520,2519,2518,2517,2516,2515,2514,2513,2512,2511,2510,2509,2508,2507,2506,2505,2504,2503,2502,2501,2500,2499,2498,2497,2496,2495,2494,2493,2492,2491,2490,2489,2488,2487,2486,2485,2484,2483,2482,2481,2480,2479,2478,2477,2476,2475,2474,2581,2688,2795,2794,2793,2792,2791,2790,
goal:2790,2790,2790,2790,2790,2790,2790,2790,2790,2790,2790,2790,2790,2790,2790,2790,2790,2790,2790,2790,2790,2790,2790,2790,2790,2790,2790,2790,2790,2790,2790,2790,2790,2790,2790,2790,2790,2790,2790,2790,2790,2790,2790,2790,2790,2790,2790,2790,2790,2790,2790,2790,2790,2790,2790,2790,2790,2790,2790,2790,2790,2790,2790,2790,2790,2790,2790,2790,2790,2790,2790,2790,2790,2790,2790,2790,2790,2790,2790,2790,2790,
size:80
[agent] id:15
path:3023,2916,2809,2702,2595,2488,2381,2274,2275,2276,2277,2278,2279,2280,2281,2282,2283,2284,2285,2286,2179,2072,1965,1966,1967,1860,1861,1862,1863,1864,1865,1758,1651,1544,1437,1330,1223,1116,1009,1010,1011,1012,1013,1014,1015,1015,1015,1015,1015,1015,1015,1015,1015,1015,1015,1015,1015,1015,1015,1015,1015,1015,1015,1015,1015,1015,1015,1015,1015,1015,1015,1015,1015,1015,1015,1015,1015,1015,1015,1015,1015,
goal:1015,1015,1015,1015,1015,1015,1015,1015,1015,1015,1015,1015,1015,1015,1015,1015,1015,1015,1015,1015,1015,1015,1015,1015,1015,1015,1015,1015,1015,1015,1015,1015,1015,1015,1015,1015,1015,1015,1015,1015,1015,1015,1015,1015,1015,1015,1015,1015,1015,1015,1015,1015,1015,1015,1015,1015,1015,1015,1015,1015,1015,1015,1015,1015,1015,1015,1015,1015,1015,1015,1015,1015,1015,1015,1015,1015,1015,1015,1015,1015,1015,
size:44
[agent] id:16
path:3265,3158,3051,2944,2837,2730,2623,2516,2409,2302,2195,2088,1981,1982,1983,1984,1985,1986,1987,1988,1989,1990,1991,1884,1885,1886,1887,1888,1889,1782,1675,1568,1461,1461,1461,1461,1461,1461,1461,1461,1461,1461,1461,1461,1461,1461,1461,1461,1461,1461,1461,1461,1461,1461,1461,1461,1461,1461,1461,1461,1461,1461,1461,1461,1461,1461,1461,1461,1461,1461,1461,1461,1461,1461,1461,1461,1461,1461,1461,1461,1461,
goal:1461,1461,1461,1461,1461,1461,1461,1461,1461,1461,1461,1461,1461,1461,1461,1461,1461,1461,1461,1461,1461,1461,1461,1461,1461,1461,1461,1461,1461,1461,1461,1461,1461,1461,1461,1461,1461,1461,1461,1461,1461,1461,1461,1461,1461,1461,1461,1461,1461,1461,1461,1461,1461,1461,1461,1461,1461,1461,1461,1461,1461,1461,1461,1461,1461,1461,1461,1461,1461,1461,1461,1461,1461,1461,1461,1461,1461,1461,1461,1461,1461,
size:32
[agent] id:17
path:2131,2238,2345,2452,2559,2666,2665,2664,2663,2662,2661,2660,2767,2874,2981,3088,3087,3086,3085,3084,3083,3082,3081,3080,3079,3078,3077,3076,3075,3074,3073,3072,3179,3178,3177,3176,3175,3174,3281,3388,3495,3602,3709,3816,3923,4030,4137,4138,4139,4139,4139,4139,4139,4139,4139,4139,4139,4139,4139,4139,4139,4139,4139,4139,4139,4139,4139,4139,4139,4139,4139,4139,4139,4139,4139,4139,4139,4139,4139,4139,4139,
goal:4139,4139,4139,4139,4139,4139,4139,4139,4139,4139,4139,4139,4139,4139,4139,4139,4139,4139,4139,4139,4139,4139,4139,4139,4139,4139,4139,4139,4139,4139,4139,4139,4139,4139,4139,4139,4139,4139,4139,4139,4139,4139,4139,4139,4139,4139,4139,4139,4139,4139,4139,4139,4139,4139,4139,4139,4139,4139,4139,4139,4139,4139,4139,4139,4139,4139,4139,4139,4139,4139,4139,4139,4139,4139,4139,4139,4139,4139,4139,4139,4139,
size:48
[agent] id:18
path:1012,1119,1226,1333,1440,1439,1438,1545,1652,1759,1866,1973,2080,2079,2078,2077,2076,2075,2074,2073,2072,2071,2070,2069,2068,2067,2066,2065,2064,2063,2062,2061,2060,2059,2058,2057,2056,2056,2056,2056,2056,2056,2056,2056,2056,2056,2056,2056,2056,2056,2056,2056,2056,2056,2056,2056,2056,2056,2056,2056,2056,2056,2056,2056,2056,2056,2056,2056,2056,2056,2056,2056,2056,2056,2056,2056,2056,2056,2056,2056,2056,
goal:2056,2056,2056,2056,2056,2056,2056,2056,2056,2056,2056,2056,2056,2056,2056,2056,2056,2056,2056,2056,2056,2056,2056,2056,2056,2056,2056,2056,2056,2056,2056,2056,2056,2056,2056,2056,2056,2056,2056,2056,2056,2056,2056,2056,2056,2056,2056,2056,2056,2056,2056,2056,2056,2056,2056,2056,2056,2056,2056,2056,2056,2056,2056,2056,2056,2056,2056,2056,2056,2056,2056,2056,2056,2056,2056,2056,2056,2056,2056,2056,2056,
size:36
[agent] id:19
path:2598,2491,2384,2277,2170,2171,2171,2171,2171,2171,2171,2171,2171,2171,2171,2171,2171,2171,2171,2171,2171,2171,2171,2171,2171,2171,2171,2171,2171,2171,2171,2171,2171,2171,2171,2171,2171,2171,2171,2171,2171,2171,2171,2171,2171,2171,2171,2171,2171,2171,2171,2171,2171,2171,2171,2171,2171,2171,2171,2171,2171,2171,2171,2171,2171,2171,2171,2171,2171,2171,2171,2171,2171,2171,2171,2171,2171,2171,2171,2171,2171,
goal:2171,2171,2171,2171,2171,2171,2171,2171,2171,2171,2171,2171,2171,2171,2171,2171,2171,2171,2171,2171,2171,2171,2171,2171,2171,2171,2171,2171,2171,2171,2171,2171,2171,2171,2171,2171,2171,2171,2171,2171,2171,2171,2171,2171,2171,2171,2171,2171,2171,2171,2171,2171,2171,2171,2171,2171,2171,2171,2171,2171,2171,2171,2171,2171,2171,2171,2171,2171,2171,2171,2171,2171,2171,2171,2171,2171,2171,2171,2171,2171,2171,
size:5
[agent] id:20
path:926,1033,1140,1247,1354,1461,1568,1675,1782,1889,1996,1995,1994,1993,1992,1991,1990,1989,1988,2095,2094,2093,2092,2091,2090,2090,2089,2088,1981,1980,1979,1978,1977,1976,1975,1974,1973,1972,1971,1970,1969,1968,1967,1966,1965,1964,1963,2070,2069,2068,1961,1854,1855,1855,1855,1855,1855,1855,1855,1855,1855,1855,1855,1855,1855,1855,1855,1855,1855,1855,1855,1855,1855,1855,1855,1855,1855,1855,1855,1855,1855,
goal:1855,1855,1855,1855,1855,1855,1855,1855,1855,1855,1855,1855,1855,1855,1855,1855,1855,1855,1855,1855,1855,1855,1855,1855,1855,1855,1855,1855,1855,1855,1855,1855,1855,1855,1855,1855,1855,1855,1855,1855,1855,1855,1855,1855,1855,1855,1855,1855,1855,1855,1855,1855,1855,1855,1855,1855,1855,1855,1855,1855,1855,1855,1855,1855,1855,1855,1855,1855,1855,1855,1855,1855,1855,1855,1855,1855,1855,1855,1855,1855,1855,
size:52
[agent] id:21
path:563,670,669,668,667,666,665,665,665,665,665,665,665,665,665,665,665,665,665,665,665,665,665,665,665,665,665,665,665,665,665,665,665,665,665,665,665,665,665,665,665,665,665,665,665,665,665,665,665,665,665,665,665,665,665,665,665,665,665,665,665,665,665,665,665,665,665,665,665,665,665,665,665,665,665,665,665,665,665,665,665,
goal:665,665,665,665,665,665,665,665,665,665,665,665,665,665,665,665,665,665,665,665,665,665,665,665,665,665,665,665,665,665,665,665,665,665,665,665,665,665,665,665,665,665,665,665,665,665,665,665,665,665,665,665,665,665,665,665,665,665,665,665,665,665,665,665,665,665,665,665,665,665,665,665,665,665,665,665,665,665,665,665,665,
size:6
[agent] id:22
path:1117,1224,1331,1438,1545,1652,1759,1866,1973,1972,1971,1970,1969,2076,2075,2074,2073,2072,2071,2070,2069,2068,2067,2066,2065,2064,2063,2062,2169,2168,2275,2274,2273,2272,2271,2270,2269,2268,2267,2374,2373,2372,2371,2370,2369,2368,2367,2260,2153,2152,2151,2150,2149,2149,2149,2149,2149,2149,2149,2149,2149,2149,2149,2149,2149,2149,2149,2149,2149,2149,2149,2149,2149,2149,2149,2149,2149,2149,2149,2149,2149,
goal:2149,2149,2149,2149,2149,2149,2149,2149,2149,2149,2149,2149,2149,2149,2149,2149,2149,2149,2149,2149,2149,2149,2149,2149,2149,2149,2149,2149,2149,2149,2149,2149,2149,2149,2149,2149,2149,2149,2149,2149,2149,2149,2149,2149,2149,2149,2149,2149,2149,2149,2149,2149,2149,2149,2149,2149,2149,2149,2149,2149,2149,2149,2149,2149,2149,2149,2149,2149,2149,2149,2149,2149,2149,2149,2149,2149,2149,2149,2149,2149,2149,
size:52
[agent] id:23
path:4674,4567,4460,4353,4246,4139,4032,3925,3818,3711,3604,3603,3602,3495,3388,3281,3174,3067,2960,2853,2746,2639,2532,2531,2530,2529,2528,2527,2526,2525,2524,2523,2522,2521,2520,2519,2518,2517,2516,2515,2514,2513,2512,2511,2510,2509,2508,2507,2506,2505,2504,2503,2502,2501,2500,2499,2498,2497,2496,2495,2494,2493,2492,2491,2490,2489,2488,2487,2486,2485,2484,2483,2482,2482,2482,2482,2482,2482,2482,2482,2482,
goal:2482,2482,2482,2482,2482,2482,2482,2482,2482,2482,2482,2482,2482,2482,2482,2482,2482,2482,2482,2482,2482,2482,2482,2482,2482,2482,2482,2482,2482,2482,2482,2482,2482,2482,2482,2482,2482,2482,2482,2482,2482,2482,2482,2482,2482,2482,2482,2482,2482,2482,2482,2482,2482,2482,2482,2482,2482,2482,2482,2482,2482,2482,2482,2482,2482,2482,2482,2482,2482,2482,2482,2482,2482,2482,2482,2482,2482,2482,2482,2482,2482,
size:72
[agent] id:24
path:2098,2205,2312,2419,2418,2417,2416,2415,2414,2413,2412,2411,2410,2409,2408,2407,2406,2405,2404,2403,2402,2401,2400,2399,2398,2397,2396,2395,2394,2393,2392,2391,2390,2389,2388,2387,2386,2386,2386,2386,2386,2386,2386,2386,2386,2386,2386,2386,2386,2386,2386,2386,2386,2386,2386,2386,2386,2386,2386,2386,2386,2386,2386,2386,2386,2386,2386,2386,2386,2386,2386,2386,2386,2386,2386,2386,2386,2386,2386,2386,2386,
goal:2386,2386,2386,2386,2386,2386,2386,2386,2386,2386,2386,2386,2386,2386,2386,2386,2386,2386,2386,2386,2386,2386,2386,2386,2386,2386,2386,2386,2386,2386,2386,2386,2386,2386,2386,2386,2386,2386,2386,2386,2386,2386,2386,2386,2386,2386,2386,2386,2386,2386,2386,2386,2386,2386,2386,2386,2386,2386,2386,2386,2386,2386,2386,2386,2386,2386,2386,2386,2386,2386,2386,2386,2386,2386,2386,2386,2386,2386,2386,2386,2386,
size:36
[agent] id:25
path:2025,2132,2239,2346,2453,2560,2667,2666,2665,2664,2663,2662,2661,2660,2767,2874,2981,3088,3087,3086,3085,3084,3083,3082,3081,3080,3079,3078,3077,3076,3075,3074,3073,3072,3179,3178,3177,3176,3175,3174,3281,3388,3495,3602,3709,3816,3923,3922,3921,3920,3919,3918,3918,3918,3918,3918,3918,3918,3918,3918,3918,3918,3918,3918,3918,3918,3918,3918,3918,3918,3918,3918,3918,3918,3918,3918,3918,3918,3918,3918,3918,
goal:3918,3918,3918,3918,3918,3918,3918,3918,3918,3918,3918,3918,3918,3918,3918,3918,3918,3918,3918,3918,3918,3918,3918,3918,3918,3918,3918,3918,3918,3918,3918,3918,3918,3918,3918,3918,3918,3918,3918,3918,3918,3918,3918,3918,3918,3918,3918,3918,3918,3918,3918,3918,3918,3918,3918,3918,3918,3918,3918,3918,3918,3918,3918,3918,3918,3918,3918,3918,3918,3918,3918,3918,3918,3918,3918,3918,3918,3918,3918,3918,3918,
size:51
[agent] id:26
path:989,1096,1203,1310,1417,1416,1415,1414,1521,1628,1735,1842,1949,2056,2163,2270,2271,2272,2273,2274,2275,2276,2277,2278,2279,2280,2281,2282,2283,2284,2285,2286,2393,2394,2395,2396,2397,2398,2399,2400,2401,2401,2401,2401,2401,2401,2401,2401,2401,2401,2401,2401,2401,2401,2401,2401,2401,2401,2401,2401,2401,2401,2401,2401,2401,2401,2401,2401,2401,2401,2401,2401,2401,2401,2401,2401,2401,2401,2401,2401,2401,
goal:2401,2401,2401,2401,2401,2401,2401,2401,2401,2401,2401,2401,2401,2401,2401,2401,2401,2401,2401,2401,2401,2401,2401,2401,2401,2401,2401,2401,2401,2401,2401,2401,2401,2401,2401,2401,2401,2401,2401,2401,2401,2401,2401,2401,2401,2401,2401,2401,2401,2401,2401,2401,2401,2401,2401,2401,2401,2401,2401,2401,2401,2401,2401,2401,2401,2401,2401,2401,2401,2401,2401,2401,2401,2401,2401,2401,2401,2401,2401,2401,2401,
size:40
[agent] id:27
path:2067,2068,2069,2070,2070,2071,2072,2073,2074,2075,2076,2077,2078,2185,2186,2187,2188,2081,2082,2083,2084,2085,2086,2087,2088,2089,1982,1983,1984,1985,1986,1987,1988,1989,1990,1991,1884,1885,1886,1887,1888,1889,1782,1675,1568,1569,1462,1355,1248,1141,1034,927,820,713,606,607,608,609,610,610,610,610,610,610,610,610,610,610,610,610,610,610,610,610,610,610,610,610,610,610,610,
goal:610,610,610,610,610,610,610,610,610,610,610,610,610,610,610,610,610,610,610,610,610,610,610,610,610,610,610,610,610,610,610,610,610,610,610,610,610,610,610,610,610,610,610,610,610,610,610,610,610,610,610,610,610,610,610,610,610,610,610,610,610,610,610,610,610,610,610,610,610,610,610,610,610,610,610,610,610,610,610,610,610,
size:58
[agent] id:28
path:1116,1223,1330,1437,1544,1651,1758,1865,1972,1971,1970,1969,1968,1967,1966,1965,1964,1963,2070,2069,2068,1961,1960,1959,1958,1957,1956,1955,1954,1847,1846,1845,1844,1843,1842,1735,1628,1521,1414,1307,1306,1305,1304,1304,1304,1304,1304,1304,1304,1304,1304,1304,1304,1304,1304,1304,1304,1304,1304,1304,1304,1304,1304,1304,1304,1304,1304,1304,1304,1304,1304,1304,1304,1304,1304,1304,1304,1304,1304,1304,1304,
goal:1304,1304,1304,1304,1304,1304,1304,1304,1304,1304,1304,1304,1304,1304,1304,1304,1304,1304,1304,1304,1304,1304,1304,1304,1304,1304,1304,1304,1304,1304,1304,1304,1304,1304,1304,1304,1304,1304,1304,1304,1304,1304,1304,1304,1304,1304,1304,1304,1304,1304,1304,1304,1304,1304,1304,1304,1304,1304,1304,1304,1304,1304,1304,1304,1304,1304,1304,1304,1304,1304,1304,1304,1304,1304,1304,1304,1304,1304,1304,1304,1304,
size:42
[agent] id:29
path:3344,3237,3130,3023,2916,2809,2810,2811,2812,2813,2814,2815,2816,2817,2818,2818,2818,2818,2818,2818,2818,2818,2818,2818,2818,2818,2818,2818,2818,2818,2818,2818,2818,2818,2818,2818,2818,2818,2818,2818,2818,2818,2818,2818,2818,2818,2818,2818,2818,2818,2818,2818,2818,2818,2818,2818,2818,2818,2818,2818,2818,2818,2818,2818,2818,2818,2818,2818,2818,2818,2818,2818,2818,2818,2818,2818,2818,2818,2818,2818,2818,
goal:2818,2818,2818,2818,2818,2818,2818,2818,2818,2818,2818,2818,2818,2818,2818,2818,2818,2818,2818,2818,2818,2818,2818,2818,2818,2818,2818,2818,2818,2818,2818,2818,2818,2818,2818,2818,2818,2818,2818,2818,2818,2818,2818,2818,2818,2818,2818,2818,2818,2818,2818,2818,2818,2818,2818,2818,2818,2818,2818,2818,2818,2818,2818,2818,2818,2818,2818,2818,2818,2818,2818,2818,2818,2818,2818,2818,2818,2818,2818,2818,2818,
size:14
SolutionCost:1135
