[setting] seed:51
[solver] type:ECBS
[solver] w:3.000000
[solver] ID:0
[solver] Lowlevelnode:18661
[solver] solved:1
[solver] elapsed:194
[solver] makespan:96
[problem] timesteplimit:10000
[problem] type:MAPF
[problem] agentnum:20
[graph] width:107
[graph] height:47
[graph] filename:./map/orz601d.map
[task] id:2,start:0,end:0,service time:0,nodes:1724,
[task] id:3,start:0,end:0,service time:0,nodes:2814,
[task] id:11,start:0,end:0,service time:0,nodes:2106,
[task] id:17,start:0,end:0,service time:0,nodes:2084,
[task] id:6,start:0,end:0,service time:0,nodes:2298,
[task] id:18,start:0,end:0,service time:0,nodes:3870,
[task] id:19,start:0,end:0,service time:0,nodes:2692,
[task] id:1,start:0,end:0,service time:0,nodes:3053,
[task] id:16,start:0,end:0,service time:0,nodes:2872,
[task] id:13,start:0,end:0,service time:0,nodes:4200,
[task] id:10,start:0,end:0,service time:0,nodes:2824,
[task] id:4,start:0,end:0,service time:0,nodes:1802,
[task] id:5,start:0,end:0,service time:0,nodes:990,
[task] id:9,start:0,end:0,service time:0,nodes:2604,
[task] id:14,start:0,end:0,service time:0,nodes:2300,
[task] id:8,start:0,end:0,service time:0,nodes:2082,
[task] id:12,start:0,end:0,service time:0,nodes:2527,
[task] id:15,start:0,end:0,service time:0,nodes:885,
[task] id:7,start:0,end:0,service time:0,nodes:2435,
[task] id:0,start:0,end:0,service time:0,nodes:2557,
[agent] id:0
path:447,554,661,768,875,982,1089,1196,1303,1410,1411,1412,1413,1520,1627,1734,1841,1948,2055,2162,2269,2376,2377,2378,2379,2380,2381,2382,2383,2384,2385,2386,2387,2388,2389,2390,2391,2392,2393,2394,2395,2396,2397,2398,2399,2400,2401,2402,2403,2404,2405,2406,2407,2408,2409,2410,2411,2412,2413,2414,2415,2416,2417,2418,2419,2420,2421,2528,2529,2530,2531,2532,2533,2534,2535,2536,2537,2538,2539,2540,2541,2542,2543,2544,2545,2546,2547,2548,2549,2550,2551,2552,2553,2554,2555,2556,2557,
goal:2557,2557,2557,2557,2557,2557,2557,2557,2557,2557,2557,2557,2557,2557,2557,2557,2557,2557,2557,2557,2557,2557,2557,2557,2557,2557,2557,2557,2557,2557,2557,2557,2557,2557,2557,2557,2557,2557,2557,2557,2557,2557,2557,2557,2557,2557,2557,2557,2557,2557,2557,2557,2557,2557,2557,2557,2557,2557,2557,2557,2557,2557,2557,2557,2557,2557,2557,2557,2557,2557,2557,2557,2557,2557,2557,2557,2557,2557,2557,2557,2557,2557,2557,2557,2557,2557,2557,2557,2557,2557,2557,2557,2557,2557,2557,2557,2557,
size:96
[agent] id:1
path:1966,2073,2180,2287,2394,2501,2608,2715,2822,2929,3036,3037,3038,3039,3040,3041,3042,3043,3044,3045,3046,3047,3048,3049,3050,3051,3052,3053,3053,3053,3053,3053,3053,3053,3053,3053,3053,3053,3053,3053,3053,3053,3053,3053,3053,3053,3053,3053,3053,3053,3053,3053,3053,3053,3053,3053,3053,3053,3053,3053,3053,3053,3053,3053,3053,3053,3053,3053,3053,3053,3053,3053,3053,3053,3053,3053,3053,3053,3053,3053,3053,3053,3053,3053,3053,3053,3053,3053,3053,3053,3053,3053,3053,3053,3053,3053,3053,
goal:3053,3053,3053,3053,3053,3053,3053,3053,3053,3053,3053,3053,3053,3053,3053,3053,3053,3053,3053,3053,3053,3053,3053,3053,3053,3053,3053,3053,3053,3053,3053,3053,3053,3053,3053,3053,3053,3053,3053,3053,3053,3053,3053,3053,3053,3053,3053,3053,3053,3053,3053,3053,3053,3053,3053,3053,3053,3053,3053,3053,3053,3053,3053,3053,3053,3053,3053,3053,3053,3053,3053,3053,3053,3053,3053,3053,3053,3053,3053,3053,3053,3053,3053,3053,3053,3053,3053,3053,3053,3053,3053,3053,3053,3053,3053,3053,3053,
size:27
[agent] id:2
path:2042,1935,1828,1721,1722,1723,1724,1724,1724,1724,1724,1724,1724,1724,1724,1724,1724,1724,1724,1724,1724,1724,1724,1724,1724,1724,1724,1724,1724,1724,1724,1724,1724,1724,1724,1724,1724,1724,1724,1724,1724,1724,1724,1724,1724,1724,1724,1724,1724,1724,1724,1724,1724,1724,1724,1724,1724,1724,1724,1724,1724,1724,1724,1724,1724,1724,1724,1724,1724,1724,1724,1724,1724,1724,1724,1724,1724,1724,1724,1724,1724,1724,1724,1724,1724,1724,1724,1724,1724,1724,1724,1724,1724,1724,1724,1724,1724,
goal:1724,1724,1724,1724,1724,1724,1724,1724,1724,1724,1724,1724,1724,1724,1724,1724,1724,1724,1724,1724,1724,1724,1724,1724,1724,1724,1724,1724,1724,1724,1724,1724,1724,1724,1724,1724,1724,1724,1724,1724,1724,1724,1724,1724,1724,1724,1724,1724,1724,1724,1724,1724,1724,1724,1724,1724,1724,1724,1724,1724,1724,1724,1724,1724,1724,1724,1724,1724,1724,1724,1724,1724,1724,1724,1724,1724,1724,1724,1724,1724,1724,1724,1724,1724,1724,1724,1724,1724,1724,1724,1724,1724,1724,1724,1724,1724,1724,
size:6
[agent] id:3
path:3247,3140,3033,2926,2819,2818,2817,2816,2815,2814,2814,2814,2814,2814,2814,2814,2814,2814,2814,2814,2814,2814,2814,2814,2814,2814,2814,2814,2814,2814,2814,2814,2814,2814,2814,2814,2814,2814,2814,2814,2814,2814,2814,2814,2814,2814,2814,2814,2814,2814,2814,2814,2814,2814,2814,2814,2814,2814,2814,2814,2814,2814,2814,2814,2814,2814,2814,2814,2814,2814,2814,2814,2814,2814,2814,2814,2814,2814,2814,2814,2814,2814,2814,2814,2814,2814,2814,2814,2814,2814,2814,2814,2814,2814,2814,2814,2814,
goal:2814,2814,2814,2814,2814,2814,2814,2814,2814,2814,2814,2814,2814,2814,2814,2814,2814,2814,2814,2814,2814,2814,2814,2814,2814,2814,2814,2814,2814,2814,2814,2814,2814,2814,2814,2814,2814,2814,2814,2814,2814,2814,2814,2814,2814,2814,2814,2814,2814,2814,2814,2814,2814,2814,2814,2814,2814,2814,2814,2814,2814,2814,2814,2814,2814,2814,2814,2814,2814,2814,2814,2814,2814,2814,2814,2814,2814,2814,2814,2814,2814,2814,2814,2814,2814,2814,2814,2814,2814,2814,2814,2814,2814,2814,2814,2814,2814,
size:9
[agent] id:4
path:2629,2522,2415,2308,2201,2094,2095,2096,2097,2098,2099,2100,2101,1994,1995,1996,1997,1998,1999,2000,2001,2002,2003,2004,2005,2006,2007,2008,2009,2010,2011,2012,2013,2014,2015,1908,1909,1802,1802,1802,1802,1802,1802,1802,1802,1802,1802,1802,1802,1802,1802,1802,1802,1802,1802,1802,1802,1802,1802,1802,1802,1802,1802,1802,1802,1802,1802,1802,1802,1802,1802,1802,1802,1802,1802,1802,1802,1802,1802,1802,1802,1802,1802,1802,1802,1802,1802,1802,1802,1802,1802,1802,1802,1802,1802,1802,1802,
goal:1802,1802,1802,1802,1802,1802,1802,1802,1802,1802,1802,1802,1802,1802,1802,1802,1802,1802,1802,1802,1802,1802,1802,1802,1802,1802,1802,1802,1802,1802,1802,1802,1802,1802,1802,1802,1802,1802,1802,1802,1802,1802,1802,1802,1802,1802,1802,1802,1802,1802,1802,1802,1802,1802,1802,1802,1802,1802,1802,1802,1802,1802,1802,1802,1802,1802,1802,1802,1802,1802,1802,1802,1802,1802,1802,1802,1802,1802,1802,1802,1802,1802,1802,1802,1802,1802,1802,1802,1802,1802,1802,1802,1802,1802,1802,1802,1802,
size:37
[agent] id:5
path:2504,2397,2290,2183,2076,1969,1968,1967,1966,1965,1964,1963,1962,1961,1960,1959,1958,1957,1956,1955,1954,1847,1846,1845,1844,1843,1842,1735,1628,1521,1414,1307,1200,1093,986,987,988,989,990,990,990,990,990,990,990,990,990,990,990,990,990,990,990,990,990,990,990,990,990,990,990,990,990,990,990,990,990,990,990,990,990,990,990,990,990,990,990,990,990,990,990,990,990,990,990,990,990,990,990,990,990,990,990,990,990,990,990,
goal:990,990,990,990,990,990,990,990,990,990,990,990,990,990,990,990,990,990,990,990,990,990,990,990,990,990,990,990,990,990,990,990,990,990,990,990,990,990,990,990,990,990,990,990,990,990,990,990,990,990,990,990,990,990,990,990,990,990,990,990,990,990,990,990,990,990,990,990,990,990,990,990,990,990,990,990,990,990,990,990,990,990,990,990,990,990,990,990,990,990,990,990,990,990,990,990,990,
size:38
[agent] id:6
path:2279,2280,2281,2282,2283,2284,2285,2286,2287,2288,2289,2290,2291,2292,2293,2294,2295,2296,2297,2298,2298,2298,2298,2298,2298,2298,2298,2298,2298,2298,2298,2298,2298,2298,2298,2298,2298,2298,2298,2298,2298,2298,2298,2298,2298,2298,2298,2298,2298,2298,2298,2298,2298,2298,2298,2298,2298,2298,2298,2298,2298,2298,2298,2298,2298,2298,2298,2298,2298,2298,2298,2298,2298,2298,2298,2298,2298,2298,2298,2298,2298,2298,2298,2298,2298,2298,2298,2298,2298,2298,2298,2298,2298,2298,2298,2298,2298,
goal:2298,2298,2298,2298,2298,2298,2298,2298,2298,2298,2298,2298,2298,2298,2298,2298,2298,2298,2298,2298,2298,2298,2298,2298,2298,2298,2298,2298,2298,2298,2298,2298,2298,2298,2298,2298,2298,2298,2298,2298,2298,2298,2298,2298,2298,2298,2298,2298,2298,2298,2298,2298,2298,2298,2298,2298,2298,2298,2298,2298,2298,2298,2298,2298,2298,2298,2298,2298,2298,2298,2298,2298,2298,2298,2298,2298,2298,2298,2298,2298,2298,2298,2298,2298,2298,2298,2298,2298,2298,2298,2298,2298,2298,2298,2298,2298,2298,
size:19
[agent] id:7
path:1933,2040,2147,2254,2361,2362,2363,2364,2365,2366,2367,2368,2369,2370,2371,2372,2373,2374,2375,2376,2377,2378,2379,2380,2381,2382,2383,2384,2385,2386,2387,2388,2389,2390,2391,2392,2393,2394,2395,2396,2397,2398,2399,2400,2401,2402,2403,2404,2405,2406,2407,2408,2409,2410,2411,2412,2413,2414,2415,2416,2417,2418,2419,2420,2421,2422,2423,2424,2425,2426,2427,2428,2429,2430,2431,2432,2433,2434,2435,2435,2435,2435,2435,2435,2435,2435,2435,2435,2435,2435,2435,2435,2435,2435,2435,2435,2435,
goal:2435,2435,2435,2435,2435,2435,2435,2435,2435,2435,2435,2435,2435,2435,2435,2435,2435,2435,2435,2435,2435,2435,2435,2435,2435,2435,2435,2435,2435,2435,2435,2435,2435,2435,2435,2435,2435,2435,2435,2435,2435,2435,2435,2435,2435,2435,2435,2435,2435,2435,2435,2435,2435,2435,2435,2435,2435,2435,2435,2435,2435,2435,2435,2435,2435,2435,2435,2435,2435,2435,2435,2435,2435,2435,2435,2435,2435,2435,2435,2435,2435,2435,2435,2435,2435,2435,2435,2435,2435,2435,2435,2435,2435,2435,2435,2435,2435,
size:78
[agent] id:8
path:2451,2450,2449,2448,2447,2446,2339,2232,2231,2230,2229,2228,2227,2226,2225,2224,2223,2222,2221,2220,2219,2218,2217,2216,2215,2214,2213,2212,2211,2210,2209,2208,2207,2206,2205,2204,2203,2202,2201,2200,2199,2198,2197,2196,2195,2194,2193,2192,2191,2190,2083,2082,2082,2082,2082,2082,2082,2082,2082,2082,2082,2082,2082,2082,2082,2082,2082,2082,2082,2082,2082,2082,2082,2082,2082,2082,2082,2082,2082,2082,2082,2082,2082,2082,2082,2082,2082,2082,2082,2082,2082,2082,2082,2082,2082,2082,2082,
goal:2082,2082,2082,2082,2082,2082,2082,2082,2082,2082,2082,2082,2082,2082,2082,2082,2082,2082,2082,2082,2082,2082,2082,2082,2082,2082,2082,2082,2082,2082,2082,2082,2082,2082,2082,2082,2082,2082,2082,2082,2082,2082,2082,2082,2082,2082,2082,2082,2082,2082,2082,2082,2082,2082,2082,2082,2082,2082,2082,2082,2082,2082,2082,2082,2082,2082,2082,2082,2082,2082,2082,2082,2082,2082,2082,2082,2082,2082,2082,2082,2082,2082,2082,2082,2082,2082,2082,2082,2082,2082,2082,2082,2082,2082,2082,2082,2082,
size:51
[agent] id:9
path:2003,2110,2217,2324,2431,2538,2645,2644,2643,2642,2641,2640,2639,2638,2637,2636,2635,2634,2633,2632,2631,2630,2629,2628,2627,2626,2625,2624,2623,2622,2621,2620,2619,2618,2617,2616,2615,2614,2613,2612,2611,2610,2609,2608,2607,2606,2605,2604,2604,2604,2604,2604,2604,2604,2604,2604,2604,2604,2604,2604,2604,2604,2604,2604,2604,2604,2604,2604,2604,2604,2604,2604,2604,2604,2604,2604,2604,2604,2604,2604,2604,2604,2604,2604,2604,2604,2604,2604,2604,2604,2604,2604,2604,2604,2604,2604,2604,
goal:2604,2604,2604,2604,2604,2604,2604,2604,2604,2604,2604,2604,2604,2604,2604,2604,2604,2604,2604,2604,2604,2604,2604,2604,2604,2604,2604,2604,2604,2604,2604,2604,2604,2604,2604,2604,2604,2604,2604,2604,2604,2604,2604,2604,2604,2604,2604,2604,2604,2604,2604,2604,2604,2604,2604,2604,2604,2604,2604,2604,2604,2604,2604,2604,2604,2604,2604,2604,2604,2604,2604,2604,2604,2604,2604,2604,2604,2604,2604,2604,2604,2604,2604,2604,2604,2604,2604,2604,2604,2604,2604,2604,2604,2604,2604,2604,2604,
size:47
[agent] id:10
path:3177,3070,2963,2856,2855,2854,2853,2852,2851,2850,2849,2848,2847,2846,2845,2844,2843,2842,2841,2840,2839,2838,2837,2836,2835,2834,2833,2832,2831,2830,2829,2828,2827,2826,2825,2824,2824,2824,2824,2824,2824,2824,2824,2824,2824,2824,2824,2824,2824,2824,2824,2824,2824,2824,2824,2824,2824,2824,2824,2824,2824,2824,2824,2824,2824,2824,2824,2824,2824,2824,2824,2824,2824,2824,2824,2824,2824,2824,2824,2824,2824,2824,2824,2824,2824,2824,2824,2824,2824,2824,2824,2824,2824,2824,2824,2824,2824,
goal:2824,2824,2824,2824,2824,2824,2824,2824,2824,2824,2824,2824,2824,2824,2824,2824,2824,2824,2824,2824,2824,2824,2824,2824,2824,2824,2824,2824,2824,2824,2824,2824,2824,2824,2824,2824,2824,2824,2824,2824,2824,2824,2824,2824,2824,2824,2824,2824,2824,2824,2824,2824,2824,2824,2824,2824,2824,2824,2824,2824,2824,2824,2824,2824,2824,2824,2824,2824,2824,2824,2824,2824,2824,2824,2824,2824,2824,2824,2824,2824,2824,2824,2824,2824,2824,2824,2824,2824,2824,2824,2824,2824,2824,2824,2824,2824,2824,
size:35
[agent] id:11
path:2330,2223,2116,2115,2114,2113,2112,2111,2110,2109,2108,2107,2106,2106,2106,2106,2106,2106,2106,2106,2106,2106,2106,2106,2106,2106,2106,2106,2106,2106,2106,2106,2106,2106,2106,2106,2106,2106,2106,2106,2106,2106,2106,2106,2106,2106,2106,2106,2106,2106,2106,2106,2106,2106,2106,2106,2106,2106,2106,2106,2106,2106,2106,2106,2106,2106,2106,2106,2106,2106,2106,2106,2106,2106,2106,2106,2106,2106,2106,2106,2106,2106,2106,2106,2106,2106,2106,2106,2106,2106,2106,2106,2106,2106,2106,2106,2106,
goal:2106,2106,2106,2106,2106,2106,2106,2106,2106,2106,2106,2106,2106,2106,2106,2106,2106,2106,2106,2106,2106,2106,2106,2106,2106,2106,2106,2106,2106,2106,2106,2106,2106,2106,2106,2106,2106,2106,2106,2106,2106,2106,2106,2106,2106,2106,2106,2106,2106,2106,2106,2106,2106,2106,2106,2106,2106,2106,2106,2106,2106,2106,2106,2106,2106,2106,2106,2106,2106,2106,2106,2106,2106,2106,2106,2106,2106,2106,2106,2106,2106,2106,2106,2106,2106,2106,2106,2106,2106,2106,2106,2106,2106,2106,2106,2106,2106,
size:12
[agent] id:12
path:4088,3981,3874,3767,3660,3553,3446,3339,3232,3125,3018,2911,2804,2697,2590,2483,2484,2485,2486,2487,2488,2489,2490,2491,2492,2493,2494,2495,2496,2497,2498,2499,2500,2501,2502,2503,2504,2505,2506,2507,2508,2509,2510,2511,2512,2513,2514,2515,2516,2517,2518,2519,2520,2521,2522,2523,2524,2525,2526,2527,2527,2527,2527,2527,2527,2527,2527,2527,2527,2527,2527,2527,2527,2527,2527,2527,2527,2527,2527,2527,2527,2527,2527,2527,2527,2527,2527,2527,2527,2527,2527,2527,2527,2527,2527,2527,2527,
goal:2527,2527,2527,2527,2527,2527,2527,2527,2527,2527,2527,2527,2527,2527,2527,2527,2527,2527,2527,2527,2527,2527,2527,2527,2527,2527,2527,2527,2527,2527,2527,2527,2527,2527,2527,2527,2527,2527,2527,2527,2527,2527,2527,2527,2527,2527,2527,2527,2527,2527,2527,2527,2527,2527,2527,2527,2527,2527,2527,2527,2527,2527,2527,2527,2527,2527,2527,2527,2527,2527,2527,2527,2527,2527,2527,2527,2527,2527,2527,2527,2527,2527,2527,2527,2527,2527,2527,2527,2527,2527,2527,2527,2527,2527,2527,2527,2527,
size:59
[agent] id:13
path:3250,3249,3248,3247,3246,3245,3244,3137,3030,3029,3028,3027,3026,3025,3024,3131,3238,3345,3344,3343,3342,3341,3340,3447,3554,3661,3768,3875,3982,4089,4196,4197,4198,4199,4200,4200,4200,4200,4200,4200,4200,4200,4200,4200,4200,4200,4200,4200,4200,4200,4200,4200,4200,4200,4200,4200,4200,4200,4200,4200,4200,4200,4200,4200,4200,4200,4200,4200,4200,4200,4200,4200,4200,4200,4200,4200,4200,4200,4200,4200,4200,4200,4200,4200,4200,4200,4200,4200,4200,4200,4200,4200,4200,4200,4200,4200,4200,
goal:4200,4200,4200,4200,4200,4200,4200,4200,4200,4200,4200,4200,4200,4200,4200,4200,4200,4200,4200,4200,4200,4200,4200,4200,4200,4200,4200,4200,4200,4200,4200,4200,4200,4200,4200,4200,4200,4200,4200,4200,4200,4200,4200,4200,4200,4200,4200,4200,4200,4200,4200,4200,4200,4200,4200,4200,4200,4200,4200,4200,4200,4200,4200,4200,4200,4200,4200,4200,4200,4200,4200,4200,4200,4200,4200,4200,4200,4200,4200,4200,4200,4200,4200,4200,4200,4200,4200,4200,4200,4200,4200,4200,4200,4200,4200,4200,4200,
size:34
[agent] id:14
path:2792,2685,2578,2471,2364,2365,2366,2367,2368,2369,2370,2371,2372,2373,2374,2375,2376,2377,2378,2379,2380,2381,2382,2383,2384,2385,2386,2387,2388,2389,2390,2391,2392,2393,2394,2395,2396,2397,2398,2399,2400,2401,2402,2403,2404,2405,2406,2299,2300,2300,2300,2300,2300,2300,2300,2300,2300,2300,2300,2300,2300,2300,2300,2300,2300,2300,2300,2300,2300,2300,2300,2300,2300,2300,2300,2300,2300,2300,2300,2300,2300,2300,2300,2300,2300,2300,2300,2300,2300,2300,2300,2300,2300,2300,2300,2300,2300,
goal:2300,2300,2300,2300,2300,2300,2300,2300,2300,2300,2300,2300,2300,2300,2300,2300,2300,2300,2300,2300,2300,2300,2300,2300,2300,2300,2300,2300,2300,2300,2300,2300,2300,2300,2300,2300,2300,2300,2300,2300,2300,2300,2300,2300,2300,2300,2300,2300,2300,2300,2300,2300,2300,2300,2300,2300,2300,2300,2300,2300,2300,2300,2300,2300,2300,2300,2300,2300,2300,2300,2300,2300,2300,2300,2300,2300,2300,2300,2300,2300,2300,2300,2300,2300,2300,2300,2300,2300,2300,2300,2300,2300,2300,2300,2300,2300,2300,
size:48
[agent] id:15
path:2111,2004,2003,2002,2001,2000,1999,1998,1997,1996,1995,1994,1993,1992,1991,1990,1989,1988,1987,1986,1985,1984,1983,1982,1981,1980,1979,1978,1977,1976,1975,1974,1973,1972,1971,1970,1969,1968,1967,1966,1965,1964,1963,1962,1961,1960,1959,1958,1957,1956,1955,1954,1847,1846,1845,1844,1843,1842,1735,1628,1521,1414,1307,1200,1093,986,879,880,881,882,883,884,885,885,885,885,885,885,885,885,885,885,885,885,885,885,885,885,885,885,885,885,885,885,885,885,885,
goal:885,885,885,885,885,885,885,885,885,885,885,885,885,885,885,885,885,885,885,885,885,885,885,885,885,885,885,885,885,885,885,885,885,885,885,885,885,885,885,885,885,885,885,885,885,885,885,885,885,885,885,885,885,885,885,885,885,885,885,885,885,885,885,885,885,885,885,885,885,885,885,885,885,885,885,885,885,885,885,885,885,885,885,885,885,885,885,885,885,885,885,885,885,885,885,885,885,
size:72
[agent] id:16
path:3598,3599,3600,3601,3494,3387,3280,3173,3066,2959,2852,2853,2854,2855,2856,2857,2858,2859,2860,2861,2862,2863,2864,2865,2866,2867,2868,2869,2870,2871,2872,2872,2872,2872,2872,2872,2872,2872,2872,2872,2872,2872,2872,2872,2872,2872,2872,2872,2872,2872,2872,2872,2872,2872,2872,2872,2872,2872,2872,2872,2872,2872,2872,2872,2872,2872,2872,2872,2872,2872,2872,2872,2872,2872,2872,2872,2872,2872,2872,2872,2872,2872,2872,2872,2872,2872,2872,2872,2872,2872,2872,2872,2872,2872,2872,2872,2872,
goal:2872,2872,2872,2872,2872,2872,2872,2872,2872,2872,2872,2872,2872,2872,2872,2872,2872,2872,2872,2872,2872,2872,2872,2872,2872,2872,2872,2872,2872,2872,2872,2872,2872,2872,2872,2872,2872,2872,2872,2872,2872,2872,2872,2872,2872,2872,2872,2872,2872,2872,2872,2872,2872,2872,2872,2872,2872,2872,2872,2872,2872,2872,2872,2872,2872,2872,2872,2872,2872,2872,2872,2872,2872,2872,2872,2872,2872,2872,2872,2872,2872,2872,2872,2872,2872,2872,2872,2872,2872,2872,2872,2872,2872,2872,2872,2872,2872,
size:30
[agent] id:17
path:2287,2180,2181,2074,2075,2076,2077,2078,2079,2080,2081,2082,2083,2084,2084,2084,2084,2084,2084,2084,2084,2084,2084,2084,2084,2084,2084,2084,2084,2084,2084,2084,2084,2084,2084,2084,2084,2084,2084,2084,2084,2084,2084,2084,2084,2084,2084,2084,2084,2084,2084,2084,2084,2084,2084,2084,2084,2084,2084,2084,2084,2084,2084,2084,2084,2084,2084,2084,2084,2084,2084,2084,2084,2084,2084,2084,2084,2084,2084,2084,2084,2084,2084,2084,2084,2084,2084,2084,2084,2084,2084,2084,2084,2084,2084,2084,2084,
goal:2084,2084,2084,2084,2084,2084,2084,2084,2084,2084,2084,2084,2084,2084,2084,2084,2084,2084,2084,2084,2084,2084,2084,2084,2084,2084,2084,2084,2084,2084,2084,2084,2084,2084,2084,2084,2084,2084,2084,2084,2084,2084,2084,2084,2084,2084,2084,2084,2084,2084,2084,2084,2084,2084,2084,2084,2084,2084,2084,2084,2084,2084,2084,2084,2084,2084,2084,2084,2084,2084,2084,2084,2084,2084,2084,2084,2084,2084,2084,2084,2084,2084,2084,2084,2084,2084,2084,2084,2084,2084,2084,2084,2084,2084,2084,2084,2084,
size:13
[agent] id:18
path:2585,2692,2799,2906,3013,3014,3121,3228,3335,3336,3337,3338,3339,3446,3553,3660,3767,3874,3873,3872,3871,3870,3870,3870,3870,3870,3870,3870,3870,3870,3870,3870,3870,3870,3870,3870,3870,3870,3870,3870,3870,3870,3870,3870,3870,3870,3870,3870,3870,3870,3870,3870,3870,3870,3870,3870,3870,3870,3870,3870,3870,3870,3870,3870,3870,3870,3870,3870,3870,3870,3870,3870,3870,3870,3870,3870,3870,3870,3870,3870,3870,3870,3870,3870,3870,3870,3870,3870,3870,3870,3870,3870,3870,3870,3870,3870,3870,
goal:3870,3870,3870,3870,3870,3870,3870,3870,3870,3870,3870,3870,3870,3870,3870,3870,3870,3870,3870,3870,3870,3870,3870,3870,3870,3870,3870,3870,3870,3870,3870,3870,3870,3870,3870,3870,3870,3870,3870,3870,3870,3870,3870,3870,3870,3870,3870,3870,3870,3870,3870,3870,3870,3870,3870,3870,3870,3870,3870,3870,3870,3870,3870,3870,3870,3870,3870,3870,3870,3870,3870,3870,3870,3870,3870,3870,3870,3870,3870,3870,3870,3870,3870,3870,3870,3870,3870,3870,3870,3870,3870,3870,3870,3870,3870,3870,3870,
size:21
[agent] id:19
path:983,1090,1197,1304,1411,1412,1413,1520,1627,1734,1841,1948,2055,2162,2269,2376,2483,2590,2697,2696,2695,2694,2693,2692,2692,2692,2692,2692,2692,2692,2692,2692,2692,2692,2692,2692,2692,2692,2692,2692,2692,2692,2692,2692,2692,2692,2692,2692,2692,2692,2692,2692,2692,2692,2692,2692,2692,2692,2692,2692,2692,2692,2692,2692,2692,2692,2692,2692,2692,2692,2692,2692,2692,2692,2692,2692,2692,2692,2692,2692,2692,2692,2692,2692,2692,2692,2692,2692,2692,2692,2692,2692,2692,2692,2692,2692,2692,
goal:2692,2692,2692,2692,2692,2692,2692,2692,2692,2692,2692,2692,2692,2692,2692,2692,2692,2692,2692,2692,2692,2692,2692,2692,2692,2692,2692,2692,2692,2692,2692,2692,2692,2692,2692,2692,2692,2692,2692,2692,2692,2692,2692,2692,2692,2692,2692,2692,2692,2692,2692,2692,2692,2692,2692,2692,2692,2692,2692,2692,2692,2692,2692,2692,2692,2692,2692,2692,2692,2692,2692,2692,2692,2692,2692,2692,2692,2692,2692,2692,2692,2692,2692,2692,2692,2692,2692,2692,2692,2692,2692,2692,2692,2692,2692,2692,2692,
size:23
SolutionCost:755
