[setting] seed:67
[solver] type:ECBS
[solver] w:3.000000
[solver] ID:0
[solver] Lowlevelnode:21397
[solver] solved:1
[solver] elapsed:165
[solver] makespan:89
[problem] timesteplimit:10000
[problem] type:MAPF
[problem] agentnum:30
[graph] width:107
[graph] height:47
[graph] filename:./map/orz601d.map
[task] id:1,start:0,end:0,service time:0,nodes:2151,
[task] id:29,start:0,end:0,service time:0,nodes:2298,
[task] id:9,start:0,end:0,service time:0,nodes:2537,
[task] id:0,start:0,end:0,service time:0,nodes:2587,
[task] id:15,start:0,end:0,service time:0,nodes:2968,
[task] id:18,start:0,end:0,service time:0,nodes:2865,
[task] id:12,start:0,end:0,service time:0,nodes:2486,
[task] id:22,start:0,end:0,service time:0,nodes:2914,
[task] id:10,start:0,end:0,service time:0,nodes:1651,
[task] id:4,start:0,end:0,service time:0,nodes:2623,
[task] id:2,start:0,end:0,service time:0,nodes:2975,
[task] id:19,start:0,end:0,service time:0,nodes:903,
[task] id:23,start:0,end:0,service time:0,nodes:497,
[task] id:25,start:0,end:0,service time:0,nodes:2224,
[task] id:16,start:0,end:0,service time:0,nodes:2827,
[task] id:8,start:0,end:0,service time:0,nodes:2657,
[task] id:28,start:0,end:0,service time:0,nodes:2095,
[task] id:11,start:0,end:0,service time:0,nodes:3027,
[task] id:20,start:0,end:0,service time:0,nodes:687,
[task] id:17,start:0,end:0,service time:0,nodes:1931,
[task] id:6,start:0,end:0,service time:0,nodes:801,
[task] id:27,start:0,end:0,service time:0,nodes:2836,
[task] id:13,start:0,end:0,service time:0,nodes:3303,
[task] id:26,start:0,end:0,service time:0,nodes:2653,
[task] id:3,start:0,end:0,service time:0,nodes:3110,
[task] id:24,start:0,end:0,service time:0,nodes:2214,
[task] id:5,start:0,end:0,service time:0,nodes:659,
[task] id:21,start:0,end:0,service time:0,nodes:3987,
[task] id:14,start:0,end:0,service time:0,nodes:928,
[task] id:7,start:0,end:0,service time:0,nodes:2795,
[agent] id:0
path:2489,2596,2595,2594,2593,2592,2591,2590,2589,2588,2587,2587,2587,2587,2587,2587,2587,2587,2587,2587,2587,2587,2587,2587,2587,2587,2587,2587,2587,2587,2587,2587,2587,2587,2587,2587,2587,2587,2587,2587,2587,2587,2587,2587,2587,2587,2587,2587,2587,2587,2587,2587,2587,2587,2587,2587,2587,2587,2587,2587,2587,2587,2587,2587,2587,2587,2587,2587,2587,2587,2587,2587,2587,2587,2587,2587,2587,2587,2587,2587,2587,2587,2587,2587,2587,2587,2587,2587,2587,2587,
goal:2587,2587,2587,2587,2587,2587,2587,2587,2587,2587,2587,2587,2587,2587,2587,2587,2587,2587,2587,2587,2587,2587,2587,2587,2587,2587,2587,2587,2587,2587,2587,2587,2587,2587,2587,2587,2587,2587,2587,2587,2587,2587,2587,2587,2587,2587,2587,2587,2587,2587,2587,2587,2587,2587,2587,2587,2587,2587,2587,2587,2587,2587,2587,2587,2587,2587,2587,2587,2587,2587,2587,2587,2587,2587,2587,2587,2587,2587,2587,2587,2587,2587,2587,2587,2587,2587,2587,2587,2587,2587,
size:10
[agent] id:1
path:1831,1938,2045,2152,2151,2151,2151,2151,2151,2151,2151,2151,2151,2151,2151,2151,2151,2151,2151,2151,2151,2151,2151,2151,2151,2151,2151,2151,2151,2151,2151,2151,2151,2151,2151,2151,2151,2151,2151,2151,2151,2151,2151,2151,2151,2151,2151,2151,2151,2151,2151,2151,2151,2151,2151,2151,2151,2151,2151,2151,2151,2151,2151,2151,2151,2151,2151,2151,2151,2151,2151,2151,2151,2151,2151,2151,2151,2151,2151,2151,2151,2151,2151,2151,2151,2151,2151,2151,2151,2151,
goal:2151,2151,2151,2151,2151,2151,2151,2151,2151,2151,2151,2151,2151,2151,2151,2151,2151,2151,2151,2151,2151,2151,2151,2151,2151,2151,2151,2151,2151,2151,2151,2151,2151,2151,2151,2151,2151,2151,2151,2151,2151,2151,2151,2151,2151,2151,2151,2151,2151,2151,2151,2151,2151,2151,2151,2151,2151,2151,2151,2151,2151,2151,2151,2151,2151,2151,2151,2151,2151,2151,2151,2151,2151,2151,2151,2151,2151,2151,2151,2151,2151,2151,2151,2151,2151,2151,2151,2151,2151,2151,
size:4
[agent] id:2
path:4238,4131,4132,4133,4134,4135,4136,4137,4030,3923,3816,3709,3602,3495,3388,3281,3174,3067,3068,3069,3070,3071,3072,3073,3074,3075,3076,2969,2970,2971,2972,2973,2974,2975,2975,2975,2975,2975,2975,2975,2975,2975,2975,2975,2975,2975,2975,2975,2975,2975,2975,2975,2975,2975,2975,2975,2975,2975,2975,2975,2975,2975,2975,2975,2975,2975,2975,2975,2975,2975,2975,2975,2975,2975,2975,2975,2975,2975,2975,2975,2975,2975,2975,2975,2975,2975,2975,2975,2975,2975,
goal:2975,2975,2975,2975,2975,2975,2975,2975,2975,2975,2975,2975,2975,2975,2975,2975,2975,2975,2975,2975,2975,2975,2975,2975,2975,2975,2975,2975,2975,2975,2975,2975,2975,2975,2975,2975,2975,2975,2975,2975,2975,2975,2975,2975,2975,2975,2975,2975,2975,2975,2975,2975,2975,2975,2975,2975,2975,2975,2975,2975,2975,2975,2975,2975,2975,2975,2975,2975,2975,2975,2975,2975,2975,2975,2975,2975,2975,2975,2975,2975,2975,2975,2975,2975,2975,2975,2975,2975,2975,2975,
size:33
[agent] id:3
path:1219,1326,1433,1434,1435,1436,1437,1544,1651,1758,1865,1972,2079,2186,2293,2400,2399,2398,2397,2396,2395,2394,2393,2392,2391,2390,2389,2388,2387,2386,2385,2384,2383,2382,2381,2380,2379,2378,2485,2484,2483,2482,2481,2480,2479,2478,2477,2476,2475,2474,2581,2688,2795,2902,3009,3008,3115,3114,3113,3112,3111,3110,3110,3110,3110,3110,3110,3110,3110,3110,3110,3110,3110,3110,3110,3110,3110,3110,3110,3110,3110,3110,3110,3110,3110,3110,3110,3110,3110,3110,
goal:3110,3110,3110,3110,3110,3110,3110,3110,3110,3110,3110,3110,3110,3110,3110,3110,3110,3110,3110,3110,3110,3110,3110,3110,3110,3110,3110,3110,3110,3110,3110,3110,3110,3110,3110,3110,3110,3110,3110,3110,3110,3110,3110,3110,3110,3110,3110,3110,3110,3110,3110,3110,3110,3110,3110,3110,3110,3110,3110,3110,3110,3110,3110,3110,3110,3110,3110,3110,3110,3110,3110,3110,3110,3110,3110,3110,3110,3110,3110,3110,3110,3110,3110,3110,3110,3110,3110,3110,3110,3110,
size:61
[agent] id:4
path:3812,3705,3598,3599,3599,3600,3601,3494,3387,3280,3173,3066,2959,2852,2745,2744,2743,2742,2741,2740,2739,2738,2737,2736,2735,2734,2733,2732,2731,2730,2623,2623,2623,2623,2623,2623,2623,2623,2623,2623,2623,2623,2623,2623,2623,2623,2623,2623,2623,2623,2623,2623,2623,2623,2623,2623,2623,2623,2623,2623,2623,2623,2623,2623,2623,2623,2623,2623,2623,2623,2623,2623,2623,2623,2623,2623,2623,2623,2623,2623,2623,2623,2623,2623,2623,2623,2623,2623,2623,2623,
goal:2623,2623,2623,2623,2623,2623,2623,2623,2623,2623,2623,2623,2623,2623,2623,2623,2623,2623,2623,2623,2623,2623,2623,2623,2623,2623,2623,2623,2623,2623,2623,2623,2623,2623,2623,2623,2623,2623,2623,2623,2623,2623,2623,2623,2623,2623,2623,2623,2623,2623,2623,2623,2623,2623,2623,2623,2623,2623,2623,2623,2623,2623,2623,2623,2623,2623,2623,2623,2623,2623,2623,2623,2623,2623,2623,2623,2623,2623,2623,2623,2623,2623,2623,2623,2623,2623,2623,2623,2623,2623,
size:30
[agent] id:5
path:2538,2431,2324,2217,2110,2003,2002,2001,2000,1999,1998,1997,1996,1995,1994,1993,1992,1991,1990,1989,1988,1987,1986,1985,1984,1983,1982,1981,1980,1979,1978,1977,1976,1975,1974,1973,1972,1971,1970,1969,1968,1967,1966,1965,1964,1963,1962,1961,1960,1959,1958,1957,1956,1955,1954,1847,1846,1845,1844,1843,1842,1735,1628,1521,1414,1307,1200,1093,986,879,772,665,664,663,662,661,660,659,659,659,659,659,659,659,659,659,659,659,659,659,
goal:659,659,659,659,659,659,659,659,659,659,659,659,659,659,659,659,659,659,659,659,659,659,659,659,659,659,659,659,659,659,659,659,659,659,659,659,659,659,659,659,659,659,659,659,659,659,659,659,659,659,659,659,659,659,659,659,659,659,659,659,659,659,659,659,659,659,659,659,659,659,659,659,659,659,659,659,659,659,659,659,659,659,659,659,659,659,659,659,659,659,
size:77
[agent] id:6
path:3235,3128,3021,2914,2807,2700,2593,2486,2379,2272,2165,2058,1951,1952,1953,1954,1955,1956,1957,1958,1959,1960,1961,1962,1963,1964,1965,1966,1967,1860,1861,1862,1863,1864,1865,1758,1759,1652,1545,1438,1331,1224,1117,1010,1011,904,797,798,799,800,801,801,801,801,801,801,801,801,801,801,801,801,801,801,801,801,801,801,801,801,801,801,801,801,801,801,801,801,801,801,801,801,801,801,801,801,801,801,801,801,
goal:801,801,801,801,801,801,801,801,801,801,801,801,801,801,801,801,801,801,801,801,801,801,801,801,801,801,801,801,801,801,801,801,801,801,801,801,801,801,801,801,801,801,801,801,801,801,801,801,801,801,801,801,801,801,801,801,801,801,801,801,801,801,801,801,801,801,801,801,801,801,801,801,801,801,801,801,801,801,801,801,801,801,801,801,801,801,801,801,801,801,
size:50
[agent] id:7
path:2452,2451,2450,2449,2448,2447,2446,2445,2444,2443,2442,2441,2440,2439,2438,2437,2436,2435,2434,2433,2432,2431,2430,2429,2428,2427,2426,2425,2424,2423,2422,2421,2420,2419,2418,2417,2416,2415,2414,2413,2412,2411,2410,2409,2408,2407,2406,2405,2404,2403,2402,2401,2400,2399,2398,2397,2396,2395,2394,2393,2392,2391,2390,2389,2388,2387,2386,2385,2384,2383,2382,2381,2380,2379,2378,2485,2484,2483,2482,2481,2480,2479,2478,2477,2476,2475,2474,2581,2688,2795,
goal:2795,2795,2795,2795,2795,2795,2795,2795,2795,2795,2795,2795,2795,2795,2795,2795,2795,2795,2795,2795,2795,2795,2795,2795,2795,2795,2795,2795,2795,2795,2795,2795,2795,2795,2795,2795,2795,2795,2795,2795,2795,2795,2795,2795,2795,2795,2795,2795,2795,2795,2795,2795,2795,2795,2795,2795,2795,2795,2795,2795,2795,2795,2795,2795,2795,2795,2795,2795,2795,2795,2795,2795,2795,2795,2795,2795,2795,2795,2795,2795,2795,2795,2795,2795,2795,2795,2795,2795,2795,2795,
size:89
[agent] id:8
path:2725,2618,2619,2620,2621,2622,2623,2624,2625,2626,2627,2628,2629,2630,2631,2632,2633,2634,2635,2636,2637,2638,2639,2640,2641,2642,2643,2644,2645,2646,2647,2648,2649,2650,2651,2652,2653,2654,2655,2656,2657,2657,2657,2657,2657,2657,2657,2657,2657,2657,2657,2657,2657,2657,2657,2657,2657,2657,2657,2657,2657,2657,2657,2657,2657,2657,2657,2657,2657,2657,2657,2657,2657,2657,2657,2657,2657,2657,2657,2657,2657,2657,2657,2657,2657,2657,2657,2657,2657,2657,
goal:2657,2657,2657,2657,2657,2657,2657,2657,2657,2657,2657,2657,2657,2657,2657,2657,2657,2657,2657,2657,2657,2657,2657,2657,2657,2657,2657,2657,2657,2657,2657,2657,2657,2657,2657,2657,2657,2657,2657,2657,2657,2657,2657,2657,2657,2657,2657,2657,2657,2657,2657,2657,2657,2657,2657,2657,2657,2657,2657,2657,2657,2657,2657,2657,2657,2657,2657,2657,2657,2657,2657,2657,2657,2657,2657,2657,2657,2657,2657,2657,2657,2657,2657,2657,2657,2657,2657,2657,2657,2657,
size:40
[agent] id:9
path:2111,2218,2325,2432,2539,2538,2537,2537,2537,2537,2537,2537,2537,2537,2537,2537,2537,2537,2537,2537,2537,2537,2537,2537,2537,2537,2537,2537,2537,2537,2537,2537,2537,2537,2537,2537,2537,2537,2537,2537,2537,2537,2537,2537,2537,2537,2537,2537,2537,2537,2537,2537,2537,2537,2537,2537,2537,2537,2537,2537,2537,2537,2537,2537,2537,2537,2537,2537,2537,2537,2537,2537,2537,2537,2537,2537,2537,2537,2537,2537,2537,2537,2537,2537,2537,2537,2537,2537,2537,2537,
goal:2537,2537,2537,2537,2537,2537,2537,2537,2537,2537,2537,2537,2537,2537,2537,2537,2537,2537,2537,2537,2537,2537,2537,2537,2537,2537,2537,2537,2537,2537,2537,2537,2537,2537,2537,2537,2537,2537,2537,2537,2537,2537,2537,2537,2537,2537,2537,2537,2537,2537,2537,2537,2537,2537,2537,2537,2537,2537,2537,2537,2537,2537,2537,2537,2537,2537,2537,2537,2537,2537,2537,2537,2537,2537,2537,2537,2537,2537,2537,2537,2537,2537,2537,2537,2537,2537,2537,2537,2537,2537,
size:6
[agent] id:10
path:3270,3163,3056,2949,2842,2735,2628,2521,2414,2307,2200,2093,1986,1985,1984,1983,1982,1981,1980,1979,1978,1871,1870,1869,1868,1867,1866,1759,1652,1651,1651,1651,1651,1651,1651,1651,1651,1651,1651,1651,1651,1651,1651,1651,1651,1651,1651,1651,1651,1651,1651,1651,1651,1651,1651,1651,1651,1651,1651,1651,1651,1651,1651,1651,1651,1651,1651,1651,1651,1651,1651,1651,1651,1651,1651,1651,1651,1651,1651,1651,1651,1651,1651,1651,1651,1651,1651,1651,1651,1651,
goal:1651,1651,1651,1651,1651,1651,1651,1651,1651,1651,1651,1651,1651,1651,1651,1651,1651,1651,1651,1651,1651,1651,1651,1651,1651,1651,1651,1651,1651,1651,1651,1651,1651,1651,1651,1651,1651,1651,1651,1651,1651,1651,1651,1651,1651,1651,1651,1651,1651,1651,1651,1651,1651,1651,1651,1651,1651,1651,1651,1651,1651,1651,1651,1651,1651,1651,1651,1651,1651,1651,1651,1651,1651,1651,1651,1651,1651,1651,1651,1651,1651,1651,1651,1651,1651,1651,1651,1651,1651,1651,
size:29
[agent] id:11
path:2640,2747,2854,2961,3068,3067,3066,3065,3064,3063,3062,3061,3060,3059,3058,3057,3056,3055,3054,3053,3052,3051,3050,3049,3048,3047,3046,3045,3044,3043,3042,3041,3040,3039,3038,3037,3036,3035,3034,3033,3032,3031,3030,3029,3028,3027,3027,3027,3027,3027,3027,3027,3027,3027,3027,3027,3027,3027,3027,3027,3027,3027,3027,3027,3027,3027,3027,3027,3027,3027,3027,3027,3027,3027,3027,3027,3027,3027,3027,3027,3027,3027,3027,3027,3027,3027,3027,3027,3027,3027,
goal:3027,3027,3027,3027,3027,3027,3027,3027,3027,3027,3027,3027,3027,3027,3027,3027,3027,3027,3027,3027,3027,3027,3027,3027,3027,3027,3027,3027,3027,3027,3027,3027,3027,3027,3027,3027,3027,3027,3027,3027,3027,3027,3027,3027,3027,3027,3027,3027,3027,3027,3027,3027,3027,3027,3027,3027,3027,3027,3027,3027,3027,3027,3027,3027,3027,3027,3027,3027,3027,3027,3027,3027,3027,3027,3027,3027,3027,3027,3027,3027,3027,3027,3027,3027,3027,3027,3027,3027,3027,3027,
size:45
[agent] id:12
path:2619,2512,2511,2510,2509,2508,2507,2506,2505,2504,2503,2502,2501,2500,2499,2498,2497,2496,2495,2494,2493,2492,2491,2490,2489,2488,2487,2486,2486,2486,2486,2486,2486,2486,2486,2486,2486,2486,2486,2486,2486,2486,2486,2486,2486,2486,2486,2486,2486,2486,2486,2486,2486,2486,2486,2486,2486,2486,2486,2486,2486,2486,2486,2486,2486,2486,2486,2486,2486,2486,2486,2486,2486,2486,2486,2486,2486,2486,2486,2486,2486,2486,2486,2486,2486,2486,2486,2486,2486,2486,
goal:2486,2486,2486,2486,2486,2486,2486,2486,2486,2486,2486,2486,2486,2486,2486,2486,2486,2486,2486,2486,2486,2486,2486,2486,2486,2486,2486,2486,2486,2486,2486,2486,2486,2486,2486,2486,2486,2486,2486,2486,2486,2486,2486,2486,2486,2486,2486,2486,2486,2486,2486,2486,2486,2486,2486,2486,2486,2486,2486,2486,2486,2486,2486,2486,2486,2486,2486,2486,2486,2486,2486,2486,2486,2486,2486,2486,2486,2486,2486,2486,2486,2486,2486,2486,2486,2486,2486,2486,2486,2486,
size:27
[agent] id:13
path:2398,2505,2612,2613,2720,2827,2934,2935,2936,2937,2938,2939,2940,2941,2942,2943,2944,2945,2946,2947,2948,2949,2950,2951,2952,3059,3060,3061,3062,3063,3064,3065,3066,3067,3068,3069,3070,3071,3072,3073,3074,3075,3076,3077,3078,3079,3080,3081,3082,3083,3084,3085,3086,3193,3300,3301,3302,3303,3303,3303,3303,3303,3303,3303,3303,3303,3303,3303,3303,3303,3303,3303,3303,3303,3303,3303,3303,3303,3303,3303,3303,3303,3303,3303,3303,3303,3303,3303,3303,3303,
goal:3303,3303,3303,3303,3303,3303,3303,3303,3303,3303,3303,3303,3303,3303,3303,3303,3303,3303,3303,3303,3303,3303,3303,3303,3303,3303,3303,3303,3303,3303,3303,3303,3303,3303,3303,3303,3303,3303,3303,3303,3303,3303,3303,3303,3303,3303,3303,3303,3303,3303,3303,3303,3303,3303,3303,3303,3303,3303,3303,3303,3303,3303,3303,3303,3303,3303,3303,3303,3303,3303,3303,3303,3303,3303,3303,3303,3303,3303,3303,3303,3303,3303,3303,3303,3303,3303,3303,3303,3303,3303,
size:57
[agent] id:14
path:3882,3775,3774,3773,3772,3771,3770,3769,3768,3661,3554,3447,3340,3233,3126,3019,2912,2805,2698,2591,2592,2593,2594,2595,2596,2597,2598,2599,2600,2601,2602,2495,2496,2497,2498,2499,2500,2501,2502,2503,2504,2505,2506,2507,2508,2509,2510,2511,2512,2405,2406,2299,2300,2301,2302,2303,2304,2305,2306,2307,2308,2309,2310,2311,2312,2313,2314,2315,2316,2317,2318,2318,2211,2104,1997,1890,1783,1676,1569,1462,1355,1248,1141,1034,927,928,928,928,928,928,
goal:928,928,928,928,928,928,928,928,928,928,928,928,928,928,928,928,928,928,928,928,928,928,928,928,928,928,928,928,928,928,928,928,928,928,928,928,928,928,928,928,928,928,928,928,928,928,928,928,928,928,928,928,928,928,928,928,928,928,928,928,928,928,928,928,928,928,928,928,928,928,928,928,928,928,928,928,928,928,928,928,928,928,928,928,928,928,928,928,928,928,
size:85
[agent] id:15
path:3714,3607,3606,3605,3604,3603,3602,3495,3388,3281,3174,3067,2960,2961,2962,2963,2964,2965,2966,2967,2968,2968,2968,2968,2968,2968,2968,2968,2968,2968,2968,2968,2968,2968,2968,2968,2968,2968,2968,2968,2968,2968,2968,2968,2968,2968,2968,2968,2968,2968,2968,2968,2968,2968,2968,2968,2968,2968,2968,2968,2968,2968,2968,2968,2968,2968,2968,2968,2968,2968,2968,2968,2968,2968,2968,2968,2968,2968,2968,2968,2968,2968,2968,2968,2968,2968,2968,2968,2968,2968,
goal:2968,2968,2968,2968,2968,2968,2968,2968,2968,2968,2968,2968,2968,2968,2968,2968,2968,2968,2968,2968,2968,2968,2968,2968,2968,2968,2968,2968,2968,2968,2968,2968,2968,2968,2968,2968,2968,2968,2968,2968,2968,2968,2968,2968,2968,2968,2968,2968,2968,2968,2968,2968,2968,2968,2968,2968,2968,2968,2968,2968,2968,2968,2968,2968,2968,2968,2968,2968,2968,2968,2968,2968,2968,2968,2968,2968,2968,2968,2968,2968,2968,2968,2968,2968,2968,2968,2968,2968,2968,2968,
size:20
[agent] id:16
path:4028,3921,3814,3707,3600,3601,3494,3387,3280,3173,3066,2959,2852,2851,2850,2849,2848,2847,2846,2845,2844,2843,2842,2841,2840,2839,2838,2837,2836,2835,2834,2833,2832,2831,2830,2829,2828,2827,2827,2827,2827,2827,2827,2827,2827,2827,2827,2827,2827,2827,2827,2827,2827,2827,2827,2827,2827,2827,2827,2827,2827,2827,2827,2827,2827,2827,2827,2827,2827,2827,2827,2827,2827,2827,2827,2827,2827,2827,2827,2827,2827,2827,2827,2827,2827,2827,2827,2827,2827,2827,
goal:2827,2827,2827,2827,2827,2827,2827,2827,2827,2827,2827,2827,2827,2827,2827,2827,2827,2827,2827,2827,2827,2827,2827,2827,2827,2827,2827,2827,2827,2827,2827,2827,2827,2827,2827,2827,2827,2827,2827,2827,2827,2827,2827,2827,2827,2827,2827,2827,2827,2827,2827,2827,2827,2827,2827,2827,2827,2827,2827,2827,2827,2827,2827,2827,2827,2827,2827,2827,2827,2827,2827,2827,2827,2827,2827,2827,2827,2827,2827,2827,2827,2827,2827,2827,2827,2827,2827,2827,2827,2827,
size:37
[agent] id:17
path:2933,2826,2719,2612,2505,2398,2397,2396,2395,2394,2393,2392,2391,2390,2389,2388,2387,2386,2385,2384,2383,2382,2381,2380,2379,2378,2377,2376,2375,2374,2373,2372,2371,2370,2369,2368,2367,2260,2153,2046,1939,1938,1937,1936,1935,1934,1933,1932,1931,1931,1931,1931,1931,1931,1931,1931,1931,1931,1931,1931,1931,1931,1931,1931,1931,1931,1931,1931,1931,1931,1931,1931,1931,1931,1931,1931,1931,1931,1931,1931,1931,1931,1931,1931,1931,1931,1931,1931,1931,1931,
goal:1931,1931,1931,1931,1931,1931,1931,1931,1931,1931,1931,1931,1931,1931,1931,1931,1931,1931,1931,1931,1931,1931,1931,1931,1931,1931,1931,1931,1931,1931,1931,1931,1931,1931,1931,1931,1931,1931,1931,1931,1931,1931,1931,1931,1931,1931,1931,1931,1931,1931,1931,1931,1931,1931,1931,1931,1931,1931,1931,1931,1931,1931,1931,1931,1931,1931,1931,1931,1931,1931,1931,1931,1931,1931,1931,1931,1931,1931,1931,1931,1931,1931,1931,1931,1931,1931,1931,1931,1931,1931,
size:48
[agent] id:18
path:3607,3606,3605,3604,3603,3602,3495,3388,3281,3174,3067,2960,2853,2854,2855,2856,2857,2858,2859,2860,2861,2862,2863,2864,2865,2865,2865,2865,2865,2865,2865,2865,2865,2865,2865,2865,2865,2865,2865,2865,2865,2865,2865,2865,2865,2865,2865,2865,2865,2865,2865,2865,2865,2865,2865,2865,2865,2865,2865,2865,2865,2865,2865,2865,2865,2865,2865,2865,2865,2865,2865,2865,2865,2865,2865,2865,2865,2865,2865,2865,2865,2865,2865,2865,2865,2865,2865,2865,2865,2865,
goal:2865,2865,2865,2865,2865,2865,2865,2865,2865,2865,2865,2865,2865,2865,2865,2865,2865,2865,2865,2865,2865,2865,2865,2865,2865,2865,2865,2865,2865,2865,2865,2865,2865,2865,2865,2865,2865,2865,2865,2865,2865,2865,2865,2865,2865,2865,2865,2865,2865,2865,2865,2865,2865,2865,2865,2865,2865,2865,2865,2865,2865,2865,2865,2865,2865,2865,2865,2865,2865,2865,2865,2865,2865,2865,2865,2865,2865,2865,2865,2865,2865,2865,2865,2865,2865,2865,2865,2865,2865,2865,
size:24
[agent] id:19
path:3162,3055,2948,2841,2734,2627,2520,2413,2306,2199,2092,1985,1984,1983,1982,1981,1980,1979,1978,1871,1870,1869,1868,1867,1866,1759,1652,1545,1438,1331,1224,1117,1010,903,903,903,903,903,903,903,903,903,903,903,903,903,903,903,903,903,903,903,903,903,903,903,903,903,903,903,903,903,903,903,903,903,903,903,903,903,903,903,903,903,903,903,903,903,903,903,903,903,903,903,903,903,903,903,903,903,
goal:903,903,903,903,903,903,903,903,903,903,903,903,903,903,903,903,903,903,903,903,903,903,903,903,903,903,903,903,903,903,903,903,903,903,903,903,903,903,903,903,903,903,903,903,903,903,903,903,903,903,903,903,903,903,903,903,903,903,903,903,903,903,903,903,903,903,903,903,903,903,903,903,903,903,903,903,903,903,903,903,903,903,903,903,903,903,903,903,903,903,
size:33
[agent] id:20
path:2590,2483,2376,2269,2162,2055,1948,1949,1950,1951,1952,1953,1954,1955,1956,1957,1958,1959,1960,1961,1962,1963,1964,1965,1966,1967,1860,1861,1862,1863,1864,1865,1758,1759,1652,1545,1438,1331,1224,1117,1010,1009,902,795,688,687,687,687,687,687,687,687,687,687,687,687,687,687,687,687,687,687,687,687,687,687,687,687,687,687,687,687,687,687,687,687,687,687,687,687,687,687,687,687,687,687,687,687,687,687,
goal:687,687,687,687,687,687,687,687,687,687,687,687,687,687,687,687,687,687,687,687,687,687,687,687,687,687,687,687,687,687,687,687,687,687,687,687,687,687,687,687,687,687,687,687,687,687,687,687,687,687,687,687,687,687,687,687,687,687,687,687,687,687,687,687,687,687,687,687,687,687,687,687,687,687,687,687,687,687,687,687,687,687,687,687,687,687,687,687,687,687,
size:45
[agent] id:21
path:4460,4353,4246,4139,4032,3925,3818,3711,3710,3709,3708,3601,3494,3387,3280,3173,3066,3065,3064,3063,3062,3061,3060,3059,3058,3057,3056,3055,3054,3053,3052,3051,3050,3049,3048,3047,3046,3045,3044,3043,3042,3041,3040,3039,3038,3037,3036,3035,3034,3033,3032,3031,3030,3029,3028,2921,2920,2919,3026,3025,3024,3131,3238,3345,3344,3343,3342,3341,3340,3447,3554,3661,3768,3875,3982,3983,3984,3985,3986,3987,3987,3987,3987,3987,3987,3987,3987,3987,3987,3987,
goal:3987,3987,3987,3987,3987,3987,3987,3987,3987,3987,3987,3987,3987,3987,3987,3987,3987,3987,3987,3987,3987,3987,3987,3987,3987,3987,3987,3987,3987,3987,3987,3987,3987,3987,3987,3987,3987,3987,3987,3987,3987,3987,3987,3987,3987,3987,3987,3987,3987,3987,3987,3987,3987,3987,3987,3987,3987,3987,3987,3987,3987,3987,3987,3987,3987,3987,3987,3987,3987,3987,3987,3987,3987,3987,3987,3987,3987,3987,3987,3987,3987,3987,3987,3987,3987,3987,3987,3987,3987,3987,
size:79
[agent] id:22
path:1826,1933,2040,2147,2254,2361,2468,2469,2470,2471,2472,2473,2474,2475,2476,2477,2478,2585,2692,2799,2906,2907,2908,2909,2910,2911,2912,2913,2914,2914,2914,2914,2914,2914,2914,2914,2914,2914,2914,2914,2914,2914,2914,2914,2914,2914,2914,2914,2914,2914,2914,2914,2914,2914,2914,2914,2914,2914,2914,2914,2914,2914,2914,2914,2914,2914,2914,2914,2914,2914,2914,2914,2914,2914,2914,2914,2914,2914,2914,2914,2914,2914,2914,2914,2914,2914,2914,2914,2914,2914,
goal:2914,2914,2914,2914,2914,2914,2914,2914,2914,2914,2914,2914,2914,2914,2914,2914,2914,2914,2914,2914,2914,2914,2914,2914,2914,2914,2914,2914,2914,2914,2914,2914,2914,2914,2914,2914,2914,2914,2914,2914,2914,2914,2914,2914,2914,2914,2914,2914,2914,2914,2914,2914,2914,2914,2914,2914,2914,2914,2914,2914,2914,2914,2914,2914,2914,2914,2914,2914,2914,2914,2914,2914,2914,2914,2914,2914,2914,2914,2914,2914,2914,2914,2914,2914,2914,2914,2914,2914,2914,2914,
size:28
[agent] id:23
path:2227,2120,2013,2012,2011,2010,2009,2008,2007,2006,2005,2004,2003,2002,1895,1894,1893,1892,1891,1890,1783,1676,1569,1462,1355,1248,1141,1034,927,820,713,606,499,498,497,497,497,497,497,497,497,497,497,497,497,497,497,497,497,497,497,497,497,497,497,497,497,497,497,497,497,497,497,497,497,497,497,497,497,497,497,497,497,497,497,497,497,497,497,497,497,497,497,497,497,497,497,497,497,497,
goal:497,497,497,497,497,497,497,497,497,497,497,497,497,497,497,497,497,497,497,497,497,497,497,497,497,497,497,497,497,497,497,497,497,497,497,497,497,497,497,497,497,497,497,497,497,497,497,497,497,497,497,497,497,497,497,497,497,497,497,497,497,497,497,497,497,497,497,497,497,497,497,497,497,497,497,497,497,497,497,497,497,497,497,497,497,497,497,497,497,497,
size:34
[agent] id:24
path:4192,4085,3978,3871,3764,3765,3766,3767,3660,3553,3446,3339,3232,3125,3018,2911,2804,2697,2590,2483,2376,2269,2162,2163,2164,2165,2166,2167,2168,2169,2170,2171,2172,2173,2174,2175,2176,2177,2178,2179,2180,2181,2182,2183,2184,2185,2186,2187,2188,2189,2190,2191,2192,2193,2194,2195,2196,2197,2198,2199,2200,2201,2202,2203,2204,2205,2206,2207,2208,2209,2210,2211,2212,2213,2214,2214,2214,2214,2214,2214,2214,2214,2214,2214,2214,2214,2214,2214,2214,2214,
goal:2214,2214,2214,2214,2214,2214,2214,2214,2214,2214,2214,2214,2214,2214,2214,2214,2214,2214,2214,2214,2214,2214,2214,2214,2214,2214,2214,2214,2214,2214,2214,2214,2214,2214,2214,2214,2214,2214,2214,2214,2214,2214,2214,2214,2214,2214,2214,2214,2214,2214,2214,2214,2214,2214,2214,2214,2214,2214,2214,2214,2214,2214,2214,2214,2214,2214,2214,2214,2214,2214,2214,2214,2214,2214,2214,2214,2214,2214,2214,2214,2214,2214,2214,2214,2214,2214,2214,2214,2214,2214,
size:74
[agent] id:25
path:4142,4035,3928,3821,3714,3607,3606,3605,3604,3603,3602,3495,3388,3281,3174,3067,2960,2853,2746,2639,2532,2425,2318,2211,2212,2213,2214,2215,2216,2217,2218,2219,2220,2221,2222,2223,2224,2224,2224,2224,2224,2224,2224,2224,2224,2224,2224,2224,2224,2224,2224,2224,2224,2224,2224,2224,2224,2224,2224,2224,2224,2224,2224,2224,2224,2224,2224,2224,2224,2224,2224,2224,2224,2224,2224,2224,2224,2224,2224,2224,2224,2224,2224,2224,2224,2224,2224,2224,2224,2224,
goal:2224,2224,2224,2224,2224,2224,2224,2224,2224,2224,2224,2224,2224,2224,2224,2224,2224,2224,2224,2224,2224,2224,2224,2224,2224,2224,2224,2224,2224,2224,2224,2224,2224,2224,2224,2224,2224,2224,2224,2224,2224,2224,2224,2224,2224,2224,2224,2224,2224,2224,2224,2224,2224,2224,2224,2224,2224,2224,2224,2224,2224,2224,2224,2224,2224,2224,2224,2224,2224,2224,2224,2224,2224,2224,2224,2224,2224,2224,2224,2224,2224,2224,2224,2224,2224,2224,2224,2224,2224,2224,
size:36
[agent] id:26
path:2278,2385,2492,2599,2600,2601,2602,2603,2604,2605,2606,2607,2608,2609,2610,2611,2612,2613,2614,2615,2616,2617,2618,2619,2620,2621,2622,2623,2624,2625,2626,2627,2628,2629,2630,2631,2632,2633,2634,2635,2636,2637,2638,2639,2640,2641,2642,2643,2644,2645,2646,2647,2648,2649,2650,2651,2652,2653,2653,2653,2653,2653,2653,2653,2653,2653,2653,2653,2653,2653,2653,2653,2653,2653,2653,2653,2653,2653,2653,2653,2653,2653,2653,2653,2653,2653,2653,2653,2653,2653,
goal:2653,2653,2653,2653,2653,2653,2653,2653,2653,2653,2653,2653,2653,2653,2653,2653,2653,2653,2653,2653,2653,2653,2653,2653,2653,2653,2653,2653,2653,2653,2653,2653,2653,2653,2653,2653,2653,2653,2653,2653,2653,2653,2653,2653,2653,2653,2653,2653,2653,2653,2653,2653,2653,2653,2653,2653,2653,2653,2653,2653,2653,2653,2653,2653,2653,2653,2653,2653,2653,2653,2653,2653,2653,2653,2653,2653,2653,2653,2653,2653,2653,2653,2653,2653,2653,2653,2653,2653,2653,2653,
size:57
[agent] id:27
path:1193,1300,1301,1302,1409,1410,1411,1412,1413,1520,1627,1734,1841,1948,2055,2162,2269,2376,2483,2484,2485,2592,2699,2700,2701,2702,2703,2704,2705,2706,2707,2708,2709,2710,2711,2712,2713,2714,2715,2716,2717,2718,2719,2720,2721,2828,2829,2830,2831,2832,2833,2834,2835,2836,2836,2836,2836,2836,2836,2836,2836,2836,2836,2836,2836,2836,2836,2836,2836,2836,2836,2836,2836,2836,2836,2836,2836,2836,2836,2836,2836,2836,2836,2836,2836,2836,2836,2836,2836,2836,
goal:2836,2836,2836,2836,2836,2836,2836,2836,2836,2836,2836,2836,2836,2836,2836,2836,2836,2836,2836,2836,2836,2836,2836,2836,2836,2836,2836,2836,2836,2836,2836,2836,2836,2836,2836,2836,2836,2836,2836,2836,2836,2836,2836,2836,2836,2836,2836,2836,2836,2836,2836,2836,2836,2836,2836,2836,2836,2836,2836,2836,2836,2836,2836,2836,2836,2836,2836,2836,2836,2836,2836,2836,2836,2836,2836,2836,2836,2836,2836,2836,2836,2836,2836,2836,2836,2836,2836,2836,2836,2836,
size:53
[agent] id:28
path:2455,2454,2453,2452,2451,2450,2449,2448,2447,2446,2339,2232,2125,2124,2123,2122,2121,2120,2119,2118,2117,2116,2115,2114,2113,2112,2111,2110,2109,2108,2107,2106,2105,2104,2103,2102,2101,2100,2099,2098,2097,2096,2095,2095,2095,2095,2095,2095,2095,2095,2095,2095,2095,2095,2095,2095,2095,2095,2095,2095,2095,2095,2095,2095,2095,2095,2095,2095,2095,2095,2095,2095,2095,2095,2095,2095,2095,2095,2095,2095,2095,2095,2095,2095,2095,2095,2095,2095,2095,2095,
goal:2095,2095,2095,2095,2095,2095,2095,2095,2095,2095,2095,2095,2095,2095,2095,2095,2095,2095,2095,2095,2095,2095,2095,2095,2095,2095,2095,2095,2095,2095,2095,2095,2095,2095,2095,2095,2095,2095,2095,2095,2095,2095,2095,2095,2095,2095,2095,2095,2095,2095,2095,2095,2095,2095,2095,2095,2095,2095,2095,2095,2095,2095,2095,2095,2095,2095,2095,2095,2095,2095,2095,2095,2095,2095,2095,2095,2095,2095,2095,2095,2095,2095,2095,2095,2095,2095,2095,2095,2095,2095,
size:42
[agent] id:29
path:2408,2301,2300,2299,2298,2298,2298,2298,2298,2298,2298,2298,2298,2298,2298,2298,2298,2298,2298,2298,2298,2298,2298,2298,2298,2298,2298,2298,2298,2298,2298,2298,2298,2298,2298,2298,2298,2298,2298,2298,2298,2298,2298,2298,2298,2298,2298,2298,2298,2298,2298,2298,2298,2298,2298,2298,2298,2298,2298,2298,2298,2298,2298,2298,2298,2298,2298,2298,2298,2298,2298,2298,2298,2298,2298,2298,2298,2298,2298,2298,2298,2298,2298,2298,2298,2298,2298,2298,2298,2298,
goal:2298,2298,2298,2298,2298,2298,2298,2298,2298,2298,2298,2298,2298,2298,2298,2298,2298,2298,2298,2298,2298,2298,2298,2298,2298,2298,2298,2298,2298,2298,2298,2298,2298,2298,2298,2298,2298,2298,2298,2298,2298,2298,2298,2298,2298,2298,2298,2298,2298,2298,2298,2298,2298,2298,2298,2298,2298,2298,2298,2298,2298,2298,2298,2298,2298,2298,2298,2298,2298,2298,2298,2298,2298,2298,2298,2298,2298,2298,2298,2298,2298,2298,2298,2298,2298,2298,2298,2298,2298,2298,
size:4
SolutionCost:1257
