[setting] seed:20
[solver] type:ECBS
[solver] w:3.000000
[solver] ID:0
[solver] Lowlevelnode:492
[solver] solved:1
[solver] elapsed:8
[solver] makespan:64
[problem] timesteplimit:10000
[problem] type:MAPF
[problem] agentnum:10
[graph] width:107
[graph] height:47
[graph] filename:./map/orz601d.map
[task] id:5,start:0,end:0,service time:0,nodes:2747,
[task] id:1,start:0,end:0,service time:0,nodes:2214,
[task] id:2,start:0,end:0,service time:0,nodes:2207,
[task] id:9,start:0,end:0,service time:0,nodes:2063,
[task] id:0,start:0,end:0,service time:0,nodes:2204,
[task] id:3,start:0,end:0,service time:0,nodes:800,
[task] id:6,start:0,end:0,service time:0,nodes:4248,
[task] id:8,start:0,end:0,service time:0,nodes:1012,
[task] id:4,start:0,end:0,service time:0,nodes:2470,
[task] id:7,start:0,end:0,service time:0,nodes:3602,
[agent] id:0
path:609,716,823,930,1037,1144,1251,1358,1465,1464,1463,1462,1569,1676,1783,1890,1997,2104,2103,2102,2101,2100,2099,2206,2205,2204,2204,2204,2204,2204,2204,2204,2204,2204,2204,2204,2204,2204,2204,2204,2204,2204,2204,2204,2204,2204,2204,2204,2204,2204,2204,2204,2204,2204,2204,2204,2204,2204,2204,2204,2204,2204,2204,2204,2204,
goal:2204,2204,2204,2204,2204,2204,2204,2204,2204,2204,2204,2204,2204,2204,2204,2204,2204,2204,2204,2204,2204,2204,2204,2204,2204,2204,2204,2204,2204,2204,2204,2204,2204,2204,2204,2204,2204,2204,2204,2204,2204,2204,2204,2204,2204,2204,2204,2204,2204,2204,2204,2204,2204,2204,2204,2204,2204,2204,2204,2204,2204,2204,2204,2204,2204,
size:25
[agent] id:1
path:2950,2843,2736,2629,2522,2415,2308,2201,2202,2203,2204,2205,2206,2207,2208,2209,2210,2211,2212,2213,2214,2214,2214,2214,2214,2214,2214,2214,2214,2214,2214,2214,2214,2214,2214,2214,2214,2214,2214,2214,2214,2214,2214,2214,2214,2214,2214,2214,2214,2214,2214,2214,2214,2214,2214,2214,2214,2214,2214,2214,2214,2214,2214,2214,2214,
goal:2214,2214,2214,2214,2214,2214,2214,2214,2214,2214,2214,2214,2214,2214,2214,2214,2214,2214,2214,2214,2214,2214,2214,2214,2214,2214,2214,2214,2214,2214,2214,2214,2214,2214,2214,2214,2214,2214,2214,2214,2214,2214,2214,2214,2214,2214,2214,2214,2214,2214,2214,2214,2214,2214,2214,2214,2214,2214,2214,2214,2214,2214,2214,2214,2214,
size:20
[agent] id:2
path:603,710,817,924,1031,1138,1245,1352,1459,1460,1461,1568,1675,1782,1889,1996,2103,2210,2209,2208,2207,2207,2207,2207,2207,2207,2207,2207,2207,2207,2207,2207,2207,2207,2207,2207,2207,2207,2207,2207,2207,2207,2207,2207,2207,2207,2207,2207,2207,2207,2207,2207,2207,2207,2207,2207,2207,2207,2207,2207,2207,2207,2207,2207,2207,
goal:2207,2207,2207,2207,2207,2207,2207,2207,2207,2207,2207,2207,2207,2207,2207,2207,2207,2207,2207,2207,2207,2207,2207,2207,2207,2207,2207,2207,2207,2207,2207,2207,2207,2207,2207,2207,2207,2207,2207,2207,2207,2207,2207,2207,2207,2207,2207,2207,2207,2207,2207,2207,2207,2207,2207,2207,2207,2207,2207,2207,2207,2207,2207,2207,2207,
size:20
[agent] id:3
path:1983,1982,1981,1980,1979,1978,1871,1870,1869,1868,1867,1866,1759,1652,1545,1438,1331,1224,1117,1010,903,796,797,798,799,800,800,800,800,800,800,800,800,800,800,800,800,800,800,800,800,800,800,800,800,800,800,800,800,800,800,800,800,800,800,800,800,800,800,800,800,800,800,800,800,
goal:800,800,800,800,800,800,800,800,800,800,800,800,800,800,800,800,800,800,800,800,800,800,800,800,800,800,800,800,800,800,800,800,800,800,800,800,800,800,800,800,800,800,800,800,800,800,800,800,800,800,800,800,800,800,800,800,800,800,800,800,800,800,800,800,800,
size:25
[agent] id:4
path:1984,2091,2198,2305,2412,2519,2518,2517,2516,2515,2514,2513,2512,2511,2510,2509,2508,2507,2506,2505,2504,2503,2502,2501,2500,2499,2498,2497,2496,2495,2494,2493,2492,2491,2490,2489,2488,2487,2486,2485,2484,2483,2482,2481,2480,2479,2478,2477,2476,2475,2474,2473,2472,2471,2470,2470,2470,2470,2470,2470,2470,2470,2470,2470,2470,
goal:2470,2470,2470,2470,2470,2470,2470,2470,2470,2470,2470,2470,2470,2470,2470,2470,2470,2470,2470,2470,2470,2470,2470,2470,2470,2470,2470,2470,2470,2470,2470,2470,2470,2470,2470,2470,2470,2470,2470,2470,2470,2470,2470,2470,2470,2470,2470,2470,2470,2470,2470,2470,2470,2470,2470,2470,2470,2470,2470,2470,2470,2470,2470,2470,2470,
size:54
[agent] id:5
path:2760,2759,2758,2757,2756,2755,2754,2753,2752,2751,2750,2749,2748,2747,2747,2747,2747,2747,2747,2747,2747,2747,2747,2747,2747,2747,2747,2747,2747,2747,2747,2747,2747,2747,2747,2747,2747,2747,2747,2747,2747,2747,2747,2747,2747,2747,2747,2747,2747,2747,2747,2747,2747,2747,2747,2747,2747,2747,2747,2747,2747,2747,2747,2747,2747,
goal:2747,2747,2747,2747,2747,2747,2747,2747,2747,2747,2747,2747,2747,2747,2747,2747,2747,2747,2747,2747,2747,2747,2747,2747,2747,2747,2747,2747,2747,2747,2747,2747,2747,2747,2747,2747,2747,2747,2747,2747,2747,2747,2747,2747,2747,2747,2747,2747,2747,2747,2747,2747,2747,2747,2747,2747,2747,2747,2747,2747,2747,2747,2747,2747,2747,
size:13
[agent] id:6
path:2772,2665,2664,2663,2662,2661,2660,2767,2874,2981,3088,3087,3086,3085,3084,3083,3082,3081,3080,3079,3078,3077,3076,3075,3074,3073,3072,3179,3178,3177,3176,3175,3174,3281,3388,3495,3602,3709,3816,3923,4030,4137,4244,4245,4246,4247,4248,4248,4248,4248,4248,4248,4248,4248,4248,4248,4248,4248,4248,4248,4248,4248,4248,4248,4248,
goal:4248,4248,4248,4248,4248,4248,4248,4248,4248,4248,4248,4248,4248,4248,4248,4248,4248,4248,4248,4248,4248,4248,4248,4248,4248,4248,4248,4248,4248,4248,4248,4248,4248,4248,4248,4248,4248,4248,4248,4248,4248,4248,4248,4248,4248,4248,4248,4248,4248,4248,4248,4248,4248,4248,4248,4248,4248,4248,4248,4248,4248,4248,4248,4248,4248,
size:46
[agent] id:7
path:3764,3765,3766,3767,3660,3553,3554,3447,3340,3341,3342,3343,3344,3345,3238,3131,3024,3025,3026,3027,3028,3029,3030,3031,3032,3033,3034,3035,3036,3037,3038,3039,3040,3041,3042,3043,3044,3045,3046,3047,3048,3049,3050,3051,3052,3053,3054,3055,3056,3057,3058,3059,3060,3061,3062,3169,3170,3171,3172,3173,3280,3387,3494,3601,3602,
goal:3602,3602,3602,3602,3602,3602,3602,3602,3602,3602,3602,3602,3602,3602,3602,3602,3602,3602,3602,3602,3602,3602,3602,3602,3602,3602,3602,3602,3602,3602,3602,3602,3602,3602,3602,3602,3602,3602,3602,3602,3602,3602,3602,3602,3602,3602,3602,3602,3602,3602,3602,3602,3602,3602,3602,3602,3602,3602,3602,3602,3602,3602,3602,3602,3602,
size:64
[agent] id:8
path:3175,3068,2961,2854,2747,2640,2533,2426,2319,2212,2105,1998,1997,1996,1995,1994,1993,1992,1991,1990,1989,1988,1987,1986,1985,1984,1983,1982,1981,1980,1979,1978,1871,1870,1869,1868,1867,1866,1759,1652,1545,1438,1331,1224,1117,1010,1011,1012,1012,1012,1012,1012,1012,1012,1012,1012,1012,1012,1012,1012,1012,1012,1012,1012,1012,
goal:1012,1012,1012,1012,1012,1012,1012,1012,1012,1012,1012,1012,1012,1012,1012,1012,1012,1012,1012,1012,1012,1012,1012,1012,1012,1012,1012,1012,1012,1012,1012,1012,1012,1012,1012,1012,1012,1012,1012,1012,1012,1012,1012,1012,1012,1012,1012,1012,1012,1012,1012,1012,1012,1012,1012,1012,1012,1012,1012,1012,1012,1012,1012,1012,1012,
size:47
[agent] id:9
path:2510,2403,2296,2189,2082,2081,2080,2079,2078,2077,2076,2075,2074,2073,2072,2071,2070,2069,2068,2067,2066,2065,2064,2063,2063,2063,2063,2063,2063,2063,2063,2063,2063,2063,2063,2063,2063,2063,2063,2063,2063,2063,2063,2063,2063,2063,2063,2063,2063,2063,2063,2063,2063,2063,2063,2063,2063,2063,2063,2063,2063,2063,2063,2063,2063,
goal:2063,2063,2063,2063,2063,2063,2063,2063,2063,2063,2063,2063,2063,2063,2063,2063,2063,2063,2063,2063,2063,2063,2063,2063,2063,2063,2063,2063,2063,2063,2063,2063,2063,2063,2063,2063,2063,2063,2063,2063,2063,2063,2063,2063,2063,2063,2063,2063,2063,2063,2063,2063,2063,2063,2063,2063,2063,2063,2063,2063,2063,2063,2063,2063,2063,
size:23
SolutionCost:337
