[setting] seed:23
[solver] type:ECBS
[solver] w:3.000000
[solver] ID:0
[solver] Lowlevelnode:2250
[solver] solved:1
[solver] elapsed:25
[solver] makespan:89
[problem] timesteplimit:10000
[problem] type:MAPF
[problem] agentnum:20
[graph] width:107
[graph] height:47
[graph] filename:./map/orz601d.map
[task] id:0,start:0,end:0,service time:0,nodes:1245,
[task] id:1,start:0,end:0,service time:0,nodes:2840,
[task] id:13,start:0,end:0,service time:0,nodes:1936,
[task] id:7,start:0,end:0,service time:0,nodes:1201,
[task] id:18,start:0,end:0,service time:0,nodes:2111,
[task] id:19,start:0,end:0,service time:0,nodes:2578,
[task] id:5,start:0,end:0,service time:0,nodes:2217,
[task] id:16,start:0,end:0,service time:0,nodes:1326,
[task] id:11,start:0,end:0,service time:0,nodes:1836,
[task] id:12,start:0,end:0,service time:0,nodes:2828,
[task] id:8,start:0,end:0,service time:0,nodes:2759,
[task] id:17,start:0,end:0,service time:0,nodes:718,
[task] id:9,start:0,end:0,service time:0,nodes:716,
[task] id:6,start:0,end:0,service time:0,nodes:1759,
[task] id:15,start:0,end:0,service time:0,nodes:4669,
[task] id:3,start:0,end:0,service time:0,nodes:1462,
[task] id:2,start:0,end:0,service time:0,nodes:3270,
[task] id:10,start:0,end:0,service time:0,nodes:454,
[task] id:14,start:0,end:0,service time:0,nodes:820,
[task] id:4,start:0,end:0,service time:0,nodes:452,
[agent] id:0
path:931,1038,1145,1252,1251,1250,1249,1248,1247,1246,1245,1245,1245,1245,1245,1245,1245,1245,1245,1245,1245,1245,1245,1245,1245,1245,1245,1245,1245,1245,1245,1245,1245,1245,1245,1245,1245,1245,1245,1245,1245,1245,1245,1245,1245,1245,1245,1245,1245,1245,1245,1245,1245,1245,1245,1245,1245,1245,1245,1245,1245,1245,1245,1245,1245,1245,1245,1245,1245,1245,1245,1245,1245,1245,1245,1245,1245,1245,1245,1245,1245,1245,1245,1245,1245,1245,1245,1245,1245,1245,
goal:1245,1245,1245,1245,1245,1245,1245,1245,1245,1245,1245,1245,1245,1245,1245,1245,1245,1245,1245,1245,1245,1245,1245,1245,1245,1245,1245,1245,1245,1245,1245,1245,1245,1245,1245,1245,1245,1245,1245,1245,1245,1245,1245,1245,1245,1245,1245,1245,1245,1245,1245,1245,1245,1245,1245,1245,1245,1245,1245,1245,1245,1245,1245,1245,1245,1245,1245,1245,1245,1245,1245,1245,1245,1245,1245,1245,1245,1245,1245,1245,1245,1245,1245,1245,1245,1245,1245,1245,1245,1245,
size:10
[agent] id:1
path:1982,2089,2196,2303,2410,2517,2624,2731,2838,2839,2840,2840,2840,2840,2840,2840,2840,2840,2840,2840,2840,2840,2840,2840,2840,2840,2840,2840,2840,2840,2840,2840,2840,2840,2840,2840,2840,2840,2840,2840,2840,2840,2840,2840,2840,2840,2840,2840,2840,2840,2840,2840,2840,2840,2840,2840,2840,2840,2840,2840,2840,2840,2840,2840,2840,2840,2840,2840,2840,2840,2840,2840,2840,2840,2840,2840,2840,2840,2840,2840,2840,2840,2840,2840,2840,2840,2840,2840,2840,2840,
goal:2840,2840,2840,2840,2840,2840,2840,2840,2840,2840,2840,2840,2840,2840,2840,2840,2840,2840,2840,2840,2840,2840,2840,2840,2840,2840,2840,2840,2840,2840,2840,2840,2840,2840,2840,2840,2840,2840,2840,2840,2840,2840,2840,2840,2840,2840,2840,2840,2840,2840,2840,2840,2840,2840,2840,2840,2840,2840,2840,2840,2840,2840,2840,2840,2840,2840,2840,2840,2840,2840,2840,2840,2840,2840,2840,2840,2840,2840,2840,2840,2840,2840,2840,2840,2840,2840,2840,2840,2840,2840,
size:10
[agent] id:2
path:1722,1829,1936,2043,2150,2257,2364,2471,2472,2473,2474,2475,2476,2477,2478,2585,2692,2799,2906,3013,3014,3015,3016,3017,3018,3019,3020,3021,3022,3023,3024,3025,3026,3027,3028,3029,3030,3031,3032,3033,3034,3035,3036,3037,3038,3039,3040,3041,3042,3043,3044,3045,3046,3047,3048,3049,3050,3157,3264,3265,3266,3267,3268,3269,3270,3270,3270,3270,3270,3270,3270,3270,3270,3270,3270,3270,3270,3270,3270,3270,3270,3270,3270,3270,3270,3270,3270,3270,3270,3270,
goal:3270,3270,3270,3270,3270,3270,3270,3270,3270,3270,3270,3270,3270,3270,3270,3270,3270,3270,3270,3270,3270,3270,3270,3270,3270,3270,3270,3270,3270,3270,3270,3270,3270,3270,3270,3270,3270,3270,3270,3270,3270,3270,3270,3270,3270,3270,3270,3270,3270,3270,3270,3270,3270,3270,3270,3270,3270,3270,3270,3270,3270,3270,3270,3270,3270,3270,3270,3270,3270,3270,3270,3270,3270,3270,3270,3270,3270,3270,3270,3270,3270,3270,3270,3270,3270,3270,3270,3270,3270,3270,
size:64
[agent] id:3
path:2481,2374,2267,2160,2053,2054,2055,2056,2057,2058,2059,2060,2061,2062,2063,2064,2065,2066,2067,2068,2069,2070,2071,2072,2073,2074,2075,2076,2077,2078,2079,2080,2081,2082,2083,2084,2085,2086,2087,2088,2089,2090,2091,2092,2093,1986,1987,1988,1989,1990,1991,1884,1885,1886,1887,1888,1889,1782,1675,1568,1461,1462,1462,1462,1462,1462,1462,1462,1462,1462,1462,1462,1462,1462,1462,1462,1462,1462,1462,1462,1462,1462,1462,1462,1462,1462,1462,1462,1462,1462,
goal:1462,1462,1462,1462,1462,1462,1462,1462,1462,1462,1462,1462,1462,1462,1462,1462,1462,1462,1462,1462,1462,1462,1462,1462,1462,1462,1462,1462,1462,1462,1462,1462,1462,1462,1462,1462,1462,1462,1462,1462,1462,1462,1462,1462,1462,1462,1462,1462,1462,1462,1462,1462,1462,1462,1462,1462,1462,1462,1462,1462,1462,1462,1462,1462,1462,1462,1462,1462,1462,1462,1462,1462,1462,1462,1462,1462,1462,1462,1462,1462,1462,1462,1462,1462,1462,1462,1462,1462,1462,1462,
size:61
[agent] id:4
path:4345,4238,4131,4024,3917,3810,3703,3596,3597,3598,3599,3600,3601,3494,3387,3280,3173,3066,2959,2852,2745,2638,2531,2424,2317,2210,2103,1996,1995,1994,1993,1992,1991,1990,1989,1988,1987,1986,1985,1984,1983,1982,1981,1980,1979,1978,1977,1976,1975,1974,1973,1972,1971,1970,1969,1968,1967,1966,1965,1964,1963,1962,1961,1960,1959,1958,1957,1956,1955,1954,1847,1846,1845,1844,1843,1842,1735,1628,1521,1414,1307,1200,1093,986,879,772,665,558,451,452,
goal:452,452,452,452,452,452,452,452,452,452,452,452,452,452,452,452,452,452,452,452,452,452,452,452,452,452,452,452,452,452,452,452,452,452,452,452,452,452,452,452,452,452,452,452,452,452,452,452,452,452,452,452,452,452,452,452,452,452,452,452,452,452,452,452,452,452,452,452,452,452,452,452,452,452,452,452,452,452,452,452,452,452,452,452,452,452,452,452,452,452,
size:89
[agent] id:5
path:4135,4028,3921,3814,3707,3600,3601,3494,3387,3280,3173,3066,2959,2852,2745,2638,2531,2424,2317,2210,2211,2212,2213,2214,2215,2216,2217,2217,2217,2217,2217,2217,2217,2217,2217,2217,2217,2217,2217,2217,2217,2217,2217,2217,2217,2217,2217,2217,2217,2217,2217,2217,2217,2217,2217,2217,2217,2217,2217,2217,2217,2217,2217,2217,2217,2217,2217,2217,2217,2217,2217,2217,2217,2217,2217,2217,2217,2217,2217,2217,2217,2217,2217,2217,2217,2217,2217,2217,2217,2217,
goal:2217,2217,2217,2217,2217,2217,2217,2217,2217,2217,2217,2217,2217,2217,2217,2217,2217,2217,2217,2217,2217,2217,2217,2217,2217,2217,2217,2217,2217,2217,2217,2217,2217,2217,2217,2217,2217,2217,2217,2217,2217,2217,2217,2217,2217,2217,2217,2217,2217,2217,2217,2217,2217,2217,2217,2217,2217,2217,2217,2217,2217,2217,2217,2217,2217,2217,2217,2217,2217,2217,2217,2217,2217,2217,2217,2217,2217,2217,2217,2217,2217,2217,2217,2217,2217,2217,2217,2217,2217,2217,
size:26
[agent] id:6
path:2558,2451,2450,2449,2448,2447,2446,2339,2232,2125,2018,2017,2016,2015,2014,2013,2012,2011,2010,2009,2008,2007,2006,2005,2004,2003,2002,2001,2000,1999,1998,1997,1996,1995,1994,1993,1992,1991,1990,1989,1988,1987,1986,1985,1984,1983,1982,1981,1980,1979,1978,1871,1870,1869,1868,1867,1866,1759,1759,1759,1759,1759,1759,1759,1759,1759,1759,1759,1759,1759,1759,1759,1759,1759,1759,1759,1759,1759,1759,1759,1759,1759,1759,1759,1759,1759,1759,1759,1759,1759,
goal:1759,1759,1759,1759,1759,1759,1759,1759,1759,1759,1759,1759,1759,1759,1759,1759,1759,1759,1759,1759,1759,1759,1759,1759,1759,1759,1759,1759,1759,1759,1759,1759,1759,1759,1759,1759,1759,1759,1759,1759,1759,1759,1759,1759,1759,1759,1759,1759,1759,1759,1759,1759,1759,1759,1759,1759,1759,1759,1759,1759,1759,1759,1759,1759,1759,1759,1759,1759,1759,1759,1759,1759,1759,1759,1759,1759,1759,1759,1759,1759,1759,1759,1759,1759,1759,1759,1759,1759,1759,1759,
size:57
[agent] id:7
path:2274,2167,2060,1953,1846,1845,1844,1843,1842,1735,1628,1521,1414,1307,1200,1201,1201,1201,1201,1201,1201,1201,1201,1201,1201,1201,1201,1201,1201,1201,1201,1201,1201,1201,1201,1201,1201,1201,1201,1201,1201,1201,1201,1201,1201,1201,1201,1201,1201,1201,1201,1201,1201,1201,1201,1201,1201,1201,1201,1201,1201,1201,1201,1201,1201,1201,1201,1201,1201,1201,1201,1201,1201,1201,1201,1201,1201,1201,1201,1201,1201,1201,1201,1201,1201,1201,1201,1201,1201,1201,
goal:1201,1201,1201,1201,1201,1201,1201,1201,1201,1201,1201,1201,1201,1201,1201,1201,1201,1201,1201,1201,1201,1201,1201,1201,1201,1201,1201,1201,1201,1201,1201,1201,1201,1201,1201,1201,1201,1201,1201,1201,1201,1201,1201,1201,1201,1201,1201,1201,1201,1201,1201,1201,1201,1201,1201,1201,1201,1201,1201,1201,1201,1201,1201,1201,1201,1201,1201,1201,1201,1201,1201,1201,1201,1201,1201,1201,1201,1201,1201,1201,1201,1201,1201,1201,1201,1201,1201,1201,1201,1201,
size:15
[agent] id:8
path:2930,2823,2716,2717,2718,2719,2720,2721,2722,2723,2724,2725,2726,2727,2728,2729,2730,2731,2732,2733,2734,2735,2736,2737,2738,2739,2740,2741,2742,2743,2744,2745,2746,2747,2748,2749,2750,2751,2752,2753,2754,2755,2756,2757,2758,2759,2759,2759,2759,2759,2759,2759,2759,2759,2759,2759,2759,2759,2759,2759,2759,2759,2759,2759,2759,2759,2759,2759,2759,2759,2759,2759,2759,2759,2759,2759,2759,2759,2759,2759,2759,2759,2759,2759,2759,2759,2759,2759,2759,2759,
goal:2759,2759,2759,2759,2759,2759,2759,2759,2759,2759,2759,2759,2759,2759,2759,2759,2759,2759,2759,2759,2759,2759,2759,2759,2759,2759,2759,2759,2759,2759,2759,2759,2759,2759,2759,2759,2759,2759,2759,2759,2759,2759,2759,2759,2759,2759,2759,2759,2759,2759,2759,2759,2759,2759,2759,2759,2759,2759,2759,2759,2759,2759,2759,2759,2759,2759,2759,2759,2759,2759,2759,2759,2759,2759,2759,2759,2759,2759,2759,2759,2759,2759,2759,2759,2759,2759,2759,2759,2759,2759,
size:45
[agent] id:9
path:689,796,903,1010,1117,1224,1331,1438,1545,1652,1759,1866,1867,1868,1869,1870,1871,1978,1979,1980,1981,1982,1983,1984,1985,1986,1987,1988,1989,1990,1991,1884,1885,1886,1887,1888,1889,1782,1675,1568,1461,1354,1247,1140,1033,926,819,712,713,714,715,716,716,716,716,716,716,716,716,716,716,716,716,716,716,716,716,716,716,716,716,716,716,716,716,716,716,716,716,716,716,716,716,716,716,716,716,716,716,716,
goal:716,716,716,716,716,716,716,716,716,716,716,716,716,716,716,716,716,716,716,716,716,716,716,716,716,716,716,716,716,716,716,716,716,716,716,716,716,716,716,716,716,716,716,716,716,716,716,716,716,716,716,716,716,716,716,716,716,716,716,716,716,716,716,716,716,716,716,716,716,716,716,716,716,716,716,716,716,716,716,716,716,716,716,716,716,716,716,716,716,716,
size:51
[agent] id:10
path:820,927,1034,1141,1248,1355,1462,1569,1676,1783,1890,1997,1996,1995,1994,1993,1992,1991,1990,1989,1988,2095,2094,2093,2092,2091,1984,1983,1982,1981,1980,1979,1978,1977,1976,1975,1974,1973,1972,1971,1970,1969,1968,1967,1966,1965,1964,1963,1962,1961,1960,1959,1958,1957,1956,1955,1954,1847,1846,1845,1844,1843,1842,1735,1628,1521,1414,1307,1200,1093,986,879,772,665,558,451,452,453,454,454,454,454,454,454,454,454,454,454,454,454,
goal:454,454,454,454,454,454,454,454,454,454,454,454,454,454,454,454,454,454,454,454,454,454,454,454,454,454,454,454,454,454,454,454,454,454,454,454,454,454,454,454,454,454,454,454,454,454,454,454,454,454,454,454,454,454,454,454,454,454,454,454,454,454,454,454,454,454,454,454,454,454,454,454,454,454,454,454,454,454,454,454,454,454,454,454,454,454,454,454,454,454,
size:78
[agent] id:11
path:2619,2512,2405,2298,2191,2084,1977,1976,1975,1974,1973,1972,1971,1970,1969,1968,1967,1966,1965,1964,1963,1962,1961,1960,1959,1958,1957,1956,1955,1954,1847,1846,1845,1844,1843,1842,1841,1840,1839,1838,1837,1836,1836,1836,1836,1836,1836,1836,1836,1836,1836,1836,1836,1836,1836,1836,1836,1836,1836,1836,1836,1836,1836,1836,1836,1836,1836,1836,1836,1836,1836,1836,1836,1836,1836,1836,1836,1836,1836,1836,1836,1836,1836,1836,1836,1836,1836,1836,1836,1836,
goal:1836,1836,1836,1836,1836,1836,1836,1836,1836,1836,1836,1836,1836,1836,1836,1836,1836,1836,1836,1836,1836,1836,1836,1836,1836,1836,1836,1836,1836,1836,1836,1836,1836,1836,1836,1836,1836,1836,1836,1836,1836,1836,1836,1836,1836,1836,1836,1836,1836,1836,1836,1836,1836,1836,1836,1836,1836,1836,1836,1836,1836,1836,1836,1836,1836,1836,1836,1836,1836,1836,1836,1836,1836,1836,1836,1836,1836,1836,1836,1836,1836,1836,1836,1836,1836,1836,1836,1836,1836,1836,
size:41
[agent] id:12
path:4308,4201,4094,3987,3880,3773,3772,3771,3770,3769,3768,3661,3554,3447,3340,3233,3126,3019,2912,2805,2806,2807,2808,2809,2810,2811,2812,2813,2814,2815,2816,2817,2818,2819,2820,2821,2822,2823,2824,2825,2826,2827,2828,2828,2828,2828,2828,2828,2828,2828,2828,2828,2828,2828,2828,2828,2828,2828,2828,2828,2828,2828,2828,2828,2828,2828,2828,2828,2828,2828,2828,2828,2828,2828,2828,2828,2828,2828,2828,2828,2828,2828,2828,2828,2828,2828,2828,2828,2828,2828,
goal:2828,2828,2828,2828,2828,2828,2828,2828,2828,2828,2828,2828,2828,2828,2828,2828,2828,2828,2828,2828,2828,2828,2828,2828,2828,2828,2828,2828,2828,2828,2828,2828,2828,2828,2828,2828,2828,2828,2828,2828,2828,2828,2828,2828,2828,2828,2828,2828,2828,2828,2828,2828,2828,2828,2828,2828,2828,2828,2828,2828,2828,2828,2828,2828,2828,2828,2828,2828,2828,2828,2828,2828,2828,2828,2828,2828,2828,2828,2828,2828,2828,2828,2828,2828,2828,2828,2828,2828,2828,2828,
size:42
[agent] id:13
path:2374,2373,2372,2371,2370,2369,2368,2367,2260,2153,2046,1939,1938,1937,1936,1936,1936,1936,1936,1936,1936,1936,1936,1936,1936,1936,1936,1936,1936,1936,1936,1936,1936,1936,1936,1936,1936,1936,1936,1936,1936,1936,1936,1936,1936,1936,1936,1936,1936,1936,1936,1936,1936,1936,1936,1936,1936,1936,1936,1936,1936,1936,1936,1936,1936,1936,1936,1936,1936,1936,1936,1936,1936,1936,1936,1936,1936,1936,1936,1936,1936,1936,1936,1936,1936,1936,1936,1936,1936,1936,
goal:1936,1936,1936,1936,1936,1936,1936,1936,1936,1936,1936,1936,1936,1936,1936,1936,1936,1936,1936,1936,1936,1936,1936,1936,1936,1936,1936,1936,1936,1936,1936,1936,1936,1936,1936,1936,1936,1936,1936,1936,1936,1936,1936,1936,1936,1936,1936,1936,1936,1936,1936,1936,1936,1936,1936,1936,1936,1936,1936,1936,1936,1936,1936,1936,1936,1936,1936,1936,1936,1936,1936,1936,1936,1936,1936,1936,1936,1936,1936,1936,1936,1936,1936,1936,1936,1936,1936,1936,1936,1936,
size:14
[agent] id:14
path:2901,2794,2687,2580,2473,2474,2475,2368,2369,2370,2371,2264,2157,2050,2051,2052,2053,2054,2055,2056,2057,2058,2059,2060,2061,2062,2063,2064,2065,2066,2067,2068,2069,2070,2071,2072,2073,2074,2075,2076,2077,2078,2079,2080,2081,2082,2083,2084,2085,2086,2087,1980,1981,1982,1983,1984,1985,1986,1987,1988,1989,1990,1991,1884,1885,1886,1887,1888,1889,1782,1675,1568,1461,1354,1247,1140,1033,926,819,820,820,820,820,820,820,820,820,820,820,820,
goal:820,820,820,820,820,820,820,820,820,820,820,820,820,820,820,820,820,820,820,820,820,820,820,820,820,820,820,820,820,820,820,820,820,820,820,820,820,820,820,820,820,820,820,820,820,820,820,820,820,820,820,820,820,820,820,820,820,820,820,820,820,820,820,820,820,820,820,820,820,820,820,820,820,820,820,820,820,820,820,820,820,820,820,820,820,820,820,820,820,820,
size:79
[agent] id:15
path:1965,2072,2179,2286,2393,2500,2607,2714,2821,2928,3035,3036,3037,3038,3039,3040,3041,3042,3043,3044,3045,3046,3047,3048,3049,3050,3051,3052,3053,3054,3055,3056,3057,3058,3059,3060,3061,3062,3169,3170,3171,3172,3173,3280,3387,3494,3601,3708,3815,3922,4029,4136,4243,4350,4457,4456,4563,4562,4669,4669,4669,4669,4669,4669,4669,4669,4669,4669,4669,4669,4669,4669,4669,4669,4669,4669,4669,4669,4669,4669,4669,4669,4669,4669,4669,4669,4669,4669,4669,4669,
goal:4669,4669,4669,4669,4669,4669,4669,4669,4669,4669,4669,4669,4669,4669,4669,4669,4669,4669,4669,4669,4669,4669,4669,4669,4669,4669,4669,4669,4669,4669,4669,4669,4669,4669,4669,4669,4669,4669,4669,4669,4669,4669,4669,4669,4669,4669,4669,4669,4669,4669,4669,4669,4669,4669,4669,4669,4669,4669,4669,4669,4669,4669,4669,4669,4669,4669,4669,4669,4669,4669,4669,4669,4669,4669,4669,4669,4669,4669,4669,4669,4669,4669,4669,4669,4669,4669,4669,4669,4669,4669,
size:58
[agent] id:16
path:2271,2164,2057,2058,2059,2060,2061,2062,2063,2064,2065,2066,2067,2068,2069,2070,2071,2072,2073,1966,1967,1860,1861,1862,1863,1864,1865,1758,1651,1544,1437,1330,1329,1328,1327,1326,1326,1326,1326,1326,1326,1326,1326,1326,1326,1326,1326,1326,1326,1326,1326,1326,1326,1326,1326,1326,1326,1326,1326,1326,1326,1326,1326,1326,1326,1326,1326,1326,1326,1326,1326,1326,1326,1326,1326,1326,1326,1326,1326,1326,1326,1326,1326,1326,1326,1326,1326,1326,1326,1326,
goal:1326,1326,1326,1326,1326,1326,1326,1326,1326,1326,1326,1326,1326,1326,1326,1326,1326,1326,1326,1326,1326,1326,1326,1326,1326,1326,1326,1326,1326,1326,1326,1326,1326,1326,1326,1326,1326,1326,1326,1326,1326,1326,1326,1326,1326,1326,1326,1326,1326,1326,1326,1326,1326,1326,1326,1326,1326,1326,1326,1326,1326,1326,1326,1326,1326,1326,1326,1326,1326,1326,1326,1326,1326,1326,1326,1326,1326,1326,1326,1326,1326,1326,1326,1326,1326,1326,1326,1326,1326,1326,
size:35
[agent] id:17
path:1437,1438,1545,1652,1759,1866,1867,1868,1869,1870,1871,1978,1979,1980,1981,1982,1983,1984,1985,1986,1987,1988,1989,1990,1991,1884,1885,1886,1887,1888,1889,1782,1675,1568,1461,1354,1247,1140,1033,926,819,712,713,714,715,716,717,718,718,718,718,718,718,718,718,718,718,718,718,718,718,718,718,718,718,718,718,718,718,718,718,718,718,718,718,718,718,718,718,718,718,718,718,718,718,718,718,718,718,718,
goal:718,718,718,718,718,718,718,718,718,718,718,718,718,718,718,718,718,718,718,718,718,718,718,718,718,718,718,718,718,718,718,718,718,718,718,718,718,718,718,718,718,718,718,718,718,718,718,718,718,718,718,718,718,718,718,718,718,718,718,718,718,718,718,718,718,718,718,718,718,718,718,718,718,718,718,718,718,718,718,718,718,718,718,718,718,718,718,718,718,718,
size:47
[agent] id:18
path:3067,2960,2853,2746,2639,2532,2425,2318,2211,2104,2105,2106,2107,2108,2109,2110,2111,2111,2111,2111,2111,2111,2111,2111,2111,2111,2111,2111,2111,2111,2111,2111,2111,2111,2111,2111,2111,2111,2111,2111,2111,2111,2111,2111,2111,2111,2111,2111,2111,2111,2111,2111,2111,2111,2111,2111,2111,2111,2111,2111,2111,2111,2111,2111,2111,2111,2111,2111,2111,2111,2111,2111,2111,2111,2111,2111,2111,2111,2111,2111,2111,2111,2111,2111,2111,2111,2111,2111,2111,2111,
goal:2111,2111,2111,2111,2111,2111,2111,2111,2111,2111,2111,2111,2111,2111,2111,2111,2111,2111,2111,2111,2111,2111,2111,2111,2111,2111,2111,2111,2111,2111,2111,2111,2111,2111,2111,2111,2111,2111,2111,2111,2111,2111,2111,2111,2111,2111,2111,2111,2111,2111,2111,2111,2111,2111,2111,2111,2111,2111,2111,2111,2111,2111,2111,2111,2111,2111,2111,2111,2111,2111,2111,2111,2111,2111,2111,2111,2111,2111,2111,2111,2111,2111,2111,2111,2111,2111,2111,2111,2111,2111,
size:16
[agent] id:19
path:1199,1306,1413,1520,1627,1734,1841,1948,2055,2162,2269,2376,2483,2482,2481,2480,2479,2478,2477,2476,2475,2474,2581,2580,2579,2578,2578,2578,2578,2578,2578,2578,2578,2578,2578,2578,2578,2578,2578,2578,2578,2578,2578,2578,2578,2578,2578,2578,2578,2578,2578,2578,2578,2578,2578,2578,2578,2578,2578,2578,2578,2578,2578,2578,2578,2578,2578,2578,2578,2578,2578,2578,2578,2578,2578,2578,2578,2578,2578,2578,2578,2578,2578,2578,2578,2578,2578,2578,2578,2578,
goal:2578,2578,2578,2578,2578,2578,2578,2578,2578,2578,2578,2578,2578,2578,2578,2578,2578,2578,2578,2578,2578,2578,2578,2578,2578,2578,2578,2578,2578,2578,2578,2578,2578,2578,2578,2578,2578,2578,2578,2578,2578,2578,2578,2578,2578,2578,2578,2578,2578,2578,2578,2578,2578,2578,2578,2578,2578,2578,2578,2578,2578,2578,2578,2578,2578,2578,2578,2578,2578,2578,2578,2578,2578,2578,2578,2578,2578,2578,2578,2578,2578,2578,2578,2578,2578,2578,2578,2578,2578,2578,
size:25
SolutionCost:863
