[setting] seed:44
[solver] type:ECBS
[solver] w:3.000000
[solver] ID:0
[solver] Lowlevelnode:7527
[solver] solved:1
[solver] elapsed:30
[solver] makespan:56
[problem] timesteplimit:10000
[problem] type:MAPF
[problem] agentnum:10
[graph] width:107
[graph] height:47
[graph] filename:./map/orz601d.map
[task] id:6,start:0,end:0,service time:0,nodes:2706,
[task] id:5,start:0,end:0,service time:0,nodes:2591,
[task] id:3,start:0,end:0,service time:0,nodes:3036,
[task] id:4,start:0,end:0,service time:0,nodes:3554,
[task] id:0,start:0,end:0,service time:0,nodes:2496,
[task] id:7,start:0,end:0,service time:0,nodes:4083,
[task] id:8,start:0,end:0,service time:0,nodes:2044,
[task] id:2,start:0,end:0,service time:0,nodes:3875,
[task] id:9,start:0,end:0,service time:0,nodes:904,
[task] id:1,start:0,end:0,service time:0,nodes:2445,
[agent] id:0
path:1936,2043,2150,2257,2364,2471,2472,2473,2474,2475,2476,2477,2478,2479,2480,2481,2482,2483,2484,2485,2486,2487,2488,2489,2490,2491,2492,2493,2494,2495,2496,2496,2496,2496,2496,2496,2496,2496,2496,2496,2496,2496,2496,2496,2496,2496,2496,2496,2496,2496,2496,2496,2496,2496,2496,2496,2496,
goal:2496,2496,2496,2496,2496,2496,2496,2496,2496,2496,2496,2496,2496,2496,2496,2496,2496,2496,2496,2496,2496,2496,2496,2496,2496,2496,2496,2496,2496,2496,2496,2496,2496,2496,2496,2496,2496,2496,2496,2496,2496,2496,2496,2496,2496,2496,2496,2496,2496,2496,2496,2496,2496,2496,2496,2496,2496,
size:30
[agent] id:1
path:1965,2072,2179,2286,2393,2394,2395,2396,2397,2398,2399,2400,2401,2402,2403,2404,2405,2406,2407,2408,2409,2410,2411,2412,2413,2414,2415,2416,2417,2418,2419,2420,2421,2422,2423,2424,2425,2426,2427,2428,2429,2430,2431,2432,2433,2434,2435,2436,2437,2438,2439,2440,2441,2442,2443,2444,2445,
goal:2445,2445,2445,2445,2445,2445,2445,2445,2445,2445,2445,2445,2445,2445,2445,2445,2445,2445,2445,2445,2445,2445,2445,2445,2445,2445,2445,2445,2445,2445,2445,2445,2445,2445,2445,2445,2445,2445,2445,2445,2445,2445,2445,2445,2445,2445,2445,2445,2445,2445,2445,2445,2445,2445,2445,2445,2445,
size:56
[agent] id:2
path:2838,2945,3052,3051,3050,3049,3048,3047,3046,3045,3044,3043,3042,3041,3040,3039,3038,3037,3036,3035,3034,3033,3032,3031,3030,3029,3028,3027,3026,3025,3024,3131,3238,3345,3344,3343,3342,3341,3340,3447,3446,3553,3660,3767,3874,3875,3875,3875,3875,3875,3875,3875,3875,3875,3875,3875,3875,
goal:3875,3875,3875,3875,3875,3875,3875,3875,3875,3875,3875,3875,3875,3875,3875,3875,3875,3875,3875,3875,3875,3875,3875,3875,3875,3875,3875,3875,3875,3875,3875,3875,3875,3875,3875,3875,3875,3875,3875,3875,3875,3875,3875,3875,3875,3875,3875,3875,3875,3875,3875,3875,3875,3875,3875,3875,3875,
size:45
[agent] id:3
path:2806,2913,2914,2915,2916,2917,2918,2918,2919,2920,2921,2922,2923,2924,2925,2926,2927,2928,2929,2929,3036,3036,3036,3036,3036,3036,3036,3036,3036,3036,3036,3036,3036,3036,3036,3036,3036,3036,3036,3036,3036,3036,3036,3036,3036,3036,3036,3036,3036,3036,3036,3036,3036,3036,3036,3036,3036,
goal:3036,3036,3036,3036,3036,3036,3036,3036,3036,3036,3036,3036,3036,3036,3036,3036,3036,3036,3036,3036,3036,3036,3036,3036,3036,3036,3036,3036,3036,3036,3036,3036,3036,3036,3036,3036,3036,3036,3036,3036,3036,3036,3036,3036,3036,3036,3036,3036,3036,3036,3036,3036,3036,3036,3036,3036,3036,
size:20
[agent] id:4
path:2170,2277,2384,2491,2598,2705,2812,2919,3026,3025,3024,3131,3238,3345,3344,3343,3342,3341,3340,3447,3554,3554,3554,3554,3554,3554,3554,3554,3554,3554,3554,3554,3554,3554,3554,3554,3554,3554,3554,3554,3554,3554,3554,3554,3554,3554,3554,3554,3554,3554,3554,3554,3554,3554,3554,3554,3554,
goal:3554,3554,3554,3554,3554,3554,3554,3554,3554,3554,3554,3554,3554,3554,3554,3554,3554,3554,3554,3554,3554,3554,3554,3554,3554,3554,3554,3554,3554,3554,3554,3554,3554,3554,3554,3554,3554,3554,3554,3554,3554,3554,3554,3554,3554,3554,3554,3554,3554,3554,3554,3554,3554,3554,3554,3554,3554,
size:20
[agent] id:5
path:665,772,879,986,1093,1200,1307,1414,1521,1628,1735,1842,1949,2056,2163,2270,2377,2484,2591,2591,2591,2591,2591,2591,2591,2591,2591,2591,2591,2591,2591,2591,2591,2591,2591,2591,2591,2591,2591,2591,2591,2591,2591,2591,2591,2591,2591,2591,2591,2591,2591,2591,2591,2591,2591,2591,2591,
goal:2591,2591,2591,2591,2591,2591,2591,2591,2591,2591,2591,2591,2591,2591,2591,2591,2591,2591,2591,2591,2591,2591,2591,2591,2591,2591,2591,2591,2591,2591,2591,2591,2591,2591,2591,2591,2591,2591,2591,2591,2591,2591,2591,2591,2591,2591,2591,2591,2591,2591,2591,2591,2591,2591,2591,2591,2591,
size:18
[agent] id:6
path:3337,3230,3123,3016,2909,2802,2695,2696,2697,2698,2699,2700,2701,2702,2703,2704,2705,2706,2706,2706,2706,2706,2706,2706,2706,2706,2706,2706,2706,2706,2706,2706,2706,2706,2706,2706,2706,2706,2706,2706,2706,2706,2706,2706,2706,2706,2706,2706,2706,2706,2706,2706,2706,2706,2706,2706,2706,
goal:2706,2706,2706,2706,2706,2706,2706,2706,2706,2706,2706,2706,2706,2706,2706,2706,2706,2706,2706,2706,2706,2706,2706,2706,2706,2706,2706,2706,2706,2706,2706,2706,2706,2706,2706,2706,2706,2706,2706,2706,2706,2706,2706,2706,2706,2706,2706,2706,2706,2706,2706,2706,2706,2706,2706,2706,2706,
size:17
[agent] id:7
path:2470,2471,2472,2473,2474,2475,2476,2477,2478,2585,2692,2799,2906,3013,3014,3121,3228,3335,3336,3337,3338,3339,3446,3553,3660,3767,3874,3981,4088,4087,4086,4085,4084,4083,4083,4083,4083,4083,4083,4083,4083,4083,4083,4083,4083,4083,4083,4083,4083,4083,4083,4083,4083,4083,4083,4083,4083,
goal:4083,4083,4083,4083,4083,4083,4083,4083,4083,4083,4083,4083,4083,4083,4083,4083,4083,4083,4083,4083,4083,4083,4083,4083,4083,4083,4083,4083,4083,4083,4083,4083,4083,4083,4083,4083,4083,4083,4083,4083,4083,4083,4083,4083,4083,4083,4083,4083,4083,4083,4083,4083,4083,4083,4083,4083,4083,
size:33
[agent] id:8
path:3249,3142,3035,2928,2821,2714,2607,2500,2393,2392,2391,2390,2389,2388,2387,2386,2385,2384,2383,2382,2381,2380,2379,2378,2377,2376,2375,2374,2373,2372,2371,2370,2369,2368,2367,2260,2153,2046,2045,2044,2044,2044,2044,2044,2044,2044,2044,2044,2044,2044,2044,2044,2044,2044,2044,2044,2044,
goal:2044,2044,2044,2044,2044,2044,2044,2044,2044,2044,2044,2044,2044,2044,2044,2044,2044,2044,2044,2044,2044,2044,2044,2044,2044,2044,2044,2044,2044,2044,2044,2044,2044,2044,2044,2044,2044,2044,2044,2044,2044,2044,2044,2044,2044,2044,2044,2044,2044,2044,2044,2044,2044,2044,2044,2044,2044,
size:39
[agent] id:9
path:2857,2750,2643,2536,2429,2322,2215,2108,2001,2000,1999,1998,1997,1996,1995,1994,1993,1992,1991,1990,1989,1988,1987,1986,1985,1984,1983,1982,1981,1980,1979,1978,1871,1870,1869,1868,1867,1866,1759,1652,1545,1438,1331,1224,1117,1010,903,904,904,904,904,904,904,904,904,904,904,
goal:904,904,904,904,904,904,904,904,904,904,904,904,904,904,904,904,904,904,904,904,904,904,904,904,904,904,904,904,904,904,904,904,904,904,904,904,904,904,904,904,904,904,904,904,904,904,904,904,904,904,904,904,904,904,904,904,904,
size:47
SolutionCost:325
