[setting] seed:33
[solver] type:ECBS
[solver] w:3.000000
[solver] ID:0
[solver] Lowlevelnode:1535
[solver] solved:1
[solver] elapsed:19
[solver] makespan:86
[problem] timesteplimit:10000
[problem] type:MAPF
[problem] agentnum:20
[graph] width:107
[graph] height:47
[graph] filename:./map/orz601d.map
[task] id:3,start:0,end:0,service time:0,nodes:2852,
[task] id:1,start:0,end:0,service time:0,nodes:1308,
[task] id:6,start:0,end:0,service time:0,nodes:2003,
[task] id:5,start:0,end:0,service time:0,nodes:1110,
[task] id:2,start:0,end:0,service time:0,nodes:3169,
[task] id:17,start:0,end:0,service time:0,nodes:3121,
[task] id:16,start:0,end:0,service time:0,nodes:2724,
[task] id:7,start:0,end:0,service time:0,nodes:3236,
[task] id:18,start:0,end:0,service time:0,nodes:2816,
[task] id:14,start:0,end:0,service time:0,nodes:341,
[task] id:13,start:0,end:0,service time:0,nodes:1250,
[task] id:0,start:0,end:0,service time:0,nodes:1141,
[task] id:9,start:0,end:0,service time:0,nodes:2380,
[task] id:11,start:0,end:0,service time:0,nodes:1747,
[task] id:15,start:0,end:0,service time:0,nodes:2124,
[task] id:4,start:0,end:0,service time:0,nodes:905,
[task] id:8,start:0,end:0,service time:0,nodes:1217,
[task] id:10,start:0,end:0,service time:0,nodes:2066,
[task] id:12,start:0,end:0,service time:0,nodes:473,
[task] id:19,start:0,end:0,service time:0,nodes:4297,
[agent] id:0
path:3157,3050,2943,2836,2729,2622,2515,2408,2301,2194,2087,1980,1981,1982,1983,1984,1985,1986,1987,1988,1989,1990,1991,1884,1885,1886,1887,1888,1889,1782,1675,1568,1461,1354,1247,1140,1141,1141,1141,1141,1141,1141,1141,1141,1141,1141,1141,1141,1141,1141,1141,1141,1141,1141,1141,1141,1141,1141,1141,1141,1141,1141,1141,1141,1141,1141,1141,1141,1141,1141,1141,1141,1141,1141,1141,1141,1141,1141,1141,1141,1141,1141,1141,1141,1141,1141,1141,
goal:1141,1141,1141,1141,1141,1141,1141,1141,1141,1141,1141,1141,1141,1141,1141,1141,1141,1141,1141,1141,1141,1141,1141,1141,1141,1141,1141,1141,1141,1141,1141,1141,1141,1141,1141,1141,1141,1141,1141,1141,1141,1141,1141,1141,1141,1141,1141,1141,1141,1141,1141,1141,1141,1141,1141,1141,1141,1141,1141,1141,1141,1141,1141,1141,1141,1141,1141,1141,1141,1141,1141,1141,1141,1141,1141,1141,1141,1141,1141,1141,1141,1141,1141,1141,1141,1141,1141,
size:36
[agent] id:1
path:452,559,666,773,880,987,1094,1201,1308,1308,1308,1308,1308,1308,1308,1308,1308,1308,1308,1308,1308,1308,1308,1308,1308,1308,1308,1308,1308,1308,1308,1308,1308,1308,1308,1308,1308,1308,1308,1308,1308,1308,1308,1308,1308,1308,1308,1308,1308,1308,1308,1308,1308,1308,1308,1308,1308,1308,1308,1308,1308,1308,1308,1308,1308,1308,1308,1308,1308,1308,1308,1308,1308,1308,1308,1308,1308,1308,1308,1308,1308,1308,1308,1308,1308,1308,1308,
goal:1308,1308,1308,1308,1308,1308,1308,1308,1308,1308,1308,1308,1308,1308,1308,1308,1308,1308,1308,1308,1308,1308,1308,1308,1308,1308,1308,1308,1308,1308,1308,1308,1308,1308,1308,1308,1308,1308,1308,1308,1308,1308,1308,1308,1308,1308,1308,1308,1308,1308,1308,1308,1308,1308,1308,1308,1308,1308,1308,1308,1308,1308,1308,1308,1308,1308,1308,1308,1308,1308,1308,1308,1308,1308,1308,1308,1308,1308,1308,1308,1308,1308,1308,1308,1308,1308,1308,
size:8
[agent] id:2
path:2328,2435,2542,2649,2756,2863,2970,3077,3076,3075,3074,3073,3072,3179,3178,3177,3176,3175,3174,3173,3172,3171,3170,3169,3169,3169,3169,3169,3169,3169,3169,3169,3169,3169,3169,3169,3169,3169,3169,3169,3169,3169,3169,3169,3169,3169,3169,3169,3169,3169,3169,3169,3169,3169,3169,3169,3169,3169,3169,3169,3169,3169,3169,3169,3169,3169,3169,3169,3169,3169,3169,3169,3169,3169,3169,3169,3169,3169,3169,3169,3169,3169,3169,3169,3169,3169,3169,
goal:3169,3169,3169,3169,3169,3169,3169,3169,3169,3169,3169,3169,3169,3169,3169,3169,3169,3169,3169,3169,3169,3169,3169,3169,3169,3169,3169,3169,3169,3169,3169,3169,3169,3169,3169,3169,3169,3169,3169,3169,3169,3169,3169,3169,3169,3169,3169,3169,3169,3169,3169,3169,3169,3169,3169,3169,3169,3169,3169,3169,3169,3169,3169,3169,3169,3169,3169,3169,3169,3169,3169,3169,3169,3169,3169,3169,3169,3169,3169,3169,3169,3169,3169,3169,3169,3169,3169,
size:23
[agent] id:3
path:3176,3069,2962,2855,2854,2853,2852,2852,2852,2852,2852,2852,2852,2852,2852,2852,2852,2852,2852,2852,2852,2852,2852,2852,2852,2852,2852,2852,2852,2852,2852,2852,2852,2852,2852,2852,2852,2852,2852,2852,2852,2852,2852,2852,2852,2852,2852,2852,2852,2852,2852,2852,2852,2852,2852,2852,2852,2852,2852,2852,2852,2852,2852,2852,2852,2852,2852,2852,2852,2852,2852,2852,2852,2852,2852,2852,2852,2852,2852,2852,2852,2852,2852,2852,2852,2852,2852,
goal:2852,2852,2852,2852,2852,2852,2852,2852,2852,2852,2852,2852,2852,2852,2852,2852,2852,2852,2852,2852,2852,2852,2852,2852,2852,2852,2852,2852,2852,2852,2852,2852,2852,2852,2852,2852,2852,2852,2852,2852,2852,2852,2852,2852,2852,2852,2852,2852,2852,2852,2852,2852,2852,2852,2852,2852,2852,2852,2852,2852,2852,2852,2852,2852,2852,2852,2852,2852,2852,2852,2852,2852,2852,2852,2852,2852,2852,2852,2852,2852,2852,2852,2852,2852,2852,2852,2852,
size:6
[agent] id:4
path:1204,1203,1202,1309,1416,1415,1414,1521,1628,1735,1842,1843,1844,1845,1846,1847,1954,1955,1956,1957,1958,1959,1960,1961,1962,1963,1964,1965,1966,1967,1860,1861,1862,1863,1864,1865,1758,1651,1544,1437,1330,1223,1116,1009,902,903,904,905,905,905,905,905,905,905,905,905,905,905,905,905,905,905,905,905,905,905,905,905,905,905,905,905,905,905,905,905,905,905,905,905,905,905,905,905,905,905,905,
goal:905,905,905,905,905,905,905,905,905,905,905,905,905,905,905,905,905,905,905,905,905,905,905,905,905,905,905,905,905,905,905,905,905,905,905,905,905,905,905,905,905,905,905,905,905,905,905,905,905,905,905,905,905,905,905,905,905,905,905,905,905,905,905,905,905,905,905,905,905,905,905,905,905,905,905,905,905,905,905,905,905,905,905,905,905,905,905,
size:47
[agent] id:5
path:907,1014,1121,1120,1119,1118,1117,1116,1115,1114,1113,1112,1111,1110,1110,1110,1110,1110,1110,1110,1110,1110,1110,1110,1110,1110,1110,1110,1110,1110,1110,1110,1110,1110,1110,1110,1110,1110,1110,1110,1110,1110,1110,1110,1110,1110,1110,1110,1110,1110,1110,1110,1110,1110,1110,1110,1110,1110,1110,1110,1110,1110,1110,1110,1110,1110,1110,1110,1110,1110,1110,1110,1110,1110,1110,1110,1110,1110,1110,1110,1110,1110,1110,1110,1110,1110,1110,
goal:1110,1110,1110,1110,1110,1110,1110,1110,1110,1110,1110,1110,1110,1110,1110,1110,1110,1110,1110,1110,1110,1110,1110,1110,1110,1110,1110,1110,1110,1110,1110,1110,1110,1110,1110,1110,1110,1110,1110,1110,1110,1110,1110,1110,1110,1110,1110,1110,1110,1110,1110,1110,1110,1110,1110,1110,1110,1110,1110,1110,1110,1110,1110,1110,1110,1110,1110,1110,1110,1110,1110,1110,1110,1110,1110,1110,1110,1110,1110,1110,1110,1110,1110,1110,1110,1110,1110,
size:13
[agent] id:6
path:2118,2011,2010,2009,2008,2007,2006,2005,2004,2003,2003,2003,2003,2003,2003,2003,2003,2003,2003,2003,2003,2003,2003,2003,2003,2003,2003,2003,2003,2003,2003,2003,2003,2003,2003,2003,2003,2003,2003,2003,2003,2003,2003,2003,2003,2003,2003,2003,2003,2003,2003,2003,2003,2003,2003,2003,2003,2003,2003,2003,2003,2003,2003,2003,2003,2003,2003,2003,2003,2003,2003,2003,2003,2003,2003,2003,2003,2003,2003,2003,2003,2003,2003,2003,2003,2003,2003,
goal:2003,2003,2003,2003,2003,2003,2003,2003,2003,2003,2003,2003,2003,2003,2003,2003,2003,2003,2003,2003,2003,2003,2003,2003,2003,2003,2003,2003,2003,2003,2003,2003,2003,2003,2003,2003,2003,2003,2003,2003,2003,2003,2003,2003,2003,2003,2003,2003,2003,2003,2003,2003,2003,2003,2003,2003,2003,2003,2003,2003,2003,2003,2003,2003,2003,2003,2003,2003,2003,2003,2003,2003,2003,2003,2003,2003,2003,2003,2003,2003,2003,2003,2003,2003,2003,2003,2003,
size:9
[agent] id:7
path:2509,2616,2723,2830,2937,3044,3043,3042,3041,3040,3039,3038,3037,3036,3035,3034,3033,3032,3031,3030,3029,3028,3027,3026,3025,3024,3131,3238,3237,3236,3236,3236,3236,3236,3236,3236,3236,3236,3236,3236,3236,3236,3236,3236,3236,3236,3236,3236,3236,3236,3236,3236,3236,3236,3236,3236,3236,3236,3236,3236,3236,3236,3236,3236,3236,3236,3236,3236,3236,3236,3236,3236,3236,3236,3236,3236,3236,3236,3236,3236,3236,3236,3236,3236,3236,3236,3236,
goal:3236,3236,3236,3236,3236,3236,3236,3236,3236,3236,3236,3236,3236,3236,3236,3236,3236,3236,3236,3236,3236,3236,3236,3236,3236,3236,3236,3236,3236,3236,3236,3236,3236,3236,3236,3236,3236,3236,3236,3236,3236,3236,3236,3236,3236,3236,3236,3236,3236,3236,3236,3236,3236,3236,3236,3236,3236,3236,3236,3236,3236,3236,3236,3236,3236,3236,3236,3236,3236,3236,3236,3236,3236,3236,3236,3236,3236,3236,3236,3236,3236,3236,3236,3236,3236,3236,3236,
size:29
[agent] id:8
path:2792,2685,2578,2471,2364,2365,2366,2367,2368,2369,2370,2371,2264,2157,2050,1943,1944,1945,1946,1947,1948,1949,1950,1951,1952,1953,1954,1955,1956,1957,1958,1959,1960,1961,1962,1963,1964,1965,1966,1967,1860,1861,1862,1863,1864,1865,1758,1651,1544,1437,1330,1223,1222,1221,1220,1219,1218,1217,1217,1217,1217,1217,1217,1217,1217,1217,1217,1217,1217,1217,1217,1217,1217,1217,1217,1217,1217,1217,1217,1217,1217,1217,1217,1217,1217,1217,1217,
goal:1217,1217,1217,1217,1217,1217,1217,1217,1217,1217,1217,1217,1217,1217,1217,1217,1217,1217,1217,1217,1217,1217,1217,1217,1217,1217,1217,1217,1217,1217,1217,1217,1217,1217,1217,1217,1217,1217,1217,1217,1217,1217,1217,1217,1217,1217,1217,1217,1217,1217,1217,1217,1217,1217,1217,1217,1217,1217,1217,1217,1217,1217,1217,1217,1217,1217,1217,1217,1217,1217,1217,1217,1217,1217,1217,1217,1217,1217,1217,1217,1217,1217,1217,1217,1217,1217,1217,
size:57
[agent] id:9
path:904,1011,1118,1225,1332,1439,1438,1545,1652,1759,1866,1973,2080,2187,2294,2401,2400,2399,2398,2397,2396,2395,2394,2393,2392,2391,2390,2389,2388,2387,2386,2385,2384,2383,2382,2381,2380,2380,2380,2380,2380,2380,2380,2380,2380,2380,2380,2380,2380,2380,2380,2380,2380,2380,2380,2380,2380,2380,2380,2380,2380,2380,2380,2380,2380,2380,2380,2380,2380,2380,2380,2380,2380,2380,2380,2380,2380,2380,2380,2380,2380,2380,2380,2380,2380,2380,2380,
goal:2380,2380,2380,2380,2380,2380,2380,2380,2380,2380,2380,2380,2380,2380,2380,2380,2380,2380,2380,2380,2380,2380,2380,2380,2380,2380,2380,2380,2380,2380,2380,2380,2380,2380,2380,2380,2380,2380,2380,2380,2380,2380,2380,2380,2380,2380,2380,2380,2380,2380,2380,2380,2380,2380,2380,2380,2380,2380,2380,2380,2380,2380,2380,2380,2380,2380,2380,2380,2380,2380,2380,2380,2380,2380,2380,2380,2380,2380,2380,2380,2380,2380,2380,2380,2380,2380,2380,
size:36
[agent] id:10
path:2231,2124,2123,2122,2121,2120,2119,2118,2117,2116,2115,2114,2113,2112,2111,2110,2109,2108,2107,2106,2105,2104,2103,2102,2101,2100,2099,2098,2097,2096,2095,2094,2093,2092,2091,2090,2089,2088,2087,2086,2085,2084,2083,2082,2081,2080,2079,2078,2077,2076,2075,2074,2073,2072,2071,2070,2069,2068,2067,2066,2066,2066,2066,2066,2066,2066,2066,2066,2066,2066,2066,2066,2066,2066,2066,2066,2066,2066,2066,2066,2066,2066,2066,2066,2066,2066,2066,
goal:2066,2066,2066,2066,2066,2066,2066,2066,2066,2066,2066,2066,2066,2066,2066,2066,2066,2066,2066,2066,2066,2066,2066,2066,2066,2066,2066,2066,2066,2066,2066,2066,2066,2066,2066,2066,2066,2066,2066,2066,2066,2066,2066,2066,2066,2066,2066,2066,2066,2066,2066,2066,2066,2066,2066,2066,2066,2066,2066,2066,2066,2066,2066,2066,2066,2066,2066,2066,2066,2066,2066,2066,2066,2066,2066,2066,2066,2066,2066,2066,2066,2066,2066,2066,2066,2066,2066,
size:59
[agent] id:11
path:3113,3006,2899,2792,2685,2578,2471,2364,2365,2366,2367,2368,2369,2370,2371,2264,2157,2050,1943,1944,1945,1946,1947,1948,1949,1950,1951,1952,1953,1954,1955,1956,1957,1958,1959,1852,1853,1746,1747,1747,1747,1747,1747,1747,1747,1747,1747,1747,1747,1747,1747,1747,1747,1747,1747,1747,1747,1747,1747,1747,1747,1747,1747,1747,1747,1747,1747,1747,1747,1747,1747,1747,1747,1747,1747,1747,1747,1747,1747,1747,1747,1747,1747,1747,1747,1747,1747,
goal:1747,1747,1747,1747,1747,1747,1747,1747,1747,1747,1747,1747,1747,1747,1747,1747,1747,1747,1747,1747,1747,1747,1747,1747,1747,1747,1747,1747,1747,1747,1747,1747,1747,1747,1747,1747,1747,1747,1747,1747,1747,1747,1747,1747,1747,1747,1747,1747,1747,1747,1747,1747,1747,1747,1747,1747,1747,1747,1747,1747,1747,1747,1747,1747,1747,1747,1747,1747,1747,1747,1747,1747,1747,1747,1747,1747,1747,1747,1747,1747,1747,1747,1747,1747,1747,1747,1747,
size:38
[agent] id:12
path:3008,2901,2794,2687,2580,2473,2474,2475,2476,2477,2478,2479,2372,2265,2158,2051,2052,2053,2054,2055,2056,2057,2058,2059,2060,2061,2062,2063,2064,2065,2066,2067,2068,2069,2070,2071,2072,2073,2074,2075,1968,1969,1970,1971,1972,1972,1865,1758,1651,1544,1437,1330,1223,1116,1009,902,795,688,581,474,473,473,473,473,473,473,473,473,473,473,473,473,473,473,473,473,473,473,473,473,473,473,473,473,473,473,473,
goal:473,473,473,473,473,473,473,473,473,473,473,473,473,473,473,473,473,473,473,473,473,473,473,473,473,473,473,473,473,473,473,473,473,473,473,473,473,473,473,473,473,473,473,473,473,473,473,473,473,473,473,473,473,473,473,473,473,473,473,473,473,473,473,473,473,473,473,473,473,473,473,473,473,473,473,473,473,473,473,473,473,473,473,473,473,473,473,
size:60
[agent] id:13
path:1867,1868,1869,1870,1871,1978,1979,1980,1981,1982,1983,1984,1985,1986,1987,1988,1989,1990,1991,1884,1885,1886,1887,1888,1889,1782,1675,1568,1461,1354,1247,1248,1249,1250,1250,1250,1250,1250,1250,1250,1250,1250,1250,1250,1250,1250,1250,1250,1250,1250,1250,1250,1250,1250,1250,1250,1250,1250,1250,1250,1250,1250,1250,1250,1250,1250,1250,1250,1250,1250,1250,1250,1250,1250,1250,1250,1250,1250,1250,1250,1250,1250,1250,1250,1250,1250,1250,
goal:1250,1250,1250,1250,1250,1250,1250,1250,1250,1250,1250,1250,1250,1250,1250,1250,1250,1250,1250,1250,1250,1250,1250,1250,1250,1250,1250,1250,1250,1250,1250,1250,1250,1250,1250,1250,1250,1250,1250,1250,1250,1250,1250,1250,1250,1250,1250,1250,1250,1250,1250,1250,1250,1250,1250,1250,1250,1250,1250,1250,1250,1250,1250,1250,1250,1250,1250,1250,1250,1250,1250,1250,1250,1250,1250,1250,1250,1250,1250,1250,1250,1250,1250,1250,1250,1250,1250,
size:33
[agent] id:14
path:3014,2907,2800,2693,2586,2479,2372,2265,2158,2051,1944,1837,1838,1839,1840,1841,1734,1627,1520,1413,1306,1199,1092,985,878,771,664,557,450,449,448,341,341,341,341,341,341,341,341,341,341,341,341,341,341,341,341,341,341,341,341,341,341,341,341,341,341,341,341,341,341,341,341,341,341,341,341,341,341,341,341,341,341,341,341,341,341,341,341,341,341,341,341,341,341,341,341,
goal:341,341,341,341,341,341,341,341,341,341,341,341,341,341,341,341,341,341,341,341,341,341,341,341,341,341,341,341,341,341,341,341,341,341,341,341,341,341,341,341,341,341,341,341,341,341,341,341,341,341,341,341,341,341,341,341,341,341,341,341,341,341,341,341,341,341,341,341,341,341,341,341,341,341,341,341,341,341,341,341,341,341,341,341,341,341,341,
size:31
[agent] id:15
path:1977,1978,1979,1980,1981,1982,1983,1984,1985,1986,1987,1988,1989,1990,1991,1992,1993,1994,1995,1996,1997,1998,2105,2106,2107,2108,2109,2110,2111,2112,2113,2114,2115,2116,2117,2118,2119,2120,2121,2122,2123,2124,2124,2124,2124,2124,2124,2124,2124,2124,2124,2124,2124,2124,2124,2124,2124,2124,2124,2124,2124,2124,2124,2124,2124,2124,2124,2124,2124,2124,2124,2124,2124,2124,2124,2124,2124,2124,2124,2124,2124,2124,2124,2124,2124,2124,2124,
goal:2124,2124,2124,2124,2124,2124,2124,2124,2124,2124,2124,2124,2124,2124,2124,2124,2124,2124,2124,2124,2124,2124,2124,2124,2124,2124,2124,2124,2124,2124,2124,2124,2124,2124,2124,2124,2124,2124,2124,2124,2124,2124,2124,2124,2124,2124,2124,2124,2124,2124,2124,2124,2124,2124,2124,2124,2124,2124,2124,2124,2124,2124,2124,2124,2124,2124,2124,2124,2124,2124,2124,2124,2124,2124,2124,2124,2124,2124,2124,2124,2124,2124,2124,2124,2124,2124,2124,
size:41
[agent] id:16
path:2275,2382,2489,2596,2703,2704,2705,2706,2707,2708,2709,2710,2711,2712,2713,2714,2715,2716,2717,2718,2719,2720,2721,2722,2723,2724,2724,2724,2724,2724,2724,2724,2724,2724,2724,2724,2724,2724,2724,2724,2724,2724,2724,2724,2724,2724,2724,2724,2724,2724,2724,2724,2724,2724,2724,2724,2724,2724,2724,2724,2724,2724,2724,2724,2724,2724,2724,2724,2724,2724,2724,2724,2724,2724,2724,2724,2724,2724,2724,2724,2724,2724,2724,2724,2724,2724,2724,
goal:2724,2724,2724,2724,2724,2724,2724,2724,2724,2724,2724,2724,2724,2724,2724,2724,2724,2724,2724,2724,2724,2724,2724,2724,2724,2724,2724,2724,2724,2724,2724,2724,2724,2724,2724,2724,2724,2724,2724,2724,2724,2724,2724,2724,2724,2724,2724,2724,2724,2724,2724,2724,2724,2724,2724,2724,2724,2724,2724,2724,2724,2724,2724,2724,2724,2724,2724,2724,2724,2724,2724,2724,2724,2724,2724,2724,2724,2724,2724,2724,2724,2724,2724,2724,2724,2724,2724,
size:25
[agent] id:17
path:2037,2144,2251,2358,2465,2466,2467,2468,2469,2470,2471,2472,2473,2474,2475,2476,2477,2478,2585,2692,2799,2906,3013,3014,3121,3121,3121,3121,3121,3121,3121,3121,3121,3121,3121,3121,3121,3121,3121,3121,3121,3121,3121,3121,3121,3121,3121,3121,3121,3121,3121,3121,3121,3121,3121,3121,3121,3121,3121,3121,3121,3121,3121,3121,3121,3121,3121,3121,3121,3121,3121,3121,3121,3121,3121,3121,3121,3121,3121,3121,3121,3121,3121,3121,3121,3121,3121,
goal:3121,3121,3121,3121,3121,3121,3121,3121,3121,3121,3121,3121,3121,3121,3121,3121,3121,3121,3121,3121,3121,3121,3121,3121,3121,3121,3121,3121,3121,3121,3121,3121,3121,3121,3121,3121,3121,3121,3121,3121,3121,3121,3121,3121,3121,3121,3121,3121,3121,3121,3121,3121,3121,3121,3121,3121,3121,3121,3121,3121,3121,3121,3121,3121,3121,3121,3121,3121,3121,3121,3121,3121,3121,3121,3121,3121,3121,3121,3121,3121,3121,3121,3121,3121,3121,3121,3121,
size:24
[agent] id:18
path:1409,1410,1411,1412,1413,1520,1627,1734,1841,1948,2055,2162,2269,2376,2483,2590,2697,2804,2805,2806,2807,2808,2809,2810,2811,2812,2813,2814,2815,2816,2816,2816,2816,2816,2816,2816,2816,2816,2816,2816,2816,2816,2816,2816,2816,2816,2816,2816,2816,2816,2816,2816,2816,2816,2816,2816,2816,2816,2816,2816,2816,2816,2816,2816,2816,2816,2816,2816,2816,2816,2816,2816,2816,2816,2816,2816,2816,2816,2816,2816,2816,2816,2816,2816,2816,2816,2816,
goal:2816,2816,2816,2816,2816,2816,2816,2816,2816,2816,2816,2816,2816,2816,2816,2816,2816,2816,2816,2816,2816,2816,2816,2816,2816,2816,2816,2816,2816,2816,2816,2816,2816,2816,2816,2816,2816,2816,2816,2816,2816,2816,2816,2816,2816,2816,2816,2816,2816,2816,2816,2816,2816,2816,2816,2816,2816,2816,2816,2816,2816,2816,2816,2816,2816,2816,2816,2816,2816,2816,2816,2816,2816,2816,2816,2816,2816,2816,2816,2816,2816,2816,2816,2816,2816,2816,2816,
size:29
[agent] id:19
path:1035,1142,1249,1356,1463,1462,1569,1676,1783,1890,1997,2104,2211,2318,2425,2532,2639,2746,2853,2960,3067,3066,3065,3064,3063,3062,3061,3060,3059,3058,3057,3056,3055,3054,3053,3052,3051,3050,3049,3048,3047,3046,3045,3044,3043,3042,3041,3040,3039,3038,3037,3036,3035,3034,3033,3032,3031,3030,3029,3028,3027,3026,3025,3024,3131,3238,3345,3344,3343,3342,3341,3340,3447,3554,3661,3768,3875,3982,4089,4196,4303,4302,4301,4300,4299,4298,4297,
goal:4297,4297,4297,4297,4297,4297,4297,4297,4297,4297,4297,4297,4297,4297,4297,4297,4297,4297,4297,4297,4297,4297,4297,4297,4297,4297,4297,4297,4297,4297,4297,4297,4297,4297,4297,4297,4297,4297,4297,4297,4297,4297,4297,4297,4297,4297,4297,4297,4297,4297,4297,4297,4297,4297,4297,4297,4297,4297,4297,4297,4297,4297,4297,4297,4297,4297,4297,4297,4297,4297,4297,4297,4297,4297,4297,4297,4297,4297,4297,4297,4297,4297,4297,4297,4297,4297,4297,
size:86
SolutionCost:690
