[setting] seed:67
[solver] type:ECBS
[solver] w:2.000000
[solver] ID:0
[solver] Lowlevelnode:2665
[solver] ConflictCount:9
[solver] solved:1
[solver] elapsed:20
[solver] makespan:41
[problem] timesteplimit:10000
[problem] type:MAPF
[problem] agentnum:30
[graph] width:35
[graph] height:21
[graph] filename:./map/warehouse_middle.map
[task] id:2,start:0,end:0,service time:0,nodes:395,
[task] id:4,start:0,end:0,service time:0,nodes:418,
[task] id:8,start:0,end:0,service time:0,nodes:556,
[task] id:14,start:0,end:0,service time:0,nodes:37,
[task] id:26,start:0,end:0,service time:0,nodes:313,
[task] id:25,start:0,end:0,service time:0,nodes:531,
[task] id:15,start:0,end:0,service time:0,nodes:283,
[task] id:28,start:0,end:0,service time:0,nodes:112,
[task] id:13,start:0,end:0,service time:0,nodes:201,
[task] id:21,start:0,end:0,service time:0,nodes:468,
[task] id:22,start:0,end:0,service time:0,nodes:475,
[task] id:9,start:0,end:0,service time:0,nodes:331,
[task] id:3,start:0,end:0,service time:0,nodes:116,
[task] id:12,start:0,end:0,service time:0,nodes:293,
[task] id:24,start:0,end:0,service time:0,nodes:546,
[task] id:10,start:0,end:0,service time:0,nodes:422,
[task] id:18,start:0,end:0,service time:0,nodes:402,
[task] id:29,start:0,end:0,service time:0,nodes:60,
[task] id:11,start:0,end:0,service time:0,nodes:712,
[task] id:6,start:0,end:0,service time:0,nodes:163,
[task] id:0,start:0,end:0,service time:0,nodes:423,
[task] id:23,start:0,end:0,service time:0,nodes:188,
[task] id:1,start:0,end:0,service time:0,nodes:131,
[task] id:7,start:0,end:0,service time:0,nodes:726,
[task] id:27,start:0,end:0,service time:0,nodes:565,
[task] id:20,start:0,end:0,service time:0,nodes:477,
[task] id:5,start:0,end:0,service time:0,nodes:561,
[task] id:16,start:0,end:0,service time:0,nodes:32,
[task] id:19,start:0,end:0,service time:0,nodes:450,
[task] id:17,start:0,end:0,service time:0,nodes:675,
[agent] id:0
path:722,687,686,685,684,683,682,647,612,577,542,507,472,437,436,435,434,433,432,431,430,429,428,427,426,425,424,423,423,423,423,423,423,423,423,423,423,423,423,423,423,423,
goal:423,423,423,423,423,423,423,423,423,423,423,423,423,423,423,423,423,423,423,423,423,423,423,423,423,423,423,423,423,423,423,423,423,423,423,423,423,423,423,423,423,423,
size:27
[agent] id:1
path:318,283,248,213,178,143,108,109,110,111,112,113,114,115,116,117,118,119,120,121,122,123,124,125,126,127,128,129,130,131,131,131,131,131,131,131,131,131,131,131,131,131,
goal:131,131,131,131,131,131,131,131,131,131,131,131,131,131,131,131,131,131,131,131,131,131,131,131,131,131,131,131,131,131,131,131,131,131,131,131,131,131,131,131,131,131,
size:29
[agent] id:2
path:463,428,393,394,395,395,395,395,395,395,395,395,395,395,395,395,395,395,395,395,395,395,395,395,395,395,395,395,395,395,395,395,395,395,395,395,395,395,395,395,395,395,
goal:395,395,395,395,395,395,395,395,395,395,395,395,395,395,395,395,395,395,395,395,395,395,395,395,395,395,395,395,395,395,395,395,395,395,395,395,395,395,395,395,395,395,
size:4
[agent] id:3
path:337,302,267,266,265,264,263,262,227,192,157,156,155,154,153,152,117,116,116,116,116,116,116,116,116,116,116,116,116,116,116,116,116,116,116,116,116,116,116,116,116,116,
goal:116,116,116,116,116,116,116,116,116,116,116,116,116,116,116,116,116,116,116,116,116,116,116,116,116,116,116,116,116,116,116,116,116,116,116,116,116,116,116,116,116,116,
size:17
[agent] id:4
path:558,523,488,453,418,418,418,418,418,418,418,418,418,418,418,418,418,418,418,418,418,418,418,418,418,418,418,418,418,418,418,418,418,418,418,418,418,418,418,418,418,418,
goal:418,418,418,418,418,418,418,418,418,418,418,418,418,418,418,418,418,418,418,418,418,418,418,418,418,418,418,418,418,418,418,418,418,418,418,418,418,418,418,418,418,418,
size:4
[agent] id:5
path:25,60,59,58,57,56,55,54,53,52,51,50,49,48,47,46,45,44,43,42,41,76,111,146,181,216,251,286,321,356,391,426,461,496,495,530,529,564,563,562,561,561,
goal:561,561,561,561,561,561,561,561,561,561,561,561,561,561,561,561,561,561,561,561,561,561,561,561,561,561,561,561,561,561,561,561,561,561,561,561,561,561,561,561,561,561,
size:40
[agent] id:6
path:605,570,535,536,537,538,539,540,541,542,507,472,437,402,367,332,297,262,227,192,157,158,159,160,161,162,163,163,163,163,163,163,163,163,163,163,163,163,163,163,163,163,
goal:163,163,163,163,163,163,163,163,163,163,163,163,163,163,163,163,163,163,163,163,163,163,163,163,163,163,163,163,163,163,163,163,163,163,163,163,163,163,163,163,163,163,
size:26
[agent] id:7
path:425,460,495,530,565,600,635,670,705,706,707,708,709,710,711,712,713,714,715,716,717,718,719,720,721,722,723,724,725,726,726,726,726,726,726,726,726,726,726,726,726,726,
goal:726,726,726,726,726,726,726,726,726,726,726,726,726,726,726,726,726,726,726,726,726,726,726,726,726,726,726,726,726,726,726,726,726,726,726,726,726,726,726,726,726,726,
size:29
[agent] id:8
path:664,629,594,559,558,557,556,556,556,556,556,556,556,556,556,556,556,556,556,556,556,556,556,556,556,556,556,556,556,556,556,556,556,556,556,556,556,556,556,556,556,556,
goal:556,556,556,556,556,556,556,556,556,556,556,556,556,556,556,556,556,556,556,556,556,556,556,556,556,556,556,556,556,556,556,556,556,556,556,556,556,556,556,556,556,556,
size:6
[agent] id:9
path:462,427,392,391,356,321,322,323,324,325,326,327,328,329,330,331,331,331,331,331,331,331,331,331,331,331,331,331,331,331,331,331,331,331,331,331,331,331,331,331,331,331,
goal:331,331,331,331,331,331,331,331,331,331,331,331,331,331,331,331,331,331,331,331,331,331,331,331,331,331,331,331,331,331,331,331,331,331,331,331,331,331,331,331,331,331,
size:15
[agent] id:10
path:445,444,443,442,441,440,439,438,437,436,435,434,433,432,431,430,429,428,427,426,425,424,423,422,422,422,422,422,422,422,422,422,422,422,422,422,422,422,422,422,422,422,
goal:422,422,422,422,422,422,422,422,422,422,422,422,422,422,422,422,422,422,422,422,422,422,422,422,422,422,422,422,422,422,422,422,422,422,422,422,422,422,422,422,422,422,
size:23
[agent] id:11
path:521,556,591,626,661,696,695,694,693,692,691,690,689,688,687,686,685,684,683,682,681,716,715,714,713,712,712,712,712,712,712,712,712,712,712,712,712,712,712,712,712,712,
goal:712,712,712,712,712,712,712,712,712,712,712,712,712,712,712,712,712,712,712,712,712,712,712,712,712,712,712,712,712,712,712,712,712,712,712,712,712,712,712,712,712,712,
size:25
[agent] id:12
path:562,527,492,457,422,387,352,317,318,319,284,285,286,287,288,289,290,291,292,293,293,293,293,293,293,293,293,293,293,293,293,293,293,293,293,293,293,293,293,293,293,293,
goal:293,293,293,293,293,293,293,293,293,293,293,293,293,293,293,293,293,293,293,293,293,293,293,293,293,293,293,293,293,293,293,293,293,293,293,293,293,293,293,293,293,293,
size:19
[agent] id:13
path:155,190,191,192,193,194,195,196,197,198,199,200,201,201,201,201,201,201,201,201,201,201,201,201,201,201,201,201,201,201,201,201,201,201,201,201,201,201,201,201,201,201,
goal:201,201,201,201,201,201,201,201,201,201,201,201,201,201,201,201,201,201,201,201,201,201,201,201,201,201,201,201,201,201,201,201,201,201,201,201,201,201,201,201,201,201,
size:12
[agent] id:14
path:179,144,109,74,39,38,37,37,37,37,37,37,37,37,37,37,37,37,37,37,37,37,37,37,37,37,37,37,37,37,37,37,37,37,37,37,37,37,37,37,37,37,
goal:37,37,37,37,37,37,37,37,37,37,37,37,37,37,37,37,37,37,37,37,37,37,37,37,37,37,37,37,37,37,37,37,37,37,37,37,37,37,37,37,37,37,
size:6
[agent] id:15
path:75,110,145,180,215,250,285,284,283,283,283,283,283,283,283,283,283,283,283,283,283,283,283,283,283,283,283,283,283,283,283,283,283,283,283,283,283,283,283,283,283,283,
goal:283,283,283,283,283,283,283,283,283,283,283,283,283,283,283,283,283,283,283,283,283,283,283,283,283,283,283,283,283,283,283,283,283,283,283,283,283,283,283,283,283,283,
size:8
[agent] id:16
path:280,245,210,175,140,105,70,35,0,1,2,3,4,5,6,7,8,9,10,11,12,13,14,15,16,17,18,19,20,21,22,23,24,25,26,27,28,29,30,31,32,32,
goal:32,32,32,32,32,32,32,32,32,32,32,32,32,32,32,32,32,32,32,32,32,32,32,32,32,32,32,32,32,32,32,32,32,32,32,32,32,32,32,32,32,32,
size:40
[agent] id:17
path:104,139,174,209,244,279,314,349,384,419,454,489,524,559,594,629,664,699,698,697,696,695,694,693,692,691,690,689,688,687,686,685,684,683,682,681,680,679,678,677,676,675,
goal:675,675,675,675,675,675,675,675,675,675,675,675,675,675,675,675,675,675,675,675,675,675,675,675,675,675,675,675,675,675,675,675,675,675,675,675,675,675,675,675,675,675,
size:41
[agent] id:18
path:119,154,189,190,191,192,227,227,192,191,192,192,191,191,192,227,262,263,298,333,333,332,367,402,402,402,402,402,402,402,402,402,402,402,402,402,402,402,402,402,402,402,
goal:402,402,402,402,402,402,402,402,402,402,402,402,402,402,402,402,402,402,402,402,402,402,402,402,402,402,402,402,402,402,402,402,402,402,402,402,402,402,402,402,402,402,
size:23
[agent] id:19
path:2,37,72,107,142,177,212,247,248,249,250,251,252,253,254,255,256,257,258,259,294,295,296,297,332,333,334,335,336,337,338,339,340,341,342,343,378,413,448,449,450,450,
goal:450,450,450,450,450,450,450,450,450,450,450,450,450,450,450,450,450,450,450,450,450,450,450,450,450,450,450,450,450,450,450,450,450,450,450,450,450,450,450,450,450,450,
size:40
[agent] id:20
path:39,74,75,110,145,180,215,250,285,320,355,390,425,460,461,462,463,464,465,466,467,432,433,434,435,436,437,438,439,440,441,476,477,477,477,477,477,477,477,477,477,477,
goal:477,477,477,477,477,477,477,477,477,477,477,477,477,477,477,477,477,477,477,477,477,477,477,477,477,477,477,477,477,477,477,477,477,477,477,477,477,477,477,477,477,477,
size:32
[agent] id:21
path:250,285,320,355,390,425,460,461,462,463,464,465,466,467,468,468,468,468,468,468,468,468,468,468,468,468,468,468,468,468,468,468,468,468,468,468,468,468,468,468,468,468,
goal:468,468,468,468,468,468,468,468,468,468,468,468,468,468,468,468,468,468,468,468,468,468,468,468,468,468,468,468,468,468,468,468,468,468,468,468,468,468,468,468,468,468,
size:14
[agent] id:22
path:523,488,487,486,485,484,483,482,481,480,479,478,477,476,475,475,475,475,475,475,475,475,475,475,475,475,475,475,475,475,475,475,475,475,475,475,475,475,475,475,475,475,
goal:475,475,475,475,475,475,475,475,475,475,475,475,475,475,475,475,475,475,475,475,475,475,475,475,475,475,475,475,475,475,475,475,475,475,475,475,475,475,475,475,475,475,
size:14
[agent] id:23
path:692,691,690,689,688,687,686,685,684,683,682,647,612,577,542,507,472,437,402,367,332,297,262,227,192,191,190,189,188,188,188,188,188,188,188,188,188,188,188,188,188,188,
goal:188,188,188,188,188,188,188,188,188,188,188,188,188,188,188,188,188,188,188,188,188,188,188,188,188,188,188,188,188,188,188,188,188,188,188,188,188,188,188,188,188,188,
size:28
[agent] id:24
path:424,459,494,529,530,531,532,533,534,535,536,537,538,539,540,541,542,543,544,545,546,546,546,546,546,546,546,546,546,546,546,546,546,546,546,546,546,546,546,546,546,546,
goal:546,546,546,546,546,546,546,546,546,546,546,546,546,546,546,546,546,546,546,546,546,546,546,546,546,546,546,546,546,546,546,546,546,546,546,546,546,546,546,546,546,546,
size:20
[agent] id:25
path:320,355,390,425,460,495,530,531,531,531,531,531,531,531,531,531,531,531,531,531,531,531,531,531,531,531,531,531,531,531,531,531,531,531,531,531,531,531,531,531,531,531,
goal:531,531,531,531,531,531,531,531,531,531,531,531,531,531,531,531,531,531,531,531,531,531,531,531,531,531,531,531,531,531,531,531,531,531,531,531,531,531,531,531,531,531,
size:7
[agent] id:26
path:307,308,309,310,311,312,313,313,313,313,313,313,313,313,313,313,313,313,313,313,313,313,313,313,313,313,313,313,313,313,313,313,313,313,313,313,313,313,313,313,313,313,
goal:313,313,313,313,313,313,313,313,313,313,313,313,313,313,313,313,313,313,313,313,313,313,313,313,313,313,313,313,313,313,313,313,313,313,313,313,313,313,313,313,313,313,
size:6
[agent] id:27
path:662,627,592,591,590,589,588,587,586,585,584,583,582,581,580,579,578,577,576,575,574,573,572,571,570,569,568,567,566,565,565,565,565,565,565,565,565,565,565,565,565,565,
goal:565,565,565,565,565,565,565,565,565,565,565,565,565,565,565,565,565,565,565,565,565,565,565,565,565,565,565,565,565,565,565,565,565,565,565,565,565,565,565,565,565,565,
size:29
[agent] id:28
path:13,48,47,46,45,44,43,42,41,76,111,112,112,112,112,112,112,112,112,112,112,112,112,112,112,112,112,112,112,112,112,112,112,112,112,112,112,112,112,112,112,112,
goal:112,112,112,112,112,112,112,112,112,112,112,112,112,112,112,112,112,112,112,112,112,112,112,112,112,112,112,112,112,112,112,112,112,112,112,112,112,112,112,112,112,112,
size:11
[agent] id:29
path:432,397,398,399,400,401,402,367,332,297,262,227,192,157,122,87,52,53,54,55,56,57,58,59,60,60,60,60,60,60,60,60,60,60,60,60,60,60,60,60,60,60,
goal:60,60,60,60,60,60,60,60,60,60,60,60,60,60,60,60,60,60,60,60,60,60,60,60,60,60,60,60,60,60,60,60,60,60,60,60,60,60,60,60,60,60,
size:24
SolutionCost:619
