[setting] seed:71
[solver] type:ECBS
[solver] w:2.000000
[solver] ID:0
[solver] Lowlevelnode:9424
[solver] ConflictCount:11
[solver] solved:1
[solver] elapsed:63
[solver] makespan:44
[problem] timesteplimit:10000
[problem] type:MAPF
[problem] agentnum:30
[graph] width:35
[graph] height:21
[graph] filename:./map/warehouse_middle.map
[task] id:3,start:0,end:0,service time:0,nodes:161,
[task] id:1,start:0,end:0,service time:0,nodes:239,
[task] id:5,start:0,end:0,service time:0,nodes:318,
[task] id:8,start:0,end:0,service time:0,nodes:179,
[task] id:28,start:0,end:0,service time:0,nodes:309,
[task] id:0,start:0,end:0,service time:0,nodes:587,
[task] id:12,start:0,end:0,service time:0,nodes:101,
[task] id:21,start:0,end:0,service time:0,nodes:440,
[task] id:24,start:0,end:0,service time:0,nodes:590,
[task] id:25,start:0,end:0,service time:0,nodes:424,
[task] id:11,start:0,end:0,service time:0,nodes:274,
[task] id:6,start:0,end:0,service time:0,nodes:683,
[task] id:16,start:0,end:0,service time:0,nodes:578,
[task] id:17,start:0,end:0,service time:0,nodes:594,
[task] id:18,start:0,end:0,service time:0,nodes:128,
[task] id:22,start:0,end:0,service time:0,nodes:574,
[task] id:29,start:0,end:0,service time:0,nodes:292,
[task] id:7,start:0,end:0,service time:0,nodes:313,
[task] id:2,start:0,end:0,service time:0,nodes:295,
[task] id:19,start:0,end:0,service time:0,nodes:613,
[task] id:4,start:0,end:0,service time:0,nodes:730,
[task] id:27,start:0,end:0,service time:0,nodes:329,
[task] id:13,start:0,end:0,service time:0,nodes:547,
[task] id:20,start:0,end:0,service time:0,nodes:193,
[task] id:23,start:0,end:0,service time:0,nodes:478,
[task] id:14,start:0,end:0,service time:0,nodes:13,
[task] id:26,start:0,end:0,service time:0,nodes:317,
[task] id:15,start:0,end:0,service time:0,nodes:27,
[task] id:10,start:0,end:0,service time:0,nodes:455,
[task] id:9,start:0,end:0,service time:0,nodes:559,
[agent] id:0
path:524,559,594,593,592,591,590,589,588,587,587,587,587,587,587,587,587,587,587,587,587,587,587,587,587,587,587,587,587,587,587,587,587,587,587,587,587,587,587,587,587,587,587,587,587,
goal:587,587,587,587,587,587,587,587,587,587,587,587,587,587,587,587,587,587,587,587,587,587,587,587,587,587,587,587,587,587,587,587,587,587,587,587,587,587,587,587,587,587,587,587,587,
size:9
[agent] id:1
path:171,206,241,240,239,239,239,239,239,239,239,239,239,239,239,239,239,239,239,239,239,239,239,239,239,239,239,239,239,239,239,239,239,239,239,239,239,239,239,239,239,239,239,239,239,
goal:239,239,239,239,239,239,239,239,239,239,239,239,239,239,239,239,239,239,239,239,239,239,239,239,239,239,239,239,239,239,239,239,239,239,239,239,239,239,239,239,239,239,239,239,239,
size:4
[agent] id:2
path:571,536,535,534,533,532,531,496,461,426,391,356,321,322,323,324,325,326,327,328,293,294,295,295,295,295,295,295,295,295,295,295,295,295,295,295,295,295,295,295,295,295,295,295,295,
goal:295,295,295,295,295,295,295,295,295,295,295,295,295,295,295,295,295,295,295,295,295,295,295,295,295,295,295,295,295,295,295,295,295,295,295,295,295,295,295,295,295,295,295,295,295,
size:22
[agent] id:3
path:125,160,161,161,161,161,161,161,161,161,161,161,161,161,161,161,161,161,161,161,161,161,161,161,161,161,161,161,161,161,161,161,161,161,161,161,161,161,161,161,161,161,161,161,161,
goal:161,161,161,161,161,161,161,161,161,161,161,161,161,161,161,161,161,161,161,161,161,161,161,161,161,161,161,161,161,161,161,161,161,161,161,161,161,161,161,161,161,161,161,161,161,
size:2
[agent] id:4
path:705,706,707,708,709,710,711,712,713,714,715,716,717,718,719,720,721,722,723,724,725,726,727,728,729,730,730,730,730,730,730,730,730,730,730,730,730,730,730,730,730,730,730,730,730,
goal:730,730,730,730,730,730,730,730,730,730,730,730,730,730,730,730,730,730,730,730,730,730,730,730,730,730,730,730,730,730,730,730,730,730,730,730,730,730,730,730,730,730,730,730,730,
size:25
[agent] id:5
path:459,424,389,354,319,318,318,318,318,318,318,318,318,318,318,318,318,318,318,318,318,318,318,318,318,318,318,318,318,318,318,318,318,318,318,318,318,318,318,318,318,318,318,318,318,
goal:318,318,318,318,318,318,318,318,318,318,318,318,318,318,318,318,318,318,318,318,318,318,318,318,318,318,318,318,318,318,318,318,318,318,318,318,318,318,318,318,318,318,318,318,318,
size:5
[agent] id:6
path:481,480,479,478,477,476,475,474,473,472,507,542,577,612,647,682,683,683,683,683,683,683,683,683,683,683,683,683,683,683,683,683,683,683,683,683,683,683,683,683,683,683,683,683,683,
goal:683,683,683,683,683,683,683,683,683,683,683,683,683,683,683,683,683,683,683,683,683,683,683,683,683,683,683,683,683,683,683,683,683,683,683,683,683,683,683,683,683,683,683,683,683,
size:16
[agent] id:7
path:123,158,193,194,195,196,197,198,199,200,201,202,203,204,205,240,275,310,311,312,313,313,313,313,313,313,313,313,313,313,313,313,313,313,313,313,313,313,313,313,313,313,313,313,313,
goal:313,313,313,313,313,313,313,313,313,313,313,313,313,313,313,313,313,313,313,313,313,313,313,313,313,313,313,313,313,313,313,313,313,313,313,313,313,313,313,313,313,313,313,313,313,
size:20
[agent] id:8
path:37,72,107,142,177,178,179,179,179,179,179,179,179,179,179,179,179,179,179,179,179,179,179,179,179,179,179,179,179,179,179,179,179,179,179,179,179,179,179,179,179,179,179,179,179,
goal:179,179,179,179,179,179,179,179,179,179,179,179,179,179,179,179,179,179,179,179,179,179,179,179,179,179,179,179,179,179,179,179,179,179,179,179,179,179,179,179,179,179,179,179,179,
size:6
[agent] id:9
path:141,176,211,246,281,316,351,386,387,388,389,390,391,392,393,394,395,396,397,398,399,400,401,402,403,404,405,406,441,442,443,444,479,480,481,482,483,518,553,554,555,556,557,558,559,
goal:559,559,559,559,559,559,559,559,559,559,559,559,559,559,559,559,559,559,559,559,559,559,559,559,559,559,559,559,559,559,559,559,559,559,559,559,559,559,559,559,559,559,559,559,559,
size:44
[agent] id:10
path:172,207,242,277,312,347,382,417,416,415,414,413,412,411,410,409,408,407,406,405,404,439,474,473,472,471,470,469,468,467,466,465,464,463,462,461,460,459,458,457,456,455,455,455,455,
goal:455,455,455,455,455,455,455,455,455,455,455,455,455,455,455,455,455,455,455,455,455,455,455,455,455,455,455,455,455,455,455,455,455,455,455,455,455,455,455,455,455,455,455,455,455,
size:41
[agent] id:11
path:439,404,405,406,407,408,409,410,411,412,413,378,343,308,273,274,274,274,274,274,274,274,274,274,274,274,274,274,274,274,274,274,274,274,274,274,274,274,274,274,274,274,274,274,274,
goal:274,274,274,274,274,274,274,274,274,274,274,274,274,274,274,274,274,274,274,274,274,274,274,274,274,274,274,274,274,274,274,274,274,274,274,274,274,274,274,274,274,274,274,274,274,
size:15
[agent] id:12
path:163,128,129,130,131,132,133,98,99,100,101,101,101,101,101,101,101,101,101,101,101,101,101,101,101,101,101,101,101,101,101,101,101,101,101,101,101,101,101,101,101,101,101,101,101,
goal:101,101,101,101,101,101,101,101,101,101,101,101,101,101,101,101,101,101,101,101,101,101,101,101,101,101,101,101,101,101,101,101,101,101,101,101,101,101,101,101,101,101,101,101,101,
size:10
[agent] id:13
path:147,182,183,184,185,186,187,188,189,190,191,192,227,262,297,332,367,402,437,472,507,542,543,544,545,546,547,547,547,547,547,547,547,547,547,547,547,547,547,547,547,547,547,547,547,
goal:547,547,547,547,547,547,547,547,547,547,547,547,547,547,547,547,547,547,547,547,547,547,547,547,547,547,547,547,547,547,547,547,547,547,547,547,547,547,547,547,547,547,547,547,547,
size:26
[agent] id:14
path:702,667,632,597,562,527,492,457,422,387,352,317,282,247,212,177,142,107,72,37,2,3,4,5,6,7,8,9,10,11,12,13,13,13,13,13,13,13,13,13,13,13,13,13,13,
goal:13,13,13,13,13,13,13,13,13,13,13,13,13,13,13,13,13,13,13,13,13,13,13,13,13,13,13,13,13,13,13,13,13,13,13,13,13,13,13,13,13,13,13,13,13,
size:31
[agent] id:15
path:711,676,677,678,679,680,681,682,647,612,577,578,543,544,545,546,547,548,549,550,551,552,553,518,483,448,413,378,343,308,273,238,203,168,133,98,63,28,27,27,27,27,27,27,27,
goal:27,27,27,27,27,27,27,27,27,27,27,27,27,27,27,27,27,27,27,27,27,27,27,27,27,27,27,27,27,27,27,27,27,27,27,27,27,27,27,27,27,27,27,27,27,
size:38
[agent] id:16
path:494,529,564,565,566,567,568,569,570,571,572,573,574,575,576,577,578,578,578,578,578,578,578,578,578,578,578,578,578,578,578,578,578,578,578,578,578,578,578,578,578,578,578,578,578,
goal:578,578,578,578,578,578,578,578,578,578,578,578,578,578,578,578,578,578,578,578,578,578,578,578,578,578,578,578,578,578,578,578,578,578,578,578,578,578,578,578,578,578,578,578,578,
size:16
[agent] id:17
path:580,581,582,583,584,585,586,587,552,553,554,555,556,557,592,593,594,594,594,594,594,594,594,594,594,594,594,594,594,594,594,594,594,594,594,594,594,594,594,594,594,594,594,594,594,
goal:594,594,594,594,594,594,594,594,594,594,594,594,594,594,594,594,594,594,594,594,594,594,594,594,594,594,594,594,594,594,594,594,594,594,594,594,594,594,594,594,594,594,594,594,594,
size:16
[agent] id:18
path:327,292,257,258,259,260,261,262,227,192,157,122,123,124,125,126,127,128,128,128,128,128,128,128,128,128,128,128,128,128,128,128,128,128,128,128,128,128,128,128,128,128,128,128,128,
goal:128,128,128,128,128,128,128,128,128,128,128,128,128,128,128,128,128,128,128,128,128,128,128,128,128,128,128,128,128,128,128,128,128,128,128,128,128,128,128,128,128,128,128,128,128,
size:17
[agent] id:19
path:276,311,346,381,416,451,486,521,556,591,626,625,624,623,622,621,620,619,618,617,616,615,614,613,613,613,613,613,613,613,613,613,613,613,613,613,613,613,613,613,613,613,613,613,613,
goal:613,613,613,613,613,613,613,613,613,613,613,613,613,613,613,613,613,613,613,613,613,613,613,613,613,613,613,613,613,613,613,613,613,613,613,613,613,613,613,613,613,613,613,613,613,
size:23
[agent] id:20
path:697,662,627,592,557,522,487,452,417,382,347,312,277,242,207,206,205,204,203,202,201,200,199,198,197,196,195,194,193,193,193,193,193,193,193,193,193,193,193,193,193,193,193,193,193,
goal:193,193,193,193,193,193,193,193,193,193,193,193,193,193,193,193,193,193,193,193,193,193,193,193,193,193,193,193,193,193,193,193,193,193,193,193,193,193,193,193,193,193,193,193,193,
size:28
[agent] id:21
path:415,450,449,448,447,446,445,444,443,442,441,440,440,440,440,440,440,440,440,440,440,440,440,440,440,440,440,440,440,440,440,440,440,440,440,440,440,440,440,440,440,440,440,440,440,
goal:440,440,440,440,440,440,440,440,440,440,440,440,440,440,440,440,440,440,440,440,440,440,440,440,440,440,440,440,440,440,440,440,440,440,440,440,440,440,440,440,440,440,440,440,440,
size:11
[agent] id:22
path:666,631,596,561,561,562,563,564,565,566,567,568,569,570,571,572,573,574,574,574,574,574,574,574,574,574,574,574,574,574,574,574,574,574,574,574,574,574,574,574,574,574,574,574,574,
goal:574,574,574,574,574,574,574,574,574,574,574,574,574,574,574,574,574,574,574,574,574,574,574,574,574,574,574,574,574,574,574,574,574,574,574,574,574,574,574,574,574,574,574,574,574,
size:17
[agent] id:23
path:48,49,50,51,52,87,122,157,192,193,192,227,262,297,298,298,333,333,332,367,402,437,438,439,474,475,476,477,478,478,478,478,478,478,478,478,478,478,478,478,478,478,478,478,478,
goal:478,478,478,478,478,478,478,478,478,478,478,478,478,478,478,478,478,478,478,478,478,478,478,478,478,478,478,478,478,478,478,478,478,478,478,478,478,478,478,478,478,478,478,478,478,
size:28
[agent] id:24
path:244,279,314,349,384,419,454,489,524,559,594,593,592,591,590,590,590,590,590,590,590,590,590,590,590,590,590,590,590,590,590,590,590,590,590,590,590,590,590,590,590,590,590,590,590,
goal:590,590,590,590,590,590,590,590,590,590,590,590,590,590,590,590,590,590,590,590,590,590,590,590,590,590,590,590,590,590,590,590,590,590,590,590,590,590,590,590,590,590,590,590,590,
size:14
[agent] id:25
path:540,539,538,537,536,535,534,533,532,531,496,461,426,425,424,424,424,424,424,424,424,424,424,424,424,424,424,424,424,424,424,424,424,424,424,424,424,424,424,424,424,424,424,424,424,
goal:424,424,424,424,424,424,424,424,424,424,424,424,424,424,424,424,424,424,424,424,424,424,424,424,424,424,424,424,424,424,424,424,424,424,424,424,424,424,424,424,424,424,424,424,424,
size:14
[agent] id:26
path:240,275,310,345,344,343,342,341,340,339,338,337,336,335,334,333,332,331,330,329,328,327,326,325,324,323,322,321,320,319,354,353,352,317,317,317,317,317,317,317,317,317,317,317,317,
goal:317,317,317,317,317,317,317,317,317,317,317,317,317,317,317,317,317,317,317,317,317,317,317,317,317,317,317,317,317,317,317,317,317,317,317,317,317,317,317,317,317,317,317,317,317,
size:33
[agent] id:27
path:668,633,598,563,528,493,458,423,388,353,354,319,320,321,322,323,324,325,326,291,256,257,258,293,328,329,329,329,329,329,329,329,329,329,329,329,329,329,329,329,329,329,329,329,329,
goal:329,329,329,329,329,329,329,329,329,329,329,329,329,329,329,329,329,329,329,329,329,329,329,329,329,329,329,329,329,329,329,329,329,329,329,329,329,329,329,329,329,329,329,329,329,
size:25
[agent] id:28
path:554,519,484,449,414,379,344,309,309,309,309,309,309,309,309,309,309,309,309,309,309,309,309,309,309,309,309,309,309,309,309,309,309,309,309,309,309,309,309,309,309,309,309,309,309,
goal:309,309,309,309,309,309,309,309,309,309,309,309,309,309,309,309,309,309,309,309,309,309,309,309,309,309,309,309,309,309,309,309,309,309,309,309,309,309,309,309,309,309,309,309,309,
size:7
[agent] id:29
path:597,562,527,492,457,422,387,352,317,282,283,284,285,286,287,288,289,290,291,292,292,292,292,292,292,292,292,292,292,292,292,292,292,292,292,292,292,292,292,292,292,292,292,292,292,
goal:292,292,292,292,292,292,292,292,292,292,292,292,292,292,292,292,292,292,292,292,292,292,292,292,292,292,292,292,292,292,292,292,292,292,292,292,292,292,292,292,292,292,292,292,292,
size:19
SolutionCost:582
