[setting] seed:1
[solver] type:ECBS
[solver] w:1.250000
[solver] ID:0
[solver] Lowlevelnode:251
[solver] solved:1
[solver] elapsed:2
[solver] makespan:39
[problem] timesteplimit:10000
[problem] type:MAPF
[problem] agentnum:10
[graph] width:35
[graph] height:21
[graph] filename:./map/warehouse_middle.map
[task] id:1,start:0,end:0,service time:0,nodes:485,
[task] id:0,start:0,end:0,service time:0,nodes:427,
[task] id:2,start:0,end:0,service time:0,nodes:302,
[task] id:6,start:0,end:0,service time:0,nodes:684,
[task] id:3,start:0,end:0,service time:0,nodes:304,
[task] id:9,start:0,end:0,service time:0,nodes:15,
[task] id:8,start:0,end:0,service time:0,nodes:581,
[task] id:5,start:0,end:0,service time:0,nodes:733,
[task] id:4,start:0,end:0,service time:0,nodes:557,
[task] id:7,start:0,end:0,service time:0,nodes:253,
[agent] id:0
path:72,107,142,177,212,247,282,317,352,387,422,423,424,425,426,427,427,427,427,427,427,427,427,427,427,427,427,427,427,427,427,427,427,427,427,427,427,427,427,427,
goal:427,427,427,427,427,427,427,427,427,427,427,427,427,427,427,427,427,427,427,427,427,427,427,427,427,427,427,427,427,427,427,427,427,427,427,427,427,427,427,427,
size:15
[agent] id:1
path:453,488,487,486,485,485,485,485,485,485,485,485,485,485,485,485,485,485,485,485,485,485,485,485,485,485,485,485,485,485,485,485,485,485,485,485,485,485,485,485,
goal:485,485,485,485,485,485,485,485,485,485,485,485,485,485,485,485,485,485,485,485,485,485,485,485,485,485,485,485,485,485,485,485,485,485,485,485,485,485,485,485,
size:4
[agent] id:2
path:173,208,243,278,313,312,311,310,309,308,307,306,305,304,303,302,302,302,302,302,302,302,302,302,302,302,302,302,302,302,302,302,302,302,302,302,302,302,302,302,
goal:302,302,302,302,302,302,302,302,302,302,302,302,302,302,302,302,302,302,302,302,302,302,302,302,302,302,302,302,302,302,302,302,302,302,302,302,302,302,302,302,
size:15
[agent] id:3
path:696,661,626,591,556,521,486,451,416,381,346,311,310,309,308,307,306,305,304,304,304,304,304,304,304,304,304,304,304,304,304,304,304,304,304,304,304,304,304,304,
goal:304,304,304,304,304,304,304,304,304,304,304,304,304,304,304,304,304,304,304,304,304,304,304,304,304,304,304,304,304,304,304,304,304,304,304,304,304,304,304,304,
size:18
[agent] id:4
path:456,491,526,527,528,529,530,531,532,533,534,535,536,537,538,539,540,541,542,543,544,545,546,547,548,549,550,551,552,553,554,555,556,557,557,557,557,557,557,557,
goal:557,557,557,557,557,557,557,557,557,557,557,557,557,557,557,557,557,557,557,557,557,557,557,557,557,557,557,557,557,557,557,557,557,557,557,557,557,557,557,557,
size:33
[agent] id:5
path:328,329,330,331,332,367,402,403,438,473,474,475,476,477,478,479,480,481,482,483,518,553,588,623,658,693,728,729,730,731,732,733,733,733,733,733,733,733,733,733,
goal:733,733,733,733,733,733,733,733,733,733,733,733,733,733,733,733,733,733,733,733,733,733,733,733,733,733,733,733,733,733,733,733,733,733,733,733,733,733,733,733,
size:31
[agent] id:6
path:485,520,555,590,625,660,695,694,693,692,691,690,689,688,687,686,685,684,684,684,684,684,684,684,684,684,684,684,684,684,684,684,684,684,684,684,684,684,684,684,
goal:684,684,684,684,684,684,684,684,684,684,684,684,684,684,684,684,684,684,684,684,684,684,684,684,684,684,684,684,684,684,684,684,684,684,684,684,684,684,684,684,
size:17
[agent] id:7
path:734,699,664,629,594,559,524,489,454,419,384,349,314,279,278,277,276,275,274,273,272,271,270,269,268,267,266,265,264,263,262,261,260,259,258,257,256,255,254,253,
goal:253,253,253,253,253,253,253,253,253,253,253,253,253,253,253,253,253,253,253,253,253,253,253,253,253,253,253,253,253,253,253,253,253,253,253,253,253,253,253,253,
size:39
[agent] id:8
path:315,350,385,420,455,490,525,560,561,562,563,564,565,566,567,568,569,570,571,572,573,574,575,576,577,578,579,580,581,581,581,581,581,581,581,581,581,581,581,581,
goal:581,581,581,581,581,581,581,581,581,581,581,581,581,581,581,581,581,581,581,581,581,581,581,581,581,581,581,581,581,581,581,581,581,581,581,581,581,581,581,581,
size:28
[agent] id:9
path:613,578,543,542,507,472,437,402,367,332,297,262,227,192,157,122,87,52,17,16,15,15,15,15,15,15,15,15,15,15,15,15,15,15,15,15,15,15,15,15,
goal:15,15,15,15,15,15,15,15,15,15,15,15,15,15,15,15,15,15,15,15,15,15,15,15,15,15,15,15,15,15,15,15,15,15,15,15,15,15,15,15,
size:20
SolutionCost:220
