[setting] seed:40
[solver] type:ECBS
[solver] w:2.000000
[solver] ID:0
[solver] Lowlevelnode:5793
[solver] ConflictCount:16
[solver] solved:1
[solver] elapsed:32
[solver] makespan:30
[problem] timesteplimit:10000
[problem] type:MAPF
[problem] agentnum:30
[graph] width:35
[graph] height:21
[graph] filename:./map/warehouse_middle.map
[task] id:28,start:0,end:0,service time:0,nodes:408,
[task] id:16,start:0,end:0,service time:0,nodes:571,
[task] id:10,start:0,end:0,service time:0,nodes:22,
[task] id:11,start:0,end:0,service time:0,nodes:586,
[task] id:22,start:0,end:0,service time:0,nodes:252,
[task] id:7,start:0,end:0,service time:0,nodes:447,
[task] id:27,start:0,end:0,service time:0,nodes:238,
[task] id:1,start:0,end:0,service time:0,nodes:532,
[task] id:3,start:0,end:0,service time:0,nodes:707,
[task] id:5,start:0,end:0,service time:0,nodes:203,
[task] id:2,start:0,end:0,service time:0,nodes:551,
[task] id:23,start:0,end:0,service time:0,nodes:168,
[task] id:29,start:0,end:0,service time:0,nodes:286,
[task] id:0,start:0,end:0,service time:0,nodes:215,
[task] id:13,start:0,end:0,service time:0,nodes:349,
[task] id:19,start:0,end:0,service time:0,nodes:404,
[task] id:6,start:0,end:0,service time:0,nodes:293,
[task] id:15,start:0,end:0,service time:0,nodes:47,
[task] id:9,start:0,end:0,service time:0,nodes:64,
[task] id:14,start:0,end:0,service time:0,nodes:398,
[task] id:8,start:0,end:0,service time:0,nodes:311,
[task] id:20,start:0,end:0,service time:0,nodes:697,
[task] id:21,start:0,end:0,service time:0,nodes:668,
[task] id:26,start:0,end:0,service time:0,nodes:613,
[task] id:25,start:0,end:0,service time:0,nodes:227,
[task] id:24,start:0,end:0,service time:0,nodes:406,
[task] id:18,start:0,end:0,service time:0,nodes:432,
[task] id:12,start:0,end:0,service time:0,nodes:241,
[task] id:4,start:0,end:0,service time:0,nodes:540,
[task] id:17,start:0,end:0,service time:0,nodes:176,
[agent] id:0
path:573,538,537,536,535,534,533,532,531,496,461,426,391,356,321,286,251,216,215,215,215,215,215,215,215,215,215,215,215,215,215,
goal:215,215,215,215,215,215,215,215,215,215,215,215,215,215,215,215,215,215,215,215,215,215,215,215,215,215,215,215,215,215,215,
size:18
[agent] id:1
path:469,468,467,466,465,464,463,462,461,460,495,530,531,532,532,532,532,532,532,532,532,532,532,532,532,532,532,532,532,532,532,
goal:532,532,532,532,532,532,532,532,532,532,532,532,532,532,532,532,532,532,532,532,532,532,532,532,532,532,532,532,532,532,532,
size:13
[agent] id:2
path:331,332,367,402,437,472,507,542,543,544,545,546,547,548,549,550,551,551,551,551,551,551,551,551,551,551,551,551,551,551,551,
goal:551,551,551,551,551,551,551,551,551,551,551,551,551,551,551,551,551,551,551,551,551,551,551,551,551,551,551,551,551,551,551,
size:16
[agent] id:3
path:613,612,647,682,717,716,715,714,713,712,711,710,709,708,707,707,707,707,707,707,707,707,707,707,707,707,707,707,707,707,707,
goal:707,707,707,707,707,707,707,707,707,707,707,707,707,707,707,707,707,707,707,707,707,707,707,707,707,707,707,707,707,707,707,
size:14
[agent] id:4
path:62,61,26,25,60,59,58,57,56,55,54,53,52,87,122,157,192,227,262,297,332,367,402,437,472,507,542,541,540,540,540,
goal:540,540,540,540,540,540,540,540,540,540,540,540,540,540,540,540,540,540,540,540,540,540,540,540,540,540,540,540,540,540,540,
size:28
[agent] id:5
path:523,488,453,418,383,348,313,278,243,208,207,206,205,204,203,203,203,203,203,203,203,203,203,203,203,203,203,203,203,203,203,
goal:203,203,203,203,203,203,203,203,203,203,203,203,203,203,203,203,203,203,203,203,203,203,203,203,203,203,203,203,203,203,203,
size:14
[agent] id:6
path:450,415,380,345,344,343,342,341,340,339,338,337,336,335,300,299,298,297,296,295,294,293,293,293,293,293,293,293,293,293,293,
goal:293,293,293,293,293,293,293,293,293,293,293,293,293,293,293,293,293,293,293,293,293,293,293,293,293,293,293,293,293,293,293,
size:21
[agent] id:7
path:202,203,204,239,274,274,309,344,379,414,449,448,447,447,447,447,447,447,447,447,447,447,447,447,447,447,447,447,447,447,447,
goal:447,447,447,447,447,447,447,447,447,447,447,447,447,447,447,447,447,447,447,447,447,447,447,447,447,447,447,447,447,447,447,
size:12
[agent] id:8
path:612,577,542,507,472,473,438,439,440,441,442,443,444,409,410,411,412,413,378,343,308,309,310,311,311,311,311,311,311,311,311,
goal:311,311,311,311,311,311,311,311,311,311,311,311,311,311,311,311,311,311,311,311,311,311,311,311,311,311,311,311,311,311,311,
size:23
[agent] id:9
path:439,440,441,442,443,444,445,446,447,412,413,378,379,379,344,309,274,239,204,169,134,99,64,64,64,64,64,64,64,64,64,
goal:64,64,64,64,64,64,64,64,64,64,64,64,64,64,64,64,64,64,64,64,64,64,64,64,64,64,64,64,64,64,64,
size:22
[agent] id:10
path:124,123,122,87,52,17,18,19,20,21,22,22,22,22,22,22,22,22,22,22,22,22,22,22,22,22,22,22,22,22,22,
goal:22,22,22,22,22,22,22,22,22,22,22,22,22,22,22,22,22,22,22,22,22,22,22,22,22,22,22,22,22,22,22,
size:10
[agent] id:11
path:524,559,594,593,592,591,590,589,588,587,586,586,586,586,586,586,586,586,586,586,586,586,586,586,586,586,586,586,586,586,586,
goal:586,586,586,586,586,586,586,586,586,586,586,586,586,586,586,586,586,586,586,586,586,586,586,586,586,586,586,586,586,586,586,
size:10
[agent] id:12
path:322,287,252,253,254,255,256,257,258,259,260,261,262,263,264,265,266,267,268,269,270,271,272,273,274,239,240,241,241,241,241,
goal:241,241,241,241,241,241,241,241,241,241,241,241,241,241,241,241,241,241,241,241,241,241,241,241,241,241,241,241,241,241,241,
size:27
[agent] id:13
path:25,60,61,62,63,98,133,168,203,238,273,308,343,344,345,346,347,348,349,349,349,349,349,349,349,349,349,349,349,349,349,
goal:349,349,349,349,349,349,349,349,349,349,349,349,349,349,349,349,349,349,349,349,349,349,349,349,349,349,349,349,349,349,349,
size:18
[agent] id:14
path:724,723,722,721,720,719,718,717,717,717,682,647,612,577,542,507,472,437,436,401,400,399,398,398,398,398,398,398,398,398,398,
goal:398,398,398,398,398,398,398,398,398,398,398,398,398,398,398,398,398,398,398,398,398,398,398,398,398,398,398,398,398,398,398,
size:22
[agent] id:15
path:530,495,460,425,390,355,320,285,250,215,180,145,110,75,40,41,42,43,44,45,46,47,47,47,47,47,47,47,47,47,47,
goal:47,47,47,47,47,47,47,47,47,47,47,47,47,47,47,47,47,47,47,47,47,47,47,47,47,47,47,47,47,47,47,
size:21
[agent] id:16
path:528,563,564,565,566,567,568,569,570,571,571,571,571,571,571,571,571,571,571,571,571,571,571,571,571,571,571,571,571,571,571,
goal:571,571,571,571,571,571,571,571,571,571,571,571,571,571,571,571,571,571,571,571,571,571,571,571,571,571,571,571,571,571,571,
size:9
[agent] id:17
path:308,273,238,203,202,201,200,199,198,197,196,195,194,193,192,191,190,189,188,187,186,185,184,183,182,181,180,179,178,177,176,
goal:176,176,176,176,176,176,176,176,176,176,176,176,176,176,176,176,176,176,176,176,176,176,176,176,176,176,176,176,176,176,176,
size:30
[agent] id:18
path:170,205,240,275,310,345,380,415,450,449,448,447,446,445,444,443,442,441,440,439,438,437,436,435,434,433,432,432,432,432,432,
goal:432,432,432,432,432,432,432,432,432,432,432,432,432,432,432,432,432,432,432,432,432,432,432,432,432,432,432,432,432,432,432,
size:26
[agent] id:19
path:382,417,416,415,414,413,412,411,410,409,444,479,478,443,442,407,406,405,404,404,404,404,404,404,404,404,404,404,404,404,404,
goal:404,404,404,404,404,404,404,404,404,404,404,404,404,404,404,404,404,404,404,404,404,404,404,404,404,404,404,404,404,404,404,
size:18
[agent] id:20
path:606,607,608,609,610,611,612,647,682,683,684,685,686,687,688,689,690,691,692,693,694,695,696,697,697,697,697,697,697,697,697,
goal:697,697,697,697,697,697,697,697,697,697,697,697,697,697,697,697,697,697,697,697,697,697,697,697,697,697,697,697,697,697,697,
size:23
[agent] id:21
path:403,438,473,472,471,470,469,468,467,466,465,464,463,462,461,496,531,566,601,636,671,670,669,668,668,668,668,668,668,668,668,
goal:668,668,668,668,668,668,668,668,668,668,668,668,668,668,668,668,668,668,668,668,668,668,668,668,668,668,668,668,668,668,668,
size:23
[agent] id:22
path:116,151,186,185,184,183,182,181,216,251,252,252,252,252,252,252,252,252,252,252,252,252,252,252,252,252,252,252,252,252,252,
goal:252,252,252,252,252,252,252,252,252,252,252,252,252,252,252,252,252,252,252,252,252,252,252,252,252,252,252,252,252,252,252,
size:10
[agent] id:23
path:549,550,551,552,553,518,483,448,413,378,343,344,309,274,239,204,169,168,168,168,168,168,168,168,168,168,168,168,168,168,168,
goal:168,168,168,168,168,168,168,168,168,168,168,168,168,168,168,168,168,168,168,168,168,168,168,168,168,168,168,168,168,168,168,
size:17
[agent] id:24
path:456,421,386,387,388,389,390,391,392,393,394,395,396,397,398,399,400,401,402,403,403,438,439,440,405,406,406,406,406,406,406,
goal:406,406,406,406,406,406,406,406,406,406,406,406,406,406,406,406,406,406,406,406,406,406,406,406,406,406,406,406,406,406,406,
size:25
[agent] id:25
path:563,564,529,494,459,424,389,354,319,284,285,286,287,288,253,254,255,256,257,258,259,260,261,262,227,227,227,227,227,227,227,
goal:227,227,227,227,227,227,227,227,227,227,227,227,227,227,227,227,227,227,227,227,227,227,227,227,227,227,227,227,227,227,227,
size:24
[agent] id:26
path:198,197,162,161,196,195,194,193,192,227,262,297,332,367,402,401,436,471,472,507,542,577,612,613,613,613,613,613,613,613,613,
goal:613,613,613,613,613,613,613,613,613,613,613,613,613,613,613,613,613,613,613,613,613,613,613,613,613,613,613,613,613,613,613,
size:23
[agent] id:27
path:194,195,196,197,198,199,164,165,200,201,202,203,238,238,238,238,238,238,238,238,238,238,238,238,238,238,238,238,238,238,238,
goal:238,238,238,238,238,238,238,238,238,238,238,238,238,238,238,238,238,238,238,238,238,238,238,238,238,238,238,238,238,238,238,
size:12
[agent] id:28
path:448,413,412,411,410,409,408,408,408,408,408,408,408,408,408,408,408,408,408,408,408,408,408,408,408,408,408,408,408,408,408,
goal:408,408,408,408,408,408,408,408,408,408,408,408,408,408,408,408,408,408,408,408,408,408,408,408,408,408,408,408,408,408,408,
size:6
[agent] id:29
path:677,676,675,674,673,672,671,636,601,566,531,496,461,426,391,356,321,286,286,286,286,286,286,286,286,286,286,286,286,286,286,
goal:286,286,286,286,286,286,286,286,286,286,286,286,286,286,286,286,286,286,286,286,286,286,286,286,286,286,286,286,286,286,286,
size:17
SolutionCost:552
