[setting] seed:10
[solver] type:ECBS
[solver] w:2.000000
[solver] ID:0
[solver] Lowlevelnode:6288
[solver] ConflictCount:9
[solver] solved:1
[solver] elapsed:39
[solver] makespan:45
[problem] timesteplimit:10000
[problem] type:MAPF
[problem] agentnum:30
[graph] width:35
[graph] height:21
[graph] filename:./map/warehouse_middle.map
[task] id:20,start:0,end:0,service time:0,nodes:491,
[task] id:1,start:0,end:0,service time:0,nodes:561,
[task] id:10,start:0,end:0,service time:0,nodes:155,
[task] id:16,start:0,end:0,service time:0,nodes:634,
[task] id:8,start:0,end:0,service time:0,nodes:456,
[task] id:24,start:0,end:0,service time:0,nodes:165,
[task] id:7,start:0,end:0,service time:0,nodes:618,
[task] id:23,start:0,end:0,service time:0,nodes:550,
[task] id:17,start:0,end:0,service time:0,nodes:385,
[task] id:13,start:0,end:0,service time:0,nodes:186,
[task] id:22,start:0,end:0,service time:0,nodes:558,
[task] id:12,start:0,end:0,service time:0,nodes:381,
[task] id:25,start:0,end:0,service time:0,nodes:719,
[task] id:26,start:0,end:0,service time:0,nodes:64,
[task] id:28,start:0,end:0,service time:0,nodes:159,
[task] id:27,start:0,end:0,service time:0,nodes:313,
[task] id:0,start:0,end:0,service time:0,nodes:549,
[task] id:3,start:0,end:0,service time:0,nodes:34,
[task] id:6,start:0,end:0,service time:0,nodes:397,
[task] id:11,start:0,end:0,service time:0,nodes:275,
[task] id:9,start:0,end:0,service time:0,nodes:466,
[task] id:19,start:0,end:0,service time:0,nodes:546,
[task] id:4,start:0,end:0,service time:0,nodes:563,
[task] id:18,start:0,end:0,service time:0,nodes:441,
[task] id:21,start:0,end:0,service time:0,nodes:415,
[task] id:15,start:0,end:0,service time:0,nodes:183,
[task] id:14,start:0,end:0,service time:0,nodes:346,
[task] id:29,start:0,end:0,service time:0,nodes:732,
[task] id:2,start:0,end:0,service time:0,nodes:521,
[task] id:5,start:0,end:0,service time:0,nodes:420,
[agent] id:0
path:422,457,492,527,528,529,530,531,532,533,534,535,536,537,538,539,540,541,542,543,544,545,546,547,548,549,549,549,549,549,549,549,549,549,549,549,549,549,549,549,549,549,549,549,549,549,
goal:549,549,549,549,549,549,549,549,549,549,549,549,549,549,549,549,549,549,549,549,549,549,549,549,549,549,549,549,549,549,549,549,549,549,549,549,549,549,549,549,549,549,549,549,549,549,
size:25
[agent] id:1
path:563,562,561,561,561,561,561,561,561,561,561,561,561,561,561,561,561,561,561,561,561,561,561,561,561,561,561,561,561,561,561,561,561,561,561,561,561,561,561,561,561,561,561,561,561,561,
goal:561,561,561,561,561,561,561,561,561,561,561,561,561,561,561,561,561,561,561,561,561,561,561,561,561,561,561,561,561,561,561,561,561,561,561,561,561,561,561,561,561,561,561,561,561,561,
size:2
[agent] id:2
path:1,36,71,106,141,176,211,246,281,316,351,386,421,422,423,424,425,426,427,428,429,430,431,432,433,434,435,470,471,472,473,474,475,476,477,478,479,480,481,482,483,518,519,520,521,521,
goal:521,521,521,521,521,521,521,521,521,521,521,521,521,521,521,521,521,521,521,521,521,521,521,521,521,521,521,521,521,521,521,521,521,521,521,521,521,521,521,521,521,521,521,521,521,521,
size:44
[agent] id:3
path:44,9,10,11,12,13,14,15,16,17,18,19,20,21,22,23,24,25,26,27,28,29,30,31,32,33,34,34,34,34,34,34,34,34,34,34,34,34,34,34,34,34,34,34,34,34,
goal:34,34,34,34,34,34,34,34,34,34,34,34,34,34,34,34,34,34,34,34,34,34,34,34,34,34,34,34,34,34,34,34,34,34,34,34,34,34,34,34,34,34,34,34,34,34,
size:26
[agent] id:4
path:342,341,340,339,338,337,336,335,334,333,332,367,402,437,472,507,542,577,576,575,574,573,572,571,570,569,568,567,566,565,564,563,563,563,563,563,563,563,563,563,563,563,563,563,563,563,
goal:563,563,563,563,563,563,563,563,563,563,563,563,563,563,563,563,563,563,563,563,563,563,563,563,563,563,563,563,563,563,563,563,563,563,563,563,563,563,563,563,563,563,563,563,563,563,
size:31
[agent] id:5
path:33,68,103,138,173,208,243,278,277,276,275,274,273,272,271,270,269,304,303,302,301,300,299,298,297,296,331,330,329,328,327,326,325,324,323,322,321,356,391,426,425,424,423,422,421,420,
goal:420,420,420,420,420,420,420,420,420,420,420,420,420,420,420,420,420,420,420,420,420,420,420,420,420,420,420,420,420,420,420,420,420,420,420,420,420,420,420,420,420,420,420,420,420,420,
size:45
[agent] id:6
path:135,170,205,240,275,310,345,380,415,414,413,412,411,410,409,408,407,406,405,404,403,402,401,400,399,398,397,397,397,397,397,397,397,397,397,397,397,397,397,397,397,397,397,397,397,397,
goal:397,397,397,397,397,397,397,397,397,397,397,397,397,397,397,397,397,397,397,397,397,397,397,397,397,397,397,397,397,397,397,397,397,397,397,397,397,397,397,397,397,397,397,397,397,397,
size:26
[agent] id:7
path:696,661,626,625,624,623,622,621,620,619,618,618,618,618,618,618,618,618,618,618,618,618,618,618,618,618,618,618,618,618,618,618,618,618,618,618,618,618,618,618,618,618,618,618,618,618,
goal:618,618,618,618,618,618,618,618,618,618,618,618,618,618,618,618,618,618,618,618,618,618,618,618,618,618,618,618,618,618,618,618,618,618,618,618,618,618,618,618,618,618,618,618,618,618,
size:10
[agent] id:8
path:633,598,563,528,493,458,457,456,456,456,456,456,456,456,456,456,456,456,456,456,456,456,456,456,456,456,456,456,456,456,456,456,456,456,456,456,456,456,456,456,456,456,456,456,456,456,
goal:456,456,456,456,456,456,456,456,456,456,456,456,456,456,456,456,456,456,456,456,456,456,456,456,456,456,456,456,456,456,456,456,456,456,456,456,456,456,456,456,456,456,456,456,456,456,
size:7
[agent] id:9
path:206,241,276,311,346,381,416,451,486,485,484,483,482,481,480,479,478,477,476,475,474,473,472,471,470,469,468,467,466,466,466,466,466,466,466,466,466,466,466,466,466,466,466,466,466,466,
goal:466,466,466,466,466,466,466,466,466,466,466,466,466,466,466,466,466,466,466,466,466,466,466,466,466,466,466,466,466,466,466,466,466,466,466,466,466,466,466,466,466,466,466,466,466,466,
size:28
[agent] id:10
path:297,262,227,192,157,156,155,155,155,155,155,155,155,155,155,155,155,155,155,155,155,155,155,155,155,155,155,155,155,155,155,155,155,155,155,155,155,155,155,155,155,155,155,155,155,155,
goal:155,155,155,155,155,155,155,155,155,155,155,155,155,155,155,155,155,155,155,155,155,155,155,155,155,155,155,155,155,155,155,155,155,155,155,155,155,155,155,155,155,155,155,155,155,155,
size:6
[agent] id:11
path:321,286,251,252,253,254,255,256,257,258,259,260,261,262,263,264,265,266,267,268,269,270,271,272,273,274,275,275,275,275,275,275,275,275,275,275,275,275,275,275,275,275,275,275,275,275,
goal:275,275,275,275,275,275,275,275,275,275,275,275,275,275,275,275,275,275,275,275,275,275,275,275,275,275,275,275,275,275,275,275,275,275,275,275,275,275,275,275,275,275,275,275,275,275,
size:26
[agent] id:12
path:157,192,193,194,195,196,197,198,199,200,201,202,203,238,273,308,343,378,379,380,381,381,381,381,381,381,381,381,381,381,381,381,381,381,381,381,381,381,381,381,381,381,381,381,381,381,
goal:381,381,381,381,381,381,381,381,381,381,381,381,381,381,381,381,381,381,381,381,381,381,381,381,381,381,381,381,381,381,381,381,381,381,381,381,381,381,381,381,381,381,381,381,381,381,
size:20
[agent] id:13
path:527,492,493,458,423,388,353,318,283,248,213,178,179,180,181,182,183,184,185,186,186,186,186,186,186,186,186,186,186,186,186,186,186,186,186,186,186,186,186,186,186,186,186,186,186,186,
goal:186,186,186,186,186,186,186,186,186,186,186,186,186,186,186,186,186,186,186,186,186,186,186,186,186,186,186,186,186,186,186,186,186,186,186,186,186,186,186,186,186,186,186,186,186,186,
size:19
[agent] id:14
path:2,37,72,107,142,177,212,247,282,317,318,319,320,321,322,323,324,325,326,327,328,329,330,331,332,333,334,335,336,337,338,339,340,341,342,343,344,345,346,346,346,346,346,346,346,346,
goal:346,346,346,346,346,346,346,346,346,346,346,346,346,346,346,346,346,346,346,346,346,346,346,346,346,346,346,346,346,346,346,346,346,346,346,346,346,346,346,346,346,346,346,346,346,346,
size:38
[agent] id:15
path:489,454,419,384,349,314,279,244,209,208,207,206,205,204,203,202,201,200,199,198,197,196,195,194,193,192,191,190,189,188,187,152,151,150,185,184,183,183,183,183,183,183,183,183,183,183,
goal:183,183,183,183,183,183,183,183,183,183,183,183,183,183,183,183,183,183,183,183,183,183,183,183,183,183,183,183,183,183,183,183,183,183,183,183,183,183,183,183,183,183,183,183,183,183,
size:36
[agent] id:16
path:560,595,630,631,632,633,634,634,634,634,634,634,634,634,634,634,634,634,634,634,634,634,634,634,634,634,634,634,634,634,634,634,634,634,634,634,634,634,634,634,634,634,634,634,634,634,
goal:634,634,634,634,634,634,634,634,634,634,634,634,634,634,634,634,634,634,634,634,634,634,634,634,634,634,634,634,634,634,634,634,634,634,634,634,634,634,634,634,634,634,634,634,634,634,
size:6
[agent] id:17
path:115,150,185,184,183,182,181,216,251,286,321,356,391,390,389,388,387,386,385,385,385,385,385,385,385,385,385,385,385,385,385,385,385,385,385,385,385,385,385,385,385,385,385,385,385,385,
goal:385,385,385,385,385,385,385,385,385,385,385,385,385,385,385,385,385,385,385,385,385,385,385,385,385,385,385,385,385,385,385,385,385,385,385,385,385,385,385,385,385,385,385,385,385,385,
size:18
[agent] id:18
path:36,71,106,141,176,211,246,281,316,351,386,421,422,423,424,425,426,427,428,429,430,431,432,433,434,435,436,437,438,439,440,441,441,441,441,441,441,441,441,441,441,441,441,441,441,441,
goal:441,441,441,441,441,441,441,441,441,441,441,441,441,441,441,441,441,441,441,441,441,441,441,441,441,441,441,441,441,441,441,441,441,441,441,441,441,441,441,441,441,441,441,441,441,441,
size:31
[agent] id:19
path:245,280,315,350,385,420,455,490,525,526,527,528,529,530,531,532,533,534,535,536,537,538,539,540,541,542,543,544,545,546,546,546,546,546,546,546,546,546,546,546,546,546,546,546,546,546,
goal:546,546,546,546,546,546,546,546,546,546,546,546,546,546,546,546,546,546,546,546,546,546,546,546,546,546,546,546,546,546,546,546,546,546,546,546,546,546,546,546,546,546,546,546,546,546,
size:29
[agent] id:20
path:492,491,491,491,491,491,491,491,491,491,491,491,491,491,491,491,491,491,491,491,491,491,491,491,491,491,491,491,491,491,491,491,491,491,491,491,491,491,491,491,491,491,491,491,491,491,
goal:491,491,491,491,491,491,491,491,491,491,491,491,491,491,491,491,491,491,491,491,491,491,491,491,491,491,491,491,491,491,491,491,491,491,491,491,491,491,491,491,491,491,491,491,491,491,
size:1
[agent] id:21
path:671,636,601,566,531,496,461,426,427,428,429,430,431,432,433,434,435,436,437,438,439,404,405,406,407,408,409,410,411,412,413,414,415,415,415,415,415,415,415,415,415,415,415,415,415,415,
goal:415,415,415,415,415,415,415,415,415,415,415,415,415,415,415,415,415,415,415,415,415,415,415,415,415,415,415,415,415,415,415,415,415,415,415,415,415,415,415,415,415,415,415,415,415,415,
size:32
[agent] id:22
path:29,64,99,134,169,204,239,274,309,344,379,414,449,484,519,554,555,556,557,558,558,558,558,558,558,558,558,558,558,558,558,558,558,558,558,558,558,558,558,558,558,558,558,558,558,558,
goal:558,558,558,558,558,558,558,558,558,558,558,558,558,558,558,558,558,558,558,558,558,558,558,558,558,558,558,558,558,558,558,558,558,558,558,558,558,558,558,558,558,558,558,558,558,558,
size:19
[agent] id:23
path:686,687,688,689,690,691,692,693,658,623,588,553,552,551,550,550,550,550,550,550,550,550,550,550,550,550,550,550,550,550,550,550,550,550,550,550,550,550,550,550,550,550,550,550,550,550,
goal:550,550,550,550,550,550,550,550,550,550,550,550,550,550,550,550,550,550,550,550,550,550,550,550,550,550,550,550,550,550,550,550,550,550,550,550,550,550,550,550,550,550,550,550,550,550,
size:14
[agent] id:24
path:28,63,98,133,168,167,166,165,165,165,165,165,165,165,165,165,165,165,165,165,165,165,165,165,165,165,165,165,165,165,165,165,165,165,165,165,165,165,165,165,165,165,165,165,165,165,
goal:165,165,165,165,165,165,165,165,165,165,165,165,165,165,165,165,165,165,165,165,165,165,165,165,165,165,165,165,165,165,165,165,165,165,165,165,165,165,165,165,165,165,165,165,165,165,
size:7
[agent] id:25
path:597,632,667,702,703,704,705,706,707,708,709,710,711,712,713,714,715,716,717,718,719,719,719,719,719,719,719,719,719,719,719,719,719,719,719,719,719,719,719,719,719,719,719,719,719,719,
goal:719,719,719,719,719,719,719,719,719,719,719,719,719,719,719,719,719,719,719,719,719,719,719,719,719,719,719,719,719,719,719,719,719,719,719,719,719,719,719,719,719,719,719,719,719,719,
size:20
[agent] id:26
path:662,627,592,557,522,487,452,417,382,347,312,277,242,207,172,137,102,67,66,65,64,64,64,64,64,64,64,64,64,64,64,64,64,64,64,64,64,64,64,64,64,64,64,64,64,64,
goal:64,64,64,64,64,64,64,64,64,64,64,64,64,64,64,64,64,64,64,64,64,64,64,64,64,64,64,64,64,64,64,64,64,64,64,64,64,64,64,64,64,64,64,64,64,64,
size:20
[agent] id:27
path:469,434,399,400,401,402,367,332,297,298,299,300,301,302,303,304,305,306,307,308,309,310,311,312,313,313,313,313,313,313,313,313,313,313,313,313,313,313,313,313,313,313,313,313,313,313,
goal:313,313,313,313,313,313,313,313,313,313,313,313,313,313,313,313,313,313,313,313,313,313,313,313,313,313,313,313,313,313,313,313,313,313,313,313,313,313,313,313,313,313,313,313,313,313,
size:24
[agent] id:28
path:547,546,545,544,543,542,507,472,437,402,367,402,403,403,402,367,332,297,262,227,192,157,158,159,159,159,159,159,159,159,159,159,159,159,159,159,159,159,159,159,159,159,159,159,159,159,
goal:159,159,159,159,159,159,159,159,159,159,159,159,159,159,159,159,159,159,159,159,159,159,159,159,159,159,159,159,159,159,159,159,159,159,159,159,159,159,159,159,159,159,159,159,159,159,
size:23
[agent] id:29
path:214,249,284,319,354,389,424,459,494,529,564,599,600,635,670,671,672,673,674,675,676,677,678,679,680,681,682,683,684,685,720,721,722,723,724,725,726,727,728,729,730,731,732,732,732,732,
goal:732,732,732,732,732,732,732,732,732,732,732,732,732,732,732,732,732,732,732,732,732,732,732,732,732,732,732,732,732,732,732,732,732,732,732,732,732,732,732,732,732,732,732,732,732,732,
size:42
SolutionCost:675
