[setting] seed:54
[solver] type:ECBS
[solver] w:2.000000
[solver] ID:0
[solver] Lowlevelnode:7622
[solver] ConflictCount:16
[solver] solved:1
[solver] elapsed:50
[solver] makespan:38
[problem] timesteplimit:10000
[problem] type:MAPF
[problem] agentnum:30
[graph] width:35
[graph] height:21
[graph] filename:./map/warehouse_middle.map
[task] id:18,start:0,end:0,service time:0,nodes:707,
[task] id:13,start:0,end:0,service time:0,nodes:380,
[task] id:23,start:0,end:0,service time:0,nodes:267,
[task] id:2,start:0,end:0,service time:0,nodes:518,
[task] id:21,start:0,end:0,service time:0,nodes:483,
[task] id:22,start:0,end:0,service time:0,nodes:198,
[task] id:25,start:0,end:0,service time:0,nodes:556,
[task] id:24,start:0,end:0,service time:0,nodes:629,
[task] id:4,start:0,end:0,service time:0,nodes:390,
[task] id:14,start:0,end:0,service time:0,nodes:265,
[task] id:28,start:0,end:0,service time:0,nodes:540,
[task] id:29,start:0,end:0,service time:0,nodes:253,
[task] id:19,start:0,end:0,service time:0,nodes:609,
[task] id:3,start:0,end:0,service time:0,nodes:306,
[task] id:20,start:0,end:0,service time:0,nodes:20,
[task] id:16,start:0,end:0,service time:0,nodes:734,
[task] id:15,start:0,end:0,service time:0,nodes:162,
[task] id:27,start:0,end:0,service time:0,nodes:583,
[task] id:17,start:0,end:0,service time:0,nodes:367,
[task] id:11,start:0,end:0,service time:0,nodes:684,
[task] id:6,start:0,end:0,service time:0,nodes:7,
[task] id:26,start:0,end:0,service time:0,nodes:243,
[task] id:0,start:0,end:0,service time:0,nodes:6,
[task] id:12,start:0,end:0,service time:0,nodes:480,
[task] id:1,start:0,end:0,service time:0,nodes:673,
[task] id:7,start:0,end:0,service time:0,nodes:713,
[task] id:5,start:0,end:0,service time:0,nodes:602,
[task] id:9,start:0,end:0,service time:0,nodes:254,
[task] id:10,start:0,end:0,service time:0,nodes:415,
[task] id:8,start:0,end:0,service time:0,nodes:453,
[agent] id:0
path:409,408,407,406,405,404,403,402,367,332,297,296,295,294,293,292,291,290,289,288,287,252,251,216,181,146,111,76,41,6,6,6,6,6,6,6,6,6,6,
goal:6,6,6,6,6,6,6,6,6,6,6,6,6,6,6,6,6,6,6,6,6,6,6,6,6,6,6,6,6,6,6,6,6,6,6,6,6,6,6,
size:29
[agent] id:1
path:416,451,486,521,556,591,626,661,696,695,694,693,692,691,690,689,688,687,686,685,684,683,682,681,680,679,678,677,676,675,674,673,673,673,673,673,673,673,673,
goal:673,673,673,673,673,673,673,673,673,673,673,673,673,673,673,673,673,673,673,673,673,673,673,673,673,673,673,673,673,673,673,673,673,673,673,673,673,673,673,
size:31
[agent] id:2
path:408,443,478,479,480,481,482,483,518,518,518,518,518,518,518,518,518,518,518,518,518,518,518,518,518,518,518,518,518,518,518,518,518,518,518,518,518,518,518,
goal:518,518,518,518,518,518,518,518,518,518,518,518,518,518,518,518,518,518,518,518,518,518,518,518,518,518,518,518,518,518,518,518,518,518,518,518,518,518,518,
size:8
[agent] id:3
path:15,50,51,52,87,122,157,157,192,227,262,263,298,299,300,301,302,303,304,305,306,306,306,306,306,306,306,306,306,306,306,306,306,306,306,306,306,306,306,
goal:306,306,306,306,306,306,306,306,306,306,306,306,306,306,306,306,306,306,306,306,306,306,306,306,306,306,306,306,306,306,306,306,306,306,306,306,306,306,306,
size:20
[agent] id:4
path:38,73,108,143,178,213,248,283,318,353,388,389,390,390,390,390,390,390,390,390,390,390,390,390,390,390,390,390,390,390,390,390,390,390,390,390,390,390,390,
goal:390,390,390,390,390,390,390,390,390,390,390,390,390,390,390,390,390,390,390,390,390,390,390,390,390,390,390,390,390,390,390,390,390,390,390,390,390,390,390,
size:12
[agent] id:5
path:23,58,57,56,55,54,53,52,87,122,157,192,227,262,297,332,367,402,437,472,507,542,577,576,575,574,573,608,607,606,605,604,603,602,602,602,602,602,602,
goal:602,602,602,602,602,602,602,602,602,602,602,602,602,602,602,602,602,602,602,602,602,602,602,602,602,602,602,602,602,602,602,602,602,602,602,602,602,602,602,
size:33
[agent] id:6
path:203,168,133,98,63,28,27,26,25,24,23,22,21,20,19,18,17,16,15,14,13,12,11,10,9,8,7,7,7,7,7,7,7,7,7,7,7,7,7,
goal:7,7,7,7,7,7,7,7,7,7,7,7,7,7,7,7,7,7,7,7,7,7,7,7,7,7,7,7,7,7,7,7,7,7,7,7,7,7,7,
size:26
[agent] id:7
path:60,59,58,57,56,55,54,53,52,87,122,157,192,227,262,297,332,367,402,437,472,507,542,577,612,647,682,717,716,715,714,713,713,713,713,713,713,713,713,
goal:713,713,713,713,713,713,713,713,713,713,713,713,713,713,713,713,713,713,713,713,713,713,713,713,713,713,713,713,713,713,713,713,713,713,713,713,713,713,713,
size:31
[agent] id:8
path:7,42,43,44,45,46,47,48,49,50,51,52,87,122,157,192,227,262,297,332,367,402,437,438,439,440,441,442,443,444,445,446,447,448,449,450,451,452,453,
goal:453,453,453,453,453,453,453,453,453,453,453,453,453,453,453,453,453,453,453,453,453,453,453,453,453,453,453,453,453,453,453,453,453,453,453,453,453,453,453,
size:38
[agent] id:9
path:593,558,523,488,453,418,383,348,347,346,345,344,343,342,341,340,339,338,337,302,301,300,299,264,263,262,261,260,259,258,257,256,255,254,254,254,254,254,254,
goal:254,254,254,254,254,254,254,254,254,254,254,254,254,254,254,254,254,254,254,254,254,254,254,254,254,254,254,254,254,254,254,254,254,254,254,254,254,254,254,
size:33
[agent] id:10
path:597,562,527,492,457,422,387,388,388,389,390,391,392,393,394,395,396,397,398,399,400,401,402,403,404,405,406,407,408,409,410,411,412,413,414,415,415,415,415,
goal:415,415,415,415,415,415,415,415,415,415,415,415,415,415,415,415,415,415,415,415,415,415,415,415,415,415,415,415,415,415,415,415,415,415,415,415,415,415,415,
size:35
[agent] id:11
path:286,321,356,391,426,461,496,531,566,567,568,569,570,571,572,573,574,575,576,611,612,647,647,682,683,684,684,684,684,684,684,684,684,684,684,684,684,684,684,
goal:684,684,684,684,684,684,684,684,684,684,684,684,684,684,684,684,684,684,684,684,684,684,684,684,684,684,684,684,684,684,684,684,684,684,684,684,684,684,684,
size:25
[agent] id:12
path:704,669,634,599,564,529,494,459,460,461,462,463,464,465,466,467,468,469,470,471,471,472,473,474,475,476,477,478,479,480,480,480,480,480,480,480,480,480,480,
goal:480,480,480,480,480,480,480,480,480,480,480,480,480,480,480,480,480,480,480,480,480,480,480,480,480,480,480,480,480,480,480,480,480,480,480,480,480,480,480,
size:29
[agent] id:13
path:275,310,345,380,380,380,380,380,380,380,380,380,380,380,380,380,380,380,380,380,380,380,380,380,380,380,380,380,380,380,380,380,380,380,380,380,380,380,380,
goal:380,380,380,380,380,380,380,380,380,380,380,380,380,380,380,380,380,380,380,380,380,380,380,380,380,380,380,380,380,380,380,380,380,380,380,380,380,380,380,
size:3
[agent] id:14
path:415,380,379,344,309,308,307,306,305,304,303,302,301,266,265,265,265,265,265,265,265,265,265,265,265,265,265,265,265,265,265,265,265,265,265,265,265,265,265,
goal:265,265,265,265,265,265,265,265,265,265,265,265,265,265,265,265,265,265,265,265,265,265,265,265,265,265,265,265,265,265,265,265,265,265,265,265,265,265,265,
size:14
[agent] id:15
path:323,288,253,252,251,216,181,146,147,148,149,150,151,152,153,154,155,156,157,158,159,160,161,162,162,162,162,162,162,162,162,162,162,162,162,162,162,162,162,
goal:162,162,162,162,162,162,162,162,162,162,162,162,162,162,162,162,162,162,162,162,162,162,162,162,162,162,162,162,162,162,162,162,162,162,162,162,162,162,162,
size:23
[agent] id:16
path:270,305,340,341,342,343,378,413,414,415,450,485,520,555,590,625,660,695,730,731,732,733,734,734,734,734,734,734,734,734,734,734,734,734,734,734,734,734,734,
goal:734,734,734,734,734,734,734,734,734,734,734,734,734,734,734,734,734,734,734,734,734,734,734,734,734,734,734,734,734,734,734,734,734,734,734,734,734,734,734,
size:22
[agent] id:17
path:693,658,623,588,589,554,519,484,449,448,447,446,445,444,443,442,441,440,439,438,437,436,401,402,367,367,367,367,367,367,367,367,367,367,367,367,367,367,367,
goal:367,367,367,367,367,367,367,367,367,367,367,367,367,367,367,367,367,367,367,367,367,367,367,367,367,367,367,367,367,367,367,367,367,367,367,367,367,367,367,
size:24
[agent] id:18
path:673,708,707,707,707,707,707,707,707,707,707,707,707,707,707,707,707,707,707,707,707,707,707,707,707,707,707,707,707,707,707,707,707,707,707,707,707,707,707,
goal:707,707,707,707,707,707,707,707,707,707,707,707,707,707,707,707,707,707,707,707,707,707,707,707,707,707,707,707,707,707,707,707,707,707,707,707,707,707,707,
size:2
[agent] id:19
path:448,483,518,553,588,587,622,621,620,619,618,617,616,615,614,613,612,611,610,609,609,609,609,609,609,609,609,609,609,609,609,609,609,609,609,609,609,609,609,
goal:609,609,609,609,609,609,609,609,609,609,609,609,609,609,609,609,609,609,609,609,609,609,609,609,609,609,609,609,609,609,609,609,609,609,609,609,609,609,609,
size:19
[agent] id:20
path:313,278,243,208,173,138,103,68,33,32,31,30,29,28,27,26,25,24,23,22,21,20,20,20,20,20,20,20,20,20,20,20,20,20,20,20,20,20,20,
goal:20,20,20,20,20,20,20,20,20,20,20,20,20,20,20,20,20,20,20,20,20,20,20,20,20,20,20,20,20,20,20,20,20,20,20,20,20,20,20,
size:21
[agent] id:21
path:272,307,342,343,378,413,448,448,483,483,483,483,483,483,483,483,483,483,483,483,483,483,483,483,483,483,483,483,483,483,483,483,483,483,483,483,483,483,483,
goal:483,483,483,483,483,483,483,483,483,483,483,483,483,483,483,483,483,483,483,483,483,483,483,483,483,483,483,483,483,483,483,483,483,483,483,483,483,483,483,
size:8
[agent] id:22
path:262,227,192,193,194,195,196,197,198,198,198,198,198,198,198,198,198,198,198,198,198,198,198,198,198,198,198,198,198,198,198,198,198,198,198,198,198,198,198,
goal:198,198,198,198,198,198,198,198,198,198,198,198,198,198,198,198,198,198,198,198,198,198,198,198,198,198,198,198,198,198,198,198,198,198,198,198,198,198,198,
size:8
[agent] id:23
path:336,301,266,267,267,267,267,267,267,267,267,267,267,267,267,267,267,267,267,267,267,267,267,267,267,267,267,267,267,267,267,267,267,267,267,267,267,267,267,
goal:267,267,267,267,267,267,267,267,267,267,267,267,267,267,267,267,267,267,267,267,267,267,267,267,267,267,267,267,267,267,267,267,267,267,267,267,267,267,267,
size:3
[agent] id:24
path:690,691,692,693,658,623,624,625,626,627,628,629,629,629,629,629,629,629,629,629,629,629,629,629,629,629,629,629,629,629,629,629,629,629,629,629,629,629,629,
goal:629,629,629,629,629,629,629,629,629,629,629,629,629,629,629,629,629,629,629,629,629,629,629,629,629,629,629,629,629,629,629,629,629,629,629,629,629,629,629,
size:11
[agent] id:25
path:412,447,482,483,518,553,554,555,556,556,556,556,556,556,556,556,556,556,556,556,556,556,556,556,556,556,556,556,556,556,556,556,556,556,556,556,556,556,556,
goal:556,556,556,556,556,556,556,556,556,556,556,556,556,556,556,556,556,556,556,556,556,556,556,556,556,556,556,556,556,556,556,556,556,556,556,556,556,556,556,
size:8
[agent] id:26
path:185,186,187,188,189,190,191,192,193,194,195,196,197,162,163,164,199,200,201,202,203,238,239,240,241,242,243,243,243,243,243,243,243,243,243,243,243,243,243,
goal:243,243,243,243,243,243,243,243,243,243,243,243,243,243,243,243,243,243,243,243,243,243,243,243,243,243,243,243,243,243,243,243,243,243,243,243,243,243,243,
size:26
[agent] id:27
path:193,192,157,157,192,227,262,297,332,331,332,367,402,437,472,507,542,577,578,579,580,581,582,583,583,583,583,583,583,583,583,583,583,583,583,583,583,583,583,
goal:583,583,583,583,583,583,583,583,583,583,583,583,583,583,583,583,583,583,583,583,583,583,583,583,583,583,583,583,583,583,583,583,583,583,583,583,583,583,583,
size:23
[agent] id:28
path:724,689,688,687,686,685,684,683,682,647,612,577,542,541,540,540,540,540,540,540,540,540,540,540,540,540,540,540,540,540,540,540,540,540,540,540,540,540,540,
goal:540,540,540,540,540,540,540,540,540,540,540,540,540,540,540,540,540,540,540,540,540,540,540,540,540,540,540,540,540,540,540,540,540,540,540,540,540,540,540,
size:14
[agent] id:29
path:669,634,599,564,529,494,459,424,389,354,319,284,249,250,251,252,253,253,253,253,253,253,253,253,253,253,253,253,253,253,253,253,253,253,253,253,253,253,253,
goal:253,253,253,253,253,253,253,253,253,253,253,253,253,253,253,253,253,253,253,253,253,253,253,253,253,253,253,253,253,253,253,253,253,253,253,253,253,253,253,
size:16
SolutionCost:595
