[setting] seed:83
[solver] type:ECBS
[solver] w:2.000000
[solver] ID:0
[solver] Lowlevelnode:5721
[solver] ConflictCount:11
[solver] solved:1
[solver] elapsed:38
[solver] makespan:36
[problem] timesteplimit:10000
[problem] type:MAPF
[problem] agentnum:30
[graph] width:35
[graph] height:21
[graph] filename:./map/warehouse_middle.map
[task] id:26,start:0,end:0,service time:0,nodes:378,
[task] id:9,start:0,end:0,service time:0,nodes:623,
[task] id:0,start:0,end:0,service time:0,nodes:190,
[task] id:18,start:0,end:0,service time:0,nodes:177,
[task] id:23,start:0,end:0,service time:0,nodes:434,
[task] id:7,start:0,end:0,service time:0,nodes:21,
[task] id:29,start:0,end:0,service time:0,nodes:64,
[task] id:5,start:0,end:0,service time:0,nodes:356,
[task] id:20,start:0,end:0,service time:0,nodes:162,
[task] id:19,start:0,end:0,service time:0,nodes:398,
[task] id:25,start:0,end:0,service time:0,nodes:633,
[task] id:15,start:0,end:0,service time:0,nodes:467,
[task] id:22,start:0,end:0,service time:0,nodes:554,
[task] id:30,start:0,end:0,service time:0,nodes:190,
[task] id:2,start:0,end:0,service time:0,nodes:29,
[task] id:21,start:0,end:0,service time:0,nodes:227,
[task] id:6,start:0,end:0,service time:0,nodes:49,
[task] id:3,start:0,end:0,service time:0,nodes:187,
[task] id:12,start:0,end:0,service time:0,nodes:57,
[task] id:13,start:0,end:0,service time:0,nodes:536,
[task] id:16,start:0,end:0,service time:0,nodes:345,
[task] id:14,start:0,end:0,service time:0,nodes:337,
[task] id:28,start:0,end:0,service time:0,nodes:566,
[task] id:1,start:0,end:0,service time:0,nodes:247,
[task] id:27,start:0,end:0,service time:0,nodes:213,
[task] id:11,start:0,end:0,service time:0,nodes:271,
[task] id:24,start:0,end:0,service time:0,nodes:600,
[task] id:4,start:0,end:0,service time:0,nodes:278,
[task] id:10,start:0,end:0,service time:0,nodes:1,
[task] id:17,start:0,end:0,service time:0,nodes:170,
[task] id:8,start:0,end:0,service time:0,nodes:27,
[agent] id:0
path:195,194,193,192,191,190,190,190,190,190,190,190,190,190,190,155,155,155,190,190,190,190,190,190,190,190,190,190,190,190,190,190,190,190,190,190,190,
goal:190,190,190,190,190,190,190,190,190,190,190,190,190,190,190,190,190,190,190,190,190,190,190,190,190,190,190,190,190,190,190,190,190,190,190,190,190,
size:18
[agent] id:1
path:444,409,408,407,406,405,404,403,402,367,332,297,296,295,294,293,292,257,256,255,254,253,252,251,250,249,248,247,247,247,247,247,247,247,247,247,247,
goal:247,247,247,247,247,247,247,247,247,247,247,247,247,247,247,247,247,247,247,247,247,247,247,247,247,247,247,247,247,247,247,247,247,247,247,247,247,
size:27
[agent] id:2
path:299,264,265,266,267,268,269,270,271,272,273,238,203,168,133,98,63,28,29,29,29,29,29,29,29,29,29,29,29,29,29,29,29,29,29,29,29,
goal:29,29,29,29,29,29,29,29,29,29,29,29,29,29,29,29,29,29,29,29,29,29,29,29,29,29,29,29,29,29,29,29,29,29,29,29,29,
size:18
[agent] id:3
path:309,274,239,204,203,202,201,200,199,198,197,196,195,194,193,192,191,190,189,188,187,187,187,187,187,187,187,187,187,187,187,187,187,187,187,187,187,
goal:187,187,187,187,187,187,187,187,187,187,187,187,187,187,187,187,187,187,187,187,187,187,187,187,187,187,187,187,187,187,187,187,187,187,187,187,187,
size:20
[agent] id:4
path:42,43,44,45,46,47,48,49,50,51,52,87,122,123,158,159,160,195,196,197,198,199,200,201,202,203,238,273,274,275,276,277,278,278,278,278,278,
goal:278,278,278,278,278,278,278,278,278,278,278,278,278,278,278,278,278,278,278,278,278,278,278,278,278,278,278,278,278,278,278,278,278,278,278,278,278,
size:32
[agent] id:5
path:490,455,420,385,350,351,352,353,354,355,356,356,356,356,356,356,356,356,356,356,356,356,356,356,356,356,356,356,356,356,356,356,356,356,356,356,356,
goal:356,356,356,356,356,356,356,356,356,356,356,356,356,356,356,356,356,356,356,356,356,356,356,356,356,356,356,356,356,356,356,356,356,356,356,356,356,
size:10
[agent] id:6
path:396,397,398,399,400,401,402,367,332,297,262,227,192,157,122,87,52,51,50,49,49,49,49,49,49,49,49,49,49,49,49,49,49,49,49,49,49,
goal:49,49,49,49,49,49,49,49,49,49,49,49,49,49,49,49,49,49,49,49,49,49,49,49,49,49,49,49,49,49,49,49,49,49,49,49,49,
size:19
[agent] id:7
path:61,26,25,24,23,22,21,21,21,21,21,21,21,21,21,21,21,21,21,21,21,21,21,21,21,21,21,21,21,21,21,21,21,21,21,21,21,
goal:21,21,21,21,21,21,21,21,21,21,21,21,21,21,21,21,21,21,21,21,21,21,21,21,21,21,21,21,21,21,21,21,21,21,21,21,21,
size:6
[agent] id:8
path:353,318,283,248,213,178,143,108,109,110,111,112,113,114,115,116,117,118,119,120,121,122,123,124,125,126,127,128,129,130,131,132,133,98,63,28,27,
goal:27,27,27,27,27,27,27,27,27,27,27,27,27,27,27,27,27,27,27,27,27,27,27,27,27,27,27,27,27,27,27,27,27,27,27,27,27,
size:36
[agent] id:9
path:729,694,659,624,623,623,623,623,623,623,623,623,623,623,623,623,623,623,623,623,623,623,623,623,623,623,623,623,623,623,623,623,623,623,623,623,623,
goal:623,623,623,623,623,623,623,623,623,623,623,623,623,623,623,623,623,623,623,623,623,623,623,623,623,623,623,623,623,623,623,623,623,623,623,623,623,
size:4
[agent] id:10
path:475,440,405,404,403,402,367,332,297,296,295,294,293,292,291,290,255,254,253,252,251,216,181,146,111,76,41,6,5,4,3,2,1,1,1,1,1,
goal:1,1,1,1,1,1,1,1,1,1,1,1,1,1,1,1,1,1,1,1,1,1,1,1,1,1,1,1,1,1,1,1,1,1,1,1,1,
size:32
[agent] id:11
path:37,72,107,142,177,212,247,248,249,250,251,252,253,254,255,256,257,258,259,260,261,262,263,264,265,266,267,268,269,270,271,271,271,271,271,271,271,
goal:271,271,271,271,271,271,271,271,271,271,271,271,271,271,271,271,271,271,271,271,271,271,271,271,271,271,271,271,271,271,271,271,271,271,271,271,271,
size:30
[agent] id:12
path:253,254,255,256,257,258,259,260,261,262,227,192,157,122,87,52,53,54,55,56,57,57,57,57,57,57,57,57,57,57,57,57,57,57,57,57,57,
goal:57,57,57,57,57,57,57,57,57,57,57,57,57,57,57,57,57,57,57,57,57,57,57,57,57,57,57,57,57,57,57,57,57,57,57,57,57,
size:20
[agent] id:13
path:107,142,177,212,247,282,317,352,387,422,457,492,527,528,529,530,531,532,533,534,535,536,536,536,536,536,536,536,536,536,536,536,536,536,536,536,536,
goal:536,536,536,536,536,536,536,536,536,536,536,536,536,536,536,536,536,536,536,536,536,536,536,536,536,536,536,536,536,536,536,536,536,536,536,536,536,
size:21
[agent] id:14
path:176,211,246,281,316,317,318,319,320,321,322,323,324,325,326,327,328,329,330,331,332,333,334,335,336,337,337,337,337,337,337,337,337,337,337,337,337,
goal:337,337,337,337,337,337,337,337,337,337,337,337,337,337,337,337,337,337,337,337,337,337,337,337,337,337,337,337,337,337,337,337,337,337,337,337,337,
size:25
[agent] id:15
path:618,583,582,581,580,579,544,543,542,507,472,471,470,469,468,467,467,467,467,467,467,467,467,467,467,467,467,467,467,467,467,467,467,467,467,467,467,
goal:467,467,467,467,467,467,467,467,467,467,467,467,467,467,467,467,467,467,467,467,467,467,467,467,467,467,467,467,467,467,467,467,467,467,467,467,467,
size:15
[agent] id:16
path:18,53,54,55,56,57,58,59,60,61,62,63,98,133,134,169,204,239,274,309,344,345,345,345,345,345,345,345,345,345,345,345,345,345,345,345,345,
goal:345,345,345,345,345,345,345,345,345,345,345,345,345,345,345,345,345,345,345,345,345,345,345,345,345,345,345,345,345,345,345,345,345,345,345,345,345,
size:21
[agent] id:17
path:462,463,464,465,466,467,468,469,470,435,436,401,402,367,332,297,298,299,300,301,302,303,304,305,306,307,308,309,310,310,275,240,205,170,170,170,170,
goal:170,170,170,170,170,170,170,170,170,170,170,170,170,170,170,170,170,170,170,170,170,170,170,170,170,170,170,170,170,170,170,170,170,170,170,170,170,
size:33
[agent] id:18
path:282,247,212,213,178,177,177,177,177,177,177,177,177,177,177,177,177,177,177,177,177,177,177,177,177,177,177,177,177,177,177,177,177,177,177,177,177,
goal:177,177,177,177,177,177,177,177,177,177,177,177,177,177,177,177,177,177,177,177,177,177,177,177,177,177,177,177,177,177,177,177,177,177,177,177,177,
size:5
[agent] id:19
path:479,444,409,408,407,406,405,404,403,402,401,400,399,398,398,398,398,398,398,398,398,398,398,398,398,398,398,398,398,398,398,398,398,398,398,398,398,
goal:398,398,398,398,398,398,398,398,398,398,398,398,398,398,398,398,398,398,398,398,398,398,398,398,398,398,398,398,398,398,398,398,398,398,398,398,398,
size:13
[agent] id:20
path:48,49,50,51,52,87,122,157,158,159,160,161,162,162,162,162,162,162,162,162,162,162,162,162,162,162,162,162,162,162,162,162,162,162,162,162,162,
goal:162,162,162,162,162,162,162,162,162,162,162,162,162,162,162,162,162,162,162,162,162,162,162,162,162,162,162,162,162,162,162,162,162,162,162,162,162,
size:12
[agent] id:21
path:173,208,207,206,205,204,203,202,201,200,199,198,197,196,195,194,193,192,227,227,227,227,227,227,227,227,227,227,227,227,227,227,227,227,227,227,227,
goal:227,227,227,227,227,227,227,227,227,227,227,227,227,227,227,227,227,227,227,227,227,227,227,227,227,227,227,227,227,227,227,227,227,227,227,227,227,
size:18
[agent] id:22
path:539,540,541,542,543,544,545,546,547,548,549,550,551,552,553,554,554,554,554,554,554,554,554,554,554,554,554,554,554,554,554,554,554,554,554,554,554,
goal:554,554,554,554,554,554,554,554,554,554,554,554,554,554,554,554,554,554,554,554,554,554,554,554,554,554,554,554,554,554,554,554,554,554,554,554,554,
size:15
[agent] id:23
path:507,472,437,436,435,434,434,434,434,434,434,434,434,434,434,434,434,434,434,434,434,434,434,434,434,434,434,434,434,434,434,434,434,434,434,434,434,
goal:434,434,434,434,434,434,434,434,434,434,434,434,434,434,434,434,434,434,434,434,434,434,434,434,434,434,434,434,434,434,434,434,434,434,434,434,434,
size:5
[agent] id:24
path:698,697,696,695,694,693,692,691,690,689,688,687,686,685,684,683,682,647,612,611,610,609,608,607,606,605,604,603,602,601,600,600,600,600,600,600,600,
goal:600,600,600,600,600,600,600,600,600,600,600,600,600,600,600,600,600,600,600,600,600,600,600,600,600,600,600,600,600,600,600,600,600,600,600,600,600,
size:30
[agent] id:25
path:538,573,608,607,606,605,604,603,602,601,636,635,634,633,633,633,633,633,633,633,633,633,633,633,633,633,633,633,633,633,633,633,633,633,633,633,633,
goal:633,633,633,633,633,633,633,633,633,633,633,633,633,633,633,633,633,633,633,633,633,633,633,633,633,633,633,633,633,633,633,633,633,633,633,633,633,
size:13
[agent] id:26
path:449,414,379,378,378,378,378,378,378,378,378,378,378,378,378,378,378,378,378,378,378,378,378,378,378,378,378,378,378,378,378,378,378,378,378,378,378,
goal:378,378,378,378,378,378,378,378,378,378,378,378,378,378,378,378,378,378,378,378,378,378,378,378,378,378,378,378,378,378,378,378,378,378,378,378,378,
size:3
[agent] id:27
path:169,204,203,202,201,200,199,198,197,196,195,194,193,192,191,190,189,188,187,186,185,184,183,182,181,216,215,214,213,213,213,213,213,213,213,213,213,
goal:213,213,213,213,213,213,213,213,213,213,213,213,213,213,213,213,213,213,213,213,213,213,213,213,213,213,213,213,213,213,213,213,213,213,213,213,213,
size:28
[agent] id:28
path:520,555,590,589,588,587,586,585,584,583,582,581,580,579,578,577,576,575,574,573,572,571,570,569,568,567,566,566,566,566,566,566,566,566,566,566,566,
goal:566,566,566,566,566,566,566,566,566,566,566,566,566,566,566,566,566,566,566,566,566,566,566,566,566,566,566,566,566,566,566,566,566,566,566,566,566,
size:26
[agent] id:29
path:202,167,132,133,98,63,64,64,64,64,64,64,64,64,64,64,64,64,64,64,64,64,64,64,64,64,64,64,64,64,64,64,64,64,64,64,64,
goal:64,64,64,64,64,64,64,64,64,64,64,64,64,64,64,64,64,64,64,64,64,64,64,64,64,64,64,64,64,64,64,64,64,64,64,64,64,
size:6
SolutionCost:561
