[setting] seed:35
[solver] type:ECBS
[solver] w:2.000000
[solver] ID:0
[solver] Lowlevelnode:5815
[solver] ConflictCount:14
[solver] solved:1
[solver] elapsed:44
[solver] makespan:51
[problem] timesteplimit:10000
[problem] type:MAPF
[problem] agentnum:30
[graph] width:35
[graph] height:21
[graph] filename:./map/warehouse_middle.map
[task] id:4,start:0,end:0,service time:0,nodes:694,
[task] id:12,start:0,end:0,service time:0,nodes:142,
[task] id:8,start:0,end:0,service time:0,nodes:689,
[task] id:25,start:0,end:0,service time:0,nodes:484,
[task] id:17,start:0,end:0,service time:0,nodes:383,
[task] id:16,start:0,end:0,service time:0,nodes:41,
[task] id:20,start:0,end:0,service time:0,nodes:266,
[task] id:1,start:0,end:0,service time:0,nodes:65,
[task] id:13,start:0,end:0,service time:0,nodes:707,
[task] id:2,start:0,end:0,service time:0,nodes:441,
[task] id:11,start:0,end:0,service time:0,nodes:172,
[task] id:27,start:0,end:0,service time:0,nodes:100,
[task] id:9,start:0,end:0,service time:0,nodes:693,
[task] id:23,start:0,end:0,service time:0,nodes:431,
[task] id:7,start:0,end:0,service time:0,nodes:73,
[task] id:26,start:0,end:0,service time:0,nodes:602,
[task] id:6,start:0,end:0,service time:0,nodes:712,
[task] id:0,start:0,end:0,service time:0,nodes:216,
[task] id:28,start:0,end:0,service time:0,nodes:76,
[task] id:21,start:0,end:0,service time:0,nodes:425,
[task] id:22,start:0,end:0,service time:0,nodes:446,
[task] id:10,start:0,end:0,service time:0,nodes:609,
[task] id:14,start:0,end:0,service time:0,nodes:380,
[task] id:24,start:0,end:0,service time:0,nodes:684,
[task] id:3,start:0,end:0,service time:0,nodes:605,
[task] id:15,start:0,end:0,service time:0,nodes:303,
[task] id:29,start:0,end:0,service time:0,nodes:137,
[task] id:19,start:0,end:0,service time:0,nodes:711,
[task] id:18,start:0,end:0,service time:0,nodes:248,
[task] id:5,start:0,end:0,service time:0,nodes:69,
[agent] id:0
path:341,306,271,270,269,268,267,266,265,264,263,262,261,260,259,258,257,256,255,254,253,252,251,216,216,216,216,216,216,216,216,216,216,216,216,216,216,216,216,216,216,216,216,216,216,216,216,216,216,216,216,216,
goal:216,216,216,216,216,216,216,216,216,216,216,216,216,216,216,216,216,216,216,216,216,216,216,216,216,216,216,216,216,216,216,216,216,216,216,216,216,216,216,216,216,216,216,216,216,216,216,216,216,216,216,216,
size:23
[agent] id:1
path:194,159,124,125,126,127,128,129,130,131,132,133,98,63,64,65,65,65,65,65,65,65,65,65,65,65,65,65,65,65,65,65,65,65,65,65,65,65,65,65,65,65,65,65,65,65,65,65,65,65,65,65,
goal:65,65,65,65,65,65,65,65,65,65,65,65,65,65,65,65,65,65,65,65,65,65,65,65,65,65,65,65,65,65,65,65,65,65,65,65,65,65,65,65,65,65,65,65,65,65,65,65,65,65,65,65,
size:15
[agent] id:2
path:242,277,312,347,382,417,452,451,450,449,448,447,446,445,444,443,442,441,441,441,441,441,441,441,441,441,441,441,441,441,441,441,441,441,441,441,441,441,441,441,441,441,441,441,441,441,441,441,441,441,441,441,
goal:441,441,441,441,441,441,441,441,441,441,441,441,441,441,441,441,441,441,441,441,441,441,441,441,441,441,441,441,441,441,441,441,441,441,441,441,441,441,441,441,441,441,441,441,441,441,441,441,441,441,441,441,
size:17
[agent] id:3
path:13,48,47,46,45,44,43,42,41,76,75,110,145,180,215,250,285,320,355,390,425,460,495,530,565,566,567,568,603,604,605,605,605,605,605,605,605,605,605,605,605,605,605,605,605,605,605,605,605,605,605,605,
goal:605,605,605,605,605,605,605,605,605,605,605,605,605,605,605,605,605,605,605,605,605,605,605,605,605,605,605,605,605,605,605,605,605,605,605,605,605,605,605,605,605,605,605,605,605,605,605,605,605,605,605,605,
size:30
[agent] id:4
path:691,692,693,694,694,694,694,694,694,694,694,694,694,694,694,694,694,694,694,694,694,694,694,694,694,694,694,694,694,694,694,694,694,694,694,694,694,694,694,694,694,694,694,694,694,694,694,694,694,694,694,694,
goal:694,694,694,694,694,694,694,694,694,694,694,694,694,694,694,694,694,694,694,694,694,694,694,694,694,694,694,694,694,694,694,694,694,694,694,694,694,694,694,694,694,694,694,694,694,694,694,694,694,694,694,694,
size:3
[agent] id:5
path:630,595,560,525,490,455,420,385,350,315,280,245,210,175,140,105,106,107,108,109,110,111,112,113,114,115,116,117,118,119,120,121,122,123,124,125,126,127,128,129,130,131,132,133,134,135,136,101,66,67,68,69,
goal:69,69,69,69,69,69,69,69,69,69,69,69,69,69,69,69,69,69,69,69,69,69,69,69,69,69,69,69,69,69,69,69,69,69,69,69,69,69,69,69,69,69,69,69,69,69,69,69,69,69,69,69,
size:51
[agent] id:6
path:282,317,352,387,422,457,492,527,562,597,632,667,668,669,670,671,672,673,708,709,710,711,712,712,712,712,712,712,712,712,712,712,712,712,712,712,712,712,712,712,712,712,712,712,712,712,712,712,712,712,712,712,
goal:712,712,712,712,712,712,712,712,712,712,712,712,712,712,712,712,712,712,712,712,712,712,712,712,712,712,712,712,712,712,712,712,712,712,712,712,712,712,712,712,712,712,712,712,712,712,712,712,712,712,712,712,
size:22
[agent] id:7
path:332,297,262,227,192,157,122,121,120,119,118,117,116,115,114,113,112,111,76,75,74,73,73,73,73,73,73,73,73,73,73,73,73,73,73,73,73,73,73,73,73,73,73,73,73,73,73,73,73,73,73,73,
goal:73,73,73,73,73,73,73,73,73,73,73,73,73,73,73,73,73,73,73,73,73,73,73,73,73,73,73,73,73,73,73,73,73,73,73,73,73,73,73,73,73,73,73,73,73,73,73,73,73,73,73,73,
size:21
[agent] id:8
path:728,727,692,691,690,689,689,689,689,689,689,689,689,689,689,689,689,689,689,689,689,689,689,689,689,689,689,689,689,689,689,689,689,689,689,689,689,689,689,689,689,689,689,689,689,689,689,689,689,689,689,689,
goal:689,689,689,689,689,689,689,689,689,689,689,689,689,689,689,689,689,689,689,689,689,689,689,689,689,689,689,689,689,689,689,689,689,689,689,689,689,689,689,689,689,689,689,689,689,689,689,689,689,689,689,689,
size:5
[agent] id:9
path:137,172,207,242,277,312,347,382,417,452,487,522,557,592,627,662,661,660,659,658,693,693,693,693,693,693,693,693,693,693,693,693,693,693,693,693,693,693,693,693,693,693,693,693,693,693,693,693,693,693,693,693,
goal:693,693,693,693,693,693,693,693,693,693,693,693,693,693,693,693,693,693,693,693,693,693,693,693,693,693,693,693,693,693,693,693,693,693,693,693,693,693,693,693,693,693,693,693,693,693,693,693,693,693,693,693,
size:20
[agent] id:10
path:419,454,489,524,559,594,629,628,627,626,625,624,623,622,621,620,619,618,617,616,615,614,613,612,611,610,609,609,609,609,609,609,609,609,609,609,609,609,609,609,609,609,609,609,609,609,609,609,609,609,609,609,
goal:609,609,609,609,609,609,609,609,609,609,609,609,609,609,609,609,609,609,609,609,609,609,609,609,609,609,609,609,609,609,609,609,609,609,609,609,609,609,609,609,609,609,609,609,609,609,609,609,609,609,609,609,
size:26
[agent] id:11
path:53,54,55,56,57,58,59,60,61,62,63,98,99,134,169,170,171,172,172,172,172,172,172,172,172,172,172,172,172,172,172,172,172,172,172,172,172,172,172,172,172,172,172,172,172,172,172,172,172,172,172,172,
goal:172,172,172,172,172,172,172,172,172,172,172,172,172,172,172,172,172,172,172,172,172,172,172,172,172,172,172,172,172,172,172,172,172,172,172,172,172,172,172,172,172,172,172,172,172,172,172,172,172,172,172,172,
size:17
[agent] id:12
path:179,144,143,142,142,142,142,142,142,142,142,142,142,142,142,142,142,142,142,142,142,142,142,142,142,142,142,142,142,142,142,142,142,142,142,142,142,142,142,142,142,142,142,142,142,142,142,142,142,142,142,142,
goal:142,142,142,142,142,142,142,142,142,142,142,142,142,142,142,142,142,142,142,142,142,142,142,142,142,142,142,142,142,142,142,142,142,142,142,142,142,142,142,142,142,142,142,142,142,142,142,142,142,142,142,142,
size:3
[agent] id:13
path:615,614,613,612,647,682,717,716,715,714,713,712,711,710,709,708,707,707,707,707,707,707,707,707,707,707,707,707,707,707,707,707,707,707,707,707,707,707,707,707,707,707,707,707,707,707,707,707,707,707,707,707,
goal:707,707,707,707,707,707,707,707,707,707,707,707,707,707,707,707,707,707,707,707,707,707,707,707,707,707,707,707,707,707,707,707,707,707,707,707,707,707,707,707,707,707,707,707,707,707,707,707,707,707,707,707,
size:16
[agent] id:14
path:714,715,716,717,718,719,720,721,722,723,724,725,690,691,692,693,658,623,588,553,518,483,448,413,378,379,380,380,380,380,380,380,380,380,380,380,380,380,380,380,380,380,380,380,380,380,380,380,380,380,380,380,
goal:380,380,380,380,380,380,380,380,380,380,380,380,380,380,380,380,380,380,380,380,380,380,380,380,380,380,380,380,380,380,380,380,380,380,380,380,380,380,380,380,380,380,380,380,380,380,380,380,380,380,380,380,
size:26
[agent] id:15
path:1,36,71,106,141,176,211,246,281,282,283,284,285,286,287,288,289,290,291,292,293,294,295,296,297,298,299,300,301,302,303,303,303,303,303,303,303,303,303,303,303,303,303,303,303,303,303,303,303,303,303,303,
goal:303,303,303,303,303,303,303,303,303,303,303,303,303,303,303,303,303,303,303,303,303,303,303,303,303,303,303,303,303,303,303,303,303,303,303,303,303,303,303,303,303,303,303,303,303,303,303,303,303,303,303,303,
size:30
[agent] id:16
path:324,289,254,253,252,251,216,181,146,111,76,41,41,41,41,41,41,41,41,41,41,41,41,41,41,41,41,41,41,41,41,41,41,41,41,41,41,41,41,41,41,41,41,41,41,41,41,41,41,41,41,41,
goal:41,41,41,41,41,41,41,41,41,41,41,41,41,41,41,41,41,41,41,41,41,41,41,41,41,41,41,41,41,41,41,41,41,41,41,41,41,41,41,41,41,41,41,41,41,41,41,41,41,41,41,41,
size:11
[agent] id:17
path:339,340,341,342,343,378,379,380,381,382,383,383,383,383,383,383,383,383,383,383,383,383,383,383,383,383,383,383,383,383,383,383,383,383,383,383,383,383,383,383,383,383,383,383,383,383,383,383,383,383,383,383,
goal:383,383,383,383,383,383,383,383,383,383,383,383,383,383,383,383,383,383,383,383,383,383,383,383,383,383,383,383,383,383,383,383,383,383,383,383,383,383,383,383,383,383,383,383,383,383,383,383,383,383,383,383,
size:10
[agent] id:18
path:104,139,174,209,208,207,206,205,204,203,202,201,200,199,198,197,196,195,194,193,192,227,262,261,260,259,258,257,256,255,254,253,252,251,250,249,248,248,248,248,248,248,248,248,248,248,248,248,248,248,248,248,
goal:248,248,248,248,248,248,248,248,248,248,248,248,248,248,248,248,248,248,248,248,248,248,248,248,248,248,248,248,248,248,248,248,248,248,248,248,248,248,248,248,248,248,248,248,248,248,248,248,248,248,248,248,
size:36
[agent] id:19
path:347,382,417,452,487,522,557,592,591,590,589,588,587,586,585,584,583,582,581,580,579,578,577,577,612,647,682,681,680,679,678,677,676,711,711,711,711,711,711,711,711,711,711,711,711,711,711,711,711,711,711,711,
goal:711,711,711,711,711,711,711,711,711,711,711,711,711,711,711,711,711,711,711,711,711,711,711,711,711,711,711,711,711,711,711,711,711,711,711,711,711,711,711,711,711,711,711,711,711,711,711,711,711,711,711,711,
size:33
[agent] id:20
path:62,63,98,133,168,203,238,273,272,271,270,269,268,267,266,266,266,266,266,266,266,266,266,266,266,266,266,266,266,266,266,266,266,266,266,266,266,266,266,266,266,266,266,266,266,266,266,266,266,266,266,266,
goal:266,266,266,266,266,266,266,266,266,266,266,266,266,266,266,266,266,266,266,266,266,266,266,266,266,266,266,266,266,266,266,266,266,266,266,266,266,266,266,266,266,266,266,266,266,266,266,266,266,266,266,266,
size:14
[agent] id:21
path:197,196,195,194,193,192,227,262,297,332,367,402,437,436,435,434,433,432,431,430,429,428,427,426,425,425,425,425,425,425,425,425,425,425,425,425,425,425,425,425,425,425,425,425,425,425,425,425,425,425,425,425,
goal:425,425,425,425,425,425,425,425,425,425,425,425,425,425,425,425,425,425,425,425,425,425,425,425,425,425,425,425,425,425,425,425,425,425,425,425,425,425,425,425,425,425,425,425,425,425,425,425,425,425,425,425,
size:24
[agent] id:22
path:495,460,425,426,427,428,429,430,431,432,433,434,435,400,401,402,403,404,405,406,407,442,443,444,445,446,446,446,446,446,446,446,446,446,446,446,446,446,446,446,446,446,446,446,446,446,446,446,446,446,446,446,
goal:446,446,446,446,446,446,446,446,446,446,446,446,446,446,446,446,446,446,446,446,446,446,446,446,446,446,446,446,446,446,446,446,446,446,446,446,446,446,446,446,446,446,446,446,446,446,446,446,446,446,446,446,
size:25
[agent] id:23
path:548,547,546,545,544,543,542,507,542,543,543,542,507,472,471,436,435,434,433,432,431,431,431,431,431,431,431,431,431,431,431,431,431,431,431,431,431,431,431,431,431,431,431,431,431,431,431,431,431,431,431,431,
goal:431,431,431,431,431,431,431,431,431,431,431,431,431,431,431,431,431,431,431,431,431,431,431,431,431,431,431,431,431,431,431,431,431,431,431,431,431,431,431,431,431,431,431,431,431,431,431,431,431,431,431,431,
size:20
[agent] id:24
path:130,165,200,199,198,197,196,195,194,193,192,227,262,297,332,367,402,437,472,507,542,577,612,647,682,683,684,684,684,684,684,684,684,684,684,684,684,684,684,684,684,684,684,684,684,684,684,684,684,684,684,684,
goal:684,684,684,684,684,684,684,684,684,684,684,684,684,684,684,684,684,684,684,684,684,684,684,684,684,684,684,684,684,684,684,684,684,684,684,684,684,684,684,684,684,684,684,684,684,684,684,684,684,684,684,684,
size:26
[agent] id:25
path:382,417,452,487,486,485,484,484,484,484,484,484,484,484,484,484,484,484,484,484,484,484,484,484,484,484,484,484,484,484,484,484,484,484,484,484,484,484,484,484,484,484,484,484,484,484,484,484,484,484,484,484,
goal:484,484,484,484,484,484,484,484,484,484,484,484,484,484,484,484,484,484,484,484,484,484,484,484,484,484,484,484,484,484,484,484,484,484,484,484,484,484,484,484,484,484,484,484,484,484,484,484,484,484,484,484,
size:6
[agent] id:26
path:299,334,333,332,367,402,437,472,507,542,577,612,611,610,609,608,607,606,605,604,603,602,602,602,602,602,602,602,602,602,602,602,602,602,602,602,602,602,602,602,602,602,602,602,602,602,602,602,602,602,602,602,
goal:602,602,602,602,602,602,602,602,602,602,602,602,602,602,602,602,602,602,602,602,602,602,602,602,602,602,602,602,602,602,602,602,602,602,602,602,602,602,602,602,602,602,602,602,602,602,602,602,602,602,602,602,
size:21
[agent] id:27
path:441,406,407,408,409,410,411,412,413,378,343,308,273,238,203,168,133,98,99,100,100,100,100,100,100,100,100,100,100,100,100,100,100,100,100,100,100,100,100,100,100,100,100,100,100,100,100,100,100,100,100,100,
goal:100,100,100,100,100,100,100,100,100,100,100,100,100,100,100,100,100,100,100,100,100,100,100,100,100,100,100,100,100,100,100,100,100,100,100,100,100,100,100,100,100,100,100,100,100,100,100,100,100,100,100,100,
size:19
[agent] id:28
path:25,24,23,22,21,20,19,18,17,16,15,14,13,12,11,10,9,8,7,6,5,40,75,76,76,76,76,76,76,76,76,76,76,76,76,76,76,76,76,76,76,76,76,76,76,76,76,76,76,76,76,76,
goal:76,76,76,76,76,76,76,76,76,76,76,76,76,76,76,76,76,76,76,76,76,76,76,76,76,76,76,76,76,76,76,76,76,76,76,76,76,76,76,76,76,76,76,76,76,76,76,76,76,76,76,76,
size:23
[agent] id:29
path:4,5,6,7,8,9,10,45,46,47,48,49,50,51,52,87,122,123,124,125,126,127,128,129,130,131,132,133,134,135,136,137,137,137,137,137,137,137,137,137,137,137,137,137,137,137,137,137,137,137,137,137,
goal:137,137,137,137,137,137,137,137,137,137,137,137,137,137,137,137,137,137,137,137,137,137,137,137,137,137,137,137,137,137,137,137,137,137,137,137,137,137,137,137,137,137,137,137,137,137,137,137,137,137,137,137,
size:31
SolutionCost:624
