[setting] seed:94
[solver] type:ECBS
[solver] w:2.000000
[solver] ID:0
[solver] Lowlevelnode:7680
[solver] ConflictCount:15
[solver] solved:1
[solver] elapsed:42
[solver] makespan:46
[problem] timesteplimit:10000
[problem] type:MAPF
[problem] agentnum:30
[graph] width:35
[graph] height:21
[graph] filename:./map/warehouse_middle.map
[task] id:3,start:0,end:0,service time:0,nodes:322,
[task] id:27,start:0,end:0,service time:0,nodes:401,
[task] id:29,start:0,end:0,service time:0,nodes:461,
[task] id:19,start:0,end:0,service time:0,nodes:263,
[task] id:20,start:0,end:0,service time:0,nodes:351,
[task] id:24,start:0,end:0,service time:0,nodes:406,
[task] id:0,start:0,end:0,service time:0,nodes:391,
[task] id:26,start:0,end:0,service time:0,nodes:440,
[task] id:2,start:0,end:0,service time:0,nodes:333,
[task] id:9,start:0,end:0,service time:0,nodes:522,
[task] id:6,start:0,end:0,service time:0,nodes:14,
[task] id:25,start:0,end:0,service time:0,nodes:123,
[task] id:28,start:0,end:0,service time:0,nodes:552,
[task] id:13,start:0,end:0,service time:0,nodes:404,
[task] id:18,start:0,end:0,service time:0,nodes:274,
[task] id:21,start:0,end:0,service time:0,nodes:195,
[task] id:22,start:0,end:0,service time:0,nodes:613,
[task] id:8,start:0,end:0,service time:0,nodes:34,
[task] id:15,start:0,end:0,service time:0,nodes:532,
[task] id:16,start:0,end:0,service time:0,nodes:403,
[task] id:5,start:0,end:0,service time:0,nodes:550,
[task] id:7,start:0,end:0,service time:0,nodes:71,
[task] id:1,start:0,end:0,service time:0,nodes:544,
[task] id:12,start:0,end:0,service time:0,nodes:420,
[task] id:14,start:0,end:0,service time:0,nodes:246,
[task] id:23,start:0,end:0,service time:0,nodes:165,
[task] id:4,start:0,end:0,service time:0,nodes:310,
[task] id:11,start:0,end:0,service time:0,nodes:115,
[task] id:10,start:0,end:0,service time:0,nodes:106,
[task] id:17,start:0,end:0,service time:0,nodes:558,
[agent] id:0
path:4,39,74,109,144,179,214,249,284,319,354,389,390,391,391,391,391,391,391,391,391,391,391,391,391,391,391,391,391,391,391,391,391,391,391,391,391,391,391,391,391,391,391,391,391,391,391,
goal:391,391,391,391,391,391,391,391,391,391,391,391,391,391,391,391,391,391,391,391,391,391,391,391,391,391,391,391,391,391,391,391,391,391,391,391,391,391,391,391,391,391,391,391,391,391,391,
size:13
[agent] id:1
path:121,156,157,157,157,156,191,191,192,227,262,297,296,331,332,367,367,332,331,332,367,402,437,472,507,542,543,544,544,544,544,544,544,544,544,544,544,544,544,544,544,544,544,544,544,544,544,
goal:544,544,544,544,544,544,544,544,544,544,544,544,544,544,544,544,544,544,544,544,544,544,544,544,544,544,544,544,544,544,544,544,544,544,544,544,544,544,544,544,544,544,544,544,544,544,544,
size:27
[agent] id:2
path:169,204,239,274,309,344,343,342,341,340,339,338,337,336,335,334,333,333,333,333,333,333,333,333,333,333,333,333,333,333,333,333,333,333,333,333,333,333,333,333,333,333,333,333,333,333,333,
goal:333,333,333,333,333,333,333,333,333,333,333,333,333,333,333,333,333,333,333,333,333,333,333,333,333,333,333,333,333,333,333,333,333,333,333,333,333,333,333,333,333,333,333,333,333,333,333,
size:16
[agent] id:3
path:216,251,286,287,322,322,322,322,322,322,322,322,322,322,322,322,322,322,322,322,322,322,322,322,322,322,322,322,322,322,322,322,322,322,322,322,322,322,322,322,322,322,322,322,322,322,322,
goal:322,322,322,322,322,322,322,322,322,322,322,322,322,322,322,322,322,322,322,322,322,322,322,322,322,322,322,322,322,322,322,322,322,322,322,322,322,322,322,322,322,322,322,322,322,322,322,
size:4
[agent] id:4
path:457,422,387,352,317,282,283,284,285,286,287,288,289,290,291,292,293,294,295,296,297,298,299,300,301,302,303,304,305,306,307,308,309,310,310,310,310,310,310,310,310,310,310,310,310,310,310,
goal:310,310,310,310,310,310,310,310,310,310,310,310,310,310,310,310,310,310,310,310,310,310,310,310,310,310,310,310,310,310,310,310,310,310,310,310,310,310,310,310,310,310,310,310,310,310,310,
size:33
[agent] id:5
path:295,330,331,332,367,367,402,437,438,473,474,475,476,477,478,479,480,481,482,483,518,553,588,587,586,551,550,550,550,550,550,550,550,550,550,550,550,550,550,550,550,550,550,550,550,550,550,
goal:550,550,550,550,550,550,550,550,550,550,550,550,550,550,550,550,550,550,550,550,550,550,550,550,550,550,550,550,550,550,550,550,550,550,550,550,550,550,550,550,550,550,550,550,550,550,550,
size:26
[agent] id:6
path:202,167,132,131,130,129,128,127,126,125,124,123,122,87,52,17,16,15,14,14,14,14,14,14,14,14,14,14,14,14,14,14,14,14,14,14,14,14,14,14,14,14,14,14,14,14,14,
goal:14,14,14,14,14,14,14,14,14,14,14,14,14,14,14,14,14,14,14,14,14,14,14,14,14,14,14,14,14,14,14,14,14,14,14,14,14,14,14,14,14,14,14,14,14,14,14,
size:18
[agent] id:7
path:437,436,435,434,433,432,431,430,429,428,427,392,391,356,321,286,251,216,181,146,111,76,75,74,73,72,71,71,71,71,71,71,71,71,71,71,71,71,71,71,71,71,71,71,71,71,71,
goal:71,71,71,71,71,71,71,71,71,71,71,71,71,71,71,71,71,71,71,71,71,71,71,71,71,71,71,71,71,71,71,71,71,71,71,71,71,71,71,71,71,71,71,71,71,71,71,
size:26
[agent] id:8
path:333,298,263,264,265,266,267,268,269,270,271,272,273,238,203,168,133,98,63,28,29,30,31,32,33,34,34,34,34,34,34,34,34,34,34,34,34,34,34,34,34,34,34,34,34,34,34,
goal:34,34,34,34,34,34,34,34,34,34,34,34,34,34,34,34,34,34,34,34,34,34,34,34,34,34,34,34,34,34,34,34,34,34,34,34,34,34,34,34,34,34,34,34,34,34,34,
size:25
[agent] id:9
path:685,686,687,688,689,690,691,692,693,658,623,588,553,518,519,520,521,522,522,522,522,522,522,522,522,522,522,522,522,522,522,522,522,522,522,522,522,522,522,522,522,522,522,522,522,522,522,
goal:522,522,522,522,522,522,522,522,522,522,522,522,522,522,522,522,522,522,522,522,522,522,522,522,522,522,522,522,522,522,522,522,522,522,522,522,522,522,522,522,522,522,522,522,522,522,522,
size:17
[agent] id:10
path:684,683,682,647,612,577,542,507,472,437,436,435,434,433,432,431,430,429,428,427,426,425,390,355,320,285,250,215,180,145,110,109,108,107,106,106,106,106,106,106,106,106,106,106,106,106,106,
goal:106,106,106,106,106,106,106,106,106,106,106,106,106,106,106,106,106,106,106,106,106,106,106,106,106,106,106,106,106,106,106,106,106,106,106,106,106,106,106,106,106,106,106,106,106,106,106,
size:34
[agent] id:11
path:418,383,348,313,278,243,208,173,172,171,170,169,168,167,166,165,164,163,162,161,160,159,158,193,192,157,122,121,120,119,118,117,116,115,115,115,115,115,115,115,115,115,115,115,115,115,115,
goal:115,115,115,115,115,115,115,115,115,115,115,115,115,115,115,115,115,115,115,115,115,115,115,115,115,115,115,115,115,115,115,115,115,115,115,115,115,115,115,115,115,115,115,115,115,115,115,
size:33
[agent] id:12
path:304,339,338,337,336,335,334,333,332,367,402,437,436,435,434,433,432,431,430,429,428,427,426,425,424,423,422,421,420,420,420,420,420,420,420,420,420,420,420,420,420,420,420,420,420,420,420,
goal:420,420,420,420,420,420,420,420,420,420,420,420,420,420,420,420,420,420,420,420,420,420,420,420,420,420,420,420,420,420,420,420,420,420,420,420,420,420,420,420,420,420,420,420,420,420,420,
size:28
[agent] id:13
path:600,565,530,495,460,461,462,463,464,465,466,467,468,469,470,435,436,437,402,403,404,404,404,404,404,404,404,404,404,404,404,404,404,404,404,404,404,404,404,404,404,404,404,404,404,404,404,
goal:404,404,404,404,404,404,404,404,404,404,404,404,404,404,404,404,404,404,404,404,404,404,404,404,404,404,404,404,404,404,404,404,404,404,404,404,404,404,404,404,404,404,404,404,404,404,404,
size:20
[agent] id:14
path:275,274,273,272,271,270,269,304,303,302,301,300,299,298,297,262,261,260,259,258,257,256,255,254,253,252,251,250,249,248,247,246,246,246,246,246,246,246,246,246,246,246,246,246,246,246,246,
goal:246,246,246,246,246,246,246,246,246,246,246,246,246,246,246,246,246,246,246,246,246,246,246,246,246,246,246,246,246,246,246,246,246,246,246,246,246,246,246,246,246,246,246,246,246,246,246,
size:31
[agent] id:15
path:693,658,623,588,553,552,551,550,549,548,547,546,545,544,543,542,541,540,539,538,537,536,535,534,533,532,532,532,532,532,532,532,532,532,532,532,532,532,532,532,532,532,532,532,532,532,532,
goal:532,532,532,532,532,532,532,532,532,532,532,532,532,532,532,532,532,532,532,532,532,532,532,532,532,532,532,532,532,532,532,532,532,532,532,532,532,532,532,532,532,532,532,532,532,532,532,
size:25
[agent] id:16
path:666,631,596,561,562,563,564,565,566,567,568,569,570,571,572,573,574,575,576,541,542,507,472,473,438,403,403,403,403,403,403,403,403,403,403,403,403,403,403,403,403,403,403,403,403,403,403,
goal:403,403,403,403,403,403,403,403,403,403,403,403,403,403,403,403,403,403,403,403,403,403,403,403,403,403,403,403,403,403,403,403,403,403,403,403,403,403,403,403,403,403,403,403,403,403,403,
size:25
[agent] id:17
path:70,105,140,175,210,245,280,315,350,385,420,421,422,423,424,425,426,427,462,463,464,465,466,467,468,469,470,471,472,473,474,475,476,477,478,479,480,481,482,483,518,553,554,555,556,557,558,
goal:558,558,558,558,558,558,558,558,558,558,558,558,558,558,558,558,558,558,558,558,558,558,558,558,558,558,558,558,558,558,558,558,558,558,558,558,558,558,558,558,558,558,558,558,558,558,558,
size:46
[agent] id:18
path:578,579,580,581,582,583,584,585,550,551,552,553,518,483,448,449,414,379,344,309,274,274,274,274,274,274,274,274,274,274,274,274,274,274,274,274,274,274,274,274,274,274,274,274,274,274,274,
goal:274,274,274,274,274,274,274,274,274,274,274,274,274,274,274,274,274,274,274,274,274,274,274,274,274,274,274,274,274,274,274,274,274,274,274,274,274,274,274,274,274,274,274,274,274,274,274,
size:20
[agent] id:19
path:153,188,189,190,191,192,227,262,263,263,263,263,263,263,263,263,263,263,263,263,263,263,263,263,263,263,263,263,263,263,263,263,263,263,263,263,263,263,263,263,263,263,263,263,263,263,263,
goal:263,263,263,263,263,263,263,263,263,263,263,263,263,263,263,263,263,263,263,263,263,263,263,263,263,263,263,263,263,263,263,263,263,263,263,263,263,263,263,263,263,263,263,263,263,263,263,
size:8
[agent] id:20
path:288,323,322,321,356,355,354,353,352,351,351,351,351,351,351,351,351,351,351,351,351,351,351,351,351,351,351,351,351,351,351,351,351,351,351,351,351,351,351,351,351,351,351,351,351,351,351,
goal:351,351,351,351,351,351,351,351,351,351,351,351,351,351,351,351,351,351,351,351,351,351,351,351,351,351,351,351,351,351,351,351,351,351,351,351,351,351,351,351,351,351,351,351,351,351,351,
size:9
[agent] id:21
path:107,142,177,178,179,180,181,182,183,184,185,186,187,188,189,190,191,192,193,194,195,195,195,195,195,195,195,195,195,195,195,195,195,195,195,195,195,195,195,195,195,195,195,195,195,195,195,
goal:195,195,195,195,195,195,195,195,195,195,195,195,195,195,195,195,195,195,195,195,195,195,195,195,195,195,195,195,195,195,195,195,195,195,195,195,195,195,195,195,195,195,195,195,195,195,195,
size:20
[agent] id:22
path:159,194,193,192,227,262,297,332,367,402,437,472,507,472,471,472,507,542,577,612,613,613,613,613,613,613,613,613,613,613,613,613,613,613,613,613,613,613,613,613,613,613,613,613,613,613,613,
goal:613,613,613,613,613,613,613,613,613,613,613,613,613,613,613,613,613,613,613,613,613,613,613,613,613,613,613,613,613,613,613,613,613,613,613,613,613,613,613,613,613,613,613,613,613,613,613,
size:20
[agent] id:23
path:710,675,676,677,678,679,680,681,682,647,612,577,542,507,472,437,402,367,332,297,262,227,192,157,158,159,160,161,162,163,164,165,165,165,165,165,165,165,165,165,165,165,165,165,165,165,165,
goal:165,165,165,165,165,165,165,165,165,165,165,165,165,165,165,165,165,165,165,165,165,165,165,165,165,165,165,165,165,165,165,165,165,165,165,165,165,165,165,165,165,165,165,165,165,165,165,
size:31
[agent] id:24
path:469,470,471,436,437,402,403,404,405,406,406,406,406,406,406,406,406,406,406,406,406,406,406,406,406,406,406,406,406,406,406,406,406,406,406,406,406,406,406,406,406,406,406,406,406,406,406,
goal:406,406,406,406,406,406,406,406,406,406,406,406,406,406,406,406,406,406,406,406,406,406,406,406,406,406,406,406,406,406,406,406,406,406,406,406,406,406,406,406,406,406,406,406,406,406,406,
size:9
[agent] id:25
path:105,106,107,108,109,110,111,112,113,114,115,116,117,118,119,120,121,122,123,123,123,123,123,123,123,123,123,123,123,123,123,123,123,123,123,123,123,123,123,123,123,123,123,123,123,123,123,
goal:123,123,123,123,123,123,123,123,123,123,123,123,123,123,123,123,123,123,123,123,123,123,123,123,123,123,123,123,123,123,123,123,123,123,123,123,123,123,123,123,123,123,123,123,123,123,123,
size:18
[agent] id:26
path:340,341,342,343,378,413,448,447,446,445,444,443,442,441,440,440,440,440,440,440,440,440,440,440,440,440,440,440,440,440,440,440,440,440,440,440,440,440,440,440,440,440,440,440,440,440,440,
goal:440,440,440,440,440,440,440,440,440,440,440,440,440,440,440,440,440,440,440,440,440,440,440,440,440,440,440,440,440,440,440,440,440,440,440,440,440,440,440,440,440,440,440,440,440,440,440,
size:14
[agent] id:27
path:406,405,404,403,402,401,401,401,401,401,401,401,401,401,401,401,401,401,401,401,401,401,401,401,401,401,401,401,401,401,401,401,401,401,401,401,401,401,401,401,401,401,401,401,401,401,401,
goal:401,401,401,401,401,401,401,401,401,401,401,401,401,401,401,401,401,401,401,401,401,401,401,401,401,401,401,401,401,401,401,401,401,401,401,401,401,401,401,401,401,401,401,401,401,401,401,
size:5
[agent] id:28
path:161,196,197,198,199,200,201,202,203,238,273,308,343,378,413,448,483,518,553,552,552,552,552,552,552,552,552,552,552,552,552,552,552,552,552,552,552,552,552,552,552,552,552,552,552,552,552,
goal:552,552,552,552,552,552,552,552,552,552,552,552,552,552,552,552,552,552,552,552,552,552,552,552,552,552,552,552,552,552,552,552,552,552,552,552,552,552,552,552,552,552,552,552,552,552,552,
size:19
[agent] id:29
path:527,492,457,458,459,460,461,461,461,461,461,461,461,461,461,461,461,461,461,461,461,461,461,461,461,461,461,461,461,461,461,461,461,461,461,461,461,461,461,461,461,461,461,461,461,461,461,
goal:461,461,461,461,461,461,461,461,461,461,461,461,461,461,461,461,461,461,461,461,461,461,461,461,461,461,461,461,461,461,461,461,461,461,461,461,461,461,461,461,461,461,461,461,461,461,461,
size:6
SolutionCost:626
