[setting] seed:42
[solver] type:ECBS
[solver] w:2.000000
[solver] ID:0
[solver] Lowlevelnode:8718
[solver] ConflictCount:16
[solver] solved:1
[solver] elapsed:52
[solver] makespan:41
[problem] timesteplimit:10000
[problem] type:MAPF
[problem] agentnum:30
[graph] width:35
[graph] height:21
[graph] filename:./map/warehouse_middle.map
[task] id:24,start:0,end:0,service time:0,nodes:697,
[task] id:25,start:0,end:0,service time:0,nodes:48,
[task] id:4,start:0,end:0,service time:0,nodes:290,
[task] id:27,start:0,end:0,service time:0,nodes:690,
[task] id:7,start:0,end:0,service time:0,nodes:355,
[task] id:17,start:0,end:0,service time:0,nodes:38,
[task] id:28,start:0,end:0,service time:0,nodes:461,
[task] id:15,start:0,end:0,service time:0,nodes:715,
[task] id:19,start:0,end:0,service time:0,nodes:611,
[task] id:3,start:0,end:0,service time:0,nodes:304,
[task] id:12,start:0,end:0,service time:0,nodes:262,
[task] id:26,start:0,end:0,service time:0,nodes:161,
[task] id:1,start:0,end:0,service time:0,nodes:239,
[task] id:0,start:0,end:0,service time:0,nodes:636,
[task] id:23,start:0,end:0,service time:0,nodes:295,
[task] id:8,start:0,end:0,service time:0,nodes:170,
[task] id:5,start:0,end:0,service time:0,nodes:484,
[task] id:21,start:0,end:0,service time:0,nodes:282,
[task] id:11,start:0,end:0,service time:0,nodes:460,
[task] id:13,start:0,end:0,service time:0,nodes:573,
[task] id:10,start:0,end:0,service time:0,nodes:712,
[task] id:22,start:0,end:0,service time:0,nodes:288,
[task] id:6,start:0,end:0,service time:0,nodes:118,
[task] id:9,start:0,end:0,service time:0,nodes:596,
[task] id:29,start:0,end:0,service time:0,nodes:667,
[task] id:18,start:0,end:0,service time:0,nodes:714,
[task] id:14,start:0,end:0,service time:0,nodes:381,
[task] id:16,start:0,end:0,service time:0,nodes:607,
[task] id:2,start:0,end:0,service time:0,nodes:600,
[task] id:20,start:0,end:0,service time:0,nodes:632,
[agent] id:0
path:583,618,617,616,615,614,613,612,611,610,609,608,607,606,605,604,603,602,601,636,636,636,636,636,636,636,636,636,636,636,636,636,636,636,636,636,636,636,636,636,636,636,
goal:636,636,636,636,636,636,636,636,636,636,636,636,636,636,636,636,636,636,636,636,636,636,636,636,636,636,636,636,636,636,636,636,636,636,636,636,636,636,636,636,636,636,
size:19
[agent] id:1
path:329,330,331,296,297,298,263,264,265,266,267,268,269,270,271,272,273,238,239,239,239,239,239,239,239,239,239,239,239,239,239,239,239,239,239,239,239,239,239,239,239,239,
goal:239,239,239,239,239,239,239,239,239,239,239,239,239,239,239,239,239,239,239,239,239,239,239,239,239,239,239,239,239,239,239,239,239,239,239,239,239,239,239,239,239,239,
size:18
[agent] id:2
path:167,202,201,200,199,198,197,196,195,194,193,192,227,262,297,332,367,402,437,472,507,542,577,576,575,610,609,608,607,606,605,604,603,602,601,600,600,600,600,600,600,600,
goal:600,600,600,600,600,600,600,600,600,600,600,600,600,600,600,600,600,600,600,600,600,600,600,600,600,600,600,600,600,600,600,600,600,600,600,600,600,600,600,600,600,600,
size:35
[agent] id:3
path:593,558,523,488,453,418,383,348,313,312,311,310,309,308,307,306,305,304,304,304,304,304,304,304,304,304,304,304,304,304,304,304,304,304,304,304,304,304,304,304,304,304,
goal:304,304,304,304,304,304,304,304,304,304,304,304,304,304,304,304,304,304,304,304,304,304,304,304,304,304,304,304,304,304,304,304,304,304,304,304,304,304,304,304,304,304,
size:17
[agent] id:4
path:331,296,295,294,293,292,291,290,290,290,290,290,290,290,290,290,290,290,290,290,290,290,290,290,290,290,290,290,290,290,290,290,290,290,290,290,290,290,290,290,290,290,
goal:290,290,290,290,290,290,290,290,290,290,290,290,290,290,290,290,290,290,290,290,290,290,290,290,290,290,290,290,290,290,290,290,290,290,290,290,290,290,290,290,290,290,
size:7
[agent] id:5
path:189,190,191,192,227,262,297,332,367,402,437,472,473,474,475,476,477,478,479,480,481,482,483,484,484,484,484,484,484,484,484,484,484,484,484,484,484,484,484,484,484,484,
goal:484,484,484,484,484,484,484,484,484,484,484,484,484,484,484,484,484,484,484,484,484,484,484,484,484,484,484,484,484,484,484,484,484,484,484,484,484,484,484,484,484,484,
size:23
[agent] id:6
path:624,589,554,553,518,483,448,413,378,343,308,273,238,203,168,133,132,131,130,129,128,127,126,125,124,123,122,121,120,119,118,118,118,118,118,118,118,118,118,118,118,118,
goal:118,118,118,118,118,118,118,118,118,118,118,118,118,118,118,118,118,118,118,118,118,118,118,118,118,118,118,118,118,118,118,118,118,118,118,118,118,118,118,118,118,118,
size:30
[agent] id:7
path:9,44,43,42,41,76,111,146,181,216,251,286,321,356,355,355,355,355,355,355,355,355,355,355,355,355,355,355,355,355,355,355,355,355,355,355,355,355,355,355,355,355,
goal:355,355,355,355,355,355,355,355,355,355,355,355,355,355,355,355,355,355,355,355,355,355,355,355,355,355,355,355,355,355,355,355,355,355,355,355,355,355,355,355,355,355,
size:14
[agent] id:8
path:149,150,151,152,153,154,155,156,157,158,159,160,161,162,163,164,165,166,167,168,169,170,170,170,170,170,170,170,170,170,170,170,170,170,170,170,170,170,170,170,170,170,
goal:170,170,170,170,170,170,170,170,170,170,170,170,170,170,170,170,170,170,170,170,170,170,170,170,170,170,170,170,170,170,170,170,170,170,170,170,170,170,170,170,170,170,
size:21
[agent] id:9
path:122,157,192,227,262,297,332,367,402,437,472,507,542,577,612,611,610,609,608,607,606,605,604,603,602,601,600,599,598,597,596,596,596,596,596,596,596,596,596,596,596,596,
goal:596,596,596,596,596,596,596,596,596,596,596,596,596,596,596,596,596,596,596,596,596,596,596,596,596,596,596,596,596,596,596,596,596,596,596,596,596,596,596,596,596,596,
size:30
[agent] id:10
path:453,488,487,522,557,592,627,626,625,624,623,622,621,620,619,618,617,616,615,614,613,612,647,682,681,680,679,714,713,712,712,712,712,712,712,712,712,712,712,712,712,712,
goal:712,712,712,712,712,712,712,712,712,712,712,712,712,712,712,712,712,712,712,712,712,712,712,712,712,712,712,712,712,712,712,712,712,712,712,712,712,712,712,712,712,712,
size:29
[agent] id:11
path:198,197,196,195,194,193,192,227,262,297,332,367,402,437,436,435,434,433,432,431,430,429,428,427,426,425,460,460,460,460,460,460,460,460,460,460,460,460,460,460,460,460,
goal:460,460,460,460,460,460,460,460,460,460,460,460,460,460,460,460,460,460,460,460,460,460,460,460,460,460,460,460,460,460,460,460,460,460,460,460,460,460,460,460,460,460,
size:26
[agent] id:12
path:461,426,391,356,321,286,251,252,253,254,255,256,257,258,259,260,261,262,262,262,262,262,262,262,262,262,262,262,262,262,262,262,262,262,262,262,262,262,262,262,262,262,
goal:262,262,262,262,262,262,262,262,262,262,262,262,262,262,262,262,262,262,262,262,262,262,262,262,262,262,262,262,262,262,262,262,262,262,262,262,262,262,262,262,262,262,
size:17
[agent] id:13
path:132,167,202,201,200,199,198,197,196,195,194,193,192,227,262,297,332,367,402,437,472,507,542,577,576,575,574,573,573,573,573,573,573,573,573,573,573,573,573,573,573,573,
goal:573,573,573,573,573,573,573,573,573,573,573,573,573,573,573,573,573,573,573,573,573,573,573,573,573,573,573,573,573,573,573,573,573,573,573,573,573,573,573,573,573,573,
size:27
[agent] id:14
path:282,317,318,319,320,321,322,323,324,325,326,327,328,329,330,331,331,331,332,333,334,335,336,337,338,339,340,341,342,343,378,379,380,381,381,381,381,381,381,381,381,381,
goal:381,381,381,381,381,381,381,381,381,381,381,381,381,381,381,381,381,381,381,381,381,381,381,381,381,381,381,381,381,381,381,381,381,381,381,381,381,381,381,381,381,381,
size:33
[agent] id:15
path:443,478,477,476,475,474,473,472,507,542,577,612,647,682,717,716,715,715,715,715,715,715,715,715,715,715,715,715,715,715,715,715,715,715,715,715,715,715,715,715,715,715,
goal:715,715,715,715,715,715,715,715,715,715,715,715,715,715,715,715,715,715,715,715,715,715,715,715,715,715,715,715,715,715,715,715,715,715,715,715,715,715,715,715,715,715,
size:16
[agent] id:16
path:136,171,206,241,276,311,346,381,416,451,486,521,556,591,590,589,588,587,586,585,584,583,582,581,580,579,578,577,576,575,610,609,608,607,607,607,607,607,607,607,607,607,
goal:607,607,607,607,607,607,607,607,607,607,607,607,607,607,607,607,607,607,607,607,607,607,607,607,607,607,607,607,607,607,607,607,607,607,607,607,607,607,607,607,607,607,
size:33
[agent] id:17
path:426,391,356,321,286,251,216,181,180,145,110,75,40,39,38,38,38,38,38,38,38,38,38,38,38,38,38,38,38,38,38,38,38,38,38,38,38,38,38,38,38,38,
goal:38,38,38,38,38,38,38,38,38,38,38,38,38,38,38,38,38,38,38,38,38,38,38,38,38,38,38,38,38,38,38,38,38,38,38,38,38,38,38,38,38,38,
size:14
[agent] id:18
path:11,12,13,14,15,50,51,52,87,122,157,157,157,192,227,262,297,332,367,402,437,472,507,507,542,577,612,647,682,681,680,679,714,714,714,714,714,714,714,714,714,714,
goal:714,714,714,714,714,714,714,714,714,714,714,714,714,714,714,714,714,714,714,714,714,714,714,714,714,714,714,714,714,714,714,714,714,714,714,714,714,714,714,714,714,714,
size:32
[agent] id:19
path:695,660,625,624,623,622,621,620,619,618,617,616,615,614,613,612,611,611,611,611,611,611,611,611,611,611,611,611,611,611,611,611,611,611,611,611,611,611,611,611,611,611,
goal:611,611,611,611,611,611,611,611,611,611,611,611,611,611,611,611,611,611,611,611,611,611,611,611,611,611,611,611,611,611,611,611,611,611,611,611,611,611,611,611,611,611,
size:16
[agent] id:20
path:313,348,383,418,417,452,487,522,557,556,555,554,553,552,551,550,549,548,547,546,545,544,543,542,541,540,539,538,537,572,571,570,569,568,567,566,565,564,599,634,633,632,
goal:632,632,632,632,632,632,632,632,632,632,632,632,632,632,632,632,632,632,632,632,632,632,632,632,632,632,632,632,632,632,632,632,632,632,632,632,632,632,632,632,632,632,
size:41
[agent] id:21
path:681,680,679,678,677,676,675,674,673,672,671,636,601,566,531,496,495,460,425,424,423,388,353,318,283,282,282,282,282,282,282,282,282,282,282,282,282,282,282,282,282,282,
goal:282,282,282,282,282,282,282,282,282,282,282,282,282,282,282,282,282,282,282,282,282,282,282,282,282,282,282,282,282,282,282,282,282,282,282,282,282,282,282,282,282,282,
size:25
[agent] id:22
path:349,314,313,312,311,310,309,308,307,306,305,304,303,302,301,300,299,298,297,296,261,260,259,258,257,256,255,254,289,288,288,288,288,288,288,288,288,288,288,288,288,288,
goal:288,288,288,288,288,288,288,288,288,288,288,288,288,288,288,288,288,288,288,288,288,288,288,288,288,288,288,288,288,288,288,288,288,288,288,288,288,288,288,288,288,288,
size:29
[agent] id:23
path:140,175,210,245,246,247,248,249,250,251,252,253,254,255,256,291,292,293,294,295,295,295,295,295,295,295,295,295,295,295,295,295,295,295,295,295,295,295,295,295,295,295,
goal:295,295,295,295,295,295,295,295,295,295,295,295,295,295,295,295,295,295,295,295,295,295,295,295,295,295,295,295,295,295,295,295,295,295,295,295,295,295,295,295,295,295,
size:19
[agent] id:24
path:592,627,662,697,697,697,697,697,697,697,697,697,697,697,697,697,697,697,697,697,697,697,697,697,697,697,697,697,697,697,697,697,697,697,697,697,697,697,697,697,697,697,
goal:697,697,697,697,697,697,697,697,697,697,697,697,697,697,697,697,697,697,697,697,697,697,697,697,697,697,697,697,697,697,697,697,697,697,697,697,697,697,697,697,697,697,
size:3
[agent] id:25
path:54,53,52,51,50,49,48,48,48,48,48,48,48,48,48,48,48,48,48,48,48,48,48,48,48,48,48,48,48,48,48,48,48,48,48,48,48,48,48,48,48,48,
goal:48,48,48,48,48,48,48,48,48,48,48,48,48,48,48,48,48,48,48,48,48,48,48,48,48,48,48,48,48,48,48,48,48,48,48,48,48,48,48,48,48,48,
size:6
[agent] id:26
path:110,145,146,147,148,149,150,151,152,153,154,155,156,157,158,159,160,161,161,161,161,161,161,161,161,161,161,161,161,161,161,161,161,161,161,161,161,161,161,161,161,161,
goal:161,161,161,161,161,161,161,161,161,161,161,161,161,161,161,161,161,161,161,161,161,161,161,161,161,161,161,161,161,161,161,161,161,161,161,161,161,161,161,161,161,161,
size:17
[agent] id:27
path:414,449,484,519,554,589,624,659,694,693,692,691,690,690,690,690,690,690,690,690,690,690,690,690,690,690,690,690,690,690,690,690,690,690,690,690,690,690,690,690,690,690,
goal:690,690,690,690,690,690,690,690,690,690,690,690,690,690,690,690,690,690,690,690,690,690,690,690,690,690,690,690,690,690,690,690,690,690,690,690,690,690,690,690,690,690,
size:12
[agent] id:28
path:296,295,294,293,292,291,290,289,288,323,322,321,356,391,426,461,461,461,461,461,461,461,461,461,461,461,461,461,461,461,461,461,461,461,461,461,461,461,461,461,461,461,
goal:461,461,461,461,461,461,461,461,461,461,461,461,461,461,461,461,461,461,461,461,461,461,461,461,461,461,461,461,461,461,461,461,461,461,461,461,461,461,461,461,461,461,
size:15
[agent] id:29
path:191,156,155,190,189,188,187,186,185,184,183,182,181,216,251,286,321,320,319,354,389,424,459,494,529,564,599,634,669,668,667,667,667,667,667,667,667,667,667,667,667,667,
goal:667,667,667,667,667,667,667,667,667,667,667,667,667,667,667,667,667,667,667,667,667,667,667,667,667,667,667,667,667,667,667,667,667,667,667,667,667,667,667,667,667,667,
size:30
SolutionCost:654
