[setting] seed:64
[solver] type:ECBS
[solver] w:2.000000
[solver] ID:0
[solver] Lowlevelnode:6268
[solver] ConflictCount:12
[solver] solved:1
[solver] elapsed:53
[solver] makespan:40
[problem] timesteplimit:10000
[problem] type:MAPF
[problem] agentnum:30
[graph] width:35
[graph] height:21
[graph] filename:./map/warehouse_middle.map
[task] id:1,start:0,end:0,service time:0,nodes:566,
[task] id:20,start:0,end:0,service time:0,nodes:380,
[task] id:4,start:0,end:0,service time:0,nodes:121,
[task] id:9,start:0,end:0,service time:0,nodes:314,
[task] id:0,start:0,end:0,service time:0,nodes:75,
[task] id:25,start:0,end:0,service time:0,nodes:520,
[task] id:13,start:0,end:0,service time:0,nodes:148,
[task] id:2,start:0,end:0,service time:0,nodes:258,
[task] id:6,start:0,end:0,service time:0,nodes:257,
[task] id:28,start:0,end:0,service time:0,nodes:306,
[task] id:14,start:0,end:0,service time:0,nodes:291,
[task] id:7,start:0,end:0,service time:0,nodes:474,
[task] id:19,start:0,end:0,service time:0,nodes:575,
[task] id:29,start:0,end:0,service time:0,nodes:367,
[task] id:10,start:0,end:0,service time:0,nodes:197,
[task] id:24,start:0,end:0,service time:0,nodes:594,
[task] id:11,start:0,end:0,service time:0,nodes:547,
[task] id:22,start:0,end:0,service time:0,nodes:293,
[task] id:18,start:0,end:0,service time:0,nodes:120,
[task] id:12,start:0,end:0,service time:0,nodes:244,
[task] id:26,start:0,end:0,service time:0,nodes:465,
[task] id:27,start:0,end:0,service time:0,nodes:309,
[task] id:17,start:0,end:0,service time:0,nodes:186,
[task] id:5,start:0,end:0,service time:0,nodes:283,
[task] id:21,start:0,end:0,service time:0,nodes:21,
[task] id:3,start:0,end:0,service time:0,nodes:321,
[task] id:8,start:0,end:0,service time:0,nodes:687,
[task] id:23,start:0,end:0,service time:0,nodes:355,
[task] id:16,start:0,end:0,service time:0,nodes:715,
[task] id:15,start:0,end:0,service time:0,nodes:726,
[agent] id:0
path:105,70,71,72,73,74,75,75,75,75,75,75,75,75,75,75,75,75,75,75,75,75,75,75,75,75,75,75,75,75,75,75,75,75,75,75,75,75,75,75,75,
goal:75,75,75,75,75,75,75,75,75,75,75,75,75,75,75,75,75,75,75,75,75,75,75,75,75,75,75,75,75,75,75,75,75,75,75,75,75,75,75,75,75,
size:6
[agent] id:1
path:603,568,567,566,566,566,566,566,566,566,566,566,566,566,566,566,566,566,566,566,566,566,566,566,566,566,566,566,566,566,566,566,566,566,566,566,566,566,566,566,566,
goal:566,566,566,566,566,566,566,566,566,566,566,566,566,566,566,566,566,566,566,566,566,566,566,566,566,566,566,566,566,566,566,566,566,566,566,566,566,566,566,566,566,
size:3
[agent] id:2
path:161,196,195,194,193,192,227,262,261,260,259,258,258,258,258,258,258,258,258,258,258,258,258,258,258,258,258,258,258,258,258,258,258,258,258,258,258,258,258,258,258,
goal:258,258,258,258,258,258,258,258,258,258,258,258,258,258,258,258,258,258,258,258,258,258,258,258,258,258,258,258,258,258,258,258,258,258,258,258,258,258,258,258,258,
size:11
[agent] id:3
path:521,486,451,416,381,346,345,344,343,342,341,340,339,338,337,336,335,334,333,332,331,330,329,328,327,326,325,324,323,322,321,321,321,321,321,321,321,321,321,321,321,
goal:321,321,321,321,321,321,321,321,321,321,321,321,321,321,321,321,321,321,321,321,321,321,321,321,321,321,321,321,321,321,321,321,321,321,321,321,321,321,321,321,321,
size:30
[agent] id:4
path:18,53,52,87,122,121,121,121,121,121,121,121,121,121,121,121,121,121,121,121,121,121,121,121,121,121,121,121,121,121,121,121,121,121,121,121,121,121,121,121,121,
goal:121,121,121,121,121,121,121,121,121,121,121,121,121,121,121,121,121,121,121,121,121,121,121,121,121,121,121,121,121,121,121,121,121,121,121,121,121,121,121,121,121,
size:5
[agent] id:5
path:717,682,647,612,577,542,507,472,437,436,401,400,399,398,397,396,395,394,393,392,391,356,321,286,285,284,283,283,283,283,283,283,283,283,283,283,283,283,283,283,283,
goal:283,283,283,283,283,283,283,283,283,283,283,283,283,283,283,283,283,283,283,283,283,283,283,283,283,283,283,283,283,283,283,283,283,283,283,283,283,283,283,283,283,
size:26
[agent] id:6
path:438,403,402,367,332,297,262,261,260,259,258,257,257,257,257,257,257,257,257,257,257,257,257,257,257,257,257,257,257,257,257,257,257,257,257,257,257,257,257,257,257,
goal:257,257,257,257,257,257,257,257,257,257,257,257,257,257,257,257,257,257,257,257,257,257,257,257,257,257,257,257,257,257,257,257,257,257,257,257,257,257,257,257,257,
size:11
[agent] id:7
path:589,554,519,484,483,482,481,480,479,478,477,476,475,474,474,474,474,474,474,474,474,474,474,474,474,474,474,474,474,474,474,474,474,474,474,474,474,474,474,474,474,
goal:474,474,474,474,474,474,474,474,474,474,474,474,474,474,474,474,474,474,474,474,474,474,474,474,474,474,474,474,474,474,474,474,474,474,474,474,474,474,474,474,474,
size:13
[agent] id:8
path:42,41,76,111,146,181,216,251,286,321,356,391,426,461,496,531,532,567,602,603,604,605,606,607,608,609,610,611,612,647,682,683,684,685,686,687,687,687,687,687,687,
goal:687,687,687,687,687,687,687,687,687,687,687,687,687,687,687,687,687,687,687,687,687,687,687,687,687,687,687,687,687,687,687,687,687,687,687,687,687,687,687,687,687,
size:35
[agent] id:9
path:489,454,419,384,349,314,314,314,314,314,314,314,314,314,314,314,314,314,314,314,314,314,314,314,314,314,314,314,314,314,314,314,314,314,314,314,314,314,314,314,314,
goal:314,314,314,314,314,314,314,314,314,314,314,314,314,314,314,314,314,314,314,314,314,314,314,314,314,314,314,314,314,314,314,314,314,314,314,314,314,314,314,314,314,
size:5
[agent] id:10
path:11,46,47,48,49,50,51,52,87,122,157,158,159,160,161,162,197,197,197,197,197,197,197,197,197,197,197,197,197,197,197,197,197,197,197,197,197,197,197,197,197,
goal:197,197,197,197,197,197,197,197,197,197,197,197,197,197,197,197,197,197,197,197,197,197,197,197,197,197,197,197,197,197,197,197,197,197,197,197,197,197,197,197,197,
size:16
[agent] id:11
path:290,325,326,327,328,329,330,331,332,367,402,437,472,507,542,543,544,545,546,547,547,547,547,547,547,547,547,547,547,547,547,547,547,547,547,547,547,547,547,547,547,
goal:547,547,547,547,547,547,547,547,547,547,547,547,547,547,547,547,547,547,547,547,547,547,547,547,547,547,547,547,547,547,547,547,547,547,547,547,547,547,547,547,547,
size:19
[agent] id:12
path:188,189,190,191,192,157,158,159,160,161,162,163,164,165,200,201,202,203,238,239,240,241,242,243,244,244,244,244,244,244,244,244,244,244,244,244,244,244,244,244,244,
goal:244,244,244,244,244,244,244,244,244,244,244,244,244,244,244,244,244,244,244,244,244,244,244,244,244,244,244,244,244,244,244,244,244,244,244,244,244,244,244,244,244,
size:24
[agent] id:13
path:2,37,72,107,142,143,144,145,146,147,148,148,148,148,148,148,148,148,148,148,148,148,148,148,148,148,148,148,148,148,148,148,148,148,148,148,148,148,148,148,148,
goal:148,148,148,148,148,148,148,148,148,148,148,148,148,148,148,148,148,148,148,148,148,148,148,148,148,148,148,148,148,148,148,148,148,148,148,148,148,148,148,148,148,
size:10
[agent] id:14
path:495,460,425,390,355,320,285,286,287,288,289,290,291,291,291,291,291,291,291,291,291,291,291,291,291,291,291,291,291,291,291,291,291,291,291,291,291,291,291,291,291,
goal:291,291,291,291,291,291,291,291,291,291,291,291,291,291,291,291,291,291,291,291,291,291,291,291,291,291,291,291,291,291,291,291,291,291,291,291,291,291,291,291,291,
size:12
[agent] id:15
path:176,211,246,281,316,351,386,421,456,491,526,561,596,631,666,701,702,703,704,705,706,707,708,709,710,711,712,713,714,715,716,717,718,719,720,721,722,723,724,725,726,
goal:726,726,726,726,726,726,726,726,726,726,726,726,726,726,726,726,726,726,726,726,726,726,726,726,726,726,726,726,726,726,726,726,726,726,726,726,726,726,726,726,726,
size:40
[agent] id:16
path:104,139,174,209,244,279,278,313,348,383,418,453,488,523,558,593,628,627,626,625,624,623,622,621,620,619,618,617,616,615,614,613,612,647,682,717,716,715,715,715,715,
goal:715,715,715,715,715,715,715,715,715,715,715,715,715,715,715,715,715,715,715,715,715,715,715,715,715,715,715,715,715,715,715,715,715,715,715,715,715,715,715,715,715,
size:37
[agent] id:17
path:313,278,243,208,207,206,205,204,203,202,201,200,199,198,197,196,195,194,193,192,191,190,189,188,187,186,186,186,186,186,186,186,186,186,186,186,186,186,186,186,186,
goal:186,186,186,186,186,186,186,186,186,186,186,186,186,186,186,186,186,186,186,186,186,186,186,186,186,186,186,186,186,186,186,186,186,186,186,186,186,186,186,186,186,
size:25
[agent] id:18
path:33,68,103,138,137,136,135,134,133,132,131,130,129,128,127,126,125,124,123,122,157,156,155,120,120,120,120,120,120,120,120,120,120,120,120,120,120,120,120,120,120,
goal:120,120,120,120,120,120,120,120,120,120,120,120,120,120,120,120,120,120,120,120,120,120,120,120,120,120,120,120,120,120,120,120,120,120,120,120,120,120,120,120,120,
size:23
[agent] id:19
path:266,301,336,335,334,333,332,367,402,437,472,507,542,577,576,575,575,575,575,575,575,575,575,575,575,575,575,575,575,575,575,575,575,575,575,575,575,575,575,575,575,
goal:575,575,575,575,575,575,575,575,575,575,575,575,575,575,575,575,575,575,575,575,575,575,575,575,575,575,575,575,575,575,575,575,575,575,575,575,575,575,575,575,575,
size:15
[agent] id:20
path:485,450,415,380,380,380,380,380,380,380,380,380,380,380,380,380,380,380,380,380,380,380,380,380,380,380,380,380,380,380,380,380,380,380,380,380,380,380,380,380,380,
goal:380,380,380,380,380,380,380,380,380,380,380,380,380,380,380,380,380,380,380,380,380,380,380,380,380,380,380,380,380,380,380,380,380,380,380,380,380,380,380,380,380,
size:3
[agent] id:21
path:538,539,540,541,542,507,472,437,438,403,403,402,367,332,333,298,263,262,227,227,192,157,122,87,52,17,18,19,20,21,21,21,21,21,21,21,21,21,21,21,21,
goal:21,21,21,21,21,21,21,21,21,21,21,21,21,21,21,21,21,21,21,21,21,21,21,21,21,21,21,21,21,21,21,21,21,21,21,21,21,21,21,21,21,
size:29
[agent] id:22
path:525,490,455,420,385,350,315,316,317,318,319,320,321,322,323,324,325,326,327,292,293,293,293,293,293,293,293,293,293,293,293,293,293,293,293,293,293,293,293,293,293,
goal:293,293,293,293,293,293,293,293,293,293,293,293,293,293,293,293,293,293,293,293,293,293,293,293,293,293,293,293,293,293,293,293,293,293,293,293,293,293,293,293,293,
size:20
[agent] id:23
path:730,695,660,625,590,555,520,485,450,415,414,413,412,411,410,409,408,407,406,405,404,403,402,401,400,399,398,397,396,395,394,393,392,391,356,355,355,355,355,355,355,
goal:355,355,355,355,355,355,355,355,355,355,355,355,355,355,355,355,355,355,355,355,355,355,355,355,355,355,355,355,355,355,355,355,355,355,355,355,355,355,355,355,355,
size:35
[agent] id:24
path:576,577,578,579,580,581,582,583,584,585,586,587,588,589,590,591,592,593,594,594,594,594,594,594,594,594,594,594,594,594,594,594,594,594,594,594,594,594,594,594,594,
goal:594,594,594,594,594,594,594,594,594,594,594,594,594,594,594,594,594,594,594,594,594,594,594,594,594,594,594,594,594,594,594,594,594,594,594,594,594,594,594,594,594,
size:18
[agent] id:25
path:454,453,488,523,522,521,521,520,520,520,520,520,520,520,520,520,520,520,520,520,520,520,520,520,520,520,520,520,520,520,520,520,520,520,520,520,520,520,520,520,520,
goal:520,520,520,520,520,520,520,520,520,520,520,520,520,520,520,520,520,520,520,520,520,520,520,520,520,520,520,520,520,520,520,520,520,520,520,520,520,520,520,520,520,
size:7
[agent] id:26
path:726,691,690,689,688,687,686,685,684,683,682,647,612,612,577,542,507,472,471,470,469,468,467,466,465,465,465,465,465,465,465,465,465,465,465,465,465,465,465,465,465,
goal:465,465,465,465,465,465,465,465,465,465,465,465,465,465,465,465,465,465,465,465,465,465,465,465,465,465,465,465,465,465,465,465,465,465,465,465,465,465,465,465,465,
size:24
[agent] id:27
path:47,48,49,50,51,52,87,122,157,192,227,262,263,264,265,266,267,268,269,270,271,272,307,308,309,309,309,309,309,309,309,309,309,309,309,309,309,309,309,309,309,
goal:309,309,309,309,309,309,309,309,309,309,309,309,309,309,309,309,309,309,309,309,309,309,309,309,309,309,309,309,309,309,309,309,309,309,309,309,309,309,309,309,309,
size:24
[agent] id:28
path:129,164,199,200,201,202,203,238,273,308,307,306,306,306,306,306,306,306,306,306,306,306,306,306,306,306,306,306,306,306,306,306,306,306,306,306,306,306,306,306,306,
goal:306,306,306,306,306,306,306,306,306,306,306,306,306,306,306,306,306,306,306,306,306,306,306,306,306,306,306,306,306,306,306,306,306,306,306,306,306,306,306,306,306,
size:11
[agent] id:29
path:182,183,184,185,186,187,188,189,190,191,192,227,262,297,332,367,367,367,367,367,367,367,367,367,367,367,367,367,367,367,367,367,367,367,367,367,367,367,367,367,367,
goal:367,367,367,367,367,367,367,367,367,367,367,367,367,367,367,367,367,367,367,367,367,367,367,367,367,367,367,367,367,367,367,367,367,367,367,367,367,367,367,367,367,
size:15
SolutionCost:552
