[setting] seed:90
[solver] type:ECBS
[solver] w:2.000000
[solver] ID:0
[solver] Lowlevelnode:8031
[solver] ConflictCount:14
[solver] solved:1
[solver] elapsed:45
[solver] makespan:37
[problem] timesteplimit:10000
[problem] type:MAPF
[problem] agentnum:30
[graph] width:35
[graph] height:21
[graph] filename:./map/warehouse_middle.map
[task] id:0,start:0,end:0,service time:0,nodes:494,
[task] id:6,start:0,end:0,service time:0,nodes:148,
[task] id:20,start:0,end:0,service time:0,nodes:2,
[task] id:7,start:0,end:0,service time:0,nodes:367,
[task] id:28,start:0,end:0,service time:0,nodes:382,
[task] id:5,start:0,end:0,service time:0,nodes:163,
[task] id:18,start:0,end:0,service time:0,nodes:405,
[task] id:26,start:0,end:0,service time:0,nodes:31,
[task] id:13,start:0,end:0,service time:0,nodes:216,
[task] id:29,start:0,end:0,service time:0,nodes:295,
[task] id:16,start:0,end:0,service time:0,nodes:518,
[task] id:3,start:0,end:0,service time:0,nodes:432,
[task] id:14,start:0,end:0,service time:0,nodes:244,
[task] id:22,start:0,end:0,service time:0,nodes:601,
[task] id:24,start:0,end:0,service time:0,nodes:573,
[task] id:1,start:0,end:0,service time:0,nodes:401,
[task] id:17,start:0,end:0,service time:0,nodes:543,
[task] id:2,start:0,end:0,service time:0,nodes:195,
[task] id:12,start:0,end:0,service time:0,nodes:118,
[task] id:11,start:0,end:0,service time:0,nodes:561,
[task] id:27,start:0,end:0,service time:0,nodes:525,
[task] id:25,start:0,end:0,service time:0,nodes:26,
[task] id:19,start:0,end:0,service time:0,nodes:576,
[task] id:8,start:0,end:0,service time:0,nodes:39,
[task] id:21,start:0,end:0,service time:0,nodes:548,
[task] id:23,start:0,end:0,service time:0,nodes:566,
[task] id:15,start:0,end:0,service time:0,nodes:41,
[task] id:10,start:0,end:0,service time:0,nodes:450,
[task] id:9,start:0,end:0,service time:0,nodes:116,
[task] id:4,start:0,end:0,service time:0,nodes:309,
[agent] id:0
path:530,495,494,494,494,494,494,494,494,494,494,494,494,494,494,494,494,494,494,494,494,494,494,494,494,494,494,494,494,494,494,494,494,494,494,494,494,494,
goal:494,494,494,494,494,494,494,494,494,494,494,494,494,494,494,494,494,494,494,494,494,494,494,494,494,494,494,494,494,494,494,494,494,494,494,494,494,494,
size:2
[agent] id:1
path:419,418,417,416,415,414,413,412,411,410,409,408,407,406,441,440,439,404,403,402,401,401,401,401,401,401,401,401,401,401,401,401,401,401,401,401,401,401,
goal:401,401,401,401,401,401,401,401,401,401,401,401,401,401,401,401,401,401,401,401,401,401,401,401,401,401,401,401,401,401,401,401,401,401,401,401,401,401,
size:20
[agent] id:2
path:351,316,281,246,211,176,177,178,179,180,181,182,183,184,185,186,187,188,189,190,191,192,193,194,195,195,195,195,195,195,195,195,195,195,195,195,195,195,
goal:195,195,195,195,195,195,195,195,195,195,195,195,195,195,195,195,195,195,195,195,195,195,195,195,195,195,195,195,195,195,195,195,195,195,195,195,195,195,
size:24
[agent] id:3
path:111,146,181,216,251,286,321,356,391,426,427,428,429,430,431,432,432,432,432,432,432,432,432,432,432,432,432,432,432,432,432,432,432,432,432,432,432,432,
goal:432,432,432,432,432,432,432,432,432,432,432,432,432,432,432,432,432,432,432,432,432,432,432,432,432,432,432,432,432,432,432,432,432,432,432,432,432,432,
size:15
[agent] id:4
path:0,35,70,105,140,175,210,245,246,247,248,249,250,251,252,253,254,255,256,257,258,259,260,261,296,297,298,299,300,301,302,303,304,305,306,307,308,309,
goal:309,309,309,309,309,309,309,309,309,309,309,309,309,309,309,309,309,309,309,309,309,309,309,309,309,309,309,309,309,309,309,309,309,309,309,309,309,309,
size:37
[agent] id:5
path:121,156,157,158,159,160,161,162,163,163,163,163,163,163,163,163,163,163,163,163,163,163,163,163,163,163,163,163,163,163,163,163,163,163,163,163,163,163,
goal:163,163,163,163,163,163,163,163,163,163,163,163,163,163,163,163,163,163,163,163,163,163,163,163,163,163,163,163,163,163,163,163,163,163,163,163,163,163,
size:8
[agent] id:6
path:144,145,146,147,148,148,148,148,148,148,148,148,148,148,148,148,148,148,148,148,148,148,148,148,148,148,148,148,148,148,148,148,148,148,148,148,148,148,
goal:148,148,148,148,148,148,148,148,148,148,148,148,148,148,148,148,148,148,148,148,148,148,148,148,148,148,148,148,148,148,148,148,148,148,148,148,148,148,
size:4
[agent] id:7
path:399,400,401,402,402,401,402,367,367,367,367,367,367,367,367,367,367,367,367,367,367,367,367,367,367,367,367,367,367,367,367,367,367,367,367,367,367,367,
goal:367,367,367,367,367,367,367,367,367,367,367,367,367,367,367,367,367,367,367,367,367,367,367,367,367,367,367,367,367,367,367,367,367,367,367,367,367,367,
size:7
[agent] id:8
path:273,238,203,168,167,132,131,130,129,128,127,126,125,124,123,122,87,52,51,50,49,48,47,46,45,44,43,42,41,40,39,39,39,39,39,39,39,39,
goal:39,39,39,39,39,39,39,39,39,39,39,39,39,39,39,39,39,39,39,39,39,39,39,39,39,39,39,39,39,39,39,39,39,39,39,39,39,39,
size:30
[agent] id:9
path:549,550,551,552,553,518,483,448,413,378,379,344,309,274,239,204,203,202,201,200,199,198,197,162,161,160,159,158,157,156,155,154,153,152,117,116,116,116,
goal:116,116,116,116,116,116,116,116,116,116,116,116,116,116,116,116,116,116,116,116,116,116,116,116,116,116,116,116,116,116,116,116,116,116,116,116,116,116,
size:35
[agent] id:10
path:281,282,317,352,387,388,389,390,390,391,392,393,394,395,396,397,398,433,434,435,436,437,438,439,440,441,442,443,444,445,446,447,448,449,450,450,450,450,
goal:450,450,450,450,450,450,450,450,450,450,450,450,450,450,450,450,450,450,450,450,450,450,450,450,450,450,450,450,450,450,450,450,450,450,450,450,450,450,
size:34
[agent] id:11
path:442,477,476,475,474,473,472,507,542,577,576,575,574,573,572,571,570,569,568,567,566,565,564,563,562,561,561,561,561,561,561,561,561,561,561,561,561,561,
goal:561,561,561,561,561,561,561,561,561,561,561,561,561,561,561,561,561,561,561,561,561,561,561,561,561,561,561,561,561,561,561,561,561,561,561,561,561,561,
size:25
[agent] id:12
path:312,277,242,207,172,137,136,135,134,133,132,131,130,129,128,127,126,125,124,123,122,121,120,119,118,118,118,118,118,118,118,118,118,118,118,118,118,118,
goal:118,118,118,118,118,118,118,118,118,118,118,118,118,118,118,118,118,118,118,118,118,118,118,118,118,118,118,118,118,118,118,118,118,118,118,118,118,118,
size:24
[agent] id:13
path:263,262,261,260,259,258,257,256,255,254,253,252,251,216,216,216,216,216,216,216,216,216,216,216,216,216,216,216,216,216,216,216,216,216,216,216,216,216,
goal:216,216,216,216,216,216,216,216,216,216,216,216,216,216,216,216,216,216,216,216,216,216,216,216,216,216,216,216,216,216,216,216,216,216,216,216,216,216,
size:13
[agent] id:14
path:445,446,411,412,413,378,343,308,309,274,239,240,241,242,243,244,244,244,244,244,244,244,244,244,244,244,244,244,244,244,244,244,244,244,244,244,244,244,
goal:244,244,244,244,244,244,244,244,244,244,244,244,244,244,244,244,244,244,244,244,244,244,244,244,244,244,244,244,244,244,244,244,244,244,244,244,244,244,
size:15
[agent] id:15
path:616,581,580,579,578,577,576,575,574,573,572,571,570,569,534,533,532,531,496,461,426,391,356,321,286,251,250,215,180,145,110,75,40,41,41,41,41,41,
goal:41,41,41,41,41,41,41,41,41,41,41,41,41,41,41,41,41,41,41,41,41,41,41,41,41,41,41,41,41,41,41,41,41,41,41,41,41,41,
size:33
[agent] id:16
path:62,63,98,133,168,203,238,273,308,343,378,413,448,483,518,518,518,518,518,518,518,518,518,518,518,518,518,518,518,518,518,518,518,518,518,518,518,518,
goal:518,518,518,518,518,518,518,518,518,518,518,518,518,518,518,518,518,518,518,518,518,518,518,518,518,518,518,518,518,518,518,518,518,518,518,518,518,518,
size:14
[agent] id:17
path:420,455,490,525,526,527,528,529,530,531,532,533,534,535,536,537,538,539,540,541,542,543,543,543,543,543,543,543,543,543,543,543,543,543,543,543,543,543,
goal:543,543,543,543,543,543,543,543,543,543,543,543,543,543,543,543,543,543,543,543,543,543,543,543,543,543,543,543,543,543,543,543,543,543,543,543,543,543,
size:21
[agent] id:18
path:329,330,331,332,367,402,403,404,405,405,405,405,405,405,405,405,405,405,405,405,405,405,405,405,405,405,405,405,405,405,405,405,405,405,405,405,405,405,
goal:405,405,405,405,405,405,405,405,405,405,405,405,405,405,405,405,405,405,405,405,405,405,405,405,405,405,405,405,405,405,405,405,405,405,405,405,405,405,
size:8
[agent] id:19
path:131,166,201,202,203,238,273,272,307,342,343,378,413,448,483,482,481,480,479,478,477,476,475,474,473,472,507,542,577,576,576,576,576,576,576,576,576,576,
goal:576,576,576,576,576,576,576,576,576,576,576,576,576,576,576,576,576,576,576,576,576,576,576,576,576,576,576,576,576,576,576,576,576,576,576,576,576,576,
size:29
[agent] id:20
path:142,107,72,37,2,2,2,2,2,2,2,2,2,2,2,2,2,2,2,2,2,2,2,2,2,2,2,2,2,2,2,2,2,2,2,2,2,2,
goal:2,2,2,2,2,2,2,2,2,2,2,2,2,2,2,2,2,2,2,2,2,2,2,2,2,2,2,2,2,2,2,2,2,2,2,2,2,2,
size:4
[agent] id:21
path:290,325,324,323,322,321,356,391,426,461,462,463,464,465,466,467,468,469,470,471,472,507,542,577,578,579,544,545,546,547,548,548,548,548,548,548,548,548,
goal:548,548,548,548,548,548,548,548,548,548,548,548,548,548,548,548,548,548,548,548,548,548,548,548,548,548,548,548,548,548,548,548,548,548,548,548,548,548,
size:30
[agent] id:22
path:293,328,327,326,325,324,323,322,321,356,391,426,461,496,531,566,601,601,601,601,601,601,601,601,601,601,601,601,601,601,601,601,601,601,601,601,601,601,
goal:601,601,601,601,601,601,601,601,601,601,601,601,601,601,601,601,601,601,601,601,601,601,601,601,601,601,601,601,601,601,601,601,601,601,601,601,601,601,
size:16
[agent] id:23
path:55,54,53,52,87,122,157,192,227,262,297,332,331,330,329,328,327,326,325,324,323,322,321,320,355,390,425,460,495,530,565,566,566,566,566,566,566,566,
goal:566,566,566,566,566,566,566,566,566,566,566,566,566,566,566,566,566,566,566,566,566,566,566,566,566,566,566,566,566,566,566,566,566,566,566,566,566,566,
size:31
[agent] id:24
path:410,445,480,479,478,477,476,475,474,473,472,507,542,577,576,575,574,573,573,573,573,573,573,573,573,573,573,573,573,573,573,573,573,573,573,573,573,573,
goal:573,573,573,573,573,573,573,573,573,573,573,573,573,573,573,573,573,573,573,573,573,573,573,573,573,573,573,573,573,573,573,573,573,573,573,573,573,573,
size:17
[agent] id:25
path:180,181,182,183,184,149,114,115,116,117,118,119,120,121,122,87,52,17,18,19,20,21,22,23,24,25,26,26,26,26,26,26,26,26,26,26,26,26,
goal:26,26,26,26,26,26,26,26,26,26,26,26,26,26,26,26,26,26,26,26,26,26,26,26,26,26,26,26,26,26,26,26,26,26,26,26,26,26,
size:26
[agent] id:26
path:23,24,25,26,27,28,29,30,31,31,31,31,31,31,31,31,31,31,31,31,31,31,31,31,31,31,31,31,31,31,31,31,31,31,31,31,31,31,
goal:31,31,31,31,31,31,31,31,31,31,31,31,31,31,31,31,31,31,31,31,31,31,31,31,31,31,31,31,31,31,31,31,31,31,31,31,31,31,
size:8
[agent] id:27
path:584,583,582,581,580,579,578,577,576,575,574,573,572,571,570,535,534,533,532,531,530,529,528,527,526,525,525,525,525,525,525,525,525,525,525,525,525,525,
goal:525,525,525,525,525,525,525,525,525,525,525,525,525,525,525,525,525,525,525,525,525,525,525,525,525,525,525,525,525,525,525,525,525,525,525,525,525,525,
size:25
[agent] id:28
path:447,412,413,378,379,380,381,382,382,382,382,382,382,382,382,382,382,382,382,382,382,382,382,382,382,382,382,382,382,382,382,382,382,382,382,382,382,382,
goal:382,382,382,382,382,382,382,382,382,382,382,382,382,382,382,382,382,382,382,382,382,382,382,382,382,382,382,382,382,382,382,382,382,382,382,382,382,382,
size:7
[agent] id:29
path:390,355,320,285,286,287,288,289,290,291,292,293,294,295,295,295,295,295,295,295,295,295,295,295,295,295,295,295,295,295,295,295,295,295,295,295,295,295,
goal:295,295,295,295,295,295,295,295,295,295,295,295,295,295,295,295,295,295,295,295,295,295,295,295,295,295,295,295,295,295,295,295,295,295,295,295,295,295,
size:13
SolutionCost:575
