[setting] seed:45
[solver] type:ECBS
[solver] w:2.000000
[solver] ID:0
[solver] Lowlevelnode:6390
[solver] ConflictCount:12
[solver] solved:1
[solver] elapsed:52
[solver] makespan:46
[problem] timesteplimit:10000
[problem] type:MAPF
[problem] agentnum:30
[graph] width:35
[graph] height:21
[graph] filename:./map/warehouse_middle.map
[task] id:17,start:0,end:0,service time:0,nodes:39,
[task] id:19,start:0,end:0,service time:0,nodes:481,
[task] id:23,start:0,end:0,service time:0,nodes:311,
[task] id:0,start:0,end:0,service time:0,nodes:390,
[task] id:14,start:0,end:0,service time:0,nodes:155,
[task] id:8,start:0,end:0,service time:0,nodes:238,
[task] id:27,start:0,end:0,service time:0,nodes:444,
[task] id:16,start:0,end:0,service time:0,nodes:182,
[task] id:24,start:0,end:0,service time:0,nodes:19,
[task] id:11,start:0,end:0,service time:0,nodes:619,
[task] id:15,start:0,end:0,service time:0,nodes:476,
[task] id:22,start:0,end:0,service time:0,nodes:618,
[task] id:2,start:0,end:0,service time:0,nodes:292,
[task] id:28,start:0,end:0,service time:0,nodes:14,
[task] id:29,start:0,end:0,service time:0,nodes:396,
[task] id:5,start:0,end:0,service time:0,nodes:570,
[task] id:25,start:0,end:0,service time:0,nodes:156,
[task] id:3,start:0,end:0,service time:0,nodes:328,
[task] id:13,start:0,end:0,service time:0,nodes:46,
[task] id:30,start:0,end:0,service time:0,nodes:292,
[task] id:7,start:0,end:0,service time:0,nodes:474,
[task] id:20,start:0,end:0,service time:0,nodes:288,
[task] id:12,start:0,end:0,service time:0,nodes:443,
[task] id:21,start:0,end:0,service time:0,nodes:133,
[task] id:6,start:0,end:0,service time:0,nodes:10,
[task] id:4,start:0,end:0,service time:0,nodes:53,
[task] id:18,start:0,end:0,service time:0,nodes:4,
[task] id:10,start:0,end:0,service time:0,nodes:559,
[task] id:26,start:0,end:0,service time:0,nodes:691,
[task] id:9,start:0,end:0,service time:0,nodes:446,
[task] id:1,start:0,end:0,service time:0,nodes:65,
[agent] id:0
path:75,110,145,180,215,250,285,320,355,390,390,390,390,390,390,390,390,390,390,390,390,390,390,390,390,390,390,390,390,390,390,390,390,390,390,390,390,390,390,390,390,390,390,390,390,390,390,
goal:390,390,390,390,390,390,390,390,390,390,390,390,390,390,390,390,390,390,390,390,390,390,390,390,390,390,390,390,390,390,390,390,390,390,390,390,390,390,390,390,390,390,390,390,390,390,390,
size:9
[agent] id:1
path:667,632,597,562,527,528,493,458,423,388,353,318,283,248,249,250,251,252,253,254,255,256,257,258,259,260,261,262,227,192,157,158,159,160,161,162,163,164,165,166,167,168,169,134,99,64,65,
goal:65,65,65,65,65,65,65,65,65,65,65,65,65,65,65,65,65,65,65,65,65,65,65,65,65,65,65,65,65,65,65,65,65,65,65,65,65,65,65,65,65,65,65,65,65,65,65,
size:46
[agent] id:2
path:36,71,106,141,176,211,246,281,282,283,284,285,286,287,288,289,290,291,292,292,292,257,292,292,292,292,292,292,292,292,292,292,292,292,292,292,292,292,292,292,292,292,292,292,292,292,292,
goal:292,292,292,292,292,292,292,292,292,292,292,292,292,292,292,292,292,292,292,292,292,292,292,292,292,292,292,292,292,292,292,292,292,292,292,292,292,292,292,292,292,292,292,292,292,292,292,
size:22
[agent] id:3
path:608,573,538,539,540,541,542,543,543,542,507,472,437,438,403,402,367,332,331,330,329,328,328,328,328,328,328,328,328,328,328,328,328,328,328,328,328,328,328,328,328,328,328,328,328,328,328,
goal:328,328,328,328,328,328,328,328,328,328,328,328,328,328,328,328,328,328,328,328,328,328,328,328,328,328,328,328,328,328,328,328,328,328,328,328,328,328,328,328,328,328,328,328,328,328,328,
size:21
[agent] id:4
path:728,693,658,623,588,553,518,483,448,413,378,343,308,273,274,239,204,169,134,99,64,63,62,61,60,59,58,57,56,55,54,53,53,53,53,53,53,53,53,53,53,53,53,53,53,53,53,
goal:53,53,53,53,53,53,53,53,53,53,53,53,53,53,53,53,53,53,53,53,53,53,53,53,53,53,53,53,53,53,53,53,53,53,53,53,53,53,53,53,53,53,53,53,53,53,53,
size:31
[agent] id:5
path:554,589,588,587,586,585,584,583,582,581,580,579,578,577,576,575,574,573,572,571,570,570,570,570,570,570,570,570,570,570,570,570,570,570,570,570,570,570,570,570,570,570,570,570,570,570,570,
goal:570,570,570,570,570,570,570,570,570,570,570,570,570,570,570,570,570,570,570,570,570,570,570,570,570,570,570,570,570,570,570,570,570,570,570,570,570,570,570,570,570,570,570,570,570,570,570,
size:20
[agent] id:6
path:310,275,240,205,170,135,100,65,64,63,62,61,60,59,58,57,56,55,54,53,52,51,50,49,48,13,12,11,10,10,10,10,10,10,10,10,10,10,10,10,10,10,10,10,10,10,10,
goal:10,10,10,10,10,10,10,10,10,10,10,10,10,10,10,10,10,10,10,10,10,10,10,10,10,10,10,10,10,10,10,10,10,10,10,10,10,10,10,10,10,10,10,10,10,10,10,
size:28
[agent] id:7
path:214,249,284,319,354,355,390,425,460,461,462,463,464,465,466,467,468,469,470,471,472,473,474,474,474,474,474,474,474,474,474,474,474,474,474,474,474,474,474,474,474,474,474,474,474,474,474,
goal:474,474,474,474,474,474,474,474,474,474,474,474,474,474,474,474,474,474,474,474,474,474,474,474,474,474,474,474,474,474,474,474,474,474,474,474,474,474,474,474,474,474,474,474,474,474,474,
size:22
[agent] id:8
path:419,384,349,314,279,244,243,242,241,240,239,238,238,238,238,238,238,238,238,238,238,238,238,238,238,238,238,238,238,238,238,238,238,238,238,238,238,238,238,238,238,238,238,238,238,238,238,
goal:238,238,238,238,238,238,238,238,238,238,238,238,238,238,238,238,238,238,238,238,238,238,238,238,238,238,238,238,238,238,238,238,238,238,238,238,238,238,238,238,238,238,238,238,238,238,238,
size:11
[agent] id:9
path:105,140,175,210,211,212,213,214,215,250,250,251,252,253,254,255,256,257,258,259,260,295,330,331,332,367,402,403,404,405,406,407,408,409,410,445,446,446,446,446,446,446,446,446,446,446,446,
goal:446,446,446,446,446,446,446,446,446,446,446,446,446,446,446,446,446,446,446,446,446,446,446,446,446,446,446,446,446,446,446,446,446,446,446,446,446,446,446,446,446,446,446,446,446,446,446,
size:36
[agent] id:10
path:288,323,324,325,326,327,328,329,330,331,332,333,334,335,336,337,338,339,340,341,342,343,378,413,448,483,518,553,554,555,556,557,558,559,559,559,559,559,559,559,559,559,559,559,559,559,559,
goal:559,559,559,559,559,559,559,559,559,559,559,559,559,559,559,559,559,559,559,559,559,559,559,559,559,559,559,559,559,559,559,559,559,559,559,559,559,559,559,559,559,559,559,559,559,559,559,
size:33
[agent] id:11
path:399,434,469,470,471,472,507,542,577,612,613,614,615,616,617,618,619,619,619,619,619,619,619,619,619,619,619,619,619,619,619,619,619,619,619,619,619,619,619,619,619,619,619,619,619,619,619,
goal:619,619,619,619,619,619,619,619,619,619,619,619,619,619,619,619,619,619,619,619,619,619,619,619,619,619,619,619,619,619,619,619,619,619,619,619,619,619,619,619,619,619,619,619,619,619,619,
size:16
[agent] id:12
path:704,669,634,599,564,529,494,459,424,425,426,427,428,429,430,431,432,433,434,435,436,437,438,439,440,441,442,443,443,443,443,443,443,443,443,443,443,443,443,443,443,443,443,443,443,443,443,
goal:443,443,443,443,443,443,443,443,443,443,443,443,443,443,443,443,443,443,443,443,443,443,443,443,443,443,443,443,443,443,443,443,443,443,443,443,443,443,443,443,443,443,443,443,443,443,443,
size:27
[agent] id:13
path:529,494,459,424,389,354,319,284,249,214,179,144,109,74,75,40,41,42,43,44,45,46,46,46,46,46,46,46,46,46,46,46,46,46,46,46,46,46,46,46,46,46,46,46,46,46,46,
goal:46,46,46,46,46,46,46,46,46,46,46,46,46,46,46,46,46,46,46,46,46,46,46,46,46,46,46,46,46,46,46,46,46,46,46,46,46,46,46,46,46,46,46,46,46,46,46,
size:21
[agent] id:14
path:13,48,49,50,51,52,87,122,157,156,155,155,155,155,155,155,155,155,155,155,155,155,155,155,155,155,155,155,155,155,155,155,155,155,155,155,155,155,155,155,155,155,155,155,155,155,155,
goal:155,155,155,155,155,155,155,155,155,155,155,155,155,155,155,155,155,155,155,155,155,155,155,155,155,155,155,155,155,155,155,155,155,155,155,155,155,155,155,155,155,155,155,155,155,155,155,
size:10
[agent] id:15
path:392,427,462,463,464,465,466,467,468,469,470,471,472,473,474,475,476,476,476,476,476,476,476,476,476,476,476,476,476,476,476,476,476,476,476,476,476,476,476,476,476,476,476,476,476,476,476,
goal:476,476,476,476,476,476,476,476,476,476,476,476,476,476,476,476,476,476,476,476,476,476,476,476,476,476,476,476,476,476,476,476,476,476,476,476,476,476,476,476,476,476,476,476,476,476,476,
size:16
[agent] id:16
path:197,196,195,194,193,192,191,190,189,188,187,186,185,184,183,182,182,182,182,182,182,182,182,182,182,182,182,182,182,182,182,182,182,182,182,182,182,182,182,182,182,182,182,182,182,182,182,
goal:182,182,182,182,182,182,182,182,182,182,182,182,182,182,182,182,182,182,182,182,182,182,182,182,182,182,182,182,182,182,182,182,182,182,182,182,182,182,182,182,182,182,182,182,182,182,182,
size:15
[agent] id:17
path:177,142,107,72,37,38,39,39,39,39,39,39,39,39,39,39,39,39,39,39,39,39,39,39,39,39,39,39,39,39,39,39,39,39,39,39,39,39,39,39,39,39,39,39,39,39,39,
goal:39,39,39,39,39,39,39,39,39,39,39,39,39,39,39,39,39,39,39,39,39,39,39,39,39,39,39,39,39,39,39,39,39,39,39,39,39,39,39,39,39,39,39,39,39,39,39,
size:6
[agent] id:18
path:477,442,407,406,405,404,403,402,367,332,297,262,227,192,157,122,87,52,51,50,49,48,13,12,11,10,9,8,7,6,5,4,4,4,4,4,4,4,4,4,4,4,4,4,4,4,4,
goal:4,4,4,4,4,4,4,4,4,4,4,4,4,4,4,4,4,4,4,4,4,4,4,4,4,4,4,4,4,4,4,4,4,4,4,4,4,4,4,4,4,4,4,4,4,4,4,
size:31
[agent] id:19
path:487,486,485,484,483,482,481,481,481,481,481,481,481,481,481,481,481,481,481,481,481,481,481,481,481,481,481,481,481,481,481,481,481,481,481,481,481,481,481,481,481,481,481,481,481,481,481,
goal:481,481,481,481,481,481,481,481,481,481,481,481,481,481,481,481,481,481,481,481,481,481,481,481,481,481,481,481,481,481,481,481,481,481,481,481,481,481,481,481,481,481,481,481,481,481,481,
size:6
[agent] id:20
path:381,346,311,310,309,308,307,306,305,304,303,302,301,300,299,298,297,296,295,294,293,292,291,290,289,288,288,288,288,288,288,288,288,288,288,288,288,288,288,288,288,288,288,288,288,288,288,
goal:288,288,288,288,288,288,288,288,288,288,288,288,288,288,288,288,288,288,288,288,288,288,288,288,288,288,288,288,288,288,288,288,288,288,288,288,288,288,288,288,288,288,288,288,288,288,288,
size:25
[agent] id:21
path:142,107,108,109,110,111,112,113,114,115,116,117,118,119,120,121,122,123,124,125,126,127,128,129,130,131,132,133,133,133,133,133,133,133,133,133,133,133,133,133,133,133,133,133,133,133,133,
goal:133,133,133,133,133,133,133,133,133,133,133,133,133,133,133,133,133,133,133,133,133,133,133,133,133,133,133,133,133,133,133,133,133,133,133,133,133,133,133,133,133,133,133,133,133,133,133,
size:27
[agent] id:22
path:674,675,676,677,678,679,680,681,682,647,612,613,614,615,616,617,618,618,618,618,618,618,618,618,618,618,618,618,618,618,618,618,618,618,618,618,618,618,618,618,618,618,618,618,618,618,618,
goal:618,618,618,618,618,618,618,618,618,618,618,618,618,618,618,618,618,618,618,618,618,618,618,618,618,618,618,618,618,618,618,618,618,618,618,618,618,618,618,618,618,618,618,618,618,618,618,
size:16
[agent] id:23
path:209,244,279,278,313,312,311,311,311,311,311,311,311,311,311,311,311,311,311,311,311,311,311,311,311,311,311,311,311,311,311,311,311,311,311,311,311,311,311,311,311,311,311,311,311,311,311,
goal:311,311,311,311,311,311,311,311,311,311,311,311,311,311,311,311,311,311,311,311,311,311,311,311,311,311,311,311,311,311,311,311,311,311,311,311,311,311,311,311,311,311,311,311,311,311,311,
size:6
[agent] id:24
path:4,5,6,7,8,9,10,11,12,13,14,15,16,17,18,19,19,19,19,19,19,19,19,19,19,19,19,19,19,19,19,19,19,19,19,19,19,19,19,19,19,19,19,19,19,19,19,
goal:19,19,19,19,19,19,19,19,19,19,19,19,19,19,19,19,19,19,19,19,19,19,19,19,19,19,19,19,19,19,19,19,19,19,19,19,19,19,19,19,19,19,19,19,19,19,19,
size:15
[agent] id:25
path:606,571,536,537,538,539,540,541,542,507,472,437,402,367,332,297,262,227,192,157,156,156,156,156,156,156,156,156,156,156,156,156,156,156,156,156,156,156,156,156,156,156,156,156,156,156,156,
goal:156,156,156,156,156,156,156,156,156,156,156,156,156,156,156,156,156,156,156,156,156,156,156,156,156,156,156,156,156,156,156,156,156,156,156,156,156,156,156,156,156,156,156,156,156,156,156,
size:20
[agent] id:26
path:317,352,387,422,457,492,527,562,597,632,667,668,669,670,671,672,673,674,675,676,677,678,679,680,681,682,683,684,685,686,687,688,689,690,691,691,691,691,691,691,691,691,691,691,691,691,691,
goal:691,691,691,691,691,691,691,691,691,691,691,691,691,691,691,691,691,691,691,691,691,691,691,691,691,691,691,691,691,691,691,691,691,691,691,691,691,691,691,691,691,691,691,691,691,691,691,
size:34
[agent] id:27
path:134,169,204,239,274,309,344,379,414,449,448,447,446,445,444,444,444,444,444,444,444,444,444,444,444,444,444,444,444,444,444,444,444,444,444,444,444,444,444,444,444,444,444,444,444,444,444,
goal:444,444,444,444,444,444,444,444,444,444,444,444,444,444,444,444,444,444,444,444,444,444,444,444,444,444,444,444,444,444,444,444,444,444,444,444,444,444,444,444,444,444,444,444,444,444,444,
size:14
[agent] id:28
path:270,269,268,267,266,265,264,263,262,227,192,157,122,87,52,17,16,15,14,14,14,14,14,14,14,14,14,14,14,14,14,14,14,14,14,14,14,14,14,14,14,14,14,14,14,14,14,
goal:14,14,14,14,14,14,14,14,14,14,14,14,14,14,14,14,14,14,14,14,14,14,14,14,14,14,14,14,14,14,14,14,14,14,14,14,14,14,14,14,14,14,14,14,14,14,14,
size:18
[agent] id:29
path:45,44,43,42,41,76,111,146,181,216,251,286,321,356,391,392,393,394,395,396,396,396,396,396,396,396,396,396,396,396,396,396,396,396,396,396,396,396,396,396,396,396,396,396,396,396,396,
goal:396,396,396,396,396,396,396,396,396,396,396,396,396,396,396,396,396,396,396,396,396,396,396,396,396,396,396,396,396,396,396,396,396,396,396,396,396,396,396,396,396,396,396,396,396,396,396,
size:19
SolutionCost:621
