[setting] seed:59
[solver] type:ECBS
[solver] w:2.000000
[solver] ID:0
[solver] Lowlevelnode:3905
[solver] ConflictCount:11
[solver] solved:1
[solver] elapsed:45
[solver] makespan:40
[problem] timesteplimit:10000
[problem] type:MAPF
[problem] agentnum:30
[graph] width:35
[graph] height:21
[graph] filename:./map/warehouse_middle.map
[task] id:18,start:0,end:0,service time:0,nodes:76,
[task] id:26,start:0,end:0,service time:0,nodes:413,
[task] id:28,start:0,end:0,service time:0,nodes:329,
[task] id:7,start:0,end:0,service time:0,nodes:483,
[task] id:9,start:0,end:0,service time:0,nodes:666,
[task] id:16,start:0,end:0,service time:0,nodes:7,
[task] id:25,start:0,end:0,service time:0,nodes:190,
[task] id:0,start:0,end:0,service time:0,nodes:631,
[task] id:14,start:0,end:0,service time:0,nodes:590,
[task] id:15,start:0,end:0,service time:0,nodes:315,
[task] id:11,start:0,end:0,service time:0,nodes:22,
[task] id:20,start:0,end:0,service time:0,nodes:29,
[task] id:24,start:0,end:0,service time:0,nodes:227,
[task] id:17,start:0,end:0,service time:0,nodes:109,
[task] id:4,start:0,end:0,service time:0,nodes:196,
[task] id:2,start:0,end:0,service time:0,nodes:707,
[task] id:22,start:0,end:0,service time:0,nodes:679,
[task] id:27,start:0,end:0,service time:0,nodes:301,
[task] id:29,start:0,end:0,service time:0,nodes:677,
[task] id:1,start:0,end:0,service time:0,nodes:9,
[task] id:13,start:0,end:0,service time:0,nodes:544,
[task] id:10,start:0,end:0,service time:0,nodes:163,
[task] id:23,start:0,end:0,service time:0,nodes:39,
[task] id:5,start:0,end:0,service time:0,nodes:169,
[task] id:12,start:0,end:0,service time:0,nodes:48,
[task] id:21,start:0,end:0,service time:0,nodes:391,
[task] id:3,start:0,end:0,service time:0,nodes:559,
[task] id:6,start:0,end:0,service time:0,nodes:562,
[task] id:19,start:0,end:0,service time:0,nodes:689,
[task] id:8,start:0,end:0,service time:0,nodes:587,
[agent] id:0
path:106,141,176,211,246,281,316,351,386,421,456,491,526,561,596,631,631,631,631,631,631,631,631,631,631,631,631,631,631,631,631,631,631,631,631,631,631,631,631,631,631,
goal:631,631,631,631,631,631,631,631,631,631,631,631,631,631,631,631,631,631,631,631,631,631,631,631,631,631,631,631,631,631,631,631,631,631,631,631,631,631,631,631,631,
size:15
[agent] id:1
path:134,99,64,29,28,27,26,25,24,23,22,21,20,19,18,17,16,15,14,13,12,11,10,9,9,9,9,9,9,9,9,9,9,9,9,9,9,9,9,9,9,
goal:9,9,9,9,9,9,9,9,9,9,9,9,9,9,9,9,9,9,9,9,9,9,9,9,9,9,9,9,9,9,9,9,9,9,9,9,9,9,9,9,9,
size:23
[agent] id:2
path:39,74,109,144,179,214,249,284,319,354,389,424,459,494,529,564,599,634,669,704,705,706,707,707,707,707,707,707,707,707,707,707,707,707,707,707,707,707,707,707,707,
goal:707,707,707,707,707,707,707,707,707,707,707,707,707,707,707,707,707,707,707,707,707,707,707,707,707,707,707,707,707,707,707,707,707,707,707,707,707,707,707,707,707,
size:22
[agent] id:3
path:150,185,186,187,188,189,190,191,192,227,262,297,332,333,334,335,336,337,338,339,340,341,342,343,378,379,414,449,484,519,554,555,556,557,558,559,559,559,559,559,559,
goal:559,559,559,559,559,559,559,559,559,559,559,559,559,559,559,559,559,559,559,559,559,559,559,559,559,559,559,559,559,559,559,559,559,559,559,559,559,559,559,559,559,
size:35
[agent] id:4
path:489,454,419,384,349,314,279,244,209,208,207,206,205,204,203,202,201,200,199,198,197,196,196,196,196,196,196,196,196,196,196,196,196,196,196,196,196,196,196,196,196,
goal:196,196,196,196,196,196,196,196,196,196,196,196,196,196,196,196,196,196,196,196,196,196,196,196,196,196,196,196,196,196,196,196,196,196,196,196,196,196,196,196,196,
size:21
[agent] id:5
path:178,143,144,145,146,147,148,149,150,151,152,153,154,155,156,157,158,159,160,161,162,163,164,165,166,167,168,169,169,169,169,169,169,169,169,169,169,169,169,169,169,
goal:169,169,169,169,169,169,169,169,169,169,169,169,169,169,169,169,169,169,169,169,169,169,169,169,169,169,169,169,169,169,169,169,169,169,169,169,169,169,169,169,169,
size:27
[agent] id:6
path:382,417,452,487,486,485,484,483,482,481,480,479,478,477,476,475,474,473,472,507,542,541,540,539,538,537,572,571,570,569,568,567,566,565,564,563,562,562,562,562,562,
goal:562,562,562,562,562,562,562,562,562,562,562,562,562,562,562,562,562,562,562,562,562,562,562,562,562,562,562,562,562,562,562,562,562,562,562,562,562,562,562,562,562,
size:36
[agent] id:7
path:544,545,546,547,548,549,550,551,552,553,518,483,483,483,483,483,483,483,483,483,483,483,483,483,483,483,483,483,483,483,483,483,483,483,483,483,483,483,483,483,483,
goal:483,483,483,483,483,483,483,483,483,483,483,483,483,483,483,483,483,483,483,483,483,483,483,483,483,483,483,483,483,483,483,483,483,483,483,483,483,483,483,483,483,
size:11
[agent] id:8
path:73,108,143,178,213,248,283,318,353,388,423,458,493,528,563,563,563,564,565,566,567,568,569,570,571,572,573,574,575,576,577,578,579,580,581,582,583,584,585,586,587,
goal:587,587,587,587,587,587,587,587,587,587,587,587,587,587,587,587,587,587,587,587,587,587,587,587,587,587,587,587,587,587,587,587,587,587,587,587,587,587,587,587,587,
size:40
[agent] id:9
path:354,389,424,459,494,529,564,599,634,669,668,667,666,666,666,666,666,666,666,666,666,666,666,666,666,666,666,666,666,666,666,666,666,666,666,666,666,666,666,666,666,
goal:666,666,666,666,666,666,666,666,666,666,666,666,666,666,666,666,666,666,666,666,666,666,666,666,666,666,666,666,666,666,666,666,666,666,666,666,666,666,666,666,666,
size:12
[agent] id:10
path:427,392,393,394,395,396,397,398,399,400,401,402,367,332,297,262,227,192,157,158,159,160,161,162,163,163,163,163,163,163,163,163,163,163,163,163,163,163,163,163,163,
goal:163,163,163,163,163,163,163,163,163,163,163,163,163,163,163,163,163,163,163,163,163,163,163,163,163,163,163,163,163,163,163,163,163,163,163,163,163,163,163,163,163,
size:24
[agent] id:11
path:345,310,275,240,205,170,135,100,65,30,29,28,27,26,25,24,23,22,22,22,22,22,22,22,22,22,22,22,22,22,22,22,22,22,22,22,22,22,22,22,22,
goal:22,22,22,22,22,22,22,22,22,22,22,22,22,22,22,22,22,22,22,22,22,22,22,22,22,22,22,22,22,22,22,22,22,22,22,22,22,22,22,22,22,
size:17
[agent] id:12
path:632,597,562,527,492,457,422,387,352,317,282,247,212,177,142,107,72,37,38,39,40,41,42,43,44,45,46,47,48,48,48,48,48,48,48,48,48,48,48,48,48,
goal:48,48,48,48,48,48,48,48,48,48,48,48,48,48,48,48,48,48,48,48,48,48,48,48,48,48,48,48,48,48,48,48,48,48,48,48,48,48,48,48,48,
size:28
[agent] id:13
path:57,56,55,54,53,52,87,122,157,192,227,262,297,298,333,332,367,402,437,472,507,542,543,544,544,544,544,544,544,544,544,544,544,544,544,544,544,544,544,544,544,
goal:544,544,544,544,544,544,544,544,544,544,544,544,544,544,544,544,544,544,544,544,544,544,544,544,544,544,544,544,544,544,544,544,544,544,544,544,544,544,544,544,544,
size:23
[agent] id:14
path:507,542,577,578,579,580,581,582,583,584,585,586,587,588,589,590,590,590,590,590,590,590,590,590,590,590,590,590,590,590,590,590,590,590,590,590,590,590,590,590,590,
goal:590,590,590,590,590,590,590,590,590,590,590,590,590,590,590,590,590,590,590,590,590,590,590,590,590,590,590,590,590,590,590,590,590,590,590,590,590,590,590,590,590,
size:15
[agent] id:15
path:42,41,76,111,110,145,180,215,250,285,320,319,318,317,316,315,315,315,315,315,315,315,315,315,315,315,315,315,315,315,315,315,315,315,315,315,315,315,315,315,315,
goal:315,315,315,315,315,315,315,315,315,315,315,315,315,315,315,315,315,315,315,315,315,315,315,315,315,315,315,315,315,315,315,315,315,315,315,315,315,315,315,315,315,
size:15
[agent] id:16
path:54,19,18,17,16,15,14,13,12,11,10,9,8,7,7,7,7,7,7,7,7,7,7,7,7,7,7,7,7,7,7,7,7,7,7,7,7,7,7,7,7,
goal:7,7,7,7,7,7,7,7,7,7,7,7,7,7,7,7,7,7,7,7,7,7,7,7,7,7,7,7,7,7,7,7,7,7,7,7,7,7,7,7,7,
size:13
[agent] id:17
path:666,631,596,561,526,491,456,421,422,387,352,317,282,247,212,177,142,107,108,109,109,109,109,109,109,109,109,109,109,109,109,109,109,109,109,109,109,109,109,109,109,
goal:109,109,109,109,109,109,109,109,109,109,109,109,109,109,109,109,109,109,109,109,109,109,109,109,109,109,109,109,109,109,109,109,109,109,109,109,109,109,109,109,109,
size:19
[agent] id:18
path:45,44,43,42,41,76,76,76,76,76,76,76,76,76,76,76,76,76,76,76,76,76,76,76,76,76,76,76,76,76,76,76,76,76,76,76,76,76,76,76,76,
goal:76,76,76,76,76,76,76,76,76,76,76,76,76,76,76,76,76,76,76,76,76,76,76,76,76,76,76,76,76,76,76,76,76,76,76,76,76,76,76,76,76,
size:5
[agent] id:19
path:4,39,74,109,144,179,214,249,284,319,354,389,424,459,494,529,564,599,600,601,602,603,604,605,606,607,608,609,610,611,612,647,682,683,684,685,686,687,688,689,689,
goal:689,689,689,689,689,689,689,689,689,689,689,689,689,689,689,689,689,689,689,689,689,689,689,689,689,689,689,689,689,689,689,689,689,689,689,689,689,689,689,689,689,
size:39
[agent] id:20
path:336,301,266,267,268,269,270,271,272,273,238,203,168,133,98,63,28,29,29,29,29,29,29,29,29,29,29,29,29,29,29,29,29,29,29,29,29,29,29,29,29,
goal:29,29,29,29,29,29,29,29,29,29,29,29,29,29,29,29,29,29,29,29,29,29,29,29,29,29,29,29,29,29,29,29,29,29,29,29,29,29,29,29,29,
size:17
[agent] id:21
path:488,487,486,451,450,449,448,447,412,411,410,409,408,407,406,405,404,403,402,401,400,399,398,397,396,395,394,393,392,391,391,391,391,391,391,391,391,391,391,391,391,
goal:391,391,391,391,391,391,391,391,391,391,391,391,391,391,391,391,391,391,391,391,391,391,391,391,391,391,391,391,391,391,391,391,391,391,391,391,391,391,391,391,391,
size:29
[agent] id:22
path:181,216,251,286,321,356,391,426,461,496,531,566,601,636,671,672,673,674,675,676,677,678,679,679,679,679,679,679,679,679,679,679,679,679,679,679,679,679,679,679,679,
goal:679,679,679,679,679,679,679,679,679,679,679,679,679,679,679,679,679,679,679,679,679,679,679,679,679,679,679,679,679,679,679,679,679,679,679,679,679,679,679,679,679,
size:22
[agent] id:23
path:439,438,437,436,435,434,433,432,397,396,395,394,393,392,391,356,321,286,251,216,181,146,111,110,75,40,39,39,39,39,39,39,39,39,39,39,39,39,39,39,39,
goal:39,39,39,39,39,39,39,39,39,39,39,39,39,39,39,39,39,39,39,39,39,39,39,39,39,39,39,39,39,39,39,39,39,39,39,39,39,39,39,39,39,
size:26
[agent] id:24
path:462,427,392,393,394,395,396,397,398,399,400,401,402,367,332,297,262,227,227,227,227,227,227,227,227,227,227,227,227,227,227,227,227,227,227,227,227,227,227,227,227,
goal:227,227,227,227,227,227,227,227,227,227,227,227,227,227,227,227,227,227,227,227,227,227,227,227,227,227,227,227,227,227,227,227,227,227,227,227,227,227,227,227,227,
size:17
[agent] id:25
path:176,177,178,179,180,181,182,183,184,185,186,187,188,189,190,190,190,190,190,190,190,190,190,190,190,190,190,190,190,190,190,190,190,190,190,190,190,190,190,190,190,
goal:190,190,190,190,190,190,190,190,190,190,190,190,190,190,190,190,190,190,190,190,190,190,190,190,190,190,190,190,190,190,190,190,190,190,190,190,190,190,190,190,190,
size:14
[agent] id:26
path:348,383,418,417,416,415,414,413,413,413,413,413,413,413,413,413,413,413,413,413,413,413,413,413,413,413,413,413,413,413,413,413,413,413,413,413,413,413,413,413,413,
goal:413,413,413,413,413,413,413,413,413,413,413,413,413,413,413,413,413,413,413,413,413,413,413,413,413,413,413,413,413,413,413,413,413,413,413,413,413,413,413,413,413,
size:7
[agent] id:27
path:629,594,559,524,489,454,419,384,349,314,313,312,311,310,309,308,307,306,305,304,303,302,301,301,301,301,301,301,301,301,301,301,301,301,301,301,301,301,301,301,301,
goal:301,301,301,301,301,301,301,301,301,301,301,301,301,301,301,301,301,301,301,301,301,301,301,301,301,301,301,301,301,301,301,301,301,301,301,301,301,301,301,301,301,
size:22
[agent] id:28
path:264,299,334,333,332,331,330,329,329,329,329,329,329,329,329,329,329,329,329,329,329,329,329,329,329,329,329,329,329,329,329,329,329,329,329,329,329,329,329,329,329,
goal:329,329,329,329,329,329,329,329,329,329,329,329,329,329,329,329,329,329,329,329,329,329,329,329,329,329,329,329,329,329,329,329,329,329,329,329,329,329,329,329,329,
size:7
[agent] id:29
path:191,192,227,262,297,332,367,402,437,472,507,542,577,612,647,682,681,680,679,678,713,712,677,677,677,677,677,677,677,677,677,677,677,677,677,677,677,677,677,677,677,
goal:677,677,677,677,677,677,677,677,677,677,677,677,677,677,677,677,677,677,677,677,677,677,677,677,677,677,677,677,677,677,677,677,677,677,677,677,677,677,677,677,677,
size:22
SolutionCost:623
