[setting] seed:93
[solver] type:ECBS
[solver] w:2.000000
[solver] ID:0
[solver] Lowlevelnode:4258
[solver] ConflictCount:10
[solver] solved:1
[solver] elapsed:22
[solver] makespan:39
[problem] timesteplimit:10000
[problem] type:MAPF
[problem] agentnum:30
[graph] width:35
[graph] height:21
[graph] filename:./map/warehouse_middle.map
[task] id:29,start:0,end:0,service time:0,nodes:191,
[task] id:5,start:0,end:0,service time:0,nodes:390,
[task] id:26,start:0,end:0,service time:0,nodes:526,
[task] id:25,start:0,end:0,service time:0,nodes:713,
[task] id:22,start:0,end:0,service time:0,nodes:137,
[task] id:3,start:0,end:0,service time:0,nodes:540,
[task] id:4,start:0,end:0,service time:0,nodes:684,
[task] id:13,start:0,end:0,service time:0,nodes:663,
[task] id:15,start:0,end:0,service time:0,nodes:391,
[task] id:17,start:0,end:0,service time:0,nodes:717,
[task] id:10,start:0,end:0,service time:0,nodes:342,
[task] id:30,start:0,end:0,service time:0,nodes:391,
[task] id:7,start:0,end:0,service time:0,nodes:400,
[task] id:18,start:0,end:0,service time:0,nodes:196,
[task] id:24,start:0,end:0,service time:0,nodes:129,
[task] id:9,start:0,end:0,service time:0,nodes:160,
[task] id:20,start:0,end:0,service time:0,nodes:532,
[task] id:28,start:0,end:0,service time:0,nodes:279,
[task] id:12,start:0,end:0,service time:0,nodes:158,
[task] id:21,start:0,end:0,service time:0,nodes:206,
[task] id:19,start:0,end:0,service time:0,nodes:402,
[task] id:8,start:0,end:0,service time:0,nodes:548,
[task] id:27,start:0,end:0,service time:0,nodes:477,
[task] id:6,start:0,end:0,service time:0,nodes:321,
[task] id:0,start:0,end:0,service time:0,nodes:71,
[task] id:2,start:0,end:0,service time:0,nodes:41,
[task] id:1,start:0,end:0,service time:0,nodes:429,
[task] id:14,start:0,end:0,service time:0,nodes:600,
[task] id:16,start:0,end:0,service time:0,nodes:322,
[task] id:23,start:0,end:0,service time:0,nodes:685,
[task] id:11,start:0,end:0,service time:0,nodes:280,
[agent] id:0
path:403,402,367,332,297,262,227,192,157,122,121,120,119,118,117,116,115,114,113,112,111,76,75,74,73,72,71,71,71,71,71,71,71,71,71,71,71,71,71,71,
goal:71,71,71,71,71,71,71,71,71,71,71,71,71,71,71,71,71,71,71,71,71,71,71,71,71,71,71,71,71,71,71,71,71,71,71,71,71,71,71,71,
size:26
[agent] id:1
path:206,241,276,311,346,381,416,451,450,449,448,447,446,445,444,443,442,441,440,439,438,437,436,435,434,433,432,431,430,429,429,429,429,429,429,429,429,429,429,429,
goal:429,429,429,429,429,429,429,429,429,429,429,429,429,429,429,429,429,429,429,429,429,429,429,429,429,429,429,429,429,429,429,429,429,429,429,429,429,429,429,429,
size:29
[agent] id:2
path:271,270,269,268,267,266,265,264,263,262,227,192,157,122,87,52,51,50,49,48,47,46,45,44,43,42,41,41,41,41,41,41,41,41,41,41,41,41,41,41,
goal:41,41,41,41,41,41,41,41,41,41,41,41,41,41,41,41,41,41,41,41,41,41,41,41,41,41,41,41,41,41,41,41,41,41,41,41,41,41,41,41,
size:26
[agent] id:3
path:636,601,566,531,532,533,534,535,536,537,538,539,540,540,540,540,540,540,540,540,540,540,540,540,540,540,540,540,540,540,540,540,540,540,540,540,540,540,540,540,
goal:540,540,540,540,540,540,540,540,540,540,540,540,540,540,540,540,540,540,540,540,540,540,540,540,540,540,540,540,540,540,540,540,540,540,540,540,540,540,540,540,
size:12
[agent] id:4
path:708,673,674,675,676,677,678,679,680,681,682,683,684,684,684,684,684,684,684,684,684,684,684,684,684,684,684,684,684,684,684,684,684,684,684,684,684,684,684,684,
goal:684,684,684,684,684,684,684,684,684,684,684,684,684,684,684,684,684,684,684,684,684,684,684,684,684,684,684,684,684,684,684,684,684,684,684,684,684,684,684,684,
size:12
[agent] id:5
path:459,424,389,390,390,390,390,390,390,390,390,390,390,390,390,390,390,390,390,390,390,390,390,390,390,390,390,390,390,390,390,390,390,390,390,390,390,390,390,390,
goal:390,390,390,390,390,390,390,390,390,390,390,390,390,390,390,390,390,390,390,390,390,390,390,390,390,390,390,390,390,390,390,390,390,390,390,390,390,390,390,390,
size:3
[agent] id:6
path:448,413,378,343,342,341,340,339,338,337,336,335,334,333,332,331,330,329,328,327,326,325,324,323,322,321,321,321,321,321,321,321,321,321,321,321,321,321,321,321,
goal:321,321,321,321,321,321,321,321,321,321,321,321,321,321,321,321,321,321,321,321,321,321,321,321,321,321,321,321,321,321,321,321,321,321,321,321,321,321,321,321,
size:25
[agent] id:7
path:281,316,351,352,353,354,355,356,391,392,393,394,395,396,397,398,399,400,400,400,400,400,400,400,400,400,400,400,400,400,400,400,400,400,400,400,400,400,400,400,
goal:400,400,400,400,400,400,400,400,400,400,400,400,400,400,400,400,400,400,400,400,400,400,400,400,400,400,400,400,400,400,400,400,400,400,400,400,400,400,400,400,
size:17
[agent] id:8
path:457,458,459,460,461,462,463,464,465,466,467,468,469,470,471,472,507,542,543,544,545,546,547,548,548,548,548,548,548,548,548,548,548,548,548,548,548,548,548,548,
goal:548,548,548,548,548,548,548,548,548,548,548,548,548,548,548,548,548,548,548,548,548,548,548,548,548,548,548,548,548,548,548,548,548,548,548,548,548,548,548,548,
size:23
[agent] id:9
path:393,394,395,396,397,398,399,400,401,402,367,332,297,262,227,192,157,158,159,160,160,160,160,160,160,160,160,160,160,160,160,160,160,160,160,160,160,160,160,160,
goal:160,160,160,160,160,160,160,160,160,160,160,160,160,160,160,160,160,160,160,160,160,160,160,160,160,160,160,160,160,160,160,160,160,160,160,160,160,160,160,160,
size:19
[agent] id:10
path:294,295,296,297,298,299,300,301,302,303,338,339,340,341,306,307,342,342,342,342,342,342,342,342,342,342,342,342,342,342,342,342,342,342,342,342,342,342,342,342,
goal:342,342,342,342,342,342,342,342,342,342,342,342,342,342,342,342,342,342,342,342,342,342,342,342,342,342,342,342,342,342,342,342,342,342,342,342,342,342,342,342,
size:16
[agent] id:11
path:489,454,419,384,349,314,313,312,311,310,309,308,307,306,305,304,303,302,301,300,299,298,297,296,295,294,293,292,291,290,289,288,287,286,285,284,283,282,281,280,
goal:280,280,280,280,280,280,280,280,280,280,280,280,280,280,280,280,280,280,280,280,280,280,280,280,280,280,280,280,280,280,280,280,280,280,280,280,280,280,280,280,
size:39
[agent] id:12
path:431,432,397,398,399,400,401,401,402,403,403,402,367,332,331,296,261,262,227,192,157,158,158,158,158,158,158,158,158,158,158,158,158,158,158,158,158,158,158,158,
goal:158,158,158,158,158,158,158,158,158,158,158,158,158,158,158,158,158,158,158,158,158,158,158,158,158,158,158,158,158,158,158,158,158,158,158,158,158,158,158,158,
size:21
[agent] id:13
path:722,687,688,689,690,691,692,693,658,659,660,661,662,663,663,663,663,663,663,663,663,663,663,663,663,663,663,663,663,663,663,663,663,663,663,663,663,663,663,663,
goal:663,663,663,663,663,663,663,663,663,663,663,663,663,663,663,663,663,663,663,663,663,663,663,663,663,663,663,663,663,663,663,663,663,663,663,663,663,663,663,663,
size:13
[agent] id:14
path:557,592,627,626,625,624,623,622,621,620,619,618,617,616,615,614,613,612,611,610,609,608,607,606,605,604,603,602,601,600,600,600,600,600,600,600,600,600,600,600,
goal:600,600,600,600,600,600,600,600,600,600,600,600,600,600,600,600,600,600,600,600,600,600,600,600,600,600,600,600,600,600,600,600,600,600,600,600,600,600,600,600,
size:29
[agent] id:15
path:4,39,74,109,144,179,214,249,284,319,354,355,356,391,392,392,391,391,391,391,391,391,391,391,391,391,391,391,391,391,391,391,391,391,391,391,391,391,391,391,
goal:391,391,391,391,391,391,391,391,391,391,391,391,391,391,391,391,391,391,391,391,391,391,391,391,391,391,391,391,391,391,391,391,391,391,391,391,391,391,391,391,
size:16
[agent] id:16
path:628,593,558,523,488,453,418,383,348,347,346,345,344,343,342,341,340,339,338,337,336,335,334,333,332,331,330,329,328,327,326,325,324,323,322,322,322,322,322,322,
goal:322,322,322,322,322,322,322,322,322,322,322,322,322,322,322,322,322,322,322,322,322,322,322,322,322,322,322,322,322,322,322,322,322,322,322,322,322,322,322,322,
size:34
[agent] id:17
path:396,431,466,467,468,469,470,471,472,507,542,577,612,647,682,717,717,717,717,717,717,717,717,717,717,717,717,717,717,717,717,717,717,717,717,717,717,717,717,717,
goal:717,717,717,717,717,717,717,717,717,717,717,717,717,717,717,717,717,717,717,717,717,717,717,717,717,717,717,717,717,717,717,717,717,717,717,717,717,717,717,717,
size:15
[agent] id:18
path:575,540,541,542,507,472,437,402,367,332,297,262,227,192,193,194,195,196,196,196,196,196,196,196,196,196,196,196,196,196,196,196,196,196,196,196,196,196,196,196,
goal:196,196,196,196,196,196,196,196,196,196,196,196,196,196,196,196,196,196,196,196,196,196,196,196,196,196,196,196,196,196,196,196,196,196,196,196,196,196,196,196,
size:17
[agent] id:19
path:130,165,200,201,202,203,238,273,308,307,306,305,304,339,338,337,336,335,334,333,332,367,402,402,402,402,402,402,402,402,402,402,402,402,402,402,402,402,402,402,
goal:402,402,402,402,402,402,402,402,402,402,402,402,402,402,402,402,402,402,402,402,402,402,402,402,402,402,402,402,402,402,402,402,402,402,402,402,402,402,402,402,
size:22
[agent] id:20
path:261,296,331,330,329,328,327,326,325,324,323,322,321,356,391,426,461,496,531,532,532,532,532,532,532,532,532,532,532,532,532,532,532,532,532,532,532,532,532,532,
goal:532,532,532,532,532,532,532,532,532,532,532,532,532,532,532,532,532,532,532,532,532,532,532,532,532,532,532,532,532,532,532,532,532,532,532,532,532,532,532,532,
size:19
[agent] id:21
path:473,438,403,404,405,406,407,408,409,410,411,412,413,378,343,308,273,238,203,204,205,206,206,206,206,206,206,206,206,206,206,206,206,206,206,206,206,206,206,206,
goal:206,206,206,206,206,206,206,206,206,206,206,206,206,206,206,206,206,206,206,206,206,206,206,206,206,206,206,206,206,206,206,206,206,206,206,206,206,206,206,206,
size:21
[agent] id:22
path:199,164,129,130,131,132,133,134,135,136,137,137,137,137,137,137,137,137,137,137,137,137,137,137,137,137,137,137,137,137,137,137,137,137,137,137,137,137,137,137,
goal:137,137,137,137,137,137,137,137,137,137,137,137,137,137,137,137,137,137,137,137,137,137,137,137,137,137,137,137,137,137,137,137,137,137,137,137,137,137,137,137,
size:10
[agent] id:23
path:155,156,157,158,159,160,161,162,197,198,199,200,201,202,203,238,239,274,309,344,379,414,449,484,519,554,589,624,659,694,693,692,691,690,689,688,687,686,685,685,
goal:685,685,685,685,685,685,685,685,685,685,685,685,685,685,685,685,685,685,685,685,685,685,685,685,685,685,685,685,685,685,685,685,685,685,685,685,685,685,685,685,
size:38
[agent] id:24
path:486,451,416,381,380,345,310,275,240,205,170,135,134,133,132,131,130,129,129,129,129,129,129,129,129,129,129,129,129,129,129,129,129,129,129,129,129,129,129,129,
goal:129,129,129,129,129,129,129,129,129,129,129,129,129,129,129,129,129,129,129,129,129,129,129,129,129,129,129,129,129,129,129,129,129,129,129,129,129,129,129,129,
size:17
[agent] id:25
path:577,612,647,682,717,716,715,714,713,713,713,713,713,713,713,713,713,713,713,713,713,713,713,713,713,713,713,713,713,713,713,713,713,713,713,713,713,713,713,713,
goal:713,713,713,713,713,713,713,713,713,713,713,713,713,713,713,713,713,713,713,713,713,713,713,713,713,713,713,713,713,713,713,713,713,713,713,713,713,713,713,713,
size:8
[agent] id:26
path:635,600,565,530,529,528,527,526,526,526,526,526,526,526,526,526,526,526,526,526,526,526,526,526,526,526,526,526,526,526,526,526,526,526,526,526,526,526,526,526,
goal:526,526,526,526,526,526,526,526,526,526,526,526,526,526,526,526,526,526,526,526,526,526,526,526,526,526,526,526,526,526,526,526,526,526,526,526,526,526,526,526,
size:7
[agent] id:27
path:598,563,528,493,458,459,460,461,462,463,464,465,466,467,468,469,470,471,472,473,474,475,476,477,477,477,477,477,477,477,477,477,477,477,477,477,477,477,477,477,
goal:477,477,477,477,477,477,477,477,477,477,477,477,477,477,477,477,477,477,477,477,477,477,477,477,477,477,477,477,477,477,477,477,477,477,477,477,477,477,477,477,
size:23
[agent] id:28
path:55,56,57,58,59,60,61,62,63,98,133,168,203,238,273,274,275,276,277,278,279,279,279,279,279,279,279,279,279,279,279,279,279,279,279,279,279,279,279,279,
goal:279,279,279,279,279,279,279,279,279,279,279,279,279,279,279,279,279,279,279,279,279,279,279,279,279,279,279,279,279,279,279,279,279,279,279,279,279,279,279,279,
size:20
[agent] id:29
path:190,191,191,191,191,191,191,191,191,191,191,191,191,191,191,191,191,191,191,191,191,191,191,191,191,191,191,191,191,191,191,191,191,191,191,191,191,191,191,191,
goal:191,191,191,191,191,191,191,191,191,191,191,191,191,191,191,191,191,191,191,191,191,191,191,191,191,191,191,191,191,191,191,191,191,191,191,191,191,191,191,191,
size:1
SolutionCost:578
