[setting] seed:66
[solver] type:ECBS
[solver] w:2.000000
[solver] ID:0
[solver] Lowlevelnode:5877
[solver] ConflictCount:11
[solver] solved:1
[solver] elapsed:34
[solver] makespan:34
[problem] timesteplimit:10000
[problem] type:MAPF
[problem] agentnum:30
[graph] width:35
[graph] height:21
[graph] filename:./map/warehouse_middle.map
[task] id:28,start:0,end:0,service time:0,nodes:659,
[task] id:2,start:0,end:0,service time:0,nodes:216,
[task] id:5,start:0,end:0,service time:0,nodes:718,
[task] id:8,start:0,end:0,service time:0,nodes:113,
[task] id:27,start:0,end:0,service time:0,nodes:482,
[task] id:20,start:0,end:0,service time:0,nodes:291,
[task] id:0,start:0,end:0,service time:0,nodes:280,
[task] id:6,start:0,end:0,service time:0,nodes:533,
[task] id:25,start:0,end:0,service time:0,nodes:9,
[task] id:19,start:0,end:0,service time:0,nodes:238,
[task] id:21,start:0,end:0,service time:0,nodes:701,
[task] id:23,start:0,end:0,service time:0,nodes:18,
[task] id:26,start:0,end:0,service time:0,nodes:396,
[task] id:12,start:0,end:0,service time:0,nodes:196,
[task] id:10,start:0,end:0,service time:0,nodes:685,
[task] id:11,start:0,end:0,service time:0,nodes:472,
[task] id:14,start:0,end:0,service time:0,nodes:120,
[task] id:13,start:0,end:0,service time:0,nodes:446,
[task] id:15,start:0,end:0,service time:0,nodes:17,
[task] id:16,start:0,end:0,service time:0,nodes:41,
[task] id:29,start:0,end:0,service time:0,nodes:435,
[task] id:24,start:0,end:0,service time:0,nodes:672,
[task] id:17,start:0,end:0,service time:0,nodes:158,
[task] id:1,start:0,end:0,service time:0,nodes:628,
[task] id:3,start:0,end:0,service time:0,nodes:51,
[task] id:9,start:0,end:0,service time:0,nodes:635,
[task] id:18,start:0,end:0,service time:0,nodes:478,
[task] id:22,start:0,end:0,service time:0,nodes:268,
[task] id:7,start:0,end:0,service time:0,nodes:689,
[task] id:4,start:0,end:0,service time:0,nodes:74,
[agent] id:0
path:461,426,391,356,321,320,285,284,283,282,281,280,280,280,280,280,280,280,280,280,280,280,280,280,280,280,280,280,280,280,280,280,280,280,280,
goal:280,280,280,280,280,280,280,280,280,280,280,280,280,280,280,280,280,280,280,280,280,280,280,280,280,280,280,280,280,280,280,280,280,280,280,
size:11
[agent] id:1
path:432,467,468,469,470,471,472,507,542,577,578,579,580,615,616,617,618,619,620,621,622,623,624,625,626,627,628,628,628,628,628,628,628,628,628,
goal:628,628,628,628,628,628,628,628,628,628,628,628,628,628,628,628,628,628,628,628,628,628,628,628,628,628,628,628,628,628,628,628,628,628,628,
size:26
[agent] id:2
path:141,176,211,212,213,214,215,216,216,216,216,216,216,216,216,216,216,216,216,216,216,216,216,216,216,216,216,216,216,216,216,216,216,216,216,
goal:216,216,216,216,216,216,216,216,216,216,216,216,216,216,216,216,216,216,216,216,216,216,216,216,216,216,216,216,216,216,216,216,216,216,216,
size:7
[agent] id:3
path:674,675,676,677,678,679,680,681,682,647,612,577,542,507,472,437,402,367,332,297,262,227,192,157,122,87,52,51,51,51,51,51,51,51,51,
goal:51,51,51,51,51,51,51,51,51,51,51,51,51,51,51,51,51,51,51,51,51,51,51,51,51,51,51,51,51,51,51,51,51,51,51,
size:27
[agent] id:4
path:482,447,412,411,410,409,408,407,406,405,404,403,402,367,332,297,262,227,192,157,156,155,154,153,152,151,150,149,148,147,112,111,76,75,74,
goal:74,74,74,74,74,74,74,74,74,74,74,74,74,74,74,74,74,74,74,74,74,74,74,74,74,74,74,74,74,74,74,74,74,74,74,
size:34
[agent] id:5
path:507,542,577,612,647,682,717,718,718,718,718,718,718,718,718,718,718,718,718,718,718,718,718,718,718,718,718,718,718,718,718,718,718,718,718,
goal:718,718,718,718,718,718,718,718,718,718,718,718,718,718,718,718,718,718,718,718,718,718,718,718,718,718,718,718,718,718,718,718,718,718,718,
size:7
[agent] id:6
path:544,543,542,541,540,539,538,537,536,535,534,533,533,533,533,533,533,533,533,533,533,533,533,533,533,533,533,533,533,533,533,533,533,533,533,
goal:533,533,533,533,533,533,533,533,533,533,533,533,533,533,533,533,533,533,533,533,533,533,533,533,533,533,533,533,533,533,533,533,533,533,533,
size:11
[agent] id:7
path:420,455,490,525,560,595,630,665,666,667,668,669,670,671,672,673,674,675,676,677,678,679,680,681,682,683,684,719,720,721,686,687,688,689,689,
goal:689,689,689,689,689,689,689,689,689,689,689,689,689,689,689,689,689,689,689,689,689,689,689,689,689,689,689,689,689,689,689,689,689,689,689,
size:33
[agent] id:8
path:44,43,42,41,76,111,112,113,113,113,113,113,113,113,113,113,113,113,113,113,113,113,113,113,113,113,113,113,113,113,113,113,113,113,113,
goal:113,113,113,113,113,113,113,113,113,113,113,113,113,113,113,113,113,113,113,113,113,113,113,113,113,113,113,113,113,113,113,113,113,113,113,
size:7
[agent] id:9
path:660,659,658,623,622,621,620,619,618,617,616,615,614,613,612,611,610,609,608,607,606,605,604,603,602,601,636,635,635,635,635,635,635,635,635,
goal:635,635,635,635,635,635,635,635,635,635,635,635,635,635,635,635,635,635,635,635,635,635,635,635,635,635,635,635,635,635,635,635,635,635,635,
size:27
[agent] id:10
path:297,332,367,402,437,472,507,542,577,612,611,611,612,647,682,683,684,685,685,685,685,685,685,685,685,685,685,685,685,685,685,685,685,685,685,
goal:685,685,685,685,685,685,685,685,685,685,685,685,685,685,685,685,685,685,685,685,685,685,685,685,685,685,685,685,685,685,685,685,685,685,685,
size:17
[agent] id:11
path:635,600,565,530,495,460,461,462,463,464,465,466,467,468,469,470,471,472,472,472,472,472,472,472,472,472,472,472,472,472,472,472,472,472,472,
goal:472,472,472,472,472,472,472,472,472,472,472,472,472,472,472,472,472,472,472,472,472,472,472,472,472,472,472,472,472,472,472,472,472,472,472,
size:17
[agent] id:12
path:382,347,312,277,242,207,206,205,204,203,202,201,200,199,198,197,196,196,196,196,196,196,196,196,196,196,196,196,196,196,196,196,196,196,196,
goal:196,196,196,196,196,196,196,196,196,196,196,196,196,196,196,196,196,196,196,196,196,196,196,196,196,196,196,196,196,196,196,196,196,196,196,
size:16
[agent] id:13
path:291,326,327,328,329,330,331,332,367,402,437,438,439,440,441,442,443,444,445,446,446,446,446,446,446,446,446,446,446,446,446,446,446,446,446,
goal:446,446,446,446,446,446,446,446,446,446,446,446,446,446,446,446,446,446,446,446,446,446,446,446,446,446,446,446,446,446,446,446,446,446,446,
size:19
[agent] id:14
path:205,170,135,134,133,132,131,130,129,128,127,126,125,124,123,122,121,120,120,120,120,120,120,120,120,120,120,120,120,120,120,120,120,120,120,
goal:120,120,120,120,120,120,120,120,120,120,120,120,120,120,120,120,120,120,120,120,120,120,120,120,120,120,120,120,120,120,120,120,120,120,120,
size:17
[agent] id:15
path:322,287,252,253,254,255,256,257,258,259,260,261,262,227,192,157,122,87,52,17,17,17,17,17,17,17,17,17,17,17,17,17,17,17,17,
goal:17,17,17,17,17,17,17,17,17,17,17,17,17,17,17,17,17,17,17,17,17,17,17,17,17,17,17,17,17,17,17,17,17,17,17,
size:19
[agent] id:16
path:264,263,262,227,192,157,122,87,52,51,50,49,48,47,46,45,44,43,42,41,41,41,41,41,41,41,41,41,41,41,41,41,41,41,41,
goal:41,41,41,41,41,41,41,41,41,41,41,41,41,41,41,41,41,41,41,41,41,41,41,41,41,41,41,41,41,41,41,41,41,41,41,
size:19
[agent] id:17
path:691,690,689,688,687,686,685,684,683,682,647,612,577,542,507,472,437,402,367,332,297,262,227,192,157,158,158,158,158,158,158,158,158,158,158,
goal:158,158,158,158,158,158,158,158,158,158,158,158,158,158,158,158,158,158,158,158,158,158,158,158,158,158,158,158,158,158,158,158,158,158,158,
size:25
[agent] id:18
path:184,183,182,181,216,251,286,321,356,391,426,427,428,429,430,431,432,433,434,435,436,437,438,473,474,475,476,477,478,478,478,478,478,478,478,
goal:478,478,478,478,478,478,478,478,478,478,478,478,478,478,478,478,478,478,478,478,478,478,478,478,478,478,478,478,478,478,478,478,478,478,478,
size:28
[agent] id:19
path:550,551,552,553,518,483,448,413,378,343,308,273,238,238,238,238,238,238,238,238,238,238,238,238,238,238,238,238,238,238,238,238,238,238,238,
goal:238,238,238,238,238,238,238,238,238,238,238,238,238,238,238,238,238,238,238,238,238,238,238,238,238,238,238,238,238,238,238,238,238,238,238,
size:12
[agent] id:20
path:353,318,283,284,285,286,287,288,289,290,291,291,291,291,291,291,291,291,291,291,291,291,291,291,291,291,291,291,291,291,291,291,291,291,291,
goal:291,291,291,291,291,291,291,291,291,291,291,291,291,291,291,291,291,291,291,291,291,291,291,291,291,291,291,291,291,291,291,291,291,291,291,
size:10
[agent] id:21
path:425,460,495,494,529,564,599,634,669,704,703,702,701,701,701,701,701,701,701,701,701,701,701,701,701,701,701,701,701,701,701,701,701,701,701,
goal:701,701,701,701,701,701,701,701,701,701,701,701,701,701,701,701,701,701,701,701,701,701,701,701,701,701,701,701,701,701,701,701,701,701,701,
size:12
[agent] id:22
path:677,678,679,680,681,681,682,647,612,611,576,541,541,541,542,507,472,437,402,367,332,297,262,263,264,265,266,267,268,268,268,268,268,268,268,
goal:268,268,268,268,268,268,268,268,268,268,268,268,268,268,268,268,268,268,268,268,268,268,268,268,268,268,268,268,268,268,268,268,268,268,268,
size:28
[agent] id:23
path:257,258,259,260,261,262,227,192,157,122,87,52,17,18,18,18,18,18,18,18,18,18,18,18,18,18,18,18,18,18,18,18,18,18,18,
goal:18,18,18,18,18,18,18,18,18,18,18,18,18,18,18,18,18,18,18,18,18,18,18,18,18,18,18,18,18,18,18,18,18,18,18,
size:13
[agent] id:24
path:116,151,186,185,184,183,182,181,180,215,250,285,320,355,390,425,460,495,530,565,600,635,670,671,672,672,672,672,672,672,672,672,672,672,672,
goal:672,672,672,672,672,672,672,672,672,672,672,672,672,672,672,672,672,672,672,672,672,672,672,672,672,672,672,672,672,672,672,672,672,672,672,
size:24
[agent] id:25
path:106,71,36,1,2,3,4,5,6,7,8,9,9,9,9,9,9,9,9,9,9,9,9,9,9,9,9,9,9,9,9,9,9,9,9,
goal:9,9,9,9,9,9,9,9,9,9,9,9,9,9,9,9,9,9,9,9,9,9,9,9,9,9,9,9,9,9,9,9,9,9,9,
size:11
[agent] id:26
path:479,444,443,442,441,440,439,438,437,436,401,400,399,398,397,396,396,396,396,396,396,396,396,396,396,396,396,396,396,396,396,396,396,396,396,
goal:396,396,396,396,396,396,396,396,396,396,396,396,396,396,396,396,396,396,396,396,396,396,396,396,396,396,396,396,396,396,396,396,396,396,396,
size:15
[agent] id:27
path:275,310,345,380,415,450,485,484,483,482,482,482,482,482,482,482,482,482,482,482,482,482,482,482,482,482,482,482,482,482,482,482,482,482,482,
goal:482,482,482,482,482,482,482,482,482,482,482,482,482,482,482,482,482,482,482,482,482,482,482,482,482,482,482,482,482,482,482,482,482,482,482,
size:9
[agent] id:28
path:555,590,625,660,659,659,659,659,659,659,659,659,659,659,659,659,659,659,659,659,659,659,659,659,659,659,659,659,659,659,659,659,659,659,659,
goal:659,659,659,659,659,659,659,659,659,659,659,659,659,659,659,659,659,659,659,659,659,659,659,659,659,659,659,659,659,659,659,659,659,659,659,
size:4
[agent] id:29
path:177,212,247,282,317,352,387,422,423,424,425,426,427,428,429,430,431,432,433,434,435,435,435,435,435,435,435,435,435,435,435,435,435,435,435,
goal:435,435,435,435,435,435,435,435,435,435,435,435,435,435,435,435,435,435,435,435,435,435,435,435,435,435,435,435,435,435,435,435,435,435,435,
size:20
SolutionCost:525
