[setting] seed:9
[solver] type:ECBS
[solver] w:1.250000
[solver] ID:0
[solver] Lowlevelnode:10882
[solver] solved:1
[solver] elapsed:140
[solver] makespan:44
[problem] timesteplimit:10000
[problem] type:MAPF
[problem] agentnum:30
[graph] width:35
[graph] height:21
[graph] filename:./map/warehouse_middle.map
[task] id:3,start:0,end:0,service time:0,nodes:387,
[task] id:29,start:0,end:0,service time:0,nodes:617,
[task] id:7,start:0,end:0,service time:0,nodes:267,
[task] id:23,start:0,end:0,service time:0,nodes:168,
[task] id:11,start:0,end:0,service time:0,nodes:379,
[task] id:15,start:0,end:0,service time:0,nodes:213,
[task] id:0,start:0,end:0,service time:0,nodes:322,
[task] id:22,start:0,end:0,service time:0,nodes:55,
[task] id:12,start:0,end:0,service time:0,nodes:573,
[task] id:13,start:0,end:0,service time:0,nodes:156,
[task] id:25,start:0,end:0,service time:0,nodes:620,
[task] id:17,start:0,end:0,service time:0,nodes:263,
[task] id:30,start:0,end:0,service time:0,nodes:55,
[task] id:24,start:0,end:0,service time:0,nodes:100,
[task] id:9,start:0,end:0,service time:0,nodes:124,
[task] id:10,start:0,end:0,service time:0,nodes:182,
[task] id:20,start:0,end:0,service time:0,nodes:119,
[task] id:8,start:0,end:0,service time:0,nodes:59,
[task] id:18,start:0,end:0,service time:0,nodes:405,
[task] id:14,start:0,end:0,service time:0,nodes:103,
[task] id:26,start:0,end:0,service time:0,nodes:63,
[task] id:27,start:0,end:0,service time:0,nodes:62,
[task] id:5,start:0,end:0,service time:0,nodes:564,
[task] id:21,start:0,end:0,service time:0,nodes:239,
[task] id:16,start:0,end:0,service time:0,nodes:675,
[task] id:1,start:0,end:0,service time:0,nodes:459,
[task] id:28,start:0,end:0,service time:0,nodes:321,
[task] id:19,start:0,end:0,service time:0,nodes:65,
[task] id:6,start:0,end:0,service time:0,nodes:108,
[task] id:2,start:0,end:0,service time:0,nodes:176,
[task] id:4,start:0,end:0,service time:0,nodes:455,
[agent] id:0
path:42,41,76,111,146,181,216,251,286,321,322,322,322,322,322,322,322,322,322,322,322,322,322,322,322,322,322,322,322,322,322,322,322,322,322,322,322,322,322,322,322,322,322,322,322,
goal:322,322,322,322,322,322,322,322,322,322,322,322,322,322,322,322,322,322,322,322,322,322,322,322,322,322,322,322,322,322,322,322,322,322,322,322,322,322,322,322,322,322,322,322,322,
size:10
[agent] id:1
path:727,692,691,690,689,688,687,686,685,684,683,682,647,612,577,542,507,472,471,470,469,468,467,466,465,464,463,462,461,460,459,459,459,459,459,459,459,459,459,459,459,459,459,459,459,
goal:459,459,459,459,459,459,459,459,459,459,459,459,459,459,459,459,459,459,459,459,459,459,459,459,459,459,459,459,459,459,459,459,459,459,459,459,459,459,459,459,459,459,459,459,459,
size:30
[agent] id:2
path:688,688,687,686,685,684,683,682,647,612,577,576,541,540,539,538,537,536,535,534,533,532,531,496,461,426,391,356,321,286,251,216,181,180,179,178,177,176,176,176,176,176,176,176,176,
goal:176,176,176,176,176,176,176,176,176,176,176,176,176,176,176,176,176,176,176,176,176,176,176,176,176,176,176,176,176,176,176,176,176,176,176,176,176,176,176,176,176,176,176,176,176,
size:37
[agent] id:3
path:350,385,386,387,387,387,387,387,387,387,387,387,387,387,387,387,387,387,387,387,387,387,387,387,387,387,387,387,387,387,387,387,387,387,387,387,387,387,387,387,387,387,387,387,387,
goal:387,387,387,387,387,387,387,387,387,387,387,387,387,387,387,387,387,387,387,387,387,387,387,387,387,387,387,387,387,387,387,387,387,387,387,387,387,387,387,387,387,387,387,387,387,
size:3
[agent] id:4
path:31,66,101,136,171,206,241,276,311,346,381,416,451,450,449,448,447,446,445,444,443,442,441,440,439,438,437,436,435,434,433,432,431,430,429,428,427,426,425,424,423,458,457,456,455,
goal:455,455,455,455,455,455,455,455,455,455,455,455,455,455,455,455,455,455,455,455,455,455,455,455,455,455,455,455,455,455,455,455,455,455,455,455,455,455,455,455,455,455,455,455,455,
size:44
[agent] id:5
path:301,336,335,334,333,332,367,402,437,436,471,470,469,468,467,466,465,464,463,462,461,496,495,530,565,564,564,564,564,564,564,564,564,564,564,564,564,564,564,564,564,564,564,564,564,
goal:564,564,564,564,564,564,564,564,564,564,564,564,564,564,564,564,564,564,564,564,564,564,564,564,564,564,564,564,564,564,564,564,564,564,564,564,564,564,564,564,564,564,564,564,564,
size:25
[agent] id:6
path:551,550,549,548,547,546,545,544,543,542,507,472,437,402,367,332,297,262,227,192,191,190,155,154,153,118,117,116,115,114,113,112,111,110,109,108,108,108,108,108,108,108,108,108,108,
goal:108,108,108,108,108,108,108,108,108,108,108,108,108,108,108,108,108,108,108,108,108,108,108,108,108,108,108,108,108,108,108,108,108,108,108,108,108,108,108,108,108,108,108,108,108,
size:35
[agent] id:7
path:227,262,263,264,265,266,267,267,267,267,267,267,267,267,267,267,267,267,267,267,267,267,267,267,267,267,267,267,267,267,267,267,267,267,267,267,267,267,267,267,267,267,267,267,267,
goal:267,267,267,267,267,267,267,267,267,267,267,267,267,267,267,267,267,267,267,267,267,267,267,267,267,267,267,267,267,267,267,267,267,267,267,267,267,267,267,267,267,267,267,267,267,
size:6
[agent] id:8
path:291,256,257,258,259,260,261,262,227,192,157,122,87,52,53,54,55,56,57,58,59,59,59,59,59,59,59,59,59,59,59,59,59,59,59,59,59,59,59,59,59,59,59,59,59,
goal:59,59,59,59,59,59,59,59,59,59,59,59,59,59,59,59,59,59,59,59,59,59,59,59,59,59,59,59,59,59,59,59,59,59,59,59,59,59,59,59,59,59,59,59,59,
size:20
[agent] id:9
path:412,413,378,343,308,273,238,203,202,167,166,165,164,129,128,127,126,125,124,124,124,124,124,124,124,124,124,124,124,124,124,124,124,124,124,124,124,124,124,124,124,124,124,124,124,
goal:124,124,124,124,124,124,124,124,124,124,124,124,124,124,124,124,124,124,124,124,124,124,124,124,124,124,124,124,124,124,124,124,124,124,124,124,124,124,124,124,124,124,124,124,124,
size:18
[agent] id:10
path:335,300,299,298,263,262,227,192,191,190,189,154,189,188,187,186,185,184,183,182,182,182,182,182,182,182,182,182,182,182,182,182,182,182,182,182,182,182,182,182,182,182,182,182,182,
goal:182,182,182,182,182,182,182,182,182,182,182,182,182,182,182,182,182,182,182,182,182,182,182,182,182,182,182,182,182,182,182,182,182,182,182,182,182,182,182,182,182,182,182,182,182,
size:19
[agent] id:11
path:443,408,409,410,411,412,413,378,379,379,379,379,379,379,379,379,379,379,379,379,379,379,379,379,379,379,379,379,379,379,379,379,379,379,379,379,379,379,379,379,379,379,379,379,379,
goal:379,379,379,379,379,379,379,379,379,379,379,379,379,379,379,379,379,379,379,379,379,379,379,379,379,379,379,379,379,379,379,379,379,379,379,379,379,379,379,379,379,379,379,379,379,
size:8
[agent] id:12
path:722,687,686,685,684,683,682,647,612,577,576,575,574,573,573,573,573,573,573,573,573,573,573,573,573,573,573,573,573,573,573,573,573,573,573,573,573,573,573,573,573,573,573,573,573,
goal:573,573,573,573,573,573,573,573,573,573,573,573,573,573,573,573,573,573,573,573,573,573,573,573,573,573,573,573,573,573,573,573,573,573,573,573,573,573,573,573,573,573,573,573,573,
size:13
[agent] id:13
path:204,169,168,167,166,165,164,163,162,161,160,159,158,157,156,156,156,156,156,156,156,156,156,156,156,156,156,156,156,156,156,156,156,156,156,156,156,156,156,156,156,156,156,156,156,
goal:156,156,156,156,156,156,156,156,156,156,156,156,156,156,156,156,156,156,156,156,156,156,156,156,156,156,156,156,156,156,156,156,156,156,156,156,156,156,156,156,156,156,156,156,156,
size:14
[agent] id:14
path:441,406,407,408,409,410,411,412,413,378,343,308,273,238,203,204,169,134,135,136,101,102,103,103,103,103,103,103,103,103,103,103,103,103,103,103,103,103,103,103,103,103,103,103,103,
goal:103,103,103,103,103,103,103,103,103,103,103,103,103,103,103,103,103,103,103,103,103,103,103,103,103,103,103,103,103,103,103,103,103,103,103,103,103,103,103,103,103,103,103,103,103,
size:22
[agent] id:15
path:0,35,70,105,140,175,210,211,212,213,213,213,213,213,213,213,213,213,213,213,213,213,213,213,213,213,213,213,213,213,213,213,213,213,213,213,213,213,213,213,213,213,213,213,213,
goal:213,213,213,213,213,213,213,213,213,213,213,213,213,213,213,213,213,213,213,213,213,213,213,213,213,213,213,213,213,213,213,213,213,213,213,213,213,213,213,213,213,213,213,213,213,
size:9
[agent] id:16
path:524,559,594,629,664,699,698,697,696,695,694,693,692,691,690,689,688,687,686,685,684,683,682,681,680,679,678,677,676,675,675,675,675,675,675,675,675,675,675,675,675,675,675,675,675,
goal:675,675,675,675,675,675,675,675,675,675,675,675,675,675,675,675,675,675,675,675,675,675,675,675,675,675,675,675,675,675,675,675,675,675,675,675,675,675,675,675,675,675,675,675,675,
size:29
[agent] id:17
path:583,548,547,546,545,544,543,542,507,472,437,402,367,332,297,262,263,263,263,263,263,263,263,263,263,263,263,263,263,263,263,263,263,263,263,263,263,263,263,263,263,263,263,263,263,
goal:263,263,263,263,263,263,263,263,263,263,263,263,263,263,263,263,263,263,263,263,263,263,263,263,263,263,263,263,263,263,263,263,263,263,263,263,263,263,263,263,263,263,263,263,263,
size:16
[agent] id:18
path:663,628,593,558,523,488,453,418,417,416,415,414,413,412,411,410,409,408,407,406,405,405,405,405,405,405,405,405,405,405,405,405,405,405,405,405,405,405,405,405,405,405,405,405,405,
goal:405,405,405,405,405,405,405,405,405,405,405,405,405,405,405,405,405,405,405,405,405,405,405,405,405,405,405,405,405,405,405,405,405,405,405,405,405,405,405,405,405,405,405,405,405,
size:20
[agent] id:19
path:539,540,541,542,543,578,579,580,545,546,547,548,549,550,551,552,553,518,483,448,413,378,343,308,273,238,239,204,169,134,99,64,65,65,65,65,65,65,65,65,65,65,65,65,65,
goal:65,65,65,65,65,65,65,65,65,65,65,65,65,65,65,65,65,65,65,65,65,65,65,65,65,65,65,65,65,65,65,65,65,65,65,65,65,65,65,65,65,65,65,65,65,
size:32
[agent] id:20
path:308,273,238,203,168,167,166,165,164,163,162,127,126,125,124,123,122,121,120,119,119,119,119,119,119,119,119,119,119,119,119,119,119,119,119,119,119,119,119,119,119,119,119,119,119,
goal:119,119,119,119,119,119,119,119,119,119,119,119,119,119,119,119,119,119,119,119,119,119,119,119,119,119,119,119,119,119,119,119,119,119,119,119,119,119,119,119,119,119,119,119,119,
size:19
[agent] id:21
path:110,145,180,181,182,183,184,185,186,187,188,189,190,191,192,193,194,195,196,197,198,199,200,201,202,203,238,239,239,239,239,239,239,239,239,239,239,239,239,239,239,239,239,239,239,
goal:239,239,239,239,239,239,239,239,239,239,239,239,239,239,239,239,239,239,239,239,239,239,239,239,239,239,239,239,239,239,239,239,239,239,239,239,239,239,239,239,239,239,239,239,239,
size:27
[agent] id:22
path:10,45,46,47,48,49,50,51,52,53,54,55,55,55,55,20,20,55,55,55,55,55,55,55,55,55,55,55,55,55,55,55,55,55,55,55,55,55,55,55,55,55,55,55,55,
goal:55,55,55,55,55,55,55,55,55,55,55,55,55,55,55,55,55,55,55,55,55,55,55,55,55,55,55,55,55,55,55,55,55,55,55,55,55,55,55,55,55,55,55,55,55,
size:17
[agent] id:23
path:26,61,62,63,98,133,168,168,168,168,168,168,168,168,168,168,168,168,168,168,168,168,168,168,168,168,168,168,168,168,168,168,168,168,168,168,168,168,168,168,168,168,168,168,168,
goal:168,168,168,168,168,168,168,168,168,168,168,168,168,168,168,168,168,168,168,168,168,168,168,168,168,168,168,168,168,168,168,168,168,168,168,168,168,168,168,168,168,168,168,168,168,
size:6
[agent] id:24
path:191,156,121,122,123,124,125,126,127,128,129,130,131,132,133,98,99,100,100,100,100,100,100,100,100,100,100,100,100,100,100,100,100,100,100,100,100,100,100,100,100,100,100,100,100,
goal:100,100,100,100,100,100,100,100,100,100,100,100,100,100,100,100,100,100,100,100,100,100,100,100,100,100,100,100,100,100,100,100,100,100,100,100,100,100,100,100,100,100,100,100,100,
size:17
[agent] id:25
path:470,471,472,507,542,577,578,579,580,581,582,583,618,619,620,620,620,620,620,620,620,620,620,620,620,620,620,620,620,620,620,620,620,620,620,620,620,620,620,620,620,620,620,620,620,
goal:620,620,620,620,620,620,620,620,620,620,620,620,620,620,620,620,620,620,620,620,620,620,620,620,620,620,620,620,620,620,620,620,620,620,620,620,620,620,620,620,620,620,620,620,620,
size:14
[agent] id:26
path:328,293,258,259,260,261,262,227,192,157,122,87,52,53,54,55,56,57,58,59,60,61,62,63,63,63,63,63,63,63,63,63,63,63,63,63,63,63,63,63,63,63,63,63,63,
goal:63,63,63,63,63,63,63,63,63,63,63,63,63,63,63,63,63,63,63,63,63,63,63,63,63,63,63,63,63,63,63,63,63,63,63,63,63,63,63,63,63,63,63,63,63,
size:23
[agent] id:27
path:150,115,116,117,118,119,120,121,122,87,52,53,54,19,20,21,22,23,24,25,26,27,27,62,62,62,62,62,62,62,62,62,62,62,62,62,62,62,62,62,62,62,62,62,62,
goal:62,62,62,62,62,62,62,62,62,62,62,62,62,62,62,62,62,62,62,62,62,62,62,62,62,62,62,62,62,62,62,62,62,62,62,62,62,62,62,62,62,62,62,62,62,
size:23
[agent] id:28
path:488,453,452,451,450,449,448,447,446,411,410,409,408,407,406,405,404,403,402,401,400,399,398,397,396,395,394,393,392,391,356,321,321,321,321,321,321,321,321,321,321,321,321,321,321,
goal:321,321,321,321,321,321,321,321,321,321,321,321,321,321,321,321,321,321,321,321,321,321,321,321,321,321,321,321,321,321,321,321,321,321,321,321,321,321,321,321,321,321,321,321,321,
size:31
[agent] id:29
path:584,619,618,617,617,617,617,617,617,617,617,617,617,617,617,617,617,617,617,617,617,617,617,617,617,617,617,617,617,617,617,617,617,617,617,617,617,617,617,617,617,617,617,617,617,
goal:617,617,617,617,617,617,617,617,617,617,617,617,617,617,617,617,617,617,617,617,617,617,617,617,617,617,617,617,617,617,617,617,617,617,617,617,617,617,617,617,617,617,617,617,617,
size:3
SolutionCost:590
