[setting] seed:27
[solver] type:ECBS
[solver] w:2.000000
[solver] ID:0
[solver] Lowlevelnode:6927
[solver] ConflictCount:11
[solver] solved:1
[solver] elapsed:39
[solver] makespan:37
[problem] timesteplimit:10000
[problem] type:MAPF
[problem] agentnum:30
[graph] width:35
[graph] height:21
[graph] filename:./map/warehouse_middle.map
[task] id:26,start:0,end:0,service time:0,nodes:310,
[task] id:15,start:0,end:0,service time:0,nodes:227,
[task] id:4,start:0,end:0,service time:0,nodes:338,
[task] id:9,start:0,end:0,service time:0,nodes:59,
[task] id:19,start:0,end:0,service time:0,nodes:459,
[task] id:30,start:0,end:0,service time:0,nodes:227,
[task] id:2,start:0,end:0,service time:0,nodes:34,
[task] id:28,start:0,end:0,service time:0,nodes:264,
[task] id:3,start:0,end:0,service time:0,nodes:212,
[task] id:13,start:0,end:0,service time:0,nodes:7,
[task] id:29,start:0,end:0,service time:0,nodes:255,
[task] id:21,start:0,end:0,service time:0,nodes:175,
[task] id:23,start:0,end:0,service time:0,nodes:337,
[task] id:31,start:0,end:0,service time:0,nodes:227,
[task] id:16,start:0,end:0,service time:0,nodes:150,
[task] id:5,start:0,end:0,service time:0,nodes:479,
[task] id:7,start:0,end:0,service time:0,nodes:72,
[task] id:11,start:0,end:0,service time:0,nodes:183,
[task] id:27,start:0,end:0,service time:0,nodes:597,
[task] id:10,start:0,end:0,service time:0,nodes:715,
[task] id:18,start:0,end:0,service time:0,nodes:267,
[task] id:20,start:0,end:0,service time:0,nodes:179,
[task] id:8,start:0,end:0,service time:0,nodes:161,
[task] id:1,start:0,end:0,service time:0,nodes:537,
[task] id:6,start:0,end:0,service time:0,nodes:624,
[task] id:24,start:0,end:0,service time:0,nodes:565,
[task] id:22,start:0,end:0,service time:0,nodes:618,
[task] id:12,start:0,end:0,service time:0,nodes:379,
[task] id:14,start:0,end:0,service time:0,nodes:245,
[task] id:0,start:0,end:0,service time:0,nodes:683,
[task] id:25,start:0,end:0,service time:0,nodes:381,
[task] id:17,start:0,end:0,service time:0,nodes:206,
[agent] id:0
path:107,142,177,212,247,282,317,352,387,422,457,492,527,562,597,632,667,668,669,670,671,672,673,674,675,676,677,678,679,680,681,682,683,683,683,683,683,683,
goal:683,683,683,683,683,683,683,683,683,683,683,683,683,683,683,683,683,683,683,683,683,683,683,683,683,683,683,683,683,683,683,683,683,683,683,683,683,683,
size:32
[agent] id:1
path:3,38,73,108,143,178,213,248,283,318,353,388,423,458,493,528,529,530,531,532,533,534,535,536,537,537,537,537,537,537,537,537,537,537,537,537,537,537,
goal:537,537,537,537,537,537,537,537,537,537,537,537,537,537,537,537,537,537,537,537,537,537,537,537,537,537,537,537,537,537,537,537,537,537,537,537,537,537,
size:24
[agent] id:2
path:419,384,349,314,279,244,209,174,139,104,69,34,34,34,34,34,34,34,34,34,34,34,34,34,34,34,34,34,34,34,34,34,34,34,34,34,34,34,
goal:34,34,34,34,34,34,34,34,34,34,34,34,34,34,34,34,34,34,34,34,34,34,34,34,34,34,34,34,34,34,34,34,34,34,34,34,34,34,
size:11
[agent] id:3
path:10,45,44,43,42,41,76,111,146,181,180,215,214,213,212,212,212,212,212,212,212,212,212,212,212,212,212,212,212,212,212,212,212,212,212,212,212,212,
goal:212,212,212,212,212,212,212,212,212,212,212,212,212,212,212,212,212,212,212,212,212,212,212,212,212,212,212,212,212,212,212,212,212,212,212,212,212,212,
size:14
[agent] id:4
path:345,344,343,342,341,340,339,338,338,338,338,338,338,338,338,338,338,338,338,338,338,338,338,338,338,338,338,338,338,338,338,338,338,338,338,338,338,338,
goal:338,338,338,338,338,338,338,338,338,338,338,338,338,338,338,338,338,338,338,338,338,338,338,338,338,338,338,338,338,338,338,338,338,338,338,338,338,338,
size:7
[agent] id:5
path:460,461,462,463,464,465,466,467,468,469,470,471,472,473,474,475,476,477,478,479,479,479,479,479,479,479,479,479,479,479,479,479,479,479,479,479,479,479,
goal:479,479,479,479,479,479,479,479,479,479,479,479,479,479,479,479,479,479,479,479,479,479,479,479,479,479,479,479,479,479,479,479,479,479,479,479,479,479,
size:19
[agent] id:6
path:671,636,601,602,603,604,605,606,607,608,609,610,611,612,613,614,615,616,617,618,619,620,621,622,623,624,624,624,624,624,624,624,624,624,624,624,624,624,
goal:624,624,624,624,624,624,624,624,624,624,624,624,624,624,624,624,624,624,624,624,624,624,624,624,624,624,624,624,624,624,624,624,624,624,624,624,624,624,
size:25
[agent] id:7
path:159,124,123,122,121,120,119,118,117,116,115,114,113,112,111,76,75,74,73,72,72,72,72,72,72,72,72,72,72,72,72,72,72,72,72,72,72,72,
goal:72,72,72,72,72,72,72,72,72,72,72,72,72,72,72,72,72,72,72,72,72,72,72,72,72,72,72,72,72,72,72,72,72,72,72,72,72,72,
size:19
[agent] id:8
path:719,684,683,682,647,612,577,542,507,472,437,402,367,332,297,262,227,192,157,158,159,160,161,161,161,161,161,161,161,161,161,161,161,161,161,161,161,161,
goal:161,161,161,161,161,161,161,161,161,161,161,161,161,161,161,161,161,161,161,161,161,161,161,161,161,161,161,161,161,161,161,161,161,161,161,161,161,161,
size:22
[agent] id:9
path:30,65,64,63,62,61,60,59,59,59,59,59,59,59,59,59,59,59,59,59,59,59,59,59,59,59,59,59,59,59,59,59,59,59,59,59,59,59,
goal:59,59,59,59,59,59,59,59,59,59,59,59,59,59,59,59,59,59,59,59,59,59,59,59,59,59,59,59,59,59,59,59,59,59,59,59,59,59,
size:7
[agent] id:10
path:456,491,526,561,596,631,666,701,702,703,704,705,706,707,708,709,710,711,712,713,714,715,715,715,715,715,715,715,715,715,715,715,715,715,715,715,715,715,
goal:715,715,715,715,715,715,715,715,715,715,715,715,715,715,715,715,715,715,715,715,715,715,715,715,715,715,715,715,715,715,715,715,715,715,715,715,715,715,
size:21
[agent] id:11
path:708,673,672,671,636,601,566,531,496,461,426,391,356,321,286,251,216,181,182,183,183,183,183,183,183,183,183,183,183,183,183,183,183,183,183,183,183,183,
goal:183,183,183,183,183,183,183,183,183,183,183,183,183,183,183,183,183,183,183,183,183,183,183,183,183,183,183,183,183,183,183,183,183,183,183,183,183,183,
size:19
[agent] id:12
path:600,565,566,567,532,533,534,535,536,537,538,539,540,541,542,507,472,437,402,403,404,405,406,407,408,409,410,411,412,413,378,379,379,379,379,379,379,379,
goal:379,379,379,379,379,379,379,379,379,379,379,379,379,379,379,379,379,379,379,379,379,379,379,379,379,379,379,379,379,379,379,379,379,379,379,379,379,379,
size:31
[agent] id:13
path:429,394,393,392,391,356,321,286,251,216,181,146,111,76,41,6,7,7,7,7,7,7,7,7,7,7,7,7,7,7,7,7,7,7,7,7,7,7,
goal:7,7,7,7,7,7,7,7,7,7,7,7,7,7,7,7,7,7,7,7,7,7,7,7,7,7,7,7,7,7,7,7,7,7,7,7,7,7,
size:16
[agent] id:14
path:274,273,272,271,270,269,268,267,266,265,264,263,262,261,260,259,258,257,256,291,290,289,254,253,252,251,250,249,248,247,246,245,245,245,245,245,245,245,
goal:245,245,245,245,245,245,245,245,245,245,245,245,245,245,245,245,245,245,245,245,245,245,245,245,245,245,245,245,245,245,245,245,245,245,245,245,245,245,
size:31
[agent] id:15
path:189,190,191,192,227,192,191,191,191,192,227,227,227,227,262,263,263,262,227,227,227,227,227,227,227,227,227,227,227,227,227,227,227,227,227,227,227,227,
goal:227,227,227,227,227,227,227,227,227,227,227,227,227,227,227,227,227,227,227,227,227,227,227,227,227,227,227,227,227,227,227,227,227,227,227,227,227,227,
size:18
[agent] id:16
path:602,567,532,531,496,461,426,391,356,321,286,251,216,181,146,147,148,149,150,150,150,150,150,150,150,150,150,150,150,150,150,150,150,150,150,150,150,150,
goal:150,150,150,150,150,150,150,150,150,150,150,150,150,150,150,150,150,150,150,150,150,150,150,150,150,150,150,150,150,150,150,150,150,150,150,150,150,150,
size:18
[agent] id:17
path:709,674,675,676,677,678,679,680,681,682,647,612,577,542,507,472,437,402,367,332,297,298,299,300,301,302,303,268,269,270,271,272,273,238,203,204,205,206,
goal:206,206,206,206,206,206,206,206,206,206,206,206,206,206,206,206,206,206,206,206,206,206,206,206,206,206,206,206,206,206,206,206,206,206,206,206,206,206,
size:37
[agent] id:18
path:390,355,320,321,286,287,288,289,290,291,292,293,294,295,296,297,298,299,300,265,266,267,267,267,267,267,267,267,267,267,267,267,267,267,267,267,267,267,
goal:267,267,267,267,267,267,267,267,267,267,267,267,267,267,267,267,267,267,267,267,267,267,267,267,267,267,267,267,267,267,267,267,267,267,267,267,267,267,
size:21
[agent] id:19
path:180,215,250,285,320,355,390,425,460,459,459,459,459,459,459,459,459,459,459,459,459,459,459,459,459,459,459,459,459,459,459,459,459,459,459,459,459,459,
goal:459,459,459,459,459,459,459,459,459,459,459,459,459,459,459,459,459,459,459,459,459,459,459,459,459,459,459,459,459,459,459,459,459,459,459,459,459,459,
size:9
[agent] id:20
path:472,437,402,367,332,331,330,329,328,327,326,291,290,289,288,287,252,251,216,181,180,179,179,179,179,179,179,179,179,179,179,179,179,179,179,179,179,179,
goal:179,179,179,179,179,179,179,179,179,179,179,179,179,179,179,179,179,179,179,179,179,179,179,179,179,179,179,179,179,179,179,179,179,179,179,179,179,179,
size:21
[agent] id:21
path:327,292,257,256,255,254,253,252,252,251,250,249,248,247,246,211,176,175,175,175,175,175,175,175,175,175,175,175,175,175,175,175,175,175,175,175,175,175,
goal:175,175,175,175,175,175,175,175,175,175,175,175,175,175,175,175,175,175,175,175,175,175,175,175,175,175,175,175,175,175,175,175,175,175,175,175,175,175,
size:17
[agent] id:22
path:422,457,492,527,562,597,598,599,600,601,602,603,604,605,606,607,608,609,610,611,612,613,614,615,616,617,618,618,618,618,618,618,618,618,618,618,618,618,
goal:618,618,618,618,618,618,618,618,618,618,618,618,618,618,618,618,618,618,618,618,618,618,618,618,618,618,618,618,618,618,618,618,618,618,618,618,618,618,
size:26
[agent] id:23
path:684,683,682,647,612,577,542,507,472,437,402,367,332,333,334,335,336,337,337,337,337,337,337,337,337,337,337,337,337,337,337,337,337,337,337,337,337,337,
goal:337,337,337,337,337,337,337,337,337,337,337,337,337,337,337,337,337,337,337,337,337,337,337,337,337,337,337,337,337,337,337,337,337,337,337,337,337,337,
size:17
[agent] id:24
path:624,589,588,587,586,585,584,583,582,581,580,579,578,577,576,575,574,573,572,571,570,569,568,567,566,565,565,565,565,565,565,565,565,565,565,565,565,565,
goal:565,565,565,565,565,565,565,565,565,565,565,565,565,565,565,565,565,565,565,565,565,565,565,565,565,565,565,565,565,565,565,565,565,565,565,565,565,565,
size:25
[agent] id:25
path:143,178,179,180,181,182,183,184,185,186,187,188,189,190,191,192,193,194,195,196,197,198,199,200,201,202,203,238,273,308,343,344,345,380,381,381,381,381,
goal:381,381,381,381,381,381,381,381,381,381,381,381,381,381,381,381,381,381,381,381,381,381,381,381,381,381,381,381,381,381,381,381,381,381,381,381,381,381,
size:34
[agent] id:26
path:344,309,310,310,310,310,310,310,310,310,310,310,310,310,310,310,310,310,310,310,310,310,310,310,310,310,310,310,310,310,310,310,310,310,310,310,310,310,
goal:310,310,310,310,310,310,310,310,310,310,310,310,310,310,310,310,310,310,310,310,310,310,310,310,310,310,310,310,310,310,310,310,310,310,310,310,310,310,
size:2
[agent] id:27
path:5,40,75,110,145,180,215,250,285,320,355,390,425,460,495,530,565,600,599,598,597,597,597,597,597,597,597,597,597,597,597,597,597,597,597,597,597,597,
goal:597,597,597,597,597,597,597,597,597,597,597,597,597,597,597,597,597,597,597,597,597,597,597,597,597,597,597,597,597,597,597,597,597,597,597,597,597,597,
size:20
[agent] id:28
path:18,53,52,87,122,157,192,192,227,262,263,298,299,264,264,264,264,264,264,264,264,264,264,264,264,264,264,264,264,264,264,264,264,264,264,264,264,264,
goal:264,264,264,264,264,264,264,264,264,264,264,264,264,264,264,264,264,264,264,264,264,264,264,264,264,264,264,264,264,264,264,264,264,264,264,264,264,264,
size:13
[agent] id:29
path:569,534,533,532,531,496,461,426,391,356,321,286,251,252,253,254,255,255,255,255,255,255,255,255,255,255,255,255,255,255,255,255,255,255,255,255,255,255,
goal:255,255,255,255,255,255,255,255,255,255,255,255,255,255,255,255,255,255,255,255,255,255,255,255,255,255,255,255,255,255,255,255,255,255,255,255,255,255,
size:16
SolutionCost:592
