[setting] seed:5
[solver] type:ECBS
[solver] w:4.250000
[solver] ID:0
[solver] Lowlevelnode:1035
[solver] solved:1
[solver] elapsed:11
[solver] makespan:31
[problem] timesteplimit:10000
[problem] type:MAPF
[problem] agentnum:10
[graph] width:35
[graph] height:21
[graph] filename:./map/warehouse_middle.map
[task] id:5,start:0,end:0,service time:0,nodes:437,
[task] id:0,start:0,end:0,service time:0,nodes:346,
[task] id:3,start:0,end:0,service time:0,nodes:675,
[task] id:2,start:0,end:0,service time:0,nodes:477,
[task] id:7,start:0,end:0,service time:0,nodes:326,
[task] id:8,start:0,end:0,service time:0,nodes:105,
[task] id:9,start:0,end:0,service time:0,nodes:116,
[task] id:6,start:0,end:0,service time:0,nodes:409,
[task] id:4,start:0,end:0,service time:0,nodes:733,
[task] id:1,start:0,end:0,service time:0,nodes:342,
[agent] id:0
path:197,198,199,200,201,202,203,238,273,308,343,344,345,346,346,346,346,346,346,346,346,346,346,346,346,346,346,346,346,346,346,346,
goal:346,346,346,346,346,346,346,346,346,346,346,346,346,346,346,346,346,346,346,346,346,346,346,346,346,346,346,346,346,346,346,346,
size:13
[agent] id:1
path:107,142,177,212,247,282,283,284,285,286,287,288,289,290,291,292,293,294,295,330,331,332,333,334,335,336,337,338,339,340,341,342,
goal:342,342,342,342,342,342,342,342,342,342,342,342,342,342,342,342,342,342,342,342,342,342,342,342,342,342,342,342,342,342,342,342,
size:31
[agent] id:2
path:708,673,674,675,676,677,678,679,680,681,682,647,612,577,542,507,472,473,474,475,476,477,477,477,477,477,477,477,477,477,477,477,
goal:477,477,477,477,477,477,477,477,477,477,477,477,477,477,477,477,477,477,477,477,477,477,477,477,477,477,477,477,477,477,477,477,
size:21
[agent] id:3
path:492,527,562,597,632,667,668,669,670,671,672,673,674,675,675,675,675,675,675,675,675,675,675,675,675,675,675,675,675,675,675,675,
goal:675,675,675,675,675,675,675,675,675,675,675,675,675,675,675,675,675,675,675,675,675,675,675,675,675,675,675,675,675,675,675,675,
size:13
[agent] id:4
path:570,605,606,607,608,609,610,611,612,613,614,615,616,617,618,619,620,621,622,623,658,693,728,729,730,731,732,733,733,733,733,733,
goal:733,733,733,733,733,733,733,733,733,733,733,733,733,733,733,733,733,733,733,733,733,733,733,733,733,733,733,733,733,733,733,733,
size:27
[agent] id:5
path:340,339,338,337,336,335,334,333,332,367,402,437,437,437,437,437,437,437,437,437,437,437,437,437,437,437,437,437,437,437,437,437,
goal:437,437,437,437,437,437,437,437,437,437,437,437,437,437,437,437,437,437,437,437,437,437,437,437,437,437,437,437,437,437,437,437,
size:11
[agent] id:6
path:249,284,319,354,389,390,391,392,393,394,395,396,397,398,399,400,401,402,403,404,405,406,407,408,409,409,409,409,409,409,409,409,
goal:409,409,409,409,409,409,409,409,409,409,409,409,409,409,409,409,409,409,409,409,409,409,409,409,409,409,409,409,409,409,409,409,
size:24
[agent] id:7
path:449,414,379,344,343,342,341,340,339,338,337,336,335,334,333,332,331,330,329,328,327,326,326,326,326,326,326,326,326,326,326,326,
goal:326,326,326,326,326,326,326,326,326,326,326,326,326,326,326,326,326,326,326,326,326,326,326,326,326,326,326,326,326,326,326,326,
size:21
[agent] id:8
path:468,433,432,431,430,429,428,427,392,391,356,321,286,251,216,181,146,111,110,109,108,107,106,105,105,105,105,105,105,105,105,105,
goal:105,105,105,105,105,105,105,105,105,105,105,105,105,105,105,105,105,105,105,105,105,105,105,105,105,105,105,105,105,105,105,105,
size:23
[agent] id:9
path:309,274,239,204,169,134,133,132,131,130,129,128,127,126,125,124,123,122,121,120,119,118,117,116,116,116,116,116,116,116,116,116,
goal:116,116,116,116,116,116,116,116,116,116,116,116,116,116,116,116,116,116,116,116,116,116,116,116,116,116,116,116,116,116,116,116,
size:23
SolutionCost:207
