[setting] seed:82
[solver] type:ECBS
[solver] w:2.000000
[solver] ID:0
[solver] Lowlevelnode:9612
[solver] ConflictCount:19
[solver] solved:1
[solver] elapsed:50
[solver] makespan:38
[problem] timesteplimit:10000
[problem] type:MAPF
[problem] agentnum:30
[graph] width:35
[graph] height:21
[graph] filename:./map/warehouse_middle.map
[task] id:26,start:0,end:0,service time:0,nodes:441,
[task] id:27,start:0,end:0,service time:0,nodes:622,
[task] id:12,start:0,end:0,service time:0,nodes:481,
[task] id:23,start:0,end:0,service time:0,nodes:335,
[task] id:16,start:0,end:0,service time:0,nodes:478,
[task] id:20,start:0,end:0,service time:0,nodes:182,
[task] id:1,start:0,end:0,service time:0,nodes:549,
[task] id:17,start:0,end:0,service time:0,nodes:550,
[task] id:14,start:0,end:0,service time:0,nodes:289,
[task] id:15,start:0,end:0,service time:0,nodes:297,
[task] id:0,start:0,end:0,service time:0,nodes:680,
[task] id:2,start:0,end:0,service time:0,nodes:430,
[task] id:8,start:0,end:0,service time:0,nodes:625,
[task] id:19,start:0,end:0,service time:0,nodes:276,
[task] id:21,start:0,end:0,service time:0,nodes:412,
[task] id:28,start:0,end:0,service time:0,nodes:697,
[task] id:4,start:0,end:0,service time:0,nodes:295,
[task] id:29,start:0,end:0,service time:0,nodes:183,
[task] id:7,start:0,end:0,service time:0,nodes:255,
[task] id:5,start:0,end:0,service time:0,nodes:344,
[task] id:22,start:0,end:0,service time:0,nodes:677,
[task] id:9,start:0,end:0,service time:0,nodes:669,
[task] id:10,start:0,end:0,service time:0,nodes:336,
[task] id:11,start:0,end:0,service time:0,nodes:248,
[task] id:25,start:0,end:0,service time:0,nodes:343,
[task] id:3,start:0,end:0,service time:0,nodes:454,
[task] id:13,start:0,end:0,service time:0,nodes:133,
[task] id:24,start:0,end:0,service time:0,nodes:345,
[task] id:6,start:0,end:0,service time:0,nodes:725,
[task] id:18,start:0,end:0,service time:0,nodes:318,
[agent] id:0
path:435,470,471,472,507,507,507,542,541,576,611,612,611,612,647,682,681,680,680,680,680,680,680,680,680,680,680,680,680,680,680,680,680,680,680,680,680,680,680,
goal:680,680,680,680,680,680,680,680,680,680,680,680,680,680,680,680,680,680,680,680,680,680,680,680,680,680,680,680,680,680,680,680,680,680,680,680,680,680,680,
size:17
[agent] id:1
path:444,479,480,481,482,447,448,483,518,553,552,551,550,549,549,549,549,549,549,549,549,549,549,549,549,549,549,549,549,549,549,549,549,549,549,549,549,549,549,
goal:549,549,549,549,549,549,549,549,549,549,549,549,549,549,549,549,549,549,549,549,549,549,549,549,549,549,549,549,549,549,549,549,549,549,549,549,549,549,549,
size:13
[agent] id:2
path:581,546,545,544,543,542,542,543,543,542,507,472,437,436,435,434,433,432,431,430,430,430,430,430,430,430,430,430,430,430,430,430,430,430,430,430,430,430,430,
goal:430,430,430,430,430,430,430,430,430,430,430,430,430,430,430,430,430,430,430,430,430,430,430,430,430,430,430,430,430,430,430,430,430,430,430,430,430,430,430,
size:19
[agent] id:3
path:288,289,290,291,292,293,294,295,260,261,262,263,264,265,300,301,302,303,304,305,306,307,308,309,310,345,380,415,450,451,452,453,454,454,454,454,454,454,454,
goal:454,454,454,454,454,454,454,454,454,454,454,454,454,454,454,454,454,454,454,454,454,454,454,454,454,454,454,454,454,454,454,454,454,454,454,454,454,454,454,
size:32
[agent] id:4
path:690,689,688,687,686,685,684,683,682,647,612,577,542,507,472,437,402,367,332,331,296,295,295,295,295,295,295,295,295,295,295,295,295,295,295,295,295,295,295,
goal:295,295,295,295,295,295,295,295,295,295,295,295,295,295,295,295,295,295,295,295,295,295,295,295,295,295,295,295,295,295,295,295,295,295,295,295,295,295,295,
size:21
[agent] id:5
path:430,431,432,433,434,435,436,471,472,473,474,475,476,477,442,443,444,445,446,447,448,413,378,343,344,344,344,344,344,344,344,344,344,344,344,344,344,344,344,
goal:344,344,344,344,344,344,344,344,344,344,344,344,344,344,344,344,344,344,344,344,344,344,344,344,344,344,344,344,344,344,344,344,344,344,344,344,344,344,344,
size:24
[agent] id:6
path:109,144,179,214,249,284,319,354,389,424,459,494,529,564,599,634,669,704,705,706,707,708,709,710,711,712,713,714,715,716,717,718,719,720,721,722,723,724,725,
goal:725,725,725,725,725,725,725,725,725,725,725,725,725,725,725,725,725,725,725,725,725,725,725,725,725,725,725,725,725,725,725,725,725,725,725,725,725,725,725,
size:38
[agent] id:7
path:714,679,680,681,682,647,612,577,542,507,472,437,402,367,332,297,262,261,260,259,258,257,256,255,255,255,255,255,255,255,255,255,255,255,255,255,255,255,255,
goal:255,255,255,255,255,255,255,255,255,255,255,255,255,255,255,255,255,255,255,255,255,255,255,255,255,255,255,255,255,255,255,255,255,255,255,255,255,255,255,
size:23
[agent] id:8
path:62,63,98,133,168,203,238,273,308,343,378,413,448,483,518,553,588,623,624,625,625,625,625,625,625,625,625,625,625,625,625,625,625,625,625,625,625,625,625,
goal:625,625,625,625,625,625,625,625,625,625,625,625,625,625,625,625,625,625,625,625,625,625,625,625,625,625,625,625,625,625,625,625,625,625,625,625,625,625,625,
size:19
[agent] id:9
path:11,46,45,44,43,42,41,76,111,146,181,216,251,286,321,356,391,426,461,496,531,566,601,636,671,670,669,669,669,669,669,669,669,669,669,669,669,669,669,
goal:669,669,669,669,669,669,669,669,669,669,669,669,669,669,669,669,669,669,669,669,669,669,669,669,669,669,669,669,669,669,669,669,669,669,669,669,669,669,669,
size:26
[agent] id:10
path:724,723,722,721,720,719,718,717,717,717,682,647,612,577,542,507,472,437,402,367,332,333,298,299,300,301,336,336,336,336,336,336,336,336,336,336,336,336,336,
goal:336,336,336,336,336,336,336,336,336,336,336,336,336,336,336,336,336,336,336,336,336,336,336,336,336,336,336,336,336,336,336,336,336,336,336,336,336,336,336,
size:26
[agent] id:11
path:614,579,544,543,542,541,540,539,538,537,536,535,534,533,532,531,496,461,460,425,390,355,320,285,250,249,248,248,248,248,248,248,248,248,248,248,248,248,248,
goal:248,248,248,248,248,248,248,248,248,248,248,248,248,248,248,248,248,248,248,248,248,248,248,248,248,248,248,248,248,248,248,248,248,248,248,248,248,248,248,
size:26
[agent] id:12
path:404,405,406,407,408,443,444,445,446,481,481,481,481,481,481,481,481,481,481,481,481,481,481,481,481,481,481,481,481,481,481,481,481,481,481,481,481,481,481,
goal:481,481,481,481,481,481,481,481,481,481,481,481,481,481,481,481,481,481,481,481,481,481,481,481,481,481,481,481,481,481,481,481,481,481,481,481,481,481,481,
size:9
[agent] id:13
path:426,391,356,321,322,323,324,325,326,327,328,329,330,331,331,332,333,298,263,264,265,266,267,268,269,270,271,272,273,238,203,168,133,133,133,133,133,133,133,
goal:133,133,133,133,133,133,133,133,133,133,133,133,133,133,133,133,133,133,133,133,133,133,133,133,133,133,133,133,133,133,133,133,133,133,133,133,133,133,133,
size:32
[agent] id:14
path:474,439,404,403,402,367,332,297,296,295,294,293,292,291,290,289,289,289,289,289,289,289,289,289,289,289,289,289,289,289,289,289,289,289,289,289,289,289,289,
goal:289,289,289,289,289,289,289,289,289,289,289,289,289,289,289,289,289,289,289,289,289,289,289,289,289,289,289,289,289,289,289,289,289,289,289,289,289,289,289,
size:15
[agent] id:15
path:312,311,310,309,308,307,306,305,304,303,302,301,300,299,298,298,297,297,297,297,297,297,297,297,297,297,297,297,297,297,297,297,297,297,297,297,297,297,297,
goal:297,297,297,297,297,297,297,297,297,297,297,297,297,297,297,297,297,297,297,297,297,297,297,297,297,297,297,297,297,297,297,297,297,297,297,297,297,297,297,
size:16
[agent] id:16
path:590,555,520,485,484,483,482,481,480,479,478,478,478,478,478,478,478,478,478,478,478,478,478,478,478,478,478,478,478,478,478,478,478,478,478,478,478,478,478,
goal:478,478,478,478,478,478,478,478,478,478,478,478,478,478,478,478,478,478,478,478,478,478,478,478,478,478,478,478,478,478,478,478,478,478,478,478,478,478,478,
size:10
[agent] id:17
path:383,418,453,488,523,558,557,556,555,554,553,552,551,550,550,550,550,550,550,550,550,550,550,550,550,550,550,550,550,550,550,550,550,550,550,550,550,550,550,
goal:550,550,550,550,550,550,550,550,550,550,550,550,550,550,550,550,550,550,550,550,550,550,550,550,550,550,550,550,550,550,550,550,550,550,550,550,550,550,550,
size:13
[agent] id:18
path:594,559,558,557,556,555,554,553,552,551,550,549,548,547,546,545,544,543,542,507,472,437,402,367,332,331,330,329,328,327,326,325,324,323,322,321,320,319,318,
goal:318,318,318,318,318,318,318,318,318,318,318,318,318,318,318,318,318,318,318,318,318,318,318,318,318,318,318,318,318,318,318,318,318,318,318,318,318,318,318,
size:38
[agent] id:19
path:400,401,402,367,332,297,262,263,264,265,266,267,268,269,270,271,272,273,274,275,276,276,276,276,276,276,276,276,276,276,276,276,276,276,276,276,276,276,276,
goal:276,276,276,276,276,276,276,276,276,276,276,276,276,276,276,276,276,276,276,276,276,276,276,276,276,276,276,276,276,276,276,276,276,276,276,276,276,276,276,
size:20
[agent] id:20
path:460,425,390,355,320,285,250,215,180,181,182,182,182,182,182,182,182,182,182,182,182,182,182,182,182,182,182,182,182,182,182,182,182,182,182,182,182,182,182,
goal:182,182,182,182,182,182,182,182,182,182,182,182,182,182,182,182,182,182,182,182,182,182,182,182,182,182,182,182,182,182,182,182,182,182,182,182,182,182,182,
size:10
[agent] id:21
path:122,157,192,227,262,263,298,333,332,367,402,403,404,405,406,407,408,409,410,411,412,412,412,412,412,412,412,412,412,412,412,412,412,412,412,412,412,412,412,
goal:412,412,412,412,412,412,412,412,412,412,412,412,412,412,412,412,412,412,412,412,412,412,412,412,412,412,412,412,412,412,412,412,412,412,412,412,412,412,412,
size:20
[agent] id:22
path:185,184,183,182,181,216,251,286,321,356,391,426,461,496,531,566,601,636,671,672,673,674,675,676,677,677,677,677,677,677,677,677,677,677,677,677,677,677,677,
goal:677,677,677,677,677,677,677,677,677,677,677,677,677,677,677,677,677,677,677,677,677,677,677,677,677,677,677,677,677,677,677,677,677,677,677,677,677,677,677,
size:24
[agent] id:23
path:378,343,342,341,340,339,338,337,336,335,335,335,335,335,335,335,335,335,335,335,335,335,335,335,335,335,335,335,335,335,335,335,335,335,335,335,335,335,335,
goal:335,335,335,335,335,335,335,335,335,335,335,335,335,335,335,335,335,335,335,335,335,335,335,335,335,335,335,335,335,335,335,335,335,335,335,335,335,335,335,
size:9
[agent] id:24
path:211,212,213,178,179,180,181,182,183,184,185,186,187,188,189,190,191,192,227,262,263,298,299,300,301,302,303,304,305,306,307,308,309,310,345,345,345,345,345,
goal:345,345,345,345,345,345,345,345,345,345,345,345,345,345,345,345,345,345,345,345,345,345,345,345,345,345,345,345,345,345,345,345,345,345,345,345,345,345,345,
size:34
[agent] id:25
path:316,317,318,319,319,320,321,322,323,324,325,326,327,328,329,330,331,332,333,334,299,300,301,302,303,304,305,306,307,308,308,343,343,343,343,343,343,343,343,
goal:343,343,343,343,343,343,343,343,343,343,343,343,343,343,343,343,343,343,343,343,343,343,343,343,343,343,343,343,343,343,343,343,343,343,343,343,343,343,343,
size:31
[agent] id:26
path:446,445,444,443,442,441,441,441,441,441,441,441,441,441,441,441,441,441,441,441,441,441,441,441,441,441,441,441,441,441,441,441,441,441,441,441,441,441,441,
goal:441,441,441,441,441,441,441,441,441,441,441,441,441,441,441,441,441,441,441,441,441,441,441,441,441,441,441,441,441,441,441,441,441,441,441,441,441,441,441,
size:5
[agent] id:27
path:548,583,618,619,620,621,622,622,622,622,622,622,622,622,622,622,622,622,622,622,622,622,622,622,622,622,622,622,622,622,622,622,622,622,622,622,622,622,622,
goal:622,622,622,622,622,622,622,622,622,622,622,622,622,622,622,622,622,622,622,622,622,622,622,622,622,622,622,622,622,622,622,622,622,622,622,622,622,622,622,
size:6
[agent] id:28
path:201,202,203,238,273,308,343,378,413,448,483,518,553,588,623,658,693,694,695,696,697,697,697,697,697,697,697,697,697,697,697,697,697,697,697,697,697,697,697,
goal:697,697,697,697,697,697,697,697,697,697,697,697,697,697,697,697,697,697,697,697,697,697,697,697,697,697,697,697,697,697,697,697,697,697,697,697,697,697,697,
size:20
[agent] id:29
path:434,399,398,397,396,395,394,393,392,391,390,355,320,285,250,215,180,181,146,147,148,183,183,183,183,183,183,183,183,183,183,183,183,183,183,183,183,183,183,
goal:183,183,183,183,183,183,183,183,183,183,183,183,183,183,183,183,183,183,183,183,183,183,183,183,183,183,183,183,183,183,183,183,183,183,183,183,183,183,183,
size:21
SolutionCost:617
