[setting] seed:30
[solver] type:ECBS
[solver] w:2.000000
[solver] ID:0
[solver] Lowlevelnode:7168
[solver] ConflictCount:11
[solver] solved:1
[solver] elapsed:55
[solver] makespan:37
[problem] timesteplimit:10000
[problem] type:MAPF
[problem] agentnum:30
[graph] width:35
[graph] height:21
[graph] filename:./map/warehouse_middle.map
[task] id:9,start:0,end:0,service time:0,nodes:625,
[task] id:22,start:0,end:0,service time:0,nodes:567,
[task] id:12,start:0,end:0,service time:0,nodes:178,
[task] id:13,start:0,end:0,service time:0,nodes:250,
[task] id:15,start:0,end:0,service time:0,nodes:248,
[task] id:21,start:0,end:0,service time:0,nodes:323,
[task] id:6,start:0,end:0,service time:0,nodes:406,
[task] id:11,start:0,end:0,service time:0,nodes:272,
[task] id:2,start:0,end:0,service time:0,nodes:703,
[task] id:10,start:0,end:0,service time:0,nodes:623,
[task] id:16,start:0,end:0,service time:0,nodes:465,
[task] id:18,start:0,end:0,service time:0,nodes:539,
[task] id:8,start:0,end:0,service time:0,nodes:45,
[task] id:23,start:0,end:0,service time:0,nodes:114,
[task] id:24,start:0,end:0,service time:0,nodes:422,
[task] id:28,start:0,end:0,service time:0,nodes:296,
[task] id:1,start:0,end:0,service time:0,nodes:367,
[task] id:17,start:0,end:0,service time:0,nodes:200,
[task] id:5,start:0,end:0,service time:0,nodes:383,
[task] id:26,start:0,end:0,service time:0,nodes:74,
[task] id:0,start:0,end:0,service time:0,nodes:604,
[task] id:7,start:0,end:0,service time:0,nodes:302,
[task] id:14,start:0,end:0,service time:0,nodes:267,
[task] id:25,start:0,end:0,service time:0,nodes:207,
[task] id:27,start:0,end:0,service time:0,nodes:110,
[task] id:19,start:0,end:0,service time:0,nodes:146,
[task] id:20,start:0,end:0,service time:0,nodes:555,
[task] id:4,start:0,end:0,service time:0,nodes:10,
[task] id:29,start:0,end:0,service time:0,nodes:119,
[task] id:3,start:0,end:0,service time:0,nodes:456,
[agent] id:0
path:35,70,105,140,175,210,245,280,315,350,385,420,455,490,525,560,595,596,597,598,599,600,601,602,603,604,604,604,604,604,604,604,604,604,604,604,604,604,
goal:604,604,604,604,604,604,604,604,604,604,604,604,604,604,604,604,604,604,604,604,604,604,604,604,604,604,604,604,604,604,604,604,604,604,604,604,604,604,
size:25
[agent] id:1
path:184,185,186,187,188,189,190,191,192,227,262,297,296,331,331,331,332,367,367,367,367,367,367,367,367,367,367,367,367,367,367,367,367,367,367,367,367,367,
goal:367,367,367,367,367,367,367,367,367,367,367,367,367,367,367,367,367,367,367,367,367,367,367,367,367,367,367,367,367,367,367,367,367,367,367,367,367,367,
size:17
[agent] id:2
path:535,570,605,604,603,602,601,636,671,706,705,704,703,703,703,703,703,703,703,703,703,703,703,703,703,703,703,703,703,703,703,703,703,703,703,703,703,703,
goal:703,703,703,703,703,703,703,703,703,703,703,703,703,703,703,703,703,703,703,703,703,703,703,703,703,703,703,703,703,703,703,703,703,703,703,703,703,703,
size:12
[agent] id:3
path:133,168,203,238,273,308,343,378,413,448,447,446,445,444,443,442,441,440,439,438,437,436,435,434,433,432,431,430,429,464,463,462,461,460,459,458,457,456,
goal:456,456,456,456,456,456,456,456,456,456,456,456,456,456,456,456,456,456,456,456,456,456,456,456,456,456,456,456,456,456,456,456,456,456,456,456,456,456,
size:37
[agent] id:4
path:687,686,685,684,683,682,647,612,577,542,507,472,437,402,367,332,297,262,227,192,157,122,87,52,17,16,15,14,13,12,11,10,10,10,10,10,10,10,
goal:10,10,10,10,10,10,10,10,10,10,10,10,10,10,10,10,10,10,10,10,10,10,10,10,10,10,10,10,10,10,10,10,10,10,10,10,10,10,
size:31
[agent] id:5
path:258,293,328,329,330,331,332,333,334,335,336,337,338,339,340,341,342,343,378,379,380,381,382,383,383,383,383,383,383,383,383,383,383,383,383,383,383,383,
goal:383,383,383,383,383,383,383,383,383,383,383,383,383,383,383,383,383,383,383,383,383,383,383,383,383,383,383,383,383,383,383,383,383,383,383,383,383,383,
size:23
[agent] id:6
path:518,483,448,413,412,411,410,409,408,407,406,406,406,406,406,406,406,406,406,406,406,406,406,406,406,406,406,406,406,406,406,406,406,406,406,406,406,406,
goal:406,406,406,406,406,406,406,406,406,406,406,406,406,406,406,406,406,406,406,406,406,406,406,406,406,406,406,406,406,406,406,406,406,406,406,406,406,406,
size:10
[agent] id:7
path:458,423,388,353,318,283,284,285,286,287,288,289,290,291,292,293,294,295,260,261,262,263,298,299,300,301,302,302,302,302,302,302,302,302,302,302,302,302,
goal:302,302,302,302,302,302,302,302,302,302,302,302,302,302,302,302,302,302,302,302,302,302,302,302,302,302,302,302,302,302,302,302,302,302,302,302,302,302,
size:26
[agent] id:8
path:163,128,127,126,125,124,123,122,87,52,51,50,49,48,47,46,45,45,45,45,45,45,45,45,45,45,45,45,45,45,45,45,45,45,45,45,45,45,
goal:45,45,45,45,45,45,45,45,45,45,45,45,45,45,45,45,45,45,45,45,45,45,45,45,45,45,45,45,45,45,45,45,45,45,45,45,45,45,
size:16
[agent] id:9
path:694,659,624,625,625,625,625,625,625,625,625,625,625,625,625,625,625,625,625,625,625,625,625,625,625,625,625,625,625,625,625,625,625,625,625,625,625,625,
goal:625,625,625,625,625,625,625,625,625,625,625,625,625,625,625,625,625,625,625,625,625,625,625,625,625,625,625,625,625,625,625,625,625,625,625,625,625,625,
size:3
[agent] id:10
path:475,476,477,478,479,480,481,482,483,518,553,588,623,623,623,623,623,623,623,623,623,623,623,623,623,623,623,623,623,623,623,623,623,623,623,623,623,623,
goal:623,623,623,623,623,623,623,623,623,623,623,623,623,623,623,623,623,623,623,623,623,623,623,623,623,623,623,623,623,623,623,623,623,623,623,623,623,623,
size:12
[agent] id:11
path:419,384,349,314,279,278,277,276,275,274,273,272,272,272,272,272,272,272,272,272,272,272,272,272,272,272,272,272,272,272,272,272,272,272,272,272,272,272,
goal:272,272,272,272,272,272,272,272,272,272,272,272,272,272,272,272,272,272,272,272,272,272,272,272,272,272,272,272,272,272,272,272,272,272,272,272,272,272,
size:11
[agent] id:12
path:183,182,181,180,179,178,178,178,178,178,178,178,178,178,178,178,178,178,178,178,178,178,178,178,178,178,178,178,178,178,178,178,178,178,178,178,178,178,
goal:178,178,178,178,178,178,178,178,178,178,178,178,178,178,178,178,178,178,178,178,178,178,178,178,178,178,178,178,178,178,178,178,178,178,178,178,178,178,
size:5
[agent] id:13
path:5,40,75,110,145,180,215,250,250,250,250,250,250,250,250,250,250,250,250,250,250,250,250,250,250,250,250,250,250,250,250,250,250,250,250,250,250,250,
goal:250,250,250,250,250,250,250,250,250,250,250,250,250,250,250,250,250,250,250,250,250,250,250,250,250,250,250,250,250,250,250,250,250,250,250,250,250,250,
size:7
[agent] id:14
path:636,601,566,531,496,461,426,391,356,321,286,251,252,253,254,255,256,257,258,259,260,261,262,263,264,265,266,267,267,267,267,267,267,267,267,267,267,267,
goal:267,267,267,267,267,267,267,267,267,267,267,267,267,267,267,267,267,267,267,267,267,267,267,267,267,267,267,267,267,267,267,267,267,267,267,267,267,267,
size:27
[agent] id:15
path:37,72,107,142,177,212,247,248,248,248,248,248,248,248,248,248,248,248,248,248,248,248,248,248,248,248,248,248,248,248,248,248,248,248,248,248,248,248,
goal:248,248,248,248,248,248,248,248,248,248,248,248,248,248,248,248,248,248,248,248,248,248,248,248,248,248,248,248,248,248,248,248,248,248,248,248,248,248,
size:7
[agent] id:16
path:607,572,537,536,535,534,533,532,531,496,461,462,463,464,465,465,465,465,465,465,465,465,465,465,465,465,465,465,465,465,465,465,465,465,465,465,465,465,
goal:465,465,465,465,465,465,465,465,465,465,465,465,465,465,465,465,465,465,465,465,465,465,465,465,465,465,465,465,465,465,465,465,465,465,465,465,465,465,
size:14
[agent] id:17
path:592,557,522,487,452,417,382,347,312,277,242,207,206,205,204,203,202,201,200,200,200,200,200,200,200,200,200,200,200,200,200,200,200,200,200,200,200,200,
goal:200,200,200,200,200,200,200,200,200,200,200,200,200,200,200,200,200,200,200,200,200,200,200,200,200,200,200,200,200,200,200,200,200,200,200,200,200,200,
size:18
[agent] id:18
path:689,688,687,686,685,684,683,682,647,612,577,542,541,540,539,539,539,539,539,539,539,539,539,539,539,539,539,539,539,539,539,539,539,539,539,539,539,539,
goal:539,539,539,539,539,539,539,539,539,539,539,539,539,539,539,539,539,539,539,539,539,539,539,539,539,539,539,539,539,539,539,539,539,539,539,539,539,539,
size:14
[agent] id:19
path:482,447,412,411,410,409,408,407,406,405,404,403,402,367,332,297,262,227,192,157,156,155,154,153,152,151,150,149,148,147,146,146,146,146,146,146,146,146,
goal:146,146,146,146,146,146,146,146,146,146,146,146,146,146,146,146,146,146,146,146,146,146,146,146,146,146,146,146,146,146,146,146,146,146,146,146,146,146,
size:30
[agent] id:20
path:151,186,187,188,189,190,191,192,227,262,297,298,333,334,335,336,337,338,339,340,341,342,343,378,413,448,483,518,553,554,555,555,555,555,555,555,555,555,
goal:555,555,555,555,555,555,555,555,555,555,555,555,555,555,555,555,555,555,555,555,555,555,555,555,555,555,555,555,555,555,555,555,555,555,555,555,555,555,
size:30
[agent] id:21
path:296,295,294,293,328,327,326,325,324,323,323,323,323,323,323,323,323,323,323,323,323,323,323,323,323,323,323,323,323,323,323,323,323,323,323,323,323,323,
goal:323,323,323,323,323,323,323,323,323,323,323,323,323,323,323,323,323,323,323,323,323,323,323,323,323,323,323,323,323,323,323,323,323,323,323,323,323,323,
size:9
[agent] id:22
path:604,569,568,567,567,567,567,567,567,567,567,567,567,567,567,567,567,567,567,567,567,567,567,567,567,567,567,567,567,567,567,567,567,567,567,567,567,567,
goal:567,567,567,567,567,567,567,567,567,567,567,567,567,567,567,567,567,567,567,567,567,567,567,567,567,567,567,567,567,567,567,567,567,567,567,567,567,567,
size:3
[agent] id:23
path:164,129,128,127,126,125,124,123,122,121,120,119,118,117,116,115,114,114,114,114,114,114,114,114,114,114,114,114,114,114,114,114,114,114,114,114,114,114,
goal:114,114,114,114,114,114,114,114,114,114,114,114,114,114,114,114,114,114,114,114,114,114,114,114,114,114,114,114,114,114,114,114,114,114,114,114,114,114,
size:16
[agent] id:24
path:573,538,538,537,536,535,534,533,532,531,496,461,426,425,424,423,422,422,422,422,422,422,422,422,422,422,422,422,422,422,422,422,422,422,422,422,422,422,
goal:422,422,422,422,422,422,422,422,422,422,422,422,422,422,422,422,422,422,422,422,422,422,422,422,422,422,422,422,422,422,422,422,422,422,422,422,422,422,
size:16
[agent] id:25
path:112,147,148,149,150,151,152,153,154,155,156,157,158,159,160,161,162,163,164,165,166,201,202,203,204,205,206,207,207,207,207,207,207,207,207,207,207,207,
goal:207,207,207,207,207,207,207,207,207,207,207,207,207,207,207,207,207,207,207,207,207,207,207,207,207,207,207,207,207,207,207,207,207,207,207,207,207,207,
size:27
[agent] id:26
path:709,674,673,672,671,636,635,600,565,530,495,460,425,390,355,320,285,284,249,214,179,144,109,74,74,74,74,74,74,74,74,74,74,74,74,74,74,74,
goal:74,74,74,74,74,74,74,74,74,74,74,74,74,74,74,74,74,74,74,74,74,74,74,74,74,74,74,74,74,74,74,74,74,74,74,74,74,74,
size:23
[agent] id:27
path:445,410,409,408,407,406,405,404,403,402,367,332,297,262,227,192,157,156,155,154,153,152,151,150,149,148,113,112,111,110,110,110,110,110,110,110,110,110,
goal:110,110,110,110,110,110,110,110,110,110,110,110,110,110,110,110,110,110,110,110,110,110,110,110,110,110,110,110,110,110,110,110,110,110,110,110,110,110,
size:29
[agent] id:28
path:352,317,282,283,284,285,286,287,288,289,290,291,292,293,294,295,296,296,296,296,296,296,296,296,296,296,296,296,296,296,296,296,296,296,296,296,296,296,
goal:296,296,296,296,296,296,296,296,296,296,296,296,296,296,296,296,296,296,296,296,296,296,296,296,296,296,296,296,296,296,296,296,296,296,296,296,296,296,
size:16
[agent] id:29
path:692,693,658,623,588,553,518,483,448,447,412,413,378,343,308,273,238,203,168,133,132,131,130,129,128,127,126,125,124,123,122,121,120,119,119,119,119,119,
goal:119,119,119,119,119,119,119,119,119,119,119,119,119,119,119,119,119,119,119,119,119,119,119,119,119,119,119,119,119,119,119,119,119,119,119,119,119,119,
size:33
SolutionCost:547
