[setting] seed:84
[solver] type:ECBS
[solver] w:2.000000
[solver] ID:0
[solver] Lowlevelnode:6957
[solver] ConflictCount:13
[solver] solved:1
[solver] elapsed:41
[solver] makespan:34
[problem] timesteplimit:10000
[problem] type:MAPF
[problem] agentnum:30
[graph] width:35
[graph] height:21
[graph] filename:./map/warehouse_middle.map
[task] id:1,start:0,end:0,service time:0,nodes:346,
[task] id:11,start:0,end:0,service time:0,nodes:128,
[task] id:18,start:0,end:0,service time:0,nodes:356,
[task] id:8,start:0,end:0,service time:0,nodes:64,
[task] id:16,start:0,end:0,service time:0,nodes:384,
[task] id:20,start:0,end:0,service time:0,nodes:301,
[task] id:3,start:0,end:0,service time:0,nodes:140,
[task] id:0,start:0,end:0,service time:0,nodes:309,
[task] id:19,start:0,end:0,service time:0,nodes:250,
[task] id:7,start:0,end:0,service time:0,nodes:378,
[task] id:15,start:0,end:0,service time:0,nodes:425,
[task] id:25,start:0,end:0,service time:0,nodes:334,
[task] id:10,start:0,end:0,service time:0,nodes:299,
[task] id:21,start:0,end:0,service time:0,nodes:476,
[task] id:23,start:0,end:0,service time:0,nodes:156,
[task] id:12,start:0,end:0,service time:0,nodes:129,
[task] id:29,start:0,end:0,service time:0,nodes:122,
[task] id:13,start:0,end:0,service time:0,nodes:704,
[task] id:17,start:0,end:0,service time:0,nodes:183,
[task] id:27,start:0,end:0,service time:0,nodes:694,
[task] id:24,start:0,end:0,service time:0,nodes:539,
[task] id:5,start:0,end:0,service time:0,nodes:324,
[task] id:28,start:0,end:0,service time:0,nodes:114,
[task] id:6,start:0,end:0,service time:0,nodes:576,
[task] id:2,start:0,end:0,service time:0,nodes:635,
[task] id:14,start:0,end:0,service time:0,nodes:327,
[task] id:4,start:0,end:0,service time:0,nodes:11,
[task] id:9,start:0,end:0,service time:0,nodes:72,
[task] id:26,start:0,end:0,service time:0,nodes:340,
[task] id:22,start:0,end:0,service time:0,nodes:691,
[agent] id:0
path:333,298,299,300,301,302,303,304,305,306,307,308,309,309,309,309,309,309,309,309,309,309,309,309,309,309,309,309,309,309,309,309,309,309,309,
goal:309,309,309,309,309,309,309,309,309,309,309,309,309,309,309,309,309,309,309,309,309,309,309,309,309,309,309,309,309,309,309,309,309,309,309,
size:12
[agent] id:1
path:347,346,346,346,346,346,346,346,346,346,346,346,346,346,346,346,346,346,346,346,346,346,346,346,346,346,346,346,346,346,346,346,346,346,346,
goal:346,346,346,346,346,346,346,346,346,346,346,346,346,346,346,346,346,346,346,346,346,346,346,346,346,346,346,346,346,346,346,346,346,346,346,
size:1
[agent] id:2
path:661,660,659,658,623,622,621,620,619,618,617,616,615,614,613,612,611,610,609,608,607,606,605,604,603,602,601,636,635,635,635,635,635,635,635,
goal:635,635,635,635,635,635,635,635,635,635,635,635,635,635,635,635,635,635,635,635,635,635,635,635,635,635,635,635,635,635,635,635,635,635,635,
size:28
[agent] id:3
path:321,286,251,216,181,146,145,144,143,142,141,140,140,140,140,140,140,140,140,140,140,140,140,140,140,140,140,140,140,140,140,140,140,140,140,
goal:140,140,140,140,140,140,140,140,140,140,140,140,140,140,140,140,140,140,140,140,140,140,140,140,140,140,140,140,140,140,140,140,140,140,140,
size:11
[agent] id:4
path:452,417,382,347,312,311,276,241,206,171,136,101,66,31,30,29,28,27,26,25,24,23,22,21,20,19,18,17,16,15,14,13,12,11,11,
goal:11,11,11,11,11,11,11,11,11,11,11,11,11,11,11,11,11,11,11,11,11,11,11,11,11,11,11,11,11,11,11,11,11,11,11,
size:33
[agent] id:5
path:716,681,680,679,678,677,676,675,674,673,672,671,636,601,566,531,496,461,426,391,390,355,320,321,322,323,324,324,324,324,324,324,324,324,324,
goal:324,324,324,324,324,324,324,324,324,324,324,324,324,324,324,324,324,324,324,324,324,324,324,324,324,324,324,324,324,324,324,324,324,324,324,
size:26
[agent] id:6
path:130,165,164,163,198,197,196,195,194,193,158,193,192,192,191,192,227,262,297,332,367,402,437,472,507,542,577,576,576,576,576,576,576,576,576,
goal:576,576,576,576,576,576,576,576,576,576,576,576,576,576,576,576,576,576,576,576,576,576,576,576,576,576,576,576,576,576,576,576,576,576,576,
size:27
[agent] id:7
path:727,692,693,694,659,624,589,554,519,484,449,414,379,379,378,378,378,378,378,378,378,378,378,378,378,378,378,378,378,378,378,378,378,378,378,
goal:378,378,378,378,378,378,378,378,378,378,378,378,378,378,378,378,378,378,378,378,378,378,378,378,378,378,378,378,378,378,378,378,378,378,378,
size:14
[agent] id:8
path:205,170,135,100,65,64,64,64,64,64,64,64,64,64,64,64,64,64,64,64,64,64,64,64,64,64,64,64,64,64,64,64,64,64,64,
goal:64,64,64,64,64,64,64,64,64,64,64,64,64,64,64,64,64,64,64,64,64,64,64,64,64,64,64,64,64,64,64,64,64,64,64,
size:5
[agent] id:9
path:410,409,408,407,406,405,404,403,402,401,400,399,398,397,396,395,394,393,392,392,391,390,355,320,285,284,249,214,179,144,109,74,73,72,72,
goal:72,72,72,72,72,72,72,72,72,72,72,72,72,72,72,72,72,72,72,72,72,72,72,72,72,72,72,72,72,72,72,72,72,72,72,
size:33
[agent] id:10
path:12,47,48,49,50,51,52,87,122,157,192,227,262,297,298,299,299,299,299,299,299,299,299,299,299,299,299,299,299,299,299,299,299,299,299,
goal:299,299,299,299,299,299,299,299,299,299,299,299,299,299,299,299,299,299,299,299,299,299,299,299,299,299,299,299,299,299,299,299,299,299,299,
size:15
[agent] id:11
path:164,129,128,128,128,128,128,128,128,128,128,128,128,128,128,128,128,128,128,128,128,128,128,128,128,128,128,128,128,128,128,128,128,128,128,
goal:128,128,128,128,128,128,128,128,128,128,128,128,128,128,128,128,128,128,128,128,128,128,128,128,128,128,128,128,128,128,128,128,128,128,128,
size:2
[agent] id:12
path:554,519,484,449,414,379,344,309,274,239,204,169,134,133,132,131,130,129,129,129,129,129,129,129,129,129,129,129,129,129,129,129,129,129,129,
goal:129,129,129,129,129,129,129,129,129,129,129,129,129,129,129,129,129,129,129,129,129,129,129,129,129,129,129,129,129,129,129,129,129,129,129,
size:17
[agent] id:13
path:618,617,616,615,614,613,612,647,682,717,716,715,714,713,712,711,710,709,708,707,706,705,704,704,704,704,704,704,704,704,704,704,704,704,704,
goal:704,704,704,704,704,704,704,704,704,704,704,704,704,704,704,704,704,704,704,704,704,704,704,704,704,704,704,704,704,704,704,704,704,704,704,
size:22
[agent] id:14
path:551,552,553,518,483,448,413,378,343,342,341,340,339,338,337,336,335,300,265,264,263,298,297,296,295,330,329,328,327,327,327,327,327,327,327,
goal:327,327,327,327,327,327,327,327,327,327,327,327,327,327,327,327,327,327,327,327,327,327,327,327,327,327,327,327,327,327,327,327,327,327,327,
size:28
[agent] id:15
path:105,140,175,210,245,280,315,350,385,420,421,422,423,424,425,425,425,425,425,425,425,425,425,425,425,425,425,425,425,425,425,425,425,425,425,
goal:425,425,425,425,425,425,425,425,425,425,425,425,425,425,425,425,425,425,425,425,425,425,425,425,425,425,425,425,425,425,425,425,425,425,425,
size:14
[agent] id:16
path:137,172,207,242,277,312,347,382,383,384,384,384,384,384,384,384,384,384,384,384,384,384,384,384,384,384,384,384,384,384,384,384,384,384,384,
goal:384,384,384,384,384,384,384,384,384,384,384,384,384,384,384,384,384,384,384,384,384,384,384,384,384,384,384,384,384,384,384,384,384,384,384,
size:9
[agent] id:17
path:167,166,165,164,163,162,161,160,159,158,123,122,121,120,155,190,189,188,187,186,185,184,183,183,183,183,183,183,183,183,183,183,183,183,183,
goal:183,183,183,183,183,183,183,183,183,183,183,183,183,183,183,183,183,183,183,183,183,183,183,183,183,183,183,183,183,183,183,183,183,183,183,
size:22
[agent] id:18
path:352,353,354,355,356,356,356,356,356,356,356,356,356,356,356,356,356,356,356,356,356,356,356,356,356,356,356,356,356,356,356,356,356,356,356,
goal:356,356,356,356,356,356,356,356,356,356,356,356,356,356,356,356,356,356,356,356,356,356,356,356,356,356,356,356,356,356,356,356,356,356,356,
size:4
[agent] id:19
path:466,431,396,395,394,393,392,391,390,355,320,285,250,250,250,250,250,250,250,250,250,250,250,250,250,250,250,250,250,250,250,250,250,250,250,
goal:250,250,250,250,250,250,250,250,250,250,250,250,250,250,250,250,250,250,250,250,250,250,250,250,250,250,250,250,250,250,250,250,250,250,250,
size:12
[agent] id:20
path:195,194,193,192,227,262,297,298,299,300,301,301,301,301,301,301,301,301,301,301,301,301,301,301,301,301,301,301,301,301,301,301,301,301,301,
goal:301,301,301,301,301,301,301,301,301,301,301,301,301,301,301,301,301,301,301,301,301,301,301,301,301,301,301,301,301,301,301,301,301,301,301,
size:10
[agent] id:21
path:303,338,337,336,335,334,333,332,367,402,403,438,473,474,475,476,476,476,476,476,476,476,476,476,476,476,476,476,476,476,476,476,476,476,476,
goal:476,476,476,476,476,476,476,476,476,476,476,476,476,476,476,476,476,476,476,476,476,476,476,476,476,476,476,476,476,476,476,476,476,476,476,
size:15
[agent] id:22
path:45,46,47,48,49,50,51,52,87,122,157,192,227,262,297,332,367,402,437,472,507,542,577,612,647,682,683,684,685,686,687,688,689,690,691,
goal:691,691,691,691,691,691,691,691,691,691,691,691,691,691,691,691,691,691,691,691,691,691,691,691,691,691,691,691,691,691,691,691,691,691,691,
size:34
[agent] id:23
path:254,253,252,251,216,181,146,147,148,149,150,151,152,153,154,155,156,156,156,156,156,156,156,156,156,156,156,156,156,156,156,156,156,156,156,
goal:156,156,156,156,156,156,156,156,156,156,156,156,156,156,156,156,156,156,156,156,156,156,156,156,156,156,156,156,156,156,156,156,156,156,156,
size:16
[agent] id:24
path:698,663,628,593,558,557,556,555,554,553,552,551,550,549,548,547,546,545,544,543,542,541,540,539,539,539,539,539,539,539,539,539,539,539,539,
goal:539,539,539,539,539,539,539,539,539,539,539,539,539,539,539,539,539,539,539,539,539,539,539,539,539,539,539,539,539,539,539,539,539,539,539,
size:23
[agent] id:25
path:572,537,538,539,540,541,542,507,472,437,402,367,332,333,334,334,334,334,334,334,334,334,334,334,334,334,334,334,334,334,334,334,334,334,334,
goal:334,334,334,334,334,334,334,334,334,334,334,334,334,334,334,334,334,334,334,334,334,334,334,334,334,334,334,334,334,334,334,334,334,334,334,
size:14
[agent] id:26
path:1,36,71,106,141,176,211,246,247,248,249,250,251,252,253,254,255,256,257,258,259,260,261,262,263,264,265,300,335,336,337,338,339,340,340,
goal:340,340,340,340,340,340,340,340,340,340,340,340,340,340,340,340,340,340,340,340,340,340,340,340,340,340,340,340,340,340,340,340,340,340,340,
size:33
[agent] id:27
path:128,163,198,199,200,201,202,203,238,273,308,343,378,413,448,483,518,553,588,623,658,693,694,694,694,694,694,694,694,694,694,694,694,694,694,
goal:694,694,694,694,694,694,694,694,694,694,694,694,694,694,694,694,694,694,694,694,694,694,694,694,694,694,694,694,694,694,694,694,694,694,694,
size:22
[agent] id:28
path:630,595,560,525,490,455,420,385,386,351,316,281,246,211,176,141,142,143,144,145,146,147,148,149,149,149,114,114,114,114,114,114,114,114,114,
goal:114,114,114,114,114,114,114,114,114,114,114,114,114,114,114,114,114,114,114,114,114,114,114,114,114,114,114,114,114,114,114,114,114,114,114,
size:26
[agent] id:29
path:318,283,248,213,178,143,108,109,110,111,112,113,114,115,116,117,118,119,120,121,122,122,122,122,122,122,122,122,122,122,122,122,122,122,122,
goal:122,122,122,122,122,122,122,122,122,122,122,122,122,122,122,122,122,122,122,122,122,122,122,122,122,122,122,122,122,122,122,122,122,122,122,
size:20
SolutionCost:548
