[setting] seed:17
[solver] type:ECBS
[solver] w:2.000000
[solver] ID:0
[solver] Lowlevelnode:8770
[solver] ConflictCount:13
[solver] solved:1
[solver] elapsed:77
[solver] makespan:42
[problem] timesteplimit:10000
[problem] type:MAPF
[problem] agentnum:30
[graph] width:35
[graph] height:21
[graph] filename:./map/warehouse_middle.map
[task] id:7,start:0,end:0,service time:0,nodes:130,
[task] id:20,start:0,end:0,service time:0,nodes:17,
[task] id:2,start:0,end:0,service time:0,nodes:724,
[task] id:16,start:0,end:0,service time:0,nodes:210,
[task] id:28,start:0,end:0,service time:0,nodes:446,
[task] id:22,start:0,end:0,service time:0,nodes:193,
[task] id:27,start:0,end:0,service time:0,nodes:419,
[task] id:19,start:0,end:0,service time:0,nodes:150,
[task] id:21,start:0,end:0,service time:0,nodes:715,
[task] id:10,start:0,end:0,service time:0,nodes:202,
[task] id:26,start:0,end:0,service time:0,nodes:227,
[task] id:6,start:0,end:0,service time:0,nodes:64,
[task] id:4,start:0,end:0,service time:0,nodes:567,
[task] id:17,start:0,end:0,service time:0,nodes:115,
[task] id:0,start:0,end:0,service time:0,nodes:257,
[task] id:11,start:0,end:0,service time:0,nodes:394,
[task] id:13,start:0,end:0,service time:0,nodes:30,
[task] id:8,start:0,end:0,service time:0,nodes:299,
[task] id:15,start:0,end:0,service time:0,nodes:287,
[task] id:3,start:0,end:0,service time:0,nodes:692,
[task] id:23,start:0,end:0,service time:0,nodes:155,
[task] id:25,start:0,end:0,service time:0,nodes:722,
[task] id:12,start:0,end:0,service time:0,nodes:584,
[task] id:9,start:0,end:0,service time:0,nodes:344,
[task] id:29,start:0,end:0,service time:0,nodes:35,
[task] id:18,start:0,end:0,service time:0,nodes:71,
[task] id:1,start:0,end:0,service time:0,nodes:452,
[task] id:5,start:0,end:0,service time:0,nodes:141,
[task] id:24,start:0,end:0,service time:0,nodes:26,
[task] id:14,start:0,end:0,service time:0,nodes:349,
[agent] id:0
path:99,134,169,204,239,274,273,272,271,270,269,268,267,266,265,264,263,262,261,260,259,258,257,257,257,257,257,257,257,257,257,257,257,257,257,257,257,257,257,257,257,257,257,
goal:257,257,257,257,257,257,257,257,257,257,257,257,257,257,257,257,257,257,257,257,257,257,257,257,257,257,257,257,257,257,257,257,257,257,257,257,257,257,257,257,257,257,257,
size:22
[agent] id:1
path:526,491,456,457,458,459,460,461,462,463,464,465,466,467,468,469,470,471,472,473,474,475,476,477,478,479,480,481,482,447,448,449,450,451,452,452,452,452,452,452,452,452,452,
goal:452,452,452,452,452,452,452,452,452,452,452,452,452,452,452,452,452,452,452,452,452,452,452,452,452,452,452,452,452,452,452,452,452,452,452,452,452,452,452,452,452,452,452,
size:34
[agent] id:2
path:714,715,716,717,718,719,720,721,722,723,724,724,724,724,724,724,724,724,724,724,724,724,724,724,724,724,724,724,724,724,724,724,724,724,724,724,724,724,724,724,724,724,724,
goal:724,724,724,724,724,724,724,724,724,724,724,724,724,724,724,724,724,724,724,724,724,724,724,724,724,724,724,724,724,724,724,724,724,724,724,724,724,724,724,724,724,724,724,
size:10
[agent] id:3
path:56,57,58,59,60,61,62,63,98,133,168,203,238,273,308,343,378,413,448,483,518,553,588,623,658,693,692,692,692,692,692,692,692,692,692,692,692,692,692,692,692,692,692,
goal:692,692,692,692,692,692,692,692,692,692,692,692,692,692,692,692,692,692,692,692,692,692,692,692,692,692,692,692,692,692,692,692,692,692,692,692,692,692,692,692,692,692,692,
size:26
[agent] id:4
path:722,687,686,685,684,683,682,647,612,577,576,575,574,573,572,571,570,569,568,567,567,567,567,567,567,567,567,567,567,567,567,567,567,567,567,567,567,567,567,567,567,567,567,
goal:567,567,567,567,567,567,567,567,567,567,567,567,567,567,567,567,567,567,567,567,567,567,567,567,567,567,567,567,567,567,567,567,567,567,567,567,567,567,567,567,567,567,567,
size:19
[agent] id:5
path:240,239,238,238,203,168,167,166,165,164,163,162,161,160,159,158,157,156,155,154,153,152,151,186,185,184,149,148,147,146,145,144,143,142,141,141,141,141,141,141,141,141,141,
goal:141,141,141,141,141,141,141,141,141,141,141,141,141,141,141,141,141,141,141,141,141,141,141,141,141,141,141,141,141,141,141,141,141,141,141,141,141,141,141,141,141,141,141,
size:34
[agent] id:6
path:478,443,444,445,446,447,412,413,378,343,308,273,274,239,204,169,134,99,64,64,64,64,64,64,64,64,64,64,64,64,64,64,64,64,64,64,64,64,64,64,64,64,64,
goal:64,64,64,64,64,64,64,64,64,64,64,64,64,64,64,64,64,64,64,64,64,64,64,64,64,64,64,64,64,64,64,64,64,64,64,64,64,64,64,64,64,64,64,
size:18
[agent] id:7
path:100,135,134,133,132,131,130,130,130,130,130,130,130,130,130,130,130,130,130,130,130,130,130,130,130,130,130,130,130,130,130,130,130,130,130,130,130,130,130,130,130,130,130,
goal:130,130,130,130,130,130,130,130,130,130,130,130,130,130,130,130,130,130,130,130,130,130,130,130,130,130,130,130,130,130,130,130,130,130,130,130,130,130,130,130,130,130,130,
size:6
[agent] id:8
path:490,455,420,385,350,315,280,281,282,283,284,285,286,287,288,289,290,291,292,293,294,295,296,297,298,299,299,299,299,299,299,299,299,299,299,299,299,299,299,299,299,299,299,
goal:299,299,299,299,299,299,299,299,299,299,299,299,299,299,299,299,299,299,299,299,299,299,299,299,299,299,299,299,299,299,299,299,299,299,299,299,299,299,299,299,299,299,299,
size:25
[agent] id:9
path:711,676,677,678,679,680,681,682,647,612,577,542,507,472,437,402,367,332,333,334,335,336,337,338,339,340,341,342,343,344,344,344,344,344,344,344,344,344,344,344,344,344,344,
goal:344,344,344,344,344,344,344,344,344,344,344,344,344,344,344,344,344,344,344,344,344,344,344,344,344,344,344,344,344,344,344,344,344,344,344,344,344,344,344,344,344,344,344,
size:29
[agent] id:10
path:298,263,262,227,192,193,194,195,196,161,162,197,198,199,200,201,202,202,202,202,202,202,202,202,202,202,202,202,202,202,202,202,202,202,202,202,202,202,202,202,202,202,202,
goal:202,202,202,202,202,202,202,202,202,202,202,202,202,202,202,202,202,202,202,202,202,202,202,202,202,202,202,202,202,202,202,202,202,202,202,202,202,202,202,202,202,202,202,
size:16
[agent] id:11
path:518,483,448,413,412,411,410,409,408,407,406,405,404,403,402,401,400,399,398,397,396,395,394,394,394,394,394,394,394,394,394,394,394,394,394,394,394,394,394,394,394,394,394,
goal:394,394,394,394,394,394,394,394,394,394,394,394,394,394,394,394,394,394,394,394,394,394,394,394,394,394,394,394,394,394,394,394,394,394,394,394,394,394,394,394,394,394,394,
size:22
[agent] id:12
path:55,56,57,58,59,60,61,62,63,98,133,168,203,238,273,308,343,378,413,448,483,518,553,588,587,586,585,584,584,584,584,584,584,584,584,584,584,584,584,584,584,584,584,
goal:584,584,584,584,584,584,584,584,584,584,584,584,584,584,584,584,584,584,584,584,584,584,584,584,584,584,584,584,584,584,584,584,584,584,584,584,584,584,584,584,584,584,584,
size:27
[agent] id:13
path:114,115,116,117,118,119,120,121,122,87,52,53,18,19,20,21,22,23,24,25,26,27,28,29,30,30,30,30,30,30,30,30,30,30,30,30,30,30,30,30,30,30,30,
goal:30,30,30,30,30,30,30,30,30,30,30,30,30,30,30,30,30,30,30,30,30,30,30,30,30,30,30,30,30,30,30,30,30,30,30,30,30,30,30,30,30,30,30,
size:24
[agent] id:14
path:667,632,597,562,527,492,457,422,423,424,425,426,427,428,429,430,431,432,433,434,399,400,401,402,403,404,405,406,407,408,409,410,411,412,413,378,379,380,345,346,347,348,349,
goal:349,349,349,349,349,349,349,349,349,349,349,349,349,349,349,349,349,349,349,349,349,349,349,349,349,349,349,349,349,349,349,349,349,349,349,349,349,349,349,349,349,349,349,
size:42
[agent] id:15
path:482,447,412,411,410,409,408,407,406,405,404,403,402,367,332,331,330,329,328,327,292,291,290,289,288,287,287,287,287,287,287,287,287,287,287,287,287,287,287,287,287,287,287,
goal:287,287,287,287,287,287,287,287,287,287,287,287,287,287,287,287,287,287,287,287,287,287,287,287,287,287,287,287,287,287,287,287,287,287,287,287,287,287,287,287,287,287,287,
size:25
[agent] id:16
path:390,355,320,285,250,215,214,213,212,211,210,210,210,210,210,210,210,210,210,210,210,210,210,210,210,210,210,210,210,210,210,210,210,210,210,210,210,210,210,210,210,210,210,
goal:210,210,210,210,210,210,210,210,210,210,210,210,210,210,210,210,210,210,210,210,210,210,210,210,210,210,210,210,210,210,210,210,210,210,210,210,210,210,210,210,210,210,210,
size:10
[agent] id:17
path:169,168,133,132,131,130,129,128,127,126,125,124,123,123,122,121,120,119,118,117,116,115,115,115,115,115,115,115,115,115,115,115,115,115,115,115,115,115,115,115,115,115,115,
goal:115,115,115,115,115,115,115,115,115,115,115,115,115,115,115,115,115,115,115,115,115,115,115,115,115,115,115,115,115,115,115,115,115,115,115,115,115,115,115,115,115,115,115,
size:21
[agent] id:18
path:577,542,507,472,437,402,367,332,297,262,227,192,157,122,121,120,119,118,117,116,115,114,113,112,111,76,75,74,73,72,71,71,71,71,71,71,71,71,71,71,71,71,71,
goal:71,71,71,71,71,71,71,71,71,71,71,71,71,71,71,71,71,71,71,71,71,71,71,71,71,71,71,71,71,71,71,71,71,71,71,71,71,71,71,71,71,71,71,
size:30
[agent] id:19
path:12,47,46,45,44,43,42,41,76,111,146,147,148,149,150,150,150,150,150,150,150,150,150,150,150,150,150,150,150,150,150,150,150,150,150,150,150,150,150,150,150,150,150,
goal:150,150,150,150,150,150,150,150,150,150,150,150,150,150,150,150,150,150,150,150,150,150,150,150,150,150,150,150,150,150,150,150,150,150,150,150,150,150,150,150,150,150,150,
size:14
[agent] id:20
path:116,117,118,119,120,121,122,87,52,17,17,17,17,17,17,17,17,17,17,17,17,17,17,17,17,17,17,17,17,17,17,17,17,17,17,17,17,17,17,17,17,17,17,
goal:17,17,17,17,17,17,17,17,17,17,17,17,17,17,17,17,17,17,17,17,17,17,17,17,17,17,17,17,17,17,17,17,17,17,17,17,17,17,17,17,17,17,17,
size:9
[agent] id:21
path:607,608,609,610,611,612,647,612,611,611,612,647,682,717,716,715,715,715,715,715,715,715,715,715,715,715,715,715,715,715,715,715,715,715,715,715,715,715,715,715,715,715,715,
goal:715,715,715,715,715,715,715,715,715,715,715,715,715,715,715,715,715,715,715,715,715,715,715,715,715,715,715,715,715,715,715,715,715,715,715,715,715,715,715,715,715,715,715,
size:15
[agent] id:22
path:206,205,204,203,202,201,200,199,198,197,196,195,194,193,193,193,193,193,193,193,193,193,193,193,193,193,193,193,193,193,193,193,193,193,193,193,193,193,193,193,193,193,193,
goal:193,193,193,193,193,193,193,193,193,193,193,193,193,193,193,193,193,193,193,193,193,193,193,193,193,193,193,193,193,193,193,193,193,193,193,193,193,193,193,193,193,193,193,
size:13
[agent] id:23
path:555,520,485,450,415,380,345,310,275,240,205,170,169,168,167,166,165,164,163,162,161,160,159,158,157,156,155,155,155,155,155,155,155,155,155,155,155,155,155,155,155,155,155,
goal:155,155,155,155,155,155,155,155,155,155,155,155,155,155,155,155,155,155,155,155,155,155,155,155,155,155,155,155,155,155,155,155,155,155,155,155,155,155,155,155,155,155,155,
size:26
[agent] id:24
path:680,681,682,647,612,577,542,507,472,437,402,367,332,297,298,299,300,265,266,267,268,269,270,271,272,273,238,203,168,133,98,63,28,27,26,26,26,26,26,26,26,26,26,
goal:26,26,26,26,26,26,26,26,26,26,26,26,26,26,26,26,26,26,26,26,26,26,26,26,26,26,26,26,26,26,26,26,26,26,26,26,26,26,26,26,26,26,26,
size:34
[agent] id:25
path:336,337,338,339,340,341,342,343,344,379,414,449,484,519,554,589,624,659,694,693,692,691,690,689,688,723,722,722,722,722,722,722,722,722,722,722,722,722,722,722,722,722,722,
goal:722,722,722,722,722,722,722,722,722,722,722,722,722,722,722,722,722,722,722,722,722,722,722,722,722,722,722,722,722,722,722,722,722,722,722,722,722,722,722,722,722,722,722,
size:26
[agent] id:26
path:40,75,110,145,180,181,182,183,184,185,186,187,188,189,190,191,192,227,227,227,227,227,227,227,227,227,227,227,227,227,227,227,227,227,227,227,227,227,227,227,227,227,227,
goal:227,227,227,227,227,227,227,227,227,227,227,227,227,227,227,227,227,227,227,227,227,227,227,227,227,227,227,227,227,227,227,227,227,227,227,227,227,227,227,227,227,227,227,
size:17
[agent] id:27
path:66,101,136,171,206,241,276,311,346,381,416,417,418,419,419,419,419,419,419,419,419,419,419,419,419,419,419,419,419,419,419,419,419,419,419,419,419,419,419,419,419,419,419,
goal:419,419,419,419,419,419,419,419,419,419,419,419,419,419,419,419,419,419,419,419,419,419,419,419,419,419,419,419,419,419,419,419,419,419,419,419,419,419,419,419,419,419,419,
size:13
[agent] id:28
path:558,523,488,453,452,451,450,449,448,447,446,446,446,446,446,446,446,446,446,446,446,446,446,446,446,446,446,446,446,446,446,446,446,446,446,446,446,446,446,446,446,446,446,
goal:446,446,446,446,446,446,446,446,446,446,446,446,446,446,446,446,446,446,446,446,446,446,446,446,446,446,446,446,446,446,446,446,446,446,446,446,446,446,446,446,446,446,446,
size:10
[agent] id:29
path:302,267,266,265,264,263,262,227,192,157,122,87,52,51,50,49,48,47,46,45,44,43,42,41,40,39,38,37,36,35,35,35,35,35,35,35,35,35,35,35,35,35,35,
goal:35,35,35,35,35,35,35,35,35,35,35,35,35,35,35,35,35,35,35,35,35,35,35,35,35,35,35,35,35,35,35,35,35,35,35,35,35,35,35,35,35,35,35,
size:29
SolutionCost:646
