[setting] seed:91
[solver] type:ECBS
[solver] w:2.000000
[solver] ID:0
[solver] Lowlevelnode:7296
[solver] ConflictCount:13
[solver] solved:1
[solver] elapsed:84
[solver] makespan:40
[problem] timesteplimit:10000
[problem] type:MAPF
[problem] agentnum:30
[graph] width:35
[graph] height:21
[graph] filename:./map/warehouse_middle.map
[task] id:7,start:0,end:0,service time:0,nodes:112,
[task] id:16,start:0,end:0,service time:0,nodes:533,
[task] id:9,start:0,end:0,service time:0,nodes:35,
[task] id:22,start:0,end:0,service time:0,nodes:526,
[task] id:11,start:0,end:0,service time:0,nodes:565,
[task] id:0,start:0,end:0,service time:0,nodes:9,
[task] id:4,start:0,end:0,service time:0,nodes:480,
[task] id:20,start:0,end:0,service time:0,nodes:41,
[task] id:13,start:0,end:0,service time:0,nodes:417,
[task] id:2,start:0,end:0,service time:0,nodes:660,
[task] id:18,start:0,end:0,service time:0,nodes:471,
[task] id:24,start:0,end:0,service time:0,nodes:674,
[task] id:5,start:0,end:0,service time:0,nodes:272,
[task] id:8,start:0,end:0,service time:0,nodes:550,
[task] id:14,start:0,end:0,service time:0,nodes:8,
[task] id:27,start:0,end:0,service time:0,nodes:328,
[task] id:12,start:0,end:0,service time:0,nodes:398,
[task] id:1,start:0,end:0,service time:0,nodes:251,
[task] id:10,start:0,end:0,service time:0,nodes:396,
[task] id:15,start:0,end:0,service time:0,nodes:636,
[task] id:29,start:0,end:0,service time:0,nodes:238,
[task] id:6,start:0,end:0,service time:0,nodes:424,
[task] id:17,start:0,end:0,service time:0,nodes:147,
[task] id:21,start:0,end:0,service time:0,nodes:662,
[task] id:23,start:0,end:0,service time:0,nodes:19,
[task] id:26,start:0,end:0,service time:0,nodes:522,
[task] id:19,start:0,end:0,service time:0,nodes:523,
[task] id:3,start:0,end:0,service time:0,nodes:698,
[task] id:25,start:0,end:0,service time:0,nodes:42,
[task] id:28,start:0,end:0,service time:0,nodes:658,
[agent] id:0
path:248,213,178,143,108,73,38,3,4,5,6,7,8,9,9,9,9,9,9,9,9,9,9,9,9,9,9,9,9,9,9,9,9,9,9,9,9,9,9,9,9,
goal:9,9,9,9,9,9,9,9,9,9,9,9,9,9,9,9,9,9,9,9,9,9,9,9,9,9,9,9,9,9,9,9,9,9,9,9,9,9,9,9,9,
size:13
[agent] id:1
path:23,58,57,56,55,54,53,52,87,122,157,192,227,262,261,260,259,258,257,256,255,254,253,252,251,251,251,251,251,251,251,251,251,251,251,251,251,251,251,251,251,
goal:251,251,251,251,251,251,251,251,251,251,251,251,251,251,251,251,251,251,251,251,251,251,251,251,251,251,251,251,251,251,251,251,251,251,251,251,251,251,251,251,251,
size:24
[agent] id:2
path:174,209,244,279,314,349,384,419,454,489,524,559,594,629,664,663,662,661,660,660,660,660,660,660,660,660,660,660,660,660,660,660,660,660,660,660,660,660,660,660,660,
goal:660,660,660,660,660,660,660,660,660,660,660,660,660,660,660,660,660,660,660,660,660,660,660,660,660,660,660,660,660,660,660,660,660,660,660,660,660,660,660,660,660,
size:18
[agent] id:3
path:458,493,528,563,598,633,668,669,670,671,672,673,674,675,676,677,678,679,680,681,682,683,684,685,686,687,688,689,690,691,692,693,694,695,696,697,698,698,698,698,698,
goal:698,698,698,698,698,698,698,698,698,698,698,698,698,698,698,698,698,698,698,698,698,698,698,698,698,698,698,698,698,698,698,698,698,698,698,698,698,698,698,698,698,
size:36
[agent] id:4
path:269,304,339,340,341,342,343,378,413,448,483,482,481,480,480,480,480,480,480,480,480,480,480,480,480,480,480,480,480,480,480,480,480,480,480,480,480,480,480,480,480,
goal:480,480,480,480,480,480,480,480,480,480,480,480,480,480,480,480,480,480,480,480,480,480,480,480,480,480,480,480,480,480,480,480,480,480,480,480,480,480,480,480,480,
size:13
[agent] id:5
path:470,435,436,437,438,439,440,441,442,443,444,445,410,411,412,413,378,343,308,273,272,272,272,272,272,272,272,272,272,272,272,272,272,272,272,272,272,272,272,272,272,
goal:272,272,272,272,272,272,272,272,272,272,272,272,272,272,272,272,272,272,272,272,272,272,272,272,272,272,272,272,272,272,272,272,272,272,272,272,272,272,272,272,272,
size:20
[agent] id:6
path:201,200,199,198,197,196,195,194,193,192,227,262,297,332,367,402,437,436,435,434,433,432,431,430,429,428,427,426,425,424,424,424,424,424,424,424,424,424,424,424,424,
goal:424,424,424,424,424,424,424,424,424,424,424,424,424,424,424,424,424,424,424,424,424,424,424,424,424,424,424,424,424,424,424,424,424,424,424,424,424,424,424,424,424,
size:29
[agent] id:7
path:215,180,145,110,111,112,112,112,112,112,112,112,112,112,112,112,112,112,112,112,112,112,112,112,112,112,112,112,112,112,112,112,112,112,112,112,112,112,112,112,112,
goal:112,112,112,112,112,112,112,112,112,112,112,112,112,112,112,112,112,112,112,112,112,112,112,112,112,112,112,112,112,112,112,112,112,112,112,112,112,112,112,112,112,
size:5
[agent] id:8
path:326,327,328,329,330,331,332,367,402,437,472,507,542,543,544,545,546,547,548,549,550,550,550,550,550,550,550,550,550,550,550,550,550,550,550,550,550,550,550,550,550,
goal:550,550,550,550,550,550,550,550,550,550,550,550,550,550,550,550,550,550,550,550,550,550,550,550,550,550,550,550,550,550,550,550,550,550,550,550,550,550,550,550,550,
size:20
[agent] id:9
path:145,110,75,40,39,38,37,36,35,35,35,35,35,35,35,35,35,35,35,35,35,35,35,35,35,35,35,35,35,35,35,35,35,35,35,35,35,35,35,35,35,
goal:35,35,35,35,35,35,35,35,35,35,35,35,35,35,35,35,35,35,35,35,35,35,35,35,35,35,35,35,35,35,35,35,35,35,35,35,35,35,35,35,35,
size:8
[agent] id:10
path:692,691,690,689,688,687,686,685,684,683,682,647,612,577,542,507,472,437,402,401,400,399,398,397,396,396,396,396,396,396,396,396,396,396,396,396,396,396,396,396,396,
goal:396,396,396,396,396,396,396,396,396,396,396,396,396,396,396,396,396,396,396,396,396,396,396,396,396,396,396,396,396,396,396,396,396,396,396,396,396,396,396,396,396,
size:24
[agent] id:11
path:466,465,464,463,462,461,496,531,566,565,565,565,565,565,565,565,565,565,565,565,565,565,565,565,565,565,565,565,565,565,565,565,565,565,565,565,565,565,565,565,565,
goal:565,565,565,565,565,565,565,565,565,565,565,565,565,565,565,565,565,565,565,565,565,565,565,565,565,565,565,565,565,565,565,565,565,565,565,565,565,565,565,565,565,
size:9
[agent] id:12
path:658,623,588,553,518,483,482,481,480,479,478,443,442,441,440,439,438,438,437,436,401,400,399,398,398,398,398,398,398,398,398,398,398,398,398,398,398,398,398,398,398,
goal:398,398,398,398,398,398,398,398,398,398,398,398,398,398,398,398,398,398,398,398,398,398,398,398,398,398,398,398,398,398,398,398,398,398,398,398,398,398,398,398,398,
size:23
[agent] id:13
path:332,367,402,403,404,405,406,407,408,409,410,411,412,413,414,415,416,417,417,417,417,417,417,417,417,417,417,417,417,417,417,417,417,417,417,417,417,417,417,417,417,
goal:417,417,417,417,417,417,417,417,417,417,417,417,417,417,417,417,417,417,417,417,417,417,417,417,417,417,417,417,417,417,417,417,417,417,417,417,417,417,417,417,417,
size:17
[agent] id:14
path:396,395,394,393,392,391,356,355,320,285,250,215,180,145,110,75,40,5,6,7,8,8,8,8,8,8,8,8,8,8,8,8,8,8,8,8,8,8,8,8,8,
goal:8,8,8,8,8,8,8,8,8,8,8,8,8,8,8,8,8,8,8,8,8,8,8,8,8,8,8,8,8,8,8,8,8,8,8,8,8,8,8,8,8,
size:20
[agent] id:15
path:730,729,728,727,726,725,724,723,722,721,720,719,718,717,716,715,714,713,712,711,710,709,708,673,672,671,636,636,636,636,636,636,636,636,636,636,636,636,636,636,636,
goal:636,636,636,636,636,636,636,636,636,636,636,636,636,636,636,636,636,636,636,636,636,636,636,636,636,636,636,636,636,636,636,636,636,636,636,636,636,636,636,636,636,
size:26
[agent] id:16
path:392,427,462,461,496,531,532,533,533,533,533,533,533,533,533,533,533,533,533,533,533,533,533,533,533,533,533,533,533,533,533,533,533,533,533,533,533,533,533,533,533,
goal:533,533,533,533,533,533,533,533,533,533,533,533,533,533,533,533,533,533,533,533,533,533,533,533,533,533,533,533,533,533,533,533,533,533,533,533,533,533,533,533,533,
size:7
[agent] id:17
path:447,412,413,378,343,308,273,238,203,168,167,166,165,164,163,162,161,160,159,158,157,156,155,154,153,152,151,150,149,148,147,147,147,147,147,147,147,147,147,147,147,
goal:147,147,147,147,147,147,147,147,147,147,147,147,147,147,147,147,147,147,147,147,147,147,147,147,147,147,147,147,147,147,147,147,147,147,147,147,147,147,147,147,147,
size:30
[agent] id:18
path:249,284,319,354,389,424,459,460,461,462,463,464,465,466,467,468,469,470,471,471,471,471,471,471,471,471,471,471,471,471,471,471,471,471,471,471,471,471,471,471,471,
goal:471,471,471,471,471,471,471,471,471,471,471,471,471,471,471,471,471,471,471,471,471,471,471,471,471,471,471,471,471,471,471,471,471,471,471,471,471,471,471,471,471,
size:18
[agent] id:19
path:562,563,564,565,566,567,568,569,570,571,572,573,574,575,576,577,578,579,580,581,582,583,584,585,586,551,552,553,554,555,556,557,558,523,523,523,523,523,523,523,523,
goal:523,523,523,523,523,523,523,523,523,523,523,523,523,523,523,523,523,523,523,523,523,523,523,523,523,523,523,523,523,523,523,523,523,523,523,523,523,523,523,523,523,
size:33
[agent] id:20
path:424,389,354,355,320,285,250,215,180,145,110,75,40,41,41,41,41,41,41,41,41,41,41,41,41,41,41,41,41,41,41,41,41,41,41,41,41,41,41,41,41,
goal:41,41,41,41,41,41,41,41,41,41,41,41,41,41,41,41,41,41,41,41,41,41,41,41,41,41,41,41,41,41,41,41,41,41,41,41,41,41,41,41,41,
size:13
[agent] id:21
path:530,565,600,601,602,603,604,605,606,607,608,609,610,611,612,613,614,615,616,617,618,619,620,621,622,623,624,625,626,661,662,662,662,662,662,662,662,662,662,662,662,
goal:662,662,662,662,662,662,662,662,662,662,662,662,662,662,662,662,662,662,662,662,662,662,662,662,662,662,662,662,662,662,662,662,662,662,662,662,662,662,662,662,662,
size:30
[agent] id:22
path:246,281,316,351,386,421,456,491,526,526,526,526,526,526,526,526,526,526,526,526,526,526,526,526,526,526,526,526,526,526,526,526,526,526,526,526,526,526,526,526,526,
goal:526,526,526,526,526,526,526,526,526,526,526,526,526,526,526,526,526,526,526,526,526,526,526,526,526,526,526,526,526,526,526,526,526,526,526,526,526,526,526,526,526,
size:8
[agent] id:23
path:469,434,399,400,401,402,367,402,401,401,402,401,401,402,402,403,403,402,367,332,297,262,227,192,157,122,87,52,17,18,19,19,19,19,19,19,19,19,19,19,19,
goal:19,19,19,19,19,19,19,19,19,19,19,19,19,19,19,19,19,19,19,19,19,19,19,19,19,19,19,19,19,19,19,19,19,19,19,19,19,19,19,19,19,
size:30
[agent] id:24
path:147,182,181,216,251,286,321,356,391,426,461,496,531,566,601,636,671,672,673,674,674,674,674,674,674,674,674,674,674,674,674,674,674,674,674,674,674,674,674,674,674,
goal:674,674,674,674,674,674,674,674,674,674,674,674,674,674,674,674,674,674,674,674,674,674,674,674,674,674,674,674,674,674,674,674,674,674,674,674,674,674,674,674,674,
size:19
[agent] id:25
path:693,658,623,588,553,518,483,482,481,480,479,478,443,408,407,406,405,404,403,402,367,332,297,262,227,192,157,122,87,52,51,50,49,48,47,46,45,44,43,42,42,
goal:42,42,42,42,42,42,42,42,42,42,42,42,42,42,42,42,42,42,42,42,42,42,42,42,42,42,42,42,42,42,42,42,42,42,42,42,42,42,42,42,42,
size:39
[agent] id:26
path:50,51,52,87,122,157,192,227,262,297,332,367,402,403,404,405,440,441,442,443,444,445,446,481,482,483,518,519,520,521,522,522,522,522,522,522,522,522,522,522,522,
goal:522,522,522,522,522,522,522,522,522,522,522,522,522,522,522,522,522,522,522,522,522,522,522,522,522,522,522,522,522,522,522,522,522,522,522,522,522,522,522,522,522,
size:30
[agent] id:27
path:481,480,479,478,477,476,475,474,439,438,437,437,436,401,401,401,402,367,332,331,330,329,328,328,328,328,328,328,328,328,328,328,328,328,328,328,328,328,328,328,328,
goal:328,328,328,328,328,328,328,328,328,328,328,328,328,328,328,328,328,328,328,328,328,328,328,328,328,328,328,328,328,328,328,328,328,328,328,328,328,328,328,328,328,
size:22
[agent] id:28
path:6,41,76,111,146,181,216,251,286,321,356,391,426,461,496,531,566,601,602,603,604,605,606,607,608,609,610,611,612,613,614,615,616,617,618,619,620,621,622,623,658,
goal:658,658,658,658,658,658,658,658,658,658,658,658,658,658,658,658,658,658,658,658,658,658,658,658,658,658,658,658,658,658,658,658,658,658,658,658,658,658,658,658,658,
size:40
[agent] id:29
path:109,144,179,180,181,182,183,184,185,186,187,188,189,190,191,192,193,194,195,196,197,198,199,200,201,202,203,238,238,238,238,238,238,238,238,238,238,238,238,238,238,
goal:238,238,238,238,238,238,238,238,238,238,238,238,238,238,238,238,238,238,238,238,238,238,238,238,238,238,238,238,238,238,238,238,238,238,238,238,238,238,238,238,238,
size:27
SolutionCost:651
