[setting] seed:38
[solver] type:ECBS
[solver] w:2.000000
[solver] ID:0
[solver] Lowlevelnode:9779
[solver] ConflictCount:14
[solver] solved:1
[solver] elapsed:158
[solver] makespan:47
[problem] timesteplimit:10000
[problem] type:MAPF
[problem] agentnum:30
[graph] width:35
[graph] height:21
[graph] filename:./map/warehouse_middle.map
[task] id:6,start:0,end:0,service time:0,nodes:464,
[task] id:13,start:0,end:0,service time:0,nodes:461,
[task] id:18,start:0,end:0,service time:0,nodes:353,
[task] id:0,start:0,end:0,service time:0,nodes:268,
[task] id:2,start:0,end:0,service time:0,nodes:285,
[task] id:10,start:0,end:0,service time:0,nodes:480,
[task] id:27,start:0,end:0,service time:0,nodes:305,
[task] id:8,start:0,end:0,service time:0,nodes:135,
[task] id:25,start:0,end:0,service time:0,nodes:407,
[task] id:23,start:0,end:0,service time:0,nodes:440,
[task] id:24,start:0,end:0,service time:0,nodes:177,
[task] id:21,start:0,end:0,service time:0,nodes:332,
[task] id:14,start:0,end:0,service time:0,nodes:140,
[task] id:5,start:0,end:0,service time:0,nodes:329,
[task] id:7,start:0,end:0,service time:0,nodes:719,
[task] id:26,start:0,end:0,service time:0,nodes:457,
[task] id:20,start:0,end:0,service time:0,nodes:533,
[task] id:22,start:0,end:0,service time:0,nodes:525,
[task] id:15,start:0,end:0,service time:0,nodes:625,
[task] id:29,start:0,end:0,service time:0,nodes:27,
[task] id:12,start:0,end:0,service time:0,nodes:706,
[task] id:3,start:0,end:0,service time:0,nodes:487,
[task] id:11,start:0,end:0,service time:0,nodes:604,
[task] id:9,start:0,end:0,service time:0,nodes:347,
[task] id:17,start:0,end:0,service time:0,nodes:614,
[task] id:16,start:0,end:0,service time:0,nodes:248,
[task] id:1,start:0,end:0,service time:0,nodes:98,
[task] id:19,start:0,end:0,service time:0,nodes:280,
[task] id:4,start:0,end:0,service time:0,nodes:22,
[task] id:28,start:0,end:0,service time:0,nodes:491,
[agent] id:0
path:299,264,265,266,267,268,268,268,268,268,268,268,268,268,268,268,268,268,268,268,268,268,268,268,268,268,268,268,268,268,268,268,268,268,268,268,268,268,268,268,268,268,268,268,268,268,268,268,
goal:268,268,268,268,268,268,268,268,268,268,268,268,268,268,268,268,268,268,268,268,268,268,268,268,268,268,268,268,268,268,268,268,268,268,268,268,268,268,268,268,268,268,268,268,268,268,268,268,
size:5
[agent] id:1
path:420,385,350,315,280,245,210,175,140,105,106,107,108,109,110,111,112,113,114,115,116,117,118,119,120,121,122,123,124,125,126,127,128,129,130,131,132,133,98,98,98,98,98,98,98,98,98,98,
goal:98,98,98,98,98,98,98,98,98,98,98,98,98,98,98,98,98,98,98,98,98,98,98,98,98,98,98,98,98,98,98,98,98,98,98,98,98,98,98,98,98,98,98,98,98,98,98,98,
size:38
[agent] id:2
path:326,291,290,289,288,287,286,285,285,285,285,285,285,285,285,285,285,285,285,285,285,285,285,285,285,285,285,285,285,285,285,285,285,285,285,285,285,285,285,285,285,285,285,285,285,285,285,285,
goal:285,285,285,285,285,285,285,285,285,285,285,285,285,285,285,285,285,285,285,285,285,285,285,285,285,285,285,285,285,285,285,285,285,285,285,285,285,285,285,285,285,285,285,285,285,285,285,285,
size:7
[agent] id:3
path:115,150,185,186,187,188,189,190,191,192,227,262,297,332,367,402,403,404,405,406,441,442,443,444,445,446,481,482,483,484,485,486,487,487,487,487,487,487,487,487,487,487,487,487,487,487,487,487,
goal:487,487,487,487,487,487,487,487,487,487,487,487,487,487,487,487,487,487,487,487,487,487,487,487,487,487,487,487,487,487,487,487,487,487,487,487,487,487,487,487,487,487,487,487,487,487,487,487,
size:32
[agent] id:4
path:710,675,674,673,672,671,670,635,600,565,530,495,460,425,390,355,320,321,286,251,216,181,146,111,76,41,6,7,8,9,10,11,12,13,14,15,16,17,18,19,20,21,22,22,22,22,22,22,
goal:22,22,22,22,22,22,22,22,22,22,22,22,22,22,22,22,22,22,22,22,22,22,22,22,22,22,22,22,22,22,22,22,22,22,22,22,22,22,22,22,22,22,22,22,22,22,22,22,
size:42
[agent] id:5
path:26,61,60,59,58,57,56,55,54,53,52,87,122,157,192,227,262,297,332,331,330,329,329,329,329,329,329,329,329,329,329,329,329,329,329,329,329,329,329,329,329,329,329,329,329,329,329,329,
goal:329,329,329,329,329,329,329,329,329,329,329,329,329,329,329,329,329,329,329,329,329,329,329,329,329,329,329,329,329,329,329,329,329,329,329,329,329,329,329,329,329,329,329,329,329,329,329,329,
size:21
[agent] id:6
path:393,428,463,464,464,464,464,464,464,464,464,464,464,464,464,464,464,464,464,464,464,464,464,464,464,464,464,464,464,464,464,464,464,464,464,464,464,464,464,464,464,464,464,464,464,464,464,464,
goal:464,464,464,464,464,464,464,464,464,464,464,464,464,464,464,464,464,464,464,464,464,464,464,464,464,464,464,464,464,464,464,464,464,464,464,464,464,464,464,464,464,464,464,464,464,464,464,464,
size:3
[agent] id:7
path:460,461,496,531,566,601,636,671,672,673,674,675,676,677,678,679,680,681,682,717,718,719,719,719,719,719,719,719,719,719,719,719,719,719,719,719,719,719,719,719,719,719,719,719,719,719,719,719,
goal:719,719,719,719,719,719,719,719,719,719,719,719,719,719,719,719,719,719,719,719,719,719,719,719,719,719,719,719,719,719,719,719,719,719,719,719,719,719,719,719,719,719,719,719,719,719,719,719,
size:21
[agent] id:8
path:123,124,125,126,127,128,129,130,131,132,133,134,135,135,135,135,135,135,135,135,135,135,135,135,135,135,135,135,135,135,135,135,135,135,135,135,135,135,135,135,135,135,135,135,135,135,135,135,
goal:135,135,135,135,135,135,135,135,135,135,135,135,135,135,135,135,135,135,135,135,135,135,135,135,135,135,135,135,135,135,135,135,135,135,135,135,135,135,135,135,135,135,135,135,135,135,135,135,
size:12
[agent] id:9
path:246,247,248,249,250,251,252,287,288,289,290,291,292,293,294,295,296,296,297,298,333,334,335,336,337,338,339,340,341,342,343,344,345,346,347,347,347,347,347,347,347,347,347,347,347,347,347,347,
goal:347,347,347,347,347,347,347,347,347,347,347,347,347,347,347,347,347,347,347,347,347,347,347,347,347,347,347,347,347,347,347,347,347,347,347,347,347,347,347,347,347,347,347,347,347,347,347,347,
size:34
[agent] id:10
path:728,693,658,623,588,553,518,483,482,481,480,480,480,480,480,480,480,480,480,480,480,480,480,480,480,480,480,480,480,480,480,480,480,480,480,480,480,480,480,480,480,480,480,480,480,480,480,480,
goal:480,480,480,480,480,480,480,480,480,480,480,480,480,480,480,480,480,480,480,480,480,480,480,480,480,480,480,480,480,480,480,480,480,480,480,480,480,480,480,480,480,480,480,480,480,480,480,480,
size:10
[agent] id:11
path:60,59,58,57,56,55,54,53,52,87,122,157,192,227,262,297,332,367,402,437,472,507,542,577,576,575,574,573,572,607,606,605,604,604,604,604,604,604,604,604,604,604,604,604,604,604,604,604,
goal:604,604,604,604,604,604,604,604,604,604,604,604,604,604,604,604,604,604,604,604,604,604,604,604,604,604,604,604,604,604,604,604,604,604,604,604,604,604,604,604,604,604,604,604,604,604,604,604,
size:32
[agent] id:12
path:158,193,192,227,262,297,332,367,402,437,472,507,542,577,612,647,682,717,716,715,714,713,712,711,710,709,708,707,706,706,706,706,706,706,706,706,706,706,706,706,706,706,706,706,706,706,706,706,
goal:706,706,706,706,706,706,706,706,706,706,706,706,706,706,706,706,706,706,706,706,706,706,706,706,706,706,706,706,706,706,706,706,706,706,706,706,706,706,706,706,706,706,706,706,706,706,706,706,
size:28
[agent] id:13
path:530,495,460,461,461,461,461,461,461,461,461,461,461,461,461,461,461,461,461,461,461,461,461,461,461,461,461,461,461,461,461,461,461,461,461,461,461,461,461,461,461,461,461,461,461,461,461,461,
goal:461,461,461,461,461,461,461,461,461,461,461,461,461,461,461,461,461,461,461,461,461,461,461,461,461,461,461,461,461,461,461,461,461,461,461,461,461,461,461,461,461,461,461,461,461,461,461,461,
size:3
[agent] id:14
path:160,159,158,157,156,155,154,153,152,151,150,149,148,147,146,145,144,143,142,141,140,140,140,140,140,140,140,140,140,140,140,140,140,140,140,140,140,140,140,140,140,140,140,140,140,140,140,140,
goal:140,140,140,140,140,140,140,140,140,140,140,140,140,140,140,140,140,140,140,140,140,140,140,140,140,140,140,140,140,140,140,140,140,140,140,140,140,140,140,140,140,140,140,140,140,140,140,140,
size:20
[agent] id:15
path:124,125,160,195,196,197,198,199,200,201,202,203,238,273,308,343,378,413,448,449,484,519,554,589,624,625,625,625,625,625,625,625,625,625,625,625,625,625,625,625,625,625,625,625,625,625,625,625,
goal:625,625,625,625,625,625,625,625,625,625,625,625,625,625,625,625,625,625,625,625,625,625,625,625,625,625,625,625,625,625,625,625,625,625,625,625,625,625,625,625,625,625,625,625,625,625,625,625,
size:25
[agent] id:16
path:521,486,451,416,381,346,311,276,275,274,273,272,271,270,269,304,303,302,267,266,265,264,263,262,261,260,259,258,257,256,255,254,253,252,251,250,249,248,248,248,248,248,248,248,248,248,248,248,
goal:248,248,248,248,248,248,248,248,248,248,248,248,248,248,248,248,248,248,248,248,248,248,248,248,248,248,248,248,248,248,248,248,248,248,248,248,248,248,248,248,248,248,248,248,248,248,248,248,
size:37
[agent] id:17
path:2,37,72,107,142,177,212,247,282,317,352,387,422,457,492,527,562,597,598,599,600,601,602,603,604,605,606,607,608,609,610,611,612,613,614,614,614,614,614,614,614,614,614,614,614,614,614,614,
goal:614,614,614,614,614,614,614,614,614,614,614,614,614,614,614,614,614,614,614,614,614,614,614,614,614,614,614,614,614,614,614,614,614,614,614,614,614,614,614,614,614,614,614,614,614,614,614,614,
size:34
[agent] id:18
path:247,282,317,352,353,353,353,353,353,353,353,353,353,353,353,353,353,353,353,353,353,353,353,353,353,353,353,353,353,353,353,353,353,353,353,353,353,353,353,353,353,353,353,353,353,353,353,353,
goal:353,353,353,353,353,353,353,353,353,353,353,353,353,353,353,353,353,353,353,353,353,353,353,353,353,353,353,353,353,353,353,353,353,353,353,353,353,353,353,353,353,353,353,353,353,353,353,353,
size:4
[agent] id:19
path:30,65,100,135,170,169,168,167,166,165,200,199,198,197,196,195,194,193,192,227,262,261,260,259,258,257,256,255,254,253,252,251,250,249,284,283,282,281,280,280,280,280,280,280,280,280,280,280,
goal:280,280,280,280,280,280,280,280,280,280,280,280,280,280,280,280,280,280,280,280,280,280,280,280,280,280,280,280,280,280,280,280,280,280,280,280,280,280,280,280,280,280,280,280,280,280,280,280,
size:38
[agent] id:20
path:45,44,43,42,41,76,111,146,181,216,251,286,321,356,391,426,425,460,495,530,531,532,533,533,533,533,533,533,533,533,533,533,533,533,533,533,533,533,533,533,533,533,533,533,533,533,533,533,
goal:533,533,533,533,533,533,533,533,533,533,533,533,533,533,533,533,533,533,533,533,533,533,533,533,533,533,533,533,533,533,533,533,533,533,533,533,533,533,533,533,533,533,533,533,533,533,533,533,
size:22
[agent] id:21
path:589,554,519,484,449,414,379,344,343,342,341,340,339,338,337,336,335,334,333,332,332,332,332,332,332,332,332,332,332,332,332,332,332,332,332,332,332,332,332,332,332,332,332,332,332,332,332,332,
goal:332,332,332,332,332,332,332,332,332,332,332,332,332,332,332,332,332,332,332,332,332,332,332,332,332,332,332,332,332,332,332,332,332,332,332,332,332,332,332,332,332,332,332,332,332,332,332,332,
size:19
[agent] id:22
path:404,439,474,473,472,507,542,541,540,539,538,537,536,535,534,533,532,531,530,529,528,527,526,525,525,525,525,525,525,525,525,525,525,525,525,525,525,525,525,525,525,525,525,525,525,525,525,525,
goal:525,525,525,525,525,525,525,525,525,525,525,525,525,525,525,525,525,525,525,525,525,525,525,525,525,525,525,525,525,525,525,525,525,525,525,525,525,525,525,525,525,525,525,525,525,525,525,525,
size:23
[agent] id:23
path:658,623,588,553,518,483,448,447,446,445,444,443,442,441,440,440,440,440,440,440,440,440,440,440,440,440,440,440,440,440,440,440,440,440,440,440,440,440,440,440,440,440,440,440,440,440,440,440,
goal:440,440,440,440,440,440,440,440,440,440,440,440,440,440,440,440,440,440,440,440,440,440,440,440,440,440,440,440,440,440,440,440,440,440,440,440,440,440,440,440,440,440,440,440,440,440,440,440,
size:14
[agent] id:24
path:49,48,47,46,45,44,43,42,41,76,111,146,181,180,179,178,177,177,177,177,177,177,177,177,177,177,177,177,177,177,177,177,177,177,177,177,177,177,177,177,177,177,177,177,177,177,177,177,
goal:177,177,177,177,177,177,177,177,177,177,177,177,177,177,177,177,177,177,177,177,177,177,177,177,177,177,177,177,177,177,177,177,177,177,177,177,177,177,177,177,177,177,177,177,177,177,177,177,
size:16
[agent] id:25
path:383,418,417,417,416,415,414,413,412,411,410,409,408,407,407,407,407,407,407,407,407,407,407,407,407,407,407,407,407,407,407,407,407,407,407,407,407,407,407,407,407,407,407,407,407,407,407,407,
goal:407,407,407,407,407,407,407,407,407,407,407,407,407,407,407,407,407,407,407,407,407,407,407,407,407,407,407,407,407,407,407,407,407,407,407,407,407,407,407,407,407,407,407,407,407,407,407,407,
size:13
[agent] id:26
path:475,474,473,472,471,470,469,468,467,466,465,430,429,428,427,427,426,425,460,459,458,457,457,457,457,457,457,457,457,457,457,457,457,457,457,457,457,457,457,457,457,457,457,457,457,457,457,457,
goal:457,457,457,457,457,457,457,457,457,457,457,457,457,457,457,457,457,457,457,457,457,457,457,457,457,457,457,457,457,457,457,457,457,457,457,457,457,457,457,457,457,457,457,457,457,457,457,457,
size:21
[agent] id:27
path:451,416,381,346,311,310,309,308,307,306,305,305,305,305,305,305,305,305,305,305,305,305,305,305,305,305,305,305,305,305,305,305,305,305,305,305,305,305,305,305,305,305,305,305,305,305,305,305,
goal:305,305,305,305,305,305,305,305,305,305,305,305,305,305,305,305,305,305,305,305,305,305,305,305,305,305,305,305,305,305,305,305,305,305,305,305,305,305,305,305,305,305,305,305,305,305,305,305,
size:10
[agent] id:28
path:34,69,104,139,174,173,172,171,170,169,168,167,202,201,200,199,198,197,196,195,194,193,192,227,262,297,296,295,294,293,328,327,326,325,324,323,322,321,356,391,426,425,460,495,494,493,492,491,
goal:491,491,491,491,491,491,491,491,491,491,491,491,491,491,491,491,491,491,491,491,491,491,491,491,491,491,491,491,491,491,491,491,491,491,491,491,491,491,491,491,491,491,491,491,491,491,491,491,
size:47
[agent] id:29
path:436,401,402,367,332,333,298,299,300,301,302,303,304,339,340,341,306,271,272,273,238,203,168,133,98,63,28,27,27,27,27,27,27,27,27,27,27,27,27,27,27,27,27,27,27,27,27,27,
goal:27,27,27,27,27,27,27,27,27,27,27,27,27,27,27,27,27,27,27,27,27,27,27,27,27,27,27,27,27,27,27,27,27,27,27,27,27,27,27,27,27,27,27,27,27,27,27,27,
size:27
SolutionCost:658
