[setting] seed:52
[solver] type:ECBS
[solver] w:2.000000
[solver] ID:0
[solver] Lowlevelnode:12827
[solver] ConflictCount:12
[solver] solved:1
[solver] elapsed:72
[solver] makespan:42
[problem] timesteplimit:10000
[problem] type:MAPF
[problem] agentnum:30
[graph] width:35
[graph] height:21
[graph] filename:./map/warehouse_middle.map
[task] id:7,start:0,end:0,service time:0,nodes:479,
[task] id:11,start:0,end:0,service time:0,nodes:549,
[task] id:19,start:0,end:0,service time:0,nodes:475,
[task] id:8,start:0,end:0,service time:0,nodes:213,
[task] id:3,start:0,end:0,service time:0,nodes:175,
[task] id:25,start:0,end:0,service time:0,nodes:255,
[task] id:16,start:0,end:0,service time:0,nodes:662,
[task] id:20,start:0,end:0,service time:0,nodes:681,
[task] id:0,start:0,end:0,service time:0,nodes:116,
[task] id:1,start:0,end:0,service time:0,nodes:715,
[task] id:4,start:0,end:0,service time:0,nodes:430,
[task] id:10,start:0,end:0,service time:0,nodes:546,
[task] id:12,start:0,end:0,service time:0,nodes:441,
[task] id:9,start:0,end:0,service time:0,nodes:580,
[task] id:14,start:0,end:0,service time:0,nodes:682,
[task] id:27,start:0,end:0,service time:0,nodes:212,
[task] id:2,start:0,end:0,service time:0,nodes:393,
[task] id:13,start:0,end:0,service time:0,nodes:108,
[task] id:29,start:0,end:0,service time:0,nodes:187,
[task] id:15,start:0,end:0,service time:0,nodes:322,
[task] id:24,start:0,end:0,service time:0,nodes:530,
[task] id:26,start:0,end:0,service time:0,nodes:600,
[task] id:5,start:0,end:0,service time:0,nodes:267,
[task] id:18,start:0,end:0,service time:0,nodes:155,
[task] id:22,start:0,end:0,service time:0,nodes:557,
[task] id:28,start:0,end:0,service time:0,nodes:266,
[task] id:21,start:0,end:0,service time:0,nodes:449,
[task] id:30,start:0,end:0,service time:0,nodes:715,
[task] id:17,start:0,end:0,service time:0,nodes:691,
[task] id:6,start:0,end:0,service time:0,nodes:720,
[task] id:23,start:0,end:0,service time:0,nodes:172,
[agent] id:0
path:12,47,46,45,44,43,42,41,76,111,112,113,114,115,116,116,116,116,116,116,116,116,116,116,116,116,116,116,116,116,116,116,116,116,116,116,116,116,116,116,116,116,116,
goal:116,116,116,116,116,116,116,116,116,116,116,116,116,116,116,116,116,116,116,116,116,116,116,116,116,116,116,116,116,116,116,116,116,116,116,116,116,116,116,116,116,116,116,
size:14
[agent] id:1
path:333,332,367,402,437,472,507,542,577,612,647,682,717,716,715,715,715,715,715,715,715,715,715,715,715,715,715,715,715,715,715,680,680,715,715,715,715,715,715,715,715,715,715,
goal:715,715,715,715,715,715,715,715,715,715,715,715,715,715,715,715,715,715,715,715,715,715,715,715,715,715,715,715,715,715,715,715,715,715,715,715,715,715,715,715,715,715,715,
size:33
[agent] id:2
path:35,70,105,140,175,210,245,280,315,350,385,386,387,388,389,390,391,392,393,393,393,393,393,393,393,393,393,393,393,393,393,393,393,393,393,393,393,393,393,393,393,393,393,
goal:393,393,393,393,393,393,393,393,393,393,393,393,393,393,393,393,393,393,393,393,393,393,393,393,393,393,393,393,393,393,393,393,393,393,393,393,393,393,393,393,393,393,393,
size:18
[agent] id:3
path:388,353,318,283,248,213,178,177,176,175,175,175,175,175,175,175,175,175,175,175,175,175,175,175,175,175,175,175,175,175,175,175,175,175,175,175,175,175,175,175,175,175,175,
goal:175,175,175,175,175,175,175,175,175,175,175,175,175,175,175,175,175,175,175,175,175,175,175,175,175,175,175,175,175,175,175,175,175,175,175,175,175,175,175,175,175,175,175,
size:9
[agent] id:4
path:300,335,334,333,332,367,402,437,436,435,434,433,432,431,430,430,430,430,430,430,430,430,430,430,430,430,430,430,430,430,430,430,430,430,430,430,430,430,430,430,430,430,430,
goal:430,430,430,430,430,430,430,430,430,430,430,430,430,430,430,430,430,430,430,430,430,430,430,430,430,430,430,430,430,430,430,430,430,430,430,430,430,430,430,430,430,430,430,
size:14
[agent] id:5
path:636,601,566,531,496,461,426,391,356,321,322,323,288,289,290,291,256,257,258,259,260,261,262,263,264,265,266,267,267,267,267,267,267,267,267,267,267,267,267,267,267,267,267,
goal:267,267,267,267,267,267,267,267,267,267,267,267,267,267,267,267,267,267,267,267,267,267,267,267,267,267,267,267,267,267,267,267,267,267,267,267,267,267,267,267,267,267,267,
size:27
[agent] id:6
path:4,39,74,109,144,179,214,249,284,319,354,389,424,459,494,529,564,599,634,669,704,705,706,707,708,709,710,711,712,713,714,715,716,717,718,719,720,720,720,720,720,720,720,
goal:720,720,720,720,720,720,720,720,720,720,720,720,720,720,720,720,720,720,720,720,720,720,720,720,720,720,720,720,720,720,720,720,720,720,720,720,720,720,720,720,720,720,720,
size:36
[agent] id:7
path:477,478,479,479,479,479,479,479,479,479,479,479,479,479,479,479,479,479,479,479,479,479,479,479,479,479,479,479,479,479,479,479,479,479,479,479,479,479,479,479,479,479,479,
goal:479,479,479,479,479,479,479,479,479,479,479,479,479,479,479,479,479,479,479,479,479,479,479,479,479,479,479,479,479,479,479,479,479,479,479,479,479,479,479,479,479,479,479,
size:2
[agent] id:8
path:105,140,175,210,211,212,213,213,213,213,213,213,213,213,213,213,213,213,213,213,213,213,213,213,213,213,213,213,213,213,213,213,213,213,213,213,213,213,213,213,213,213,213,
goal:213,213,213,213,213,213,213,213,213,213,213,213,213,213,213,213,213,213,213,213,213,213,213,213,213,213,213,213,213,213,213,213,213,213,213,213,213,213,213,213,213,213,213,
size:6
[agent] id:9
path:407,442,441,440,439,438,437,436,471,471,472,507,542,543,578,579,580,580,580,580,580,580,580,580,580,580,580,580,580,580,580,580,580,580,580,580,580,580,580,580,580,580,580,
goal:580,580,580,580,580,580,580,580,580,580,580,580,580,580,580,580,580,580,580,580,580,580,580,580,580,580,580,580,580,580,580,580,580,580,580,580,580,580,580,580,580,580,580,
size:16
[agent] id:10
path:157,192,227,262,297,332,367,402,437,472,507,542,543,544,545,546,546,546,546,546,546,546,546,546,546,546,546,546,546,546,546,546,546,546,546,546,546,546,546,546,546,546,546,
goal:546,546,546,546,546,546,546,546,546,546,546,546,546,546,546,546,546,546,546,546,546,546,546,546,546,546,546,546,546,546,546,546,546,546,546,546,546,546,546,546,546,546,546,
size:15
[agent] id:11
path:618,583,548,549,549,549,549,549,549,549,549,549,549,549,549,549,549,549,549,549,549,549,549,549,549,549,549,549,549,549,549,549,549,549,549,549,549,549,549,549,549,549,549,
goal:549,549,549,549,549,549,549,549,549,549,549,549,549,549,549,549,549,549,549,549,549,549,549,549,549,549,549,549,549,549,549,549,549,549,549,549,549,549,549,549,549,549,549,
size:3
[agent] id:12
path:276,311,346,381,416,451,450,449,448,447,446,445,444,443,442,441,441,441,441,441,441,441,441,441,441,441,441,441,441,441,441,441,441,441,441,441,441,441,441,441,441,441,441,
goal:441,441,441,441,441,441,441,441,441,441,441,441,441,441,441,441,441,441,441,441,441,441,441,441,441,441,441,441,441,441,441,441,441,441,441,441,441,441,441,441,441,441,441,
size:15
[agent] id:13
path:332,297,296,295,294,293,292,291,290,289,288,287,287,252,251,250,215,180,145,110,109,108,108,108,108,108,108,108,108,108,108,108,108,108,108,108,108,108,108,108,108,108,108,
goal:108,108,108,108,108,108,108,108,108,108,108,108,108,108,108,108,108,108,108,108,108,108,108,108,108,108,108,108,108,108,108,108,108,108,108,108,108,108,108,108,108,108,108,
size:21
[agent] id:14
path:519,554,589,624,659,694,693,692,691,690,689,688,687,686,685,684,683,682,682,682,682,682,682,682,682,682,682,682,682,682,682,682,682,682,682,682,682,682,682,682,682,682,682,
goal:682,682,682,682,682,682,682,682,682,682,682,682,682,682,682,682,682,682,682,682,682,682,682,682,682,682,682,682,682,682,682,682,682,682,682,682,682,682,682,682,682,682,682,
size:17
[agent] id:15
path:309,344,343,342,341,340,339,338,337,336,335,334,333,332,331,330,329,328,327,326,325,324,323,322,322,322,322,322,322,322,322,322,322,322,322,322,322,322,322,322,322,322,322,
goal:322,322,322,322,322,322,322,322,322,322,322,322,322,322,322,322,322,322,322,322,322,322,322,322,322,322,322,322,322,322,322,322,322,322,322,322,322,322,322,322,322,322,322,
size:23
[agent] id:16
path:275,310,345,380,415,450,485,520,555,590,625,660,661,662,662,662,662,662,662,662,662,662,662,662,662,662,662,662,662,662,662,662,662,662,662,662,662,662,662,662,662,662,662,
goal:662,662,662,662,662,662,662,662,662,662,662,662,662,662,662,662,662,662,662,662,662,662,662,662,662,662,662,662,662,662,662,662,662,662,662,662,662,662,662,662,662,662,662,
size:13
[agent] id:17
path:456,491,526,561,562,563,564,565,566,567,568,569,570,571,572,573,574,609,610,611,612,613,614,615,616,617,618,619,620,621,622,623,658,693,692,691,691,691,691,691,691,691,691,
goal:691,691,691,691,691,691,691,691,691,691,691,691,691,691,691,691,691,691,691,691,691,691,691,691,691,691,691,691,691,691,691,691,691,691,691,691,691,691,691,691,691,691,691,
size:35
[agent] id:18
path:609,574,539,540,541,542,542,543,542,542,577,577,577,542,507,472,437,402,367,332,297,262,227,192,191,190,190,155,155,155,155,155,155,155,155,155,155,155,155,155,155,155,155,
goal:155,155,155,155,155,155,155,155,155,155,155,155,155,155,155,155,155,155,155,155,155,155,155,155,155,155,155,155,155,155,155,155,155,155,155,155,155,155,155,155,155,155,155,
size:27
[agent] id:19
path:404,439,474,475,475,475,475,475,475,475,475,475,475,475,475,475,475,475,475,475,475,475,475,475,475,475,475,475,475,475,475,475,475,475,475,475,475,475,475,475,475,475,475,
goal:475,475,475,475,475,475,475,475,475,475,475,475,475,475,475,475,475,475,475,475,475,475,475,475,475,475,475,475,475,475,475,475,475,475,475,475,475,475,475,475,475,475,475,
size:3
[agent] id:20
path:568,603,604,605,606,607,608,609,610,611,612,647,682,681,681,681,681,681,681,681,681,681,681,681,681,681,681,681,681,681,681,681,681,681,681,681,681,681,681,681,681,681,681,
goal:681,681,681,681,681,681,681,681,681,681,681,681,681,681,681,681,681,681,681,681,681,681,681,681,681,681,681,681,681,681,681,681,681,681,681,681,681,681,681,681,681,681,681,
size:13
[agent] id:21
path:708,709,710,711,712,713,714,715,716,717,718,719,720,721,722,687,688,689,690,691,692,693,658,623,588,553,518,483,448,449,449,449,449,449,449,449,449,449,449,449,449,449,449,
goal:449,449,449,449,449,449,449,449,449,449,449,449,449,449,449,449,449,449,449,449,449,449,449,449,449,449,449,449,449,449,449,449,449,449,449,449,449,449,449,449,449,449,449,
size:29
[agent] id:22
path:430,465,466,467,468,469,470,471,472,507,542,543,544,545,546,547,548,583,584,585,550,551,552,553,554,555,556,557,557,557,557,557,557,557,557,557,557,557,557,557,557,557,557,
goal:557,557,557,557,557,557,557,557,557,557,557,557,557,557,557,557,557,557,557,557,557,557,557,557,557,557,557,557,557,557,557,557,557,557,557,557,557,557,557,557,557,557,557,
size:27
[agent] id:23
path:706,671,636,601,566,531,496,461,426,391,356,321,286,287,288,289,290,291,256,257,258,259,260,261,262,227,192,157,158,159,160,161,162,163,164,165,166,167,168,169,170,171,172,
goal:172,172,172,172,172,172,172,172,172,172,172,172,172,172,172,172,172,172,172,172,172,172,172,172,172,172,172,172,172,172,172,172,172,172,172,172,172,172,172,172,172,172,172,
size:42
[agent] id:24
path:14,49,48,47,46,45,44,43,42,41,76,111,146,181,216,251,286,321,356,391,426,461,496,531,530,530,530,530,530,530,530,530,530,530,530,530,530,530,530,530,530,530,530,
goal:530,530,530,530,530,530,530,530,530,530,530,530,530,530,530,530,530,530,530,530,530,530,530,530,530,530,530,530,530,530,530,530,530,530,530,530,530,530,530,530,530,530,530,
size:24
[agent] id:25
path:75,110,145,180,215,250,251,252,253,254,255,255,255,255,255,255,255,255,255,255,255,255,255,255,255,255,255,255,255,255,255,255,255,255,255,255,255,255,255,255,255,255,255,
goal:255,255,255,255,255,255,255,255,255,255,255,255,255,255,255,255,255,255,255,255,255,255,255,255,255,255,255,255,255,255,255,255,255,255,255,255,255,255,255,255,255,255,255,
size:10
[agent] id:26
path:624,623,622,621,620,619,618,617,616,615,614,613,612,611,610,609,608,607,606,605,604,603,602,601,600,600,600,600,600,600,600,600,600,600,600,600,600,600,600,600,600,600,600,
goal:600,600,600,600,600,600,600,600,600,600,600,600,600,600,600,600,600,600,600,600,600,600,600,600,600,600,600,600,600,600,600,600,600,600,600,600,600,600,600,600,600,600,600,
size:24
[agent] id:27
path:467,432,397,396,395,394,393,392,391,356,321,286,251,250,249,248,247,212,212,212,212,212,212,212,212,212,212,212,212,212,212,212,212,212,212,212,212,212,212,212,212,212,212,
goal:212,212,212,212,212,212,212,212,212,212,212,212,212,212,212,212,212,212,212,212,212,212,212,212,212,212,212,212,212,212,212,212,212,212,212,212,212,212,212,212,212,212,212,
size:17
[agent] id:28
path:535,536,537,538,539,540,541,541,541,541,541,541,541,541,541,542,507,472,437,402,367,332,297,262,263,264,265,266,266,266,266,266,266,266,266,266,266,266,266,266,266,266,266,
goal:266,266,266,266,266,266,266,266,266,266,266,266,266,266,266,266,266,266,266,266,266,266,266,266,266,266,266,266,266,266,266,266,266,266,266,266,266,266,266,266,266,266,266,
size:27
[agent] id:29
path:209,208,207,206,205,204,203,202,201,200,199,198,197,196,195,194,193,192,191,190,189,188,187,187,187,187,187,187,187,187,187,187,187,187,187,187,187,187,187,187,187,187,187,
goal:187,187,187,187,187,187,187,187,187,187,187,187,187,187,187,187,187,187,187,187,187,187,187,187,187,187,187,187,187,187,187,187,187,187,187,187,187,187,187,187,187,187,187,
size:22
SolutionCost:582
