[setting] seed:92
[solver] type:ECBS
[solver] w:2.000000
[solver] ID:0
[solver] Lowlevelnode:7765
[solver] ConflictCount:14
[solver] solved:1
[solver] elapsed:47
[solver] makespan:48
[problem] timesteplimit:10000
[problem] type:MAPF
[problem] agentnum:30
[graph] width:35
[graph] height:21
[graph] filename:./map/warehouse_middle.map
[task] id:5,start:0,end:0,service time:0,nodes:698,
[task] id:11,start:0,end:0,service time:0,nodes:458,
[task] id:17,start:0,end:0,service time:0,nodes:156,
[task] id:29,start:0,end:0,service time:0,nodes:51,
[task] id:15,start:0,end:0,service time:0,nodes:389,
[task] id:30,start:0,end:0,service time:0,nodes:458,
[task] id:10,start:0,end:0,service time:0,nodes:610,
[task] id:22,start:0,end:0,service time:0,nodes:296,
[task] id:23,start:0,end:0,service time:0,nodes:460,
[task] id:24,start:0,end:0,service time:0,nodes:426,
[task] id:8,start:0,end:0,service time:0,nodes:544,
[task] id:9,start:0,end:0,service time:0,nodes:168,
[task] id:12,start:0,end:0,service time:0,nodes:629,
[task] id:25,start:0,end:0,service time:0,nodes:307,
[task] id:16,start:0,end:0,service time:0,nodes:464,
[task] id:2,start:0,end:0,service time:0,nodes:138,
[task] id:4,start:0,end:0,service time:0,nodes:309,
[task] id:3,start:0,end:0,service time:0,nodes:407,
[task] id:6,start:0,end:0,service time:0,nodes:404,
[task] id:14,start:0,end:0,service time:0,nodes:567,
[task] id:18,start:0,end:0,service time:0,nodes:5,
[task] id:20,start:0,end:0,service time:0,nodes:673,
[task] id:19,start:0,end:0,service time:0,nodes:40,
[task] id:27,start:0,end:0,service time:0,nodes:43,
[task] id:13,start:0,end:0,service time:0,nodes:494,
[task] id:26,start:0,end:0,service time:0,nodes:66,
[task] id:1,start:0,end:0,service time:0,nodes:574,
[task] id:0,start:0,end:0,service time:0,nodes:59,
[task] id:28,start:0,end:0,service time:0,nodes:206,
[task] id:21,start:0,end:0,service time:0,nodes:490,
[task] id:7,start:0,end:0,service time:0,nodes:596,
[agent] id:0
path:725,690,691,692,693,658,623,624,589,554,519,484,449,414,379,344,343,308,273,238,203,204,169,134,99,98,63,62,61,60,59,59,59,59,59,59,59,59,59,59,59,59,59,59,59,59,59,59,59,
goal:59,59,59,59,59,59,59,59,59,59,59,59,59,59,59,59,59,59,59,59,59,59,59,59,59,59,59,59,59,59,59,59,59,59,59,59,59,59,59,59,59,59,59,59,59,59,59,59,59,
size:30
[agent] id:1
path:19,54,53,52,87,52,17,17,52,87,122,157,192,227,262,297,332,331,332,367,402,437,472,507,542,577,576,575,574,574,574,574,574,574,574,574,574,574,574,574,574,574,574,574,574,574,574,574,574,
goal:574,574,574,574,574,574,574,574,574,574,574,574,574,574,574,574,574,574,574,574,574,574,574,574,574,574,574,574,574,574,574,574,574,574,574,574,574,574,574,574,574,574,574,574,574,574,574,574,574,
size:28
[agent] id:2
path:518,483,448,413,378,343,308,273,238,203,204,169,134,135,136,137,138,138,138,138,138,138,138,138,138,138,138,138,138,138,138,138,138,138,138,138,138,138,138,138,138,138,138,138,138,138,138,138,138,
goal:138,138,138,138,138,138,138,138,138,138,138,138,138,138,138,138,138,138,138,138,138,138,138,138,138,138,138,138,138,138,138,138,138,138,138,138,138,138,138,138,138,138,138,138,138,138,138,138,138,
size:16
[agent] id:3
path:697,662,627,592,557,522,487,452,417,416,415,414,413,412,411,410,409,408,407,407,407,407,407,407,407,407,407,407,407,407,407,407,407,407,407,407,407,407,407,407,407,407,407,407,407,407,407,407,407,
goal:407,407,407,407,407,407,407,407,407,407,407,407,407,407,407,407,407,407,407,407,407,407,407,407,407,407,407,407,407,407,407,407,407,407,407,407,407,407,407,407,407,407,407,407,407,407,407,407,407,
size:18
[agent] id:4
path:617,582,547,548,549,550,551,552,553,518,483,448,448,413,378,343,308,309,309,309,309,309,309,309,309,309,309,309,309,309,309,309,309,309,309,309,309,309,309,309,309,309,309,309,309,309,309,309,309,
goal:309,309,309,309,309,309,309,309,309,309,309,309,309,309,309,309,309,309,309,309,309,309,309,309,309,309,309,309,309,309,309,309,309,309,309,309,309,309,309,309,309,309,309,309,309,309,309,309,309,
size:17
[agent] id:5
path:729,694,695,696,697,698,698,698,698,698,698,698,698,698,698,698,698,698,698,698,698,698,698,698,698,698,698,698,698,698,698,698,698,698,698,698,698,698,698,698,698,698,698,698,698,698,698,698,698,
goal:698,698,698,698,698,698,698,698,698,698,698,698,698,698,698,698,698,698,698,698,698,698,698,698,698,698,698,698,698,698,698,698,698,698,698,698,698,698,698,698,698,698,698,698,698,698,698,698,698,
size:5
[agent] id:6
path:724,689,688,687,686,685,684,683,682,647,612,577,542,507,472,437,402,403,404,404,404,404,404,404,404,404,404,404,404,404,404,404,404,404,404,404,404,404,404,404,404,404,404,404,404,404,404,404,404,
goal:404,404,404,404,404,404,404,404,404,404,404,404,404,404,404,404,404,404,404,404,404,404,404,404,404,404,404,404,404,404,404,404,404,404,404,404,404,404,404,404,404,404,404,404,404,404,404,404,404,
size:18
[agent] id:7
path:68,103,138,173,208,243,278,313,348,383,418,453,488,487,486,485,484,483,482,481,480,479,478,477,476,475,474,473,472,507,542,541,540,539,538,573,608,607,606,605,604,603,602,601,600,599,598,597,596,
goal:596,596,596,596,596,596,596,596,596,596,596,596,596,596,596,596,596,596,596,596,596,596,596,596,596,596,596,596,596,596,596,596,596,596,596,596,596,596,596,596,596,596,596,596,596,596,596,596,596,
size:48
[agent] id:8
path:429,464,465,466,467,468,469,470,471,472,507,542,543,544,544,544,544,544,544,544,544,544,544,544,544,544,544,544,544,544,544,544,544,544,544,544,544,544,544,544,544,544,544,544,544,544,544,544,544,
goal:544,544,544,544,544,544,544,544,544,544,544,544,544,544,544,544,544,544,544,544,544,544,544,544,544,544,544,544,544,544,544,544,544,544,544,544,544,544,544,544,544,544,544,544,544,544,544,544,544,
size:13
[agent] id:9
path:555,520,485,450,415,380,345,310,275,240,205,170,169,168,168,168,168,168,168,168,168,168,168,168,168,168,168,168,168,168,168,168,168,168,168,168,168,168,168,168,168,168,168,168,168,168,168,168,168,
goal:168,168,168,168,168,168,168,168,168,168,168,168,168,168,168,168,168,168,168,168,168,168,168,168,168,168,168,168,168,168,168,168,168,168,168,168,168,168,168,168,168,168,168,168,168,168,168,168,168,
size:13
[agent] id:10
path:334,333,332,367,402,437,472,507,542,577,576,611,610,610,610,610,610,610,610,610,610,610,610,610,610,610,610,610,610,610,610,610,610,610,610,610,610,610,610,610,610,610,610,610,610,610,610,610,610,
goal:610,610,610,610,610,610,610,610,610,610,610,610,610,610,610,610,610,610,610,610,610,610,610,610,610,610,610,610,610,610,610,610,610,610,610,610,610,610,610,610,610,610,610,610,610,610,610,610,610,
size:12
[agent] id:11
path:316,351,386,421,456,457,458,458,458,457,457,458,458,458,458,458,458,458,458,458,458,458,458,458,458,458,458,458,458,458,458,458,458,458,458,458,458,458,458,458,458,458,458,458,458,458,458,458,458,
goal:458,458,458,458,458,458,458,458,458,458,458,458,458,458,458,458,458,458,458,458,458,458,458,458,458,458,458,458,458,458,458,458,458,458,458,458,458,458,458,458,458,458,458,458,458,458,458,458,458,
size:11
[agent] id:12
path:445,480,481,482,483,518,553,588,623,624,625,626,627,628,629,629,629,629,629,629,629,629,629,629,629,629,629,629,629,629,629,629,629,629,629,629,629,629,629,629,629,629,629,629,629,629,629,629,629,
goal:629,629,629,629,629,629,629,629,629,629,629,629,629,629,629,629,629,629,629,629,629,629,629,629,629,629,629,629,629,629,629,629,629,629,629,629,629,629,629,629,629,629,629,629,629,629,629,629,629,
size:14
[agent] id:13
path:449,448,447,446,445,444,443,442,441,440,439,438,437,436,435,434,433,432,431,430,429,428,463,462,461,496,495,494,494,494,494,494,494,494,494,494,494,494,494,494,494,494,494,494,494,494,494,494,494,
goal:494,494,494,494,494,494,494,494,494,494,494,494,494,494,494,494,494,494,494,494,494,494,494,494,494,494,494,494,494,494,494,494,494,494,494,494,494,494,494,494,494,494,494,494,494,494,494,494,494,
size:27
[agent] id:14
path:333,332,367,402,437,472,507,542,577,576,575,574,573,572,571,570,569,568,567,567,567,567,567,567,567,567,567,567,567,567,567,567,567,567,567,567,567,567,567,567,567,567,567,567,567,567,567,567,567,
goal:567,567,567,567,567,567,567,567,567,567,567,567,567,567,567,567,567,567,567,567,567,567,567,567,567,567,567,567,567,567,567,567,567,567,567,567,567,567,567,567,567,567,567,567,567,567,567,567,567,
size:18
[agent] id:15
path:109,144,179,214,249,284,319,354,389,389,389,389,389,389,389,389,389,389,389,389,389,389,389,389,389,389,389,389,389,389,389,389,389,389,389,389,389,389,389,389,389,389,389,389,389,389,389,389,389,
goal:389,389,389,389,389,389,389,389,389,389,389,389,389,389,389,389,389,389,389,389,389,389,389,389,389,389,389,389,389,389,389,389,389,389,389,389,389,389,389,389,389,389,389,389,389,389,389,389,389,
size:8
[agent] id:16
path:143,178,213,248,283,318,353,388,423,458,459,460,461,462,463,464,464,464,464,464,464,464,464,464,464,464,464,464,464,464,464,464,464,464,464,464,464,464,464,464,464,464,464,464,464,464,464,464,464,
goal:464,464,464,464,464,464,464,464,464,464,464,464,464,464,464,464,464,464,464,464,464,464,464,464,464,464,464,464,464,464,464,464,464,464,464,464,464,464,464,464,464,464,464,464,464,464,464,464,464,
size:15
[agent] id:17
path:298,263,262,227,192,157,156,156,156,156,156,156,156,156,156,156,156,156,156,156,156,156,156,156,156,156,156,156,156,156,156,156,156,156,156,156,156,156,156,156,156,156,156,156,156,156,156,156,156,
goal:156,156,156,156,156,156,156,156,156,156,156,156,156,156,156,156,156,156,156,156,156,156,156,156,156,156,156,156,156,156,156,156,156,156,156,156,156,156,156,156,156,156,156,156,156,156,156,156,156,
size:6
[agent] id:18
path:634,599,564,529,494,459,424,389,390,355,320,285,250,215,180,145,110,75,40,5,5,5,5,5,5,5,5,5,5,5,5,5,5,5,5,5,5,5,5,5,5,5,5,5,5,5,5,5,5,
goal:5,5,5,5,5,5,5,5,5,5,5,5,5,5,5,5,5,5,5,5,5,5,5,5,5,5,5,5,5,5,5,5,5,5,5,5,5,5,5,5,5,5,5,5,5,5,5,5,5,
size:19
[agent] id:19
path:472,437,402,401,400,399,398,397,396,395,394,393,392,391,356,321,286,251,216,181,146,111,76,75,75,40,40,40,40,40,40,40,40,40,40,40,40,40,40,40,40,40,40,40,40,40,40,40,40,
goal:40,40,40,40,40,40,40,40,40,40,40,40,40,40,40,40,40,40,40,40,40,40,40,40,40,40,40,40,40,40,40,40,40,40,40,40,40,40,40,40,40,40,40,40,40,40,40,40,40,
size:25
[agent] id:20
path:292,327,326,325,324,323,322,321,356,391,426,461,496,531,566,601,636,671,672,673,673,673,673,673,673,673,673,673,673,673,673,673,673,673,673,673,673,673,673,673,673,673,673,673,673,673,673,673,673,
goal:673,673,673,673,673,673,673,673,673,673,673,673,673,673,673,673,673,673,673,673,673,673,673,673,673,673,673,673,673,673,673,673,673,673,673,673,673,673,673,673,673,673,673,673,673,673,673,673,673,
size:19
[agent] id:21
path:137,172,207,242,277,312,347,346,345,344,343,342,341,340,339,338,337,336,335,334,333,332,367,402,401,400,399,398,397,396,395,394,393,392,391,390,425,424,423,422,457,492,491,490,490,490,490,490,490,
goal:490,490,490,490,490,490,490,490,490,490,490,490,490,490,490,490,490,490,490,490,490,490,490,490,490,490,490,490,490,490,490,490,490,490,490,490,490,490,490,490,490,490,490,490,490,490,490,490,490,
size:43
[agent] id:22
path:410,409,408,407,406,405,404,403,402,367,332,297,296,296,296,296,296,296,296,296,296,296,296,296,296,296,296,296,296,296,296,296,296,296,296,296,296,296,296,296,296,296,296,296,296,296,296,296,296,
goal:296,296,296,296,296,296,296,296,296,296,296,296,296,296,296,296,296,296,296,296,296,296,296,296,296,296,296,296,296,296,296,296,296,296,296,296,296,296,296,296,296,296,296,296,296,296,296,296,296,
size:12
[agent] id:23
path:108,143,178,213,248,283,318,353,388,423,458,459,460,460,460,460,460,460,460,460,460,460,460,460,460,460,460,460,460,460,460,460,460,460,460,460,460,460,460,460,460,460,460,460,460,460,460,460,460,
goal:460,460,460,460,460,460,460,460,460,460,460,460,460,460,460,460,460,460,460,460,460,460,460,460,460,460,460,460,460,460,460,460,460,460,460,460,460,460,460,460,460,460,460,460,460,460,460,460,460,
size:12
[agent] id:24
path:74,109,144,179,214,249,284,319,320,321,356,391,426,426,426,426,426,426,426,426,426,426,426,426,426,426,426,426,426,426,426,426,426,426,426,426,426,426,426,426,426,426,426,426,426,426,426,426,426,
goal:426,426,426,426,426,426,426,426,426,426,426,426,426,426,426,426,426,426,426,426,426,426,426,426,426,426,426,426,426,426,426,426,426,426,426,426,426,426,426,426,426,426,426,426,426,426,426,426,426,
size:12
[agent] id:25
path:57,58,59,60,61,62,63,98,133,168,203,238,273,308,307,307,307,307,307,307,307,307,307,307,307,307,307,307,307,307,307,307,307,307,307,307,307,307,307,307,307,307,307,307,307,307,307,307,307,
goal:307,307,307,307,307,307,307,307,307,307,307,307,307,307,307,307,307,307,307,307,307,307,307,307,307,307,307,307,307,307,307,307,307,307,307,307,307,307,307,307,307,307,307,307,307,307,307,307,307,
size:14
[agent] id:26
path:183,148,113,114,115,116,117,118,119,120,121,122,87,52,53,54,55,56,57,58,59,60,61,62,63,64,65,66,66,66,66,66,66,66,66,66,66,66,66,66,66,66,66,66,66,66,66,66,66,
goal:66,66,66,66,66,66,66,66,66,66,66,66,66,66,66,66,66,66,66,66,66,66,66,66,66,66,66,66,66,66,66,66,66,66,66,66,66,66,66,66,66,66,66,66,66,66,66,66,66,
size:27
[agent] id:27
path:665,630,595,560,525,490,455,420,385,350,315,280,245,210,175,140,105,70,35,36,37,38,39,40,41,42,43,43,43,43,43,43,43,43,43,43,43,43,43,43,43,43,43,43,43,43,43,43,43,
goal:43,43,43,43,43,43,43,43,43,43,43,43,43,43,43,43,43,43,43,43,43,43,43,43,43,43,43,43,43,43,43,43,43,43,43,43,43,43,43,43,43,43,43,43,43,43,43,43,43,
size:26
[agent] id:28
path:567,532,533,534,535,536,537,538,539,540,541,541,541,542,507,472,437,438,439,440,441,442,443,408,409,410,411,412,413,378,343,308,273,238,203,204,205,206,206,206,206,206,206,206,206,206,206,206,206,
goal:206,206,206,206,206,206,206,206,206,206,206,206,206,206,206,206,206,206,206,206,206,206,206,206,206,206,206,206,206,206,206,206,206,206,206,206,206,206,206,206,206,206,206,206,206,206,206,206,206,
size:37
[agent] id:29
path:194,159,124,123,122,87,52,51,51,51,51,51,51,51,51,51,51,51,51,51,51,51,51,51,51,51,51,51,51,51,51,51,51,51,51,51,51,51,51,51,51,51,51,51,51,51,51,51,51,
goal:51,51,51,51,51,51,51,51,51,51,51,51,51,51,51,51,51,51,51,51,51,51,51,51,51,51,51,51,51,51,51,51,51,51,51,51,51,51,51,51,51,51,51,51,51,51,51,51,51,
size:7
SolutionCost:570
