[setting] seed:46
[solver] type:ECBS
[solver] w:2.000000
[solver] ID:0
[solver] Lowlevelnode:3669
[solver] ConflictCount:11
[solver] solved:1
[solver] elapsed:24
[solver] makespan:41
[problem] timesteplimit:10000
[problem] type:MAPF
[problem] agentnum:30
[graph] width:35
[graph] height:21
[graph] filename:./map/warehouse_middle.map
[task] id:23,start:0,end:0,service time:0,nodes:272,
[task] id:19,start:0,end:0,service time:0,nodes:563,
[task] id:13,start:0,end:0,service time:0,nodes:205,
[task] id:10,start:0,end:0,service time:0,nodes:337,
[task] id:1,start:0,end:0,service time:0,nodes:546,
[task] id:21,start:0,end:0,service time:0,nodes:624,
[task] id:9,start:0,end:0,service time:0,nodes:568,
[task] id:16,start:0,end:0,service time:0,nodes:318,
[task] id:7,start:0,end:0,service time:0,nodes:699,
[task] id:28,start:0,end:0,service time:0,nodes:380,
[task] id:22,start:0,end:0,service time:0,nodes:470,
[task] id:27,start:0,end:0,service time:0,nodes:427,
[task] id:29,start:0,end:0,service time:0,nodes:50,
[task] id:18,start:0,end:0,service time:0,nodes:635,
[task] id:6,start:0,end:0,service time:0,nodes:279,
[task] id:24,start:0,end:0,service time:0,nodes:519,
[task] id:8,start:0,end:0,service time:0,nodes:712,
[task] id:14,start:0,end:0,service time:0,nodes:59,
[task] id:15,start:0,end:0,service time:0,nodes:446,
[task] id:4,start:0,end:0,service time:0,nodes:703,
[task] id:26,start:0,end:0,service time:0,nodes:409,
[task] id:3,start:0,end:0,service time:0,nodes:125,
[task] id:11,start:0,end:0,service time:0,nodes:685,
[task] id:20,start:0,end:0,service time:0,nodes:312,
[task] id:25,start:0,end:0,service time:0,nodes:134,
[task] id:0,start:0,end:0,service time:0,nodes:348,
[task] id:5,start:0,end:0,service time:0,nodes:195,
[task] id:2,start:0,end:0,service time:0,nodes:388,
[task] id:17,start:0,end:0,service time:0,nodes:560,
[task] id:12,start:0,end:0,service time:0,nodes:524,
[agent] id:0
path:711,676,677,678,679,680,681,682,647,612,577,578,579,580,581,582,547,548,549,550,551,552,553,518,483,448,413,378,343,344,345,346,347,348,348,348,348,348,348,348,348,348,
goal:348,348,348,348,348,348,348,348,348,348,348,348,348,348,348,348,348,348,348,348,348,348,348,348,348,348,348,348,348,348,348,348,348,348,348,348,348,348,348,348,348,348,
size:33
[agent] id:1
path:623,588,553,552,551,550,549,548,547,546,546,546,546,546,546,546,546,546,546,546,546,546,546,546,546,546,546,546,546,546,546,546,546,546,546,546,546,546,546,546,546,546,
goal:546,546,546,546,546,546,546,546,546,546,546,546,546,546,546,546,546,546,546,546,546,546,546,546,546,546,546,546,546,546,546,546,546,546,546,546,546,546,546,546,546,546,
size:9
[agent] id:2
path:101,136,171,206,241,276,311,310,309,308,307,306,305,304,303,302,301,336,335,334,333,332,367,402,401,400,399,398,397,396,395,394,393,392,391,390,389,388,388,388,388,388,
goal:388,388,388,388,388,388,388,388,388,388,388,388,388,388,388,388,388,388,388,388,388,388,388,388,388,388,388,388,388,388,388,388,388,388,388,388,388,388,388,388,388,388,
size:37
[agent] id:3
path:493,458,423,388,353,318,283,248,213,178,143,108,109,110,111,112,113,114,115,116,117,118,119,120,121,122,123,124,125,125,125,125,125,125,125,125,125,125,125,125,125,125,
goal:125,125,125,125,125,125,125,125,125,125,125,125,125,125,125,125,125,125,125,125,125,125,125,125,125,125,125,125,125,125,125,125,125,125,125,125,125,125,125,125,125,125,
size:28
[agent] id:4
path:297,296,295,294,293,292,291,326,325,324,323,322,321,356,391,426,461,496,531,566,601,636,671,706,705,704,703,703,703,703,703,703,703,703,703,703,703,703,703,703,703,703,
goal:703,703,703,703,703,703,703,703,703,703,703,703,703,703,703,703,703,703,703,703,703,703,703,703,703,703,703,703,703,703,703,703,703,703,703,703,703,703,703,703,703,703,
size:26
[agent] id:5
path:630,595,560,525,490,455,420,385,350,315,280,245,210,175,176,177,178,179,180,181,182,183,184,185,186,187,188,189,190,191,192,193,194,195,195,195,195,195,195,195,195,195,
goal:195,195,195,195,195,195,195,195,195,195,195,195,195,195,195,195,195,195,195,195,195,195,195,195,195,195,195,195,195,195,195,195,195,195,195,195,195,195,195,195,195,195,
size:33
[agent] id:6
path:726,691,692,693,658,623,588,589,554,519,484,449,414,379,344,309,274,275,276,277,278,279,279,279,279,279,279,279,279,279,279,279,279,279,279,279,279,279,279,279,279,279,
goal:279,279,279,279,279,279,279,279,279,279,279,279,279,279,279,279,279,279,279,279,279,279,279,279,279,279,279,279,279,279,279,279,279,279,279,279,279,279,279,279,279,279,
size:21
[agent] id:7
path:582,617,618,619,620,621,622,623,658,693,694,695,696,697,698,699,699,699,699,699,699,699,699,699,699,699,699,699,699,699,699,699,699,699,699,699,699,699,699,699,699,699,
goal:699,699,699,699,699,699,699,699,699,699,699,699,699,699,699,699,699,699,699,699,699,699,699,699,699,699,699,699,699,699,699,699,699,699,699,699,699,699,699,699,699,699,
size:15
[agent] id:8
path:410,445,480,479,478,477,476,475,474,473,472,507,542,577,612,647,682,717,716,715,714,713,712,712,712,712,712,712,712,712,712,712,712,712,712,712,712,712,712,712,712,712,
goal:712,712,712,712,712,712,712,712,712,712,712,712,712,712,712,712,712,712,712,712,712,712,712,712,712,712,712,712,712,712,712,712,712,712,712,712,712,712,712,712,712,712,
size:22
[agent] id:9
path:473,472,507,542,577,576,575,574,573,572,571,570,569,568,568,568,568,568,568,568,568,568,568,568,568,568,568,568,568,568,568,568,568,568,568,568,568,568,568,568,568,568,
goal:568,568,568,568,568,568,568,568,568,568,568,568,568,568,568,568,568,568,568,568,568,568,568,568,568,568,568,568,568,568,568,568,568,568,568,568,568,568,568,568,568,568,
size:13
[agent] id:10
path:272,307,306,305,304,303,302,337,337,337,337,337,337,337,337,337,337,337,337,337,337,337,337,337,337,337,337,337,337,337,337,337,337,337,337,337,337,337,337,337,337,337,
goal:337,337,337,337,337,337,337,337,337,337,337,337,337,337,337,337,337,337,337,337,337,337,337,337,337,337,337,337,337,337,337,337,337,337,337,337,337,337,337,337,337,337,
size:7
[agent] id:11
path:283,318,353,354,389,424,459,494,529,564,599,634,669,670,671,672,673,674,675,676,677,678,679,680,681,682,683,684,685,685,685,685,685,685,685,685,685,685,685,685,685,685,
goal:685,685,685,685,685,685,685,685,685,685,685,685,685,685,685,685,685,685,685,685,685,685,685,685,685,685,685,685,685,685,685,685,685,685,685,685,685,685,685,685,685,685,
size:28
[agent] id:12
path:75,110,145,180,215,250,285,320,355,390,391,392,393,394,395,396,431,432,433,434,435,436,471,472,473,474,475,476,477,478,479,480,481,482,483,484,485,520,521,522,523,524,
goal:524,524,524,524,524,524,524,524,524,524,524,524,524,524,524,524,524,524,524,524,524,524,524,524,524,524,524,524,524,524,524,524,524,524,524,524,524,524,524,524,524,524,
size:41
[agent] id:13
path:165,200,201,202,203,204,205,205,205,205,205,205,205,205,205,205,205,205,205,205,205,205,205,205,205,205,205,205,205,205,205,205,205,205,205,205,205,205,205,205,205,205,
goal:205,205,205,205,205,205,205,205,205,205,205,205,205,205,205,205,205,205,205,205,205,205,205,205,205,205,205,205,205,205,205,205,205,205,205,205,205,205,205,205,205,205,
size:6
[agent] id:14
path:251,216,181,146,111,76,41,42,43,44,45,46,47,48,49,50,51,52,53,54,55,56,57,58,59,59,59,59,59,59,59,59,59,59,59,59,59,59,59,59,59,59,
goal:59,59,59,59,59,59,59,59,59,59,59,59,59,59,59,59,59,59,59,59,59,59,59,59,59,59,59,59,59,59,59,59,59,59,59,59,59,59,59,59,59,59,
size:24
[agent] id:15
path:183,184,185,186,187,188,189,190,191,192,227,262,297,332,367,402,437,438,439,440,441,442,443,444,445,446,446,446,446,446,446,446,446,446,446,446,446,446,446,446,446,446,
goal:446,446,446,446,446,446,446,446,446,446,446,446,446,446,446,446,446,446,446,446,446,446,446,446,446,446,446,446,446,446,446,446,446,446,446,446,446,446,446,446,446,446,
size:25
[agent] id:16
path:535,534,533,532,531,496,461,426,391,356,321,320,319,318,318,318,318,318,318,318,318,318,318,318,318,318,318,318,318,318,318,318,318,318,318,318,318,318,318,318,318,318,
goal:318,318,318,318,318,318,318,318,318,318,318,318,318,318,318,318,318,318,318,318,318,318,318,318,318,318,318,318,318,318,318,318,318,318,318,318,318,318,318,318,318,318,
size:13
[agent] id:17
path:58,23,22,57,56,55,54,53,52,87,122,157,192,227,262,297,332,331,330,329,328,327,326,325,324,323,322,321,356,391,426,461,496,531,530,529,528,527,562,561,560,560,
goal:560,560,560,560,560,560,560,560,560,560,560,560,560,560,560,560,560,560,560,560,560,560,560,560,560,560,560,560,560,560,560,560,560,560,560,560,560,560,560,560,560,560,
size:40
[agent] id:18
path:4,39,74,109,144,179,214,249,284,319,354,389,424,459,494,529,564,599,634,635,635,635,635,635,635,635,635,635,635,635,635,635,635,635,635,635,635,635,635,635,635,635,
goal:635,635,635,635,635,635,635,635,635,635,635,635,635,635,635,635,635,635,635,635,635,635,635,635,635,635,635,635,635,635,635,635,635,635,635,635,635,635,635,635,635,635,
size:19
[agent] id:19
path:496,531,566,565,564,563,563,563,563,563,563,563,563,563,563,563,563,563,563,563,563,563,563,563,563,563,563,563,563,563,563,563,563,563,563,563,563,563,563,563,563,563,
goal:563,563,563,563,563,563,563,563,563,563,563,563,563,563,563,563,563,563,563,563,563,563,563,563,563,563,563,563,563,563,563,563,563,563,563,563,563,563,563,563,563,563,
size:5
[agent] id:20
path:284,285,286,287,288,289,290,291,292,293,294,295,296,297,298,299,300,301,302,303,304,305,306,307,308,309,310,311,312,312,312,312,312,312,312,312,312,312,312,312,312,312,
goal:312,312,312,312,312,312,312,312,312,312,312,312,312,312,312,312,312,312,312,312,312,312,312,312,312,312,312,312,312,312,312,312,312,312,312,312,312,312,312,312,312,312,
size:28
[agent] id:21
path:343,378,413,448,483,518,553,588,623,624,624,624,624,624,624,624,624,624,624,624,624,624,624,624,624,624,624,624,624,624,624,624,624,624,624,624,624,624,624,624,624,624,
goal:624,624,624,624,624,624,624,624,624,624,624,624,624,624,624,624,624,624,624,624,624,624,624,624,624,624,624,624,624,624,624,624,624,624,624,624,624,624,624,624,624,624,
size:9
[agent] id:22
path:253,288,323,324,325,326,327,328,329,330,331,332,367,402,437,472,471,470,470,470,470,470,470,470,470,470,470,470,470,470,470,470,470,470,470,470,470,470,470,470,470,470,
goal:470,470,470,470,470,470,470,470,470,470,470,470,470,470,470,470,470,470,470,470,470,470,470,470,470,470,470,470,470,470,470,470,470,470,470,470,470,470,470,470,470,470,
size:17
[agent] id:23
path:238,273,272,272,272,272,272,272,272,272,272,272,272,272,272,272,272,272,272,272,272,272,272,272,272,272,272,272,272,272,272,272,272,272,272,272,272,272,272,272,272,272,
goal:272,272,272,272,272,272,272,272,272,272,272,272,272,272,272,272,272,272,272,272,272,272,272,272,272,272,272,272,272,272,272,272,272,272,272,272,272,272,272,272,272,272,
size:2
[agent] id:24
path:56,57,58,59,60,61,62,63,98,133,168,203,238,273,308,343,378,413,448,483,518,519,519,519,519,519,519,519,519,519,519,519,519,519,519,519,519,519,519,519,519,519,
goal:519,519,519,519,519,519,519,519,519,519,519,519,519,519,519,519,519,519,519,519,519,519,519,519,519,519,519,519,519,519,519,519,519,519,519,519,519,519,519,519,519,519,
size:21
[agent] id:25
path:426,391,356,321,286,251,216,181,146,111,112,113,114,115,116,117,118,119,120,121,122,123,124,125,126,127,128,129,130,131,132,133,134,134,134,134,134,134,134,134,134,134,
goal:134,134,134,134,134,134,134,134,134,134,134,134,134,134,134,134,134,134,134,134,134,134,134,134,134,134,134,134,134,134,134,134,134,134,134,134,134,134,134,134,134,134,
size:32
[agent] id:26
path:110,145,180,215,250,285,320,355,390,391,392,393,394,395,396,397,398,399,400,401,402,403,404,405,406,407,408,409,409,409,409,409,409,409,409,409,409,409,409,409,409,409,
goal:409,409,409,409,409,409,409,409,409,409,409,409,409,409,409,409,409,409,409,409,409,409,409,409,409,409,409,409,409,409,409,409,409,409,409,409,409,409,409,409,409,409,
size:27
[agent] id:27
path:612,577,542,543,542,507,472,437,436,435,434,433,432,431,430,429,428,427,427,427,427,427,427,427,427,427,427,427,427,427,427,427,427,427,427,427,427,427,427,427,427,427,
goal:427,427,427,427,427,427,427,427,427,427,427,427,427,427,427,427,427,427,427,427,427,427,427,427,427,427,427,427,427,427,427,427,427,427,427,427,427,427,427,427,427,427,
size:17
[agent] id:28
path:367,332,333,334,335,336,337,338,339,340,341,342,343,378,379,380,380,380,380,380,380,380,380,380,380,380,380,380,380,380,380,380,380,380,380,380,380,380,380,380,380,380,
goal:380,380,380,380,380,380,380,380,380,380,380,380,380,380,380,380,380,380,380,380,380,380,380,380,380,380,380,380,380,380,380,380,380,380,380,380,380,380,380,380,380,380,
size:15
[agent] id:29
path:249,214,179,144,145,110,75,40,41,42,43,44,45,46,47,48,49,50,50,50,50,50,50,50,50,50,50,50,50,50,50,50,50,50,50,50,50,50,50,50,50,50,
goal:50,50,50,50,50,50,50,50,50,50,50,50,50,50,50,50,50,50,50,50,50,50,50,50,50,50,50,50,50,50,50,50,50,50,50,50,50,50,50,50,50,50,
size:17
SolutionCost:630
