[setting] seed:56
[solver] type:ECBS
[solver] w:2.000000
[solver] ID:0
[solver] Lowlevelnode:6114
[solver] ConflictCount:13
[solver] solved:1
[solver] elapsed:43
[solver] makespan:39
[problem] timesteplimit:10000
[problem] type:MAPF
[problem] agentnum:30
[graph] width:35
[graph] height:21
[graph] filename:./map/warehouse_middle.map
[task] id:20,start:0,end:0,service time:0,nodes:107,
[task] id:17,start:0,end:0,service time:0,nodes:465,
[task] id:19,start:0,end:0,service time:0,nodes:469,
[task] id:10,start:0,end:0,service time:0,nodes:554,
[task] id:22,start:0,end:0,service time:0,nodes:28,
[task] id:23,start:0,end:0,service time:0,nodes:530,
[task] id:3,start:0,end:0,service time:0,nodes:542,
[task] id:4,start:0,end:0,service time:0,nodes:495,
[task] id:27,start:0,end:0,service time:0,nodes:240,
[task] id:5,start:0,end:0,service time:0,nodes:296,
[task] id:12,start:0,end:0,service time:0,nodes:475,
[task] id:13,start:0,end:0,service time:0,nodes:710,
[task] id:16,start:0,end:0,service time:0,nodes:314,
[task] id:14,start:0,end:0,service time:0,nodes:661,
[task] id:15,start:0,end:0,service time:0,nodes:566,
[task] id:28,start:0,end:0,service time:0,nodes:76,
[task] id:26,start:0,end:0,service time:0,nodes:98,
[task] id:6,start:0,end:0,service time:0,nodes:351,
[task] id:8,start:0,end:0,service time:0,nodes:401,
[task] id:1,start:0,end:0,service time:0,nodes:49,
[task] id:21,start:0,end:0,service time:0,nodes:14,
[task] id:11,start:0,end:0,service time:0,nodes:400,
[task] id:2,start:0,end:0,service time:0,nodes:241,
[task] id:18,start:0,end:0,service time:0,nodes:172,
[task] id:7,start:0,end:0,service time:0,nodes:662,
[task] id:25,start:0,end:0,service time:0,nodes:25,
[task] id:24,start:0,end:0,service time:0,nodes:676,
[task] id:0,start:0,end:0,service time:0,nodes:610,
[task] id:29,start:0,end:0,service time:0,nodes:173,
[task] id:9,start:0,end:0,service time:0,nodes:672,
[agent] id:0
path:269,304,339,340,341,342,343,344,379,414,449,484,519,519,518,553,588,623,622,621,620,619,618,617,616,615,614,613,612,611,610,610,610,610,610,610,610,610,610,610,
goal:610,610,610,610,610,610,610,610,610,610,610,610,610,610,610,610,610,610,610,610,610,610,610,610,610,610,610,610,610,610,610,610,610,610,610,610,610,610,610,610,
size:30
[agent] id:1
path:580,545,544,543,542,507,472,437,402,367,332,297,262,227,192,157,122,87,52,51,50,49,49,49,49,49,49,49,49,49,49,49,49,49,49,49,49,49,49,49,
goal:49,49,49,49,49,49,49,49,49,49,49,49,49,49,49,49,49,49,49,49,49,49,49,49,49,49,49,49,49,49,49,49,49,49,49,49,49,49,49,49,
size:21
[agent] id:2
path:543,542,507,472,437,402,367,332,297,262,263,264,265,266,267,268,269,270,271,272,272,273,274,275,276,241,241,241,241,241,241,241,241,241,241,241,241,241,241,241,
goal:241,241,241,241,241,241,241,241,241,241,241,241,241,241,241,241,241,241,241,241,241,241,241,241,241,241,241,241,241,241,241,241,241,241,241,241,241,241,241,241,
size:25
[agent] id:3
path:531,532,533,534,535,536,537,538,539,540,541,542,542,542,542,542,542,542,542,542,542,542,542,542,542,542,542,542,542,542,542,542,542,542,542,542,542,542,542,542,
goal:542,542,542,542,542,542,542,542,542,542,542,542,542,542,542,542,542,542,542,542,542,542,542,542,542,542,542,542,542,542,542,542,542,542,542,542,542,542,542,542,
size:11
[agent] id:4
path:575,574,573,572,571,570,535,534,533,532,531,496,495,495,495,495,495,495,495,495,495,495,495,495,495,495,495,495,495,495,495,495,495,495,495,495,495,495,495,495,
goal:495,495,495,495,495,495,495,495,495,495,495,495,495,495,495,495,495,495,495,495,495,495,495,495,495,495,495,495,495,495,495,495,495,495,495,495,495,495,495,495,
size:12
[agent] id:5
path:215,250,285,286,287,288,289,290,291,292,293,294,295,296,296,296,296,296,296,296,296,296,296,296,296,296,296,296,296,296,296,296,296,296,296,296,296,296,296,296,
goal:296,296,296,296,296,296,296,296,296,296,296,296,296,296,296,296,296,296,296,296,296,296,296,296,296,296,296,296,296,296,296,296,296,296,296,296,296,296,296,296,
size:13
[agent] id:6
path:46,45,44,43,42,41,76,111,146,181,216,215,250,285,320,355,354,353,352,351,351,351,351,351,351,351,351,351,351,351,351,351,351,351,351,351,351,351,351,351,
goal:351,351,351,351,351,351,351,351,351,351,351,351,351,351,351,351,351,351,351,351,351,351,351,351,351,351,351,351,351,351,351,351,351,351,351,351,351,351,351,351,
size:19
[agent] id:7
path:124,159,194,195,196,197,198,199,200,201,202,203,238,273,308,343,378,379,414,449,484,519,520,555,590,625,626,627,662,662,662,662,662,662,662,662,662,662,662,662,
goal:662,662,662,662,662,662,662,662,662,662,662,662,662,662,662,662,662,662,662,662,662,662,662,662,662,662,662,662,662,662,662,662,662,662,662,662,662,662,662,662,
size:28
[agent] id:8
path:490,455,420,385,386,387,388,389,390,391,392,393,394,395,396,397,398,399,400,401,401,401,401,401,401,401,401,401,401,401,401,401,401,401,401,401,401,401,401,401,
goal:401,401,401,401,401,401,401,401,401,401,401,401,401,401,401,401,401,401,401,401,401,401,401,401,401,401,401,401,401,401,401,401,401,401,401,401,401,401,401,401,
size:19
[agent] id:9
path:277,312,347,382,417,452,487,522,557,592,627,626,625,624,623,622,621,620,619,618,617,616,615,614,613,612,611,610,609,608,607,606,605,604,603,602,601,636,671,672,
goal:672,672,672,672,672,672,672,672,672,672,672,672,672,672,672,672,672,672,672,672,672,672,672,672,672,672,672,672,672,672,672,672,672,672,672,672,672,672,672,672,
size:39
[agent] id:10
path:444,479,480,481,482,483,518,553,554,554,554,554,554,554,554,554,554,554,554,554,554,554,554,554,554,554,554,554,554,554,554,554,554,554,554,554,554,554,554,554,
goal:554,554,554,554,554,554,554,554,554,554,554,554,554,554,554,554,554,554,554,554,554,554,554,554,554,554,554,554,554,554,554,554,554,554,554,554,554,554,554,554,
size:8
[agent] id:11
path:36,71,106,141,176,211,246,281,316,351,386,387,388,389,390,391,392,393,394,395,396,397,398,399,400,400,400,400,400,400,400,400,400,400,400,400,400,400,400,400,
goal:400,400,400,400,400,400,400,400,400,400,400,400,400,400,400,400,400,400,400,400,400,400,400,400,400,400,400,400,400,400,400,400,400,400,400,400,400,400,400,400,
size:24
[agent] id:12
path:523,522,487,486,485,484,483,482,481,480,479,478,477,476,475,475,475,475,475,475,475,475,475,475,475,475,475,475,475,475,475,475,475,475,475,475,475,475,475,475,
goal:475,475,475,475,475,475,475,475,475,475,475,475,475,475,475,475,475,475,475,475,475,475,475,475,475,475,475,475,475,475,475,475,475,475,475,475,475,475,475,475,
size:14
[agent] id:13
path:457,492,527,562,597,632,667,702,703,704,705,706,707,708,709,710,710,710,710,710,710,710,710,710,710,710,710,710,710,710,710,710,710,710,710,710,710,710,710,710,
goal:710,710,710,710,710,710,710,710,710,710,710,710,710,710,710,710,710,710,710,710,710,710,710,710,710,710,710,710,710,710,710,710,710,710,710,710,710,710,710,710,
size:15
[agent] id:14
path:271,306,341,342,343,378,379,414,449,484,519,520,555,590,625,660,661,661,661,661,661,661,661,661,661,661,661,661,661,661,661,661,661,661,661,661,661,661,661,661,
goal:661,661,661,661,661,661,661,661,661,661,661,661,661,661,661,661,661,661,661,661,661,661,661,661,661,661,661,661,661,661,661,661,661,661,661,661,661,661,661,661,
size:16
[agent] id:15
path:176,211,246,281,316,351,386,421,456,491,526,561,562,563,564,565,566,566,566,566,566,566,566,566,566,566,566,566,566,566,566,566,566,566,566,566,566,566,566,566,
goal:566,566,566,566,566,566,566,566,566,566,566,566,566,566,566,566,566,566,566,566,566,566,566,566,566,566,566,566,566,566,566,566,566,566,566,566,566,566,566,566,
size:16
[agent] id:16
path:551,552,553,518,483,448,413,378,343,308,309,310,311,312,313,314,314,314,314,314,314,314,314,314,314,314,314,314,314,314,314,314,314,314,314,314,314,314,314,314,
goal:314,314,314,314,314,314,314,314,314,314,314,314,314,314,314,314,314,314,314,314,314,314,314,314,314,314,314,314,314,314,314,314,314,314,314,314,314,314,314,314,
size:15
[agent] id:17
path:470,469,468,467,466,465,465,465,465,465,465,465,465,465,465,465,465,465,465,465,465,465,465,465,465,465,465,465,465,465,465,465,465,465,465,465,465,465,465,465,
goal:465,465,465,465,465,465,465,465,465,465,465,465,465,465,465,465,465,465,465,465,465,465,465,465,465,465,465,465,465,465,465,465,465,465,465,465,465,465,465,465,
size:5
[agent] id:18
path:721,686,687,688,689,690,691,692,693,658,623,588,553,518,483,448,413,378,343,308,273,238,203,168,169,170,171,172,172,172,172,172,172,172,172,172,172,172,172,172,
goal:172,172,172,172,172,172,172,172,172,172,172,172,172,172,172,172,172,172,172,172,172,172,172,172,172,172,172,172,172,172,172,172,172,172,172,172,172,172,172,172,
size:27
[agent] id:19
path:542,507,472,471,470,469,469,469,469,469,469,469,469,469,469,469,469,469,469,469,469,469,469,469,469,469,469,469,469,469,469,469,469,469,469,469,469,469,469,469,
goal:469,469,469,469,469,469,469,469,469,469,469,469,469,469,469,469,469,469,469,469,469,469,469,469,469,469,469,469,469,469,469,469,469,469,469,469,469,469,469,469,
size:5
[agent] id:20
path:35,70,105,106,107,107,107,107,107,107,107,107,107,107,107,107,107,107,107,107,107,107,107,107,107,107,107,107,107,107,107,107,107,107,107,107,107,107,107,107,
goal:107,107,107,107,107,107,107,107,107,107,107,107,107,107,107,107,107,107,107,107,107,107,107,107,107,107,107,107,107,107,107,107,107,107,107,107,107,107,107,107,
size:4
[agent] id:21
path:173,138,103,68,33,32,31,30,29,28,27,26,25,24,23,22,21,20,19,18,17,16,15,14,14,14,14,14,14,14,14,14,14,14,14,14,14,14,14,14,
goal:14,14,14,14,14,14,14,14,14,14,14,14,14,14,14,14,14,14,14,14,14,14,14,14,14,14,14,14,14,14,14,14,14,14,14,14,14,14,14,14,
size:23
[agent] id:22
path:308,273,238,203,168,133,134,99,64,29,28,28,28,28,28,28,28,28,28,28,28,28,28,28,28,28,28,28,28,28,28,28,28,28,28,28,28,28,28,28,
goal:28,28,28,28,28,28,28,28,28,28,28,28,28,28,28,28,28,28,28,28,28,28,28,28,28,28,28,28,28,28,28,28,28,28,28,28,28,28,28,28,
size:10
[agent] id:23
path:316,351,386,421,456,491,526,527,528,529,530,530,530,530,530,530,530,530,530,530,530,530,530,530,530,530,530,530,530,530,530,530,530,530,530,530,530,530,530,530,
goal:530,530,530,530,530,530,530,530,530,530,530,530,530,530,530,530,530,530,530,530,530,530,530,530,530,530,530,530,530,530,530,530,530,530,530,530,530,530,530,530,
size:10
[agent] id:24
path:453,488,523,558,593,628,663,698,697,696,695,694,693,692,691,690,689,688,687,686,685,684,683,682,681,680,679,678,677,676,676,676,676,676,676,676,676,676,676,676,
goal:676,676,676,676,676,676,676,676,676,676,676,676,676,676,676,676,676,676,676,676,676,676,676,676,676,676,676,676,676,676,676,676,676,676,676,676,676,676,676,676,
size:29
[agent] id:25
path:683,682,647,612,577,542,507,472,437,402,367,332,297,262,227,192,157,122,87,52,53,18,19,20,21,22,23,24,25,25,25,25,25,25,25,25,25,25,25,25,
goal:25,25,25,25,25,25,25,25,25,25,25,25,25,25,25,25,25,25,25,25,25,25,25,25,25,25,25,25,25,25,25,25,25,25,25,25,25,25,25,25,
size:28
[agent] id:26
path:479,480,445,410,411,412,412,413,378,343,308,273,274,239,204,169,134,99,98,98,98,98,98,98,98,98,98,98,98,98,98,98,98,98,98,98,98,98,98,98,
goal:98,98,98,98,98,98,98,98,98,98,98,98,98,98,98,98,98,98,98,98,98,98,98,98,98,98,98,98,98,98,98,98,98,98,98,98,98,98,98,98,
size:18
[agent] id:27
path:24,59,60,61,62,63,98,133,168,203,238,239,240,240,240,240,240,240,240,240,240,240,240,240,240,240,240,240,240,240,240,240,240,240,240,240,240,240,240,240,
goal:240,240,240,240,240,240,240,240,240,240,240,240,240,240,240,240,240,240,240,240,240,240,240,240,240,240,240,240,240,240,240,240,240,240,240,240,240,240,240,240,
size:12
[agent] id:28
path:330,295,260,259,258,257,256,255,254,253,252,251,216,181,146,111,76,76,76,76,76,76,76,76,76,76,76,76,76,76,76,76,76,76,76,76,76,76,76,76,
goal:76,76,76,76,76,76,76,76,76,76,76,76,76,76,76,76,76,76,76,76,76,76,76,76,76,76,76,76,76,76,76,76,76,76,76,76,76,76,76,76,
size:16
[agent] id:29
path:75,110,111,112,113,114,115,116,117,118,119,120,121,122,123,124,125,126,127,128,129,130,131,132,133,134,135,136,137,138,173,173,173,173,173,173,173,173,173,173,
goal:173,173,173,173,173,173,173,173,173,173,173,173,173,173,173,173,173,173,173,173,173,173,173,173,173,173,173,173,173,173,173,173,173,173,173,173,173,173,173,173,
size:30
SolutionCost:542
