[setting] seed:20
[solver] type:ECBS
[solver] w:2.000000
[solver] ID:0
[solver] Lowlevelnode:5689
[solver] ConflictCount:14
[solver] solved:1
[solver] elapsed:35
[solver] makespan:39
[problem] timesteplimit:10000
[problem] type:MAPF
[problem] agentnum:30
[graph] width:35
[graph] height:21
[graph] filename:./map/warehouse_middle.map
[task] id:9,start:0,end:0,service time:0,nodes:496,
[task] id:22,start:0,end:0,service time:0,nodes:615,
[task] id:10,start:0,end:0,service time:0,nodes:185,
[task] id:21,start:0,end:0,service time:0,nodes:346,
[task] id:3,start:0,end:0,service time:0,nodes:719,
[task] id:15,start:0,end:0,service time:0,nodes:479,
[task] id:24,start:0,end:0,service time:0,nodes:26,
[task] id:14,start:0,end:0,service time:0,nodes:384,
[task] id:17,start:0,end:0,service time:0,nodes:332,
[task] id:23,start:0,end:0,service time:0,nodes:244,
[task] id:29,start:0,end:0,service time:0,nodes:248,
[task] id:2,start:0,end:0,service time:0,nodes:711,
[task] id:13,start:0,end:0,service time:0,nodes:249,
[task] id:30,start:0,end:0,service time:0,nodes:332,
[task] id:18,start:0,end:0,service time:0,nodes:311,
[task] id:16,start:0,end:0,service time:0,nodes:409,
[task] id:19,start:0,end:0,service time:0,nodes:419,
[task] id:28,start:0,end:0,service time:0,nodes:256,
[task] id:12,start:0,end:0,service time:0,nodes:340,
[task] id:27,start:0,end:0,service time:0,nodes:153,
[task] id:1,start:0,end:0,service time:0,nodes:45,
[task] id:4,start:0,end:0,service time:0,nodes:630,
[task] id:5,start:0,end:0,service time:0,nodes:435,
[task] id:0,start:0,end:0,service time:0,nodes:24,
[task] id:8,start:0,end:0,service time:0,nodes:703,
[task] id:11,start:0,end:0,service time:0,nodes:720,
[task] id:6,start:0,end:0,service time:0,nodes:592,
[task] id:26,start:0,end:0,service time:0,nodes:715,
[task] id:20,start:0,end:0,service time:0,nodes:626,
[task] id:7,start:0,end:0,service time:0,nodes:596,
[task] id:25,start:0,end:0,service time:0,nodes:725,
[agent] id:0
path:476,441,406,407,408,409,410,411,412,412,412,413,378,343,308,273,238,203,168,133,98,63,62,61,60,25,24,24,24,24,24,24,24,24,24,24,24,24,24,24,
goal:24,24,24,24,24,24,24,24,24,24,24,24,24,24,24,24,24,24,24,24,24,24,24,24,24,24,24,24,24,24,24,24,24,24,24,24,24,24,24,24,
size:26
[agent] id:1
path:64,63,62,61,60,59,58,57,56,55,54,53,52,51,50,49,48,47,46,45,45,45,45,45,45,45,45,45,45,45,45,45,45,45,45,45,45,45,45,45,
goal:45,45,45,45,45,45,45,45,45,45,45,45,45,45,45,45,45,45,45,45,45,45,45,45,45,45,45,45,45,45,45,45,45,45,45,45,45,45,45,45,
size:19
[agent] id:2
path:572,607,606,605,604,603,602,601,636,671,706,707,708,709,710,711,711,711,711,711,711,711,711,711,711,711,711,711,711,711,711,711,711,711,711,711,711,711,711,711,
goal:711,711,711,711,711,711,711,711,711,711,711,711,711,711,711,711,711,711,711,711,711,711,711,711,711,711,711,711,711,711,711,711,711,711,711,711,711,711,711,711,
size:15
[agent] id:3
path:543,578,613,613,613,612,647,682,717,718,719,719,719,719,719,719,719,719,719,719,719,719,719,719,719,719,719,719,719,719,719,719,719,719,719,719,719,719,719,719,
goal:719,719,719,719,719,719,719,719,719,719,719,719,719,719,719,719,719,719,719,719,719,719,719,719,719,719,719,719,719,719,719,719,719,719,719,719,719,719,719,719,
size:10
[agent] id:4
path:647,612,611,610,609,608,607,606,605,604,603,602,601,636,635,634,633,632,631,630,630,630,630,630,630,630,630,630,630,630,630,630,630,630,630,630,630,630,630,630,
goal:630,630,630,630,630,630,630,630,630,630,630,630,630,630,630,630,630,630,630,630,630,630,630,630,630,630,630,630,630,630,630,630,630,630,630,630,630,630,630,630,
size:19
[agent] id:5
path:22,57,56,55,54,53,52,87,122,157,192,227,262,297,332,367,402,437,436,435,435,435,435,435,435,435,435,435,435,435,435,435,435,435,435,435,435,435,435,435,
goal:435,435,435,435,435,435,435,435,435,435,435,435,435,435,435,435,435,435,435,435,435,435,435,435,435,435,435,435,435,435,435,435,435,435,435,435,435,435,435,435,
size:19
[agent] id:6
path:322,323,324,325,326,327,328,329,330,331,332,367,402,437,472,507,542,577,578,579,580,581,582,583,584,585,586,587,588,589,590,591,592,592,592,592,592,592,592,592,
goal:592,592,592,592,592,592,592,592,592,592,592,592,592,592,592,592,592,592,592,592,592,592,592,592,592,592,592,592,592,592,592,592,592,592,592,592,592,592,592,592,
size:32
[agent] id:7
path:306,305,304,303,302,337,336,335,334,333,333,332,367,402,437,472,507,542,577,612,611,610,609,608,607,606,605,604,603,602,601,600,599,598,597,596,596,596,596,596,
goal:596,596,596,596,596,596,596,596,596,596,596,596,596,596,596,596,596,596,596,596,596,596,596,596,596,596,596,596,596,596,596,596,596,596,596,596,596,596,596,596,
size:35
[agent] id:8
path:187,186,185,184,183,182,147,146,181,216,251,286,321,356,391,426,461,460,495,530,565,600,635,670,705,704,703,703,703,703,703,703,703,703,703,703,703,703,703,703,
goal:703,703,703,703,703,703,703,703,703,703,703,703,703,703,703,703,703,703,703,703,703,703,703,703,703,703,703,703,703,703,703,703,703,703,703,703,703,703,703,703,
size:26
[agent] id:9
path:285,320,355,390,425,460,495,496,496,496,496,496,496,496,496,496,496,496,496,496,496,496,496,496,496,496,496,496,496,496,496,496,496,496,496,496,496,496,496,496,
goal:496,496,496,496,496,496,496,496,496,496,496,496,496,496,496,496,496,496,496,496,496,496,496,496,496,496,496,496,496,496,496,496,496,496,496,496,496,496,496,496,
size:7
[agent] id:10
path:254,253,252,251,216,181,182,183,184,185,185,185,185,185,185,185,185,185,185,185,185,185,185,185,185,185,185,185,185,185,185,185,185,185,185,185,185,185,185,185,
goal:185,185,185,185,185,185,185,185,185,185,185,185,185,185,185,185,185,185,185,185,185,185,185,185,185,185,185,185,185,185,185,185,185,185,185,185,185,185,185,185,
size:9
[agent] id:11
path:320,355,390,425,460,495,530,565,600,635,670,671,672,673,674,675,676,677,678,679,680,681,682,683,684,685,720,720,720,720,720,720,720,720,720,720,720,720,720,720,
goal:720,720,720,720,720,720,720,720,720,720,720,720,720,720,720,720,720,720,720,720,720,720,720,720,720,720,720,720,720,720,720,720,720,720,720,720,720,720,720,720,
size:26
[agent] id:12
path:34,69,104,139,174,209,244,279,314,313,312,311,310,345,344,343,342,341,340,340,340,340,340,340,340,340,340,340,340,340,340,340,340,340,340,340,340,340,340,340,
goal:340,340,340,340,340,340,340,340,340,340,340,340,340,340,340,340,340,340,340,340,340,340,340,340,340,340,340,340,340,340,340,340,340,340,340,340,340,340,340,340,
size:18
[agent] id:13
path:666,631,596,561,526,491,456,421,386,351,316,281,282,283,284,249,249,249,249,249,249,249,249,249,249,249,249,249,249,249,249,249,249,249,249,249,249,249,249,249,
goal:249,249,249,249,249,249,249,249,249,249,249,249,249,249,249,249,249,249,249,249,249,249,249,249,249,249,249,249,249,249,249,249,249,249,249,249,249,249,249,249,
size:15
[agent] id:14
path:304,339,340,341,342,343,378,379,380,381,382,383,384,384,384,384,384,384,384,384,384,384,384,384,384,384,384,384,384,384,384,384,384,384,384,384,384,384,384,384,
goal:384,384,384,384,384,384,384,384,384,384,384,384,384,384,384,384,384,384,384,384,384,384,384,384,384,384,384,384,384,384,384,384,384,384,384,384,384,384,384,384,
size:12
[agent] id:15
path:381,416,451,486,485,484,483,482,481,480,479,479,479,479,479,479,479,479,479,479,479,479,479,479,479,479,479,479,479,479,479,479,479,479,479,479,479,479,479,479,
goal:479,479,479,479,479,479,479,479,479,479,479,479,479,479,479,479,479,479,479,479,479,479,479,479,479,479,479,479,479,479,479,479,479,479,479,479,479,479,479,479,
size:10
[agent] id:16
path:683,682,647,612,577,542,507,472,437,402,403,404,405,406,407,408,409,409,409,409,409,409,409,409,409,409,409,409,409,409,409,409,409,409,409,409,409,409,409,409,
goal:409,409,409,409,409,409,409,409,409,409,409,409,409,409,409,409,409,409,409,409,409,409,409,409,409,409,409,409,409,409,409,409,409,409,409,409,409,409,409,409,
size:16
[agent] id:17
path:252,287,322,323,324,325,326,327,328,329,330,331,332,332,331,332,332,332,332,332,332,332,332,332,332,332,332,332,332,332,332,332,332,332,332,332,332,332,332,332,
goal:332,332,332,332,332,332,332,332,332,332,332,332,332,332,332,332,332,332,332,332,332,332,332,332,332,332,332,332,332,332,332,332,332,332,332,332,332,332,332,332,
size:15
[agent] id:18
path:620,585,550,551,552,553,518,483,448,413,378,343,308,309,310,311,311,311,311,311,311,311,311,311,311,311,311,311,311,311,311,311,311,311,311,311,311,311,311,311,
goal:311,311,311,311,311,311,311,311,311,311,311,311,311,311,311,311,311,311,311,311,311,311,311,311,311,311,311,311,311,311,311,311,311,311,311,311,311,311,311,311,
size:15
[agent] id:19
path:267,302,337,338,339,340,341,342,343,378,379,414,415,416,417,418,419,419,419,419,419,419,419,419,419,419,419,419,419,419,419,419,419,419,419,419,419,419,419,419,
goal:419,419,419,419,419,419,419,419,419,419,419,419,419,419,419,419,419,419,419,419,419,419,419,419,419,419,419,419,419,419,419,419,419,419,419,419,419,419,419,419,
size:16
[agent] id:20
path:288,289,290,291,292,293,294,295,296,297,298,299,300,301,302,303,304,305,306,341,342,343,378,413,448,483,518,553,554,555,556,556,591,626,626,626,626,626,626,626,
goal:626,626,626,626,626,626,626,626,626,626,626,626,626,626,626,626,626,626,626,626,626,626,626,626,626,626,626,626,626,626,626,626,626,626,626,626,626,626,626,626,
size:33
[agent] id:21
path:99,134,135,170,205,240,275,310,345,346,346,346,346,346,346,346,346,346,346,346,346,346,346,346,346,346,346,346,346,346,346,346,346,346,346,346,346,346,346,346,
goal:346,346,346,346,346,346,346,346,346,346,346,346,346,346,346,346,346,346,346,346,346,346,346,346,346,346,346,346,346,346,346,346,346,346,346,346,346,346,346,346,
size:9
[agent] id:22
path:587,622,621,620,619,618,617,616,615,615,615,615,615,615,615,615,615,615,615,615,615,615,615,615,615,615,615,615,615,615,615,615,615,615,615,615,615,615,615,615,
goal:615,615,615,615,615,615,615,615,615,615,615,615,615,615,615,615,615,615,615,615,615,615,615,615,615,615,615,615,615,615,615,615,615,615,615,615,615,615,615,615,
size:8
[agent] id:23
path:519,484,449,414,379,344,309,274,239,240,241,242,243,244,244,244,244,244,244,244,244,244,244,244,244,244,244,244,244,244,244,244,244,244,244,244,244,244,244,244,
goal:244,244,244,244,244,244,244,244,244,244,244,244,244,244,244,244,244,244,244,244,244,244,244,244,244,244,244,244,244,244,244,244,244,244,244,244,244,244,244,244,
size:13
[agent] id:24
path:51,16,17,18,19,20,21,22,23,24,25,26,26,26,26,26,26,26,26,26,26,26,26,26,26,26,26,26,26,26,26,26,26,26,26,26,26,26,26,26,
goal:26,26,26,26,26,26,26,26,26,26,26,26,26,26,26,26,26,26,26,26,26,26,26,26,26,26,26,26,26,26,26,26,26,26,26,26,26,26,26,26,
size:11
[agent] id:25
path:212,247,282,317,352,387,422,457,492,527,562,597,632,667,668,669,670,671,672,673,674,675,676,677,712,713,714,715,716,717,718,683,684,685,686,721,722,723,724,725,
goal:725,725,725,725,725,725,725,725,725,725,725,725,725,725,725,725,725,725,725,725,725,725,725,725,725,725,725,725,725,725,725,725,725,725,725,725,725,725,725,725,
size:39
[agent] id:26
path:168,203,238,273,308,308,343,378,413,414,449,484,519,554,589,624,659,694,693,692,691,690,689,688,687,686,685,684,683,682,681,716,715,715,715,715,715,715,715,715,
goal:715,715,715,715,715,715,715,715,715,715,715,715,715,715,715,715,715,715,715,715,715,715,715,715,715,715,715,715,715,715,715,715,715,715,715,715,715,715,715,715,
size:32
[agent] id:27
path:239,204,169,168,167,166,165,164,163,162,161,160,159,158,157,156,155,154,153,153,153,153,153,153,153,153,153,153,153,153,153,153,153,153,153,153,153,153,153,153,
goal:153,153,153,153,153,153,153,153,153,153,153,153,153,153,153,153,153,153,153,153,153,153,153,153,153,153,153,153,153,153,153,153,153,153,153,153,153,153,153,153,
size:18
[agent] id:28
path:56,55,54,53,52,87,122,157,192,227,262,261,260,259,258,257,256,256,256,256,256,256,256,256,256,256,256,256,256,256,256,256,256,256,256,256,256,256,256,256,
goal:256,256,256,256,256,256,256,256,256,256,256,256,256,256,256,256,256,256,256,256,256,256,256,256,256,256,256,256,256,256,256,256,256,256,256,256,256,256,256,256,
size:16
[agent] id:29
path:703,668,633,598,563,528,493,458,423,388,353,318,283,248,248,248,248,248,248,248,248,248,248,248,248,248,248,248,248,248,248,248,248,248,248,248,248,248,248,248,
goal:248,248,248,248,248,248,248,248,248,248,248,248,248,248,248,248,248,248,248,248,248,248,248,248,248,248,248,248,248,248,248,248,248,248,248,248,248,248,248,248,
size:13
SolutionCost:552
