[setting] seed:80
[solver] type:ECBS
[solver] w:2.000000
[solver] ID:0
[solver] Lowlevelnode:2193
[solver] ConflictCount:10
[solver] solved:1
[solver] elapsed:16
[solver] makespan:40
[problem] timesteplimit:10000
[problem] type:MAPF
[problem] agentnum:30
[graph] width:35
[graph] height:21
[graph] filename:./map/warehouse_middle.map
[task] id:21,start:0,end:0,service time:0,nodes:628,
[task] id:0,start:0,end:0,service time:0,nodes:55,
[task] id:23,start:0,end:0,service time:0,nodes:393,
[task] id:19,start:0,end:0,service time:0,nodes:43,
[task] id:28,start:0,end:0,service time:0,nodes:112,
[task] id:27,start:0,end:0,service time:0,nodes:125,
[task] id:13,start:0,end:0,service time:0,nodes:287,
[task] id:15,start:0,end:0,service time:0,nodes:302,
[task] id:11,start:0,end:0,service time:0,nodes:253,
[task] id:3,start:0,end:0,service time:0,nodes:113,
[task] id:14,start:0,end:0,service time:0,nodes:348,
[task] id:1,start:0,end:0,service time:0,nodes:689,
[task] id:29,start:0,end:0,service time:0,nodes:631,
[task] id:6,start:0,end:0,service time:0,nodes:385,
[task] id:9,start:0,end:0,service time:0,nodes:481,
[task] id:8,start:0,end:0,service time:0,nodes:712,
[task] id:2,start:0,end:0,service time:0,nodes:175,
[task] id:16,start:0,end:0,service time:0,nodes:724,
[task] id:20,start:0,end:0,service time:0,nodes:580,
[task] id:24,start:0,end:0,service time:0,nodes:729,
[task] id:26,start:0,end:0,service time:0,nodes:731,
[task] id:5,start:0,end:0,service time:0,nodes:20,
[task] id:12,start:0,end:0,service time:0,nodes:468,
[task] id:7,start:0,end:0,service time:0,nodes:542,
[task] id:10,start:0,end:0,service time:0,nodes:98,
[task] id:18,start:0,end:0,service time:0,nodes:604,
[task] id:25,start:0,end:0,service time:0,nodes:454,
[task] id:4,start:0,end:0,service time:0,nodes:565,
[task] id:22,start:0,end:0,service time:0,nodes:459,
[task] id:17,start:0,end:0,service time:0,nodes:595,
[agent] id:0
path:87,52,53,54,19,20,55,55,55,55,55,55,55,55,55,55,55,55,55,55,55,55,55,55,55,55,55,55,55,55,55,55,55,55,55,55,55,55,55,55,55,
goal:55,55,55,55,55,55,55,55,55,55,55,55,55,55,55,55,55,55,55,55,55,55,55,55,55,55,55,55,55,55,55,55,55,55,55,55,55,55,55,55,55,
size:6
[agent] id:1
path:305,340,341,342,343,378,413,448,483,518,553,588,623,658,693,692,691,690,689,689,689,689,689,689,689,689,689,689,689,689,689,689,689,689,689,689,689,689,689,689,689,
goal:689,689,689,689,689,689,689,689,689,689,689,689,689,689,689,689,689,689,689,689,689,689,689,689,689,689,689,689,689,689,689,689,689,689,689,689,689,689,689,689,689,
size:18
[agent] id:2
path:674,673,672,671,636,601,566,531,496,461,426,391,356,321,286,251,216,181,180,179,178,177,176,175,175,175,175,175,175,175,175,175,175,175,175,175,175,175,175,175,175,
goal:175,175,175,175,175,175,175,175,175,175,175,175,175,175,175,175,175,175,175,175,175,175,175,175,175,175,175,175,175,175,175,175,175,175,175,175,175,175,175,175,175,
size:23
[agent] id:3
path:58,57,56,55,54,53,52,87,122,121,120,119,118,117,116,115,114,113,113,113,113,113,113,113,113,113,113,113,113,113,113,113,113,113,113,113,113,113,113,113,113,
goal:113,113,113,113,113,113,113,113,113,113,113,113,113,113,113,113,113,113,113,113,113,113,113,113,113,113,113,113,113,113,113,113,113,113,113,113,113,113,113,113,113,
size:17
[agent] id:4
path:313,348,383,418,453,488,523,558,593,592,591,590,589,588,587,586,585,584,583,582,581,580,579,578,577,576,575,574,573,572,571,570,569,568,567,566,565,565,565,565,565,
goal:565,565,565,565,565,565,565,565,565,565,565,565,565,565,565,565,565,565,565,565,565,565,565,565,565,565,565,565,565,565,565,565,565,565,565,565,565,565,565,565,565,
size:36
[agent] id:5
path:425,390,355,320,321,322,287,288,289,290,291,292,293,258,259,260,261,261,262,227,192,157,122,87,52,17,18,19,20,20,20,20,20,20,20,20,20,20,20,20,20,
goal:20,20,20,20,20,20,20,20,20,20,20,20,20,20,20,20,20,20,20,20,20,20,20,20,20,20,20,20,20,20,20,20,20,20,20,20,20,20,20,20,20,
size:28
[agent] id:6
path:541,540,539,538,537,536,535,534,533,532,531,496,461,426,391,390,389,388,387,386,385,385,385,385,385,385,385,385,385,385,385,385,385,385,385,385,385,385,385,385,385,
goal:385,385,385,385,385,385,385,385,385,385,385,385,385,385,385,385,385,385,385,385,385,385,385,385,385,385,385,385,385,385,385,385,385,385,385,385,385,385,385,385,385,
size:20
[agent] id:7
path:70,105,140,175,210,245,280,315,350,385,420,455,490,525,526,527,528,529,530,531,532,533,534,535,536,537,538,539,540,541,542,542,542,542,542,542,542,542,542,542,542,
goal:542,542,542,542,542,542,542,542,542,542,542,542,542,542,542,542,542,542,542,542,542,542,542,542,542,542,542,542,542,542,542,542,542,542,542,542,542,542,542,542,542,
size:30
[agent] id:8
path:180,215,250,285,320,355,390,425,460,495,530,565,600,635,670,705,706,707,708,709,710,711,712,712,712,712,712,712,712,712,712,712,712,712,712,712,712,712,712,712,712,
goal:712,712,712,712,712,712,712,712,712,712,712,712,712,712,712,712,712,712,712,712,712,712,712,712,712,712,712,712,712,712,712,712,712,712,712,712,712,712,712,712,712,
size:22
[agent] id:9
path:190,191,192,227,262,297,296,331,332,367,402,437,438,439,440,441,442,443,444,479,480,481,481,481,481,481,481,481,481,481,481,481,481,481,481,481,481,481,481,481,481,
goal:481,481,481,481,481,481,481,481,481,481,481,481,481,481,481,481,481,481,481,481,481,481,481,481,481,481,481,481,481,481,481,481,481,481,481,481,481,481,481,481,481,
size:21
[agent] id:10
path:247,212,177,142,143,144,145,146,147,148,149,150,151,152,153,154,155,156,157,158,159,160,161,126,127,128,129,130,131,132,133,98,98,98,98,98,98,98,98,98,98,
goal:98,98,98,98,98,98,98,98,98,98,98,98,98,98,98,98,98,98,98,98,98,98,98,98,98,98,98,98,98,98,98,98,98,98,98,98,98,98,98,98,98,
size:31
[agent] id:11
path:471,436,401,402,367,332,297,262,261,260,259,258,257,256,255,254,253,253,253,253,253,253,253,253,253,253,253,253,253,253,253,253,253,253,253,253,253,253,253,253,253,
goal:253,253,253,253,253,253,253,253,253,253,253,253,253,253,253,253,253,253,253,253,253,253,253,253,253,253,253,253,253,253,253,253,253,253,253,253,253,253,253,253,253,
size:16
[agent] id:12
path:61,26,25,24,23,22,21,20,19,54,53,52,87,122,157,192,227,262,297,332,367,402,437,436,435,434,433,433,468,468,468,468,468,468,468,468,468,468,468,468,468,
goal:468,468,468,468,468,468,468,468,468,468,468,468,468,468,468,468,468,468,468,468,468,468,468,468,468,468,468,468,468,468,468,468,468,468,468,468,468,468,468,468,468,
size:28
[agent] id:13
path:189,188,187,186,151,150,185,184,183,182,181,216,251,286,287,287,287,287,287,287,287,287,287,287,287,287,287,287,287,287,287,287,287,287,287,287,287,287,287,287,287,
goal:287,287,287,287,287,287,287,287,287,287,287,287,287,287,287,287,287,287,287,287,287,287,287,287,287,287,287,287,287,287,287,287,287,287,287,287,287,287,287,287,287,
size:14
[agent] id:14
path:59,60,61,62,63,98,133,168,203,238,273,308,343,344,345,346,347,348,348,348,348,348,348,348,348,348,348,348,348,348,348,348,348,348,348,348,348,348,348,348,348,
goal:348,348,348,348,348,348,348,348,348,348,348,348,348,348,348,348,348,348,348,348,348,348,348,348,348,348,348,348,348,348,348,348,348,348,348,348,348,348,348,348,348,
size:17
[agent] id:15
path:173,208,243,278,313,312,311,310,309,308,307,306,305,304,303,302,302,302,302,302,302,302,302,302,302,302,302,302,302,302,302,302,302,302,302,302,302,302,302,302,302,
goal:302,302,302,302,302,302,302,302,302,302,302,302,302,302,302,302,302,302,302,302,302,302,302,302,302,302,302,302,302,302,302,302,302,302,302,302,302,302,302,302,302,
size:15
[agent] id:16
path:197,198,199,200,201,202,203,238,273,273,308,343,378,413,448,483,518,553,588,623,658,693,692,691,726,725,724,724,724,724,724,724,724,724,724,724,724,724,724,724,724,
goal:724,724,724,724,724,724,724,724,724,724,724,724,724,724,724,724,724,724,724,724,724,724,724,724,724,724,724,724,724,724,724,724,724,724,724,724,724,724,724,724,724,
size:26
[agent] id:17
path:23,58,57,56,55,54,53,52,87,122,157,192,227,262,297,332,367,402,437,472,507,542,577,612,611,610,609,608,607,606,605,604,603,602,601,600,599,598,597,596,595,
goal:595,595,595,595,595,595,595,595,595,595,595,595,595,595,595,595,595,595,595,595,595,595,595,595,595,595,595,595,595,595,595,595,595,595,595,595,595,595,595,595,595,
size:40
[agent] id:18
path:202,201,200,165,164,163,162,197,196,195,194,193,192,227,262,297,332,367,402,437,472,507,542,577,612,611,610,609,608,607,606,605,604,604,604,604,604,604,604,604,604,
goal:604,604,604,604,604,604,604,604,604,604,604,604,604,604,604,604,604,604,604,604,604,604,604,604,604,604,604,604,604,604,604,604,604,604,604,604,604,604,604,604,604,
size:32
[agent] id:19
path:123,122,87,52,51,50,49,48,47,46,45,44,43,43,43,43,43,43,43,43,43,43,43,43,43,43,43,43,43,43,43,43,43,43,43,43,43,43,43,43,43,
goal:43,43,43,43,43,43,43,43,43,43,43,43,43,43,43,43,43,43,43,43,43,43,43,43,43,43,43,43,43,43,43,43,43,43,43,43,43,43,43,43,43,
size:12
[agent] id:20
path:31,66,101,136,171,206,241,276,311,346,381,416,451,486,521,556,591,590,589,588,587,586,585,584,583,582,581,580,580,580,580,580,580,580,580,580,580,580,580,580,580,
goal:580,580,580,580,580,580,580,580,580,580,580,580,580,580,580,580,580,580,580,580,580,580,580,580,580,580,580,580,580,580,580,580,580,580,580,580,580,580,580,580,580,
size:27
[agent] id:21
path:522,557,592,627,628,628,628,628,628,628,628,628,628,628,628,628,628,628,628,628,628,628,628,628,628,628,628,628,628,628,628,628,628,628,628,628,628,628,628,628,628,
goal:628,628,628,628,628,628,628,628,628,628,628,628,628,628,628,628,628,628,628,628,628,628,628,628,628,628,628,628,628,628,628,628,628,628,628,628,628,628,628,628,628,
size:4
[agent] id:22
path:207,242,277,312,347,382,417,452,487,486,485,484,483,482,481,480,479,478,477,476,475,474,473,472,471,470,469,468,467,466,465,464,463,462,461,460,459,459,459,459,459,
goal:459,459,459,459,459,459,459,459,459,459,459,459,459,459,459,459,459,459,459,459,459,459,459,459,459,459,459,459,459,459,459,459,459,459,459,459,459,459,459,459,459,
size:36
[agent] id:23
path:183,182,181,216,251,286,321,356,391,392,393,393,393,393,393,393,393,393,393,393,393,393,393,393,393,393,393,393,393,393,393,393,393,393,393,393,393,393,393,393,393,
goal:393,393,393,393,393,393,393,393,393,393,393,393,393,393,393,393,393,393,393,393,393,393,393,393,393,393,393,393,393,393,393,393,393,393,393,393,393,393,393,393,393,
size:10
[agent] id:24
path:158,193,194,195,196,197,198,199,200,201,202,203,238,273,308,343,378,413,448,483,518,553,588,623,658,693,728,729,729,729,729,729,729,729,729,729,729,729,729,729,729,
goal:729,729,729,729,729,729,729,729,729,729,729,729,729,729,729,729,729,729,729,729,729,729,729,729,729,729,729,729,729,729,729,729,729,729,729,729,729,729,729,729,729,
size:27
[agent] id:25
path:114,149,184,185,186,187,188,189,190,191,192,227,262,297,332,367,402,437,438,439,440,441,442,443,444,445,446,447,448,449,450,451,452,453,454,454,454,454,454,454,454,
goal:454,454,454,454,454,454,454,454,454,454,454,454,454,454,454,454,454,454,454,454,454,454,454,454,454,454,454,454,454,454,454,454,454,454,454,454,454,454,454,454,454,
size:34
[agent] id:26
path:704,705,706,707,708,709,710,711,712,713,714,715,716,717,718,719,720,721,722,723,724,725,726,727,728,729,730,731,731,731,731,731,731,731,731,731,731,731,731,731,731,
goal:731,731,731,731,731,731,731,731,731,731,731,731,731,731,731,731,731,731,731,731,731,731,731,731,731,731,731,731,731,731,731,731,731,731,731,731,731,731,731,731,731,
size:27
[agent] id:27
path:60,61,62,63,98,133,132,131,130,129,128,127,126,125,125,125,125,125,125,125,125,125,125,125,125,125,125,125,125,125,125,125,125,125,125,125,125,125,125,125,125,
goal:125,125,125,125,125,125,125,125,125,125,125,125,125,125,125,125,125,125,125,125,125,125,125,125,125,125,125,125,125,125,125,125,125,125,125,125,125,125,125,125,125,
size:13
[agent] id:28
path:326,291,256,255,254,253,252,251,216,181,146,111,112,112,112,112,112,112,112,112,112,112,112,112,112,112,112,112,112,112,112,112,112,112,112,112,112,112,112,112,112,
goal:112,112,112,112,112,112,112,112,112,112,112,112,112,112,112,112,112,112,112,112,112,112,112,112,112,112,112,112,112,112,112,112,112,112,112,112,112,112,112,112,112,
size:12
[agent] id:29
path:109,144,179,214,249,284,319,354,389,424,459,494,529,564,599,634,633,632,631,631,631,631,631,631,631,631,631,631,631,631,631,631,631,631,631,631,631,631,631,631,631,
goal:631,631,631,631,631,631,631,631,631,631,631,631,631,631,631,631,631,631,631,631,631,631,631,631,631,631,631,631,631,631,631,631,631,631,631,631,631,631,631,631,631,
size:18
SolutionCost:660
