[setting] seed:97
[solver] type:ECBS
[solver] w:2.000000
[solver] ID:0
[solver] Lowlevelnode:7091
[solver] ConflictCount:14
[solver] solved:1
[solver] elapsed:69
[solver] makespan:41
[problem] timesteplimit:10000
[problem] type:MAPF
[problem] agentnum:30
[graph] width:35
[graph] height:21
[graph] filename:./map/warehouse_middle.map
[task] id:5,start:0,end:0,service time:0,nodes:320,
[task] id:8,start:0,end:0,service time:0,nodes:397,
[task] id:2,start:0,end:0,service time:0,nodes:530,
[task] id:17,start:0,end:0,service time:0,nodes:267,
[task] id:27,start:0,end:0,service time:0,nodes:305,
[task] id:11,start:0,end:0,service time:0,nodes:177,
[task] id:16,start:0,end:0,service time:0,nodes:144,
[task] id:0,start:0,end:0,service time:0,nodes:238,
[task] id:14,start:0,end:0,service time:0,nodes:195,
[task] id:1,start:0,end:0,service time:0,nodes:540,
[task] id:21,start:0,end:0,service time:0,nodes:427,
[task] id:28,start:0,end:0,service time:0,nodes:150,
[task] id:13,start:0,end:0,service time:0,nodes:620,
[task] id:29,start:0,end:0,service time:0,nodes:142,
[task] id:22,start:0,end:0,service time:0,nodes:565,
[task] id:9,start:0,end:0,service time:0,nodes:480,
[task] id:12,start:0,end:0,service time:0,nodes:630,
[task] id:25,start:0,end:0,service time:0,nodes:686,
[task] id:26,start:0,end:0,service time:0,nodes:408,
[task] id:6,start:0,end:0,service time:0,nodes:264,
[task] id:3,start:0,end:0,service time:0,nodes:523,
[task] id:10,start:0,end:0,service time:0,nodes:265,
[task] id:24,start:0,end:0,service time:0,nodes:14,
[task] id:4,start:0,end:0,service time:0,nodes:284,
[task] id:19,start:0,end:0,service time:0,nodes:276,
[task] id:23,start:0,end:0,service time:0,nodes:37,
[task] id:7,start:0,end:0,service time:0,nodes:42,
[task] id:18,start:0,end:0,service time:0,nodes:663,
[task] id:15,start:0,end:0,service time:0,nodes:458,
[task] id:20,start:0,end:0,service time:0,nodes:660,
[agent] id:0
path:557,522,487,452,417,382,347,312,277,242,241,240,239,238,238,238,238,238,238,238,238,238,238,238,238,238,238,238,238,238,238,238,238,238,238,238,238,238,238,238,238,238,
goal:238,238,238,238,238,238,238,238,238,238,238,238,238,238,238,238,238,238,238,238,238,238,238,238,238,238,238,238,238,238,238,238,238,238,238,238,238,238,238,238,238,238,
size:13
[agent] id:1
path:52,87,122,157,192,227,262,297,332,367,402,437,472,507,542,541,540,540,540,540,540,540,540,540,540,540,540,540,540,540,540,540,540,540,540,540,540,540,540,540,540,540,
goal:540,540,540,540,540,540,540,540,540,540,540,540,540,540,540,540,540,540,540,540,540,540,540,540,540,540,540,540,540,540,540,540,540,540,540,540,540,540,540,540,540,540,
size:16
[agent] id:2
path:606,571,536,535,534,533,532,531,530,530,530,530,530,530,530,530,530,530,530,530,530,530,530,530,530,530,530,530,530,530,530,530,530,530,530,530,530,530,530,530,530,530,
goal:530,530,530,530,530,530,530,530,530,530,530,530,530,530,530,530,530,530,530,530,530,530,530,530,530,530,530,530,530,530,530,530,530,530,530,530,530,530,530,530,530,530,
size:8
[agent] id:3
path:427,462,463,464,465,466,467,468,469,470,471,472,473,474,475,476,477,478,479,480,481,482,483,518,519,520,521,522,523,523,523,523,523,523,523,523,523,523,523,523,523,523,
goal:523,523,523,523,523,523,523,523,523,523,523,523,523,523,523,523,523,523,523,523,523,523,523,523,523,523,523,523,523,523,523,523,523,523,523,523,523,523,523,523,523,523,
size:28
[agent] id:4
path:62,61,60,59,58,57,56,55,54,53,52,87,122,157,192,227,262,297,296,295,294,293,292,291,290,289,288,287,286,285,284,284,284,284,284,284,284,284,284,284,284,284,
goal:284,284,284,284,284,284,284,284,284,284,284,284,284,284,284,284,284,284,284,284,284,284,284,284,284,284,284,284,284,284,284,284,284,284,284,284,284,284,284,284,284,284,
size:30
[agent] id:5
path:390,355,320,320,320,320,320,320,320,320,320,320,320,320,320,320,320,320,320,320,320,320,320,320,320,320,320,320,320,320,320,320,320,320,320,320,320,320,320,320,320,320,
goal:320,320,320,320,320,320,320,320,320,320,320,320,320,320,320,320,320,320,320,320,320,320,320,320,320,320,320,320,320,320,320,320,320,320,320,320,320,320,320,320,320,320,
size:2
[agent] id:6
path:33,68,103,138,173,208,243,242,241,276,275,274,273,272,271,270,269,268,303,302,337,336,301,266,265,264,264,264,264,264,264,264,264,264,264,264,264,264,264,264,264,264,
goal:264,264,264,264,264,264,264,264,264,264,264,264,264,264,264,264,264,264,264,264,264,264,264,264,264,264,264,264,264,264,264,264,264,264,264,264,264,264,264,264,264,264,
size:25
[agent] id:7
path:479,444,443,442,441,440,439,438,437,436,435,434,433,432,431,396,395,394,393,392,391,356,321,286,251,216,181,146,111,76,41,42,42,42,42,42,42,42,42,42,42,42,
goal:42,42,42,42,42,42,42,42,42,42,42,42,42,42,42,42,42,42,42,42,42,42,42,42,42,42,42,42,42,42,42,42,42,42,42,42,42,42,42,42,42,42,
size:31
[agent] id:8
path:437,402,401,400,399,398,397,397,397,397,397,397,397,397,397,397,397,397,397,397,397,397,397,397,397,397,397,397,397,397,397,397,397,397,397,397,397,397,397,397,397,397,
goal:397,397,397,397,397,397,397,397,397,397,397,397,397,397,397,397,397,397,397,397,397,397,397,397,397,397,397,397,397,397,397,397,397,397,397,397,397,397,397,397,397,397,
size:6
[agent] id:9
path:389,424,459,460,461,462,463,464,465,466,467,468,469,470,471,472,473,474,475,476,477,478,479,480,480,480,480,480,480,480,480,480,480,480,480,480,480,480,480,480,480,480,
goal:480,480,480,480,480,480,480,480,480,480,480,480,480,480,480,480,480,480,480,480,480,480,480,480,480,480,480,480,480,480,480,480,480,480,480,480,480,480,480,480,480,480,
size:23
[agent] id:10
path:668,633,598,563,528,493,458,423,424,425,426,427,428,429,430,431,432,433,398,399,400,401,402,367,332,297,298,299,300,265,265,265,265,265,265,265,265,265,265,265,265,265,
goal:265,265,265,265,265,265,265,265,265,265,265,265,265,265,265,265,265,265,265,265,265,265,265,265,265,265,265,265,265,265,265,265,265,265,265,265,265,265,265,265,265,265,
size:29
[agent] id:11
path:493,458,423,388,353,318,283,248,213,178,177,177,177,177,177,177,177,177,177,177,177,177,177,177,177,177,177,177,177,177,177,177,177,177,177,177,177,177,177,177,177,177,
goal:177,177,177,177,177,177,177,177,177,177,177,177,177,177,177,177,177,177,177,177,177,177,177,177,177,177,177,177,177,177,177,177,177,177,177,177,177,177,177,177,177,177,
size:10
[agent] id:12
path:293,328,327,326,325,324,323,322,321,356,391,426,461,496,531,566,601,636,635,634,633,632,631,630,630,630,630,630,630,630,630,630,630,630,630,630,630,630,630,630,630,630,
goal:630,630,630,630,630,630,630,630,630,630,630,630,630,630,630,630,630,630,630,630,630,630,630,630,630,630,630,630,630,630,630,630,630,630,630,630,630,630,630,630,630,630,
size:23
[agent] id:13
path:244,279,314,349,384,419,454,489,524,559,594,629,628,627,626,625,624,623,622,621,620,620,620,620,620,620,620,620,620,620,620,620,620,620,620,620,620,620,620,620,620,620,
goal:620,620,620,620,620,620,620,620,620,620,620,620,620,620,620,620,620,620,620,620,620,620,620,620,620,620,620,620,620,620,620,620,620,620,620,620,620,620,620,620,620,620,
size:20
[agent] id:14
path:44,45,46,47,48,49,50,51,52,87,122,157,192,193,194,195,195,195,195,195,195,195,195,195,195,195,195,195,195,195,195,195,195,195,195,195,195,195,195,195,195,195,
goal:195,195,195,195,195,195,195,195,195,195,195,195,195,195,195,195,195,195,195,195,195,195,195,195,195,195,195,195,195,195,195,195,195,195,195,195,195,195,195,195,195,195,
size:15
[agent] id:15
path:28,63,98,133,168,203,238,273,308,343,378,413,448,447,446,445,444,443,442,441,440,475,474,473,472,471,470,469,468,467,466,465,464,463,462,461,460,459,458,458,458,458,
goal:458,458,458,458,458,458,458,458,458,458,458,458,458,458,458,458,458,458,458,458,458,458,458,458,458,458,458,458,458,458,458,458,458,458,458,458,458,458,458,458,458,458,
size:38
[agent] id:16
path:324,289,254,253,252,251,216,181,146,145,144,144,144,144,144,144,144,144,144,144,144,144,144,144,144,144,144,144,144,144,144,144,144,144,144,144,144,144,144,144,144,144,
goal:144,144,144,144,144,144,144,144,144,144,144,144,144,144,144,144,144,144,144,144,144,144,144,144,144,144,144,144,144,144,144,144,144,144,144,144,144,144,144,144,144,144,
size:10
[agent] id:17
path:203,238,273,272,271,270,269,268,267,267,267,267,267,267,267,267,267,267,267,267,267,267,267,267,267,267,267,267,267,267,267,267,267,267,267,267,267,267,267,267,267,267,
goal:267,267,267,267,267,267,267,267,267,267,267,267,267,267,267,267,267,267,267,267,267,267,267,267,267,267,267,267,267,267,267,267,267,267,267,267,267,267,267,267,267,267,
size:8
[agent] id:18
path:495,530,565,600,601,602,603,604,605,606,607,608,609,610,611,612,613,614,615,616,617,618,619,584,585,586,621,622,623,658,659,660,661,662,663,663,663,663,663,663,663,663,
goal:663,663,663,663,663,663,663,663,663,663,663,663,663,663,663,663,663,663,663,663,663,663,663,663,663,663,663,663,663,663,663,663,663,663,663,663,663,663,663,663,663,663,
size:34
[agent] id:19
path:391,356,321,286,287,288,289,290,291,292,293,294,295,296,296,297,298,299,300,301,302,303,268,269,270,271,272,273,274,275,276,276,276,276,276,276,276,276,276,276,276,276,
goal:276,276,276,276,276,276,276,276,276,276,276,276,276,276,276,276,276,276,276,276,276,276,276,276,276,276,276,276,276,276,276,276,276,276,276,276,276,276,276,276,276,276,
size:30
[agent] id:20
path:177,212,247,282,283,284,285,286,287,322,323,324,325,326,327,328,329,330,331,332,367,402,437,472,507,542,577,578,579,580,581,582,583,584,585,586,621,622,623,658,659,660,
goal:660,660,660,660,660,660,660,660,660,660,660,660,660,660,660,660,660,660,660,660,660,660,660,660,660,660,660,660,660,660,660,660,660,660,660,660,660,660,660,660,660,660,
size:41
[agent] id:21
path:115,150,185,184,183,182,181,180,215,250,285,286,287,322,321,356,391,426,427,427,427,427,427,427,427,427,427,427,427,427,427,427,427,427,427,427,427,427,427,427,427,427,
goal:427,427,427,427,427,427,427,427,427,427,427,427,427,427,427,427,427,427,427,427,427,427,427,427,427,427,427,427,427,427,427,427,427,427,427,427,427,427,427,427,427,427,
size:18
[agent] id:22
path:722,687,686,685,684,683,682,647,612,577,576,575,574,573,572,571,570,569,568,567,566,565,565,565,565,565,565,565,565,565,565,565,565,565,565,565,565,565,565,565,565,565,
goal:565,565,565,565,565,565,565,565,565,565,565,565,565,565,565,565,565,565,565,565,565,565,565,565,565,565,565,565,565,565,565,565,565,565,565,565,565,565,565,565,565,565,
size:21
[agent] id:23
path:305,270,269,268,267,266,265,264,263,262,227,192,191,156,121,120,119,118,117,116,115,114,113,112,111,76,41,40,39,38,37,37,37,37,37,37,37,37,37,37,37,37,
goal:37,37,37,37,37,37,37,37,37,37,37,37,37,37,37,37,37,37,37,37,37,37,37,37,37,37,37,37,37,37,37,37,37,37,37,37,37,37,37,37,37,37,
size:30
[agent] id:24
path:549,548,547,546,545,544,543,542,507,472,437,438,403,402,367,332,297,332,297,262,227,192,157,122,87,52,17,16,15,14,14,14,14,14,14,14,14,14,14,14,14,14,
goal:14,14,14,14,14,14,14,14,14,14,14,14,14,14,14,14,14,14,14,14,14,14,14,14,14,14,14,14,14,14,14,14,14,14,14,14,14,14,14,14,14,14,
size:29
[agent] id:25
path:51,52,87,122,157,192,227,262,297,332,367,402,437,472,507,542,577,612,647,682,683,684,685,686,686,686,686,686,686,686,686,686,686,686,686,686,686,686,686,686,686,686,
goal:686,686,686,686,686,686,686,686,686,686,686,686,686,686,686,686,686,686,686,686,686,686,686,686,686,686,686,686,686,686,686,686,686,686,686,686,686,686,686,686,686,686,
size:23
[agent] id:26
path:636,601,566,531,496,461,462,463,464,465,466,467,468,469,434,399,400,401,402,403,404,405,406,407,408,408,408,408,408,408,408,408,408,408,408,408,408,408,408,408,408,408,
goal:408,408,408,408,408,408,408,408,408,408,408,408,408,408,408,408,408,408,408,408,408,408,408,408,408,408,408,408,408,408,408,408,408,408,408,408,408,408,408,408,408,408,
size:24
[agent] id:27
path:484,449,414,379,344,309,308,307,306,305,305,305,305,305,305,305,305,305,305,305,305,305,305,305,305,305,305,305,305,305,305,305,305,305,305,305,305,305,305,305,305,305,
goal:305,305,305,305,305,305,305,305,305,305,305,305,305,305,305,305,305,305,305,305,305,305,305,305,305,305,305,305,305,305,305,305,305,305,305,305,305,305,305,305,305,305,
size:9
[agent] id:28
path:402,367,332,297,262,262,261,261,262,227,192,191,156,155,154,153,152,151,150,150,150,150,150,150,150,150,150,150,150,150,150,150,150,150,150,150,150,150,150,150,150,150,
goal:150,150,150,150,150,150,150,150,150,150,150,150,150,150,150,150,150,150,150,150,150,150,150,150,150,150,150,150,150,150,150,150,150,150,150,150,150,150,150,150,150,150,
size:18
[agent] id:29
path:570,535,534,533,532,531,496,461,426,391,390,355,354,319,284,249,214,179,178,143,142,142,142,142,142,142,142,142,142,142,142,142,142,142,142,142,142,142,142,142,142,142,
goal:142,142,142,142,142,142,142,142,142,142,142,142,142,142,142,142,142,142,142,142,142,142,142,142,142,142,142,142,142,142,142,142,142,142,142,142,142,142,142,142,142,142,
size:20
SolutionCost:632
