[setting] seed:3
[solver] type:ECBS
[solver] w:3.250000
[solver] ID:0
[solver] Lowlevelnode:2418
[solver] solved:1
[solver] elapsed:19
[solver] makespan:34
[problem] timesteplimit:10000
[problem] type:MAPF
[problem] agentnum:20
[graph] width:35
[graph] height:21
[graph] filename:./map/warehouse_middle.map
[task] id:4,start:0,end:0,service time:0,nodes:250,
[task] id:7,start:0,end:0,service time:0,nodes:281,
[task] id:9,start:0,end:0,service time:0,nodes:173,
[task] id:18,start:0,end:0,service time:0,nodes:416,
[task] id:19,start:0,end:0,service time:0,nodes:291,
[task] id:1,start:0,end:0,service time:0,nodes:725,
[task] id:10,start:0,end:0,service time:0,nodes:531,
[task] id:13,start:0,end:0,service time:0,nodes:398,
[task] id:17,start:0,end:0,service time:0,nodes:52,
[task] id:15,start:0,end:0,service time:0,nodes:688,
[task] id:0,start:0,end:0,service time:0,nodes:351,
[task] id:12,start:0,end:0,service time:0,nodes:394,
[task] id:14,start:0,end:0,service time:0,nodes:474,
[task] id:11,start:0,end:0,service time:0,nodes:495,
[task] id:5,start:0,end:0,service time:0,nodes:129,
[task] id:2,start:0,end:0,service time:0,nodes:276,
[task] id:16,start:0,end:0,service time:0,nodes:457,
[task] id:3,start:0,end:0,service time:0,nodes:420,
[task] id:8,start:0,end:0,service time:0,nodes:387,
[task] id:6,start:0,end:0,service time:0,nodes:154,
[agent] id:0
path:46,45,44,43,42,41,76,111,146,181,216,251,286,321,356,355,354,353,352,351,351,351,351,351,351,351,351,351,351,351,351,351,351,351,351,
goal:351,351,351,351,351,351,351,351,351,351,351,351,351,351,351,351,351,351,351,351,351,351,351,351,351,351,351,351,351,351,351,351,351,351,351,
size:19
[agent] id:1
path:308,343,378,413,448,483,518,553,588,623,658,693,728,727,726,725,725,725,725,725,725,725,725,725,725,725,725,725,725,725,725,725,725,725,725,
goal:725,725,725,725,725,725,725,725,725,725,725,725,725,725,725,725,725,725,725,725,725,725,725,725,725,725,725,725,725,725,725,725,725,725,725,
size:15
[agent] id:2
path:394,395,396,397,398,399,400,401,402,403,404,405,406,441,442,407,408,409,410,411,412,413,378,343,308,273,274,275,276,276,276,276,276,276,276,
goal:276,276,276,276,276,276,276,276,276,276,276,276,276,276,276,276,276,276,276,276,276,276,276,276,276,276,276,276,276,276,276,276,276,276,276,
size:28
[agent] id:3
path:586,585,584,583,582,581,580,579,578,578,577,576,575,574,573,572,571,570,569,568,567,566,565,530,495,494,493,492,491,456,421,420,420,420,420,
goal:420,420,420,420,420,420,420,420,420,420,420,420,420,420,420,420,420,420,420,420,420,420,420,420,420,420,420,420,420,420,420,420,420,420,420,
size:31
[agent] id:4
path:324,289,254,253,252,251,250,250,250,250,250,250,250,250,250,250,250,250,250,250,250,250,250,250,250,250,250,250,250,250,250,250,250,250,250,
goal:250,250,250,250,250,250,250,250,250,250,250,250,250,250,250,250,250,250,250,250,250,250,250,250,250,250,250,250,250,250,250,250,250,250,250,
size:6
[agent] id:5
path:319,284,249,214,179,144,109,110,111,112,113,114,115,116,117,118,119,120,121,122,123,124,125,126,127,128,129,129,129,129,129,129,129,129,129,
goal:129,129,129,129,129,129,129,129,129,129,129,129,129,129,129,129,129,129,129,129,129,129,129,129,129,129,129,129,129,129,129,129,129,129,129,
size:26
[agent] id:6
path:698,663,628,593,558,523,488,453,418,383,348,313,278,243,208,207,172,171,170,169,168,167,166,165,164,163,162,161,160,159,158,157,156,155,154,
goal:154,154,154,154,154,154,154,154,154,154,154,154,154,154,154,154,154,154,154,154,154,154,154,154,154,154,154,154,154,154,154,154,154,154,154,
size:34
[agent] id:7
path:327,292,291,290,289,288,287,286,285,284,283,282,281,281,281,281,281,281,281,281,281,281,281,281,281,281,281,281,281,281,281,281,281,281,281,
goal:281,281,281,281,281,281,281,281,281,281,281,281,281,281,281,281,281,281,281,281,281,281,281,281,281,281,281,281,281,281,281,281,281,281,281,
size:12
[agent] id:8
path:240,275,310,309,308,343,342,341,340,339,338,337,336,335,334,333,332,331,330,329,328,327,326,325,324,323,322,321,356,391,390,389,388,387,387,
goal:387,387,387,387,387,387,387,387,387,387,387,387,387,387,387,387,387,387,387,387,387,387,387,387,387,387,387,387,387,387,387,387,387,387,387,
size:33
[agent] id:9
path:484,449,414,379,344,309,274,239,204,169,170,171,172,173,173,173,173,173,173,173,173,173,173,173,173,173,173,173,173,173,173,173,173,173,173,
goal:173,173,173,173,173,173,173,173,173,173,173,173,173,173,173,173,173,173,173,173,173,173,173,173,173,173,173,173,173,173,173,173,173,173,173,
size:13
[agent] id:10
path:402,437,472,507,542,541,540,539,538,537,536,535,534,533,532,531,531,531,531,531,531,531,531,531,531,531,531,531,531,531,531,531,531,531,531,
goal:531,531,531,531,531,531,531,531,531,531,531,531,531,531,531,531,531,531,531,531,531,531,531,531,531,531,531,531,531,531,531,531,531,531,531,
size:15
[agent] id:11
path:52,87,122,157,192,227,262,297,332,367,402,437,472,471,470,469,468,467,466,465,464,463,462,461,496,495,495,495,495,495,495,495,495,495,495,
goal:495,495,495,495,495,495,495,495,495,495,495,495,495,495,495,495,495,495,495,495,495,495,495,495,495,495,495,495,495,495,495,495,495,495,495,
size:25
[agent] id:12
path:1,36,71,106,141,176,211,246,281,316,351,386,387,388,389,390,391,392,393,394,394,394,394,394,394,394,394,394,394,394,394,394,394,394,394,
goal:394,394,394,394,394,394,394,394,394,394,394,394,394,394,394,394,394,394,394,394,394,394,394,394,394,394,394,394,394,394,394,394,394,394,394,
size:19
[agent] id:13
path:247,282,317,352,387,388,389,390,391,392,393,394,395,396,397,398,398,398,398,398,398,398,398,398,398,398,398,398,398,398,398,398,398,398,398,
goal:398,398,398,398,398,398,398,398,398,398,398,398,398,398,398,398,398,398,398,398,398,398,398,398,398,398,398,398,398,398,398,398,398,398,398,
size:15
[agent] id:14
path:113,148,183,184,185,186,187,188,189,190,191,192,227,262,297,332,367,402,437,472,473,474,474,474,474,474,474,474,474,474,474,474,474,474,474,
goal:474,474,474,474,474,474,474,474,474,474,474,474,474,474,474,474,474,474,474,474,474,474,474,474,474,474,474,474,474,474,474,474,474,474,474,
size:21
[agent] id:15
path:298,333,332,367,402,437,472,507,542,577,612,647,682,683,684,685,686,687,688,688,688,688,688,688,688,688,688,688,688,688,688,688,688,688,688,
goal:688,688,688,688,688,688,688,688,688,688,688,688,688,688,688,688,688,688,688,688,688,688,688,688,688,688,688,688,688,688,688,688,688,688,688,
size:18
[agent] id:16
path:305,340,339,338,337,336,335,334,333,332,367,402,437,472,471,470,469,468,467,466,465,464,463,462,461,460,459,458,457,457,457,457,457,457,457,
goal:457,457,457,457,457,457,457,457,457,457,457,457,457,457,457,457,457,457,457,457,457,457,457,457,457,457,457,457,457,457,457,457,457,457,457,
size:28
[agent] id:17
path:143,108,73,38,39,40,41,42,43,44,45,46,47,48,49,50,51,52,52,52,52,52,52,52,52,52,52,52,52,52,52,52,52,52,52,
goal:52,52,52,52,52,52,52,52,52,52,52,52,52,52,52,52,52,52,52,52,52,52,52,52,52,52,52,52,52,52,52,52,52,52,52,
size:17
[agent] id:18
path:547,548,549,550,551,552,553,554,519,484,449,414,415,416,416,416,416,416,416,416,416,416,416,416,416,416,416,416,416,416,416,416,416,416,416,
goal:416,416,416,416,416,416,416,416,416,416,416,416,416,416,416,416,416,416,416,416,416,416,416,416,416,416,416,416,416,416,416,416,416,416,416,
size:13
[agent] id:19
path:400,401,402,402,403,402,367,332,331,296,295,294,293,292,291,291,291,291,291,291,291,291,291,291,291,291,291,291,291,291,291,291,291,291,291,
goal:291,291,291,291,291,291,291,291,291,291,291,291,291,291,291,291,291,291,291,291,291,291,291,291,291,291,291,291,291,291,291,291,291,291,291,
size:14
SolutionCost:402
