[setting] seed:37
[solver] type:ECBS
[solver] w:2.000000
[solver] ID:0
[solver] Lowlevelnode:9323
[solver] ConflictCount:14
[solver] solved:1
[solver] elapsed:42
[solver] makespan:42
[problem] timesteplimit:10000
[problem] type:MAPF
[problem] agentnum:30
[graph] width:35
[graph] height:21
[graph] filename:./map/warehouse_middle.map
[task] id:7,start:0,end:0,service time:0,nodes:297,
[task] id:19,start:0,end:0,service time:0,nodes:410,
[task] id:22,start:0,end:0,service time:0,nodes:383,
[task] id:5,start:0,end:0,service time:0,nodes:659,
[task] id:28,start:0,end:0,service time:0,nodes:259,
[task] id:8,start:0,end:0,service time:0,nodes:402,
[task] id:23,start:0,end:0,service time:0,nodes:545,
[task] id:4,start:0,end:0,service time:0,nodes:314,
[task] id:9,start:0,end:0,service time:0,nodes:386,
[task] id:13,start:0,end:0,service time:0,nodes:171,
[task] id:30,start:0,end:0,service time:0,nodes:402,
[task] id:18,start:0,end:0,service time:0,nodes:433,
[task] id:25,start:0,end:0,service time:0,nodes:599,
[task] id:0,start:0,end:0,service time:0,nodes:486,
[task] id:20,start:0,end:0,service time:0,nodes:338,
[task] id:16,start:0,end:0,service time:0,nodes:154,
[task] id:17,start:0,end:0,service time:0,nodes:193,
[task] id:29,start:0,end:0,service time:0,nodes:680,
[task] id:14,start:0,end:0,service time:0,nodes:611,
[task] id:27,start:0,end:0,service time:0,nodes:616,
[task] id:6,start:0,end:0,service time:0,nodes:442,
[task] id:1,start:0,end:0,service time:0,nodes:417,
[task] id:21,start:0,end:0,service time:0,nodes:107,
[task] id:24,start:0,end:0,service time:0,nodes:694,
[task] id:26,start:0,end:0,service time:0,nodes:240,
[task] id:3,start:0,end:0,service time:0,nodes:477,
[task] id:11,start:0,end:0,service time:0,nodes:394,
[task] id:2,start:0,end:0,service time:0,nodes:664,
[task] id:12,start:0,end:0,service time:0,nodes:585,
[task] id:10,start:0,end:0,service time:0,nodes:598,
[task] id:15,start:0,end:0,service time:0,nodes:676,
[agent] id:0
path:472,473,474,475,476,441,442,477,478,479,480,481,482,483,484,485,486,486,486,486,486,486,486,486,486,486,486,486,486,486,486,486,486,486,486,486,486,486,486,486,486,486,486,
goal:486,486,486,486,486,486,486,486,486,486,486,486,486,486,486,486,486,486,486,486,486,486,486,486,486,486,486,486,486,486,486,486,486,486,486,486,486,486,486,486,486,486,486,
size:16
[agent] id:1
path:541,542,507,472,437,402,403,404,405,406,407,408,409,444,445,446,411,412,413,414,415,416,417,417,417,417,417,417,417,417,417,417,417,417,417,417,417,417,417,417,417,417,417,
goal:417,417,417,417,417,417,417,417,417,417,417,417,417,417,417,417,417,417,417,417,417,417,417,417,417,417,417,417,417,417,417,417,417,417,417,417,417,417,417,417,417,417,417,
size:22
[agent] id:2
path:188,189,190,191,191,192,227,262,263,298,299,300,301,302,303,304,305,340,341,342,343,378,413,448,483,518,553,588,623,624,625,660,661,662,663,664,664,664,664,664,664,664,664,
goal:664,664,664,664,664,664,664,664,664,664,664,664,664,664,664,664,664,664,664,664,664,664,664,664,664,664,664,664,664,664,664,664,664,664,664,664,664,664,664,664,664,664,664,
size:35
[agent] id:3
path:20,21,22,23,58,59,60,61,62,63,98,133,168,203,238,273,308,343,378,413,448,483,482,481,480,479,478,477,477,477,477,477,477,477,477,477,477,477,477,477,477,477,477,
goal:477,477,477,477,477,477,477,477,477,477,477,477,477,477,477,477,477,477,477,477,477,477,477,477,477,477,477,477,477,477,477,477,477,477,477,477,477,477,477,477,477,477,477,
size:27
[agent] id:4
path:101,136,171,206,241,276,311,312,313,314,314,314,314,314,314,314,314,314,314,314,314,314,314,314,314,314,314,314,314,314,314,314,314,314,314,314,314,314,314,314,314,314,314,
goal:314,314,314,314,314,314,314,314,314,314,314,314,314,314,314,314,314,314,314,314,314,314,314,314,314,314,314,314,314,314,314,314,314,314,314,314,314,314,314,314,314,314,314,
size:9
[agent] id:5
path:727,692,693,658,659,659,659,659,659,659,659,659,659,659,659,659,659,659,659,659,659,659,659,659,659,659,659,659,659,659,659,659,659,659,659,659,659,659,659,659,659,659,659,
goal:659,659,659,659,659,659,659,659,659,659,659,659,659,659,659,659,659,659,659,659,659,659,659,659,659,659,659,659,659,659,659,659,659,659,659,659,659,659,659,659,659,659,659,
size:4
[agent] id:6
path:67,102,137,172,207,242,277,276,311,346,381,416,451,450,449,448,447,446,445,444,443,442,442,442,442,442,442,442,442,442,442,442,442,442,442,442,442,442,442,442,442,442,442,
goal:442,442,442,442,442,442,442,442,442,442,442,442,442,442,442,442,442,442,442,442,442,442,442,442,442,442,442,442,442,442,442,442,442,442,442,442,442,442,442,442,442,442,442,
size:21
[agent] id:7
path:227,262,297,297,297,297,297,297,297,297,297,297,297,297,297,297,297,297,297,297,297,297,297,297,297,297,297,297,297,297,297,297,297,297,297,297,297,297,297,297,297,297,297,
goal:297,297,297,297,297,297,297,297,297,297,297,297,297,297,297,297,297,297,297,297,297,297,297,297,297,297,297,297,297,297,297,297,297,297,297,297,297,297,297,297,297,297,297,
size:2
[agent] id:8
path:546,545,544,543,542,507,472,437,402,402,402,402,401,401,402,402,402,402,402,402,402,402,402,402,402,402,402,402,402,402,402,402,402,402,402,402,402,402,402,402,402,402,402,
goal:402,402,402,402,402,402,402,402,402,402,402,402,402,402,402,402,402,402,402,402,402,402,402,402,402,402,402,402,402,402,402,402,402,402,402,402,402,402,402,402,402,402,402,
size:14
[agent] id:9
path:599,564,529,494,459,424,389,388,387,386,386,386,386,386,386,386,386,386,386,386,386,386,386,386,386,386,386,386,386,386,386,386,386,386,386,386,386,386,386,386,386,386,386,
goal:386,386,386,386,386,386,386,386,386,386,386,386,386,386,386,386,386,386,386,386,386,386,386,386,386,386,386,386,386,386,386,386,386,386,386,386,386,386,386,386,386,386,386,
size:9
[agent] id:10
path:313,348,347,346,345,344,343,342,341,340,339,338,337,336,335,334,333,332,331,330,329,328,327,326,325,324,323,322,321,356,391,426,461,496,531,566,565,564,563,598,598,598,598,
goal:598,598,598,598,598,598,598,598,598,598,598,598,598,598,598,598,598,598,598,598,598,598,598,598,598,598,598,598,598,598,598,598,598,598,598,598,598,598,598,598,598,598,598,
size:39
[agent] id:11
path:557,522,487,452,451,450,449,448,447,446,445,444,443,442,441,440,439,438,437,436,401,400,399,398,397,396,395,394,394,394,394,394,394,394,394,394,394,394,394,394,394,394,394,
goal:394,394,394,394,394,394,394,394,394,394,394,394,394,394,394,394,394,394,394,394,394,394,394,394,394,394,394,394,394,394,394,394,394,394,394,394,394,394,394,394,394,394,394,
size:27
[agent] id:12
path:74,109,144,179,214,249,284,319,354,389,424,459,494,529,564,565,566,567,568,569,570,571,572,573,574,575,576,577,578,579,580,581,582,583,584,585,585,585,585,585,585,585,585,
goal:585,585,585,585,585,585,585,585,585,585,585,585,585,585,585,585,585,585,585,585,585,585,585,585,585,585,585,585,585,585,585,585,585,585,585,585,585,585,585,585,585,585,585,
size:35
[agent] id:13
path:162,163,164,165,166,131,166,167,168,169,170,171,171,171,171,171,171,171,171,171,171,171,171,171,171,171,171,171,171,171,171,171,171,171,171,171,171,171,171,171,171,171,171,
goal:171,171,171,171,171,171,171,171,171,171,171,171,171,171,171,171,171,171,171,171,171,171,171,171,171,171,171,171,171,171,171,171,171,171,171,171,171,171,171,171,171,171,171,
size:11
[agent] id:14
path:52,87,122,157,192,227,262,263,298,333,332,367,402,437,472,507,542,577,612,611,611,611,611,611,611,611,611,611,611,611,611,611,611,611,611,611,611,611,611,611,611,611,611,
goal:611,611,611,611,611,611,611,611,611,611,611,611,611,611,611,611,611,611,611,611,611,611,611,611,611,611,611,611,611,611,611,611,611,611,611,611,611,611,611,611,611,611,611,
size:19
[agent] id:15
path:24,59,58,57,56,55,54,53,52,87,122,157,192,227,262,261,296,331,330,329,328,327,326,325,324,323,322,321,356,391,426,461,496,531,566,601,636,671,672,673,674,675,676,
goal:676,676,676,676,676,676,676,676,676,676,676,676,676,676,676,676,676,676,676,676,676,676,676,676,676,676,676,676,676,676,676,676,676,676,676,676,676,676,676,676,676,676,676,
size:42
[agent] id:16
path:171,170,169,168,167,166,165,164,163,162,161,160,159,158,157,156,155,154,154,154,154,154,154,154,154,154,154,154,154,154,154,154,154,154,154,154,154,154,154,154,154,154,154,
goal:154,154,154,154,154,154,154,154,154,154,154,154,154,154,154,154,154,154,154,154,154,154,154,154,154,154,154,154,154,154,154,154,154,154,154,154,154,154,154,154,154,154,154,
size:17
[agent] id:17
path:284,249,214,215,180,181,182,183,184,185,186,187,188,189,190,191,192,193,193,193,193,193,193,193,193,193,193,193,193,193,193,193,193,193,193,193,193,193,193,193,193,193,193,
goal:193,193,193,193,193,193,193,193,193,193,193,193,193,193,193,193,193,193,193,193,193,193,193,193,193,193,193,193,193,193,193,193,193,193,193,193,193,193,193,193,193,193,193,
size:17
[agent] id:18
path:617,582,547,546,545,544,543,542,507,472,437,436,435,434,433,433,433,433,433,433,433,433,433,433,433,433,433,433,433,433,433,433,433,433,433,433,433,433,433,433,433,433,433,
goal:433,433,433,433,433,433,433,433,433,433,433,433,433,433,433,433,433,433,433,433,433,433,433,433,433,433,433,433,433,433,433,433,433,433,433,433,433,433,433,433,433,433,433,
size:14
[agent] id:19
path:446,411,410,410,410,410,410,410,410,410,410,410,410,410,410,410,410,410,410,410,410,410,410,410,410,410,410,410,410,410,410,410,410,410,410,410,410,410,410,410,410,410,410,
goal:410,410,410,410,410,410,410,410,410,410,410,410,410,410,410,410,410,410,410,410,410,410,410,410,410,410,410,410,410,410,410,410,410,410,410,410,410,410,410,410,410,410,410,
size:2
[agent] id:20
path:174,209,244,279,314,349,348,347,346,345,344,343,342,341,340,339,338,338,338,338,338,338,338,338,338,338,338,338,338,338,338,338,338,338,338,338,338,338,338,338,338,338,338,
goal:338,338,338,338,338,338,338,338,338,338,338,338,338,338,338,338,338,338,338,338,338,338,338,338,338,338,338,338,338,338,338,338,338,338,338,338,338,338,338,338,338,338,338,
size:16
[agent] id:21
path:572,537,536,535,534,533,532,531,496,461,426,391,356,321,286,251,216,181,146,111,110,109,108,107,107,107,107,107,107,107,107,107,107,107,107,107,107,107,107,107,107,107,107,
goal:107,107,107,107,107,107,107,107,107,107,107,107,107,107,107,107,107,107,107,107,107,107,107,107,107,107,107,107,107,107,107,107,107,107,107,107,107,107,107,107,107,107,107,
size:23
[agent] id:22
path:349,384,383,383,383,383,383,383,383,383,383,383,383,383,383,383,383,383,383,383,383,383,383,383,383,383,383,383,383,383,383,383,383,383,383,383,383,383,383,383,383,383,383,
goal:383,383,383,383,383,383,383,383,383,383,383,383,383,383,383,383,383,383,383,383,383,383,383,383,383,383,383,383,383,383,383,383,383,383,383,383,383,383,383,383,383,383,383,
size:2
[agent] id:23
path:621,586,551,550,549,548,547,546,545,545,545,545,545,545,545,545,545,545,545,545,545,545,545,545,545,545,545,545,545,545,545,545,545,545,545,545,545,545,545,545,545,545,545,
goal:545,545,545,545,545,545,545,545,545,545,545,545,545,545,545,545,545,545,545,545,545,545,545,545,545,545,545,545,545,545,545,545,545,545,545,545,545,545,545,545,545,545,545,
size:8
[agent] id:24
path:602,603,604,605,606,607,608,609,610,611,612,647,682,683,684,685,686,687,688,689,690,691,692,693,694,694,694,694,694,694,694,694,694,694,694,694,694,694,694,694,694,694,694,
goal:694,694,694,694,694,694,694,694,694,694,694,694,694,694,694,694,694,694,694,694,694,694,694,694,694,694,694,694,694,694,694,694,694,694,694,694,694,694,694,694,694,694,694,
size:24
[agent] id:25
path:145,180,215,250,285,320,355,390,425,460,495,530,565,600,599,599,599,599,599,599,599,599,599,599,599,599,599,599,599,599,599,599,599,599,599,599,599,599,599,599,599,599,599,
goal:599,599,599,599,599,599,599,599,599,599,599,599,599,599,599,599,599,599,599,599,599,599,599,599,599,599,599,599,599,599,599,599,599,599,599,599,599,599,599,599,599,599,599,
size:14
[agent] id:26
path:114,149,184,185,186,187,188,189,190,191,192,193,194,195,196,197,198,199,200,201,202,203,238,239,240,240,240,240,240,240,240,240,240,240,240,240,240,240,240,240,240,240,240,
goal:240,240,240,240,240,240,240,240,240,240,240,240,240,240,240,240,240,240,240,240,240,240,240,240,240,240,240,240,240,240,240,240,240,240,240,240,240,240,240,240,240,240,240,
size:24
[agent] id:27
path:430,465,466,467,468,469,470,471,472,471,471,472,507,542,577,612,613,614,615,616,616,616,616,616,616,616,616,616,616,616,616,616,616,616,616,616,616,616,616,616,616,616,616,
goal:616,616,616,616,616,616,616,616,616,616,616,616,616,616,616,616,616,616,616,616,616,616,616,616,616,616,616,616,616,616,616,616,616,616,616,616,616,616,616,616,616,616,616,
size:19
[agent] id:28
path:194,193,192,227,262,261,260,259,259,259,259,259,259,259,259,259,259,259,259,259,259,259,259,259,259,259,259,259,259,259,259,259,259,259,259,259,259,259,259,259,259,259,259,
goal:259,259,259,259,259,259,259,259,259,259,259,259,259,259,259,259,259,259,259,259,259,259,259,259,259,259,259,259,259,259,259,259,259,259,259,259,259,259,259,259,259,259,259,
size:7
[agent] id:29
path:482,481,480,479,478,477,476,475,474,473,472,507,542,577,612,647,682,681,680,680,680,680,680,680,680,680,680,680,680,680,680,680,680,680,680,680,680,680,680,680,680,680,680,
goal:680,680,680,680,680,680,680,680,680,680,680,680,680,680,680,680,680,680,680,680,680,680,680,680,680,680,680,680,680,680,680,680,680,680,680,680,680,680,680,680,680,680,680,
size:18
SolutionCost:537
