[setting] seed:3
[solver] type:ECBS
[solver] w:3.250000
[solver] ID:0
[solver] Lowlevelnode:4129
[solver] solved:1
[solver] elapsed:39
[solver] makespan:39
[problem] timesteplimit:10000
[problem] type:MAPF
[problem] agentnum:30
[graph] width:35
[graph] height:21
[graph] filename:./map/warehouse_middle.map
[task] id:29,start:0,end:0,service time:0,nodes:599,
[task] id:4,start:0,end:0,service time:0,nodes:250,
[task] id:26,start:0,end:0,service time:0,nodes:668,
[task] id:7,start:0,end:0,service time:0,nodes:281,
[task] id:9,start:0,end:0,service time:0,nodes:173,
[task] id:18,start:0,end:0,service time:0,nodes:416,
[task] id:23,start:0,end:0,service time:0,nodes:519,
[task] id:10,start:0,end:0,service time:0,nodes:531,
[task] id:13,start:0,end:0,service time:0,nodes:398,
[task] id:1,start:0,end:0,service time:0,nodes:725,
[task] id:17,start:0,end:0,service time:0,nodes:52,
[task] id:21,start:0,end:0,service time:0,nodes:413,
[task] id:15,start:0,end:0,service time:0,nodes:688,
[task] id:22,start:0,end:0,service time:0,nodes:538,
[task] id:0,start:0,end:0,service time:0,nodes:351,
[task] id:12,start:0,end:0,service time:0,nodes:394,
[task] id:27,start:0,end:0,service time:0,nodes:263,
[task] id:14,start:0,end:0,service time:0,nodes:474,
[task] id:19,start:0,end:0,service time:0,nodes:291,
[task] id:28,start:0,end:0,service time:0,nodes:548,
[task] id:11,start:0,end:0,service time:0,nodes:495,
[task] id:5,start:0,end:0,service time:0,nodes:129,
[task] id:20,start:0,end:0,service time:0,nodes:149,
[task] id:2,start:0,end:0,service time:0,nodes:276,
[task] id:16,start:0,end:0,service time:0,nodes:457,
[task] id:3,start:0,end:0,service time:0,nodes:420,
[task] id:8,start:0,end:0,service time:0,nodes:387,
[task] id:6,start:0,end:0,service time:0,nodes:154,
[task] id:24,start:0,end:0,service time:0,nodes:635,
[task] id:25,start:0,end:0,service time:0,nodes:692,
[agent] id:0
path:46,45,44,43,42,41,76,111,146,181,216,251,286,321,356,355,354,353,352,351,351,351,351,351,351,351,351,351,351,351,351,351,351,351,351,351,351,351,351,351,
goal:351,351,351,351,351,351,351,351,351,351,351,351,351,351,351,351,351,351,351,351,351,351,351,351,351,351,351,351,351,351,351,351,351,351,351,351,351,351,351,351,
size:19
[agent] id:1
path:308,343,378,413,448,483,518,519,554,589,624,659,694,729,728,727,726,725,725,725,725,725,725,725,725,725,725,725,725,725,725,725,725,725,725,725,725,725,725,725,
goal:725,725,725,725,725,725,725,725,725,725,725,725,725,725,725,725,725,725,725,725,725,725,725,725,725,725,725,725,725,725,725,725,725,725,725,725,725,725,725,725,
size:17
[agent] id:2
path:394,395,396,397,398,399,400,401,402,403,404,405,406,441,442,443,444,445,446,447,448,449,414,379,344,309,274,275,276,276,276,276,276,276,276,276,276,276,276,276,
goal:276,276,276,276,276,276,276,276,276,276,276,276,276,276,276,276,276,276,276,276,276,276,276,276,276,276,276,276,276,276,276,276,276,276,276,276,276,276,276,276,
size:28
[agent] id:3
path:586,585,584,583,582,581,580,579,578,578,577,576,575,574,573,572,571,570,569,568,567,566,565,530,495,494,493,492,491,456,421,420,420,420,420,420,420,420,420,420,
goal:420,420,420,420,420,420,420,420,420,420,420,420,420,420,420,420,420,420,420,420,420,420,420,420,420,420,420,420,420,420,420,420,420,420,420,420,420,420,420,420,
size:31
[agent] id:4
path:324,289,254,253,252,251,250,250,250,250,250,250,250,250,250,250,250,250,250,250,250,250,250,250,250,250,250,250,250,250,250,250,250,250,250,250,250,250,250,250,
goal:250,250,250,250,250,250,250,250,250,250,250,250,250,250,250,250,250,250,250,250,250,250,250,250,250,250,250,250,250,250,250,250,250,250,250,250,250,250,250,250,
size:6
[agent] id:5
path:319,284,249,214,179,144,109,110,111,112,113,114,115,116,117,118,119,120,121,122,123,124,125,126,127,128,129,129,129,129,129,129,129,129,129,129,129,129,129,129,
goal:129,129,129,129,129,129,129,129,129,129,129,129,129,129,129,129,129,129,129,129,129,129,129,129,129,129,129,129,129,129,129,129,129,129,129,129,129,129,129,129,
size:26
[agent] id:6
path:698,663,628,593,558,523,488,453,418,383,348,313,278,243,208,207,172,171,170,169,168,167,166,165,164,163,162,161,160,159,158,157,156,155,154,154,154,154,154,154,
goal:154,154,154,154,154,154,154,154,154,154,154,154,154,154,154,154,154,154,154,154,154,154,154,154,154,154,154,154,154,154,154,154,154,154,154,154,154,154,154,154,
size:34
[agent] id:7
path:327,292,291,290,289,288,287,286,285,284,283,282,281,281,281,281,281,281,281,281,281,281,281,281,281,281,281,281,281,281,281,281,281,281,281,281,281,281,281,281,
goal:281,281,281,281,281,281,281,281,281,281,281,281,281,281,281,281,281,281,281,281,281,281,281,281,281,281,281,281,281,281,281,281,281,281,281,281,281,281,281,281,
size:12
[agent] id:8
path:240,275,310,309,308,307,306,305,304,303,302,301,300,299,298,297,296,295,330,329,328,327,326,325,324,323,322,321,356,391,390,389,388,387,387,387,387,387,387,387,
goal:387,387,387,387,387,387,387,387,387,387,387,387,387,387,387,387,387,387,387,387,387,387,387,387,387,387,387,387,387,387,387,387,387,387,387,387,387,387,387,387,
size:33
[agent] id:9
path:484,449,414,379,344,309,274,239,204,169,170,171,172,173,173,173,173,173,173,173,173,173,173,173,173,173,173,173,173,173,173,173,173,173,173,173,173,173,173,173,
goal:173,173,173,173,173,173,173,173,173,173,173,173,173,173,173,173,173,173,173,173,173,173,173,173,173,173,173,173,173,173,173,173,173,173,173,173,173,173,173,173,
size:13
[agent] id:10
path:402,437,472,471,470,469,468,467,466,465,464,463,462,461,496,531,531,531,531,531,531,531,531,531,531,531,531,531,531,531,531,531,531,531,531,531,531,531,531,531,
goal:531,531,531,531,531,531,531,531,531,531,531,531,531,531,531,531,531,531,531,531,531,531,531,531,531,531,531,531,531,531,531,531,531,531,531,531,531,531,531,531,
size:15
[agent] id:11
path:52,87,122,157,192,227,262,297,332,367,402,437,472,471,470,469,468,467,466,465,464,463,462,461,496,495,495,495,495,495,495,495,495,495,495,495,495,495,495,495,
goal:495,495,495,495,495,495,495,495,495,495,495,495,495,495,495,495,495,495,495,495,495,495,495,495,495,495,495,495,495,495,495,495,495,495,495,495,495,495,495,495,
size:25
[agent] id:12
path:1,36,71,106,141,176,211,246,281,316,351,386,387,388,389,390,391,392,393,394,394,394,394,394,394,394,394,394,394,394,394,394,394,394,394,394,394,394,394,394,
goal:394,394,394,394,394,394,394,394,394,394,394,394,394,394,394,394,394,394,394,394,394,394,394,394,394,394,394,394,394,394,394,394,394,394,394,394,394,394,394,394,
size:19
[agent] id:13
path:247,282,317,352,387,388,389,390,391,392,393,394,395,396,397,398,398,398,398,398,398,398,398,398,398,398,398,398,398,398,398,398,398,398,398,398,398,398,398,398,
goal:398,398,398,398,398,398,398,398,398,398,398,398,398,398,398,398,398,398,398,398,398,398,398,398,398,398,398,398,398,398,398,398,398,398,398,398,398,398,398,398,
size:15
[agent] id:14
path:113,148,183,184,185,186,187,188,189,190,191,192,227,262,297,332,367,402,437,472,473,474,474,474,474,474,474,474,474,474,474,474,474,474,474,474,474,474,474,474,
goal:474,474,474,474,474,474,474,474,474,474,474,474,474,474,474,474,474,474,474,474,474,474,474,474,474,474,474,474,474,474,474,474,474,474,474,474,474,474,474,474,
size:21
[agent] id:15
path:298,333,332,367,402,437,472,507,542,577,612,647,682,683,684,685,686,687,688,688,688,688,688,688,688,688,688,688,688,688,688,688,688,688,688,688,688,688,688,688,
goal:688,688,688,688,688,688,688,688,688,688,688,688,688,688,688,688,688,688,688,688,688,688,688,688,688,688,688,688,688,688,688,688,688,688,688,688,688,688,688,688,
size:18
[agent] id:16
path:305,340,339,338,337,336,335,334,333,332,367,402,437,472,471,470,469,468,467,466,465,464,463,462,461,460,459,458,457,457,457,457,457,457,457,457,457,457,457,457,
goal:457,457,457,457,457,457,457,457,457,457,457,457,457,457,457,457,457,457,457,457,457,457,457,457,457,457,457,457,457,457,457,457,457,457,457,457,457,457,457,457,
size:28
[agent] id:17
path:143,108,73,38,39,40,41,42,43,44,45,46,47,48,49,50,51,52,52,52,52,52,52,52,52,52,52,52,52,52,52,52,52,52,52,52,52,52,52,52,
goal:52,52,52,52,52,52,52,52,52,52,52,52,52,52,52,52,52,52,52,52,52,52,52,52,52,52,52,52,52,52,52,52,52,52,52,52,52,52,52,52,
size:17
[agent] id:18
path:547,548,549,550,551,552,553,518,483,448,413,414,415,416,416,416,416,416,416,416,416,416,416,416,416,416,416,416,416,416,416,416,416,416,416,416,416,416,416,416,
goal:416,416,416,416,416,416,416,416,416,416,416,416,416,416,416,416,416,416,416,416,416,416,416,416,416,416,416,416,416,416,416,416,416,416,416,416,416,416,416,416,
size:13
[agent] id:19
path:400,399,434,433,432,431,430,429,428,427,426,391,356,355,320,285,286,287,288,289,290,291,291,291,291,291,291,291,291,291,291,291,291,291,291,291,291,291,291,291,
goal:291,291,291,291,291,291,291,291,291,291,291,291,291,291,291,291,291,291,291,291,291,291,291,291,291,291,291,291,291,291,291,291,291,291,291,291,291,291,291,291,
size:21
[agent] id:20
path:341,306,271,270,269,268,267,266,265,264,263,263,262,263,263,262,227,192,157,156,155,154,153,152,151,150,149,149,149,149,149,149,149,149,149,149,149,149,149,149,
goal:149,149,149,149,149,149,149,149,149,149,149,149,149,149,149,149,149,149,149,149,149,149,149,149,149,149,149,149,149,149,149,149,149,149,149,149,149,149,149,149,
size:26
[agent] id:21
path:260,295,330,331,332,367,402,403,404,405,406,407,408,409,410,411,412,413,413,413,413,413,413,413,413,413,413,413,413,413,413,413,413,413,413,413,413,413,413,413,
goal:413,413,413,413,413,413,413,413,413,413,413,413,413,413,413,413,413,413,413,413,413,413,413,413,413,413,413,413,413,413,413,413,413,413,413,413,413,413,413,413,
size:17
[agent] id:22
path:590,589,588,587,586,585,584,583,582,581,580,579,578,577,576,575,540,539,538,538,538,538,538,538,538,538,538,538,538,538,538,538,538,538,538,538,538,538,538,538,
goal:538,538,538,538,538,538,538,538,538,538,538,538,538,538,538,538,538,538,538,538,538,538,538,538,538,538,538,538,538,538,538,538,538,538,538,538,538,538,538,538,
size:18
[agent] id:23
path:686,687,688,689,690,691,692,693,658,623,588,553,518,519,519,519,519,519,519,519,519,519,519,519,519,519,519,519,519,519,519,519,519,519,519,519,519,519,519,519,
goal:519,519,519,519,519,519,519,519,519,519,519,519,519,519,519,519,519,519,519,519,519,519,519,519,519,519,519,519,519,519,519,519,519,519,519,519,519,519,519,519,
size:13
[agent] id:24
path:129,164,199,198,197,196,195,194,193,192,227,262,297,332,367,402,437,472,507,542,577,612,611,610,609,608,607,606,605,604,603,602,601,636,635,635,635,635,635,635,
goal:635,635,635,635,635,635,635,635,635,635,635,635,635,635,635,635,635,635,635,635,635,635,635,635,635,635,635,635,635,635,635,635,635,635,635,635,635,635,635,635,
size:34
[agent] id:25
path:111,146,181,216,251,286,321,322,323,324,325,326,327,328,329,330,331,332,367,402,437,472,507,542,577,612,647,682,683,684,685,686,687,722,723,724,689,690,691,692,
goal:692,692,692,692,692,692,692,692,692,692,692,692,692,692,692,692,692,692,692,692,692,692,692,692,692,692,692,692,692,692,692,692,692,692,692,692,692,692,692,692,
size:39
[agent] id:26
path:526,561,596,631,666,667,668,668,668,668,668,668,668,668,668,668,668,668,668,668,668,668,668,668,668,668,668,668,668,668,668,668,668,668,668,668,668,668,668,668,
goal:668,668,668,668,668,668,668,668,668,668,668,668,668,668,668,668,668,668,668,668,668,668,668,668,668,668,668,668,668,668,668,668,668,668,668,668,668,668,668,668,
size:6
[agent] id:27
path:480,445,410,411,412,413,378,343,308,307,306,305,304,303,302,301,300,265,264,263,263,263,263,263,263,263,263,263,263,263,263,263,263,263,263,263,263,263,263,263,
goal:263,263,263,263,263,263,263,263,263,263,263,263,263,263,263,263,263,263,263,263,263,263,263,263,263,263,263,263,263,263,263,263,263,263,263,263,263,263,263,263,
size:19
[agent] id:28
path:391,426,461,496,531,532,533,534,535,536,537,538,539,540,541,542,543,544,545,546,547,548,548,548,548,548,548,548,548,548,548,548,548,548,548,548,548,548,548,548,
goal:548,548,548,548,548,548,548,548,548,548,548,548,548,548,548,548,548,548,548,548,548,548,548,548,548,548,548,548,548,548,548,548,548,548,548,548,548,548,548,548,
size:21
[agent] id:29
path:595,596,597,598,599,599,599,599,599,599,599,599,599,599,599,599,599,599,599,599,599,599,599,599,599,599,599,599,599,599,599,599,599,599,599,599,599,599,599,599,
goal:599,599,599,599,599,599,599,599,599,599,599,599,599,599,599,599,599,599,599,599,599,599,599,599,599,599,599,599,599,599,599,599,599,599,599,599,599,599,599,599,
size:4
SolutionCost:608
