[setting] seed:31
[solver] type:ECBS
[solver] w:2.000000
[solver] ID:0
[solver] Lowlevelnode:7424
[solver] ConflictCount:13
[solver] solved:1
[solver] elapsed:57
[solver] makespan:43
[problem] timesteplimit:10000
[problem] type:MAPF
[problem] agentnum:30
[graph] width:35
[graph] height:21
[graph] filename:./map/warehouse_middle.map
[task] id:29,start:0,end:0,service time:0,nodes:183,
[task] id:27,start:0,end:0,service time:0,nodes:127,
[task] id:2,start:0,end:0,service time:0,nodes:103,
[task] id:15,start:0,end:0,service time:0,nodes:489,
[task] id:22,start:0,end:0,service time:0,nodes:285,
[task] id:5,start:0,end:0,service time:0,nodes:149,
[task] id:18,start:0,end:0,service time:0,nodes:446,
[task] id:24,start:0,end:0,service time:0,nodes:151,
[task] id:6,start:0,end:0,service time:0,nodes:45,
[task] id:11,start:0,end:0,service time:0,nodes:128,
[task] id:12,start:0,end:0,service time:0,nodes:154,
[task] id:4,start:0,end:0,service time:0,nodes:245,
[task] id:3,start:0,end:0,service time:0,nodes:320,
[task] id:28,start:0,end:0,service time:0,nodes:679,
[task] id:1,start:0,end:0,service time:0,nodes:445,
[task] id:20,start:0,end:0,service time:0,nodes:436,
[task] id:9,start:0,end:0,service time:0,nodes:281,
[task] id:17,start:0,end:0,service time:0,nodes:703,
[task] id:25,start:0,end:0,service time:0,nodes:11,
[task] id:26,start:0,end:0,service time:0,nodes:73,
[task] id:23,start:0,end:0,service time:0,nodes:417,
[task] id:7,start:0,end:0,service time:0,nodes:159,
[task] id:21,start:0,end:0,service time:0,nodes:270,
[task] id:0,start:0,end:0,service time:0,nodes:425,
[task] id:14,start:0,end:0,service time:0,nodes:314,
[task] id:19,start:0,end:0,service time:0,nodes:182,
[task] id:16,start:0,end:0,service time:0,nodes:699,
[task] id:8,start:0,end:0,service time:0,nodes:387,
[task] id:13,start:0,end:0,service time:0,nodes:36,
[task] id:10,start:0,end:0,service time:0,nodes:210,
[agent] id:0
path:693,658,623,588,553,518,483,448,447,446,445,444,443,442,441,440,439,438,437,436,435,434,433,432,431,430,429,428,427,426,425,425,425,425,425,425,425,425,425,425,425,425,425,425,
goal:425,425,425,425,425,425,425,425,425,425,425,425,425,425,425,425,425,425,425,425,425,425,425,425,425,425,425,425,425,425,425,425,425,425,425,425,425,425,425,425,425,425,425,425,
size:30
[agent] id:1
path:254,289,324,325,326,327,328,329,330,331,332,333,333,332,367,402,403,404,439,440,441,442,443,444,445,445,445,445,445,445,445,445,445,445,445,445,445,445,445,445,445,445,445,445,
goal:445,445,445,445,445,445,445,445,445,445,445,445,445,445,445,445,445,445,445,445,445,445,445,445,445,445,445,445,445,445,445,445,445,445,445,445,445,445,445,445,445,445,445,445,
size:24
[agent] id:2
path:62,63,98,99,100,101,102,103,103,103,103,103,103,103,103,103,103,103,103,103,103,103,103,103,103,103,103,103,103,103,103,103,103,103,103,103,103,103,103,103,103,103,103,103,
goal:103,103,103,103,103,103,103,103,103,103,103,103,103,103,103,103,103,103,103,103,103,103,103,103,103,103,103,103,103,103,103,103,103,103,103,103,103,103,103,103,103,103,103,103,
size:7
[agent] id:3
path:127,162,197,196,195,194,193,192,227,262,297,332,331,330,329,328,327,326,325,324,323,322,321,320,320,320,320,320,320,320,320,320,320,320,320,320,320,320,320,320,320,320,320,320,
goal:320,320,320,320,320,320,320,320,320,320,320,320,320,320,320,320,320,320,320,320,320,320,320,320,320,320,320,320,320,320,320,320,320,320,320,320,320,320,320,320,320,320,320,320,
size:23
[agent] id:4
path:606,571,536,535,534,533,532,531,496,461,426,391,356,321,286,251,250,249,248,247,246,245,245,245,245,245,245,245,245,245,245,245,245,245,245,245,245,245,245,245,245,245,245,245,
goal:245,245,245,245,245,245,245,245,245,245,245,245,245,245,245,245,245,245,245,245,245,245,245,245,245,245,245,245,245,245,245,245,245,245,245,245,245,245,245,245,245,245,245,245,
size:21
[agent] id:5
path:424,389,354,319,284,249,214,179,144,145,146,147,148,149,149,149,149,149,149,149,149,149,149,149,149,149,149,149,149,149,149,149,149,149,149,149,149,149,149,149,149,149,149,149,
goal:149,149,149,149,149,149,149,149,149,149,149,149,149,149,149,149,149,149,149,149,149,149,149,149,149,149,149,149,149,149,149,149,149,149,149,149,149,149,149,149,149,149,149,149,
size:13
[agent] id:6
path:126,125,124,159,158,123,122,87,52,51,50,49,48,47,46,45,45,45,45,45,45,45,45,45,45,45,45,45,45,45,45,45,45,45,45,45,45,45,45,45,45,45,45,45,
goal:45,45,45,45,45,45,45,45,45,45,45,45,45,45,45,45,45,45,45,45,45,45,45,45,45,45,45,45,45,45,45,45,45,45,45,45,45,45,45,45,45,45,45,45,
size:15
[agent] id:7
path:732,697,662,627,592,557,522,487,452,417,382,347,312,277,242,207,172,171,170,169,168,167,166,165,164,163,162,161,160,159,159,159,159,159,159,159,159,159,159,159,159,159,159,159,
goal:159,159,159,159,159,159,159,159,159,159,159,159,159,159,159,159,159,159,159,159,159,159,159,159,159,159,159,159,159,159,159,159,159,159,159,159,159,159,159,159,159,159,159,159,
size:29
[agent] id:8
path:67,102,137,172,207,206,241,276,311,346,345,344,343,342,341,340,339,338,337,336,335,334,333,332,367,402,401,400,399,398,397,396,395,394,393,392,391,390,389,388,387,387,387,387,
goal:387,387,387,387,387,387,387,387,387,387,387,387,387,387,387,387,387,387,387,387,387,387,387,387,387,387,387,387,387,387,387,387,387,387,387,387,387,387,387,387,387,387,387,387,
size:40
[agent] id:9
path:54,53,52,87,122,121,120,119,118,117,116,115,114,113,148,147,182,181,180,215,250,249,284,283,282,281,281,281,281,281,281,281,281,281,281,281,281,281,281,281,281,281,281,281,
goal:281,281,281,281,281,281,281,281,281,281,281,281,281,281,281,281,281,281,281,281,281,281,281,281,281,281,281,281,281,281,281,281,281,281,281,281,281,281,281,281,281,281,281,281,
size:25
[agent] id:10
path:559,524,489,454,419,384,349,314,313,312,311,310,309,308,307,306,305,304,303,302,301,300,299,298,263,262,261,260,259,258,257,256,255,254,253,252,251,216,215,214,213,212,211,210,
goal:210,210,210,210,210,210,210,210,210,210,210,210,210,210,210,210,210,210,210,210,210,210,210,210,210,210,210,210,210,210,210,210,210,210,210,210,210,210,210,210,210,210,210,210,
size:43
[agent] id:11
path:382,347,312,277,242,207,172,137,136,135,134,133,132,131,130,129,128,128,128,128,128,128,128,128,128,128,128,128,128,128,128,128,128,128,128,128,128,128,128,128,128,128,128,128,
goal:128,128,128,128,128,128,128,128,128,128,128,128,128,128,128,128,128,128,128,128,128,128,128,128,128,128,128,128,128,128,128,128,128,128,128,128,128,128,128,128,128,128,128,128,
size:16
[agent] id:12
path:582,547,546,545,544,543,542,507,472,437,402,367,332,297,262,227,192,157,156,155,154,154,154,154,154,154,154,154,154,154,154,154,154,154,154,154,154,154,154,154,154,154,154,154,
goal:154,154,154,154,154,154,154,154,154,154,154,154,154,154,154,154,154,154,154,154,154,154,154,154,154,154,154,154,154,154,154,154,154,154,154,154,154,154,154,154,154,154,154,154,
size:20
[agent] id:13
path:349,314,279,244,209,174,173,172,171,170,169,168,167,166,165,164,163,162,161,126,125,124,123,122,121,120,119,118,117,116,115,114,113,112,111,76,41,40,39,38,37,36,36,36,
goal:36,36,36,36,36,36,36,36,36,36,36,36,36,36,36,36,36,36,36,36,36,36,36,36,36,36,36,36,36,36,36,36,36,36,36,36,36,36,36,36,36,36,36,36,
size:41
[agent] id:14
path:535,536,537,538,539,540,541,541,542,507,472,437,438,403,404,405,406,407,408,409,410,411,412,413,378,343,308,309,310,311,312,313,314,314,314,314,314,314,314,314,314,314,314,314,
goal:314,314,314,314,314,314,314,314,314,314,314,314,314,314,314,314,314,314,314,314,314,314,314,314,314,314,314,314,314,314,314,314,314,314,314,314,314,314,314,314,314,314,314,314,
size:32
[agent] id:15
path:209,244,243,278,313,348,383,418,453,488,489,489,489,489,489,489,489,489,489,489,489,489,489,489,489,489,489,489,489,489,489,489,489,489,489,489,489,489,489,489,489,489,489,489,
goal:489,489,489,489,489,489,489,489,489,489,489,489,489,489,489,489,489,489,489,489,489,489,489,489,489,489,489,489,489,489,489,489,489,489,489,489,489,489,489,489,489,489,489,489,
size:10
[agent] id:16
path:630,665,666,667,668,669,670,671,672,673,674,675,676,677,678,679,680,681,682,683,684,685,686,687,688,689,690,691,692,693,694,695,696,697,698,699,699,699,699,699,699,699,699,699,
goal:699,699,699,699,699,699,699,699,699,699,699,699,699,699,699,699,699,699,699,699,699,699,699,699,699,699,699,699,699,699,699,699,699,699,699,699,699,699,699,699,699,699,699,699,
size:35
[agent] id:17
path:404,439,474,473,472,471,470,469,468,467,466,465,464,463,462,461,496,531,566,601,636,671,706,705,704,703,703,703,703,703,703,703,703,703,703,703,703,703,703,703,703,703,703,703,
goal:703,703,703,703,703,703,703,703,703,703,703,703,703,703,703,703,703,703,703,703,703,703,703,703,703,703,703,703,703,703,703,703,703,703,703,703,703,703,703,703,703,703,703,703,
size:25
[agent] id:18
path:617,582,547,548,549,550,551,552,553,518,483,448,447,446,446,446,446,446,446,446,446,446,446,446,446,446,446,446,446,446,446,446,446,446,446,446,446,446,446,446,446,446,446,446,
goal:446,446,446,446,446,446,446,446,446,446,446,446,446,446,446,446,446,446,446,446,446,446,446,446,446,446,446,446,446,446,446,446,446,446,446,446,446,446,446,446,446,446,446,446,
size:13
[agent] id:19
path:314,313,348,347,346,345,344,343,342,341,340,339,338,337,336,335,334,333,298,297,296,295,260,259,258,257,256,255,254,253,252,251,216,181,182,182,182,182,182,182,182,182,182,182,
goal:182,182,182,182,182,182,182,182,182,182,182,182,182,182,182,182,182,182,182,182,182,182,182,182,182,182,182,182,182,182,182,182,182,182,182,182,182,182,182,182,182,182,182,182,
size:34
[agent] id:20
path:702,703,704,705,706,707,672,673,674,675,676,677,678,679,680,681,682,647,612,577,542,507,472,437,436,436,436,436,436,436,436,436,436,436,436,436,436,436,436,436,436,436,436,436,
goal:436,436,436,436,436,436,436,436,436,436,436,436,436,436,436,436,436,436,436,436,436,436,436,436,436,436,436,436,436,436,436,436,436,436,436,436,436,436,436,436,436,436,436,436,
size:24
[agent] id:21
path:601,566,531,496,461,426,391,356,321,286,251,252,253,254,255,256,257,258,259,260,261,262,263,264,265,266,267,268,269,270,270,270,270,270,270,270,270,270,270,270,270,270,270,270,
goal:270,270,270,270,270,270,270,270,270,270,270,270,270,270,270,270,270,270,270,270,270,270,270,270,270,270,270,270,270,270,270,270,270,270,270,270,270,270,270,270,270,270,270,270,
size:29
[agent] id:22
path:331,296,295,294,293,292,291,290,289,288,287,286,285,285,285,285,285,285,285,285,285,285,285,285,285,285,285,285,285,285,285,285,285,285,285,285,285,285,285,285,285,285,285,285,
goal:285,285,285,285,285,285,285,285,285,285,285,285,285,285,285,285,285,285,285,285,285,285,285,285,285,285,285,285,285,285,285,285,285,285,285,285,285,285,285,285,285,285,285,285,
size:12
[agent] id:23
path:715,680,681,682,647,612,577,542,507,472,437,402,403,404,405,406,407,408,409,410,411,412,413,414,415,416,417,417,417,417,417,417,417,417,417,417,417,417,417,417,417,417,417,417,
goal:417,417,417,417,417,417,417,417,417,417,417,417,417,417,417,417,417,417,417,417,417,417,417,417,417,417,417,417,417,417,417,417,417,417,417,417,417,417,417,417,417,417,417,417,
size:26
[agent] id:24
path:11,46,45,44,43,42,41,76,111,146,147,148,149,150,151,151,151,151,151,151,151,151,151,151,151,151,151,151,151,151,151,151,151,151,151,151,151,151,151,151,151,151,151,151,
goal:151,151,151,151,151,151,151,151,151,151,151,151,151,151,151,151,151,151,151,151,151,151,151,151,151,151,151,151,151,151,151,151,151,151,151,151,151,151,151,151,151,151,151,151,
size:14
[agent] id:25
path:240,205,170,135,134,99,64,29,28,27,26,25,24,23,22,21,20,19,18,17,16,15,14,13,12,11,11,11,11,11,11,11,11,11,11,11,11,11,11,11,11,11,11,11,
goal:11,11,11,11,11,11,11,11,11,11,11,11,11,11,11,11,11,11,11,11,11,11,11,11,11,11,11,11,11,11,11,11,11,11,11,11,11,11,11,11,11,11,11,11,
size:25
[agent] id:26
path:710,675,674,673,672,671,636,601,566,531,496,461,426,391,356,321,286,251,216,181,146,111,76,75,74,73,73,73,73,73,73,73,73,73,73,73,73,73,73,73,73,73,73,73,
goal:73,73,73,73,73,73,73,73,73,73,73,73,73,73,73,73,73,73,73,73,73,73,73,73,73,73,73,73,73,73,73,73,73,73,73,73,73,73,73,73,73,73,73,73,
size:25
[agent] id:27
path:121,122,123,124,125,126,127,127,127,127,127,127,127,127,127,127,127,127,127,127,127,127,127,127,127,127,127,127,127,127,127,127,127,127,127,127,127,127,127,127,127,127,127,127,
goal:127,127,127,127,127,127,127,127,127,127,127,127,127,127,127,127,127,127,127,127,127,127,127,127,127,127,127,127,127,127,127,127,127,127,127,127,127,127,127,127,127,127,127,127,
size:6
[agent] id:28
path:350,385,420,455,490,525,560,595,630,665,666,667,668,669,670,671,672,673,674,675,676,677,678,679,679,679,679,679,679,679,679,679,679,679,679,679,679,679,679,679,679,679,679,679,
goal:679,679,679,679,679,679,679,679,679,679,679,679,679,679,679,679,679,679,679,679,679,679,679,679,679,679,679,679,679,679,679,679,679,679,679,679,679,679,679,679,679,679,679,679,
size:23
[agent] id:29
path:152,187,186,185,184,183,183,183,183,183,183,183,183,183,183,183,183,183,183,183,183,183,183,183,183,183,183,183,183,183,183,183,183,183,183,183,183,183,183,183,183,183,183,183,
goal:183,183,183,183,183,183,183,183,183,183,183,183,183,183,183,183,183,183,183,183,183,183,183,183,183,183,183,183,183,183,183,183,183,183,183,183,183,183,183,183,183,183,183,183,
size:5
SolutionCost:685
