[setting] seed:86
[solver] type:ECBS
[solver] w:2.000000
[solver] ID:0
[solver] Lowlevelnode:4189
[solver] ConflictCount:12
[solver] solved:1
[solver] elapsed:31
[solver] makespan:41
[problem] timesteplimit:10000
[problem] type:MAPF
[problem] agentnum:30
[graph] width:35
[graph] height:21
[graph] filename:./map/warehouse_middle.map
[task] id:11,start:0,end:0,service time:0,nodes:381,
[task] id:17,start:0,end:0,service time:0,nodes:683,
[task] id:23,start:0,end:0,service time:0,nodes:529,
[task] id:6,start:0,end:0,service time:0,nodes:45,
[task] id:30,start:0,end:0,service time:0,nodes:381,
[task] id:15,start:0,end:0,service time:0,nodes:589,
[task] id:12,start:0,end:0,service time:0,nodes:528,
[task] id:16,start:0,end:0,service time:0,nodes:184,
[task] id:7,start:0,end:0,service time:0,nodes:534,
[task] id:0,start:0,end:0,service time:0,nodes:712,
[task] id:3,start:0,end:0,service time:0,nodes:691,
[task] id:14,start:0,end:0,service time:0,nodes:398,
[task] id:28,start:0,end:0,service time:0,nodes:523,
[task] id:4,start:0,end:0,service time:0,nodes:305,
[task] id:19,start:0,end:0,service time:0,nodes:547,
[task] id:8,start:0,end:0,service time:0,nodes:15,
[task] id:10,start:0,end:0,service time:0,nodes:215,
[task] id:13,start:0,end:0,service time:0,nodes:475,
[task] id:21,start:0,end:0,service time:0,nodes:258,
[task] id:29,start:0,end:0,service time:0,nodes:620,
[task] id:22,start:0,end:0,service time:0,nodes:57,
[task] id:5,start:0,end:0,service time:0,nodes:195,
[task] id:2,start:0,end:0,service time:0,nodes:461,
[task] id:27,start:0,end:0,service time:0,nodes:266,
[task] id:18,start:0,end:0,service time:0,nodes:159,
[task] id:26,start:0,end:0,service time:0,nodes:216,
[task] id:20,start:0,end:0,service time:0,nodes:10,
[task] id:9,start:0,end:0,service time:0,nodes:465,
[task] id:25,start:0,end:0,service time:0,nodes:131,
[task] id:24,start:0,end:0,service time:0,nodes:696,
[task] id:1,start:0,end:0,service time:0,nodes:42,
[agent] id:0
path:608,609,610,611,612,647,682,717,716,715,714,713,712,712,712,712,712,712,712,712,712,712,712,712,712,712,712,712,712,712,712,712,712,712,712,712,712,712,712,712,712,712,
goal:712,712,712,712,712,712,712,712,712,712,712,712,712,712,712,712,712,712,712,712,712,712,712,712,712,712,712,712,712,712,712,712,712,712,712,712,712,712,712,712,712,712,
size:12
[agent] id:1
path:454,419,384,349,314,279,244,209,174,173,172,171,170,169,168,167,166,165,165,164,163,162,161,160,159,158,157,156,155,120,119,118,117,116,115,114,113,112,111,76,41,42,
goal:42,42,42,42,42,42,42,42,42,42,42,42,42,42,42,42,42,42,42,42,42,42,42,42,42,42,42,42,42,42,42,42,42,42,42,42,42,42,42,42,42,42,
size:41
[agent] id:2
path:483,482,481,480,479,478,477,476,475,474,473,472,471,470,469,468,467,466,465,464,463,462,461,461,461,461,461,461,461,461,461,461,461,461,461,461,461,461,461,461,461,461,
goal:461,461,461,461,461,461,461,461,461,461,461,461,461,461,461,461,461,461,461,461,461,461,461,461,461,461,461,461,461,461,461,461,461,461,461,461,461,461,461,461,461,461,
size:22
[agent] id:3
path:451,486,485,520,555,590,625,660,695,694,693,692,691,691,691,691,691,691,691,691,691,691,691,691,691,691,691,691,691,691,691,691,691,691,691,691,691,691,691,691,691,691,
goal:691,691,691,691,691,691,691,691,691,691,691,691,691,691,691,691,691,691,691,691,691,691,691,691,691,691,691,691,691,691,691,691,691,691,691,691,691,691,691,691,691,691,
size:12
[agent] id:4
path:160,195,196,197,198,199,200,201,202,203,238,273,308,307,306,305,305,305,305,305,305,305,305,305,305,305,305,305,305,305,305,305,305,305,305,305,305,305,305,305,305,305,
goal:305,305,305,305,305,305,305,305,305,305,305,305,305,305,305,305,305,305,305,305,305,305,305,305,305,305,305,305,305,305,305,305,305,305,305,305,305,305,305,305,305,305,
size:15
[agent] id:5
path:556,521,486,451,416,381,346,311,276,241,206,205,204,203,202,201,200,199,198,197,196,195,195,195,195,195,195,195,195,195,195,195,195,195,195,195,195,195,195,195,195,195,
goal:195,195,195,195,195,195,195,195,195,195,195,195,195,195,195,195,195,195,195,195,195,195,195,195,195,195,195,195,195,195,195,195,195,195,195,195,195,195,195,195,195,195,
size:21
[agent] id:6
path:5,40,41,42,43,44,45,45,45,45,45,45,45,45,45,45,45,45,45,45,45,45,45,45,45,45,45,45,45,45,45,45,45,45,45,45,45,45,45,45,45,45,
goal:45,45,45,45,45,45,45,45,45,45,45,45,45,45,45,45,45,45,45,45,45,45,45,45,45,45,45,45,45,45,45,45,45,45,45,45,45,45,45,45,45,45,
size:6
[agent] id:7
path:387,422,457,492,493,494,495,530,531,532,533,534,534,534,534,534,534,534,534,534,534,534,534,534,534,534,534,534,534,534,534,534,534,534,534,534,534,534,534,534,534,534,
goal:534,534,534,534,534,534,534,534,534,534,534,534,534,534,534,534,534,534,534,534,534,534,534,534,534,534,534,534,534,534,534,534,534,534,534,534,534,534,534,534,534,534,
size:11
[agent] id:8
path:440,405,404,403,402,367,332,297,262,227,192,157,122,87,52,17,16,15,15,15,15,15,15,15,15,15,15,15,15,15,15,15,15,15,15,15,15,15,15,15,15,15,
goal:15,15,15,15,15,15,15,15,15,15,15,15,15,15,15,15,15,15,15,15,15,15,15,15,15,15,15,15,15,15,15,15,15,15,15,15,15,15,15,15,15,15,
size:17
[agent] id:9
path:199,198,197,162,161,196,195,194,193,192,193,193,193,192,227,227,262,297,332,367,402,437,472,471,470,469,468,467,466,465,465,465,465,465,465,465,465,465,465,465,465,465,
goal:465,465,465,465,465,465,465,465,465,465,465,465,465,465,465,465,465,465,465,465,465,465,465,465,465,465,465,465,465,465,465,465,465,465,465,465,465,465,465,465,465,465,
size:29
[agent] id:10
path:266,265,264,263,262,261,260,259,258,257,256,255,254,253,252,251,216,215,215,215,215,215,215,215,215,215,215,215,215,215,215,215,215,215,215,215,215,215,215,215,215,215,
goal:215,215,215,215,215,215,215,215,215,215,215,215,215,215,215,215,215,215,215,215,215,215,215,215,215,215,215,215,215,215,215,215,215,215,215,215,215,215,215,215,215,215,
size:17
[agent] id:11
path:418,383,382,381,381,380,380,380,381,381,381,381,381,381,381,381,381,381,381,381,381,381,381,381,381,381,381,381,381,381,381,381,381,381,381,381,381,381,381,381,381,381,
goal:381,381,381,381,381,381,381,381,381,381,381,381,381,381,381,381,381,381,381,381,381,381,381,381,381,381,381,381,381,381,381,381,381,381,381,381,381,381,381,381,381,381,
size:8
[agent] id:12
path:536,535,534,569,568,567,566,565,564,563,528,528,528,528,528,528,528,528,528,528,528,528,528,528,528,528,528,528,528,528,528,528,528,528,528,528,528,528,528,528,528,528,
goal:528,528,528,528,528,528,528,528,528,528,528,528,528,528,528,528,528,528,528,528,528,528,528,528,528,528,528,528,528,528,528,528,528,528,528,528,528,528,528,528,528,528,
size:10
[agent] id:13
path:696,661,626,591,556,521,486,485,484,483,482,481,480,479,478,477,476,475,475,475,475,475,475,475,475,475,475,475,475,475,475,475,475,475,475,475,475,475,475,475,475,475,
goal:475,475,475,475,475,475,475,475,475,475,475,475,475,475,475,475,475,475,475,475,475,475,475,475,475,475,475,475,475,475,475,475,475,475,475,475,475,475,475,475,475,475,
size:17
[agent] id:14
path:253,288,323,322,321,356,391,392,393,394,395,396,397,398,398,398,398,398,398,398,398,398,398,398,398,398,398,398,398,398,398,398,398,398,398,398,398,398,398,398,398,398,
goal:398,398,398,398,398,398,398,398,398,398,398,398,398,398,398,398,398,398,398,398,398,398,398,398,398,398,398,398,398,398,398,398,398,398,398,398,398,398,398,398,398,398,
size:13
[agent] id:15
path:453,488,523,558,593,592,591,590,589,589,589,589,589,589,589,589,589,589,589,589,589,589,589,589,589,589,589,589,589,589,589,589,589,589,589,589,589,589,589,589,589,589,
goal:589,589,589,589,589,589,589,589,589,589,589,589,589,589,589,589,589,589,589,589,589,589,589,589,589,589,589,589,589,589,589,589,589,589,589,589,589,589,589,589,589,589,
size:8
[agent] id:16
path:72,107,142,177,178,179,180,181,182,183,184,184,184,184,184,184,184,184,184,184,184,184,184,184,184,184,184,184,184,184,184,184,184,184,184,184,184,184,184,184,184,184,
goal:184,184,184,184,184,184,184,184,184,184,184,184,184,184,184,184,184,184,184,184,184,184,184,184,184,184,184,184,184,184,184,184,184,184,184,184,184,184,184,184,184,184,
size:10
[agent] id:17
path:614,613,612,647,682,683,683,683,683,683,683,683,683,683,683,683,683,683,683,683,683,683,683,683,683,683,683,683,683,683,683,683,683,683,683,683,683,683,683,683,683,683,
goal:683,683,683,683,683,683,683,683,683,683,683,683,683,683,683,683,683,683,683,683,683,683,683,683,683,683,683,683,683,683,683,683,683,683,683,683,683,683,683,683,683,683,
size:5
[agent] id:18
path:626,591,556,521,486,451,416,381,346,311,276,241,206,171,170,169,168,167,166,165,164,163,162,161,160,159,159,159,159,159,159,159,159,159,159,159,159,159,159,159,159,159,
goal:159,159,159,159,159,159,159,159,159,159,159,159,159,159,159,159,159,159,159,159,159,159,159,159,159,159,159,159,159,159,159,159,159,159,159,159,159,159,159,159,159,159,
size:25
[agent] id:19
path:531,532,533,534,535,536,537,538,539,540,541,542,543,544,545,546,547,547,547,547,547,547,547,547,547,547,547,547,547,547,547,547,547,547,547,547,547,547,547,547,547,547,
goal:547,547,547,547,547,547,547,547,547,547,547,547,547,547,547,547,547,547,547,547,547,547,547,547,547,547,547,547,547,547,547,547,547,547,547,547,547,547,547,547,547,547,
size:16
[agent] id:20
path:606,605,604,603,602,601,601,566,566,531,496,461,426,391,356,321,286,251,216,181,146,111,76,41,6,7,8,9,10,10,10,10,10,10,10,10,10,10,10,10,10,10,
goal:10,10,10,10,10,10,10,10,10,10,10,10,10,10,10,10,10,10,10,10,10,10,10,10,10,10,10,10,10,10,10,10,10,10,10,10,10,10,10,10,10,10,
size:28
[agent] id:21
path:565,530,495,460,425,390,355,320,285,286,287,288,289,254,255,256,257,258,258,258,258,258,258,258,258,258,258,258,258,258,258,258,258,258,258,258,258,258,258,258,258,258,
goal:258,258,258,258,258,258,258,258,258,258,258,258,258,258,258,258,258,258,258,258,258,258,258,258,258,258,258,258,258,258,258,258,258,258,258,258,258,258,258,258,258,258,
size:17
[agent] id:22
path:543,542,507,472,437,402,367,332,297,262,227,192,157,122,87,52,53,54,55,56,57,57,57,57,57,57,57,57,57,57,57,57,57,57,57,57,57,57,57,57,57,57,
goal:57,57,57,57,57,57,57,57,57,57,57,57,57,57,57,57,57,57,57,57,57,57,57,57,57,57,57,57,57,57,57,57,57,57,57,57,57,57,57,57,57,57,
size:20
[agent] id:23
path:668,633,598,563,528,529,529,529,529,529,529,529,529,529,529,529,529,529,529,529,529,529,529,529,529,529,529,529,529,529,529,529,529,529,529,529,529,529,529,529,529,529,
goal:529,529,529,529,529,529,529,529,529,529,529,529,529,529,529,529,529,529,529,529,529,529,529,529,529,529,529,529,529,529,529,529,529,529,529,529,529,529,529,529,529,529,
size:5
[agent] id:24
path:44,45,46,47,48,49,50,51,52,87,122,123,158,159,160,161,162,163,164,199,200,201,202,203,238,273,308,343,378,413,448,483,518,553,588,623,658,693,694,695,696,696,
goal:696,696,696,696,696,696,696,696,696,696,696,696,696,696,696,696,696,696,696,696,696,696,696,696,696,696,696,696,696,696,696,696,696,696,696,696,696,696,696,696,696,696,
size:40
[agent] id:25
path:490,455,420,385,350,315,280,245,210,175,140,105,106,107,108,109,110,111,112,113,114,115,116,117,118,119,120,121,122,123,124,125,126,127,128,129,130,131,131,131,131,131,
goal:131,131,131,131,131,131,131,131,131,131,131,131,131,131,131,131,131,131,131,131,131,131,131,131,131,131,131,131,131,131,131,131,131,131,131,131,131,131,131,131,131,131,
size:37
[agent] id:26
path:583,548,547,546,545,544,543,542,507,472,437,402,367,332,297,296,295,294,293,292,257,256,255,254,253,252,251,216,216,216,216,216,216,216,216,216,216,216,216,216,216,216,
goal:216,216,216,216,216,216,216,216,216,216,216,216,216,216,216,216,216,216,216,216,216,216,216,216,216,216,216,216,216,216,216,216,216,216,216,216,216,216,216,216,216,216,
size:27
[agent] id:27
path:731,696,661,626,591,556,521,486,451,416,415,380,345,310,275,274,273,272,271,270,269,268,267,266,266,266,266,266,266,266,266,266,266,266,266,266,266,266,266,266,266,266,
goal:266,266,266,266,266,266,266,266,266,266,266,266,266,266,266,266,266,266,266,266,266,266,266,266,266,266,266,266,266,266,266,266,266,266,266,266,266,266,266,266,266,266,
size:23
[agent] id:28
path:726,691,692,693,658,623,588,553,518,519,520,521,522,523,523,523,523,523,523,523,523,523,523,523,523,523,523,523,523,523,523,523,523,523,523,523,523,523,523,523,523,523,
goal:523,523,523,523,523,523,523,523,523,523,523,523,523,523,523,523,523,523,523,523,523,523,523,523,523,523,523,523,523,523,523,523,523,523,523,523,523,523,523,523,523,523,
size:13
[agent] id:29
path:98,133,168,203,238,273,308,343,378,413,448,483,518,553,588,623,622,621,620,620,620,620,620,620,620,620,620,620,620,620,620,620,620,620,620,620,620,620,620,620,620,620,
goal:620,620,620,620,620,620,620,620,620,620,620,620,620,620,620,620,620,620,620,620,620,620,620,620,620,620,620,620,620,620,620,620,620,620,620,620,620,620,620,620,620,620,
size:18
SolutionCost:543
