[setting] seed:7
[solver] type:ECBS
[solver] w:1.250000
[solver] ID:0
[solver] Lowlevelnode:336
[solver] solved:1
[solver] elapsed:2
[solver] makespan:32
[problem] timesteplimit:10000
[problem] type:MAPF
[problem] agentnum:10
[graph] width:35
[graph] height:21
[graph] filename:./map/warehouse_middle.map
[task] id:6,start:0,end:0,service time:0,nodes:106,
[task] id:7,start:0,end:0,service time:0,nodes:681,
[task] id:3,start:0,end:0,service time:0,nodes:675,
[task] id:4,start:0,end:0,service time:0,nodes:572,
[task] id:8,start:0,end:0,service time:0,nodes:263,
[task] id:2,start:0,end:0,service time:0,nodes:406,
[task] id:0,start:0,end:0,service time:0,nodes:688,
[task] id:1,start:0,end:0,service time:0,nodes:201,
[task] id:9,start:0,end:0,service time:0,nodes:19,
[task] id:5,start:0,end:0,service time:0,nodes:0,
[agent] id:0
path:261,296,331,332,367,402,437,472,507,542,577,612,647,682,683,684,685,686,687,688,688,688,688,688,688,688,688,688,688,688,688,688,688,
goal:688,688,688,688,688,688,688,688,688,688,688,688,688,688,688,688,688,688,688,688,688,688,688,688,688,688,688,688,688,688,688,688,688,
size:19
[agent] id:1
path:214,179,180,181,182,183,184,185,186,187,188,189,190,191,192,193,194,195,196,197,198,199,200,201,201,201,201,201,201,201,201,201,201,
goal:201,201,201,201,201,201,201,201,201,201,201,201,201,201,201,201,201,201,201,201,201,201,201,201,201,201,201,201,201,201,201,201,201,
size:23
[agent] id:2
path:50,51,52,87,122,157,192,227,262,297,332,367,402,403,404,405,406,406,406,406,406,406,406,406,406,406,406,406,406,406,406,406,406,
goal:406,406,406,406,406,406,406,406,406,406,406,406,406,406,406,406,406,406,406,406,406,406,406,406,406,406,406,406,406,406,406,406,406,
size:16
[agent] id:3
path:493,528,563,598,633,668,669,670,671,672,673,674,675,675,675,675,675,675,675,675,675,675,675,675,675,675,675,675,675,675,675,675,675,
goal:675,675,675,675,675,675,675,675,675,675,675,675,675,675,675,675,675,675,675,675,675,675,675,675,675,675,675,675,675,675,675,675,675,
size:12
[agent] id:4
path:710,675,674,673,672,671,636,601,566,567,568,569,570,571,572,572,572,572,572,572,572,572,572,572,572,572,572,572,572,572,572,572,572,
goal:572,572,572,572,572,572,572,572,572,572,572,572,572,572,572,572,572,572,572,572,572,572,572,572,572,572,572,572,572,572,572,572,572,
size:14
[agent] id:5
path:66,31,30,29,28,27,26,25,24,23,22,21,20,19,18,17,16,15,14,13,12,11,10,9,8,7,6,5,4,3,2,1,0,
goal:0,0,0,0,0,0,0,0,0,0,0,0,0,0,0,0,0,0,0,0,0,0,0,0,0,0,0,0,0,0,0,0,0,
size:32
[agent] id:6
path:140,105,106,106,106,106,106,106,106,106,106,106,106,106,106,106,106,106,106,106,106,106,106,106,106,106,106,106,106,106,106,106,106,
goal:106,106,106,106,106,106,106,106,106,106,106,106,106,106,106,106,106,106,106,106,106,106,106,106,106,106,106,106,106,106,106,106,106,
size:2
[agent] id:7
path:723,688,687,686,685,684,683,682,681,681,681,681,681,681,681,681,681,681,681,681,681,681,681,681,681,681,681,681,681,681,681,681,681,
goal:681,681,681,681,681,681,681,681,681,681,681,681,681,681,681,681,681,681,681,681,681,681,681,681,681,681,681,681,681,681,681,681,681,
size:8
[agent] id:8
path:24,59,58,57,56,55,54,53,52,87,122,157,192,227,262,263,263,263,263,263,263,263,263,263,263,263,263,263,263,263,263,263,263,
goal:263,263,263,263,263,263,263,263,263,263,263,263,263,263,263,263,263,263,263,263,263,263,263,263,263,263,263,263,263,263,263,263,263,
size:15
[agent] id:9
path:571,536,537,538,539,540,541,542,542,543,542,507,472,437,402,367,332,297,262,227,192,157,122,87,52,17,18,19,19,19,19,19,19,
goal:19,19,19,19,19,19,19,19,19,19,19,19,19,19,19,19,19,19,19,19,19,19,19,19,19,19,19,19,19,19,19,19,19,
size:27
SolutionCost:168
