[setting] seed:41
[solver] type:ECBS
[solver] w:2.000000
[solver] ID:0
[solver] Lowlevelnode:5210
[solver] ConflictCount:14
[solver] solved:1
[solver] elapsed:32
[solver] makespan:35
[problem] timesteplimit:10000
[problem] type:MAPF
[problem] agentnum:30
[graph] width:35
[graph] height:21
[graph] filename:./map/warehouse_middle.map
[task] id:24,start:0,end:0,service time:0,nodes:693,
[task] id:20,start:0,end:0,service time:0,nodes:486,
[task] id:21,start:0,end:0,service time:0,nodes:60,
[task] id:1,start:0,end:0,service time:0,nodes:140,
[task] id:22,start:0,end:0,service time:0,nodes:227,
[task] id:8,start:0,end:0,service time:0,nodes:418,
[task] id:13,start:0,end:0,service time:0,nodes:338,
[task] id:0,start:0,end:0,service time:0,nodes:150,
[task] id:28,start:0,end:0,service time:0,nodes:410,
[task] id:11,start:0,end:0,service time:0,nodes:679,
[task] id:12,start:0,end:0,service time:0,nodes:138,
[task] id:5,start:0,end:0,service time:0,nodes:295,
[task] id:16,start:0,end:0,service time:0,nodes:336,
[task] id:25,start:0,end:0,service time:0,nodes:267,
[task] id:3,start:0,end:0,service time:0,nodes:159,
[task] id:29,start:0,end:0,service time:0,nodes:467,
[task] id:17,start:0,end:0,service time:0,nodes:187,
[task] id:2,start:0,end:0,service time:0,nodes:69,
[task] id:15,start:0,end:0,service time:0,nodes:1,
[task] id:26,start:0,end:0,service time:0,nodes:23,
[task] id:6,start:0,end:0,service time:0,nodes:691,
[task] id:9,start:0,end:0,service time:0,nodes:710,
[task] id:14,start:0,end:0,service time:0,nodes:541,
[task] id:27,start:0,end:0,service time:0,nodes:16,
[task] id:7,start:0,end:0,service time:0,nodes:121,
[task] id:18,start:0,end:0,service time:0,nodes:444,
[task] id:19,start:0,end:0,service time:0,nodes:523,
[task] id:4,start:0,end:0,service time:0,nodes:211,
[task] id:10,start:0,end:0,service time:0,nodes:318,
[task] id:23,start:0,end:0,service time:0,nodes:12,
[agent] id:0
path:316,281,246,211,176,141,142,143,144,145,146,147,148,149,150,150,150,150,150,150,150,150,150,150,150,150,150,150,150,150,150,150,150,150,150,150,
goal:150,150,150,150,150,150,150,150,150,150,150,150,150,150,150,150,150,150,150,150,150,150,150,150,150,150,150,150,150,150,150,150,150,150,150,150,
size:14
[agent] id:1
path:320,285,284,249,214,179,178,177,142,141,140,140,140,140,140,140,140,140,140,140,140,140,140,140,140,140,140,140,140,140,140,140,140,140,140,140,
goal:140,140,140,140,140,140,140,140,140,140,140,140,140,140,140,140,140,140,140,140,140,140,140,140,140,140,140,140,140,140,140,140,140,140,140,140,
size:10
[agent] id:2
path:334,299,264,265,266,267,268,269,270,271,272,273,238,203,168,133,98,63,64,65,66,67,68,69,69,69,69,69,69,69,69,69,69,69,69,69,
goal:69,69,69,69,69,69,69,69,69,69,69,69,69,69,69,69,69,69,69,69,69,69,69,69,69,69,69,69,69,69,69,69,69,69,69,69,
size:23
[agent] id:3
path:480,445,410,411,412,413,378,343,308,273,238,203,168,167,166,165,164,163,162,161,160,159,159,159,159,159,159,159,159,159,159,159,159,159,159,159,
goal:159,159,159,159,159,159,159,159,159,159,159,159,159,159,159,159,159,159,159,159,159,159,159,159,159,159,159,159,159,159,159,159,159,159,159,159,
size:21
[agent] id:4
path:548,547,546,545,544,543,542,541,540,539,538,537,536,535,534,533,532,567,532,531,496,461,426,391,356,321,286,251,216,215,214,213,212,211,211,211,
goal:211,211,211,211,211,211,211,211,211,211,211,211,211,211,211,211,211,211,211,211,211,211,211,211,211,211,211,211,211,211,211,211,211,211,211,211,
size:33
[agent] id:5
path:528,493,458,423,388,353,318,283,284,285,286,287,288,289,290,291,292,293,294,295,295,295,295,295,295,295,295,295,295,295,295,295,295,295,295,295,
goal:295,295,295,295,295,295,295,295,295,295,295,295,295,295,295,295,295,295,295,295,295,295,295,295,295,295,295,295,295,295,295,295,295,295,295,295,
size:19
[agent] id:6
path:297,332,367,402,401,436,436,471,471,472,507,542,541,576,611,612,647,682,683,684,685,686,687,688,689,690,691,691,691,691,691,691,691,691,691,691,
goal:691,691,691,691,691,691,691,691,691,691,691,691,691,691,691,691,691,691,691,691,691,691,691,691,691,691,691,691,691,691,691,691,691,691,691,691,
size:26
[agent] id:7
path:625,590,555,520,485,450,415,380,345,310,275,240,205,170,169,134,133,132,131,130,129,128,127,126,125,124,123,122,121,121,121,121,121,121,121,121,
goal:121,121,121,121,121,121,121,121,121,121,121,121,121,121,121,121,121,121,121,121,121,121,121,121,121,121,121,121,121,121,121,121,121,121,121,121,
size:28
[agent] id:8
path:730,695,660,625,590,555,520,485,450,415,416,417,418,418,418,418,418,418,418,418,418,418,418,418,418,418,418,418,418,418,418,418,418,418,418,418,
goal:418,418,418,418,418,418,418,418,418,418,418,418,418,418,418,418,418,418,418,418,418,418,418,418,418,418,418,418,418,418,418,418,418,418,418,418,
size:12
[agent] id:9
path:520,555,554,589,624,659,694,729,728,727,726,725,724,723,722,721,720,719,718,717,716,715,714,713,712,711,710,710,710,710,710,710,710,710,710,710,
goal:710,710,710,710,710,710,710,710,710,710,710,710,710,710,710,710,710,710,710,710,710,710,710,710,710,710,710,710,710,710,710,710,710,710,710,710,
size:26
[agent] id:10
path:522,487,452,451,450,449,448,447,446,445,444,443,442,407,406,405,404,403,402,367,332,331,330,329,328,327,326,325,324,323,322,321,320,319,318,318,
goal:318,318,318,318,318,318,318,318,318,318,318,318,318,318,318,318,318,318,318,318,318,318,318,318,318,318,318,318,318,318,318,318,318,318,318,318,
size:34
[agent] id:11
path:397,432,467,468,469,470,471,472,507,542,577,612,647,682,681,680,679,679,679,679,679,679,679,679,679,679,679,679,679,679,679,679,679,679,679,679,
goal:679,679,679,679,679,679,679,679,679,679,679,679,679,679,679,679,679,679,679,679,679,679,679,679,679,679,679,679,679,679,679,679,679,679,679,679,
size:16
[agent] id:12
path:52,87,122,123,124,125,126,127,128,129,130,131,132,133,134,135,136,137,138,138,138,138,138,138,138,138,138,138,138,138,138,138,138,138,138,138,
goal:138,138,138,138,138,138,138,138,138,138,138,138,138,138,138,138,138,138,138,138,138,138,138,138,138,138,138,138,138,138,138,138,138,138,138,138,
size:18
[agent] id:13
path:406,405,404,403,402,367,332,333,334,335,336,337,338,338,338,338,338,338,338,338,338,338,338,338,338,338,338,338,338,338,338,338,338,338,338,338,
goal:338,338,338,338,338,338,338,338,338,338,338,338,338,338,338,338,338,338,338,338,338,338,338,338,338,338,338,338,338,338,338,338,338,338,338,338,
size:12
[agent] id:14
path:108,143,178,213,248,249,250,285,320,355,390,391,391,426,461,496,531,532,533,534,535,536,537,538,539,540,541,541,541,541,541,541,541,541,541,541,
goal:541,541,541,541,541,541,541,541,541,541,541,541,541,541,541,541,541,541,541,541,541,541,541,541,541,541,541,541,541,541,541,541,541,541,541,541,
size:26
[agent] id:15
path:602,567,532,531,496,461,426,391,356,321,320,285,250,215,180,145,110,75,40,5,4,3,2,1,1,1,1,1,1,1,1,1,1,1,1,1,
goal:1,1,1,1,1,1,1,1,1,1,1,1,1,1,1,1,1,1,1,1,1,1,1,1,1,1,1,1,1,1,1,1,1,1,1,1,
size:23
[agent] id:16
path:215,250,285,320,321,322,323,324,325,326,327,328,329,330,331,332,333,334,335,336,336,336,336,336,336,336,336,336,336,336,336,336,336,336,336,336,
goal:336,336,336,336,336,336,336,336,336,336,336,336,336,336,336,336,336,336,336,336,336,336,336,336,336,336,336,336,336,336,336,336,336,336,336,336,
size:19
[agent] id:17
path:633,598,563,528,493,458,423,388,353,318,283,248,213,178,179,180,181,182,183,184,185,186,187,187,187,187,187,187,187,187,187,187,187,187,187,187,
goal:187,187,187,187,187,187,187,187,187,187,187,187,187,187,187,187,187,187,187,187,187,187,187,187,187,187,187,187,187,187,187,187,187,187,187,187,
size:22
[agent] id:18
path:142,177,212,247,282,317,352,387,422,423,424,425,426,427,428,429,430,431,432,433,434,435,436,437,438,439,440,441,442,443,444,444,444,444,444,444,
goal:444,444,444,444,444,444,444,444,444,444,444,444,444,444,444,444,444,444,444,444,444,444,444,444,444,444,444,444,444,444,444,444,444,444,444,444,
size:30
[agent] id:19
path:709,674,675,676,677,678,679,680,681,682,683,684,685,686,687,688,689,690,691,692,727,728,729,694,659,624,589,554,519,520,521,522,523,523,523,523,
goal:523,523,523,523,523,523,523,523,523,523,523,523,523,523,523,523,523,523,523,523,523,523,523,523,523,523,523,523,523,523,523,523,523,523,523,523,
size:32
[agent] id:20
path:378,413,448,483,484,485,486,486,486,486,486,486,486,486,486,486,486,486,486,486,486,486,486,486,486,486,486,486,486,486,486,486,486,486,486,486,
goal:486,486,486,486,486,486,486,486,486,486,486,486,486,486,486,486,486,486,486,486,486,486,486,486,486,486,486,486,486,486,486,486,486,486,486,486,
size:6
[agent] id:21
path:130,131,132,133,98,63,62,61,60,60,60,60,60,60,60,60,60,60,60,60,60,60,60,60,60,60,60,60,60,60,60,60,60,60,60,60,
goal:60,60,60,60,60,60,60,60,60,60,60,60,60,60,60,60,60,60,60,60,60,60,60,60,60,60,60,60,60,60,60,60,60,60,60,60,
size:8
[agent] id:22
path:577,542,507,472,437,402,367,332,297,262,227,227,227,227,227,227,227,227,227,227,227,227,227,227,227,227,227,227,227,227,227,227,227,227,227,227,
goal:227,227,227,227,227,227,227,227,227,227,227,227,227,227,227,227,227,227,227,227,227,227,227,227,227,227,227,227,227,227,227,227,227,227,227,227,
size:10
[agent] id:23
path:453,418,383,348,313,278,243,208,173,138,103,68,33,32,31,30,29,28,27,26,25,24,23,22,21,20,19,18,17,52,51,50,15,14,13,12,
goal:12,12,12,12,12,12,12,12,12,12,12,12,12,12,12,12,12,12,12,12,12,12,12,12,12,12,12,12,12,12,12,12,12,12,12,12,
size:35
[agent] id:24
path:727,692,693,693,693,693,693,693,693,693,693,693,693,693,693,693,693,693,693,693,693,693,693,693,693,693,693,693,693,693,693,693,693,693,693,693,
goal:693,693,693,693,693,693,693,693,693,693,693,693,693,693,693,693,693,693,693,693,693,693,693,693,693,693,693,693,693,693,693,693,693,693,693,693,
size:2
[agent] id:25
path:248,249,250,251,252,253,254,255,256,257,258,259,260,261,262,263,264,265,266,267,267,267,267,267,267,267,267,267,267,267,267,267,267,267,267,267,
goal:267,267,267,267,267,267,267,267,267,267,267,267,267,267,267,267,267,267,267,267,267,267,267,267,267,267,267,267,267,267,267,267,267,267,267,267,
size:19
[agent] id:26
path:588,553,518,518,483,448,413,378,343,308,273,238,203,168,133,98,63,62,61,61,26,25,24,23,23,23,23,23,23,23,23,23,23,23,23,23,
goal:23,23,23,23,23,23,23,23,23,23,23,23,23,23,23,23,23,23,23,23,23,23,23,23,23,23,23,23,23,23,23,23,23,23,23,23,
size:23
[agent] id:27
path:494,459,424,389,354,319,284,249,214,179,144,109,74,39,4,5,6,7,8,9,10,11,12,13,14,15,16,16,16,16,16,16,16,16,16,16,
goal:16,16,16,16,16,16,16,16,16,16,16,16,16,16,16,16,16,16,16,16,16,16,16,16,16,16,16,16,16,16,16,16,16,16,16,16,
size:26
[agent] id:28
path:544,543,542,507,472,437,402,403,404,405,406,407,408,409,410,410,410,410,410,410,410,410,410,410,410,410,410,410,410,410,410,410,410,410,410,410,
goal:410,410,410,410,410,410,410,410,410,410,410,410,410,410,410,410,410,410,410,410,410,410,410,410,410,410,410,410,410,410,410,410,410,410,410,410,
size:14
[agent] id:29
path:16,51,52,87,122,157,192,227,262,261,296,331,332,367,402,437,472,471,470,469,468,467,467,467,467,467,467,467,467,467,467,467,467,467,467,467,
goal:467,467,467,467,467,467,467,467,467,467,467,467,467,467,467,467,467,467,467,467,467,467,467,467,467,467,467,467,467,467,467,467,467,467,467,467,
size:21
SolutionCost:608
