[setting] seed:7
[solver] type:ECBS
[solver] w:5.250000
[solver] ID:0
[solver] Lowlevelnode:170678871
[solver] solved:1
[solver] elapsed:67
[solver] makespan:57
[problem] timesteplimit:10000
[problem] type:MAPF
[problem] agentnum:20
[graph] width:53
[graph] height:22
[graph] filename:./map/kivalike.map
[task] id:10,start:0,end:0,service time:0,nodes:173,
[task] id:14,start:0,end:0,service time:0,nodes:810,
[task] id:9,start:0,end:0,service time:0,nodes:490,
[task] id:20,start:0,end:0,service time:0,nodes:810,
[task] id:17,start:0,end:0,service time:0,nodes:809,
[task] id:3,start:0,end:0,service time:0,nodes:1162,
[task] id:6,start:0,end:0,service time:0,nodes:291,
[task] id:12,start:0,end:0,service time:0,nodes:358,
[task] id:7,start:0,end:0,service time:0,nodes:267,
[task] id:19,start:0,end:0,service time:0,nodes:186,
[task] id:21,start:0,end:0,service time:0,nodes:291,
[task] id:2,start:0,end:0,service time:0,nodes:1153,
[task] id:15,start:0,end:0,service time:0,nodes:663,
[task] id:8,start:0,end:0,service time:0,nodes:476,
[task] id:13,start:0,end:0,service time:0,nodes:664,
[task] id:4,start:0,end:0,service time:0,nodes:19,
[task] id:0,start:0,end:0,service time:0,nodes:757,
[task] id:16,start:0,end:0,service time:0,nodes:314,
[task] id:18,start:0,end:0,service time:0,nodes:180,
[task] id:11,start:0,end:0,service time:0,nodes:90,
[task] id:5,start:0,end:0,service time:0,nodes:157,
[task] id:1,start:0,end:0,service time:0,nodes:1125,
[agent] id:0
path:1151,1150,1097,1044,991,990,989,988,987,986,985,984,983,982,981,980,927,874,821,768,715,662,661,660,659,658,657,656,655,654,653,652,651,704,757,757,757,757,757,757,757,757,757,757,757,757,757,757,757,757,757,757,757,757,757,757,757,757,
goal:757,757,757,757,757,757,757,757,757,757,757,757,757,757,757,757,757,757,757,757,757,757,757,757,757,757,757,757,757,757,757,757,757,757,757,757,757,757,757,757,757,757,757,757,757,757,757,757,757,757,757,757,757,757,757,757,757,757,
size:34
[agent] id:1
path:156,209,262,315,368,421,474,527,580,633,686,739,792,845,898,951,1004,1003,1002,1001,1000,999,998,997,996,995,994,993,992,991,1044,1097,1150,1149,1148,1147,1146,1145,1144,1143,1142,1141,1140,1139,1138,1137,1136,1135,1134,1133,1132,1131,1130,1129,1128,1127,1126,1125,
goal:1125,1125,1125,1125,1125,1125,1125,1125,1125,1125,1125,1125,1125,1125,1125,1125,1125,1125,1125,1125,1125,1125,1125,1125,1125,1125,1125,1125,1125,1125,1125,1125,1125,1125,1125,1125,1125,1125,1125,1125,1125,1125,1125,1125,1125,1125,1125,1125,1125,1125,1125,1125,1125,1125,1125,1125,1125,1125,
size:57
[agent] id:2
path:367,420,473,526,579,632,685,738,791,844,897,950,1003,1056,1109,1162,1161,1160,1159,1158,1157,1156,1155,1154,1153,1153,1153,1153,1153,1153,1153,1153,1153,1153,1153,1153,1153,1153,1153,1153,1153,1153,1153,1153,1153,1153,1153,1153,1153,1153,1153,1153,1153,1153,1153,1153,1153,1153,
goal:1153,1153,1153,1153,1153,1153,1153,1153,1153,1153,1153,1153,1153,1153,1153,1153,1153,1153,1153,1153,1153,1153,1153,1153,1153,1153,1153,1153,1153,1153,1153,1153,1153,1153,1153,1153,1153,1153,1153,1153,1153,1153,1153,1153,1153,1153,1153,1153,1153,1153,1153,1153,1153,1153,1153,1153,1153,1153,
size:24
[agent] id:3
path:832,885,938,991,992,993,994,995,996,997,998,999,1000,1001,1002,1055,1108,1161,1162,1162,1162,1162,1162,1162,1162,1162,1162,1162,1162,1162,1162,1162,1162,1162,1162,1162,1162,1162,1162,1162,1162,1162,1162,1162,1162,1162,1162,1162,1162,1162,1162,1162,1162,1162,1162,1162,1162,1162,
goal:1162,1162,1162,1162,1162,1162,1162,1162,1162,1162,1162,1162,1162,1162,1162,1162,1162,1162,1162,1162,1162,1162,1162,1162,1162,1162,1162,1162,1162,1162,1162,1162,1162,1162,1162,1162,1162,1162,1162,1162,1162,1162,1162,1162,1162,1162,1162,1162,1162,1162,1162,1162,1162,1162,1162,1162,1162,1162,
size:18
[agent] id:4
path:1144,1143,1142,1141,1140,1139,1086,1033,980,927,874,821,768,715,662,609,556,503,450,397,344,291,238,185,132,79,26,25,24,23,22,21,20,19,19,19,19,19,19,19,19,19,19,19,19,19,19,19,19,19,19,19,19,19,19,19,19,19,
goal:19,19,19,19,19,19,19,19,19,19,19,19,19,19,19,19,19,19,19,19,19,19,19,19,19,19,19,19,19,19,19,19,19,19,19,19,19,19,19,19,19,19,19,19,19,19,19,19,19,19,19,19,19,19,19,19,19,19,
size:33
[agent] id:5
path:167,168,169,170,171,172,173,174,227,280,333,334,335,336,337,338,339,340,341,342,342,342,343,344,345,346,347,348,349,350,351,352,353,354,355,302,249,196,197,198,199,200,201,202,203,204,205,206,207,154,155,156,157,157,157,157,157,157,
goal:157,157,157,157,157,157,157,157,157,157,157,157,157,157,157,157,157,157,157,157,157,157,157,157,157,157,157,157,157,157,157,157,157,157,157,157,157,157,157,157,157,157,157,157,157,157,157,157,157,157,157,157,157,157,157,157,157,157,
size:52
[agent] id:6
path:1141,1140,1139,1086,1033,980,927,874,821,768,715,662,609,556,503,450,397,344,291,344,343,343,344,291,291,291,291,291,291,291,291,291,291,291,291,291,291,291,291,291,291,291,291,291,291,291,291,291,291,291,291,291,291,291,291,291,291,291,
goal:291,291,291,291,291,291,291,291,291,291,291,291,291,291,291,291,291,291,291,291,291,291,291,291,291,291,291,291,291,291,291,291,291,291,291,291,291,291,291,291,291,291,291,291,291,291,291,291,291,291,291,291,291,291,291,291,291,291,
size:23
[agent] id:7
path:1119,1118,1117,1064,1011,958,905,852,799,746,693,640,587,534,481,428,375,322,269,268,267,267,267,267,267,267,267,267,267,267,267,267,267,267,267,267,267,267,267,267,267,267,267,267,267,267,267,267,267,267,267,267,267,267,267,267,267,267,
goal:267,267,267,267,267,267,267,267,267,267,267,267,267,267,267,267,267,267,267,267,267,267,267,267,267,267,267,267,267,267,267,267,267,267,267,267,267,267,267,267,267,267,267,267,267,267,267,267,267,267,267,267,267,267,267,267,267,267,
size:20
[agent] id:8
path:32,33,34,35,36,37,90,143,196,249,302,355,356,357,358,359,360,361,362,363,364,365,366,419,472,473,474,475,476,476,476,476,476,476,476,476,476,476,476,476,476,476,476,476,476,476,476,476,476,476,476,476,476,476,476,476,476,476,
goal:476,476,476,476,476,476,476,476,476,476,476,476,476,476,476,476,476,476,476,476,476,476,476,476,476,476,476,476,476,476,476,476,476,476,476,476,476,476,476,476,476,476,476,476,476,476,476,476,476,476,476,476,476,476,476,476,476,476,
size:28
[agent] id:9
path:970,969,916,863,810,757,704,651,598,545,492,491,490,490,490,490,490,490,490,490,490,490,490,490,490,490,490,490,490,490,490,490,490,490,490,490,490,490,490,490,490,490,490,490,490,490,490,490,490,490,490,490,490,490,490,490,490,490,
goal:490,490,490,490,490,490,490,490,490,490,490,490,490,490,490,490,490,490,490,490,490,490,490,490,490,490,490,490,490,490,490,490,490,490,490,490,490,490,490,490,490,490,490,490,490,490,490,490,490,490,490,490,490,490,490,490,490,490,
size:12
[agent] id:10
path:10,11,12,13,14,15,68,121,174,173,173,173,173,173,173,173,173,173,173,173,173,173,173,173,173,173,173,173,173,173,173,173,173,173,173,173,173,173,173,173,173,173,173,173,173,173,173,173,173,173,173,173,173,173,173,173,173,173,
goal:173,173,173,173,173,173,173,173,173,173,173,173,173,173,173,173,173,173,173,173,173,173,173,173,173,173,173,173,173,173,173,173,173,173,173,173,173,173,173,173,173,173,173,173,173,173,173,173,173,173,173,173,173,173,173,173,173,173,
size:9
[agent] id:11
path:530,477,424,371,318,319,320,321,322,323,324,325,326,327,328,329,330,331,332,333,334,335,336,337,338,339,340,341,342,343,344,345,346,347,348,349,350,351,352,353,354,355,302,249,196,143,90,90,90,90,90,90,90,90,90,90,90,90,
goal:90,90,90,90,90,90,90,90,90,90,90,90,90,90,90,90,90,90,90,90,90,90,90,90,90,90,90,90,90,90,90,90,90,90,90,90,90,90,90,90,90,90,90,90,90,90,90,90,90,90,90,90,90,90,90,90,90,90,
size:46
[agent] id:12
path:825,826,827,828,829,830,831,832,779,726,673,620,567,514,461,408,355,356,357,358,358,358,358,358,358,358,358,358,358,358,358,358,358,358,358,358,358,358,358,358,358,358,358,358,358,358,358,358,358,358,358,358,358,358,358,358,358,358,
goal:358,358,358,358,358,358,358,358,358,358,358,358,358,358,358,358,358,358,358,358,358,358,358,358,358,358,358,358,358,358,358,358,358,358,358,358,358,358,358,358,358,358,358,358,358,358,358,358,358,358,358,358,358,358,358,358,358,358,
size:19
[agent] id:13
path:1160,1159,1158,1157,1156,1155,1154,1153,1152,1151,1150,1097,1044,991,938,885,832,779,726,673,672,671,670,669,668,667,666,665,664,664,664,664,664,664,664,664,664,664,664,664,664,664,664,664,664,664,664,664,664,664,664,664,664,664,664,664,664,664,
goal:664,664,664,664,664,664,664,664,664,664,664,664,664,664,664,664,664,664,664,664,664,664,664,664,664,664,664,664,664,664,664,664,664,664,664,664,664,664,664,664,664,664,664,664,664,664,664,664,664,664,664,664,664,664,664,664,664,664,
size:28
[agent] id:14
path:653,652,651,704,757,704,651,650,651,704,757,810,757,810,810,810,810,810,810,810,810,810,810,810,810,810,810,810,810,810,810,810,810,810,810,810,810,810,810,810,810,810,810,810,810,810,810,810,810,810,810,810,810,810,810,810,810,810,
goal:810,810,810,810,810,810,810,810,810,810,810,810,810,810,810,810,810,810,810,810,810,810,810,810,810,810,810,810,810,810,810,810,810,810,810,810,810,810,810,810,810,810,810,810,810,810,810,810,810,810,810,810,810,810,810,810,810,810,
size:13
[agent] id:15
path:688,687,686,685,684,683,682,681,680,679,678,677,676,675,674,673,672,671,670,669,668,667,666,665,664,663,663,663,663,663,663,663,663,663,663,663,663,663,663,663,663,663,663,663,663,663,663,663,663,663,663,663,663,663,663,663,663,663,
goal:663,663,663,663,663,663,663,663,663,663,663,663,663,663,663,663,663,663,663,663,663,663,663,663,663,663,663,663,663,663,663,663,663,663,663,663,663,663,663,663,663,663,663,663,663,663,663,663,663,663,663,663,663,663,663,663,663,663,
size:25
[agent] id:16
path:980,927,874,821,768,715,662,609,556,503,504,505,506,507,508,509,510,511,512,513,514,515,516,517,518,519,520,521,522,523,524,525,472,419,366,313,314,314,314,314,314,314,314,314,314,314,314,314,314,314,314,314,314,314,314,314,314,314,
goal:314,314,314,314,314,314,314,314,314,314,314,314,314,314,314,314,314,314,314,314,314,314,314,314,314,314,314,314,314,314,314,314,314,314,314,314,314,314,314,314,314,314,314,314,314,314,314,314,314,314,314,314,314,314,314,314,314,314,
size:36
[agent] id:17
path:822,821,820,819,818,817,816,815,814,813,812,811,810,809,809,809,809,809,809,809,809,809,809,809,809,809,809,809,809,809,809,809,809,809,809,809,809,809,809,809,809,809,809,809,809,809,809,809,809,809,809,809,809,809,809,809,809,809,
goal:809,809,809,809,809,809,809,809,809,809,809,809,809,809,809,809,809,809,809,809,809,809,809,809,809,809,809,809,809,809,809,809,809,809,809,809,809,809,809,809,809,809,809,809,809,809,809,809,809,809,809,809,809,809,809,809,809,809,
size:13
[agent] id:18
path:315,262,261,208,207,206,205,204,203,202,201,200,199,198,197,196,143,90,37,36,35,34,33,32,31,30,29,28,27,26,79,132,185,238,185,184,183,182,181,180,180,180,180,180,180,180,180,180,180,180,180,180,180,180,180,180,180,180,
goal:180,180,180,180,180,180,180,180,180,180,180,180,180,180,180,180,180,180,180,180,180,180,180,180,180,180,180,180,180,180,180,180,180,180,180,180,180,180,180,180,180,180,180,180,180,180,180,180,180,180,180,180,180,180,180,180,180,180,
size:39
[agent] id:19
path:154,207,206,205,204,203,202,201,200,199,198,197,196,195,194,193,192,191,190,189,188,187,186,186,186,186,186,186,186,186,186,186,186,186,186,186,186,186,186,186,186,186,186,186,186,186,186,186,186,186,186,186,186,186,186,186,186,186,
goal:186,186,186,186,186,186,186,186,186,186,186,186,186,186,186,186,186,186,186,186,186,186,186,186,186,186,186,186,186,186,186,186,186,186,186,186,186,186,186,186,186,186,186,186,186,186,186,186,186,186,186,186,186,186,186,186,186,186,
size:22
SolutionCost:551
