[setting] seed:0
[solver] type:ECBS
[solver] w:5.250000
[solver] ID:0
[solver] Lowlevelnode:33669
[solver] solved:1
[solver] elapsed:70
[solver] makespan:63
[problem] timesteplimit:10000
[problem] type:MAPF
[problem] agentnum:30
[graph] width:53
[graph] height:22
[graph] filename:./map/kivalike.map
[task] id:26,start:0,end:0,service time:0,nodes:669,
[task] id:16,start:0,end:0,service time:0,nodes:162,
[task] id:2,start:0,end:0,service time:0,nodes:1108,
[task] id:9,start:0,end:0,service time:0,nodes:983,
[task] id:25,start:0,end:0,service time:0,nodes:17,
[task] id:1,start:0,end:0,service time:0,nodes:166,
[task] id:0,start:0,end:0,service time:0,nodes:516,
[task] id:21,start:0,end:0,service time:0,nodes:507,
[task] id:7,start:0,end:0,service time:0,nodes:842,
[task] id:11,start:0,end:0,service time:0,nodes:201,
[task] id:14,start:0,end:0,service time:0,nodes:501,
[task] id:20,start:0,end:0,service time:0,nodes:171,
[task] id:23,start:0,end:0,service time:0,nodes:821,
[task] id:24,start:0,end:0,service time:0,nodes:685,
[task] id:28,start:0,end:0,service time:0,nodes:29,
[task] id:18,start:0,end:0,service time:0,nodes:194,
[task] id:8,start:0,end:0,service time:0,nodes:646,
[task] id:29,start:0,end:0,service time:0,nodes:916,
[task] id:10,start:0,end:0,service time:0,nodes:487,
[task] id:27,start:0,end:0,service time:0,nodes:840,
[task] id:19,start:0,end:0,service time:0,nodes:824,
[task] id:22,start:0,end:0,service time:0,nodes:757,
[task] id:13,start:0,end:0,service time:0,nodes:1113,
[task] id:4,start:0,end:0,service time:0,nodes:1145,
[task] id:3,start:0,end:0,service time:0,nodes:439,
[task] id:5,start:0,end:0,service time:0,nodes:490,
[task] id:17,start:0,end:0,service time:0,nodes:485,
[task] id:12,start:0,end:0,service time:0,nodes:800,
[task] id:15,start:0,end:0,service time:0,nodes:639,
[task] id:6,start:0,end:0,service time:0,nodes:1006,
[agent] id:0
path:27,28,29,30,31,32,33,34,35,36,37,90,143,196,249,302,355,408,461,514,515,516,516,516,516,516,516,516,516,516,516,516,516,516,516,516,516,516,516,516,516,516,516,516,516,516,516,516,516,516,516,516,516,516,516,516,516,516,516,516,516,516,516,516,
goal:516,516,516,516,516,516,516,516,516,516,516,516,516,516,516,516,516,516,516,516,516,516,516,516,516,516,516,516,516,516,516,516,516,516,516,516,516,516,516,516,516,516,516,516,516,516,516,516,516,516,516,516,516,516,516,516,516,516,516,516,516,516,516,516,
size:21
[agent] id:1
path:796,743,690,637,584,531,478,425,372,319,266,213,214,215,216,163,164,165,166,166,166,166,166,166,166,166,166,166,166,166,166,166,166,166,166,166,166,166,166,166,166,166,166,166,166,166,166,166,166,166,166,166,166,166,166,166,166,166,166,166,166,166,166,166,
goal:166,166,166,166,166,166,166,166,166,166,166,166,166,166,166,166,166,166,166,166,166,166,166,166,166,166,166,166,166,166,166,166,166,166,166,166,166,166,166,166,166,166,166,166,166,166,166,166,166,166,166,166,166,166,166,166,166,166,166,166,166,166,166,166,
size:18
[agent] id:2
path:885,938,991,992,993,994,995,996,997,998,999,1000,1001,1002,1055,1108,1108,1108,1108,1108,1108,1108,1108,1108,1108,1108,1108,1108,1108,1108,1108,1108,1108,1108,1108,1108,1108,1108,1108,1108,1108,1108,1108,1108,1108,1108,1108,1108,1108,1108,1108,1108,1108,1108,1108,1108,1108,1108,1108,1108,1108,1108,1108,1108,
goal:1108,1108,1108,1108,1108,1108,1108,1108,1108,1108,1108,1108,1108,1108,1108,1108,1108,1108,1108,1108,1108,1108,1108,1108,1108,1108,1108,1108,1108,1108,1108,1108,1108,1108,1108,1108,1108,1108,1108,1108,1108,1108,1108,1108,1108,1108,1108,1108,1108,1108,1108,1108,1108,1108,1108,1108,1108,1108,1108,1108,1108,1108,1108,1108,
size:15
[agent] id:3
path:682,683,684,631,578,525,472,419,366,365,364,363,362,361,360,359,358,357,356,355,354,353,352,351,350,349,348,347,346,345,344,343,342,341,340,339,338,337,336,335,334,333,386,439,439,439,439,439,439,439,439,439,439,439,439,439,439,439,439,439,439,439,439,439,
goal:439,439,439,439,439,439,439,439,439,439,439,439,439,439,439,439,439,439,439,439,439,439,439,439,439,439,439,439,439,439,439,439,439,439,439,439,439,439,439,439,439,439,439,439,439,439,439,439,439,439,439,439,439,439,439,439,439,439,439,439,439,439,439,439,
size:43
[agent] id:4
path:479,532,585,638,691,744,797,850,903,956,1009,1062,1115,1116,1117,1118,1119,1120,1121,1122,1123,1124,1125,1126,1127,1128,1129,1130,1131,1132,1133,1134,1135,1136,1137,1138,1139,1140,1141,1142,1143,1144,1145,1145,1145,1145,1145,1145,1145,1145,1145,1145,1145,1145,1145,1145,1145,1145,1145,1145,1145,1145,1145,1145,
goal:1145,1145,1145,1145,1145,1145,1145,1145,1145,1145,1145,1145,1145,1145,1145,1145,1145,1145,1145,1145,1145,1145,1145,1145,1145,1145,1145,1145,1145,1145,1145,1145,1145,1145,1145,1145,1145,1145,1145,1145,1145,1145,1145,1145,1145,1145,1145,1145,1145,1145,1145,1145,1145,1145,1145,1145,1145,1145,1145,1145,1145,1145,1145,1145,
size:42
[agent] id:5
path:578,525,526,473,472,419,366,365,364,363,362,361,360,359,358,357,357,356,355,354,353,352,351,350,349,348,347,346,345,344,343,342,341,340,339,338,337,336,335,334,333,386,439,492,491,490,490,490,490,490,490,490,490,490,490,490,490,490,490,490,490,490,490,490,
goal:490,490,490,490,490,490,490,490,490,490,490,490,490,490,490,490,490,490,490,490,490,490,490,490,490,490,490,490,490,490,490,490,490,490,490,490,490,490,490,490,490,490,490,490,490,490,490,490,490,490,490,490,490,490,490,490,490,490,490,490,490,490,490,490,
size:45
[agent] id:6
path:169,170,171,172,173,174,227,280,333,386,439,492,545,598,651,704,757,810,863,916,969,1022,1075,1128,1129,1130,1131,1132,1133,1134,1135,1136,1137,1138,1139,1140,1141,1142,1143,1144,1145,1146,1147,1148,1149,1150,1097,1044,991,992,993,994,995,996,997,998,999,1000,1001,1002,1003,1004,1005,1006,
goal:1006,1006,1006,1006,1006,1006,1006,1006,1006,1006,1006,1006,1006,1006,1006,1006,1006,1006,1006,1006,1006,1006,1006,1006,1006,1006,1006,1006,1006,1006,1006,1006,1006,1006,1006,1006,1006,1006,1006,1006,1006,1006,1006,1006,1006,1006,1006,1006,1006,1006,1006,1006,1006,1006,1006,1006,1006,1006,1006,1006,1006,1006,1006,1006,
size:63
[agent] id:7
path:768,821,822,823,824,825,826,827,828,829,830,831,832,833,834,835,836,837,838,839,840,841,842,842,842,842,842,842,842,842,842,842,842,842,842,842,842,842,842,842,842,842,842,842,842,842,842,842,842,842,842,842,842,842,842,842,842,842,842,842,842,842,842,842,
goal:842,842,842,842,842,842,842,842,842,842,842,842,842,842,842,842,842,842,842,842,842,842,842,842,842,842,842,842,842,842,842,842,842,842,842,842,842,842,842,842,842,842,842,842,842,842,842,842,842,842,842,842,842,842,842,842,842,842,842,842,842,842,842,842,
size:22
[agent] id:8
path:26,79,132,185,238,291,344,343,342,341,340,339,338,337,336,335,334,333,386,439,492,545,598,651,650,649,648,647,646,646,646,646,646,646,646,646,646,646,646,646,646,646,646,646,646,646,646,646,646,646,646,646,646,646,646,646,646,646,646,646,646,646,646,646,
goal:646,646,646,646,646,646,646,646,646,646,646,646,646,646,646,646,646,646,646,646,646,646,646,646,646,646,646,646,646,646,646,646,646,646,646,646,646,646,646,646,646,646,646,646,646,646,646,646,646,646,646,646,646,646,646,646,646,646,646,646,646,646,646,646,
size:28
[agent] id:9
path:1075,1022,969,970,971,972,973,974,975,976,977,978,979,980,981,982,983,983,983,983,983,983,983,983,983,983,983,983,983,983,983,983,983,983,983,983,983,983,983,983,983,983,983,983,983,983,983,983,983,983,983,983,983,983,983,983,983,983,983,983,983,983,983,983,
goal:983,983,983,983,983,983,983,983,983,983,983,983,983,983,983,983,983,983,983,983,983,983,983,983,983,983,983,983,983,983,983,983,983,983,983,983,983,983,983,983,983,983,983,983,983,983,983,983,983,983,983,983,983,983,983,983,983,983,983,983,983,983,983,983,
size:16
[agent] id:10
path:1129,1128,1075,1022,969,916,863,810,809,808,807,806,805,804,803,802,801,800,799,746,693,640,587,534,481,482,483,484,485,486,487,487,487,487,487,487,487,487,487,487,487,487,487,487,487,487,487,487,487,487,487,487,487,487,487,487,487,487,487,487,487,487,487,487,
goal:487,487,487,487,487,487,487,487,487,487,487,487,487,487,487,487,487,487,487,487,487,487,487,487,487,487,487,487,487,487,487,487,487,487,487,487,487,487,487,487,487,487,487,487,487,487,487,487,487,487,487,487,487,487,487,487,487,487,487,487,487,487,487,487,
size:30
[agent] id:11
path:999,1000,1001,1002,949,896,843,790,737,684,631,578,525,472,419,366,313,260,207,206,205,204,203,202,201,201,201,201,201,201,201,201,201,201,201,201,201,201,201,201,201,201,201,201,201,201,201,201,201,201,201,201,201,201,201,201,201,201,201,201,201,201,201,201,
goal:201,201,201,201,201,201,201,201,201,201,201,201,201,201,201,201,201,201,201,201,201,201,201,201,201,201,201,201,201,201,201,201,201,201,201,201,201,201,201,201,201,201,201,201,201,201,201,201,201,201,201,201,201,201,201,201,201,201,201,201,201,201,201,201,
size:24
[agent] id:12
path:261,314,367,366,365,364,363,362,361,360,359,358,357,356,355,354,353,352,351,350,349,348,347,346,345,344,343,342,341,340,339,338,337,336,335,334,333,332,331,330,329,328,327,326,325,324,323,322,375,428,481,534,587,640,693,746,799,800,800,800,800,800,800,800,
goal:800,800,800,800,800,800,800,800,800,800,800,800,800,800,800,800,800,800,800,800,800,800,800,800,800,800,800,800,800,800,800,800,800,800,800,800,800,800,800,800,800,800,800,800,800,800,800,800,800,800,800,800,800,800,800,800,800,800,800,800,800,800,800,800,
size:57
[agent] id:13
path:20,19,18,17,16,15,68,121,174,227,280,333,386,439,492,545,598,651,704,757,810,863,916,969,1022,1075,1128,1127,1126,1125,1124,1123,1122,1121,1120,1119,1118,1117,1116,1115,1114,1113,1113,1113,1113,1113,1113,1113,1113,1113,1113,1113,1113,1113,1113,1113,1113,1113,1113,1113,1113,1113,1113,1113,
goal:1113,1113,1113,1113,1113,1113,1113,1113,1113,1113,1113,1113,1113,1113,1113,1113,1113,1113,1113,1113,1113,1113,1113,1113,1113,1113,1113,1113,1113,1113,1113,1113,1113,1113,1113,1113,1113,1113,1113,1113,1113,1113,1113,1113,1113,1113,1113,1113,1113,1113,1113,1113,1113,1113,1113,1113,1113,1113,1113,1113,1113,1113,1113,1113,
size:41
[agent] id:14
path:36,37,90,143,196,249,302,302,355,354,353,352,351,350,349,348,347,346,345,344,397,450,503,502,501,501,501,501,501,501,501,501,501,501,501,501,501,501,501,501,501,501,501,501,501,501,501,501,501,501,501,501,501,501,501,501,501,501,501,501,501,501,501,501,
goal:501,501,501,501,501,501,501,501,501,501,501,501,501,501,501,501,501,501,501,501,501,501,501,501,501,501,501,501,501,501,501,501,501,501,501,501,501,501,501,501,501,501,501,501,501,501,501,501,501,501,501,501,501,501,501,501,501,501,501,501,501,501,501,501,
size:24
[agent] id:15
path:899,898,897,950,1003,1002,1055,1108,1161,1160,1159,1158,1157,1156,1155,1154,1153,1152,1151,1150,1149,1148,1147,1146,1145,1144,1143,1142,1141,1140,1139,1086,1033,980,979,978,977,976,975,974,973,972,971,970,969,968,967,966,965,964,963,962,961,960,959,958,905,852,799,746,693,640,639,639,
goal:639,639,639,639,639,639,639,639,639,639,639,639,639,639,639,639,639,639,639,639,639,639,639,639,639,639,639,639,639,639,639,639,639,639,639,639,639,639,639,639,639,639,639,639,639,639,639,639,639,639,639,639,639,639,639,639,639,639,639,639,639,639,639,639,
size:62
[agent] id:16
path:530,477,424,371,318,265,212,159,160,161,162,162,162,162,162,162,162,162,162,162,162,162,162,162,162,162,162,162,162,162,162,162,162,162,162,162,162,162,162,162,162,162,162,162,162,162,162,162,162,162,162,162,162,162,162,162,162,162,162,162,162,162,162,162,
goal:162,162,162,162,162,162,162,162,162,162,162,162,162,162,162,162,162,162,162,162,162,162,162,162,162,162,162,162,162,162,162,162,162,162,162,162,162,162,162,162,162,162,162,162,162,162,162,162,162,162,162,162,162,162,162,162,162,162,162,162,162,162,162,162,
size:10
[agent] id:17
path:419,366,365,364,363,362,361,360,359,358,357,356,355,354,353,352,351,350,349,348,347,346,345,344,343,342,341,340,339,338,337,336,335,334,333,332,331,330,329,328,327,326,325,324,323,322,375,428,481,482,483,484,485,485,485,485,485,485,485,485,485,485,485,485,
goal:485,485,485,485,485,485,485,485,485,485,485,485,485,485,485,485,485,485,485,485,485,485,485,485,485,485,485,485,485,485,485,485,485,485,485,485,485,485,485,485,485,485,485,485,485,485,485,485,485,485,485,485,485,485,485,485,485,485,485,485,485,485,485,485,
size:52
[agent] id:18
path:1086,1033,980,927,874,821,768,715,662,609,556,503,450,397,344,291,238,185,186,187,188,189,190,191,192,193,194,194,194,194,194,194,194,194,194,194,194,194,194,194,194,194,194,194,194,194,194,194,194,194,194,194,194,194,194,194,194,194,194,194,194,194,194,194,
goal:194,194,194,194,194,194,194,194,194,194,194,194,194,194,194,194,194,194,194,194,194,194,194,194,194,194,194,194,194,194,194,194,194,194,194,194,194,194,194,194,194,194,194,194,194,194,194,194,194,194,194,194,194,194,194,194,194,194,194,194,194,194,194,194,
size:26
[agent] id:19
path:101,154,207,260,313,366,365,364,363,362,361,360,359,358,357,356,356,355,408,461,461,514,567,620,673,726,779,779,832,831,830,829,828,827,826,825,824,824,824,824,824,824,824,824,824,824,824,824,824,824,824,824,824,824,824,824,824,824,824,824,824,824,824,824,
goal:824,824,824,824,824,824,824,824,824,824,824,824,824,824,824,824,824,824,824,824,824,824,824,824,824,824,824,824,824,824,824,824,824,824,824,824,824,824,824,824,824,824,824,824,824,824,824,824,824,824,824,824,824,824,824,824,824,824,824,824,824,824,824,824,
size:36
[agent] id:20
path:195,194,193,192,191,190,189,188,187,186,185,184,183,182,181,180,179,178,177,176,175,174,173,172,171,171,171,171,171,171,171,171,171,171,171,171,171,171,171,171,171,171,171,171,171,171,171,171,171,171,171,171,171,171,171,171,171,171,171,171,171,171,171,171,
goal:171,171,171,171,171,171,171,171,171,171,171,171,171,171,171,171,171,171,171,171,171,171,171,171,171,171,171,171,171,171,171,171,171,171,171,171,171,171,171,171,171,171,171,171,171,171,171,171,171,171,171,171,171,171,171,171,171,171,171,171,171,171,171,171,
size:24
[agent] id:21
path:648,649,650,651,598,545,492,493,494,495,496,497,498,499,500,501,502,503,504,505,506,507,507,507,507,507,507,507,507,507,507,507,507,507,507,507,507,507,507,507,507,507,507,507,507,507,507,507,507,507,507,507,507,507,507,507,507,507,507,507,507,507,507,507,
goal:507,507,507,507,507,507,507,507,507,507,507,507,507,507,507,507,507,507,507,507,507,507,507,507,507,507,507,507,507,507,507,507,507,507,507,507,507,507,507,507,507,507,507,507,507,507,507,507,507,507,507,507,507,507,507,507,507,507,507,507,507,507,507,507,
size:21
[agent] id:22
path:202,201,200,199,198,197,196,249,302,355,354,353,352,351,350,349,348,347,346,345,344,397,450,503,556,609,662,661,660,659,658,657,656,655,654,653,652,651,704,757,757,757,757,757,757,757,757,757,757,757,757,757,757,757,757,757,757,757,757,757,757,757,757,757,
goal:757,757,757,757,757,757,757,757,757,757,757,757,757,757,757,757,757,757,757,757,757,757,757,757,757,757,757,757,757,757,757,757,757,757,757,757,757,757,757,757,757,757,757,757,757,757,757,757,757,757,757,757,757,757,757,757,757,757,757,757,757,757,757,757,
size:39
[agent] id:23
path:641,642,643,644,645,646,647,648,649,650,651,704,757,810,811,812,813,814,815,816,817,818,819,820,821,821,821,821,821,821,821,821,821,821,821,821,821,821,821,821,821,821,821,821,821,821,821,821,821,821,821,821,821,821,821,821,821,821,821,821,821,821,821,821,
goal:821,821,821,821,821,821,821,821,821,821,821,821,821,821,821,821,821,821,821,821,821,821,821,821,821,821,821,821,821,821,821,821,821,821,821,821,821,821,821,821,821,821,821,821,821,821,821,821,821,821,821,821,821,821,821,821,821,821,821,821,821,821,821,821,
size:24
[agent] id:24
path:348,349,350,351,352,353,354,355,408,461,514,567,620,673,674,675,676,677,678,679,680,681,682,683,684,685,685,685,685,685,685,685,685,685,685,685,685,685,685,685,685,685,685,685,685,685,685,685,685,685,685,685,685,685,685,685,685,685,685,685,685,685,685,685,
goal:685,685,685,685,685,685,685,685,685,685,685,685,685,685,685,685,685,685,685,685,685,685,685,685,685,685,685,685,685,685,685,685,685,685,685,685,685,685,685,685,685,685,685,685,685,685,685,685,685,685,685,685,685,685,685,685,685,685,685,685,685,685,685,685,
size:25
[agent] id:25
path:163,110,57,4,5,6,7,8,9,10,11,12,13,14,15,16,17,17,17,17,17,17,17,17,17,17,17,17,17,17,17,17,17,17,17,17,17,17,17,17,17,17,17,17,17,17,17,17,17,17,17,17,17,17,17,17,17,17,17,17,17,17,17,17,
goal:17,17,17,17,17,17,17,17,17,17,17,17,17,17,17,17,17,17,17,17,17,17,17,17,17,17,17,17,17,17,17,17,17,17,17,17,17,17,17,17,17,17,17,17,17,17,17,17,17,17,17,17,17,17,17,17,17,17,17,17,17,17,17,17,
size:16
[agent] id:26
path:516,515,514,567,620,673,672,671,670,669,669,669,669,669,669,669,669,669,669,669,669,669,669,669,669,669,669,669,669,669,669,669,669,669,669,669,669,669,669,669,669,669,669,669,669,669,669,669,669,669,669,669,669,669,669,669,669,669,669,669,669,669,669,669,
goal:669,669,669,669,669,669,669,669,669,669,669,669,669,669,669,669,669,669,669,669,669,669,669,669,669,669,669,669,669,669,669,669,669,669,669,669,669,669,669,669,669,669,669,669,669,669,669,669,669,669,669,669,669,669,669,669,669,669,669,669,669,669,669,669,
size:9
[agent] id:27
path:545,598,651,704,757,810,811,812,813,814,815,816,817,818,819,820,821,822,823,824,825,826,827,828,829,830,831,832,833,834,835,836,837,838,839,840,840,840,840,840,840,840,840,840,840,840,840,840,840,840,840,840,840,840,840,840,840,840,840,840,840,840,840,840,
goal:840,840,840,840,840,840,840,840,840,840,840,840,840,840,840,840,840,840,840,840,840,840,840,840,840,840,840,840,840,840,840,840,840,840,840,840,840,840,840,840,840,840,840,840,840,840,840,840,840,840,840,840,840,840,840,840,840,840,840,840,840,840,840,840,
size:35
[agent] id:28
path:210,157,104,51,50,49,48,47,46,45,44,43,42,41,40,39,38,37,36,35,34,33,32,31,30,29,29,29,29,29,29,29,29,29,29,29,29,29,29,29,29,29,29,29,29,29,29,29,29,29,29,29,29,29,29,29,29,29,29,29,29,29,29,29,
goal:29,29,29,29,29,29,29,29,29,29,29,29,29,29,29,29,29,29,29,29,29,29,29,29,29,29,29,29,29,29,29,29,29,29,29,29,29,29,29,29,29,29,29,29,29,29,29,29,29,29,29,29,29,29,29,29,29,29,29,29,29,29,29,29,
size:25
[agent] id:29
path:674,673,672,671,670,669,668,667,666,665,664,663,663,662,661,660,659,658,657,656,655,654,653,652,651,704,757,810,863,916,916,916,916,916,916,916,916,916,916,916,916,916,916,916,916,916,916,916,916,916,916,916,916,916,916,916,916,916,916,916,916,916,916,916,
goal:916,916,916,916,916,916,916,916,916,916,916,916,916,916,916,916,916,916,916,916,916,916,916,916,916,916,916,916,916,916,916,916,916,916,916,916,916,916,916,916,916,916,916,916,916,916,916,916,916,916,916,916,916,916,916,916,916,916,916,916,916,916,916,916,
size:29
SolutionCost:922
