[setting] seed:1
[solver] type:ECBS
[solver] w:3.250000
[solver] ID:0
[solver] Lowlevelnode:671195
[solver] solved:1
[solver] elapsed:24
[solver] makespan:51
[problem] timesteplimit:10000
[problem] type:MAPF
[problem] agentnum:20
[graph] width:53
[graph] height:22
[graph] filename:./map/kivalike.map
[task] id:8,start:0,end:0,service time:0,nodes:1008,
[task] id:4,start:0,end:0,service time:0,nodes:510,
[task] id:15,start:0,end:0,service time:0,nodes:41,
[task] id:1,start:0,end:0,service time:0,nodes:364,
[task] id:17,start:0,end:0,service time:0,nodes:143,
[task] id:3,start:0,end:0,service time:0,nodes:496,
[task] id:13,start:0,end:0,service time:0,nodes:1141,
[task] id:16,start:0,end:0,service time:0,nodes:992,
[task] id:11,start:0,end:0,service time:0,nodes:200,
[task] id:14,start:0,end:0,service time:0,nodes:35,
[task] id:6,start:0,end:0,service time:0,nodes:740,
[task] id:12,start:0,end:0,service time:0,nodes:212,
[task] id:5,start:0,end:0,service time:0,nodes:984,
[task] id:10,start:0,end:0,service time:0,nodes:1120,
[task] id:9,start:0,end:0,service time:0,nodes:833,
[task] id:18,start:0,end:0,service time:0,nodes:741,
[task] id:19,start:0,end:0,service time:0,nodes:744,
[task] id:7,start:0,end:0,service time:0,nodes:1011,
[task] id:0,start:0,end:0,service time:0,nodes:794,
[task] id:2,start:0,end:0,service time:0,nodes:852,
[agent] id:0
path:177,178,179,180,181,182,183,184,185,238,291,344,397,450,503,556,609,662,663,664,665,666,667,668,669,670,671,672,673,674,675,676,677,678,679,680,681,682,683,684,737,790,791,792,793,794,794,794,794,794,794,794,
goal:794,794,794,794,794,794,794,794,794,794,794,794,794,794,794,794,794,794,794,794,794,794,794,794,794,794,794,794,794,794,794,794,794,794,794,794,794,794,794,794,794,794,794,794,794,794,794,794,794,794,794,794,
size:45
[agent] id:1
path:841,842,843,790,737,684,631,578,525,472,419,366,365,364,364,364,364,364,364,364,364,364,364,364,364,364,364,364,364,364,364,364,364,364,364,364,364,364,364,364,364,364,364,364,364,364,364,364,364,364,364,364,
goal:364,364,364,364,364,364,364,364,364,364,364,364,364,364,364,364,364,364,364,364,364,364,364,364,364,364,364,364,364,364,364,364,364,364,364,364,364,364,364,364,364,364,364,364,364,364,364,364,364,364,364,364,
size:13
[agent] id:2
path:633,686,685,684,683,682,681,680,679,678,677,676,675,674,673,726,779,832,831,830,829,828,827,826,825,824,823,822,821,820,819,818,817,816,815,814,813,812,811,810,809,808,807,806,805,804,803,802,801,800,799,852,
goal:852,852,852,852,852,852,852,852,852,852,852,852,852,852,852,852,852,852,852,852,852,852,852,852,852,852,852,852,852,852,852,852,852,852,852,852,852,852,852,852,852,852,852,852,852,852,852,852,852,852,852,852,
size:51
[agent] id:3
path:806,807,808,809,810,757,704,651,598,545,492,493,494,495,496,496,496,496,496,496,496,496,496,496,496,496,496,496,496,496,496,496,496,496,496,496,496,496,496,496,496,496,496,496,496,496,496,496,496,496,496,496,
goal:496,496,496,496,496,496,496,496,496,496,496,496,496,496,496,496,496,496,496,496,496,496,496,496,496,496,496,496,496,496,496,496,496,496,496,496,496,496,496,496,496,496,496,496,496,496,496,496,496,496,496,496,
size:14
[agent] id:4
path:670,671,672,673,620,567,514,513,512,511,510,510,510,510,510,510,510,510,510,510,510,510,510,510,510,510,510,510,510,510,510,510,510,510,510,510,510,510,510,510,510,510,510,510,510,510,510,510,510,510,510,510,
goal:510,510,510,510,510,510,510,510,510,510,510,510,510,510,510,510,510,510,510,510,510,510,510,510,510,510,510,510,510,510,510,510,510,510,510,510,510,510,510,510,510,510,510,510,510,510,510,510,510,510,510,510,
size:10
[agent] id:5
path:314,367,420,473,526,579,632,685,684,683,682,681,680,679,678,677,676,675,674,673,726,779,832,885,938,991,990,989,988,987,986,985,984,984,984,984,984,984,984,984,984,984,984,984,984,984,984,984,984,984,984,984,
goal:984,984,984,984,984,984,984,984,984,984,984,984,984,984,984,984,984,984,984,984,984,984,984,984,984,984,984,984,984,984,984,984,984,984,984,984,984,984,984,984,984,984,984,984,984,984,984,984,984,984,984,984,
size:32
[agent] id:6
path:824,825,826,827,828,829,830,831,832,833,834,835,836,837,838,839,840,841,842,843,790,737,738,739,740,740,740,740,740,740,740,740,740,740,740,740,740,740,740,740,740,740,740,740,740,740,740,740,740,740,740,740,
goal:740,740,740,740,740,740,740,740,740,740,740,740,740,740,740,740,740,740,740,740,740,740,740,740,740,740,740,740,740,740,740,740,740,740,740,740,740,740,740,740,740,740,740,740,740,740,740,740,740,740,740,740,
size:24
[agent] id:7
path:1156,1155,1154,1153,1152,1151,1150,1097,1044,991,990,989,988,987,986,985,984,983,982,981,980,979,978,977,976,975,974,973,972,971,970,969,968,967,966,965,964,963,962,961,960,959,958,1011,1011,1011,1011,1011,1011,1011,1011,1011,
goal:1011,1011,1011,1011,1011,1011,1011,1011,1011,1011,1011,1011,1011,1011,1011,1011,1011,1011,1011,1011,1011,1011,1011,1011,1011,1011,1011,1011,1011,1011,1011,1011,1011,1011,1011,1011,1011,1011,1011,1011,1011,1011,1011,1011,1011,1011,1011,1011,1011,1011,1011,1011,
size:43
[agent] id:8
path:799,852,905,958,1011,1010,1009,1008,1008,1008,1008,1008,1008,1008,1008,1008,1008,1008,1008,1008,1008,1008,1008,1008,1008,1008,1008,1008,1008,1008,1008,1008,1008,1008,1008,1008,1008,1008,1008,1008,1008,1008,1008,1008,1008,1008,1008,1008,1008,1008,1008,1008,
goal:1008,1008,1008,1008,1008,1008,1008,1008,1008,1008,1008,1008,1008,1008,1008,1008,1008,1008,1008,1008,1008,1008,1008,1008,1008,1008,1008,1008,1008,1008,1008,1008,1008,1008,1008,1008,1008,1008,1008,1008,1008,1008,1008,1008,1008,1008,1008,1008,1008,1008,1008,1008,
size:7
[agent] id:9
path:1022,1022,1075,1128,1127,1127,1128,1075,1022,969,916,863,810,811,812,813,814,815,816,817,818,819,820,821,822,823,822,821,768,821,822,823,824,825,826,827,828,829,830,831,832,833,833,833,833,833,833,833,833,833,833,833,
goal:833,833,833,833,833,833,833,833,833,833,833,833,833,833,833,833,833,833,833,833,833,833,833,833,833,833,833,833,833,833,833,833,833,833,833,833,833,833,833,833,833,833,833,833,833,833,833,833,833,833,833,833,
size:41
[agent] id:10
path:132,185,238,291,344,397,450,503,556,609,662,715,768,821,874,927,980,1033,1086,1139,1138,1137,1136,1135,1134,1133,1132,1131,1130,1129,1128,1127,1126,1125,1124,1123,1122,1121,1120,1120,1120,1120,1120,1120,1120,1120,1120,1120,1120,1120,1120,1120,
goal:1120,1120,1120,1120,1120,1120,1120,1120,1120,1120,1120,1120,1120,1120,1120,1120,1120,1120,1120,1120,1120,1120,1120,1120,1120,1120,1120,1120,1120,1120,1120,1120,1120,1120,1120,1120,1120,1120,1120,1120,1120,1120,1120,1120,1120,1120,1120,1120,1120,1120,1120,1120,
size:38
[agent] id:11
path:845,792,739,686,633,580,527,474,421,368,315,262,209,208,207,206,205,204,203,202,201,200,200,200,200,200,200,200,200,200,200,200,200,200,200,200,200,200,200,200,200,200,200,200,200,200,200,200,200,200,200,200,
goal:200,200,200,200,200,200,200,200,200,200,200,200,200,200,200,200,200,200,200,200,200,200,200,200,200,200,200,200,200,200,200,200,200,200,200,200,200,200,200,200,200,200,200,200,200,200,200,200,200,200,200,200,
size:21
[agent] id:12
path:964,963,962,961,960,959,958,905,852,799,746,693,640,587,534,481,428,375,322,269,216,215,214,213,212,212,212,212,212,212,212,212,212,212,212,212,212,212,212,212,212,212,212,212,212,212,212,212,212,212,212,212,
goal:212,212,212,212,212,212,212,212,212,212,212,212,212,212,212,212,212,212,212,212,212,212,212,212,212,212,212,212,212,212,212,212,212,212,212,212,212,212,212,212,212,212,212,212,212,212,212,212,212,212,212,212,
size:24
[agent] id:13
path:968,969,1022,1075,1128,1129,1130,1131,1132,1133,1134,1135,1136,1137,1138,1139,1140,1141,1141,1141,1141,1141,1141,1141,1141,1141,1141,1141,1141,1141,1141,1141,1141,1141,1141,1141,1141,1141,1141,1141,1141,1141,1141,1141,1141,1141,1141,1141,1141,1141,1141,1141,
goal:1141,1141,1141,1141,1141,1141,1141,1141,1141,1141,1141,1141,1141,1141,1141,1141,1141,1141,1141,1141,1141,1141,1141,1141,1141,1141,1141,1141,1141,1141,1141,1141,1141,1141,1141,1141,1141,1141,1141,1141,1141,1141,1141,1141,1141,1141,1141,1141,1141,1141,1141,1141,
size:17
[agent] id:14
path:14,15,16,17,18,19,20,21,22,23,24,25,26,27,28,29,30,31,32,33,34,35,35,35,35,35,35,35,35,35,35,35,35,35,35,35,35,35,35,35,35,35,35,35,35,35,35,35,35,35,35,35,
goal:35,35,35,35,35,35,35,35,35,35,35,35,35,35,35,35,35,35,35,35,35,35,35,35,35,35,35,35,35,35,35,35,35,35,35,35,35,35,35,35,35,35,35,35,35,35,35,35,35,35,35,35,
size:21
[agent] id:15
path:156,103,50,49,48,47,46,45,44,43,42,41,41,41,41,41,41,41,41,41,41,41,41,41,41,41,41,41,41,41,41,41,41,41,41,41,41,41,41,41,41,41,41,41,41,41,41,41,41,41,41,41,
goal:41,41,41,41,41,41,41,41,41,41,41,41,41,41,41,41,41,41,41,41,41,41,41,41,41,41,41,41,41,41,41,41,41,41,41,41,41,41,41,41,41,41,41,41,41,41,41,41,41,41,41,41,
size:11
[agent] id:16
path:362,361,360,359,358,357,356,355,408,461,514,567,620,673,726,779,832,885,938,991,992,992,992,992,992,992,992,992,992,992,992,992,992,992,992,992,992,992,992,992,992,992,992,992,992,992,992,992,992,992,992,992,
goal:992,992,992,992,992,992,992,992,992,992,992,992,992,992,992,992,992,992,992,992,992,992,992,992,992,992,992,992,992,992,992,992,992,992,992,992,992,992,992,992,992,992,992,992,992,992,992,992,992,992,992,992,
size:20
[agent] id:17
path:346,347,348,349,350,351,352,353,354,355,302,249,196,143,143,143,143,143,143,143,143,143,143,143,143,143,143,143,143,143,143,143,143,143,143,143,143,143,143,143,143,143,143,143,143,143,143,143,143,143,143,143,
goal:143,143,143,143,143,143,143,143,143,143,143,143,143,143,143,143,143,143,143,143,143,143,143,143,143,143,143,143,143,143,143,143,143,143,143,143,143,143,143,143,143,143,143,143,143,143,143,143,143,143,143,143,
size:13
[agent] id:18
path:336,337,338,339,340,341,342,343,344,397,450,503,556,609,662,663,664,665,666,667,668,669,670,671,672,673,674,675,676,677,678,679,680,681,682,683,684,685,686,687,688,741,741,741,741,741,741,741,741,741,741,741,
goal:741,741,741,741,741,741,741,741,741,741,741,741,741,741,741,741,741,741,741,741,741,741,741,741,741,741,741,741,741,741,741,741,741,741,741,741,741,741,741,741,741,741,741,741,741,741,741,741,741,741,741,741,
size:41
[agent] id:19
path:192,191,190,189,188,187,186,185,238,291,344,397,450,503,556,609,662,661,660,659,658,657,656,655,654,653,652,651,650,649,648,647,646,645,644,643,642,641,640,693,746,745,744,744,744,744,744,744,744,744,744,744,
goal:744,744,744,744,744,744,744,744,744,744,744,744,744,744,744,744,744,744,744,744,744,744,744,744,744,744,744,744,744,744,744,744,744,744,744,744,744,744,744,744,744,744,744,744,744,744,744,744,744,744,744,744,
size:42
SolutionCost:528
