[setting] seed:8
[solver] type:ECBS
[solver] w:4.250000
[solver] ID:0
[solver] Lowlevelnode:33505
[solver] solved:1
[solver] elapsed:678
[solver] makespan:59
[problem] timesteplimit:10000
[problem] type:MAPF
[problem] agentnum:20
[graph] width:53
[graph] height:22
[graph] filename:./map/kivalike.map
[task] id:7,start:0,end:0,service time:0,nodes:351,
[task] id:19,start:0,end:0,service time:0,nodes:181,
[task] id:5,start:0,end:0,service time:0,nodes:57,
[task] id:15,start:0,end:0,service time:0,nodes:826,
[task] id:6,start:0,end:0,service time:0,nodes:668,
[task] id:16,start:0,end:0,service time:0,nodes:193,
[task] id:4,start:0,end:0,service time:0,nodes:105,
[task] id:18,start:0,end:0,service time:0,nodes:107,
[task] id:12,start:0,end:0,service time:0,nodes:211,
[task] id:13,start:0,end:0,service time:0,nodes:1125,
[task] id:1,start:0,end:0,service time:0,nodes:640,
[task] id:17,start:0,end:0,service time:0,nodes:1127,
[task] id:2,start:0,end:0,service time:0,nodes:366,
[task] id:14,start:0,end:0,service time:0,nodes:585,
[task] id:10,start:0,end:0,service time:0,nodes:813,
[task] id:9,start:0,end:0,service time:0,nodes:43,
[task] id:8,start:0,end:0,service time:0,nodes:847,
[task] id:0,start:0,end:0,service time:0,nodes:422,
[task] id:3,start:0,end:0,service time:0,nodes:685,
[task] id:11,start:0,end:0,service time:0,nodes:899,
[agent] id:0
path:852,799,746,693,640,641,642,643,644,645,646,647,648,649,650,651,652,653,654,655,656,657,658,659,660,661,662,609,556,503,504,505,506,507,508,509,510,511,512,513,514,515,516,517,518,519,520,521,522,523,524,525,472,419,420,421,422,422,422,422,
goal:422,422,422,422,422,422,422,422,422,422,422,422,422,422,422,422,422,422,422,422,422,422,422,422,422,422,422,422,422,422,422,422,422,422,422,422,422,422,422,422,422,422,422,422,422,422,422,422,422,422,422,422,422,422,422,422,422,422,422,422,
size:56
[agent] id:1
path:191,190,189,188,187,186,185,184,183,182,181,180,179,178,177,176,175,174,227,280,333,386,439,492,545,598,651,650,649,648,647,646,645,644,643,642,641,640,640,640,640,640,640,640,640,640,640,640,640,640,640,640,640,640,640,640,640,640,640,640,
goal:640,640,640,640,640,640,640,640,640,640,640,640,640,640,640,640,640,640,640,640,640,640,640,640,640,640,640,640,640,640,640,640,640,640,640,640,640,640,640,640,640,640,640,640,640,640,640,640,640,640,640,640,640,640,640,640,640,640,640,640,
size:37
[agent] id:2
path:496,497,498,499,500,501,502,503,450,397,344,291,238,185,132,79,26,27,28,29,30,31,32,33,34,35,36,37,90,143,196,249,302,355,356,357,358,359,360,361,362,363,364,365,366,366,366,366,366,366,366,366,366,366,366,366,366,366,366,366,
goal:366,366,366,366,366,366,366,366,366,366,366,366,366,366,366,366,366,366,366,366,366,366,366,366,366,366,366,366,366,366,366,366,366,366,366,366,366,366,366,366,366,366,366,366,366,366,366,366,366,366,366,366,366,366,366,366,366,366,366,366,
size:44
[agent] id:3
path:905,852,799,746,693,640,641,642,643,644,645,646,647,648,649,650,651,652,653,654,655,656,657,658,659,660,661,662,609,556,503,504,505,506,507,508,509,510,511,512,513,514,567,620,673,674,675,676,677,678,679,680,681,682,683,684,685,685,685,685,
goal:685,685,685,685,685,685,685,685,685,685,685,685,685,685,685,685,685,685,685,685,685,685,685,685,685,685,685,685,685,685,685,685,685,685,685,685,685,685,685,685,685,685,685,685,685,685,685,685,685,685,685,685,685,685,685,685,685,685,685,685,
size:56
[agent] id:4
path:999,1000,1001,1002,949,896,843,790,737,684,631,578,525,472,419,366,313,260,207,154,101,102,103,104,105,105,105,105,105,105,105,105,105,105,105,105,105,105,105,105,105,105,105,105,105,105,105,105,105,105,105,105,105,105,105,105,105,105,105,105,
goal:105,105,105,105,105,105,105,105,105,105,105,105,105,105,105,105,105,105,105,105,105,105,105,105,105,105,105,105,105,105,105,105,105,105,105,105,105,105,105,105,105,105,105,105,105,105,105,105,105,105,105,105,105,105,105,105,105,105,105,105,
size:24
[agent] id:5
path:334,333,280,227,174,173,172,171,170,169,168,167,166,165,164,163,110,57,57,57,57,57,57,57,57,57,57,57,57,57,57,57,57,57,57,57,57,57,57,57,57,57,57,57,57,57,57,57,57,57,57,57,57,57,57,57,57,57,57,57,
goal:57,57,57,57,57,57,57,57,57,57,57,57,57,57,57,57,57,57,57,57,57,57,57,57,57,57,57,57,57,57,57,57,57,57,57,57,57,57,57,57,57,57,57,57,57,57,57,57,57,57,57,57,57,57,57,57,57,57,57,57,
size:17
[agent] id:6
path:523,522,521,520,519,518,517,516,515,514,514,515,514,567,620,673,672,671,670,669,668,668,668,668,668,668,668,668,668,668,668,668,668,668,668,668,668,668,668,668,668,668,668,668,668,668,668,668,668,668,668,668,668,668,668,668,668,668,668,668,
goal:668,668,668,668,668,668,668,668,668,668,668,668,668,668,668,668,668,668,668,668,668,668,668,668,668,668,668,668,668,668,668,668,668,668,668,668,668,668,668,668,668,668,668,668,668,668,668,668,668,668,668,668,668,668,668,668,668,668,668,668,
size:20
[agent] id:7
path:352,351,351,351,351,351,351,351,351,351,351,351,351,351,351,351,351,351,351,351,351,351,351,351,351,351,351,351,351,351,351,351,351,351,351,351,351,351,351,351,351,351,351,351,351,351,351,351,351,351,351,351,351,351,351,351,351,351,351,351,
goal:351,351,351,351,351,351,351,351,351,351,351,351,351,351,351,351,351,351,351,351,351,351,351,351,351,351,351,351,351,351,351,351,351,351,351,351,351,351,351,351,351,351,351,351,351,351,351,351,351,351,351,351,351,351,351,351,351,351,351,351,
size:1
[agent] id:8
path:327,328,329,330,331,332,332,333,334,335,336,337,338,339,340,341,342,343,344,397,450,503,504,505,506,507,508,509,510,511,512,513,514,567,620,673,726,779,832,833,834,835,836,837,838,839,840,841,842,843,844,845,846,847,847,847,847,847,847,847,
goal:847,847,847,847,847,847,847,847,847,847,847,847,847,847,847,847,847,847,847,847,847,847,847,847,847,847,847,847,847,847,847,847,847,847,847,847,847,847,847,847,847,847,847,847,847,847,847,847,847,847,847,847,847,847,847,847,847,847,847,847,
size:53
[agent] id:9
path:586,533,480,427,374,321,268,215,162,109,56,3,4,5,6,7,8,9,10,11,12,13,14,15,16,17,18,19,20,21,22,23,24,25,26,27,28,29,30,31,32,33,34,35,36,37,38,39,40,41,42,43,43,43,43,43,43,43,43,43,
goal:43,43,43,43,43,43,43,43,43,43,43,43,43,43,43,43,43,43,43,43,43,43,43,43,43,43,43,43,43,43,43,43,43,43,43,43,43,43,43,43,43,43,43,43,43,43,43,43,43,43,43,43,43,43,43,43,43,43,43,43,
size:51
[agent] id:10
path:261,314,367,420,473,526,579,632,685,738,791,844,843,842,841,840,839,838,837,836,835,834,833,832,885,938,991,990,989,988,987,986,985,984,983,982,981,980,927,874,821,820,819,818,817,816,815,814,813,813,813,813,813,813,813,813,813,813,813,813,
goal:813,813,813,813,813,813,813,813,813,813,813,813,813,813,813,813,813,813,813,813,813,813,813,813,813,813,813,813,813,813,813,813,813,813,813,813,813,813,813,813,813,813,813,813,813,813,813,813,813,813,813,813,813,813,813,813,813,813,813,813,
size:48
[agent] id:11
path:320,321,322,323,324,325,326,327,328,329,330,331,332,333,334,335,336,337,338,339,340,341,342,343,344,397,450,503,504,505,506,507,508,509,510,511,512,513,514,567,620,673,726,779,832,833,834,835,836,837,838,839,840,841,842,843,896,897,898,899,
goal:899,899,899,899,899,899,899,899,899,899,899,899,899,899,899,899,899,899,899,899,899,899,899,899,899,899,899,899,899,899,899,899,899,899,899,899,899,899,899,899,899,899,899,899,899,899,899,899,899,899,899,899,899,899,899,899,899,899,899,899,
size:59
[agent] id:12
path:30,31,32,33,34,35,36,37,90,143,196,197,198,199,200,201,202,203,204,205,206,207,208,209,210,211,211,211,211,211,211,211,211,211,211,211,211,211,211,211,211,211,211,211,211,211,211,211,211,211,211,211,211,211,211,211,211,211,211,211,
goal:211,211,211,211,211,211,211,211,211,211,211,211,211,211,211,211,211,211,211,211,211,211,211,211,211,211,211,211,211,211,211,211,211,211,211,211,211,211,211,211,211,211,211,211,211,211,211,211,211,211,211,211,211,211,211,211,211,211,211,211,
size:25
[agent] id:13
path:109,162,215,268,321,322,375,428,481,534,587,640,693,746,799,852,905,958,1011,1064,1117,1118,1119,1120,1121,1122,1123,1124,1125,1125,1125,1125,1125,1125,1125,1125,1125,1125,1125,1125,1125,1125,1125,1125,1125,1125,1125,1125,1125,1125,1125,1125,1125,1125,1125,1125,1125,1125,1125,1125,
goal:1125,1125,1125,1125,1125,1125,1125,1125,1125,1125,1125,1125,1125,1125,1125,1125,1125,1125,1125,1125,1125,1125,1125,1125,1125,1125,1125,1125,1125,1125,1125,1125,1125,1125,1125,1125,1125,1125,1125,1125,1125,1125,1125,1125,1125,1125,1125,1125,1125,1125,1125,1125,1125,1125,1125,1125,1125,1125,1125,1125,
size:28
[agent] id:14
path:198,197,196,249,302,355,408,461,514,513,512,511,510,509,508,507,506,505,504,503,502,501,500,499,498,497,496,495,494,493,492,491,490,489,488,487,486,485,484,483,482,481,534,587,586,585,585,585,585,585,585,585,585,585,585,585,585,585,585,585,
goal:585,585,585,585,585,585,585,585,585,585,585,585,585,585,585,585,585,585,585,585,585,585,585,585,585,585,585,585,585,585,585,585,585,585,585,585,585,585,585,585,585,585,585,585,585,585,585,585,585,585,585,585,585,585,585,585,585,585,585,585,
size:45
[agent] id:15
path:683,682,681,680,679,678,677,676,675,674,673,726,779,832,831,830,829,828,827,826,826,826,826,826,826,826,826,826,826,826,826,826,826,826,826,826,826,826,826,826,826,826,826,826,826,826,826,826,826,826,826,826,826,826,826,826,826,826,826,826,
goal:826,826,826,826,826,826,826,826,826,826,826,826,826,826,826,826,826,826,826,826,826,826,826,826,826,826,826,826,826,826,826,826,826,826,826,826,826,826,826,826,826,826,826,826,826,826,826,826,826,826,826,826,826,826,826,826,826,826,826,826,
size:19
[agent] id:16
path:989,990,991,938,885,832,779,726,673,620,567,514,461,408,355,302,249,196,195,194,193,193,193,193,193,193,193,193,193,193,193,193,193,193,193,193,193,193,193,193,193,193,193,193,193,193,193,193,193,193,193,193,193,193,193,193,193,193,193,193,
goal:193,193,193,193,193,193,193,193,193,193,193,193,193,193,193,193,193,193,193,193,193,193,193,193,193,193,193,193,193,193,193,193,193,193,193,193,193,193,193,193,193,193,193,193,193,193,193,193,193,193,193,193,193,193,193,193,193,193,193,193,
size:20
[agent] id:17
path:1000,1001,1002,1055,1108,1161,1160,1159,1158,1157,1156,1155,1154,1153,1152,1151,1150,1149,1148,1147,1146,1145,1144,1143,1142,1141,1140,1139,1138,1137,1136,1135,1134,1133,1132,1131,1130,1129,1128,1127,1127,1127,1127,1127,1127,1127,1127,1127,1127,1127,1127,1127,1127,1127,1127,1127,1127,1127,1127,1127,
goal:1127,1127,1127,1127,1127,1127,1127,1127,1127,1127,1127,1127,1127,1127,1127,1127,1127,1127,1127,1127,1127,1127,1127,1127,1127,1127,1127,1127,1127,1127,1127,1127,1127,1127,1127,1127,1127,1127,1127,1127,1127,1127,1127,1127,1127,1127,1127,1127,1127,1127,1127,1127,1127,1127,1127,1127,1127,1127,1127,1127,
size:39
[agent] id:18
path:339,338,337,336,335,334,333,280,227,174,173,172,171,170,169,168,167,166,165,164,163,110,109,108,107,107,107,107,107,107,107,107,107,107,107,107,107,107,107,107,107,107,107,107,107,107,107,107,107,107,107,107,107,107,107,107,107,107,107,107,
goal:107,107,107,107,107,107,107,107,107,107,107,107,107,107,107,107,107,107,107,107,107,107,107,107,107,107,107,107,107,107,107,107,107,107,107,107,107,107,107,107,107,107,107,107,107,107,107,107,107,107,107,107,107,107,107,107,107,107,107,107,
size:24
[agent] id:19
path:509,508,507,506,505,504,503,450,397,344,291,238,185,184,183,182,181,181,181,181,181,181,181,181,181,181,181,181,181,181,181,181,181,181,181,181,181,181,181,181,181,181,181,181,181,181,181,181,181,181,181,181,181,181,181,181,181,181,181,181,
goal:181,181,181,181,181,181,181,181,181,181,181,181,181,181,181,181,181,181,181,181,181,181,181,181,181,181,181,181,181,181,181,181,181,181,181,181,181,181,181,181,181,181,181,181,181,181,181,181,181,181,181,181,181,181,181,181,181,181,181,181,
size:16
SolutionCost:682
