[setting] seed:2
[solver] type:ECBS
[solver] w:3.250000
[solver] ID:0
[solver] Lowlevelnode:23973
[solver] solved:1
[solver] elapsed:59
[solver] makespan:56
[problem] timesteplimit:10000
[problem] type:MAPF
[problem] agentnum:10
[graph] width:53
[graph] height:22
[graph] filename:./map/kivalike.map
[task] id:9,start:0,end:0,service time:0,nodes:1056,
[task] id:2,start:0,end:0,service time:0,nodes:103,
[task] id:7,start:0,end:0,service time:0,nodes:479,
[task] id:4,start:0,end:0,service time:0,nodes:1141,
[task] id:6,start:0,end:0,service time:0,nodes:369,
[task] id:0,start:0,end:0,service time:0,nodes:668,
[task] id:5,start:0,end:0,service time:0,nodes:679,
[task] id:3,start:0,end:0,service time:0,nodes:321,
[task] id:8,start:0,end:0,service time:0,nodes:1146,
[task] id:1,start:0,end:0,service time:0,nodes:266,
[agent] id:0
path:1137,1138,1139,1086,1033,980,927,874,821,768,715,662,663,664,665,666,667,668,668,668,668,668,668,668,668,668,668,668,668,668,668,668,668,668,668,668,668,668,668,668,668,668,668,668,668,668,668,668,668,668,668,668,668,668,668,668,668,
goal:668,668,668,668,668,668,668,668,668,668,668,668,668,668,668,668,668,668,668,668,668,668,668,668,668,668,668,668,668,668,668,668,668,668,668,668,668,668,668,668,668,668,668,668,668,668,668,668,668,668,668,668,668,668,668,668,668,
size:17
[agent] id:1
path:582,529,476,423,370,369,368,367,366,365,364,363,362,361,360,359,358,357,356,355,354,353,352,351,350,349,348,347,346,345,344,343,342,341,340,339,338,337,336,335,334,333,332,331,330,329,328,327,326,325,324,323,322,269,268,267,266,
goal:266,266,266,266,266,266,266,266,266,266,266,266,266,266,266,266,266,266,266,266,266,266,266,266,266,266,266,266,266,266,266,266,266,266,266,266,266,266,266,266,266,266,266,266,266,266,266,266,266,266,266,266,266,266,266,266,266,
size:56
[agent] id:2
path:421,368,315,262,209,156,103,103,103,103,103,103,103,103,103,103,103,103,103,103,103,103,103,103,103,103,103,103,103,103,103,103,103,103,103,103,103,103,103,103,103,103,103,103,103,103,103,103,103,103,103,103,103,103,103,103,103,
goal:103,103,103,103,103,103,103,103,103,103,103,103,103,103,103,103,103,103,103,103,103,103,103,103,103,103,103,103,103,103,103,103,103,103,103,103,103,103,103,103,103,103,103,103,103,103,103,103,103,103,103,103,103,103,103,103,103,
size:6
[agent] id:3
path:659,658,657,656,655,654,653,652,651,598,545,492,439,386,333,332,331,330,329,328,327,326,325,324,323,322,321,321,321,321,321,321,321,321,321,321,321,321,321,321,321,321,321,321,321,321,321,321,321,321,321,321,321,321,321,321,321,
goal:321,321,321,321,321,321,321,321,321,321,321,321,321,321,321,321,321,321,321,321,321,321,321,321,321,321,321,321,321,321,321,321,321,321,321,321,321,321,321,321,321,321,321,321,321,321,321,321,321,321,321,321,321,321,321,321,321,
size:26
[agent] id:4
path:973,974,975,976,977,978,979,980,1033,1086,1139,1140,1141,1141,1141,1141,1141,1141,1141,1141,1141,1141,1141,1141,1141,1141,1141,1141,1141,1141,1141,1141,1141,1141,1141,1141,1141,1141,1141,1141,1141,1141,1141,1141,1141,1141,1141,1141,1141,1141,1141,1141,1141,1141,1141,1141,1141,
goal:1141,1141,1141,1141,1141,1141,1141,1141,1141,1141,1141,1141,1141,1141,1141,1141,1141,1141,1141,1141,1141,1141,1141,1141,1141,1141,1141,1141,1141,1141,1141,1141,1141,1141,1141,1141,1141,1141,1141,1141,1141,1141,1141,1141,1141,1141,1141,1141,1141,1141,1141,1141,1141,1141,1141,1141,1141,
size:12
[agent] id:5
path:984,985,986,987,988,989,990,991,938,885,832,779,726,673,674,675,676,677,678,679,679,679,679,679,679,679,679,679,679,679,679,679,679,679,679,679,679,679,679,679,679,679,679,679,679,679,679,679,679,679,679,679,679,679,679,679,679,
goal:679,679,679,679,679,679,679,679,679,679,679,679,679,679,679,679,679,679,679,679,679,679,679,679,679,679,679,679,679,679,679,679,679,679,679,679,679,679,679,679,679,679,679,679,679,679,679,679,679,679,679,679,679,679,679,679,679,
size:19
[agent] id:6
path:1111,1058,1005,952,899,846,793,740,687,634,581,528,475,422,369,369,369,369,369,369,369,369,369,369,369,369,369,369,369,369,369,369,369,369,369,369,369,369,369,369,369,369,369,369,369,369,369,369,369,369,369,369,369,369,369,369,369,
goal:369,369,369,369,369,369,369,369,369,369,369,369,369,369,369,369,369,369,369,369,369,369,369,369,369,369,369,369,369,369,369,369,369,369,369,369,369,369,369,369,369,369,369,369,369,369,369,369,369,369,369,369,369,369,369,369,369,
size:14
[agent] id:7
path:797,744,691,638,585,532,479,479,479,479,479,479,479,479,479,479,479,479,479,479,479,479,479,479,479,479,479,479,479,479,479,479,479,479,479,479,479,479,479,479,479,479,479,479,479,479,479,479,479,479,479,479,479,479,479,479,479,
goal:479,479,479,479,479,479,479,479,479,479,479,479,479,479,479,479,479,479,479,479,479,479,479,479,479,479,479,479,479,479,479,479,479,479,479,479,479,479,479,479,479,479,479,479,479,479,479,479,479,479,479,479,479,479,479,479,479,
size:6
[agent] id:8
path:644,645,646,647,648,649,650,651,704,757,810,863,916,969,970,971,972,973,974,975,976,977,978,979,980,981,982,983,984,985,986,987,988,989,990,991,1044,1097,1150,1149,1148,1147,1146,1146,1146,1146,1146,1146,1146,1146,1146,1146,1146,1146,1146,1146,1146,
goal:1146,1146,1146,1146,1146,1146,1146,1146,1146,1146,1146,1146,1146,1146,1146,1146,1146,1146,1146,1146,1146,1146,1146,1146,1146,1146,1146,1146,1146,1146,1146,1146,1146,1146,1146,1146,1146,1146,1146,1146,1146,1146,1146,1146,1146,1146,1146,1146,1146,1146,1146,1146,1146,1146,1146,1146,1146,
size:42
[agent] id:9
path:1162,1109,1056,1056,1056,1056,1056,1056,1056,1056,1056,1056,1056,1056,1056,1056,1056,1056,1056,1056,1056,1056,1056,1056,1056,1056,1056,1056,1056,1056,1056,1056,1056,1056,1056,1056,1056,1056,1056,1056,1056,1056,1056,1056,1056,1056,1056,1056,1056,1056,1056,1056,1056,1056,1056,1056,1056,
goal:1056,1056,1056,1056,1056,1056,1056,1056,1056,1056,1056,1056,1056,1056,1056,1056,1056,1056,1056,1056,1056,1056,1056,1056,1056,1056,1056,1056,1056,1056,1056,1056,1056,1056,1056,1056,1056,1056,1056,1056,1056,1056,1056,1056,1056,1056,1056,1056,1056,1056,1056,1056,1056,1056,1056,1056,1056,
size:2
SolutionCost:200
