[setting] seed:4
[solver] type:ECBS
[solver] w:2.250000
[solver] ID:0
[solver] Lowlevelnode:31585
[solver] solved:1
[solver] elapsed:110
[solver] makespan:66
[problem] timesteplimit:10000
[problem] type:MAPF
[problem] agentnum:10
[graph] width:53
[graph] height:22
[graph] filename:./map/kivalike.map
[task] id:8,start:0,end:0,service time:0,nodes:1111,
[task] id:2,start:0,end:0,service time:0,nodes:188,
[task] id:9,start:0,end:0,service time:0,nodes:846,
[task] id:4,start:0,end:0,service time:0,nodes:477,
[task] id:5,start:0,end:0,service time:0,nodes:106,
[task] id:6,start:0,end:0,service time:0,nodes:798,
[task] id:0,start:0,end:0,service time:0,nodes:197,
[task] id:1,start:0,end:0,service time:0,nodes:960,
[task] id:7,start:0,end:0,service time:0,nodes:269,
[task] id:3,start:0,end:0,service time:0,nodes:202,
[agent] id:0
path:269,216,163,164,165,166,167,168,169,170,171,172,173,174,175,176,177,178,179,180,181,182,183,184,185,132,79,26,27,28,29,30,31,32,33,34,35,36,37,90,143,196,197,197,197,197,197,197,197,197,197,197,197,197,197,197,197,197,197,197,197,197,197,197,197,197,197,
goal:197,197,197,197,197,197,197,197,197,197,197,197,197,197,197,197,197,197,197,197,197,197,197,197,197,197,197,197,197,197,197,197,197,197,197,197,197,197,197,197,197,197,197,197,197,197,197,197,197,197,197,197,197,197,197,197,197,197,197,197,197,197,197,197,197,197,197,
size:42
[agent] id:1
path:842,841,840,839,838,837,836,835,834,833,832,885,938,991,990,989,988,987,986,985,984,983,982,981,980,979,978,977,976,975,974,973,972,971,970,969,968,967,966,965,964,963,962,961,960,960,960,960,960,960,960,960,960,960,960,960,960,960,960,960,960,960,960,960,960,960,960,
goal:960,960,960,960,960,960,960,960,960,960,960,960,960,960,960,960,960,960,960,960,960,960,960,960,960,960,960,960,960,960,960,960,960,960,960,960,960,960,960,960,960,960,960,960,960,960,960,960,960,960,960,960,960,960,960,960,960,960,960,960,960,960,960,960,960,960,960,
size:44
[agent] id:2
path:667,666,665,664,663,662,609,556,503,450,397,344,291,238,185,186,187,188,188,188,188,188,188,188,188,188,188,188,188,188,188,188,188,188,188,188,188,188,188,188,188,188,188,188,188,188,188,188,188,188,188,188,188,188,188,188,188,188,188,188,188,188,188,188,188,188,188,
goal:188,188,188,188,188,188,188,188,188,188,188,188,188,188,188,188,188,188,188,188,188,188,188,188,188,188,188,188,188,188,188,188,188,188,188,188,188,188,188,188,188,188,188,188,188,188,188,188,188,188,188,188,188,188,188,188,188,188,188,188,188,188,188,188,188,188,188,
size:17
[agent] id:3
path:1064,1011,958,905,852,799,746,693,640,641,642,643,644,645,646,647,648,649,650,651,598,545,492,493,494,495,496,497,498,499,500,501,502,503,450,397,344,345,346,347,348,349,350,351,352,353,354,355,356,357,358,359,360,361,362,363,364,365,366,313,260,207,206,205,204,203,202,
goal:202,202,202,202,202,202,202,202,202,202,202,202,202,202,202,202,202,202,202,202,202,202,202,202,202,202,202,202,202,202,202,202,202,202,202,202,202,202,202,202,202,202,202,202,202,202,202,202,202,202,202,202,202,202,202,202,202,202,202,202,202,202,202,202,202,202,202,
size:66
[agent] id:4
path:397,450,503,502,501,500,499,498,497,496,495,494,493,492,491,490,489,488,487,486,485,484,483,482,481,480,479,478,477,477,477,477,477,477,477,477,477,477,477,477,477,477,477,477,477,477,477,477,477,477,477,477,477,477,477,477,477,477,477,477,477,477,477,477,477,477,477,
goal:477,477,477,477,477,477,477,477,477,477,477,477,477,477,477,477,477,477,477,477,477,477,477,477,477,477,477,477,477,477,477,477,477,477,477,477,477,477,477,477,477,477,477,477,477,477,477,477,477,477,477,477,477,477,477,477,477,477,477,477,477,477,477,477,477,477,477,
size:28
[agent] id:5
path:966,965,964,963,962,961,960,959,958,905,852,799,746,693,640,587,534,481,428,375,322,269,216,163,110,109,108,107,106,106,106,106,106,106,106,106,106,106,106,106,106,106,106,106,106,106,106,106,106,106,106,106,106,106,106,106,106,106,106,106,106,106,106,106,106,106,106,
goal:106,106,106,106,106,106,106,106,106,106,106,106,106,106,106,106,106,106,106,106,106,106,106,106,106,106,106,106,106,106,106,106,106,106,106,106,106,106,106,106,106,106,106,106,106,106,106,106,106,106,106,106,106,106,106,106,106,106,106,106,106,106,106,106,106,106,106,
size:28
[agent] id:6
path:1097,1044,991,938,885,832,831,830,829,828,827,826,825,824,823,822,821,820,819,818,817,816,815,814,813,812,811,810,809,808,807,806,805,804,803,802,801,800,799,798,798,798,798,798,798,798,798,798,798,798,798,798,798,798,798,798,798,798,798,798,798,798,798,798,798,798,798,
goal:798,798,798,798,798,798,798,798,798,798,798,798,798,798,798,798,798,798,798,798,798,798,798,798,798,798,798,798,798,798,798,798,798,798,798,798,798,798,798,798,798,798,798,798,798,798,798,798,798,798,798,798,798,798,798,798,798,798,798,798,798,798,798,798,798,798,798,
size:39
[agent] id:7
path:741,688,635,582,529,476,423,370,369,368,367,366,365,364,363,362,361,360,359,358,357,356,355,354,353,352,351,350,349,348,347,346,345,344,343,342,341,340,339,338,337,336,335,334,333,332,331,330,329,328,327,326,325,324,323,322,269,269,269,269,269,269,269,269,269,269,269,
goal:269,269,269,269,269,269,269,269,269,269,269,269,269,269,269,269,269,269,269,269,269,269,269,269,269,269,269,269,269,269,269,269,269,269,269,269,269,269,269,269,269,269,269,269,269,269,269,269,269,269,269,269,269,269,269,269,269,269,269,269,269,269,269,269,269,269,269,
size:56
[agent] id:8
path:998,999,1000,1001,1002,1055,1108,1109,1110,1111,1111,1111,1111,1111,1111,1111,1111,1111,1111,1111,1111,1111,1111,1111,1111,1111,1111,1111,1111,1111,1111,1111,1111,1111,1111,1111,1111,1111,1111,1111,1111,1111,1111,1111,1111,1111,1111,1111,1111,1111,1111,1111,1111,1111,1111,1111,1111,1111,1111,1111,1111,1111,1111,1111,1111,1111,1111,
goal:1111,1111,1111,1111,1111,1111,1111,1111,1111,1111,1111,1111,1111,1111,1111,1111,1111,1111,1111,1111,1111,1111,1111,1111,1111,1111,1111,1111,1111,1111,1111,1111,1111,1111,1111,1111,1111,1111,1111,1111,1111,1111,1111,1111,1111,1111,1111,1111,1111,1111,1111,1111,1111,1111,1111,1111,1111,1111,1111,1111,1111,1111,1111,1111,1111,1111,1111,
size:9
[agent] id:9
path:358,359,360,361,362,363,364,365,366,419,472,525,578,631,684,737,790,843,844,845,846,846,846,846,846,846,846,846,846,846,846,846,846,846,846,846,846,846,846,846,846,846,846,846,846,846,846,846,846,846,846,846,846,846,846,846,846,846,846,846,846,846,846,846,846,846,846,
goal:846,846,846,846,846,846,846,846,846,846,846,846,846,846,846,846,846,846,846,846,846,846,846,846,846,846,846,846,846,846,846,846,846,846,846,846,846,846,846,846,846,846,846,846,846,846,846,846,846,846,846,846,846,846,846,846,846,846,846,846,846,846,846,846,846,846,846,
size:20
SolutionCost:349
