[setting] seed:3
[solver] type:ECBS
[solver] w:2.250000
[solver] ID:0
[solver] Lowlevelnode:33677
[solver] solved:1
[solver] elapsed:91
[solver] makespan:51
[problem] timesteplimit:10000
[problem] type:MAPF
[problem] agentnum:30
[graph] width:53
[graph] height:22
[graph] filename:./map/kivalike.map
[task] id:1,start:0,end:0,service time:0,nodes:675,
[task] id:12,start:0,end:0,service time:0,nodes:831,
[task] id:15,start:0,end:0,service time:0,nodes:665,
[task] id:20,start:0,end:0,service time:0,nodes:659,
[task] id:2,start:0,end:0,service time:0,nodes:280,
[task] id:3,start:0,end:0,service time:0,nodes:366,
[task] id:8,start:0,end:0,service time:0,nodes:1165,
[task] id:25,start:0,end:0,service time:0,nodes:179,
[task] id:14,start:0,end:0,service time:0,nodes:487,
[task] id:9,start:0,end:0,service time:0,nodes:163,
[task] id:27,start:0,end:0,service time:0,nodes:806,
[task] id:0,start:0,end:0,service time:0,nodes:798,
[task] id:22,start:0,end:0,service time:0,nodes:186,
[task] id:21,start:0,end:0,service time:0,nodes:333,
[task] id:26,start:0,end:0,service time:0,nodes:515,
[task] id:13,start:0,end:0,service time:0,nodes:291,
[task] id:18,start:0,end:0,service time:0,nodes:1128,
[task] id:23,start:0,end:0,service time:0,nodes:28,
[task] id:5,start:0,end:0,service time:0,nodes:21,
[task] id:7,start:0,end:0,service time:0,nodes:1044,
[task] id:29,start:0,end:0,service time:0,nodes:976,
[task] id:11,start:0,end:0,service time:0,nodes:988,
[task] id:10,start:0,end:0,service time:0,nodes:347,
[task] id:28,start:0,end:0,service time:0,nodes:13,
[task] id:24,start:0,end:0,service time:0,nodes:824,
[task] id:17,start:0,end:0,service time:0,nodes:964,
[task] id:4,start:0,end:0,service time:0,nodes:1163,
[task] id:19,start:0,end:0,service time:0,nodes:204,
[task] id:16,start:0,end:0,service time:0,nodes:984,
[task] id:6,start:0,end:0,service time:0,nodes:1149,
[agent] id:0
path:1132,1131,1130,1129,1128,1075,1022,969,916,863,810,809,808,807,806,805,804,803,802,801,800,799,798,798,798,798,798,798,798,798,798,798,798,798,798,798,798,798,798,798,798,798,798,798,798,798,798,798,798,798,798,798,
goal:798,798,798,798,798,798,798,798,798,798,798,798,798,798,798,798,798,798,798,798,798,798,798,798,798,798,798,798,798,798,798,798,798,798,798,798,798,798,798,798,798,798,798,798,798,798,798,798,798,798,798,798,
size:22
[agent] id:1
path:826,827,828,829,830,831,832,779,726,673,674,675,675,675,675,675,675,675,675,675,675,675,675,675,675,675,675,675,675,675,675,675,675,675,675,675,675,675,675,675,675,675,675,675,675,675,675,675,675,675,675,675,
goal:675,675,675,675,675,675,675,675,675,675,675,675,675,675,675,675,675,675,675,675,675,675,675,675,675,675,675,675,675,675,675,675,675,675,675,675,675,675,675,675,675,675,675,675,675,675,675,675,675,675,675,675,
size:11
[agent] id:2
path:531,478,425,372,319,320,321,322,323,324,325,326,327,328,329,330,331,332,333,280,280,280,280,280,280,280,280,280,280,280,280,280,280,280,280,280,280,280,280,280,280,280,280,280,280,280,280,280,280,280,280,280,
goal:280,280,280,280,280,280,280,280,280,280,280,280,280,280,280,280,280,280,280,280,280,280,280,280,280,280,280,280,280,280,280,280,280,280,280,280,280,280,280,280,280,280,280,280,280,280,280,280,280,280,280,280,
size:19
[agent] id:3
path:35,36,37,90,143,196,249,302,355,356,357,358,359,360,361,362,363,364,365,366,366,366,366,366,366,366,366,366,366,366,366,366,366,366,366,366,366,366,366,366,366,366,366,366,366,366,366,366,366,366,366,366,
goal:366,366,366,366,366,366,366,366,366,366,366,366,366,366,366,366,366,366,366,366,366,366,366,366,366,366,366,366,366,366,366,366,366,366,366,366,366,366,366,366,366,366,366,366,366,366,366,366,366,366,366,366,
size:19
[agent] id:4
path:28,29,30,31,32,33,34,35,36,37,90,143,196,249,302,355,408,461,514,567,620,673,726,779,832,885,938,991,1044,1097,1150,1151,1152,1153,1154,1155,1156,1157,1158,1159,1160,1161,1162,1163,1163,1163,1163,1163,1163,1163,1163,1163,
goal:1163,1163,1163,1163,1163,1163,1163,1163,1163,1163,1163,1163,1163,1163,1163,1163,1163,1163,1163,1163,1163,1163,1163,1163,1163,1163,1163,1163,1163,1163,1163,1163,1163,1163,1163,1163,1163,1163,1163,1163,1163,1163,1163,1163,1163,1163,1163,1163,1163,1163,1163,1163,
size:43
[agent] id:5
path:972,973,974,975,976,977,978,979,980,927,874,821,768,715,662,609,556,503,450,397,344,291,238,185,132,79,26,25,24,23,22,21,21,21,21,21,21,21,21,21,21,21,21,21,21,21,21,21,21,21,21,21,
goal:21,21,21,21,21,21,21,21,21,21,21,21,21,21,21,21,21,21,21,21,21,21,21,21,21,21,21,21,21,21,21,21,21,21,21,21,21,21,21,21,21,21,21,21,21,21,21,21,21,21,21,21,
size:31
[agent] id:6
path:318,371,424,477,478,531,584,637,638,639,640,641,642,643,644,645,646,647,648,649,650,651,704,757,810,811,812,813,814,815,816,817,818,819,820,821,874,927,980,1033,1086,1139,1140,1141,1142,1143,1144,1145,1146,1147,1148,1149,
goal:1149,1149,1149,1149,1149,1149,1149,1149,1149,1149,1149,1149,1149,1149,1149,1149,1149,1149,1149,1149,1149,1149,1149,1149,1149,1149,1149,1149,1149,1149,1149,1149,1149,1149,1149,1149,1149,1149,1149,1149,1149,1149,1149,1149,1149,1149,1149,1149,1149,1149,1149,1149,
size:51
[agent] id:7
path:104,157,210,263,316,369,422,475,528,581,634,687,740,793,846,899,952,1005,1004,1003,1002,1001,1000,999,998,997,996,995,994,993,992,991,1044,1044,1044,1044,1044,1044,1044,1044,1044,1044,1044,1044,1044,1044,1044,1044,1044,1044,1044,1044,
goal:1044,1044,1044,1044,1044,1044,1044,1044,1044,1044,1044,1044,1044,1044,1044,1044,1044,1044,1044,1044,1044,1044,1044,1044,1044,1044,1044,1044,1044,1044,1044,1044,1044,1044,1044,1044,1044,1044,1044,1044,1044,1044,1044,1044,1044,1044,1044,1044,1044,1044,1044,1044,
size:32
[agent] id:8
path:1044,991,992,993,994,995,996,997,998,999,1000,1001,1002,1055,1108,1161,1162,1163,1164,1165,1165,1165,1165,1165,1165,1165,1165,1165,1165,1165,1165,1165,1165,1165,1165,1165,1165,1165,1165,1165,1165,1165,1165,1165,1165,1165,1165,1165,1165,1165,1165,1165,
goal:1165,1165,1165,1165,1165,1165,1165,1165,1165,1165,1165,1165,1165,1165,1165,1165,1165,1165,1165,1165,1165,1165,1165,1165,1165,1165,1165,1165,1165,1165,1165,1165,1165,1165,1165,1165,1165,1165,1165,1165,1165,1165,1165,1165,1165,1165,1165,1165,1165,1165,1165,1165,
size:19
[agent] id:9
path:17,16,15,68,121,174,173,174,175,175,174,173,172,171,170,169,168,167,166,165,164,163,163,163,163,163,163,163,163,163,163,163,163,163,163,163,163,163,163,163,163,163,163,163,163,163,163,163,163,163,163,163,
goal:163,163,163,163,163,163,163,163,163,163,163,163,163,163,163,163,163,163,163,163,163,163,163,163,163,163,163,163,163,163,163,163,163,163,163,163,163,163,163,163,163,163,163,163,163,163,163,163,163,163,163,163,
size:21
[agent] id:10
path:689,636,583,530,477,424,371,318,319,320,321,322,323,324,325,326,327,328,329,330,331,332,333,334,335,336,337,338,339,340,341,342,343,344,345,346,347,347,347,347,347,347,347,347,347,347,347,347,347,347,347,347,
goal:347,347,347,347,347,347,347,347,347,347,347,347,347,347,347,347,347,347,347,347,347,347,347,347,347,347,347,347,347,347,347,347,347,347,347,347,347,347,347,347,347,347,347,347,347,347,347,347,347,347,347,347,
size:36
[agent] id:11
path:648,649,650,651,598,545,492,493,494,495,496,497,498,499,500,501,502,502,503,556,609,662,715,768,821,874,927,980,981,982,983,984,985,986,987,988,988,988,988,988,988,988,988,988,988,988,988,988,988,988,988,988,
goal:988,988,988,988,988,988,988,988,988,988,988,988,988,988,988,988,988,988,988,988,988,988,988,988,988,988,988,988,988,988,988,988,988,988,988,988,988,988,988,988,988,988,988,988,988,988,988,988,988,988,988,988,
size:35
[agent] id:12
path:556,609,662,715,768,821,822,823,824,825,826,827,828,829,830,831,831,831,831,831,831,831,831,831,831,831,831,831,831,831,831,831,831,831,831,831,831,831,831,831,831,831,831,831,831,831,831,831,831,831,831,831,
goal:831,831,831,831,831,831,831,831,831,831,831,831,831,831,831,831,831,831,831,831,831,831,831,831,831,831,831,831,831,831,831,831,831,831,831,831,831,831,831,831,831,831,831,831,831,831,831,831,831,831,831,831,
size:15
[agent] id:13
path:1128,1075,1022,969,916,863,810,757,704,651,598,545,492,493,494,495,496,497,498,499,500,501,502,503,450,397,344,291,291,291,291,291,291,291,291,291,291,291,291,291,291,291,291,291,291,291,291,291,291,291,291,291,
goal:291,291,291,291,291,291,291,291,291,291,291,291,291,291,291,291,291,291,291,291,291,291,291,291,291,291,291,291,291,291,291,291,291,291,291,291,291,291,291,291,291,291,291,291,291,291,291,291,291,291,291,291,
size:27
[agent] id:14
path:9,10,11,12,13,14,15,68,121,174,227,280,333,386,439,492,491,490,489,488,487,487,487,487,487,487,487,487,487,487,487,487,487,487,487,487,487,487,487,487,487,487,487,487,487,487,487,487,487,487,487,487,
goal:487,487,487,487,487,487,487,487,487,487,487,487,487,487,487,487,487,487,487,487,487,487,487,487,487,487,487,487,487,487,487,487,487,487,487,487,487,487,487,487,487,487,487,487,487,487,487,487,487,487,487,487,
size:20
[agent] id:15
path:836,835,834,833,832,779,726,673,672,671,670,669,668,667,666,665,665,665,665,665,665,665,665,665,665,665,665,665,665,665,665,665,665,665,665,665,665,665,665,665,665,665,665,665,665,665,665,665,665,665,665,665,
goal:665,665,665,665,665,665,665,665,665,665,665,665,665,665,665,665,665,665,665,665,665,665,665,665,665,665,665,665,665,665,665,665,665,665,665,665,665,665,665,665,665,665,665,665,665,665,665,665,665,665,665,665,
size:15
[agent] id:16
path:52,105,158,211,210,209,208,207,206,205,204,203,202,201,200,199,198,197,196,249,302,355,354,353,352,351,350,349,348,347,346,345,344,397,450,503,556,609,662,715,768,821,874,927,980,981,982,983,984,984,984,984,
goal:984,984,984,984,984,984,984,984,984,984,984,984,984,984,984,984,984,984,984,984,984,984,984,984,984,984,984,984,984,984,984,984,984,984,984,984,984,984,984,984,984,984,984,984,984,984,984,984,984,984,984,984,
size:48
[agent] id:17
path:188,187,186,185,184,183,182,181,180,179,178,177,176,175,174,227,280,333,386,439,492,492,491,491,492,545,598,651,704,757,810,863,916,969,968,967,966,965,964,964,964,964,964,964,964,964,964,964,964,964,964,964,
goal:964,964,964,964,964,964,964,964,964,964,964,964,964,964,964,964,964,964,964,964,964,964,964,964,964,964,964,964,964,964,964,964,964,964,964,964,964,964,964,964,964,964,964,964,964,964,964,964,964,964,964,964,
size:38
[agent] id:18
path:1156,1155,1154,1153,1152,1151,1150,1149,1148,1147,1146,1145,1144,1143,1142,1141,1140,1139,1138,1137,1136,1135,1134,1133,1132,1131,1130,1129,1128,1128,1128,1128,1128,1128,1128,1128,1128,1128,1128,1128,1128,1128,1128,1128,1128,1128,1128,1128,1128,1128,1128,1128,
goal:1128,1128,1128,1128,1128,1128,1128,1128,1128,1128,1128,1128,1128,1128,1128,1128,1128,1128,1128,1128,1128,1128,1128,1128,1128,1128,1128,1128,1128,1128,1128,1128,1128,1128,1128,1128,1128,1128,1128,1128,1128,1128,1128,1128,1128,1128,1128,1128,1128,1128,1128,1128,
size:28
[agent] id:19
path:1143,1142,1141,1140,1139,1086,1033,980,981,982,983,984,985,986,987,988,989,990,991,938,885,832,779,832,833,833,832,779,726,673,620,567,514,461,408,355,302,249,196,197,198,199,200,201,202,203,204,204,204,204,204,204,
goal:204,204,204,204,204,204,204,204,204,204,204,204,204,204,204,204,204,204,204,204,204,204,204,204,204,204,204,204,204,204,204,204,204,204,204,204,204,204,204,204,204,204,204,204,204,204,204,204,204,204,204,204,
size:46
[agent] id:20
path:885,832,779,726,673,672,671,670,669,668,667,666,665,664,663,662,661,660,659,659,659,659,659,659,659,659,659,659,659,659,659,659,659,659,659,659,659,659,659,659,659,659,659,659,659,659,659,659,659,659,659,659,
goal:659,659,659,659,659,659,659,659,659,659,659,659,659,659,659,659,659,659,659,659,659,659,659,659,659,659,659,659,659,659,659,659,659,659,659,659,659,659,659,659,659,659,659,659,659,659,659,659,659,659,659,659,
size:18
[agent] id:21
path:1138,1137,1136,1135,1134,1133,1132,1131,1130,1129,1128,1075,1022,969,916,863,810,757,704,651,598,545,492,439,386,333,333,333,333,333,333,333,333,333,333,333,333,333,333,333,333,333,333,333,333,333,333,333,333,333,333,333,
goal:333,333,333,333,333,333,333,333,333,333,333,333,333,333,333,333,333,333,333,333,333,333,333,333,333,333,333,333,333,333,333,333,333,333,333,333,333,333,333,333,333,333,333,333,333,333,333,333,333,333,333,333,
size:25
[agent] id:22
path:209,208,207,206,205,204,203,202,201,200,199,198,197,196,195,194,193,192,191,190,189,188,187,186,186,186,186,186,186,186,186,186,186,186,186,186,186,186,186,186,186,186,186,186,186,186,186,186,186,186,186,186,
goal:186,186,186,186,186,186,186,186,186,186,186,186,186,186,186,186,186,186,186,186,186,186,186,186,186,186,186,186,186,186,186,186,186,186,186,186,186,186,186,186,186,186,186,186,186,186,186,186,186,186,186,186,
size:23
[agent] id:23
path:167,168,169,170,171,172,172,173,174,227,280,333,334,335,336,337,338,339,340,341,342,343,344,291,238,185,132,79,26,27,28,28,28,28,28,28,28,28,28,28,28,28,28,28,28,28,28,28,28,28,28,28,
goal:28,28,28,28,28,28,28,28,28,28,28,28,28,28,28,28,28,28,28,28,28,28,28,28,28,28,28,28,28,28,28,28,28,28,28,28,28,28,28,28,28,28,28,28,28,28,28,28,28,28,28,28,
size:30
[agent] id:24
path:636,637,638,639,640,641,642,643,644,645,646,647,648,649,650,651,652,653,653,652,651,704,757,810,811,812,813,814,815,816,817,818,819,820,821,822,823,824,824,824,824,824,824,824,824,824,824,824,824,824,824,824,
goal:824,824,824,824,824,824,824,824,824,824,824,824,824,824,824,824,824,824,824,824,824,824,824,824,824,824,824,824,824,824,824,824,824,824,824,824,824,824,824,824,824,824,824,824,824,824,824,824,824,824,824,824,
size:37
[agent] id:25
path:666,665,664,663,662,609,556,503,450,397,344,291,238,185,184,183,182,181,180,179,179,179,179,179,179,179,179,179,179,179,179,179,179,179,179,179,179,179,179,179,179,179,179,179,179,179,179,179,179,179,179,179,
goal:179,179,179,179,179,179,179,179,179,179,179,179,179,179,179,179,179,179,179,179,179,179,179,179,179,179,179,179,179,179,179,179,179,179,179,179,179,179,179,179,179,179,179,179,179,179,179,179,179,179,179,179,
size:19
[agent] id:26
path:975,976,977,978,979,980,927,874,821,768,715,662,609,556,503,504,505,506,507,508,509,510,511,512,513,514,515,515,515,515,515,515,515,515,515,515,515,515,515,515,515,515,515,515,515,515,515,515,515,515,515,515,
goal:515,515,515,515,515,515,515,515,515,515,515,515,515,515,515,515,515,515,515,515,515,515,515,515,515,515,515,515,515,515,515,515,515,515,515,515,515,515,515,515,515,515,515,515,515,515,515,515,515,515,515,515,
size:26
[agent] id:27
path:983,982,981,980,927,874,821,820,819,818,817,816,815,814,813,812,811,810,809,808,807,806,806,806,806,806,806,806,806,806,806,806,806,806,806,806,806,806,806,806,806,806,806,806,806,806,806,806,806,806,806,806,
goal:806,806,806,806,806,806,806,806,806,806,806,806,806,806,806,806,806,806,806,806,806,806,806,806,806,806,806,806,806,806,806,806,806,806,806,806,806,806,806,806,806,806,806,806,806,806,806,806,806,806,806,806,
size:21
[agent] id:28
path:49,48,47,46,45,44,43,42,41,40,39,38,37,36,35,34,33,32,31,30,29,28,27,26,25,24,23,22,21,20,19,18,17,16,15,14,13,13,13,13,13,13,13,13,13,13,13,13,13,13,13,13,
goal:13,13,13,13,13,13,13,13,13,13,13,13,13,13,13,13,13,13,13,13,13,13,13,13,13,13,13,13,13,13,13,13,13,13,13,13,13,13,13,13,13,13,13,13,13,13,13,13,13,13,13,13,
size:36
[agent] id:29
path:268,321,374,427,480,533,586,639,692,745,798,851,904,957,958,959,960,961,962,963,964,965,966,967,968,969,970,971,972,973,974,975,976,976,976,976,976,976,976,976,976,976,976,976,976,976,976,976,976,976,976,976,
goal:976,976,976,976,976,976,976,976,976,976,976,976,976,976,976,976,976,976,976,976,976,976,976,976,976,976,976,976,976,976,976,976,976,976,976,976,976,976,976,976,976,976,976,976,976,976,976,976,976,976,976,976,
size:32
SolutionCost:843
