[setting] seed:1
[solver] type:ECBS
[solver] w:5.250000
[solver] ID:0
[solver] Lowlevelnode:896589
[solver] solved:1
[solver] elapsed:2556
[solver] makespan:66
[problem] timesteplimit:10000
[problem] type:MAPF
[problem] agentnum:40
[graph] width:53
[graph] height:22
[graph] filename:./map/kivalike.map
[task] id:8,start:0,end:0,service time:0,nodes:1008,
[task] id:20,start:0,end:0,service time:0,nodes:738,
[task] id:4,start:0,end:0,service time:0,nodes:510,
[task] id:15,start:0,end:0,service time:0,nodes:41,
[task] id:25,start:0,end:0,service time:0,nodes:985,
[task] id:1,start:0,end:0,service time:0,nodes:364,
[task] id:17,start:0,end:0,service time:0,nodes:143,
[task] id:34,start:0,end:0,service time:0,nodes:1115,
[task] id:3,start:0,end:0,service time:0,nodes:496,
[task] id:26,start:0,end:0,service time:0,nodes:1148,
[task] id:30,start:0,end:0,service time:0,nodes:102,
[task] id:16,start:0,end:0,service time:0,nodes:992,
[task] id:11,start:0,end:0,service time:0,nodes:200,
[task] id:14,start:0,end:0,service time:0,nodes:35,
[task] id:12,start:0,end:0,service time:0,nodes:212,
[task] id:13,start:0,end:0,service time:0,nodes:1141,
[task] id:22,start:0,end:0,service time:0,nodes:17,
[task] id:28,start:0,end:0,service time:0,nodes:332,
[task] id:6,start:0,end:0,service time:0,nodes:740,
[task] id:35,start:0,end:0,service time:0,nodes:969,
[task] id:31,start:0,end:0,service time:0,nodes:486,
[task] id:9,start:0,end:0,service time:0,nodes:833,
[task] id:37,start:0,end:0,service time:0,nodes:1124,
[task] id:10,start:0,end:0,service time:0,nodes:1120,
[task] id:7,start:0,end:0,service time:0,nodes:1011,
[task] id:33,start:0,end:0,service time:0,nodes:1127,
[task] id:5,start:0,end:0,service time:0,nodes:984,
[task] id:38,start:0,end:0,service time:0,nodes:261,
[task] id:0,start:0,end:0,service time:0,nodes:794,
[task] id:18,start:0,end:0,service time:0,nodes:741,
[task] id:19,start:0,end:0,service time:0,nodes:744,
[task] id:27,start:0,end:0,service time:0,nodes:182,
[task] id:29,start:0,end:0,service time:0,nodes:516,
[task] id:40,start:0,end:0,service time:0,nodes:833,
[task] id:32,start:0,end:0,service time:0,nodes:836,
[task] id:39,start:0,end:0,service time:0,nodes:1134,
[task] id:21,start:0,end:0,service time:0,nodes:10,
[task] id:36,start:0,end:0,service time:0,nodes:841,
[task] id:2,start:0,end:0,service time:0,nodes:852,
[task] id:23,start:0,end:0,service time:0,nodes:154,
[task] id:24,start:0,end:0,service time:0,nodes:1112,
[agent] id:0
path:177,178,179,180,181,182,183,184,185,238,291,344,397,450,503,556,609,662,663,664,665,666,667,668,669,670,671,672,673,674,675,676,677,678,679,680,681,682,683,684,737,790,791,792,793,794,794,794,794,794,794,794,794,794,794,794,794,794,794,794,794,794,794,794,794,794,794,
goal:794,794,794,794,794,794,794,794,794,794,794,794,794,794,794,794,794,794,794,794,794,794,794,794,794,794,794,794,794,794,794,794,794,794,794,794,794,794,794,794,794,794,794,794,794,794,794,794,794,794,794,794,794,794,794,794,794,794,794,794,794,794,794,794,794,794,794,
size:45
[agent] id:1
path:841,842,843,790,737,684,631,578,525,472,419,366,365,364,364,364,364,364,364,364,364,364,364,364,364,364,364,364,364,364,364,364,364,364,364,364,364,364,364,364,364,364,364,364,364,364,364,364,364,364,364,364,364,364,364,364,364,364,364,364,364,364,364,364,364,364,364,
goal:364,364,364,364,364,364,364,364,364,364,364,364,364,364,364,364,364,364,364,364,364,364,364,364,364,364,364,364,364,364,364,364,364,364,364,364,364,364,364,364,364,364,364,364,364,364,364,364,364,364,364,364,364,364,364,364,364,364,364,364,364,364,364,364,364,364,364,
size:13
[agent] id:2
path:633,686,685,684,683,682,681,680,679,678,677,676,675,674,673,726,673,620,567,514,461,408,355,354,353,352,351,350,349,348,347,346,345,344,397,450,503,556,609,662,715,768,821,820,819,818,817,816,815,814,813,812,811,810,809,808,807,806,805,804,803,802,801,800,799,852,852,
goal:852,852,852,852,852,852,852,852,852,852,852,852,852,852,852,852,852,852,852,852,852,852,852,852,852,852,852,852,852,852,852,852,852,852,852,852,852,852,852,852,852,852,852,852,852,852,852,852,852,852,852,852,852,852,852,852,852,852,852,852,852,852,852,852,852,852,852,
size:65
[agent] id:3
path:806,807,808,809,810,757,704,651,598,545,492,493,494,495,496,496,496,496,496,496,496,496,496,496,496,496,496,496,496,496,496,496,496,496,496,496,496,496,496,496,496,496,496,496,496,496,496,496,496,496,496,496,496,496,496,496,496,496,496,496,496,496,496,496,496,496,496,
goal:496,496,496,496,496,496,496,496,496,496,496,496,496,496,496,496,496,496,496,496,496,496,496,496,496,496,496,496,496,496,496,496,496,496,496,496,496,496,496,496,496,496,496,496,496,496,496,496,496,496,496,496,496,496,496,496,496,496,496,496,496,496,496,496,496,496,496,
size:14
[agent] id:4
path:670,671,672,673,620,567,514,513,512,511,510,510,510,510,510,510,510,510,510,510,510,510,510,510,510,510,510,510,510,510,510,510,510,510,510,510,510,510,510,510,510,510,510,510,510,510,510,510,510,510,510,510,510,510,510,510,510,510,510,510,510,510,510,510,510,510,510,
goal:510,510,510,510,510,510,510,510,510,510,510,510,510,510,510,510,510,510,510,510,510,510,510,510,510,510,510,510,510,510,510,510,510,510,510,510,510,510,510,510,510,510,510,510,510,510,510,510,510,510,510,510,510,510,510,510,510,510,510,510,510,510,510,510,510,510,510,
size:10
[agent] id:5
path:314,313,260,207,206,205,204,203,202,201,200,199,198,197,196,195,194,193,192,191,190,189,188,187,186,185,238,291,344,397,450,503,556,609,662,715,768,821,874,927,980,981,982,983,984,984,984,984,984,984,984,984,984,984,984,984,984,984,984,984,984,984,984,984,984,984,984,
goal:984,984,984,984,984,984,984,984,984,984,984,984,984,984,984,984,984,984,984,984,984,984,984,984,984,984,984,984,984,984,984,984,984,984,984,984,984,984,984,984,984,984,984,984,984,984,984,984,984,984,984,984,984,984,984,984,984,984,984,984,984,984,984,984,984,984,984,
size:44
[agent] id:6
path:824,825,826,827,828,829,830,831,831,832,833,834,835,836,837,838,839,840,841,842,843,790,791,792,739,740,740,740,740,740,740,740,740,740,740,740,740,740,740,740,740,740,740,740,740,740,740,740,740,740,740,740,740,740,740,740,740,740,740,740,740,740,740,740,740,740,740,
goal:740,740,740,740,740,740,740,740,740,740,740,740,740,740,740,740,740,740,740,740,740,740,740,740,740,740,740,740,740,740,740,740,740,740,740,740,740,740,740,740,740,740,740,740,740,740,740,740,740,740,740,740,740,740,740,740,740,740,740,740,740,740,740,740,740,740,740,
size:25
[agent] id:7
path:1156,1155,1154,1153,1152,1151,1150,1149,1148,1147,1146,1145,1144,1143,1142,1141,1140,1139,1138,1137,1136,1135,1134,1133,1132,1131,1130,1129,1128,1127,1126,1125,1124,1123,1122,1121,1120,1119,1118,1117,1064,1011,1011,1011,1011,1011,1011,1011,1011,1011,1011,1011,1011,1011,1011,1011,1011,1011,1011,1011,1011,1011,1011,1011,1011,1011,1011,
goal:1011,1011,1011,1011,1011,1011,1011,1011,1011,1011,1011,1011,1011,1011,1011,1011,1011,1011,1011,1011,1011,1011,1011,1011,1011,1011,1011,1011,1011,1011,1011,1011,1011,1011,1011,1011,1011,1011,1011,1011,1011,1011,1011,1011,1011,1011,1011,1011,1011,1011,1011,1011,1011,1011,1011,1011,1011,1011,1011,1011,1011,1011,1011,1011,1011,1011,1011,
size:41
[agent] id:8
path:799,852,905,958,1011,1010,1009,1008,1008,1008,1008,1008,1008,1008,1008,1008,1008,1008,1008,1008,1008,1008,1008,1008,1008,1008,1008,1008,1008,1008,1008,1008,1008,1008,1008,1008,1008,1008,1008,1008,1008,1008,1008,1008,1008,1008,1008,1008,1008,1008,1008,1008,1008,1008,1008,1008,1008,1008,1008,1008,1008,1008,1008,1008,1008,1008,1008,
goal:1008,1008,1008,1008,1008,1008,1008,1008,1008,1008,1008,1008,1008,1008,1008,1008,1008,1008,1008,1008,1008,1008,1008,1008,1008,1008,1008,1008,1008,1008,1008,1008,1008,1008,1008,1008,1008,1008,1008,1008,1008,1008,1008,1008,1008,1008,1008,1008,1008,1008,1008,1008,1008,1008,1008,1008,1008,1008,1008,1008,1008,1008,1008,1008,1008,1008,1008,
size:7
[agent] id:9
path:1022,1022,1022,969,916,863,810,811,812,813,814,815,816,817,818,819,820,821,768,715,662,663,664,665,666,667,668,669,670,671,672,673,726,779,832,833,833,833,833,833,833,833,833,833,833,833,832,779,779,832,833,833,833,833,833,833,833,833,833,833,833,833,833,833,833,833,833,
goal:833,833,833,833,833,833,833,833,833,833,833,833,833,833,833,833,833,833,833,833,833,833,833,833,833,833,833,833,833,833,833,833,833,833,833,833,833,833,833,833,833,833,833,833,833,833,833,833,833,833,833,833,833,833,833,833,833,833,833,833,833,833,833,833,833,833,833,
size:50
[agent] id:10
path:132,185,238,291,344,397,450,503,556,609,662,715,768,821,874,927,980,1033,1086,1139,1138,1137,1136,1135,1134,1133,1132,1131,1130,1129,1128,1127,1126,1125,1124,1123,1122,1121,1120,1120,1120,1120,1120,1120,1120,1120,1120,1120,1120,1120,1120,1120,1120,1120,1120,1120,1120,1120,1120,1120,1120,1120,1120,1120,1120,1120,1120,
goal:1120,1120,1120,1120,1120,1120,1120,1120,1120,1120,1120,1120,1120,1120,1120,1120,1120,1120,1120,1120,1120,1120,1120,1120,1120,1120,1120,1120,1120,1120,1120,1120,1120,1120,1120,1120,1120,1120,1120,1120,1120,1120,1120,1120,1120,1120,1120,1120,1120,1120,1120,1120,1120,1120,1120,1120,1120,1120,1120,1120,1120,1120,1120,1120,1120,1120,1120,
size:38
[agent] id:11
path:845,792,739,686,633,580,527,474,421,368,315,262,209,208,207,206,205,204,203,202,201,200,200,200,200,200,200,200,200,200,200,200,200,200,200,200,200,200,200,200,200,200,200,200,200,200,200,200,200,200,200,200,200,200,200,200,200,200,200,200,200,200,200,200,200,200,200,
goal:200,200,200,200,200,200,200,200,200,200,200,200,200,200,200,200,200,200,200,200,200,200,200,200,200,200,200,200,200,200,200,200,200,200,200,200,200,200,200,200,200,200,200,200,200,200,200,200,200,200,200,200,200,200,200,200,200,200,200,200,200,200,200,200,200,200,200,
size:21
[agent] id:12
path:964,963,962,961,960,959,958,905,852,799,746,693,692,639,586,533,480,427,374,321,268,215,214,213,212,212,212,212,212,212,212,212,212,212,212,212,212,212,212,212,212,212,212,212,212,212,212,212,212,212,212,212,212,212,212,212,212,212,212,212,212,212,212,212,212,212,212,
goal:212,212,212,212,212,212,212,212,212,212,212,212,212,212,212,212,212,212,212,212,212,212,212,212,212,212,212,212,212,212,212,212,212,212,212,212,212,212,212,212,212,212,212,212,212,212,212,212,212,212,212,212,212,212,212,212,212,212,212,212,212,212,212,212,212,212,212,
size:24
[agent] id:13
path:968,969,969,916,863,810,811,812,813,814,815,816,817,818,819,820,821,874,927,980,1033,1086,1139,1140,1141,1141,1141,1141,1141,1141,1141,1141,1141,1141,1141,1141,1141,1141,1141,1141,1141,1141,1141,1141,1141,1141,1141,1141,1141,1141,1141,1141,1141,1141,1141,1141,1141,1141,1141,1141,1141,1141,1141,1141,1141,1141,1141,
goal:1141,1141,1141,1141,1141,1141,1141,1141,1141,1141,1141,1141,1141,1141,1141,1141,1141,1141,1141,1141,1141,1141,1141,1141,1141,1141,1141,1141,1141,1141,1141,1141,1141,1141,1141,1141,1141,1141,1141,1141,1141,1141,1141,1141,1141,1141,1141,1141,1141,1141,1141,1141,1141,1141,1141,1141,1141,1141,1141,1141,1141,1141,1141,1141,1141,1141,1141,
size:24
[agent] id:14
path:14,15,16,17,18,19,20,21,22,23,24,25,26,27,28,29,30,31,32,33,34,35,35,35,35,35,35,35,35,35,35,35,35,35,35,35,35,35,35,35,35,35,35,35,35,35,35,35,35,35,35,35,35,35,35,35,35,35,35,35,35,35,35,35,35,35,35,
goal:35,35,35,35,35,35,35,35,35,35,35,35,35,35,35,35,35,35,35,35,35,35,35,35,35,35,35,35,35,35,35,35,35,35,35,35,35,35,35,35,35,35,35,35,35,35,35,35,35,35,35,35,35,35,35,35,35,35,35,35,35,35,35,35,35,35,35,
size:21
[agent] id:15
path:156,103,50,49,48,47,46,45,44,43,42,41,41,41,41,41,41,41,41,41,41,41,41,41,41,41,41,41,41,41,41,41,41,41,41,41,41,41,41,41,41,41,41,41,41,41,41,41,41,41,41,41,41,41,41,41,41,41,41,41,41,41,41,41,41,41,41,
goal:41,41,41,41,41,41,41,41,41,41,41,41,41,41,41,41,41,41,41,41,41,41,41,41,41,41,41,41,41,41,41,41,41,41,41,41,41,41,41,41,41,41,41,41,41,41,41,41,41,41,41,41,41,41,41,41,41,41,41,41,41,41,41,41,41,41,41,
size:11
[agent] id:16
path:362,361,360,359,358,357,356,355,408,461,514,567,620,673,726,779,832,885,938,991,992,992,992,992,992,992,992,992,992,992,992,992,992,992,992,992,992,992,992,992,992,992,992,992,992,992,992,992,992,992,992,992,992,992,992,992,992,992,992,992,992,992,992,992,992,992,992,
goal:992,992,992,992,992,992,992,992,992,992,992,992,992,992,992,992,992,992,992,992,992,992,992,992,992,992,992,992,992,992,992,992,992,992,992,992,992,992,992,992,992,992,992,992,992,992,992,992,992,992,992,992,992,992,992,992,992,992,992,992,992,992,992,992,992,992,992,
size:20
[agent] id:17
path:346,347,348,349,350,351,352,353,354,355,302,249,196,143,143,143,143,143,143,143,143,143,143,143,143,143,143,143,143,143,143,143,143,143,143,143,143,143,143,143,143,143,143,143,143,143,143,143,143,143,143,143,143,143,143,143,143,143,143,143,143,143,143,143,143,143,143,
goal:143,143,143,143,143,143,143,143,143,143,143,143,143,143,143,143,143,143,143,143,143,143,143,143,143,143,143,143,143,143,143,143,143,143,143,143,143,143,143,143,143,143,143,143,143,143,143,143,143,143,143,143,143,143,143,143,143,143,143,143,143,143,143,143,143,143,143,
size:13
[agent] id:18
path:336,337,338,339,340,341,342,343,343,344,345,346,347,348,349,350,351,352,353,354,355,302,302,355,408,461,514,567,620,673,674,675,676,677,678,679,680,681,682,683,684,685,686,687,688,741,741,741,741,741,741,741,741,741,741,741,741,741,741,741,741,741,741,741,741,741,741,
goal:741,741,741,741,741,741,741,741,741,741,741,741,741,741,741,741,741,741,741,741,741,741,741,741,741,741,741,741,741,741,741,741,741,741,741,741,741,741,741,741,741,741,741,741,741,741,741,741,741,741,741,741,741,741,741,741,741,741,741,741,741,741,741,741,741,741,741,
size:45
[agent] id:19
path:192,191,190,189,188,187,186,185,186,186,185,238,291,344,343,342,341,340,339,338,337,336,335,334,333,386,439,492,545,598,651,650,649,648,647,646,645,644,643,642,641,640,693,746,745,744,744,744,744,744,744,744,744,744,744,744,744,744,744,744,744,744,744,744,744,744,744,
goal:744,744,744,744,744,744,744,744,744,744,744,744,744,744,744,744,744,744,744,744,744,744,744,744,744,744,744,744,744,744,744,744,744,744,744,744,744,744,744,744,744,744,744,744,744,744,744,744,744,744,744,744,744,744,744,744,744,744,744,744,744,744,744,744,744,744,744,
size:45
[agent] id:20
path:1005,952,899,846,793,740,739,738,738,738,738,738,738,738,738,738,738,738,738,738,738,738,738,738,738,738,738,738,738,738,738,738,738,738,738,738,738,738,738,738,738,738,738,738,738,738,738,738,738,738,738,738,738,738,738,738,738,738,738,738,738,738,738,738,738,738,738,
goal:738,738,738,738,738,738,738,738,738,738,738,738,738,738,738,738,738,738,738,738,738,738,738,738,738,738,738,738,738,738,738,738,738,738,738,738,738,738,738,738,738,738,738,738,738,738,738,738,738,738,738,738,738,738,738,738,738,738,738,738,738,738,738,738,738,738,738,
size:7
[agent] id:21
path:1150,1097,1044,991,990,989,988,987,987,988,989,990,991,938,885,832,831,830,829,828,827,826,825,824,823,822,821,768,715,662,661,660,659,658,657,656,655,654,653,652,651,598,545,492,439,386,333,280,227,174,121,68,15,14,13,12,11,10,10,10,10,10,10,10,10,10,10,
goal:10,10,10,10,10,10,10,10,10,10,10,10,10,10,10,10,10,10,10,10,10,10,10,10,10,10,10,10,10,10,10,10,10,10,10,10,10,10,10,10,10,10,10,10,10,10,10,10,10,10,10,10,10,10,10,10,10,10,10,10,10,10,10,10,10,10,10,
size:57
[agent] id:22
path:371,318,265,212,159,106,53,0,1,2,3,4,5,6,7,8,9,10,11,12,13,14,15,16,17,17,17,17,17,17,17,17,17,17,17,17,17,17,17,17,17,17,17,17,17,17,17,17,17,17,17,17,17,17,17,17,17,17,17,17,17,17,17,17,17,17,17,
goal:17,17,17,17,17,17,17,17,17,17,17,17,17,17,17,17,17,17,17,17,17,17,17,17,17,17,17,17,17,17,17,17,17,17,17,17,17,17,17,17,17,17,17,17,17,17,17,17,17,17,17,17,17,17,17,17,17,17,17,17,17,17,17,17,17,17,17,
size:24
[agent] id:23
path:1061,1008,955,902,849,796,797,798,799,800,801,802,803,804,805,806,807,808,809,810,811,812,813,814,815,816,817,818,819,820,821,768,715,662,663,664,665,666,667,668,669,670,671,672,673,674,675,676,677,678,679,680,681,682,683,684,631,578,525,472,419,366,313,260,207,154,154,
goal:154,154,154,154,154,154,154,154,154,154,154,154,154,154,154,154,154,154,154,154,154,154,154,154,154,154,154,154,154,154,154,154,154,154,154,154,154,154,154,154,154,154,154,154,154,154,154,154,154,154,154,154,154,154,154,154,154,154,154,154,154,154,154,154,154,154,154,
size:65
[agent] id:24
path:480,533,586,639,692,745,798,799,800,801,802,803,804,805,806,807,808,809,810,863,916,863,810,811,812,813,814,815,816,817,818,819,820,821,822,823,824,825,826,827,828,829,830,831,832,885,938,991,1044,1097,1150,1151,1152,1153,1154,1155,1156,1157,1158,1159,1160,1161,1108,1109,1110,1111,1112,
goal:1112,1112,1112,1112,1112,1112,1112,1112,1112,1112,1112,1112,1112,1112,1112,1112,1112,1112,1112,1112,1112,1112,1112,1112,1112,1112,1112,1112,1112,1112,1112,1112,1112,1112,1112,1112,1112,1112,1112,1112,1112,1112,1112,1112,1112,1112,1112,1112,1112,1112,1112,1112,1112,1112,1112,1112,1112,1112,1112,1112,1112,1112,1112,1112,1112,1112,1112,
size:66
[agent] id:25
path:1136,1137,1138,1139,1086,1033,980,981,982,983,984,985,985,985,985,985,985,985,985,985,985,985,985,985,985,985,985,985,985,985,985,985,985,985,985,985,985,985,985,985,985,985,985,985,985,985,985,985,985,985,985,985,985,985,985,985,985,985,985,985,985,985,985,985,985,985,985,
goal:985,985,985,985,985,985,985,985,985,985,985,985,985,985,985,985,985,985,985,985,985,985,985,985,985,985,985,985,985,985,985,985,985,985,985,985,985,985,985,985,985,985,985,985,985,985,985,985,985,985,985,985,985,985,985,985,985,985,985,985,985,985,985,985,985,985,985,
size:11
[agent] id:26
path:678,677,676,675,674,673,726,779,832,885,938,991,1044,1097,1150,1149,1148,1148,1148,1148,1148,1148,1148,1148,1148,1148,1148,1148,1148,1148,1148,1148,1148,1148,1148,1148,1148,1148,1148,1148,1148,1148,1148,1148,1148,1148,1148,1148,1148,1148,1148,1148,1148,1148,1148,1148,1148,1148,1148,1148,1148,1148,1148,1148,1148,1148,1148,
goal:1148,1148,1148,1148,1148,1148,1148,1148,1148,1148,1148,1148,1148,1148,1148,1148,1148,1148,1148,1148,1148,1148,1148,1148,1148,1148,1148,1148,1148,1148,1148,1148,1148,1148,1148,1148,1148,1148,1148,1148,1148,1148,1148,1148,1148,1148,1148,1148,1148,1148,1148,1148,1148,1148,1148,1148,1148,1148,1148,1148,1148,1148,1148,1148,1148,1148,1148,
size:16
[agent] id:27
path:1145,1144,1143,1142,1141,1140,1139,1086,1033,980,979,978,977,976,975,974,973,972,971,970,969,916,863,810,757,704,651,598,598,651,704,651,598,545,492,439,386,333,280,227,174,175,176,177,178,179,180,181,182,182,182,182,182,182,182,182,182,182,182,182,182,182,182,182,182,182,182,
goal:182,182,182,182,182,182,182,182,182,182,182,182,182,182,182,182,182,182,182,182,182,182,182,182,182,182,182,182,182,182,182,182,182,182,182,182,182,182,182,182,182,182,182,182,182,182,182,182,182,182,182,182,182,182,182,182,182,182,182,182,182,182,182,182,182,182,182,
size:48
[agent] id:28
path:189,188,187,186,185,238,185,132,132,185,238,291,344,343,342,341,340,339,338,337,336,335,334,333,332,332,332,332,332,332,332,332,332,332,332,332,332,332,332,332,332,332,332,332,332,332,332,332,332,332,332,332,332,332,332,332,332,332,332,332,332,332,332,332,332,332,332,
goal:332,332,332,332,332,332,332,332,332,332,332,332,332,332,332,332,332,332,332,332,332,332,332,332,332,332,332,332,332,332,332,332,332,332,332,332,332,332,332,332,332,332,332,332,332,332,332,332,332,332,332,332,332,332,332,332,332,332,332,332,332,332,332,332,332,332,332,
size:24
[agent] id:29
path:53,54,55,56,57,4,5,6,7,8,9,10,11,12,13,14,15,16,17,18,19,20,21,22,23,24,25,26,79,132,185,186,187,188,189,190,191,192,193,194,195,196,249,302,355,408,461,514,515,516,516,516,516,516,516,516,516,516,516,516,516,516,516,516,516,516,516,
goal:516,516,516,516,516,516,516,516,516,516,516,516,516,516,516,516,516,516,516,516,516,516,516,516,516,516,516,516,516,516,516,516,516,516,516,516,516,516,516,516,516,516,516,516,516,516,516,516,516,516,516,516,516,516,516,516,516,516,516,516,516,516,516,516,516,516,516,
size:49
[agent] id:30
path:896,843,790,737,684,631,578,525,472,419,366,313,260,207,154,101,102,102,102,102,102,102,102,102,102,102,102,102,102,102,102,102,102,102,102,102,102,102,102,102,102,102,102,102,102,102,102,102,102,102,102,102,102,102,102,102,102,102,102,102,102,102,102,102,102,102,102,
goal:102,102,102,102,102,102,102,102,102,102,102,102,102,102,102,102,102,102,102,102,102,102,102,102,102,102,102,102,102,102,102,102,102,102,102,102,102,102,102,102,102,102,102,102,102,102,102,102,102,102,102,102,102,102,102,102,102,102,102,102,102,102,102,102,102,102,102,
size:16
[agent] id:31
path:79,132,185,238,291,344,397,450,503,556,609,662,661,660,659,658,657,656,655,654,653,652,651,598,545,492,491,490,489,488,487,486,486,486,486,486,486,486,486,486,486,486,486,486,486,486,486,486,486,486,486,486,486,486,486,486,486,486,486,486,486,486,486,486,486,486,486,
goal:486,486,486,486,486,486,486,486,486,486,486,486,486,486,486,486,486,486,486,486,486,486,486,486,486,486,486,486,486,486,486,486,486,486,486,486,486,486,486,486,486,486,486,486,486,486,486,486,486,486,486,486,486,486,486,486,486,486,486,486,486,486,486,486,486,486,486,
size:31
[agent] id:32
path:57,110,163,216,269,322,375,428,481,534,587,640,693,746,799,800,801,802,803,804,805,806,807,808,809,810,811,812,813,814,815,816,817,818,819,820,821,822,823,824,825,826,827,828,829,830,831,832,833,834,835,836,836,836,836,836,836,836,836,836,836,836,836,836,836,836,836,
goal:836,836,836,836,836,836,836,836,836,836,836,836,836,836,836,836,836,836,836,836,836,836,836,836,836,836,836,836,836,836,836,836,836,836,836,836,836,836,836,836,836,836,836,836,836,836,836,836,836,836,836,836,836,836,836,836,836,836,836,836,836,836,836,836,836,836,836,
size:51
[agent] id:33
path:671,672,673,620,567,514,513,512,511,510,509,508,507,506,505,504,503,502,502,503,556,609,662,715,768,821,874,927,980,1033,1086,1139,1138,1137,1136,1135,1134,1133,1132,1131,1130,1129,1128,1127,1127,1127,1127,1127,1127,1127,1127,1127,1127,1127,1127,1127,1127,1127,1127,1127,1127,1127,1127,1127,1127,1127,1127,
goal:1127,1127,1127,1127,1127,1127,1127,1127,1127,1127,1127,1127,1127,1127,1127,1127,1127,1127,1127,1127,1127,1127,1127,1127,1127,1127,1127,1127,1127,1127,1127,1127,1127,1127,1127,1127,1127,1127,1127,1127,1127,1127,1127,1127,1127,1127,1127,1127,1127,1127,1127,1127,1127,1127,1127,1127,1127,1127,1127,1127,1127,1127,1127,1127,1127,1127,1127,
size:43
[agent] id:34
path:1128,1127,1126,1125,1124,1123,1122,1121,1120,1119,1118,1117,1116,1115,1115,1115,1115,1115,1115,1115,1115,1115,1115,1115,1115,1115,1115,1115,1115,1115,1115,1115,1115,1115,1115,1115,1115,1115,1115,1115,1115,1115,1115,1115,1115,1115,1115,1115,1115,1115,1115,1115,1115,1115,1115,1115,1115,1115,1115,1115,1115,1115,1115,1115,1115,1115,1115,
goal:1115,1115,1115,1115,1115,1115,1115,1115,1115,1115,1115,1115,1115,1115,1115,1115,1115,1115,1115,1115,1115,1115,1115,1115,1115,1115,1115,1115,1115,1115,1115,1115,1115,1115,1115,1115,1115,1115,1115,1115,1115,1115,1115,1115,1115,1115,1115,1115,1115,1115,1115,1115,1115,1115,1115,1115,1115,1115,1115,1115,1115,1115,1115,1115,1115,1115,1115,
size:13
[agent] id:35
path:319,372,425,478,531,584,637,690,743,796,849,902,955,956,957,958,959,960,961,962,963,964,965,966,967,968,969,969,969,969,969,969,969,969,969,969,969,969,969,969,969,969,969,969,969,969,969,969,969,969,969,969,969,969,969,969,969,969,969,969,969,969,969,969,969,969,969,
goal:969,969,969,969,969,969,969,969,969,969,969,969,969,969,969,969,969,969,969,969,969,969,969,969,969,969,969,969,969,969,969,969,969,969,969,969,969,969,969,969,969,969,969,969,969,969,969,969,969,969,969,969,969,969,969,969,969,969,969,969,969,969,969,969,969,969,969,
size:26
[agent] id:36
path:1121,1120,1119,1118,1117,1064,1011,958,905,852,799,800,801,802,803,804,805,806,807,808,809,810,811,812,813,814,815,816,817,818,819,820,821,822,823,824,825,826,827,828,829,830,831,832,779,726,673,674,675,676,677,678,679,680,681,682,683,684,737,790,843,842,841,841,841,841,841,
goal:841,841,841,841,841,841,841,841,841,841,841,841,841,841,841,841,841,841,841,841,841,841,841,841,841,841,841,841,841,841,841,841,841,841,841,841,841,841,841,841,841,841,841,841,841,841,841,841,841,841,841,841,841,841,841,841,841,841,841,841,841,841,841,841,841,841,841,
size:62
[agent] id:37
path:506,505,504,503,556,609,662,715,768,821,874,927,980,1033,1086,1139,1138,1137,1136,1135,1134,1133,1132,1131,1130,1129,1128,1128,1075,1075,1075,1128,1127,1126,1125,1124,1124,1124,1124,1124,1124,1124,1124,1124,1124,1124,1124,1124,1124,1124,1124,1124,1124,1124,1124,1124,1124,1124,1124,1124,1124,1124,1124,1124,1124,1124,1124,
goal:1124,1124,1124,1124,1124,1124,1124,1124,1124,1124,1124,1124,1124,1124,1124,1124,1124,1124,1124,1124,1124,1124,1124,1124,1124,1124,1124,1124,1124,1124,1124,1124,1124,1124,1124,1124,1124,1124,1124,1124,1124,1124,1124,1124,1124,1124,1124,1124,1124,1124,1124,1124,1124,1124,1124,1124,1124,1124,1124,1124,1124,1124,1124,1124,1124,1124,1124,
size:35
[agent] id:38
path:334,335,336,337,338,339,340,341,342,343,344,345,346,347,348,349,350,351,352,353,354,355,356,356,355,408,461,514,515,516,517,518,519,520,521,522,523,524,525,472,419,366,313,260,261,261,261,261,261,261,261,261,261,261,261,261,261,261,261,261,261,261,261,261,261,261,261,
goal:261,261,261,261,261,261,261,261,261,261,261,261,261,261,261,261,261,261,261,261,261,261,261,261,261,261,261,261,261,261,261,261,261,261,261,261,261,261,261,261,261,261,261,261,261,261,261,261,261,261,261,261,261,261,261,261,261,261,261,261,261,261,261,261,261,261,261,
size:44
[agent] id:39
path:524,523,522,521,520,519,518,517,516,515,515,514,461,408,355,302,249,196,195,194,193,192,191,190,189,188,187,186,185,238,291,344,397,450,503,556,609,662,715,768,821,874,927,980,1033,1086,1139,1138,1137,1136,1135,1134,1134,1134,1134,1134,1134,1134,1134,1134,1134,1134,1134,1134,1134,1134,1134,
goal:1134,1134,1134,1134,1134,1134,1134,1134,1134,1134,1134,1134,1134,1134,1134,1134,1134,1134,1134,1134,1134,1134,1134,1134,1134,1134,1134,1134,1134,1134,1134,1134,1134,1134,1134,1134,1134,1134,1134,1134,1134,1134,1134,1134,1134,1134,1134,1134,1134,1134,1134,1134,1134,1134,1134,1134,1134,1134,1134,1134,1134,1134,1134,1134,1134,1134,1134,
size:51
SolutionCost:1315
