[setting] seed:2
[solver] type:ECBS
[solver] w:5.250000
[solver] ID:0
[solver] Lowlevelnode:32324
[solver] solved:1
[solver] elapsed:525
[solver] makespan:69
[problem] timesteplimit:10000
[problem] type:MAPF
[problem] agentnum:30
[graph] width:53
[graph] height:22
[graph] filename:./map/kivalike.map
[task] id:9,start:0,end:0,service time:0,nodes:1056,
[task] id:23,start:0,end:0,service time:0,nodes:423,
[task] id:25,start:0,end:0,service time:0,nodes:351,
[task] id:2,start:0,end:0,service time:0,nodes:103,
[task] id:7,start:0,end:0,service time:0,nodes:479,
[task] id:4,start:0,end:0,service time:0,nodes:1141,
[task] id:6,start:0,end:0,service time:0,nodes:369,
[task] id:11,start:0,end:0,service time:0,nodes:332,
[task] id:0,start:0,end:0,service time:0,nodes:668,
[task] id:5,start:0,end:0,service time:0,nodes:679,
[task] id:20,start:0,end:0,service time:0,nodes:512,
[task] id:27,start:0,end:0,service time:0,nodes:900,
[task] id:29,start:0,end:0,service time:0,nodes:1108,
[task] id:28,start:0,end:0,service time:0,nodes:106,
[task] id:3,start:0,end:0,service time:0,nodes:321,
[task] id:24,start:0,end:0,service time:0,nodes:492,
[task] id:14,start:0,end:0,service time:0,nodes:672,
[task] id:10,start:0,end:0,service time:0,nodes:36,
[task] id:17,start:0,end:0,service time:0,nodes:1154,
[task] id:21,start:0,end:0,service time:0,nodes:1004,
[task] id:15,start:0,end:0,service time:0,nodes:15,
[task] id:18,start:0,end:0,service time:0,nodes:26,
[task] id:22,start:0,end:0,service time:0,nodes:815,
[task] id:26,start:0,end:0,service time:0,nodes:173,
[task] id:8,start:0,end:0,service time:0,nodes:1146,
[task] id:12,start:0,end:0,service time:0,nodes:1064,
[task] id:19,start:0,end:0,service time:0,nodes:208,
[task] id:16,start:0,end:0,service time:0,nodes:318,
[task] id:1,start:0,end:0,service time:0,nodes:266,
[task] id:13,start:0,end:0,service time:0,nodes:102,
[agent] id:0
path:1137,1138,1139,1086,1033,980,927,874,821,768,715,662,663,664,665,666,667,668,668,668,668,668,668,668,668,668,668,668,668,668,668,668,668,668,668,668,668,668,668,668,668,668,668,668,668,668,668,668,668,668,668,668,668,668,668,668,668,668,668,668,668,668,668,668,668,668,668,668,668,668,
goal:668,668,668,668,668,668,668,668,668,668,668,668,668,668,668,668,668,668,668,668,668,668,668,668,668,668,668,668,668,668,668,668,668,668,668,668,668,668,668,668,668,668,668,668,668,668,668,668,668,668,668,668,668,668,668,668,668,668,668,668,668,668,668,668,668,668,668,668,668,668,
size:17
[agent] id:1
path:582,529,528,527,526,525,524,523,522,521,520,519,518,517,516,515,514,513,512,511,510,509,508,507,506,505,504,503,450,397,344,343,342,341,340,339,338,337,336,335,334,333,280,227,174,173,172,171,170,169,168,167,166,165,164,163,216,269,268,267,266,266,266,266,266,266,266,266,266,266,
goal:266,266,266,266,266,266,266,266,266,266,266,266,266,266,266,266,266,266,266,266,266,266,266,266,266,266,266,266,266,266,266,266,266,266,266,266,266,266,266,266,266,266,266,266,266,266,266,266,266,266,266,266,266,266,266,266,266,266,266,266,266,266,266,266,266,266,266,266,266,266,
size:60
[agent] id:2
path:421,368,315,262,209,156,103,103,103,103,103,103,103,103,103,103,103,103,103,103,103,103,103,103,103,103,103,103,103,103,103,103,103,103,103,103,103,103,103,103,103,103,103,103,103,103,103,103,103,103,103,103,103,103,103,103,103,103,103,103,103,103,103,103,103,103,103,103,103,103,
goal:103,103,103,103,103,103,103,103,103,103,103,103,103,103,103,103,103,103,103,103,103,103,103,103,103,103,103,103,103,103,103,103,103,103,103,103,103,103,103,103,103,103,103,103,103,103,103,103,103,103,103,103,103,103,103,103,103,103,103,103,103,103,103,103,103,103,103,103,103,103,
size:6
[agent] id:3
path:659,658,657,656,655,654,653,652,651,598,545,492,491,490,489,488,487,486,485,484,483,482,481,428,375,322,321,321,321,321,321,321,321,321,321,321,321,321,321,321,321,321,321,321,321,321,321,321,321,321,321,321,321,321,321,321,321,321,321,321,321,321,321,321,321,321,321,321,321,321,
goal:321,321,321,321,321,321,321,321,321,321,321,321,321,321,321,321,321,321,321,321,321,321,321,321,321,321,321,321,321,321,321,321,321,321,321,321,321,321,321,321,321,321,321,321,321,321,321,321,321,321,321,321,321,321,321,321,321,321,321,321,321,321,321,321,321,321,321,321,321,321,
size:26
[agent] id:4
path:973,974,975,976,977,978,979,980,1033,1086,1139,1140,1141,1141,1141,1141,1141,1141,1141,1141,1141,1141,1141,1141,1141,1141,1141,1141,1141,1141,1141,1141,1141,1141,1141,1141,1141,1141,1141,1141,1141,1141,1141,1141,1141,1141,1141,1141,1141,1141,1141,1141,1141,1141,1141,1141,1141,1141,1141,1141,1141,1141,1141,1141,1141,1141,1141,1141,1141,1141,
goal:1141,1141,1141,1141,1141,1141,1141,1141,1141,1141,1141,1141,1141,1141,1141,1141,1141,1141,1141,1141,1141,1141,1141,1141,1141,1141,1141,1141,1141,1141,1141,1141,1141,1141,1141,1141,1141,1141,1141,1141,1141,1141,1141,1141,1141,1141,1141,1141,1141,1141,1141,1141,1141,1141,1141,1141,1141,1141,1141,1141,1141,1141,1141,1141,1141,1141,1141,1141,1141,1141,
size:12
[agent] id:5
path:984,985,986,987,988,989,990,991,938,885,832,779,726,673,674,675,676,677,678,679,679,679,679,679,679,679,679,679,679,679,679,679,679,679,679,679,679,679,679,679,679,679,679,679,679,679,679,679,679,679,679,679,679,679,679,679,679,679,679,679,679,679,679,679,679,679,679,679,679,679,
goal:679,679,679,679,679,679,679,679,679,679,679,679,679,679,679,679,679,679,679,679,679,679,679,679,679,679,679,679,679,679,679,679,679,679,679,679,679,679,679,679,679,679,679,679,679,679,679,679,679,679,679,679,679,679,679,679,679,679,679,679,679,679,679,679,679,679,679,679,679,679,
size:19
[agent] id:6
path:1111,1058,1005,952,899,846,793,740,687,634,581,528,475,422,369,369,369,369,369,369,369,369,369,369,369,369,369,369,369,369,369,369,369,369,369,369,369,369,369,369,369,369,369,369,369,369,369,369,369,369,369,369,369,369,369,369,369,369,369,369,369,369,369,369,369,369,369,369,369,369,
goal:369,369,369,369,369,369,369,369,369,369,369,369,369,369,369,369,369,369,369,369,369,369,369,369,369,369,369,369,369,369,369,369,369,369,369,369,369,369,369,369,369,369,369,369,369,369,369,369,369,369,369,369,369,369,369,369,369,369,369,369,369,369,369,369,369,369,369,369,369,369,
size:14
[agent] id:7
path:797,744,691,638,585,532,479,479,479,479,479,479,479,479,479,479,479,479,479,479,479,479,479,479,479,479,479,479,479,479,479,479,479,479,479,479,479,479,479,479,479,479,479,479,479,479,479,479,479,479,479,479,479,479,479,479,479,479,479,479,479,479,479,479,479,479,479,479,479,479,
goal:479,479,479,479,479,479,479,479,479,479,479,479,479,479,479,479,479,479,479,479,479,479,479,479,479,479,479,479,479,479,479,479,479,479,479,479,479,479,479,479,479,479,479,479,479,479,479,479,479,479,479,479,479,479,479,479,479,479,479,479,479,479,479,479,479,479,479,479,479,479,
size:6
[agent] id:8
path:644,645,646,647,648,649,650,651,704,757,810,811,812,813,814,815,816,817,818,819,820,821,874,927,980,1033,1086,1139,1140,1139,1086,1033,980,981,982,983,984,985,986,987,988,989,990,991,1044,1097,1150,1149,1148,1147,1146,1146,1146,1146,1146,1146,1146,1146,1146,1146,1146,1146,1146,1146,1146,1146,1146,1146,1146,1146,
goal:1146,1146,1146,1146,1146,1146,1146,1146,1146,1146,1146,1146,1146,1146,1146,1146,1146,1146,1146,1146,1146,1146,1146,1146,1146,1146,1146,1146,1146,1146,1146,1146,1146,1146,1146,1146,1146,1146,1146,1146,1146,1146,1146,1146,1146,1146,1146,1146,1146,1146,1146,1146,1146,1146,1146,1146,1146,1146,1146,1146,1146,1146,1146,1146,1146,1146,1146,1146,1146,1146,
size:50
[agent] id:9
path:1162,1109,1056,1056,1056,1056,1056,1056,1056,1056,1056,1056,1056,1056,1056,1056,1056,1056,1056,1056,1056,1056,1056,1056,1056,1056,1056,1056,1056,1056,1056,1056,1056,1056,1056,1056,1056,1056,1056,1056,1056,1056,1056,1056,1056,1056,1056,1056,1056,1056,1056,1056,1056,1056,1056,1056,1056,1056,1056,1056,1056,1056,1056,1056,1056,1056,1056,1056,1056,1056,
goal:1056,1056,1056,1056,1056,1056,1056,1056,1056,1056,1056,1056,1056,1056,1056,1056,1056,1056,1056,1056,1056,1056,1056,1056,1056,1056,1056,1056,1056,1056,1056,1056,1056,1056,1056,1056,1056,1056,1056,1056,1056,1056,1056,1056,1056,1056,1056,1056,1056,1056,1056,1056,1056,1056,1056,1056,1056,1056,1056,1056,1056,1056,1056,1056,1056,1056,1056,1056,1056,1056,
size:2
[agent] id:10
path:1158,1157,1156,1155,1154,1153,1152,1151,1150,1097,1044,991,938,885,832,779,726,673,620,567,514,461,408,355,302,249,196,143,90,37,36,36,36,36,36,36,36,36,36,36,36,36,36,36,36,36,36,36,36,36,36,36,36,36,36,36,36,36,36,36,36,36,36,36,36,36,36,36,36,36,
goal:36,36,36,36,36,36,36,36,36,36,36,36,36,36,36,36,36,36,36,36,36,36,36,36,36,36,36,36,36,36,36,36,36,36,36,36,36,36,36,36,36,36,36,36,36,36,36,36,36,36,36,36,36,36,36,36,36,36,36,36,36,36,36,36,36,36,36,36,36,36,
size:30
[agent] id:11
path:265,318,319,320,321,322,323,324,325,326,327,328,329,330,331,332,332,332,332,332,332,332,332,332,332,332,332,332,332,332,332,332,332,332,332,332,332,332,332,332,332,332,332,332,332,332,332,332,332,332,332,332,332,332,332,332,332,332,332,332,332,332,332,332,332,332,332,332,332,332,
goal:332,332,332,332,332,332,332,332,332,332,332,332,332,332,332,332,332,332,332,332,332,332,332,332,332,332,332,332,332,332,332,332,332,332,332,332,332,332,332,332,332,332,332,332,332,332,332,332,332,332,332,332,332,332,332,332,332,332,332,332,332,332,332,332,332,332,332,332,332,332,
size:15
[agent] id:12
path:579,632,685,738,791,844,843,842,841,840,839,838,837,836,835,834,833,833,832,831,830,829,828,827,826,825,824,823,822,821,820,819,818,817,816,815,814,813,812,811,810,863,916,969,968,967,966,965,964,963,962,961,960,959,958,1011,1064,1064,1064,1064,1064,1064,1064,1064,1064,1064,1064,1064,1064,1064,
goal:1064,1064,1064,1064,1064,1064,1064,1064,1064,1064,1064,1064,1064,1064,1064,1064,1064,1064,1064,1064,1064,1064,1064,1064,1064,1064,1064,1064,1064,1064,1064,1064,1064,1064,1064,1064,1064,1064,1064,1064,1064,1064,1064,1064,1064,1064,1064,1064,1064,1064,1064,1064,1064,1064,1064,1064,1064,1064,1064,1064,1064,1064,1064,1064,1064,1064,1064,1064,1064,1064,
size:56
[agent] id:13
path:1113,1060,1007,954,901,848,795,742,689,636,583,530,477,424,371,318,265,212,159,160,161,162,163,164,165,166,167,168,169,170,171,172,173,174,175,176,177,178,179,180,181,182,183,184,185,186,187,188,189,190,191,192,193,194,195,196,197,198,199,200,201,202,203,204,205,206,207,154,101,102,
goal:102,102,102,102,102,102,102,102,102,102,102,102,102,102,102,102,102,102,102,102,102,102,102,102,102,102,102,102,102,102,102,102,102,102,102,102,102,102,102,102,102,102,102,102,102,102,102,102,102,102,102,102,102,102,102,102,102,102,102,102,102,102,102,102,102,102,102,102,102,102,
size:69
[agent] id:14
path:1058,1005,952,899,846,793,740,739,738,737,790,843,842,841,840,839,838,837,836,835,834,833,833,832,779,726,673,672,672,672,672,672,672,672,672,672,672,672,672,672,672,672,672,672,672,672,672,672,672,672,672,672,672,672,672,672,672,672,672,672,672,672,672,672,672,672,672,672,672,672,
goal:672,672,672,672,672,672,672,672,672,672,672,672,672,672,672,672,672,672,672,672,672,672,672,672,672,672,672,672,672,672,672,672,672,672,672,672,672,672,672,672,672,672,672,672,672,672,672,672,672,672,672,672,672,672,672,672,672,672,672,672,672,672,672,672,672,672,672,672,672,672,
size:27
[agent] id:15
path:684,631,578,525,472,419,366,313,260,207,154,101,48,47,46,45,44,43,42,41,40,39,38,37,36,35,34,33,32,31,30,29,28,27,26,25,24,23,22,21,20,19,18,17,16,15,15,15,15,15,15,15,15,15,15,15,15,15,15,15,15,15,15,15,15,15,15,15,15,15,
goal:15,15,15,15,15,15,15,15,15,15,15,15,15,15,15,15,15,15,15,15,15,15,15,15,15,15,15,15,15,15,15,15,15,15,15,15,15,15,15,15,15,15,15,15,15,15,15,15,15,15,15,15,15,15,15,15,15,15,15,15,15,15,15,15,15,15,15,15,15,15,
size:45
[agent] id:16
path:364,363,362,361,360,359,358,357,356,355,408,461,514,513,512,511,510,509,508,507,506,505,504,503,450,397,344,343,342,341,340,339,338,337,336,335,334,333,280,227,174,173,172,171,170,169,168,167,166,165,164,163,216,215,214,213,212,265,318,318,318,318,318,318,318,318,318,318,318,318,
goal:318,318,318,318,318,318,318,318,318,318,318,318,318,318,318,318,318,318,318,318,318,318,318,318,318,318,318,318,318,318,318,318,318,318,318,318,318,318,318,318,318,318,318,318,318,318,318,318,318,318,318,318,318,318,318,318,318,318,318,318,318,318,318,318,318,318,318,318,318,318,
size:58
[agent] id:17
path:665,666,667,668,669,670,671,672,673,726,779,726,673,672,672,673,673,672,673,726,779,832,885,938,991,1044,1097,1150,1151,1152,1153,1154,1154,1154,1154,1154,1154,1154,1154,1154,1154,1154,1154,1154,1154,1154,1154,1154,1154,1154,1154,1154,1154,1154,1154,1154,1154,1154,1154,1154,1154,1154,1154,1154,1154,1154,1154,1154,1154,1154,
goal:1154,1154,1154,1154,1154,1154,1154,1154,1154,1154,1154,1154,1154,1154,1154,1154,1154,1154,1154,1154,1154,1154,1154,1154,1154,1154,1154,1154,1154,1154,1154,1154,1154,1154,1154,1154,1154,1154,1154,1154,1154,1154,1154,1154,1154,1154,1154,1154,1154,1154,1154,1154,1154,1154,1154,1154,1154,1154,1154,1154,1154,1154,1154,1154,1154,1154,1154,1154,1154,1154,
size:31
[agent] id:18
path:1164,1111,1058,1005,952,899,846,845,844,843,842,841,840,839,838,837,836,835,834,833,832,831,830,829,828,827,826,825,824,823,822,821,768,715,662,609,556,503,450,397,344,291,238,185,132,79,26,26,26,26,26,26,26,26,26,26,26,26,26,26,26,26,26,26,26,26,26,26,26,26,
goal:26,26,26,26,26,26,26,26,26,26,26,26,26,26,26,26,26,26,26,26,26,26,26,26,26,26,26,26,26,26,26,26,26,26,26,26,26,26,26,26,26,26,26,26,26,26,26,26,26,26,26,26,26,26,26,26,26,26,26,26,26,26,26,26,26,26,26,26,26,26,
size:46
[agent] id:19
path:1123,1124,1125,1126,1127,1128,1075,1022,969,916,863,810,757,704,651,598,545,492,439,386,333,280,227,174,175,176,177,178,179,180,181,182,183,184,185,186,187,188,189,190,191,192,193,194,195,196,197,198,199,200,201,202,203,204,205,206,207,208,208,208,208,208,208,208,208,208,208,208,208,208,
goal:208,208,208,208,208,208,208,208,208,208,208,208,208,208,208,208,208,208,208,208,208,208,208,208,208,208,208,208,208,208,208,208,208,208,208,208,208,208,208,208,208,208,208,208,208,208,208,208,208,208,208,208,208,208,208,208,208,208,208,208,208,208,208,208,208,208,208,208,208,208,
size:57
[agent] id:20
path:155,208,261,314,367,420,473,526,525,524,523,522,521,520,519,518,517,516,515,514,513,512,512,512,512,512,512,512,512,512,512,512,512,512,512,512,512,512,512,512,512,512,512,512,512,512,512,512,512,512,512,512,512,512,512,512,512,512,512,512,512,512,512,512,512,512,512,512,512,512,
goal:512,512,512,512,512,512,512,512,512,512,512,512,512,512,512,512,512,512,512,512,512,512,512,512,512,512,512,512,512,512,512,512,512,512,512,512,512,512,512,512,512,512,512,512,512,512,512,512,512,512,512,512,512,512,512,512,512,512,512,512,512,512,512,512,512,512,512,512,512,512,
size:21
[agent] id:21
path:191,192,193,194,195,196,197,198,199,200,201,202,203,204,205,206,207,260,313,366,419,472,525,578,631,684,737,790,843,896,949,1002,1003,1004,1004,1004,1004,1004,1004,1004,1004,1004,1004,1004,1004,1004,1004,1004,1004,1004,1004,1004,1004,1004,1004,1004,1004,1004,1004,1004,1004,1004,1004,1004,1004,1004,1004,1004,1004,1004,
goal:1004,1004,1004,1004,1004,1004,1004,1004,1004,1004,1004,1004,1004,1004,1004,1004,1004,1004,1004,1004,1004,1004,1004,1004,1004,1004,1004,1004,1004,1004,1004,1004,1004,1004,1004,1004,1004,1004,1004,1004,1004,1004,1004,1004,1004,1004,1004,1004,1004,1004,1004,1004,1004,1004,1004,1004,1004,1004,1004,1004,1004,1004,1004,1004,1004,1004,1004,1004,1004,1004,
size:33
[agent] id:22
path:51,104,157,210,263,316,369,422,475,528,527,580,633,686,739,792,845,844,843,842,841,840,839,838,837,836,835,834,833,832,831,830,829,828,827,826,825,824,823,822,821,820,819,818,817,816,815,815,815,815,815,815,815,815,815,815,815,815,815,815,815,815,815,815,815,815,815,815,815,815,
goal:815,815,815,815,815,815,815,815,815,815,815,815,815,815,815,815,815,815,815,815,815,815,815,815,815,815,815,815,815,815,815,815,815,815,815,815,815,815,815,815,815,815,815,815,815,815,815,815,815,815,815,815,815,815,815,815,815,815,815,815,815,815,815,815,815,815,815,815,815,815,
size:46
[agent] id:23
path:635,582,529,476,423,423,423,423,423,423,423,423,423,423,423,423,423,423,423,423,423,423,423,423,423,423,423,423,423,423,423,423,423,423,423,423,423,423,423,423,423,423,423,423,423,423,423,423,423,423,423,423,423,423,423,423,423,423,423,423,423,423,423,423,423,423,423,423,423,423,
goal:423,423,423,423,423,423,423,423,423,423,423,423,423,423,423,423,423,423,423,423,423,423,423,423,423,423,423,423,423,423,423,423,423,423,423,423,423,423,423,423,423,423,423,423,423,423,423,423,423,423,423,423,423,423,423,423,423,423,423,423,423,423,423,423,423,423,423,423,423,423,
size:4
[agent] id:24
path:302,355,408,461,514,513,512,511,510,509,508,507,506,505,504,503,502,501,500,499,498,497,496,495,494,493,492,492,492,492,492,492,492,492,492,492,492,492,492,492,492,492,492,492,492,492,492,492,492,492,492,492,492,492,492,492,492,492,492,492,492,492,492,492,492,492,492,492,492,492,
goal:492,492,492,492,492,492,492,492,492,492,492,492,492,492,492,492,492,492,492,492,492,492,492,492,492,492,492,492,492,492,492,492,492,492,492,492,492,492,492,492,492,492,492,492,492,492,492,492,492,492,492,492,492,492,492,492,492,492,492,492,492,492,492,492,492,492,492,492,492,492,
size:26
[agent] id:25
path:347,348,349,350,351,351,351,351,351,351,351,351,351,351,351,351,351,351,351,351,351,351,351,351,351,351,351,351,351,351,351,351,351,351,351,351,351,351,351,351,351,351,351,351,351,351,351,351,351,351,351,351,351,351,351,351,351,351,351,351,351,351,351,351,351,351,351,351,351,351,
goal:351,351,351,351,351,351,351,351,351,351,351,351,351,351,351,351,351,351,351,351,351,351,351,351,351,351,351,351,351,351,351,351,351,351,351,351,351,351,351,351,351,351,351,351,351,351,351,351,351,351,351,351,351,351,351,351,351,351,351,351,351,351,351,351,351,351,351,351,351,351,
size:4
[agent] id:26
path:897,844,843,842,841,840,839,838,837,836,835,834,833,832,831,830,829,828,827,826,825,824,823,822,821,768,715,662,609,556,503,450,397,344,343,342,341,340,339,338,337,336,335,334,333,280,227,174,173,173,173,173,173,173,173,173,173,173,173,173,173,173,173,173,173,173,173,173,173,173,
goal:173,173,173,173,173,173,173,173,173,173,173,173,173,173,173,173,173,173,173,173,173,173,173,173,173,173,173,173,173,173,173,173,173,173,173,173,173,173,173,173,173,173,173,173,173,173,173,173,173,173,173,173,173,173,173,173,173,173,173,173,173,173,173,173,173,173,173,173,173,173,
size:48
[agent] id:27
path:1147,1148,1149,1150,1097,1044,991,992,993,994,995,996,997,998,999,1000,1001,1002,949,896,897,898,899,900,900,900,900,900,900,900,900,900,900,900,900,900,900,900,900,900,900,900,900,900,900,900,900,900,900,900,900,900,900,900,900,900,900,900,900,900,900,900,900,900,900,900,900,900,900,900,
goal:900,900,900,900,900,900,900,900,900,900,900,900,900,900,900,900,900,900,900,900,900,900,900,900,900,900,900,900,900,900,900,900,900,900,900,900,900,900,900,900,900,900,900,900,900,900,900,900,900,900,900,900,900,900,900,900,900,900,900,900,900,900,900,900,900,900,900,900,900,900,
size:23
[agent] id:28
path:183,182,181,180,179,178,177,176,175,174,173,172,171,170,169,168,167,166,165,164,163,110,109,108,107,106,106,106,106,106,106,106,106,106,106,106,106,106,106,106,106,106,106,106,106,106,106,106,106,106,106,106,106,106,106,106,106,106,106,106,106,106,106,106,106,106,106,106,106,106,
goal:106,106,106,106,106,106,106,106,106,106,106,106,106,106,106,106,106,106,106,106,106,106,106,106,106,106,106,106,106,106,106,106,106,106,106,106,106,106,106,106,106,106,106,106,106,106,106,106,106,106,106,106,106,106,106,106,106,106,106,106,106,106,106,106,106,106,106,106,106,106,
size:25
[agent] id:29
path:1138,1139,1140,1141,1142,1143,1144,1145,1146,1147,1148,1149,1150,1151,1152,1153,1154,1155,1156,1157,1158,1159,1160,1161,1108,1108,1108,1108,1108,1108,1108,1108,1108,1108,1108,1108,1108,1108,1108,1108,1108,1108,1108,1108,1108,1108,1108,1108,1108,1108,1108,1108,1108,1108,1108,1108,1108,1108,1108,1108,1108,1108,1108,1108,1108,1108,1108,1108,1108,1108,
goal:1108,1108,1108,1108,1108,1108,1108,1108,1108,1108,1108,1108,1108,1108,1108,1108,1108,1108,1108,1108,1108,1108,1108,1108,1108,1108,1108,1108,1108,1108,1108,1108,1108,1108,1108,1108,1108,1108,1108,1108,1108,1108,1108,1108,1108,1108,1108,1108,1108,1108,1108,1108,1108,1108,1108,1108,1108,1108,1108,1108,1108,1108,1108,1108,1108,1108,1108,1108,1108,1108,
size:24
SolutionCost:900
