[setting] seed:7
[solver] type:ECBS
[solver] w:3.000000
[solver] ID:0
[solver] Lowlevelnode:20184
[solver] solved:1
[solver] elapsed:2698
[solver] makespan:83
[problem] timesteplimit:10000
[problem] type:MAPF
[problem] agentnum:10
[graph] width:107
[graph] height:47
[graph] filename:./map/orz601d.map
[task] id:4,start:0,end:0,service time:0,nodes:2981,
[task] id:6,start:0,end:0,service time:0,nodes:1758,
[task] id:2,start:0,end:0,service time:0,nodes:2859,
[task] id:1,start:0,end:0,service time:0,nodes:2512,
[task] id:0,start:0,end:0,service time:0,nodes:2521,
[task] id:8,start:0,end:0,service time:0,nodes:2346,
[task] id:7,start:0,end:0,service time:0,nodes:1962,
[task] id:9,start:0,end:0,service time:0,nodes:1331,
[task] id:3,start:0,end:0,service time:0,nodes:900,
[task] id:5,start:0,end:0,service time:0,nodes:875,
[agent] id:0
path:2023,2130,2237,2344,2451,2558,2557,2556,2555,2554,2553,2552,2551,2550,2549,2548,2547,2546,2545,2544,2543,2542,2541,2540,2539,2538,2537,2536,2535,2534,2533,2532,2531,2530,2529,2528,2527,2526,2525,2524,2523,2522,2521,2521,2521,2521,2521,2521,2521,2521,2521,2521,2521,2521,2521,2521,2521,2521,2521,2521,2521,2521,2521,2521,2521,2521,2521,2521,2521,2521,2521,2521,2521,2521,2521,2521,2521,2521,2521,2521,2521,2521,2521,2521,
goal:2521,2521,2521,2521,2521,2521,2521,2521,2521,2521,2521,2521,2521,2521,2521,2521,2521,2521,2521,2521,2521,2521,2521,2521,2521,2521,2521,2521,2521,2521,2521,2521,2521,2521,2521,2521,2521,2521,2521,2521,2521,2521,2521,2521,2521,2521,2521,2521,2521,2521,2521,2521,2521,2521,2521,2521,2521,2521,2521,2521,2521,2521,2521,2521,2521,2521,2521,2521,2521,2521,2521,2521,2521,2521,2521,2521,2521,2521,2521,2521,2521,2521,2521,2521,
size:42
[agent] id:1
path:2259,2366,2473,2474,2475,2476,2477,2478,2479,2480,2481,2482,2483,2484,2485,2486,2487,2488,2489,2490,2491,2492,2493,2494,2495,2496,2497,2498,2499,2500,2501,2502,2503,2504,2505,2506,2507,2508,2509,2510,2511,2512,2512,2512,2512,2512,2512,2512,2512,2512,2512,2512,2512,2512,2512,2512,2512,2512,2512,2512,2512,2512,2512,2512,2512,2512,2512,2512,2512,2512,2512,2512,2512,2512,2512,2512,2512,2512,2512,2512,2512,2512,2512,2512,
goal:2512,2512,2512,2512,2512,2512,2512,2512,2512,2512,2512,2512,2512,2512,2512,2512,2512,2512,2512,2512,2512,2512,2512,2512,2512,2512,2512,2512,2512,2512,2512,2512,2512,2512,2512,2512,2512,2512,2512,2512,2512,2512,2512,2512,2512,2512,2512,2512,2512,2512,2512,2512,2512,2512,2512,2512,2512,2512,2512,2512,2512,2512,2512,2512,2512,2512,2512,2512,2512,2512,2512,2512,2512,2512,2512,2512,2512,2512,2512,2512,2512,2512,2512,2512,
size:41
[agent] id:2
path:3199,3092,3093,2986,2879,2772,2665,2664,2663,2662,2661,2660,2767,2874,2873,2872,2871,2870,2869,2868,2867,2866,2865,2864,2863,2862,2861,2860,2859,2859,2859,2859,2859,2859,2859,2859,2859,2859,2859,2859,2859,2859,2859,2859,2859,2859,2859,2859,2859,2859,2859,2859,2859,2859,2859,2859,2859,2859,2859,2859,2859,2859,2859,2859,2859,2859,2859,2859,2859,2859,2859,2859,2859,2859,2859,2859,2859,2859,2859,2859,2859,2859,2859,2859,
goal:2859,2859,2859,2859,2859,2859,2859,2859,2859,2859,2859,2859,2859,2859,2859,2859,2859,2859,2859,2859,2859,2859,2859,2859,2859,2859,2859,2859,2859,2859,2859,2859,2859,2859,2859,2859,2859,2859,2859,2859,2859,2859,2859,2859,2859,2859,2859,2859,2859,2859,2859,2859,2859,2859,2859,2859,2859,2859,2859,2859,2859,2859,2859,2859,2859,2859,2859,2859,2859,2859,2859,2859,2859,2859,2859,2859,2859,2859,2859,2859,2859,2859,2859,2859,
size:28
[agent] id:3
path:3002,2895,2788,2681,2574,2467,2360,2361,2362,2363,2364,2365,2366,2367,2368,2369,2370,2371,2264,2157,2050,1943,1944,1945,1946,1947,1948,1949,1950,1951,1952,1953,1954,1955,1956,1957,1958,1959,1960,1961,1962,1963,1964,1965,1966,1967,1860,1861,1862,1863,1864,1865,1865,1866,1759,1652,1545,1438,1437,1330,1223,1116,1009,902,901,900,900,900,900,900,900,900,900,900,900,900,900,900,900,900,900,900,900,900,
goal:900,900,900,900,900,900,900,900,900,900,900,900,900,900,900,900,900,900,900,900,900,900,900,900,900,900,900,900,900,900,900,900,900,900,900,900,900,900,900,900,900,900,900,900,900,900,900,900,900,900,900,900,900,900,900,900,900,900,900,900,900,900,900,900,900,900,900,900,900,900,900,900,900,900,900,900,900,900,900,900,900,900,900,900,
size:65
[agent] id:4
path:2012,2119,2226,2333,2440,2547,2654,2761,2868,2975,2976,2977,2978,2979,2980,2981,2981,2981,2981,2981,2981,2981,2981,2981,2981,2981,2981,2981,2981,2981,2981,2981,2981,2981,2981,2981,2981,2981,2981,2981,2981,2981,2981,2981,2981,2981,2981,2981,2981,2981,2981,2981,2981,2981,2981,2981,2981,2981,2981,2981,2981,2981,2981,2981,2981,2981,2981,2981,2981,2981,2981,2981,2981,2981,2981,2981,2981,2981,2981,2981,2981,2981,2981,2981,
goal:2981,2981,2981,2981,2981,2981,2981,2981,2981,2981,2981,2981,2981,2981,2981,2981,2981,2981,2981,2981,2981,2981,2981,2981,2981,2981,2981,2981,2981,2981,2981,2981,2981,2981,2981,2981,2981,2981,2981,2981,2981,2981,2981,2981,2981,2981,2981,2981,2981,2981,2981,2981,2981,2981,2981,2981,2981,2981,2981,2981,2981,2981,2981,2981,2981,2981,2981,2981,2981,2981,2981,2981,2981,2981,2981,2981,2981,2981,2981,2981,2981,2981,2981,2981,
size:15
[agent] id:5
path:2972,2865,2758,2651,2544,2437,2330,2223,2116,2115,2114,2113,2112,2111,2110,2109,2108,2107,2106,2105,2104,2103,2102,2101,2100,2099,2098,2097,2096,2095,2094,2093,2092,2091,2090,2089,2088,2087,2086,2085,2084,2083,2082,2081,2080,2079,2078,2077,2076,2075,2074,2073,2072,2071,2070,2069,2068,1961,1960,1959,1958,1957,1956,1955,1954,1847,1846,1845,1844,1843,1842,1735,1628,1521,1414,1307,1200,1093,986,879,878,877,876,875,
goal:875,875,875,875,875,875,875,875,875,875,875,875,875,875,875,875,875,875,875,875,875,875,875,875,875,875,875,875,875,875,875,875,875,875,875,875,875,875,875,875,875,875,875,875,875,875,875,875,875,875,875,875,875,875,875,875,875,875,875,875,875,875,875,875,875,875,875,875,875,875,875,875,875,875,875,875,875,875,875,875,875,875,875,875,
size:83
[agent] id:6
path:3051,2944,2837,2730,2623,2516,2409,2302,2195,2088,1981,1980,1979,1978,1871,1870,1869,1868,1867,1866,1759,1758,1758,1758,1758,1758,1758,1758,1758,1758,1758,1758,1758,1758,1758,1758,1758,1758,1758,1758,1758,1758,1758,1758,1758,1758,1758,1758,1758,1758,1758,1758,1758,1758,1758,1758,1758,1758,1758,1758,1758,1758,1758,1758,1758,1758,1758,1758,1758,1758,1758,1758,1758,1758,1758,1758,1758,1758,1758,1758,1758,1758,1758,1758,
goal:1758,1758,1758,1758,1758,1758,1758,1758,1758,1758,1758,1758,1758,1758,1758,1758,1758,1758,1758,1758,1758,1758,1758,1758,1758,1758,1758,1758,1758,1758,1758,1758,1758,1758,1758,1758,1758,1758,1758,1758,1758,1758,1758,1758,1758,1758,1758,1758,1758,1758,1758,1758,1758,1758,1758,1758,1758,1758,1758,1758,1758,1758,1758,1758,1758,1758,1758,1758,1758,1758,1758,1758,1758,1758,1758,1758,1758,1758,1758,1758,1758,1758,1758,1758,
size:21
[agent] id:7
path:3073,2966,2859,2752,2645,2538,2431,2324,2217,2110,2003,2002,2001,2000,1999,1998,1997,1996,1995,1994,1993,1992,1991,1990,1989,1988,1987,1986,1985,1984,1983,1982,1981,1980,1979,1978,1977,1976,1975,1974,1973,1972,1971,1970,1969,1968,1967,1966,1965,1964,1963,1962,1962,1962,1962,1962,1962,1962,1962,1962,1962,1962,1962,1962,1962,1962,1962,1962,1962,1962,1962,1962,1962,1962,1962,1962,1962,1962,1962,1962,1962,1962,1962,1962,
goal:1962,1962,1962,1962,1962,1962,1962,1962,1962,1962,1962,1962,1962,1962,1962,1962,1962,1962,1962,1962,1962,1962,1962,1962,1962,1962,1962,1962,1962,1962,1962,1962,1962,1962,1962,1962,1962,1962,1962,1962,1962,1962,1962,1962,1962,1962,1962,1962,1962,1962,1962,1962,1962,1962,1962,1962,1962,1962,1962,1962,1962,1962,1962,1962,1962,1962,1962,1962,1962,1962,1962,1962,1962,1962,1962,1962,1962,1962,1962,1962,1962,1962,1962,1962,
size:51
[agent] id:8
path:500,607,714,821,928,1035,1142,1249,1356,1463,1462,1569,1676,1783,1890,1997,2104,2211,2318,2319,2320,2321,2322,2323,2324,2325,2326,2327,2328,2329,2330,2331,2332,2333,2334,2335,2336,2337,2338,2339,2446,2447,2448,2449,2450,2451,2344,2345,2346,2346,2346,2346,2346,2346,2346,2346,2346,2346,2346,2346,2346,2346,2346,2346,2346,2346,2346,2346,2346,2346,2346,2346,2346,2346,2346,2346,2346,2346,2346,2346,2346,2346,2346,2346,
goal:2346,2346,2346,2346,2346,2346,2346,2346,2346,2346,2346,2346,2346,2346,2346,2346,2346,2346,2346,2346,2346,2346,2346,2346,2346,2346,2346,2346,2346,2346,2346,2346,2346,2346,2346,2346,2346,2346,2346,2346,2346,2346,2346,2346,2346,2346,2346,2346,2346,2346,2346,2346,2346,2346,2346,2346,2346,2346,2346,2346,2346,2346,2346,2346,2346,2346,2346,2346,2346,2346,2346,2346,2346,2346,2346,2346,2346,2346,2346,2346,2346,2346,2346,2346,
size:48
[agent] id:9
path:2872,2765,2658,2551,2444,2337,2230,2123,2016,2015,2014,2013,2012,2011,2010,2009,2008,2007,2006,2005,2004,2003,2002,2001,2000,1999,1998,1997,1996,1995,1994,1993,1992,1991,1990,1989,1988,1987,1986,1985,1984,1983,1982,1981,1980,1979,1978,1871,1870,1869,1868,1867,1866,1759,1652,1545,1438,1331,1331,1331,1331,1331,1331,1331,1331,1331,1331,1331,1331,1331,1331,1331,1331,1331,1331,1331,1331,1331,1331,1331,1331,1331,1331,1331,
goal:1331,1331,1331,1331,1331,1331,1331,1331,1331,1331,1331,1331,1331,1331,1331,1331,1331,1331,1331,1331,1331,1331,1331,1331,1331,1331,1331,1331,1331,1331,1331,1331,1331,1331,1331,1331,1331,1331,1331,1331,1331,1331,1331,1331,1331,1331,1331,1331,1331,1331,1331,1331,1331,1331,1331,1331,1331,1331,1331,1331,1331,1331,1331,1331,1331,1331,1331,1331,1331,1331,1331,1331,1331,1331,1331,1331,1331,1331,1331,1331,1331,1331,1331,1331,
size:57
SolutionCost:451
