[setting] seed:17
[solver] type:ECBS
[solver] w:3.000000
[solver] ID:0
[solver] Lowlevelnode:0
[solver] solved:1
[solver] elapsed:0
[solver] makespan:77
[problem] timesteplimit:10000
[problem] type:MAPF
[problem] agentnum:10
[graph] width:107
[graph] height:47
[graph] filename:./map/orz601d.map
[task] id:3,start:0,end:0,service time:0,nodes:3711,
[task] id:9,start:0,end:0,service time:0,nodes:2971,
[task] id:0,start:0,end:0,service time:0,nodes:2432,
[task] id:8,start:0,end:0,service time:0,nodes:1439,
[task] id:4,start:0,end:0,service time:0,nodes:1983,
[task] id:1,start:0,end:0,service time:0,nodes:2387,
[task] id:2,start:0,end:0,service time:0,nodes:2729,
[task] id:6,start:0,end:0,service time:0,nodes:877,
[task] id:5,start:0,end:0,service time:0,nodes:3975,
[task] id:7,start:0,end:0,service time:0,nodes:3307,
[agent] id:0
path:3194,3087,2980,2873,2766,2659,2552,2445,2444,2443,2442,2441,2440,2439,2438,2437,2436,2435,2434,2433,2432,2432,2432,2432,2432,2432,2432,2432,2432,2432,2432,2432,2432,2432,2432,2432,2432,2432,2432,2432,2432,2432,2432,2432,2432,2432,2432,2432,2432,2432,2432,2432,2432,2432,2432,2432,2432,2432,2432,2432,2432,2432,2432,2432,2432,2432,2432,2432,2432,2432,2432,2432,2432,2432,2432,2432,2432,2432,
goal:2432,2432,2432,2432,2432,2432,2432,2432,2432,2432,2432,2432,2432,2432,2432,2432,2432,2432,2432,2432,2432,2432,2432,2432,2432,2432,2432,2432,2432,2432,2432,2432,2432,2432,2432,2432,2432,2432,2432,2432,2432,2432,2432,2432,2432,2432,2432,2432,2432,2432,2432,2432,2432,2432,2432,2432,2432,2432,2432,2432,2432,2432,2432,2432,2432,2432,2432,2432,2432,2432,2432,2432,2432,2432,2432,2432,2432,2432,
size:20
[agent] id:1
path:2839,2732,2625,2518,2411,2410,2409,2408,2407,2406,2405,2404,2403,2402,2401,2400,2399,2398,2397,2396,2395,2394,2393,2392,2391,2390,2389,2388,2387,2387,2387,2387,2387,2387,2387,2387,2387,2387,2387,2387,2387,2387,2387,2387,2387,2387,2387,2387,2387,2387,2387,2387,2387,2387,2387,2387,2387,2387,2387,2387,2387,2387,2387,2387,2387,2387,2387,2387,2387,2387,2387,2387,2387,2387,2387,2387,2387,2387,
goal:2387,2387,2387,2387,2387,2387,2387,2387,2387,2387,2387,2387,2387,2387,2387,2387,2387,2387,2387,2387,2387,2387,2387,2387,2387,2387,2387,2387,2387,2387,2387,2387,2387,2387,2387,2387,2387,2387,2387,2387,2387,2387,2387,2387,2387,2387,2387,2387,2387,2387,2387,2387,2387,2387,2387,2387,2387,2387,2387,2387,2387,2387,2387,2387,2387,2387,2387,2387,2387,2387,2387,2387,2387,2387,2387,2387,2387,2387,
size:28
[agent] id:2
path:1038,1145,1252,1359,1466,1465,1464,1463,1462,1569,1676,1783,1890,1997,2104,2211,2318,2425,2532,2639,2746,2745,2744,2743,2742,2741,2740,2739,2738,2737,2736,2735,2734,2733,2732,2731,2730,2729,2729,2729,2729,2729,2729,2729,2729,2729,2729,2729,2729,2729,2729,2729,2729,2729,2729,2729,2729,2729,2729,2729,2729,2729,2729,2729,2729,2729,2729,2729,2729,2729,2729,2729,2729,2729,2729,2729,2729,2729,
goal:2729,2729,2729,2729,2729,2729,2729,2729,2729,2729,2729,2729,2729,2729,2729,2729,2729,2729,2729,2729,2729,2729,2729,2729,2729,2729,2729,2729,2729,2729,2729,2729,2729,2729,2729,2729,2729,2729,2729,2729,2729,2729,2729,2729,2729,2729,2729,2729,2729,2729,2729,2729,2729,2729,2729,2729,2729,2729,2729,2729,2729,2729,2729,2729,2729,2729,2729,2729,2729,2729,2729,2729,2729,2729,2729,2729,2729,2729,
size:37
[agent] id:3
path:3705,3706,3707,3708,3709,3710,3711,3711,3711,3711,3711,3711,3711,3711,3711,3711,3711,3711,3711,3711,3711,3711,3711,3711,3711,3711,3711,3711,3711,3711,3711,3711,3711,3711,3711,3711,3711,3711,3711,3711,3711,3711,3711,3711,3711,3711,3711,3711,3711,3711,3711,3711,3711,3711,3711,3711,3711,3711,3711,3711,3711,3711,3711,3711,3711,3711,3711,3711,3711,3711,3711,3711,3711,3711,3711,3711,3711,3711,
goal:3711,3711,3711,3711,3711,3711,3711,3711,3711,3711,3711,3711,3711,3711,3711,3711,3711,3711,3711,3711,3711,3711,3711,3711,3711,3711,3711,3711,3711,3711,3711,3711,3711,3711,3711,3711,3711,3711,3711,3711,3711,3711,3711,3711,3711,3711,3711,3711,3711,3711,3711,3711,3711,3711,3711,3711,3711,3711,3711,3711,3711,3711,3711,3711,3711,3711,3711,3711,3711,3711,3711,3711,3711,3711,3711,3711,3711,3711,
size:6
[agent] id:4
path:2114,2007,2006,2005,2004,2003,2002,2001,2000,1999,1998,1997,1996,1995,1994,1993,1992,1991,1990,1989,1988,1987,1986,1985,1984,1983,1983,1983,1983,1983,1983,1983,1983,1983,1983,1983,1983,1983,1983,1983,1983,1983,1983,1983,1983,1983,1983,1983,1983,1983,1983,1983,1983,1983,1983,1983,1983,1983,1983,1983,1983,1983,1983,1983,1983,1983,1983,1983,1983,1983,1983,1983,1983,1983,1983,1983,1983,1983,
goal:1983,1983,1983,1983,1983,1983,1983,1983,1983,1983,1983,1983,1983,1983,1983,1983,1983,1983,1983,1983,1983,1983,1983,1983,1983,1983,1983,1983,1983,1983,1983,1983,1983,1983,1983,1983,1983,1983,1983,1983,1983,1983,1983,1983,1983,1983,1983,1983,1983,1983,1983,1983,1983,1983,1983,1983,1983,1983,1983,1983,1983,1983,1983,1983,1983,1983,1983,1983,1983,1983,1983,1983,1983,1983,1983,1983,1983,1983,
size:25
[agent] id:5
path:1003,1110,1217,1324,1325,1326,1433,1434,1435,1436,1437,1544,1651,1758,1865,1972,2079,2186,2293,2400,2507,2614,2721,2828,2935,3042,3041,3040,3039,3038,3037,3036,3035,3034,3033,3032,3031,3030,3029,3028,3027,3026,3025,3024,3131,3238,3345,3344,3343,3342,3341,3340,3447,3554,3661,3768,3875,3982,3981,3980,3979,3978,3977,3976,3975,3975,3975,3975,3975,3975,3975,3975,3975,3975,3975,3975,3975,3975,
goal:3975,3975,3975,3975,3975,3975,3975,3975,3975,3975,3975,3975,3975,3975,3975,3975,3975,3975,3975,3975,3975,3975,3975,3975,3975,3975,3975,3975,3975,3975,3975,3975,3975,3975,3975,3975,3975,3975,3975,3975,3975,3975,3975,3975,3975,3975,3975,3975,3975,3975,3975,3975,3975,3975,3975,3975,3975,3975,3975,3975,3975,3975,3975,3975,3975,3975,3975,3975,3975,3975,3975,3975,3975,3975,3975,3975,3975,3975,
size:64
[agent] id:6
path:1983,1982,1981,1980,1979,1978,1977,1976,1975,1974,1973,1972,1971,1970,1969,1968,1967,1966,1965,1964,1963,1962,1961,1960,1959,1958,1957,1956,1955,1954,1847,1846,1845,1844,1843,1842,1735,1628,1521,1414,1307,1200,1093,986,879,878,877,877,877,877,877,877,877,877,877,877,877,877,877,877,877,877,877,877,877,877,877,877,877,877,877,877,877,877,877,877,877,877,
goal:877,877,877,877,877,877,877,877,877,877,877,877,877,877,877,877,877,877,877,877,877,877,877,877,877,877,877,877,877,877,877,877,877,877,877,877,877,877,877,877,877,877,877,877,877,877,877,877,877,877,877,877,877,877,877,877,877,877,877,877,877,877,877,877,877,877,877,877,877,877,877,877,877,877,877,877,877,877,
size:46
[agent] id:7
path:908,1015,1122,1229,1336,1443,1442,1441,1440,1439,1438,1545,1652,1759,1866,1973,2080,2187,2294,2401,2508,2615,2616,2617,2618,2619,2620,2621,2622,2623,2624,2625,2626,2627,2628,2629,2630,2631,2632,2633,2634,2635,2636,2637,2638,2639,2640,2641,2642,2643,2644,2645,2646,2647,2648,2649,2650,2651,2652,2653,2654,2655,2656,2657,2658,2659,2660,2661,2662,2663,2664,2665,2772,2879,2986,3093,3200,3307,
goal:3307,3307,3307,3307,3307,3307,3307,3307,3307,3307,3307,3307,3307,3307,3307,3307,3307,3307,3307,3307,3307,3307,3307,3307,3307,3307,3307,3307,3307,3307,3307,3307,3307,3307,3307,3307,3307,3307,3307,3307,3307,3307,3307,3307,3307,3307,3307,3307,3307,3307,3307,3307,3307,3307,3307,3307,3307,3307,3307,3307,3307,3307,3307,3307,3307,3307,3307,3307,3307,3307,3307,3307,3307,3307,3307,3307,3307,3307,
size:77
[agent] id:8
path:2942,2835,2728,2621,2514,2407,2300,2193,2086,1979,1978,1871,1870,1869,1868,1867,1866,1759,1652,1545,1438,1439,1439,1439,1439,1439,1439,1439,1439,1439,1439,1439,1439,1439,1439,1439,1439,1439,1439,1439,1439,1439,1439,1439,1439,1439,1439,1439,1439,1439,1439,1439,1439,1439,1439,1439,1439,1439,1439,1439,1439,1439,1439,1439,1439,1439,1439,1439,1439,1439,1439,1439,1439,1439,1439,1439,1439,1439,
goal:1439,1439,1439,1439,1439,1439,1439,1439,1439,1439,1439,1439,1439,1439,1439,1439,1439,1439,1439,1439,1439,1439,1439,1439,1439,1439,1439,1439,1439,1439,1439,1439,1439,1439,1439,1439,1439,1439,1439,1439,1439,1439,1439,1439,1439,1439,1439,1439,1439,1439,1439,1439,1439,1439,1439,1439,1439,1439,1439,1439,1439,1439,1439,1439,1439,1439,1439,1439,1439,1439,1439,1439,1439,1439,1439,1439,1439,1439,
size:21
[agent] id:9
path:2850,2957,2958,2959,2960,2961,2962,2963,2964,2965,2966,2967,2968,2969,2970,2971,2971,2971,2971,2971,2971,2971,2971,2971,2971,2971,2971,2971,2971,2971,2971,2971,2971,2971,2971,2971,2971,2971,2971,2971,2971,2971,2971,2971,2971,2971,2971,2971,2971,2971,2971,2971,2971,2971,2971,2971,2971,2971,2971,2971,2971,2971,2971,2971,2971,2971,2971,2971,2971,2971,2971,2971,2971,2971,2971,2971,2971,2971,
goal:2971,2971,2971,2971,2971,2971,2971,2971,2971,2971,2971,2971,2971,2971,2971,2971,2971,2971,2971,2971,2971,2971,2971,2971,2971,2971,2971,2971,2971,2971,2971,2971,2971,2971,2971,2971,2971,2971,2971,2971,2971,2971,2971,2971,2971,2971,2971,2971,2971,2971,2971,2971,2971,2971,2971,2971,2971,2971,2971,2971,2971,2971,2971,2971,2971,2971,2971,2971,2971,2971,2971,2971,2971,2971,2971,2971,2971,2971,
size:15
SolutionCost:339
