[setting] seed:82
[solver] type:ECBS
[solver] w:3.000000
[solver] ID:0
[solver] Lowlevelnode:39661
[solver] solved:1
[solver] elapsed:147
[solver] makespan:93
[problem] timesteplimit:10000
[problem] type:MAPF
[problem] agentnum:20
[graph] width:107
[graph] height:47
[graph] filename:./map/orz601d.map
[task] id:17,start:0,end:0,service time:0,nodes:3115,
[task] id:14,start:0,end:0,service time:0,nodes:2227,
[task] id:8,start:0,end:0,service time:0,nodes:2085,
[task] id:5,start:0,end:0,service time:0,nodes:2723,
[task] id:18,start:0,end:0,service time:0,nodes:767,
[task] id:3,start:0,end:0,service time:0,nodes:2415,
[task] id:6,start:0,end:0,service time:0,nodes:899,
[task] id:11,start:0,end:0,service time:0,nodes:992,
[task] id:13,start:0,end:0,service time:0,nodes:2616,
[task] id:9,start:0,end:0,service time:0,nodes:559,
[task] id:15,start:0,end:0,service time:0,nodes:2844,
[task] id:0,start:0,end:0,service time:0,nodes:924,
[task] id:10,start:0,end:0,service time:0,nodes:3125,
[task] id:12,start:0,end:0,service time:0,nodes:3003,
[task] id:19,start:0,end:0,service time:0,nodes:1255,
[task] id:2,start:0,end:0,service time:0,nodes:2122,
[task] id:7,start:0,end:0,service time:0,nodes:1877,
[task] id:1,start:0,end:0,service time:0,nodes:2757,
[task] id:16,start:0,end:0,service time:0,nodes:2061,
[task] id:4,start:0,end:0,service time:0,nodes:3087,
[agent] id:0
path:1440,1439,1438,1545,1652,1759,1866,1867,1868,1869,1870,1871,1978,1979,1980,1981,1982,1983,1984,1985,1986,1987,1988,1989,1990,1991,1884,1885,1886,1887,1888,1889,1782,1675,1568,1461,1354,1247,1140,1033,926,925,924,924,924,924,924,924,924,924,924,924,924,924,924,924,924,924,924,924,924,924,924,924,924,924,924,924,924,924,924,924,924,924,924,924,924,924,924,924,924,924,924,924,924,924,924,924,924,924,924,924,924,924,
goal:924,924,924,924,924,924,924,924,924,924,924,924,924,924,924,924,924,924,924,924,924,924,924,924,924,924,924,924,924,924,924,924,924,924,924,924,924,924,924,924,924,924,924,924,924,924,924,924,924,924,924,924,924,924,924,924,924,924,924,924,924,924,924,924,924,924,924,924,924,924,924,924,924,924,924,924,924,924,924,924,924,924,924,924,924,924,924,924,924,924,924,924,924,924,
size:42
[agent] id:1
path:2163,2270,2377,2484,2485,2486,2487,2488,2489,2490,2491,2492,2493,2494,2495,2496,2497,2498,2499,2500,2501,2502,2503,2504,2505,2506,2507,2508,2509,2510,2617,2724,2725,2726,2727,2728,2729,2730,2731,2732,2733,2734,2735,2736,2737,2738,2739,2740,2741,2742,2743,2744,2745,2746,2747,2748,2749,2750,2751,2752,2753,2754,2755,2756,2757,2757,2757,2757,2757,2757,2757,2757,2757,2757,2757,2757,2757,2757,2757,2757,2757,2757,2757,2757,2757,2757,2757,2757,2757,2757,2757,2757,2757,2757,
goal:2757,2757,2757,2757,2757,2757,2757,2757,2757,2757,2757,2757,2757,2757,2757,2757,2757,2757,2757,2757,2757,2757,2757,2757,2757,2757,2757,2757,2757,2757,2757,2757,2757,2757,2757,2757,2757,2757,2757,2757,2757,2757,2757,2757,2757,2757,2757,2757,2757,2757,2757,2757,2757,2757,2757,2757,2757,2757,2757,2757,2757,2757,2757,2757,2757,2757,2757,2757,2757,2757,2757,2757,2757,2757,2757,2757,2757,2757,2757,2757,2757,2757,2757,2757,2757,2757,2757,2757,2757,2757,2757,2757,2757,2757,
size:64
[agent] id:2
path:2607,2500,2393,2286,2179,2180,2181,2182,2183,2184,2185,2186,2187,2188,2189,2190,2191,2192,2193,2194,2195,2196,2197,2198,2199,2200,2201,2202,2203,2204,2205,2206,2207,2208,2209,2210,2103,2104,2105,2106,2107,2108,2109,2110,2111,2112,2113,2114,2115,2116,2117,2118,2119,2120,2121,2122,2122,2122,2122,2122,2122,2122,2122,2122,2122,2122,2122,2122,2122,2122,2122,2122,2122,2122,2122,2122,2122,2122,2122,2122,2122,2122,2122,2122,2122,2122,2122,2122,2122,2122,2122,2122,2122,2122,
goal:2122,2122,2122,2122,2122,2122,2122,2122,2122,2122,2122,2122,2122,2122,2122,2122,2122,2122,2122,2122,2122,2122,2122,2122,2122,2122,2122,2122,2122,2122,2122,2122,2122,2122,2122,2122,2122,2122,2122,2122,2122,2122,2122,2122,2122,2122,2122,2122,2122,2122,2122,2122,2122,2122,2122,2122,2122,2122,2122,2122,2122,2122,2122,2122,2122,2122,2122,2122,2122,2122,2122,2122,2122,2122,2122,2122,2122,2122,2122,2122,2122,2122,2122,2122,2122,2122,2122,2122,2122,2122,2122,2122,2122,2122,
size:55
[agent] id:3
path:2821,2714,2607,2500,2393,2394,2395,2396,2397,2398,2399,2400,2401,2402,2403,2404,2405,2406,2407,2408,2409,2410,2411,2412,2413,2414,2415,2415,2415,2415,2415,2415,2415,2415,2415,2415,2415,2415,2415,2415,2415,2415,2415,2415,2415,2415,2415,2415,2415,2415,2415,2415,2415,2415,2415,2415,2415,2415,2415,2415,2415,2415,2415,2415,2415,2415,2415,2415,2415,2415,2415,2415,2415,2415,2415,2415,2415,2415,2415,2415,2415,2415,2415,2415,2415,2415,2415,2415,2415,2415,2415,2415,2415,2415,
goal:2415,2415,2415,2415,2415,2415,2415,2415,2415,2415,2415,2415,2415,2415,2415,2415,2415,2415,2415,2415,2415,2415,2415,2415,2415,2415,2415,2415,2415,2415,2415,2415,2415,2415,2415,2415,2415,2415,2415,2415,2415,2415,2415,2415,2415,2415,2415,2415,2415,2415,2415,2415,2415,2415,2415,2415,2415,2415,2415,2415,2415,2415,2415,2415,2415,2415,2415,2415,2415,2415,2415,2415,2415,2415,2415,2415,2415,2415,2415,2415,2415,2415,2415,2415,2415,2415,2415,2415,2415,2415,2415,2415,2415,2415,
size:26
[agent] id:4
path:3112,3005,2898,2791,2684,2577,2470,2471,2472,2473,2474,2475,2476,2477,2478,2585,2692,2799,2906,2907,2908,2909,2910,2911,2912,2913,2914,2915,2916,2917,2918,2919,2920,2921,3028,3029,3030,3031,3032,3033,3034,3035,3036,3037,3038,3039,3040,3041,3042,3043,3044,3045,3046,3047,3048,3049,3050,3051,3052,3053,3054,3055,3056,3057,3058,3059,3060,3061,3062,3063,3064,3065,3066,3067,3068,3069,3070,3071,3072,3073,3074,3075,3076,3077,3078,3079,3080,3081,3082,3083,3084,3085,3086,3087,
goal:3087,3087,3087,3087,3087,3087,3087,3087,3087,3087,3087,3087,3087,3087,3087,3087,3087,3087,3087,3087,3087,3087,3087,3087,3087,3087,3087,3087,3087,3087,3087,3087,3087,3087,3087,3087,3087,3087,3087,3087,3087,3087,3087,3087,3087,3087,3087,3087,3087,3087,3087,3087,3087,3087,3087,3087,3087,3087,3087,3087,3087,3087,3087,3087,3087,3087,3087,3087,3087,3087,3087,3087,3087,3087,3087,3087,3087,3087,3087,3087,3087,3087,3087,3087,3087,3087,3087,3087,3087,3087,3087,3087,3087,3087,
size:93
[agent] id:5
path:2276,2383,2490,2597,2704,2705,2706,2707,2708,2709,2710,2711,2712,2713,2714,2715,2716,2717,2718,2719,2720,2721,2722,2723,2723,2723,2723,2723,2723,2723,2723,2723,2723,2723,2723,2723,2723,2723,2723,2723,2723,2723,2723,2723,2723,2723,2723,2723,2723,2723,2723,2723,2723,2723,2723,2723,2723,2723,2723,2723,2723,2723,2723,2723,2723,2723,2723,2723,2723,2723,2723,2723,2723,2723,2723,2723,2723,2723,2723,2723,2723,2723,2723,2723,2723,2723,2723,2723,2723,2723,2723,2723,2723,2723,
goal:2723,2723,2723,2723,2723,2723,2723,2723,2723,2723,2723,2723,2723,2723,2723,2723,2723,2723,2723,2723,2723,2723,2723,2723,2723,2723,2723,2723,2723,2723,2723,2723,2723,2723,2723,2723,2723,2723,2723,2723,2723,2723,2723,2723,2723,2723,2723,2723,2723,2723,2723,2723,2723,2723,2723,2723,2723,2723,2723,2723,2723,2723,2723,2723,2723,2723,2723,2723,2723,2723,2723,2723,2723,2723,2723,2723,2723,2723,2723,2723,2723,2723,2723,2723,2723,2723,2723,2723,2723,2723,2723,2723,2723,2723,
size:23
[agent] id:6
path:2282,2175,2068,1961,1962,1963,1964,1965,1966,1967,1860,1861,1862,1863,1864,1865,1758,1651,1544,1437,1330,1223,1116,1009,902,901,900,899,899,899,899,899,899,899,899,899,899,899,899,899,899,899,899,899,899,899,899,899,899,899,899,899,899,899,899,899,899,899,899,899,899,899,899,899,899,899,899,899,899,899,899,899,899,899,899,899,899,899,899,899,899,899,899,899,899,899,899,899,899,899,899,899,899,899,
goal:899,899,899,899,899,899,899,899,899,899,899,899,899,899,899,899,899,899,899,899,899,899,899,899,899,899,899,899,899,899,899,899,899,899,899,899,899,899,899,899,899,899,899,899,899,899,899,899,899,899,899,899,899,899,899,899,899,899,899,899,899,899,899,899,899,899,899,899,899,899,899,899,899,899,899,899,899,899,899,899,899,899,899,899,899,899,899,899,899,899,899,899,899,899,
size:27
[agent] id:7
path:3871,3764,3765,3766,3767,3660,3553,3446,3339,3232,3125,3018,2911,2804,2697,2590,2483,2376,2269,2162,2055,1948,1949,1950,1951,1952,1953,1954,1955,1956,1957,1958,1959,1960,1961,1962,1963,1964,1965,1966,1967,1968,1969,1970,1971,1972,1973,1974,1975,1976,1977,1978,1979,1980,1981,1982,1983,1876,1877,1877,1877,1877,1877,1877,1877,1877,1877,1877,1877,1877,1877,1877,1877,1877,1877,1877,1877,1877,1877,1877,1877,1877,1877,1877,1877,1877,1877,1877,1877,1877,1877,1877,1877,1877,
goal:1877,1877,1877,1877,1877,1877,1877,1877,1877,1877,1877,1877,1877,1877,1877,1877,1877,1877,1877,1877,1877,1877,1877,1877,1877,1877,1877,1877,1877,1877,1877,1877,1877,1877,1877,1877,1877,1877,1877,1877,1877,1877,1877,1877,1877,1877,1877,1877,1877,1877,1877,1877,1877,1877,1877,1877,1877,1877,1877,1877,1877,1877,1877,1877,1877,1877,1877,1877,1877,1877,1877,1877,1877,1877,1877,1877,1877,1877,1877,1877,1877,1877,1877,1877,1877,1877,1877,1877,1877,1877,1877,1877,1877,1877,
size:58
[agent] id:8
path:2741,2634,2527,2420,2313,2206,2099,2098,2097,2096,2095,2094,2093,2092,2091,2090,2089,2088,2087,2086,2085,2085,2085,2085,2085,2085,2085,2085,2085,2085,2085,2085,2085,2085,2085,2085,2085,2085,2085,2085,2085,2085,2085,2085,2085,2085,2085,2085,2085,2085,2085,2085,2085,2085,2085,2085,2085,2085,2085,2085,2085,2085,2085,2085,2085,2085,2085,2085,2085,2085,2085,2085,2085,2085,2085,2085,2085,2085,2085,2085,2085,2085,2085,2085,2085,2085,2085,2085,2085,2085,2085,2085,2085,2085,
goal:2085,2085,2085,2085,2085,2085,2085,2085,2085,2085,2085,2085,2085,2085,2085,2085,2085,2085,2085,2085,2085,2085,2085,2085,2085,2085,2085,2085,2085,2085,2085,2085,2085,2085,2085,2085,2085,2085,2085,2085,2085,2085,2085,2085,2085,2085,2085,2085,2085,2085,2085,2085,2085,2085,2085,2085,2085,2085,2085,2085,2085,2085,2085,2085,2085,2085,2085,2085,2085,2085,2085,2085,2085,2085,2085,2085,2085,2085,2085,2085,2085,2085,2085,2085,2085,2085,2085,2085,2085,2085,2085,2085,2085,2085,
size:20
[agent] id:9
path:2362,2363,2364,2365,2366,2367,2368,2369,2370,2371,2264,2157,2050,1943,1836,1837,1838,1839,1840,1841,1734,1627,1520,1413,1306,1199,1092,985,878,771,664,557,558,559,559,559,559,559,559,559,559,559,559,559,559,559,559,559,559,559,559,559,559,559,559,559,559,559,559,559,559,559,559,559,559,559,559,559,559,559,559,559,559,559,559,559,559,559,559,559,559,559,559,559,559,559,559,559,559,559,559,559,559,559,
goal:559,559,559,559,559,559,559,559,559,559,559,559,559,559,559,559,559,559,559,559,559,559,559,559,559,559,559,559,559,559,559,559,559,559,559,559,559,559,559,559,559,559,559,559,559,559,559,559,559,559,559,559,559,559,559,559,559,559,559,559,559,559,559,559,559,559,559,559,559,559,559,559,559,559,559,559,559,559,559,559,559,559,559,559,559,559,559,559,559,559,559,559,559,559,
size:33
[agent] id:10
path:1980,2087,2194,2301,2408,2515,2622,2729,2836,2943,3050,3049,3048,3047,3046,3045,3044,3043,3042,3041,3040,3039,3038,3037,3036,3035,3034,3033,3032,3031,3030,3029,3028,3027,3026,3025,3024,3131,3130,3129,3128,3127,3126,3125,3125,3125,3125,3125,3125,3125,3125,3125,3125,3125,3125,3125,3125,3125,3125,3125,3125,3125,3125,3125,3125,3125,3125,3125,3125,3125,3125,3125,3125,3125,3125,3125,3125,3125,3125,3125,3125,3125,3125,3125,3125,3125,3125,3125,3125,3125,3125,3125,3125,3125,
goal:3125,3125,3125,3125,3125,3125,3125,3125,3125,3125,3125,3125,3125,3125,3125,3125,3125,3125,3125,3125,3125,3125,3125,3125,3125,3125,3125,3125,3125,3125,3125,3125,3125,3125,3125,3125,3125,3125,3125,3125,3125,3125,3125,3125,3125,3125,3125,3125,3125,3125,3125,3125,3125,3125,3125,3125,3125,3125,3125,3125,3125,3125,3125,3125,3125,3125,3125,3125,3125,3125,3125,3125,3125,3125,3125,3125,3125,3125,3125,3125,3125,3125,3125,3125,3125,3125,3125,3125,3125,3125,3125,3125,3125,3125,
size:43
[agent] id:11
path:1961,1960,1959,1958,1957,1956,1955,1954,1847,1846,1845,1844,1843,1842,1735,1628,1521,1414,1307,1200,1093,986,987,988,989,990,991,992,992,992,992,992,992,992,992,992,992,992,992,992,992,992,992,992,992,992,992,992,992,992,992,992,992,992,992,992,992,992,992,992,992,992,992,992,992,992,992,992,992,992,992,992,992,992,992,992,992,992,992,992,992,992,992,992,992,992,992,992,992,992,992,992,992,992,
goal:992,992,992,992,992,992,992,992,992,992,992,992,992,992,992,992,992,992,992,992,992,992,992,992,992,992,992,992,992,992,992,992,992,992,992,992,992,992,992,992,992,992,992,992,992,992,992,992,992,992,992,992,992,992,992,992,992,992,992,992,992,992,992,992,992,992,992,992,992,992,992,992,992,992,992,992,992,992,992,992,992,992,992,992,992,992,992,992,992,992,992,992,992,992,
size:27
[agent] id:12
path:2828,2827,2826,2825,2824,2823,2822,2821,2820,2819,2818,2817,2816,2815,2814,2813,2812,2811,2810,2809,2808,2807,2806,2805,2804,2803,2802,2801,2800,2799,2692,2585,2478,2477,2476,2475,2474,2581,2688,2795,2902,3009,3008,3007,3006,3005,3004,3003,3003,3003,3003,3003,3003,3003,3003,3003,3003,3003,3003,3003,3003,3003,3003,3003,3003,3003,3003,3003,3003,3003,3003,3003,3003,3003,3003,3003,3003,3003,3003,3003,3003,3003,3003,3003,3003,3003,3003,3003,3003,3003,3003,3003,3003,3003,
goal:3003,3003,3003,3003,3003,3003,3003,3003,3003,3003,3003,3003,3003,3003,3003,3003,3003,3003,3003,3003,3003,3003,3003,3003,3003,3003,3003,3003,3003,3003,3003,3003,3003,3003,3003,3003,3003,3003,3003,3003,3003,3003,3003,3003,3003,3003,3003,3003,3003,3003,3003,3003,3003,3003,3003,3003,3003,3003,3003,3003,3003,3003,3003,3003,3003,3003,3003,3003,3003,3003,3003,3003,3003,3003,3003,3003,3003,3003,3003,3003,3003,3003,3003,3003,3003,3003,3003,3003,3003,3003,3003,3003,3003,3003,
size:47
[agent] id:13
path:2212,2319,2426,2533,2640,2639,2638,2637,2636,2635,2634,2633,2632,2631,2630,2629,2628,2627,2626,2625,2624,2623,2622,2621,2620,2619,2618,2617,2616,2616,2616,2616,2616,2616,2616,2616,2616,2616,2616,2616,2616,2616,2616,2616,2616,2616,2616,2616,2616,2616,2616,2616,2616,2616,2616,2616,2616,2616,2616,2616,2616,2616,2616,2616,2616,2616,2616,2616,2616,2616,2616,2616,2616,2616,2616,2616,2616,2616,2616,2616,2616,2616,2616,2616,2616,2616,2616,2616,2616,2616,2616,2616,2616,2616,
goal:2616,2616,2616,2616,2616,2616,2616,2616,2616,2616,2616,2616,2616,2616,2616,2616,2616,2616,2616,2616,2616,2616,2616,2616,2616,2616,2616,2616,2616,2616,2616,2616,2616,2616,2616,2616,2616,2616,2616,2616,2616,2616,2616,2616,2616,2616,2616,2616,2616,2616,2616,2616,2616,2616,2616,2616,2616,2616,2616,2616,2616,2616,2616,2616,2616,2616,2616,2616,2616,2616,2616,2616,2616,2616,2616,2616,2616,2616,2616,2616,2616,2616,2616,2616,2616,2616,2616,2616,2616,2616,2616,2616,2616,2616,
size:28
[agent] id:14
path:3186,3079,2972,2865,2758,2651,2544,2437,2330,2223,2224,2225,2226,2227,2227,2227,2227,2227,2227,2227,2227,2227,2227,2227,2227,2227,2227,2227,2227,2227,2227,2227,2227,2227,2227,2227,2227,2227,2227,2227,2227,2227,2227,2227,2227,2227,2227,2227,2227,2227,2227,2227,2227,2227,2227,2227,2227,2227,2227,2227,2227,2227,2227,2227,2227,2227,2227,2227,2227,2227,2227,2227,2227,2227,2227,2227,2227,2227,2227,2227,2227,2227,2227,2227,2227,2227,2227,2227,2227,2227,2227,2227,2227,2227,
goal:2227,2227,2227,2227,2227,2227,2227,2227,2227,2227,2227,2227,2227,2227,2227,2227,2227,2227,2227,2227,2227,2227,2227,2227,2227,2227,2227,2227,2227,2227,2227,2227,2227,2227,2227,2227,2227,2227,2227,2227,2227,2227,2227,2227,2227,2227,2227,2227,2227,2227,2227,2227,2227,2227,2227,2227,2227,2227,2227,2227,2227,2227,2227,2227,2227,2227,2227,2227,2227,2227,2227,2227,2227,2227,2227,2227,2227,2227,2227,2227,2227,2227,2227,2227,2227,2227,2227,2227,2227,2227,2227,2227,2227,2227,
size:13
[agent] id:15
path:2231,2338,2445,2552,2659,2766,2873,2872,2871,2870,2869,2868,2867,2866,2865,2864,2863,2862,2861,2860,2859,2858,2857,2856,2855,2854,2853,2852,2851,2850,2849,2848,2847,2846,2845,2844,2844,2844,2844,2844,2844,2844,2844,2844,2844,2844,2844,2844,2844,2844,2844,2844,2844,2844,2844,2844,2844,2844,2844,2844,2844,2844,2844,2844,2844,2844,2844,2844,2844,2844,2844,2844,2844,2844,2844,2844,2844,2844,2844,2844,2844,2844,2844,2844,2844,2844,2844,2844,2844,2844,2844,2844,2844,2844,
goal:2844,2844,2844,2844,2844,2844,2844,2844,2844,2844,2844,2844,2844,2844,2844,2844,2844,2844,2844,2844,2844,2844,2844,2844,2844,2844,2844,2844,2844,2844,2844,2844,2844,2844,2844,2844,2844,2844,2844,2844,2844,2844,2844,2844,2844,2844,2844,2844,2844,2844,2844,2844,2844,2844,2844,2844,2844,2844,2844,2844,2844,2844,2844,2844,2844,2844,2844,2844,2844,2844,2844,2844,2844,2844,2844,2844,2844,2844,2844,2844,2844,2844,2844,2844,2844,2844,2844,2844,2844,2844,2844,2844,2844,2844,
size:35
[agent] id:16
path:2023,2130,2237,2344,2451,2450,2449,2448,2447,2446,2339,2338,2337,2336,2335,2334,2333,2332,2331,2330,2329,2328,2327,2326,2325,2324,2323,2322,2321,2320,2319,2318,2317,2316,2315,2208,2207,2206,2205,2204,2203,2202,2201,2200,2199,2198,2197,2196,2195,2194,2193,2192,2191,2084,2083,2082,2081,2080,2079,2078,2077,2076,2075,2074,2073,2072,2071,2070,2069,2068,2067,2066,2065,2064,2063,2062,2061,2061,2061,2061,2061,2061,2061,2061,2061,2061,2061,2061,2061,2061,2061,2061,2061,2061,
goal:2061,2061,2061,2061,2061,2061,2061,2061,2061,2061,2061,2061,2061,2061,2061,2061,2061,2061,2061,2061,2061,2061,2061,2061,2061,2061,2061,2061,2061,2061,2061,2061,2061,2061,2061,2061,2061,2061,2061,2061,2061,2061,2061,2061,2061,2061,2061,2061,2061,2061,2061,2061,2061,2061,2061,2061,2061,2061,2061,2061,2061,2061,2061,2061,2061,2061,2061,2061,2061,2061,2061,2061,2061,2061,2061,2061,2061,2061,2061,2061,2061,2061,2061,2061,2061,2061,2061,2061,2061,2061,2061,2061,2061,2061,
size:76
[agent] id:17
path:2479,2478,2477,2476,2475,2474,2581,2688,2795,2902,3009,3008,3115,3115,3115,3115,3115,3115,3115,3115,3115,3115,3115,3115,3115,3115,3115,3115,3115,3115,3115,3115,3115,3115,3115,3115,3115,3115,3115,3115,3115,3115,3115,3115,3115,3115,3115,3115,3115,3115,3115,3115,3115,3115,3115,3115,3115,3115,3115,3115,3115,3115,3115,3115,3115,3115,3115,3115,3115,3115,3115,3115,3115,3115,3115,3115,3115,3115,3115,3115,3115,3115,3115,3115,3115,3115,3115,3115,3115,3115,3115,3115,3115,3115,
goal:3115,3115,3115,3115,3115,3115,3115,3115,3115,3115,3115,3115,3115,3115,3115,3115,3115,3115,3115,3115,3115,3115,3115,3115,3115,3115,3115,3115,3115,3115,3115,3115,3115,3115,3115,3115,3115,3115,3115,3115,3115,3115,3115,3115,3115,3115,3115,3115,3115,3115,3115,3115,3115,3115,3115,3115,3115,3115,3115,3115,3115,3115,3115,3115,3115,3115,3115,3115,3115,3115,3115,3115,3115,3115,3115,3115,3115,3115,3115,3115,3115,3115,3115,3115,3115,3115,3115,3115,3115,3115,3115,3115,3115,3115,
size:12
[agent] id:18
path:2910,2803,2696,2589,2482,2375,2268,2161,2054,1947,1840,1841,1734,1627,1520,1413,1306,1199,1092,985,878,771,770,769,768,767,767,767,767,767,767,767,767,767,767,767,767,767,767,767,767,767,767,767,767,767,767,767,767,767,767,767,767,767,767,767,767,767,767,767,767,767,767,767,767,767,767,767,767,767,767,767,767,767,767,767,767,767,767,767,767,767,767,767,767,767,767,767,767,767,767,767,767,767,
goal:767,767,767,767,767,767,767,767,767,767,767,767,767,767,767,767,767,767,767,767,767,767,767,767,767,767,767,767,767,767,767,767,767,767,767,767,767,767,767,767,767,767,767,767,767,767,767,767,767,767,767,767,767,767,767,767,767,767,767,767,767,767,767,767,767,767,767,767,767,767,767,767,767,767,767,767,767,767,767,767,767,767,767,767,767,767,767,767,767,767,767,767,767,767,
size:25
[agent] id:19
path:2718,2611,2504,2397,2290,2183,2076,1969,1970,1971,1972,1973,1974,1975,1976,1977,1978,1979,1980,1981,1982,1983,1984,1985,1986,1987,1988,1989,1990,1991,1884,1885,1886,1887,1888,1889,1782,1675,1568,1461,1354,1247,1248,1249,1250,1251,1252,1253,1254,1255,1255,1255,1255,1255,1255,1255,1255,1255,1255,1255,1255,1255,1255,1255,1255,1255,1255,1255,1255,1255,1255,1255,1255,1255,1255,1255,1255,1255,1255,1255,1255,1255,1255,1255,1255,1255,1255,1255,1255,1255,1255,1255,1255,1255,
goal:1255,1255,1255,1255,1255,1255,1255,1255,1255,1255,1255,1255,1255,1255,1255,1255,1255,1255,1255,1255,1255,1255,1255,1255,1255,1255,1255,1255,1255,1255,1255,1255,1255,1255,1255,1255,1255,1255,1255,1255,1255,1255,1255,1255,1255,1255,1255,1255,1255,1255,1255,1255,1255,1255,1255,1255,1255,1255,1255,1255,1255,1255,1255,1255,1255,1255,1255,1255,1255,1255,1255,1255,1255,1255,1255,1255,1255,1255,1255,1255,1255,1255,1255,1255,1255,1255,1255,1255,1255,1255,1255,1255,1255,1255,
size:49
SolutionCost:796
