[setting] seed:53
[solver] type:ECBS
[solver] w:3.000000
[solver] ID:0
[solver] Lowlevelnode:99970
[solver] solved:1
[solver] elapsed:519
[solver] makespan:103
[problem] timesteplimit:10000
[problem] type:MAPF
[problem] agentnum:20
[graph] width:107
[graph] height:47
[graph] filename:./map/orz601d.map
[task] id:14,start:0,end:0,service time:0,nodes:2912,
[task] id:3,start:0,end:0,service time:0,nodes:554,
[task] id:16,start:0,end:0,service time:0,nodes:1437,
[task] id:2,start:0,end:0,service time:0,nodes:1972,
[task] id:11,start:0,end:0,service time:0,nodes:2308,
[task] id:6,start:0,end:0,service time:0,nodes:3169,
[task] id:17,start:0,end:0,service time:0,nodes:2509,
[task] id:19,start:0,end:0,service time:0,nodes:2092,
[task] id:18,start:0,end:0,service time:0,nodes:2083,
[task] id:5,start:0,end:0,service time:0,nodes:1337,
[task] id:1,start:0,end:0,service time:0,nodes:2978,
[task] id:7,start:0,end:0,service time:0,nodes:1224,
[task] id:4,start:0,end:0,service time:0,nodes:2304,
[task] id:15,start:0,end:0,service time:0,nodes:1862,
[task] id:0,start:0,end:0,service time:0,nodes:2204,
[task] id:9,start:0,end:0,service time:0,nodes:801,
[task] id:12,start:0,end:0,service time:0,nodes:1194,
[task] id:8,start:0,end:0,service time:0,nodes:2339,
[task] id:10,start:0,end:0,service time:0,nodes:4239,
[task] id:13,start:0,end:0,service time:0,nodes:670,
[agent] id:0
path:2795,2688,2581,2474,2367,2368,2369,2370,2371,2264,2157,2158,2159,2160,2161,2162,2163,2164,2165,2166,2167,2168,2169,2170,2171,2172,2173,2174,2175,2176,2177,2178,2179,2180,2181,2182,2183,2184,2185,2186,2187,2188,2189,2190,2191,2192,2193,2194,2195,2196,2197,2198,2199,2200,2201,2202,2203,2204,2204,2204,2204,2204,2204,2204,2204,2204,2204,2204,2204,2204,2204,2204,2204,2204,2204,2204,2204,2204,2204,2204,2204,2204,2204,2204,2204,2204,2204,2204,2204,2204,2204,2204,2204,2204,2204,2204,2204,2204,2204,2204,2204,2204,2204,2204,
goal:2204,2204,2204,2204,2204,2204,2204,2204,2204,2204,2204,2204,2204,2204,2204,2204,2204,2204,2204,2204,2204,2204,2204,2204,2204,2204,2204,2204,2204,2204,2204,2204,2204,2204,2204,2204,2204,2204,2204,2204,2204,2204,2204,2204,2204,2204,2204,2204,2204,2204,2204,2204,2204,2204,2204,2204,2204,2204,2204,2204,2204,2204,2204,2204,2204,2204,2204,2204,2204,2204,2204,2204,2204,2204,2204,2204,2204,2204,2204,2204,2204,2204,2204,2204,2204,2204,2204,2204,2204,2204,2204,2204,2204,2204,2204,2204,2204,2204,2204,2204,2204,2204,2204,2204,
size:57
[agent] id:1
path:2725,2832,2939,2940,2941,2942,2943,2944,2945,2946,2947,2948,2949,2950,2951,2952,2953,2954,2955,2956,2957,2958,2959,2960,2961,2962,2963,2964,2965,2966,2967,2968,2969,2970,2971,2972,2973,2974,2975,2976,2977,2978,2978,2978,2978,2978,2978,2978,2978,2978,2978,2978,2978,2978,2978,2978,2978,2978,2978,2978,2978,2978,2978,2978,2978,2978,2978,2978,2978,2978,2978,2978,2978,2978,2978,2978,2978,2978,2978,2978,2978,2978,2978,2978,2978,2978,2978,2978,2978,2978,2978,2978,2978,2978,2978,2978,2978,2978,2978,2978,2978,2978,2978,2978,
goal:2978,2978,2978,2978,2978,2978,2978,2978,2978,2978,2978,2978,2978,2978,2978,2978,2978,2978,2978,2978,2978,2978,2978,2978,2978,2978,2978,2978,2978,2978,2978,2978,2978,2978,2978,2978,2978,2978,2978,2978,2978,2978,2978,2978,2978,2978,2978,2978,2978,2978,2978,2978,2978,2978,2978,2978,2978,2978,2978,2978,2978,2978,2978,2978,2978,2978,2978,2978,2978,2978,2978,2978,2978,2978,2978,2978,2978,2978,2978,2978,2978,2978,2978,2978,2978,2978,2978,2978,2978,2978,2978,2978,2978,2978,2978,2978,2978,2978,2978,2978,2978,2978,2978,2978,
size:41
[agent] id:2
path:2596,2489,2382,2275,2168,2061,1954,1955,1956,1957,1958,1959,1960,1961,1962,1963,1964,1965,1966,1967,1968,1969,1970,1971,1972,1972,1972,1972,1972,1972,1972,1972,1972,1972,1972,1972,1972,1972,1972,1972,1972,1972,1972,1972,1972,1972,1972,1972,1972,1972,1972,1972,1972,1972,1972,1972,1972,1972,1972,1972,1972,1972,1972,1972,1972,1972,1972,1972,1972,1972,1972,1972,1972,1972,1972,1972,1972,1972,1972,1972,1972,1972,1972,1972,1972,1972,1972,1972,1972,1972,1972,1972,1972,1972,1972,1972,1972,1972,1972,1972,1972,1972,1972,1972,
goal:1972,1972,1972,1972,1972,1972,1972,1972,1972,1972,1972,1972,1972,1972,1972,1972,1972,1972,1972,1972,1972,1972,1972,1972,1972,1972,1972,1972,1972,1972,1972,1972,1972,1972,1972,1972,1972,1972,1972,1972,1972,1972,1972,1972,1972,1972,1972,1972,1972,1972,1972,1972,1972,1972,1972,1972,1972,1972,1972,1972,1972,1972,1972,1972,1972,1972,1972,1972,1972,1972,1972,1972,1972,1972,1972,1972,1972,1972,1972,1972,1972,1972,1972,1972,1972,1972,1972,1972,1972,1972,1972,1972,1972,1972,1972,1972,1972,1972,1972,1972,1972,1972,1972,1972,
size:24
[agent] id:3
path:560,559,558,557,556,555,554,554,554,554,554,554,554,554,554,554,554,554,554,554,554,554,554,554,554,554,554,554,554,554,554,554,554,554,554,554,554,554,554,554,554,554,554,554,554,554,554,554,554,554,554,554,554,554,554,554,554,554,554,554,554,554,554,554,554,554,554,554,554,554,554,554,554,554,554,554,554,554,554,554,554,554,554,554,554,554,554,554,554,554,554,554,554,554,554,554,554,554,554,554,554,554,554,554,
goal:554,554,554,554,554,554,554,554,554,554,554,554,554,554,554,554,554,554,554,554,554,554,554,554,554,554,554,554,554,554,554,554,554,554,554,554,554,554,554,554,554,554,554,554,554,554,554,554,554,554,554,554,554,554,554,554,554,554,554,554,554,554,554,554,554,554,554,554,554,554,554,554,554,554,554,554,554,554,554,554,554,554,554,554,554,554,554,554,554,554,554,554,554,554,554,554,554,554,554,554,554,554,554,554,
size:6
[agent] id:4
path:878,985,1092,1199,1306,1413,1520,1627,1734,1841,1948,2055,2162,2269,2270,2271,2272,2273,2274,2275,2276,2277,2278,2279,2280,2281,2282,2283,2284,2285,2286,2287,2288,2289,2290,2291,2292,2293,2294,2295,2296,2297,2298,2299,2300,2301,2302,2303,2304,2304,2304,2304,2304,2304,2304,2304,2304,2304,2304,2304,2304,2304,2304,2304,2304,2304,2304,2304,2304,2304,2304,2304,2304,2304,2304,2304,2304,2304,2304,2304,2304,2304,2304,2304,2304,2304,2304,2304,2304,2304,2304,2304,2304,2304,2304,2304,2304,2304,2304,2304,2304,2304,2304,2304,
goal:2304,2304,2304,2304,2304,2304,2304,2304,2304,2304,2304,2304,2304,2304,2304,2304,2304,2304,2304,2304,2304,2304,2304,2304,2304,2304,2304,2304,2304,2304,2304,2304,2304,2304,2304,2304,2304,2304,2304,2304,2304,2304,2304,2304,2304,2304,2304,2304,2304,2304,2304,2304,2304,2304,2304,2304,2304,2304,2304,2304,2304,2304,2304,2304,2304,2304,2304,2304,2304,2304,2304,2304,2304,2304,2304,2304,2304,2304,2304,2304,2304,2304,2304,2304,2304,2304,2304,2304,2304,2304,2304,2304,2304,2304,2304,2304,2304,2304,2304,2304,2304,2304,2304,2304,
size:48
[agent] id:5
path:2812,2705,2598,2491,2384,2277,2170,2063,2064,2065,2066,2067,2068,2069,2070,2071,2072,2073,2074,2075,2076,2077,2078,2079,2080,1973,1866,1759,1652,1545,1438,1331,1332,1333,1334,1335,1336,1337,1337,1337,1337,1337,1337,1337,1337,1337,1337,1337,1337,1337,1337,1337,1337,1337,1337,1337,1337,1337,1337,1337,1337,1337,1337,1337,1337,1337,1337,1337,1337,1337,1337,1337,1337,1337,1337,1337,1337,1337,1337,1337,1337,1337,1337,1337,1337,1337,1337,1337,1337,1337,1337,1337,1337,1337,1337,1337,1337,1337,1337,1337,1337,1337,1337,1337,
goal:1337,1337,1337,1337,1337,1337,1337,1337,1337,1337,1337,1337,1337,1337,1337,1337,1337,1337,1337,1337,1337,1337,1337,1337,1337,1337,1337,1337,1337,1337,1337,1337,1337,1337,1337,1337,1337,1337,1337,1337,1337,1337,1337,1337,1337,1337,1337,1337,1337,1337,1337,1337,1337,1337,1337,1337,1337,1337,1337,1337,1337,1337,1337,1337,1337,1337,1337,1337,1337,1337,1337,1337,1337,1337,1337,1337,1337,1337,1337,1337,1337,1337,1337,1337,1337,1337,1337,1337,1337,1337,1337,1337,1337,1337,1337,1337,1337,1337,1337,1337,1337,1337,1337,1337,
size:37
[agent] id:6
path:2292,2399,2506,2613,2720,2827,2934,3041,3042,3043,3044,3045,3046,3047,3048,3049,3050,3051,3052,3053,3054,3055,3056,3057,3058,3059,3060,3061,3062,3169,3169,3169,3169,3169,3169,3169,3169,3169,3169,3169,3169,3169,3169,3169,3169,3169,3169,3169,3169,3169,3169,3169,3169,3169,3169,3169,3169,3169,3169,3169,3169,3169,3169,3169,3169,3169,3169,3169,3169,3169,3169,3169,3169,3169,3169,3169,3169,3169,3169,3169,3169,3169,3169,3169,3169,3169,3169,3169,3169,3169,3169,3169,3169,3169,3169,3169,3169,3169,3169,3169,3169,3169,3169,3169,
goal:3169,3169,3169,3169,3169,3169,3169,3169,3169,3169,3169,3169,3169,3169,3169,3169,3169,3169,3169,3169,3169,3169,3169,3169,3169,3169,3169,3169,3169,3169,3169,3169,3169,3169,3169,3169,3169,3169,3169,3169,3169,3169,3169,3169,3169,3169,3169,3169,3169,3169,3169,3169,3169,3169,3169,3169,3169,3169,3169,3169,3169,3169,3169,3169,3169,3169,3169,3169,3169,3169,3169,3169,3169,3169,3169,3169,3169,3169,3169,3169,3169,3169,3169,3169,3169,3169,3169,3169,3169,3169,3169,3169,3169,3169,3169,3169,3169,3169,3169,3169,3169,3169,3169,3169,
size:29
[agent] id:7
path:1096,1203,1310,1417,1416,1415,1414,1521,1628,1735,1842,1949,1950,1951,1952,1953,1954,1955,1956,1957,1958,1959,1960,1961,1962,1963,1964,1965,1966,1967,1860,1861,1862,1863,1864,1865,1758,1651,1544,1545,1438,1331,1224,1224,1224,1224,1224,1224,1224,1224,1224,1224,1224,1224,1224,1224,1224,1224,1224,1224,1224,1224,1224,1224,1224,1224,1224,1224,1224,1224,1224,1224,1224,1224,1224,1224,1224,1224,1224,1224,1224,1224,1224,1224,1224,1224,1224,1224,1224,1224,1224,1224,1224,1224,1224,1224,1224,1224,1224,1224,1224,1224,1224,1224,
goal:1224,1224,1224,1224,1224,1224,1224,1224,1224,1224,1224,1224,1224,1224,1224,1224,1224,1224,1224,1224,1224,1224,1224,1224,1224,1224,1224,1224,1224,1224,1224,1224,1224,1224,1224,1224,1224,1224,1224,1224,1224,1224,1224,1224,1224,1224,1224,1224,1224,1224,1224,1224,1224,1224,1224,1224,1224,1224,1224,1224,1224,1224,1224,1224,1224,1224,1224,1224,1224,1224,1224,1224,1224,1224,1224,1224,1224,1224,1224,1224,1224,1224,1224,1224,1224,1224,1224,1224,1224,1224,1224,1224,1224,1224,1224,1224,1224,1224,1224,1224,1224,1224,1224,1224,
size:42
[agent] id:8
path:2577,2470,2363,2364,2365,2366,2367,2368,2369,2370,2371,2372,2373,2374,2375,2376,2377,2378,2379,2380,2381,2382,2383,2384,2385,2386,2387,2388,2389,2390,2391,2392,2393,2394,2395,2396,2397,2398,2399,2400,2401,2402,2403,2404,2405,2406,2407,2408,2409,2410,2411,2412,2413,2414,2415,2416,2309,2310,2311,2312,2313,2314,2315,2316,2317,2318,2319,2320,2321,2322,2323,2324,2325,2326,2327,2328,2329,2330,2331,2332,2333,2334,2335,2336,2337,2338,2339,2339,2339,2339,2339,2339,2339,2339,2339,2339,2339,2339,2339,2339,2339,2339,2339,2339,
goal:2339,2339,2339,2339,2339,2339,2339,2339,2339,2339,2339,2339,2339,2339,2339,2339,2339,2339,2339,2339,2339,2339,2339,2339,2339,2339,2339,2339,2339,2339,2339,2339,2339,2339,2339,2339,2339,2339,2339,2339,2339,2339,2339,2339,2339,2339,2339,2339,2339,2339,2339,2339,2339,2339,2339,2339,2339,2339,2339,2339,2339,2339,2339,2339,2339,2339,2339,2339,2339,2339,2339,2339,2339,2339,2339,2339,2339,2339,2339,2339,2339,2339,2339,2339,2339,2339,2339,2339,2339,2339,2339,2339,2339,2339,2339,2339,2339,2339,2339,2339,2339,2339,2339,2339,
size:86
[agent] id:9
path:2150,2257,2364,2365,2366,2367,2368,2369,2370,2371,2264,2157,2050,1943,1944,1945,1946,1947,1948,1949,1950,1951,1952,1953,1954,1955,1956,1957,1958,1959,1960,1961,1962,1963,1964,1965,1966,1967,1860,1861,1862,1863,1864,1865,1758,1651,1544,1545,1438,1331,1332,1225,1118,1011,904,797,798,799,800,801,801,801,801,801,801,801,801,801,801,801,801,801,801,801,801,801,801,801,801,801,801,801,801,801,801,801,801,801,801,801,801,801,801,801,801,801,801,801,801,801,801,801,801,801,
goal:801,801,801,801,801,801,801,801,801,801,801,801,801,801,801,801,801,801,801,801,801,801,801,801,801,801,801,801,801,801,801,801,801,801,801,801,801,801,801,801,801,801,801,801,801,801,801,801,801,801,801,801,801,801,801,801,801,801,801,801,801,801,801,801,801,801,801,801,801,801,801,801,801,801,801,801,801,801,801,801,801,801,801,801,801,801,801,801,801,801,801,801,801,801,801,801,801,801,801,801,801,801,801,801,
size:59
[agent] id:10
path:2785,2678,2679,2572,2465,2466,2467,2468,2469,2470,2471,2472,2473,2474,2475,2476,2477,2478,2585,2692,2799,2906,3013,3014,3015,3016,3017,3018,3019,3020,3021,3022,3023,3024,3025,3026,3027,3028,3029,3030,3031,3032,3033,3034,3035,3036,3037,3038,3039,3040,3041,3042,3043,3044,3045,3046,3047,3048,3049,3050,3051,3052,3053,3054,3055,3056,3057,3058,3059,3060,3061,3062,3063,3170,3171,3172,3173,3280,3387,3494,3601,3708,3815,3922,4029,4136,4243,4242,4241,4240,4239,4239,4239,4239,4239,4239,4239,4239,4239,4239,4239,4239,4239,4239,
goal:4239,4239,4239,4239,4239,4239,4239,4239,4239,4239,4239,4239,4239,4239,4239,4239,4239,4239,4239,4239,4239,4239,4239,4239,4239,4239,4239,4239,4239,4239,4239,4239,4239,4239,4239,4239,4239,4239,4239,4239,4239,4239,4239,4239,4239,4239,4239,4239,4239,4239,4239,4239,4239,4239,4239,4239,4239,4239,4239,4239,4239,4239,4239,4239,4239,4239,4239,4239,4239,4239,4239,4239,4239,4239,4239,4239,4239,4239,4239,4239,4239,4239,4239,4239,4239,4239,4239,4239,4239,4239,4239,4239,4239,4239,4239,4239,4239,4239,4239,4239,4239,4239,4239,4239,
size:90
[agent] id:11
path:4243,4136,4029,3922,3815,3708,3601,3494,3387,3280,3173,3066,2959,2852,2745,2638,2531,2424,2317,2316,2315,2314,2313,2312,2311,2310,2309,2308,2308,2308,2308,2308,2308,2308,2308,2308,2308,2308,2308,2308,2308,2308,2308,2308,2308,2308,2308,2308,2308,2308,2308,2308,2308,2308,2308,2308,2308,2308,2308,2308,2308,2308,2308,2308,2308,2308,2308,2308,2308,2308,2308,2308,2308,2308,2308,2308,2308,2308,2308,2308,2308,2308,2308,2308,2308,2308,2308,2308,2308,2308,2308,2308,2308,2308,2308,2308,2308,2308,2308,2308,2308,2308,2308,2308,
goal:2308,2308,2308,2308,2308,2308,2308,2308,2308,2308,2308,2308,2308,2308,2308,2308,2308,2308,2308,2308,2308,2308,2308,2308,2308,2308,2308,2308,2308,2308,2308,2308,2308,2308,2308,2308,2308,2308,2308,2308,2308,2308,2308,2308,2308,2308,2308,2308,2308,2308,2308,2308,2308,2308,2308,2308,2308,2308,2308,2308,2308,2308,2308,2308,2308,2308,2308,2308,2308,2308,2308,2308,2308,2308,2308,2308,2308,2308,2308,2308,2308,2308,2308,2308,2308,2308,2308,2308,2308,2308,2308,2308,2308,2308,2308,2308,2308,2308,2308,2308,2308,2308,2308,2308,
size:27
[agent] id:12
path:713,820,927,1034,1141,1248,1355,1462,1569,1676,1783,1890,1997,1996,1995,1994,1993,1992,1991,1990,1989,1988,1987,1986,1985,1984,1983,1982,1981,1980,1979,1978,1977,1976,1975,1974,1973,1866,1865,1864,1971,1970,1969,1968,1967,1966,1965,1964,1963,1962,1961,1960,1959,1958,1957,1956,1955,1954,1847,1846,1845,1844,1843,1842,1735,1628,1521,1414,1307,1200,1199,1198,1197,1196,1195,1194,1194,1194,1194,1194,1194,1194,1194,1194,1194,1194,1194,1194,1194,1194,1194,1194,1194,1194,1194,1194,1194,1194,1194,1194,1194,1194,1194,1194,
goal:1194,1194,1194,1194,1194,1194,1194,1194,1194,1194,1194,1194,1194,1194,1194,1194,1194,1194,1194,1194,1194,1194,1194,1194,1194,1194,1194,1194,1194,1194,1194,1194,1194,1194,1194,1194,1194,1194,1194,1194,1194,1194,1194,1194,1194,1194,1194,1194,1194,1194,1194,1194,1194,1194,1194,1194,1194,1194,1194,1194,1194,1194,1194,1194,1194,1194,1194,1194,1194,1194,1194,1194,1194,1194,1194,1194,1194,1194,1194,1194,1194,1194,1194,1194,1194,1194,1194,1194,1194,1194,1194,1194,1194,1194,1194,1194,1194,1194,1194,1194,1194,1194,1194,1194,
size:75
[agent] id:13
path:3201,3094,2987,2880,2773,2666,2559,2558,2557,2556,2555,2554,2553,2552,2551,2550,2549,2548,2547,2546,2545,2544,2543,2542,2541,2540,2539,2538,2537,2536,2535,2534,2533,2532,2531,2530,2529,2528,2527,2526,2525,2524,2523,2522,2521,2520,2519,2518,2517,2516,2409,2302,2195,2194,2193,2192,2191,2190,2189,2082,2081,2080,2079,2078,1971,1970,1969,1968,1967,1966,1965,1964,1963,1962,1961,1960,1959,1958,1957,1956,1955,1954,1847,1846,1845,1844,1843,1842,1735,1628,1521,1414,1307,1200,1093,986,879,772,665,666,667,668,669,670,
goal:670,670,670,670,670,670,670,670,670,670,670,670,670,670,670,670,670,670,670,670,670,670,670,670,670,670,670,670,670,670,670,670,670,670,670,670,670,670,670,670,670,670,670,670,670,670,670,670,670,670,670,670,670,670,670,670,670,670,670,670,670,670,670,670,670,670,670,670,670,670,670,670,670,670,670,670,670,670,670,670,670,670,670,670,670,670,670,670,670,670,670,670,670,670,670,670,670,670,670,670,670,670,670,670,
size:103
[agent] id:14
path:2483,2590,2697,2804,2911,2912,2912,2912,2912,2912,2912,2912,2912,2912,2912,2912,2912,2912,2912,2912,2912,2912,2912,2912,2912,2912,2912,2912,2912,2912,2912,2912,2912,2912,2912,2912,2912,2912,2912,2912,2912,2912,2912,2912,2912,2912,2912,2912,2912,2912,2912,2912,2912,2912,2912,2912,2912,2912,2912,2912,2912,2912,2912,2912,2912,2912,2912,2912,2912,2912,2912,2912,2912,2912,2912,2912,2912,2912,2912,2912,2912,2912,2912,2912,2912,2912,2912,2912,2912,2912,2912,2912,2912,2912,2912,2912,2912,2912,2912,2912,2912,2912,2912,2912,
goal:2912,2912,2912,2912,2912,2912,2912,2912,2912,2912,2912,2912,2912,2912,2912,2912,2912,2912,2912,2912,2912,2912,2912,2912,2912,2912,2912,2912,2912,2912,2912,2912,2912,2912,2912,2912,2912,2912,2912,2912,2912,2912,2912,2912,2912,2912,2912,2912,2912,2912,2912,2912,2912,2912,2912,2912,2912,2912,2912,2912,2912,2912,2912,2912,2912,2912,2912,2912,2912,2912,2912,2912,2912,2912,2912,2912,2912,2912,2912,2912,2912,2912,2912,2912,2912,2912,2912,2912,2912,2912,2912,2912,2912,2912,2912,2912,2912,2912,2912,2912,2912,2912,2912,2912,
size:5
[agent] id:15
path:4460,4353,4246,4139,4032,3925,3818,3711,3604,3603,3602,3495,3388,3281,3174,3067,2960,2853,2746,2639,2532,2425,2318,2211,2104,1997,1996,1995,1994,1993,1992,1991,1990,1989,1988,1987,1986,1985,1984,1983,1982,1981,1980,1979,1978,1871,1870,1869,1868,1867,1866,1865,1864,1863,1862,1862,1862,1862,1862,1862,1862,1862,1862,1862,1862,1862,1862,1862,1862,1862,1862,1862,1862,1862,1862,1862,1862,1862,1862,1862,1862,1862,1862,1862,1862,1862,1862,1862,1862,1862,1862,1862,1862,1862,1862,1862,1862,1862,1862,1862,1862,1862,1862,1862,
goal:1862,1862,1862,1862,1862,1862,1862,1862,1862,1862,1862,1862,1862,1862,1862,1862,1862,1862,1862,1862,1862,1862,1862,1862,1862,1862,1862,1862,1862,1862,1862,1862,1862,1862,1862,1862,1862,1862,1862,1862,1862,1862,1862,1862,1862,1862,1862,1862,1862,1862,1862,1862,1862,1862,1862,1862,1862,1862,1862,1862,1862,1862,1862,1862,1862,1862,1862,1862,1862,1862,1862,1862,1862,1862,1862,1862,1862,1862,1862,1862,1862,1862,1862,1862,1862,1862,1862,1862,1862,1862,1862,1862,1862,1862,1862,1862,1862,1862,1862,1862,1862,1862,1862,1862,
size:54
[agent] id:16
path:3046,2939,2938,2831,2724,2617,2510,2403,2296,2189,2082,1975,1868,1867,1866,1759,1652,1545,1438,1437,1437,1437,1437,1437,1437,1437,1437,1437,1437,1437,1437,1437,1437,1437,1437,1437,1437,1437,1437,1437,1437,1437,1437,1437,1437,1437,1437,1437,1437,1437,1437,1437,1437,1437,1437,1437,1437,1437,1437,1437,1437,1437,1437,1437,1437,1437,1437,1437,1437,1437,1437,1437,1437,1437,1437,1437,1437,1437,1437,1437,1437,1437,1437,1437,1437,1437,1437,1437,1437,1437,1437,1437,1437,1437,1437,1437,1437,1437,1437,1437,1437,1437,1437,1437,
goal:1437,1437,1437,1437,1437,1437,1437,1437,1437,1437,1437,1437,1437,1437,1437,1437,1437,1437,1437,1437,1437,1437,1437,1437,1437,1437,1437,1437,1437,1437,1437,1437,1437,1437,1437,1437,1437,1437,1437,1437,1437,1437,1437,1437,1437,1437,1437,1437,1437,1437,1437,1437,1437,1437,1437,1437,1437,1437,1437,1437,1437,1437,1437,1437,1437,1437,1437,1437,1437,1437,1437,1437,1437,1437,1437,1437,1437,1437,1437,1437,1437,1437,1437,1437,1437,1437,1437,1437,1437,1437,1437,1437,1437,1437,1437,1437,1437,1437,1437,1437,1437,1437,1437,1437,
size:19
[agent] id:17
path:2804,2697,2698,2591,2484,2485,2486,2487,2488,2489,2490,2491,2492,2493,2494,2495,2496,2497,2498,2499,2500,2501,2502,2503,2504,2505,2506,2507,2508,2509,2509,2509,2509,2509,2509,2509,2509,2509,2509,2509,2509,2509,2509,2509,2509,2509,2509,2509,2509,2509,2509,2509,2509,2509,2509,2509,2509,2509,2509,2509,2509,2509,2509,2509,2509,2509,2509,2509,2509,2509,2509,2509,2509,2509,2509,2509,2509,2509,2509,2509,2509,2509,2509,2509,2509,2509,2509,2509,2509,2509,2509,2509,2509,2509,2509,2509,2509,2509,2509,2509,2509,2509,2509,2509,
goal:2509,2509,2509,2509,2509,2509,2509,2509,2509,2509,2509,2509,2509,2509,2509,2509,2509,2509,2509,2509,2509,2509,2509,2509,2509,2509,2509,2509,2509,2509,2509,2509,2509,2509,2509,2509,2509,2509,2509,2509,2509,2509,2509,2509,2509,2509,2509,2509,2509,2509,2509,2509,2509,2509,2509,2509,2509,2509,2509,2509,2509,2509,2509,2509,2509,2509,2509,2509,2509,2509,2509,2509,2509,2509,2509,2509,2509,2509,2509,2509,2509,2509,2509,2509,2509,2509,2509,2509,2509,2509,2509,2509,2509,2509,2509,2509,2509,2509,2509,2509,2509,2509,2509,2509,
size:29
[agent] id:18
path:2542,2435,2328,2221,2114,2113,2112,2111,2110,2109,2108,2107,2106,2105,2104,2103,2102,2101,2100,2099,2098,2097,2096,2095,2094,2093,2092,2091,2090,2089,2088,2087,2086,2085,2084,2083,2083,2083,2083,2083,2083,2083,2083,2083,2083,2083,2083,2083,2083,2083,2083,2083,2083,2083,2083,2083,2083,2083,2083,2083,2083,2083,2083,2083,2083,2083,2083,2083,2083,2083,2083,2083,2083,2083,2083,2083,2083,2083,2083,2083,2083,2083,2083,2083,2083,2083,2083,2083,2083,2083,2083,2083,2083,2083,2083,2083,2083,2083,2083,2083,2083,2083,2083,2083,
goal:2083,2083,2083,2083,2083,2083,2083,2083,2083,2083,2083,2083,2083,2083,2083,2083,2083,2083,2083,2083,2083,2083,2083,2083,2083,2083,2083,2083,2083,2083,2083,2083,2083,2083,2083,2083,2083,2083,2083,2083,2083,2083,2083,2083,2083,2083,2083,2083,2083,2083,2083,2083,2083,2083,2083,2083,2083,2083,2083,2083,2083,2083,2083,2083,2083,2083,2083,2083,2083,2083,2083,2083,2083,2083,2083,2083,2083,2083,2083,2083,2083,2083,2083,2083,2083,2083,2083,2083,2083,2083,2083,2083,2083,2083,2083,2083,2083,2083,2083,2083,2083,2083,2083,2083,
size:35
[agent] id:19
path:2759,2652,2545,2438,2331,2224,2117,2116,2115,2114,2113,2112,2111,2110,2109,2108,2107,2106,2105,2104,2103,2102,2101,2100,2099,2098,2097,2096,2095,2094,2093,2092,2092,2092,2092,2092,2092,2092,2092,2092,2092,2092,2092,2092,2092,2092,2092,2092,2092,2092,2092,2092,2092,2092,2092,2092,2092,2092,2092,2092,2092,2092,2092,2092,2092,2092,2092,2092,2092,2092,2092,2092,2092,2092,2092,2092,2092,2092,2092,2092,2092,2092,2092,2092,2092,2092,2092,2092,2092,2092,2092,2092,2092,2092,2092,2092,2092,2092,2092,2092,2092,2092,2092,2092,
goal:2092,2092,2092,2092,2092,2092,2092,2092,2092,2092,2092,2092,2092,2092,2092,2092,2092,2092,2092,2092,2092,2092,2092,2092,2092,2092,2092,2092,2092,2092,2092,2092,2092,2092,2092,2092,2092,2092,2092,2092,2092,2092,2092,2092,2092,2092,2092,2092,2092,2092,2092,2092,2092,2092,2092,2092,2092,2092,2092,2092,2092,2092,2092,2092,2092,2092,2092,2092,2092,2092,2092,2092,2092,2092,2092,2092,2092,2092,2092,2092,2092,2092,2092,2092,2092,2092,2092,2092,2092,2092,2092,2092,2092,2092,2092,2092,2092,2092,2092,2092,2092,2092,2092,2092,
size:31
SolutionCost:897
