[setting] seed:72
[solver] type:ECBS
[solver] w:3.000000
[solver] ID:0
[solver] Lowlevelnode:43606
[solver] solved:1
[solver] elapsed:166
[solver] makespan:85
[problem] timesteplimit:10000
[problem] type:MAPF
[problem] agentnum:30
[graph] width:107
[graph] height:47
[graph] filename:./map/orz601d.map
[task] id:22,start:0,end:0,service time:0,nodes:3020,
[task] id:14,start:0,end:0,service time:0,nodes:3187,
[task] id:0,start:0,end:0,service time:0,nodes:2321,
[task] id:17,start:0,end:0,service time:0,nodes:1860,
[task] id:8,start:0,end:0,service time:0,nodes:2305,
[task] id:27,start:0,end:0,service time:0,nodes:2925,
[task] id:26,start:0,end:0,service time:0,nodes:2594,
[task] id:5,start:0,end:0,service time:0,nodes:3143,
[task] id:21,start:0,end:0,service time:0,nodes:2011,
[task] id:9,start:0,end:0,service time:0,nodes:2038,
[task] id:16,start:0,end:0,service time:0,nodes:1110,
[task] id:2,start:0,end:0,service time:0,nodes:2844,
[task] id:7,start:0,end:0,service time:0,nodes:3171,
[task] id:13,start:0,end:0,service time:0,nodes:3219,
[task] id:19,start:0,end:0,service time:0,nodes:2180,
[task] id:6,start:0,end:0,service time:0,nodes:4304,
[task] id:3,start:0,end:0,service time:0,nodes:2473,
[task] id:1,start:0,end:0,service time:0,nodes:2788,
[task] id:10,start:0,end:0,service time:0,nodes:1229,
[task] id:18,start:0,end:0,service time:0,nodes:2320,
[task] id:20,start:0,end:0,service time:0,nodes:477,
[task] id:4,start:0,end:0,service time:0,nodes:2978,
[task] id:28,start:0,end:0,service time:0,nodes:1031,
[task] id:25,start:0,end:0,service time:0,nodes:2921,
[task] id:11,start:0,end:0,service time:0,nodes:3821,
[task] id:12,start:0,end:0,service time:0,nodes:4302,
[task] id:15,start:0,end:0,service time:0,nodes:1145,
[task] id:23,start:0,end:0,service time:0,nodes:4190,
[task] id:24,start:0,end:0,service time:0,nodes:1901,
[task] id:29,start:0,end:0,service time:0,nodes:4458,
[agent] id:0
path:923,1030,1137,1244,1351,1458,1459,1460,1461,1568,1675,1782,1889,1996,2103,2210,2317,2318,2319,2320,2321,2321,2321,2321,2321,2321,2321,2321,2321,2321,2321,2321,2321,2321,2321,2321,2321,2321,2321,2321,2321,2321,2321,2321,2321,2321,2321,2321,2321,2321,2321,2321,2321,2321,2321,2321,2321,2321,2321,2321,2321,2321,2321,2321,2321,2321,2321,2321,2321,2321,2321,2321,2321,2321,2321,2321,2321,2321,2321,2321,2321,2321,2321,2321,2321,2321,
goal:2321,2321,2321,2321,2321,2321,2321,2321,2321,2321,2321,2321,2321,2321,2321,2321,2321,2321,2321,2321,2321,2321,2321,2321,2321,2321,2321,2321,2321,2321,2321,2321,2321,2321,2321,2321,2321,2321,2321,2321,2321,2321,2321,2321,2321,2321,2321,2321,2321,2321,2321,2321,2321,2321,2321,2321,2321,2321,2321,2321,2321,2321,2321,2321,2321,2321,2321,2321,2321,2321,2321,2321,2321,2321,2321,2321,2321,2321,2321,2321,2321,2321,2321,2321,2321,2321,
size:20
[agent] id:1
path:1979,2086,2193,2300,2407,2514,2513,2512,2511,2510,2509,2508,2507,2506,2505,2504,2503,2502,2501,2500,2499,2498,2497,2496,2495,2494,2493,2492,2491,2490,2489,2488,2487,2486,2485,2484,2483,2482,2481,2480,2479,2478,2477,2476,2475,2474,2581,2688,2795,2794,2793,2792,2791,2790,2789,2788,2788,2788,2788,2788,2788,2788,2788,2788,2788,2788,2788,2788,2788,2788,2788,2788,2788,2788,2788,2788,2788,2788,2788,2788,2788,2788,2788,2788,2788,2788,
goal:2788,2788,2788,2788,2788,2788,2788,2788,2788,2788,2788,2788,2788,2788,2788,2788,2788,2788,2788,2788,2788,2788,2788,2788,2788,2788,2788,2788,2788,2788,2788,2788,2788,2788,2788,2788,2788,2788,2788,2788,2788,2788,2788,2788,2788,2788,2788,2788,2788,2788,2788,2788,2788,2788,2788,2788,2788,2788,2788,2788,2788,2788,2788,2788,2788,2788,2788,2788,2788,2788,2788,2788,2788,2788,2788,2788,2788,2788,2788,2788,2788,2788,2788,2788,2788,2788,
size:55
[agent] id:2
path:2693,2800,2801,2802,2803,2804,2805,2806,2807,2808,2809,2810,2811,2812,2813,2814,2815,2816,2817,2818,2819,2820,2821,2822,2823,2824,2825,2826,2827,2828,2829,2830,2831,2832,2833,2834,2835,2836,2837,2838,2839,2840,2841,2842,2843,2844,2844,2844,2844,2844,2844,2844,2844,2844,2844,2844,2844,2844,2844,2844,2844,2844,2844,2844,2844,2844,2844,2844,2844,2844,2844,2844,2844,2844,2844,2844,2844,2844,2844,2844,2844,2844,2844,2844,2844,2844,
goal:2844,2844,2844,2844,2844,2844,2844,2844,2844,2844,2844,2844,2844,2844,2844,2844,2844,2844,2844,2844,2844,2844,2844,2844,2844,2844,2844,2844,2844,2844,2844,2844,2844,2844,2844,2844,2844,2844,2844,2844,2844,2844,2844,2844,2844,2844,2844,2844,2844,2844,2844,2844,2844,2844,2844,2844,2844,2844,2844,2844,2844,2844,2844,2844,2844,2844,2844,2844,2844,2844,2844,2844,2844,2844,2844,2844,2844,2844,2844,2844,2844,2844,2844,2844,2844,2844,
size:45
[agent] id:3
path:900,1007,1114,1221,1328,1435,1436,1437,1544,1651,1758,1865,1972,2079,2186,2293,2400,2507,2506,2505,2504,2503,2502,2501,2500,2499,2498,2497,2496,2495,2494,2493,2492,2491,2490,2489,2488,2487,2486,2485,2484,2483,2482,2481,2480,2479,2478,2477,2476,2475,2474,2473,2473,2473,2473,2473,2473,2473,2473,2473,2473,2473,2473,2473,2473,2473,2473,2473,2473,2473,2473,2473,2473,2473,2473,2473,2473,2473,2473,2473,2473,2473,2473,2473,2473,2473,
goal:2473,2473,2473,2473,2473,2473,2473,2473,2473,2473,2473,2473,2473,2473,2473,2473,2473,2473,2473,2473,2473,2473,2473,2473,2473,2473,2473,2473,2473,2473,2473,2473,2473,2473,2473,2473,2473,2473,2473,2473,2473,2473,2473,2473,2473,2473,2473,2473,2473,2473,2473,2473,2473,2473,2473,2473,2473,2473,2473,2473,2473,2473,2473,2473,2473,2473,2473,2473,2473,2473,2473,2473,2473,2473,2473,2473,2473,2473,2473,2473,2473,2473,2473,2473,2473,2473,
size:51
[agent] id:4
path:3019,2912,2913,2914,2915,2916,2917,2918,2919,2920,2921,2922,2923,2924,2925,2926,2927,2928,2929,2930,2931,2932,2933,2934,2935,2936,2937,2938,2939,2940,2941,2942,2943,2944,2945,2946,2947,2948,2949,2950,2951,2952,2953,2954,2955,2956,2957,2958,2959,2960,2961,2962,2963,2964,2965,2966,2967,2968,2969,2970,2971,2972,2973,2974,2975,2976,2977,2978,2978,2978,2978,2978,2978,2978,2978,2978,2978,2978,2978,2978,2978,2978,2978,2978,2978,2978,
goal:2978,2978,2978,2978,2978,2978,2978,2978,2978,2978,2978,2978,2978,2978,2978,2978,2978,2978,2978,2978,2978,2978,2978,2978,2978,2978,2978,2978,2978,2978,2978,2978,2978,2978,2978,2978,2978,2978,2978,2978,2978,2978,2978,2978,2978,2978,2978,2978,2978,2978,2978,2978,2978,2978,2978,2978,2978,2978,2978,2978,2978,2978,2978,2978,2978,2978,2978,2978,2978,2978,2978,2978,2978,2978,2978,2978,2978,2978,2978,2978,2978,2978,2978,2978,2978,2978,
size:67
[agent] id:5
path:2854,2961,3068,3067,3066,3065,3064,3063,3062,3061,3060,3059,3058,3057,3056,3055,3054,3053,3052,3051,3050,3049,3048,3047,3046,3045,3044,3043,3042,3041,3040,3039,3038,3037,3036,3143,3143,3143,3143,3143,3143,3143,3143,3143,3143,3143,3143,3143,3143,3143,3143,3143,3143,3143,3143,3143,3143,3143,3143,3143,3143,3143,3143,3143,3143,3143,3143,3143,3143,3143,3143,3143,3143,3143,3143,3143,3143,3143,3143,3143,3143,3143,3143,3143,3143,3143,
goal:3143,3143,3143,3143,3143,3143,3143,3143,3143,3143,3143,3143,3143,3143,3143,3143,3143,3143,3143,3143,3143,3143,3143,3143,3143,3143,3143,3143,3143,3143,3143,3143,3143,3143,3143,3143,3143,3143,3143,3143,3143,3143,3143,3143,3143,3143,3143,3143,3143,3143,3143,3143,3143,3143,3143,3143,3143,3143,3143,3143,3143,3143,3143,3143,3143,3143,3143,3143,3143,3143,3143,3143,3143,3143,3143,3143,3143,3143,3143,3143,3143,3143,3143,3143,3143,3143,
size:35
[agent] id:6
path:3056,3055,3054,3053,3052,3051,3050,3049,3048,3047,3046,3045,3044,3043,3042,3041,3040,3039,3038,3037,3036,3035,3034,3033,3032,3031,3030,3029,3028,3027,3026,3025,3024,3131,3238,3345,3344,3343,3342,3341,3340,3447,3554,3661,3768,3875,3982,4089,4196,4303,4304,4304,4304,4304,4304,4304,4304,4304,4304,4304,4304,4304,4304,4304,4304,4304,4304,4304,4304,4304,4304,4304,4304,4304,4304,4304,4304,4304,4304,4304,4304,4304,4304,4304,4304,4304,
goal:4304,4304,4304,4304,4304,4304,4304,4304,4304,4304,4304,4304,4304,4304,4304,4304,4304,4304,4304,4304,4304,4304,4304,4304,4304,4304,4304,4304,4304,4304,4304,4304,4304,4304,4304,4304,4304,4304,4304,4304,4304,4304,4304,4304,4304,4304,4304,4304,4304,4304,4304,4304,4304,4304,4304,4304,4304,4304,4304,4304,4304,4304,4304,4304,4304,4304,4304,4304,4304,4304,4304,4304,4304,4304,4304,4304,4304,4304,4304,4304,4304,4304,4304,4304,4304,4304,
size:50
[agent] id:7
path:1324,1325,1326,1433,1434,1434,1435,1436,1437,1544,1651,1758,1865,1972,2079,2186,2293,2400,2507,2614,2721,2828,2935,2936,2937,2938,2939,2940,2941,2942,2943,2944,2945,2946,3053,3054,3055,3056,3057,3058,3059,3060,3061,3062,3169,3170,3171,3171,3171,3171,3171,3171,3171,3171,3171,3171,3171,3171,3171,3171,3171,3171,3171,3171,3171,3171,3171,3171,3171,3171,3171,3171,3171,3171,3171,3171,3171,3171,3171,3171,3171,3171,3171,3171,3171,3171,
goal:3171,3171,3171,3171,3171,3171,3171,3171,3171,3171,3171,3171,3171,3171,3171,3171,3171,3171,3171,3171,3171,3171,3171,3171,3171,3171,3171,3171,3171,3171,3171,3171,3171,3171,3171,3171,3171,3171,3171,3171,3171,3171,3171,3171,3171,3171,3171,3171,3171,3171,3171,3171,3171,3171,3171,3171,3171,3171,3171,3171,3171,3171,3171,3171,3171,3171,3171,3171,3171,3171,3171,3171,3171,3171,3171,3171,3171,3171,3171,3171,3171,3171,3171,3171,3171,3171,
size:46
[agent] id:8
path:1348,1349,1350,1457,1458,1459,1460,1461,1568,1675,1782,1889,1996,2103,2210,2317,2316,2315,2314,2313,2312,2311,2310,2309,2308,2307,2306,2305,2305,2305,2305,2305,2305,2305,2305,2305,2305,2305,2305,2305,2305,2305,2305,2305,2305,2305,2305,2305,2305,2305,2305,2305,2305,2305,2305,2305,2305,2305,2305,2305,2305,2305,2305,2305,2305,2305,2305,2305,2305,2305,2305,2305,2305,2305,2305,2305,2305,2305,2305,2305,2305,2305,2305,2305,2305,2305,
goal:2305,2305,2305,2305,2305,2305,2305,2305,2305,2305,2305,2305,2305,2305,2305,2305,2305,2305,2305,2305,2305,2305,2305,2305,2305,2305,2305,2305,2305,2305,2305,2305,2305,2305,2305,2305,2305,2305,2305,2305,2305,2305,2305,2305,2305,2305,2305,2305,2305,2305,2305,2305,2305,2305,2305,2305,2305,2305,2305,2305,2305,2305,2305,2305,2305,2305,2305,2305,2305,2305,2305,2305,2305,2305,2305,2305,2305,2305,2305,2305,2305,2305,2305,2305,2305,2305,
size:27
[agent] id:9
path:452,559,666,773,880,987,1094,1201,1308,1415,1414,1521,1628,1735,1842,1949,2056,2055,2054,2053,2052,2051,2050,2157,2264,2371,2370,2369,2368,2367,2260,2153,2046,2045,2044,2043,2042,2041,2040,2039,2038,2038,2038,2038,2038,2038,2038,2038,2038,2038,2038,2038,2038,2038,2038,2038,2038,2038,2038,2038,2038,2038,2038,2038,2038,2038,2038,2038,2038,2038,2038,2038,2038,2038,2038,2038,2038,2038,2038,2038,2038,2038,2038,2038,2038,2038,
goal:2038,2038,2038,2038,2038,2038,2038,2038,2038,2038,2038,2038,2038,2038,2038,2038,2038,2038,2038,2038,2038,2038,2038,2038,2038,2038,2038,2038,2038,2038,2038,2038,2038,2038,2038,2038,2038,2038,2038,2038,2038,2038,2038,2038,2038,2038,2038,2038,2038,2038,2038,2038,2038,2038,2038,2038,2038,2038,2038,2038,2038,2038,2038,2038,2038,2038,2038,2038,2038,2038,2038,2038,2038,2038,2038,2038,2038,2038,2038,2038,2038,2038,2038,2038,2038,2038,
size:40
[agent] id:10
path:4196,4089,3982,3875,3768,3661,3554,3447,3340,3233,3126,3019,2912,2805,2698,2591,2484,2377,2270,2163,2056,1949,1950,1951,1952,1953,1954,1955,1956,1957,1958,1959,1960,1961,1962,1963,1964,1965,1966,1967,1968,1861,1862,1863,1864,1865,1758,1651,1544,1437,1330,1223,1224,1225,1226,1227,1228,1229,1229,1229,1229,1229,1229,1229,1229,1229,1229,1229,1229,1229,1229,1229,1229,1229,1229,1229,1229,1229,1229,1229,1229,1229,1229,1229,1229,1229,
goal:1229,1229,1229,1229,1229,1229,1229,1229,1229,1229,1229,1229,1229,1229,1229,1229,1229,1229,1229,1229,1229,1229,1229,1229,1229,1229,1229,1229,1229,1229,1229,1229,1229,1229,1229,1229,1229,1229,1229,1229,1229,1229,1229,1229,1229,1229,1229,1229,1229,1229,1229,1229,1229,1229,1229,1229,1229,1229,1229,1229,1229,1229,1229,1229,1229,1229,1229,1229,1229,1229,1229,1229,1229,1229,1229,1229,1229,1229,1229,1229,1229,1229,1229,1229,1229,1229,
size:57
[agent] id:11
path:3878,3771,3770,3769,3769,3768,3661,3554,3447,3340,3233,3126,3127,3128,3021,3022,3023,3024,3025,3026,3027,3028,3029,3030,3031,2924,3031,3032,3033,3034,3035,3036,3037,2930,2931,2932,2933,2934,2935,2936,2937,2938,3045,3046,3047,3048,3049,3050,3051,3052,3053,3054,3055,3056,3057,3058,3059,3060,3061,3062,3063,3064,3065,3172,3173,3280,3387,3494,3601,3708,3815,3816,3817,3818,3819,3820,3821,3821,3821,3821,3821,3821,3821,3821,3821,3821,
goal:3821,3821,3821,3821,3821,3821,3821,3821,3821,3821,3821,3821,3821,3821,3821,3821,3821,3821,3821,3821,3821,3821,3821,3821,3821,3821,3821,3821,3821,3821,3821,3821,3821,3821,3821,3821,3821,3821,3821,3821,3821,3821,3821,3821,3821,3821,3821,3821,3821,3821,3821,3821,3821,3821,3821,3821,3821,3821,3821,3821,3821,3821,3821,3821,3821,3821,3821,3821,3821,3821,3821,3821,3821,3821,3821,3821,3821,3821,3821,3821,3821,3821,3821,3821,3821,3821,
size:76
[agent] id:12
path:2974,3081,3080,3079,3078,3077,3076,3075,3074,3073,3072,3071,3070,3069,3068,3067,3066,3065,3064,3063,3062,3061,3060,3059,3058,3057,3056,3055,3054,3053,3052,3051,3050,3049,3048,3047,3046,3045,3044,3043,3042,3041,3040,3039,3038,3037,3036,3035,3034,3033,3032,3031,3030,3029,3028,3027,3026,3025,3024,3131,3238,3345,3344,3343,3342,3341,3340,3447,3554,3661,3768,3875,3982,4089,4196,4303,4302,4302,4302,4302,4302,4302,4302,4302,4302,4302,
goal:4302,4302,4302,4302,4302,4302,4302,4302,4302,4302,4302,4302,4302,4302,4302,4302,4302,4302,4302,4302,4302,4302,4302,4302,4302,4302,4302,4302,4302,4302,4302,4302,4302,4302,4302,4302,4302,4302,4302,4302,4302,4302,4302,4302,4302,4302,4302,4302,4302,4302,4302,4302,4302,4302,4302,4302,4302,4302,4302,4302,4302,4302,4302,4302,4302,4302,4302,4302,4302,4302,4302,4302,4302,4302,4302,4302,4302,4302,4302,4302,4302,4302,4302,4302,4302,4302,
size:76
[agent] id:13
path:2511,2510,2509,2508,2507,2506,2505,2504,2503,2502,2501,2500,2499,2498,2497,2496,2495,2494,2493,2492,2491,2490,2489,2488,2487,2486,2485,2484,2483,2482,2481,2480,2479,2478,2477,2476,2475,2474,2581,2688,2795,2902,3009,3008,3115,3222,3221,3220,3219,3219,3219,3219,3219,3219,3219,3219,3219,3219,3219,3219,3219,3219,3219,3219,3219,3219,3219,3219,3219,3219,3219,3219,3219,3219,3219,3219,3219,3219,3219,3219,3219,3219,3219,3219,3219,3219,
goal:3219,3219,3219,3219,3219,3219,3219,3219,3219,3219,3219,3219,3219,3219,3219,3219,3219,3219,3219,3219,3219,3219,3219,3219,3219,3219,3219,3219,3219,3219,3219,3219,3219,3219,3219,3219,3219,3219,3219,3219,3219,3219,3219,3219,3219,3219,3219,3219,3219,3219,3219,3219,3219,3219,3219,3219,3219,3219,3219,3219,3219,3219,3219,3219,3219,3219,3219,3219,3219,3219,3219,3219,3219,3219,3219,3219,3219,3219,3219,3219,3219,3219,3219,3219,3219,3219,
size:48
[agent] id:14
path:3196,3195,3194,3193,3086,3085,3084,3083,3082,3081,3080,3187,3187,3187,3187,3187,3187,3187,3187,3187,3187,3187,3187,3187,3187,3187,3187,3187,3187,3187,3187,3187,3187,3187,3187,3187,3187,3187,3187,3187,3187,3187,3187,3187,3187,3187,3187,3187,3187,3187,3187,3187,3187,3187,3187,3187,3187,3187,3187,3187,3187,3187,3187,3187,3187,3187,3187,3187,3187,3187,3187,3187,3187,3187,3187,3187,3187,3187,3187,3187,3187,3187,3187,3187,3187,3187,
goal:3187,3187,3187,3187,3187,3187,3187,3187,3187,3187,3187,3187,3187,3187,3187,3187,3187,3187,3187,3187,3187,3187,3187,3187,3187,3187,3187,3187,3187,3187,3187,3187,3187,3187,3187,3187,3187,3187,3187,3187,3187,3187,3187,3187,3187,3187,3187,3187,3187,3187,3187,3187,3187,3187,3187,3187,3187,3187,3187,3187,3187,3187,3187,3187,3187,3187,3187,3187,3187,3187,3187,3187,3187,3187,3187,3187,3187,3187,3187,3187,3187,3187,3187,3187,3187,3187,
size:11
[agent] id:15
path:2040,2041,2042,2043,2044,2045,2046,2153,2260,2367,2368,2369,2370,2371,2264,2157,2050,1943,1944,1945,1946,1947,1948,1949,1950,1951,1952,1953,1954,1955,1956,1957,1958,1959,1960,1961,1962,1963,1964,1965,1966,1967,1968,1969,1970,1971,1972,1973,1974,1975,1976,1977,1978,1979,1980,1981,1982,1983,1984,1985,1986,1987,1988,1989,1990,1991,1884,1885,1886,1887,1888,1889,1782,1675,1568,1461,1354,1247,1140,1141,1142,1143,1144,1145,1145,1145,
goal:1145,1145,1145,1145,1145,1145,1145,1145,1145,1145,1145,1145,1145,1145,1145,1145,1145,1145,1145,1145,1145,1145,1145,1145,1145,1145,1145,1145,1145,1145,1145,1145,1145,1145,1145,1145,1145,1145,1145,1145,1145,1145,1145,1145,1145,1145,1145,1145,1145,1145,1145,1145,1145,1145,1145,1145,1145,1145,1145,1145,1145,1145,1145,1145,1145,1145,1145,1145,1145,1145,1145,1145,1145,1145,1145,1145,1145,1145,1145,1145,1145,1145,1145,1145,1145,1145,
size:83
[agent] id:16
path:2531,2424,2317,2210,2103,2102,2101,2100,2099,2098,2097,2096,2095,2094,1987,1986,1985,1984,1983,1982,1981,1980,1979,1978,1871,1870,1869,1868,1867,1866,1759,1652,1545,1438,1331,1224,1117,1116,1115,1114,1113,1112,1111,1110,1110,1110,1110,1110,1110,1110,1110,1110,1110,1110,1110,1110,1110,1110,1110,1110,1110,1110,1110,1110,1110,1110,1110,1110,1110,1110,1110,1110,1110,1110,1110,1110,1110,1110,1110,1110,1110,1110,1110,1110,1110,1110,
goal:1110,1110,1110,1110,1110,1110,1110,1110,1110,1110,1110,1110,1110,1110,1110,1110,1110,1110,1110,1110,1110,1110,1110,1110,1110,1110,1110,1110,1110,1110,1110,1110,1110,1110,1110,1110,1110,1110,1110,1110,1110,1110,1110,1110,1110,1110,1110,1110,1110,1110,1110,1110,1110,1110,1110,1110,1110,1110,1110,1110,1110,1110,1110,1110,1110,1110,1110,1110,1110,1110,1110,1110,1110,1110,1110,1110,1110,1110,1110,1110,1110,1110,1110,1110,1110,1110,
size:43
[agent] id:17
path:2916,2809,2702,2595,2488,2381,2274,2167,2060,1953,1954,1955,1956,1957,1958,1959,1960,1961,1962,1963,1964,1965,1966,1967,1860,1860,1860,1860,1860,1860,1860,1860,1860,1860,1860,1860,1860,1860,1860,1860,1860,1860,1860,1860,1860,1860,1860,1860,1860,1860,1860,1860,1860,1860,1860,1860,1860,1860,1860,1860,1860,1860,1860,1860,1860,1860,1860,1860,1860,1860,1860,1860,1860,1860,1860,1860,1860,1860,1860,1860,1860,1860,1860,1860,1860,1860,
goal:1860,1860,1860,1860,1860,1860,1860,1860,1860,1860,1860,1860,1860,1860,1860,1860,1860,1860,1860,1860,1860,1860,1860,1860,1860,1860,1860,1860,1860,1860,1860,1860,1860,1860,1860,1860,1860,1860,1860,1860,1860,1860,1860,1860,1860,1860,1860,1860,1860,1860,1860,1860,1860,1860,1860,1860,1860,1860,1860,1860,1860,1860,1860,1860,1860,1860,1860,1860,1860,1860,1860,1860,1860,1860,1860,1860,1860,1860,1860,1860,1860,1860,1860,1860,1860,1860,
size:24
[agent] id:18
path:1093,1200,1307,1414,1521,1628,1735,1842,1949,1950,2057,2058,2059,2060,2061,2062,2063,2064,2065,2066,2067,2068,2069,2070,2071,2072,2073,2074,2075,2076,2077,2078,2079,2080,2081,2082,2083,2084,2085,2192,2193,2194,2195,2196,2197,2198,2199,2306,2307,2308,2309,2310,2311,2312,2313,2314,2315,2316,2317,2318,2319,2320,2320,2320,2320,2320,2320,2320,2320,2320,2320,2320,2320,2320,2320,2320,2320,2320,2320,2320,2320,2320,2320,2320,2320,2320,
goal:2320,2320,2320,2320,2320,2320,2320,2320,2320,2320,2320,2320,2320,2320,2320,2320,2320,2320,2320,2320,2320,2320,2320,2320,2320,2320,2320,2320,2320,2320,2320,2320,2320,2320,2320,2320,2320,2320,2320,2320,2320,2320,2320,2320,2320,2320,2320,2320,2320,2320,2320,2320,2320,2320,2320,2320,2320,2320,2320,2320,2320,2320,2320,2320,2320,2320,2320,2320,2320,2320,2320,2320,2320,2320,2320,2320,2320,2320,2320,2320,2320,2320,2320,2320,2320,2320,
size:61
[agent] id:19
path:2228,2227,2226,2225,2224,2223,2222,2221,2220,2219,2218,2217,2216,2215,2214,2213,2212,2211,2210,2209,2208,2207,2206,2205,2204,2203,2202,2201,2200,2199,2198,2197,2196,2195,2194,2193,2192,2191,2190,2189,2188,2187,2186,2185,2184,2183,2182,2181,2180,2180,2180,2180,2180,2180,2180,2180,2180,2180,2180,2180,2180,2180,2180,2180,2180,2180,2180,2180,2180,2180,2180,2180,2180,2180,2180,2180,2180,2180,2180,2180,2180,2180,2180,2180,2180,2180,
goal:2180,2180,2180,2180,2180,2180,2180,2180,2180,2180,2180,2180,2180,2180,2180,2180,2180,2180,2180,2180,2180,2180,2180,2180,2180,2180,2180,2180,2180,2180,2180,2180,2180,2180,2180,2180,2180,2180,2180,2180,2180,2180,2180,2180,2180,2180,2180,2180,2180,2180,2180,2180,2180,2180,2180,2180,2180,2180,2180,2180,2180,2180,2180,2180,2180,2180,2180,2180,2180,2180,2180,2180,2180,2180,2180,2180,2180,2180,2180,2180,2180,2180,2180,2180,2180,2180,
size:48
[agent] id:20
path:4095,3988,3881,3774,3773,3772,3771,3770,3769,3768,3661,3554,3447,3340,3233,3126,3019,2912,2805,2698,2591,2484,2377,2270,2163,2056,1949,1950,1951,1952,1953,1954,1955,1956,1957,1958,1959,1960,1961,1962,1963,1964,1965,1966,1967,1968,1861,1862,1863,1864,1865,1758,1651,1544,1437,1330,1223,1116,1009,902,795,688,581,474,475,476,477,477,477,477,477,477,477,477,477,477,477,477,477,477,477,477,477,477,477,477,
goal:477,477,477,477,477,477,477,477,477,477,477,477,477,477,477,477,477,477,477,477,477,477,477,477,477,477,477,477,477,477,477,477,477,477,477,477,477,477,477,477,477,477,477,477,477,477,477,477,477,477,477,477,477,477,477,477,477,477,477,477,477,477,477,477,477,477,477,477,477,477,477,477,477,477,477,477,477,477,477,477,477,477,477,477,477,477,
size:66
[agent] id:21
path:2623,2516,2409,2302,2195,2088,1981,1982,1983,1984,1985,1986,1987,1988,1989,1990,1991,1992,1993,1994,1995,1996,1997,1998,1999,2000,2001,2002,2003,2004,2005,2006,2007,2008,2009,2010,2011,2011,2011,2011,2011,2011,2011,2011,2011,2011,2011,2011,2011,2011,2011,2011,2011,2011,2011,2011,2011,2011,2011,2011,2011,2011,2011,2011,2011,2011,2011,2011,2011,2011,2011,2011,2011,2011,2011,2011,2011,2011,2011,2011,2011,2011,2011,2011,2011,2011,
goal:2011,2011,2011,2011,2011,2011,2011,2011,2011,2011,2011,2011,2011,2011,2011,2011,2011,2011,2011,2011,2011,2011,2011,2011,2011,2011,2011,2011,2011,2011,2011,2011,2011,2011,2011,2011,2011,2011,2011,2011,2011,2011,2011,2011,2011,2011,2011,2011,2011,2011,2011,2011,2011,2011,2011,2011,2011,2011,2011,2011,2011,2011,2011,2011,2011,2011,2011,2011,2011,2011,2011,2011,2011,2011,2011,2011,2011,2011,2011,2011,2011,2011,2011,2011,2011,2011,
size:36
[agent] id:22
path:2489,2596,2703,2810,2917,3024,3023,3022,3021,3020,3020,3020,3020,3020,3020,3020,3020,3020,3020,3020,3020,3020,3020,3020,3020,3020,3020,3020,3020,3020,3020,3020,3020,3020,3020,3020,3020,3020,3020,3020,3020,3020,3020,3020,3020,3020,3020,3020,3020,3020,3020,3020,3020,3020,3020,3020,3020,3020,3020,3020,3020,3020,3020,3020,3020,3020,3020,3020,3020,3020,3020,3020,3020,3020,3020,3020,3020,3020,3020,3020,3020,3020,3020,3020,3020,3020,
goal:3020,3020,3020,3020,3020,3020,3020,3020,3020,3020,3020,3020,3020,3020,3020,3020,3020,3020,3020,3020,3020,3020,3020,3020,3020,3020,3020,3020,3020,3020,3020,3020,3020,3020,3020,3020,3020,3020,3020,3020,3020,3020,3020,3020,3020,3020,3020,3020,3020,3020,3020,3020,3020,3020,3020,3020,3020,3020,3020,3020,3020,3020,3020,3020,3020,3020,3020,3020,3020,3020,3020,3020,3020,3020,3020,3020,3020,3020,3020,3020,3020,3020,3020,3020,3020,3020,
size:9
[agent] id:23
path:1457,1458,1459,1460,1461,1568,1675,1782,1889,1996,2103,2210,2317,2424,2531,2638,2745,2852,2959,3066,3065,3064,3063,3062,3061,3060,3059,3058,3057,3056,3055,3054,3053,3052,3051,3050,3049,3048,3047,3046,3045,3044,3043,3042,3041,3040,3039,3038,3037,3036,3035,3034,3033,3032,3031,3030,3029,3028,3027,3026,3025,3024,3131,3238,3345,3344,3343,3342,3341,3340,3447,3554,3661,3768,3875,3982,4089,4196,4195,4194,4193,4192,4191,4190,4190,4190,
goal:4190,4190,4190,4190,4190,4190,4190,4190,4190,4190,4190,4190,4190,4190,4190,4190,4190,4190,4190,4190,4190,4190,4190,4190,4190,4190,4190,4190,4190,4190,4190,4190,4190,4190,4190,4190,4190,4190,4190,4190,4190,4190,4190,4190,4190,4190,4190,4190,4190,4190,4190,4190,4190,4190,4190,4190,4190,4190,4190,4190,4190,4190,4190,4190,4190,4190,4190,4190,4190,4190,4190,4190,4190,4190,4190,4190,4190,4190,4190,4190,4190,4190,4190,4190,4190,4190,
size:83
[agent] id:24
path:4198,4091,3984,3877,3770,3769,3768,3661,3554,3447,3340,3233,3126,3019,2912,2805,2698,2591,2484,2377,2270,2163,2056,2057,2058,2059,2060,2061,2062,2063,2064,2065,2066,2067,2068,2069,2070,2071,2072,2073,2074,2075,2076,2077,2078,2079,2080,2081,2082,2083,2084,2085,2086,2087,2088,2089,2090,2091,2092,2093,2094,2095,2096,2097,2098,2099,1992,1993,1994,1995,1996,1997,1998,1999,2000,2001,2002,2003,2004,2005,2006,2007,1900,1901,1901,1901,
goal:1901,1901,1901,1901,1901,1901,1901,1901,1901,1901,1901,1901,1901,1901,1901,1901,1901,1901,1901,1901,1901,1901,1901,1901,1901,1901,1901,1901,1901,1901,1901,1901,1901,1901,1901,1901,1901,1901,1901,1901,1901,1901,1901,1901,1901,1901,1901,1901,1901,1901,1901,1901,1901,1901,1901,1901,1901,1901,1901,1901,1901,1901,1901,1901,1901,1901,1901,1901,1901,1901,1901,1901,1901,1901,1901,1901,1901,1901,1901,1901,1901,1901,1901,1901,1901,1901,
size:83
[agent] id:25
path:2774,2667,2666,2665,2664,2663,2662,2661,2660,2767,2766,2765,2764,2763,2762,2761,2760,2759,2758,2757,2756,2755,2754,2753,2752,2751,2750,2749,2748,2747,2746,2745,2744,2743,2742,2741,2740,2739,2738,2737,2736,2735,2734,2733,2840,2839,2838,2837,2836,2835,2834,2833,2832,2831,2830,2829,2828,2827,2826,2825,2824,2823,2822,2821,2820,2819,2818,2817,2924,2923,2922,2921,2921,2921,2921,2921,2921,2921,2921,2921,2921,2921,2921,2921,2921,2921,
goal:2921,2921,2921,2921,2921,2921,2921,2921,2921,2921,2921,2921,2921,2921,2921,2921,2921,2921,2921,2921,2921,2921,2921,2921,2921,2921,2921,2921,2921,2921,2921,2921,2921,2921,2921,2921,2921,2921,2921,2921,2921,2921,2921,2921,2921,2921,2921,2921,2921,2921,2921,2921,2921,2921,2921,2921,2921,2921,2921,2921,2921,2921,2921,2921,2921,2921,2921,2921,2921,2921,2921,2921,2921,2921,2921,2921,2921,2921,2921,2921,2921,2921,2921,2921,2921,2921,
size:71
[agent] id:26
path:1222,1329,1436,1437,1544,1651,1758,1865,1972,2079,2186,2293,2400,2507,2614,2613,2612,2611,2610,2609,2608,2607,2606,2605,2604,2603,2602,2601,2600,2599,2598,2597,2596,2595,2594,2594,2594,2594,2594,2594,2594,2594,2594,2594,2594,2594,2594,2594,2594,2594,2594,2594,2594,2594,2594,2594,2594,2594,2594,2594,2594,2594,2594,2594,2594,2594,2594,2594,2594,2594,2594,2594,2594,2594,2594,2594,2594,2594,2594,2594,2594,2594,2594,2594,2594,2594,
goal:2594,2594,2594,2594,2594,2594,2594,2594,2594,2594,2594,2594,2594,2594,2594,2594,2594,2594,2594,2594,2594,2594,2594,2594,2594,2594,2594,2594,2594,2594,2594,2594,2594,2594,2594,2594,2594,2594,2594,2594,2594,2594,2594,2594,2594,2594,2594,2594,2594,2594,2594,2594,2594,2594,2594,2594,2594,2594,2594,2594,2594,2594,2594,2594,2594,2594,2594,2594,2594,2594,2594,2594,2594,2594,2594,2594,2594,2594,2594,2594,2594,2594,2594,2594,2594,2594,
size:34
[agent] id:27
path:1435,1436,1437,1544,1651,1758,1865,1972,2079,2186,2293,2400,2399,2398,2397,2396,2395,2394,2393,2392,2391,2390,2390,2497,2497,2604,2711,2818,2925,2925,2925,2925,2925,2925,2925,2925,2925,2925,2925,2925,2925,2925,2925,2925,2925,2925,2925,2925,2925,2925,2925,2925,2925,2925,2925,2925,2925,2925,2925,2925,2925,2925,2925,2925,2925,2925,2925,2925,2925,2925,2925,2925,2925,2925,2925,2925,2925,2925,2925,2925,2925,2925,2925,2925,2925,2925,
goal:2925,2925,2925,2925,2925,2925,2925,2925,2925,2925,2925,2925,2925,2925,2925,2925,2925,2925,2925,2925,2925,2925,2925,2925,2925,2925,2925,2925,2925,2925,2925,2925,2925,2925,2925,2925,2925,2925,2925,2925,2925,2925,2925,2925,2925,2925,2925,2925,2925,2925,2925,2925,2925,2925,2925,2925,2925,2925,2925,2925,2925,2925,2925,2925,2925,2925,2925,2925,2925,2925,2925,2925,2925,2925,2925,2925,2925,2925,2925,2925,2925,2925,2925,2925,2925,2925,
size:28
[agent] id:28
path:2912,2805,2698,2591,2484,2377,2270,2163,2056,1949,1950,1951,1952,1953,1954,1955,1956,1957,1958,1959,1960,1961,1962,1963,1964,1965,1966,1967,1968,1969,1970,1971,1972,1973,1974,1975,1976,1977,1978,1979,1980,1981,1982,1983,1984,1985,1986,1987,1988,1989,1990,1991,1884,1885,1886,1887,1888,1889,1782,1675,1568,1461,1354,1247,1140,1033,1032,1031,1031,1031,1031,1031,1031,1031,1031,1031,1031,1031,1031,1031,1031,1031,1031,1031,1031,1031,
goal:1031,1031,1031,1031,1031,1031,1031,1031,1031,1031,1031,1031,1031,1031,1031,1031,1031,1031,1031,1031,1031,1031,1031,1031,1031,1031,1031,1031,1031,1031,1031,1031,1031,1031,1031,1031,1031,1031,1031,1031,1031,1031,1031,1031,1031,1031,1031,1031,1031,1031,1031,1031,1031,1031,1031,1031,1031,1031,1031,1031,1031,1031,1031,1031,1031,1031,1031,1031,1031,1031,1031,1031,1031,1031,1031,1031,1031,1031,1031,1031,1031,1031,1031,1031,1031,1031,
size:67
[agent] id:29
path:1207,1314,1313,1312,1419,1418,1417,1416,1415,1414,1521,1628,1735,1842,1949,2056,2163,2270,2271,2378,2485,2592,2699,2806,2807,2808,2809,2810,2811,2812,2813,2814,2815,2816,2817,2818,2819,2926,2927,2928,2929,2930,2931,2932,2933,2934,3041,3042,3043,3044,3045,3046,3047,3048,3049,3050,3051,3052,3053,3054,3055,3056,3057,3058,3059,3060,3061,3062,3063,3064,3065,3172,3173,3280,3387,3494,3601,3708,3815,3922,4029,4136,4243,4350,4457,4458,
goal:4458,4458,4458,4458,4458,4458,4458,4458,4458,4458,4458,4458,4458,4458,4458,4458,4458,4458,4458,4458,4458,4458,4458,4458,4458,4458,4458,4458,4458,4458,4458,4458,4458,4458,4458,4458,4458,4458,4458,4458,4458,4458,4458,4458,4458,4458,4458,4458,4458,4458,4458,4458,4458,4458,4458,4458,4458,4458,4458,4458,4458,4458,4458,4458,4458,4458,4458,4458,4458,4458,4458,4458,4458,4458,4458,4458,4458,4458,4458,4458,4458,4458,4458,4458,4458,4458,
size:85
SolutionCost:1525
