[setting] seed:58
[solver] type:ECBS
[solver] w:3.000000
[solver] ID:0
[solver] Lowlevelnode:46837
[solver] solved:1
[solver] elapsed:201
[solver] makespan:80
[problem] timesteplimit:10000
[problem] type:MAPF
[problem] agentnum:20
[graph] width:107
[graph] height:47
[graph] filename:./map/orz601d.map
[task] id:0,start:0,end:0,service time:0,nodes:2946,
[task] id:7,start:0,end:0,service time:0,nodes:2558,
[task] id:9,start:0,end:0,service time:0,nodes:3917,
[task] id:6,start:0,end:0,service time:0,nodes:2368,
[task] id:8,start:0,end:0,service time:0,nodes:2530,
[task] id:1,start:0,end:0,service time:0,nodes:4461,
[task] id:18,start:0,end:0,service time:0,nodes:3009,
[task] id:11,start:0,end:0,service time:0,nodes:1723,
[task] id:15,start:0,end:0,service time:0,nodes:2812,
[task] id:3,start:0,end:0,service time:0,nodes:3234,
[task] id:12,start:0,end:0,service time:0,nodes:2659,
[task] id:10,start:0,end:0,service time:0,nodes:395,
[task] id:16,start:0,end:0,service time:0,nodes:4031,
[task] id:14,start:0,end:0,service time:0,nodes:585,
[task] id:17,start:0,end:0,service time:0,nodes:2831,
[task] id:19,start:0,end:0,service time:0,nodes:2714,
[task] id:4,start:0,end:0,service time:0,nodes:712,
[task] id:5,start:0,end:0,service time:0,nodes:1992,
[task] id:2,start:0,end:0,service time:0,nodes:873,
[task] id:13,start:0,end:0,service time:0,nodes:2547,
[agent] id:0
path:2850,2957,2956,2955,2954,2953,2952,2951,2950,2949,2948,2947,2946,2946,2946,2946,2946,2946,2946,2946,2946,2946,2946,2946,2946,2946,2946,2946,2946,2946,2946,2946,2946,2946,2946,2946,2946,2946,2946,2946,2946,2946,2946,2946,2946,2946,2946,2946,2946,2946,2946,2946,2946,2946,2946,2946,2946,2946,2946,2946,2946,2946,2946,2946,2946,2946,2946,2946,2946,2946,2946,2946,2946,2946,2946,2946,2946,2946,2946,2946,2946,
goal:2946,2946,2946,2946,2946,2946,2946,2946,2946,2946,2946,2946,2946,2946,2946,2946,2946,2946,2946,2946,2946,2946,2946,2946,2946,2946,2946,2946,2946,2946,2946,2946,2946,2946,2946,2946,2946,2946,2946,2946,2946,2946,2946,2946,2946,2946,2946,2946,2946,2946,2946,2946,2946,2946,2946,2946,2946,2946,2946,2946,2946,2946,2946,2946,2946,2946,2946,2946,2946,2946,2946,2946,2946,2946,2946,2946,2946,2946,2946,2946,2946,
size:12
[agent] id:1
path:2738,2845,2952,3059,3060,3061,3062,3169,3170,3171,3172,3173,3280,3387,3494,3601,3708,3815,3922,4029,4136,4243,4350,4457,4458,4459,4460,4461,4461,4461,4461,4461,4461,4461,4461,4461,4461,4461,4461,4461,4461,4461,4461,4461,4461,4461,4461,4461,4461,4461,4461,4461,4461,4461,4461,4461,4461,4461,4461,4461,4461,4461,4461,4461,4461,4461,4461,4461,4461,4461,4461,4461,4461,4461,4461,4461,4461,4461,4461,4461,4461,
goal:4461,4461,4461,4461,4461,4461,4461,4461,4461,4461,4461,4461,4461,4461,4461,4461,4461,4461,4461,4461,4461,4461,4461,4461,4461,4461,4461,4461,4461,4461,4461,4461,4461,4461,4461,4461,4461,4461,4461,4461,4461,4461,4461,4461,4461,4461,4461,4461,4461,4461,4461,4461,4461,4461,4461,4461,4461,4461,4461,4461,4461,4461,4461,4461,4461,4461,4461,4461,4461,4461,4461,4461,4461,4461,4461,4461,4461,4461,4461,4461,4461,
size:27
[agent] id:2
path:1028,1135,1242,1349,1350,1457,1458,1459,1460,1461,1568,1675,1782,1889,1996,1995,1994,1993,1992,1991,1990,1989,1988,1987,1986,1985,1984,1983,1982,1981,1980,2087,2086,1979,1978,1977,1976,1975,1974,1973,1972,1971,1970,1969,1968,1967,1966,1965,1964,1963,1962,1961,1960,1959,1958,1957,1956,1955,1954,1847,1846,1845,1844,1843,1842,1735,1628,1521,1414,1307,1200,1093,986,879,878,877,876,875,874,873,873,
goal:873,873,873,873,873,873,873,873,873,873,873,873,873,873,873,873,873,873,873,873,873,873,873,873,873,873,873,873,873,873,873,873,873,873,873,873,873,873,873,873,873,873,873,873,873,873,873,873,873,873,873,873,873,873,873,873,873,873,873,873,873,873,873,873,873,873,873,873,873,873,873,873,873,873,873,873,873,873,873,873,873,
size:79
[agent] id:3
path:347,454,561,668,775,882,989,1096,1203,1310,1417,1416,1415,1414,1521,1628,1735,1842,1949,2056,2163,2270,2377,2484,2591,2698,2805,2912,3019,3126,3233,3234,3234,3234,3234,3234,3234,3234,3234,3234,3234,3234,3234,3234,3234,3234,3234,3234,3234,3234,3234,3234,3234,3234,3234,3234,3234,3234,3234,3234,3234,3234,3234,3234,3234,3234,3234,3234,3234,3234,3234,3234,3234,3234,3234,3234,3234,3234,3234,3234,3234,
goal:3234,3234,3234,3234,3234,3234,3234,3234,3234,3234,3234,3234,3234,3234,3234,3234,3234,3234,3234,3234,3234,3234,3234,3234,3234,3234,3234,3234,3234,3234,3234,3234,3234,3234,3234,3234,3234,3234,3234,3234,3234,3234,3234,3234,3234,3234,3234,3234,3234,3234,3234,3234,3234,3234,3234,3234,3234,3234,3234,3234,3234,3234,3234,3234,3234,3234,3234,3234,3234,3234,3234,3234,3234,3234,3234,3234,3234,3234,3234,3234,3234,
size:31
[agent] id:4
path:2164,2057,1950,1951,1952,1953,1954,1955,1956,1957,1958,1959,1960,1961,1962,1963,1964,1965,1966,1967,1968,1969,1970,1971,1972,1973,1974,1975,1976,1977,1978,1979,1980,1981,1982,1983,1984,1985,1986,1987,1988,1989,1990,1991,1884,1885,1886,1887,1888,1889,1782,1675,1568,1461,1354,1247,1140,1033,926,819,712,712,712,712,712,712,712,712,712,712,712,712,712,712,712,712,712,712,712,712,712,
goal:712,712,712,712,712,712,712,712,712,712,712,712,712,712,712,712,712,712,712,712,712,712,712,712,712,712,712,712,712,712,712,712,712,712,712,712,712,712,712,712,712,712,712,712,712,712,712,712,712,712,712,712,712,712,712,712,712,712,712,712,712,712,712,712,712,712,712,712,712,712,712,712,712,712,712,712,712,712,712,712,712,
size:60
[agent] id:5
path:2685,2578,2471,2364,2365,2366,2367,2368,2369,2370,2371,2264,2157,2158,2159,2160,2161,2162,2163,2164,2057,2058,2059,2060,2061,2062,2063,2064,2065,2066,2067,2068,2069,2070,2071,2072,2073,2074,2075,2076,2077,2078,1971,1972,1973,1974,1975,1976,1977,1978,1979,1980,1981,1982,1983,1984,1985,1986,1987,1988,1989,1990,1991,1992,1992,1992,1992,1992,1992,1992,1992,1992,1992,1992,1992,1992,1992,1992,1992,1992,1992,
goal:1992,1992,1992,1992,1992,1992,1992,1992,1992,1992,1992,1992,1992,1992,1992,1992,1992,1992,1992,1992,1992,1992,1992,1992,1992,1992,1992,1992,1992,1992,1992,1992,1992,1992,1992,1992,1992,1992,1992,1992,1992,1992,1992,1992,1992,1992,1992,1992,1992,1992,1992,1992,1992,1992,1992,1992,1992,1992,1992,1992,1992,1992,1992,1992,1992,1992,1992,1992,1992,1992,1992,1992,1992,1992,1992,1992,1992,1992,1992,1992,1992,
size:63
[agent] id:6
path:2595,2488,2381,2380,2379,2378,2377,2376,2375,2374,2373,2372,2371,2370,2369,2368,2368,2368,2368,2368,2368,2368,2368,2368,2368,2368,2368,2368,2368,2368,2368,2368,2368,2368,2368,2368,2368,2368,2368,2368,2368,2368,2368,2368,2368,2368,2368,2368,2368,2368,2368,2368,2368,2368,2368,2368,2368,2368,2368,2368,2368,2368,2368,2368,2368,2368,2368,2368,2368,2368,2368,2368,2368,2368,2368,2368,2368,2368,2368,2368,2368,
goal:2368,2368,2368,2368,2368,2368,2368,2368,2368,2368,2368,2368,2368,2368,2368,2368,2368,2368,2368,2368,2368,2368,2368,2368,2368,2368,2368,2368,2368,2368,2368,2368,2368,2368,2368,2368,2368,2368,2368,2368,2368,2368,2368,2368,2368,2368,2368,2368,2368,2368,2368,2368,2368,2368,2368,2368,2368,2368,2368,2368,2368,2368,2368,2368,2368,2368,2368,2368,2368,2368,2368,2368,2368,2368,2368,2368,2368,2368,2368,2368,2368,
size:15
[agent] id:7
path:2122,2229,2336,2443,2550,2551,2552,2553,2554,2555,2556,2557,2558,2558,2558,2558,2558,2558,2558,2558,2558,2558,2558,2558,2558,2558,2558,2558,2558,2558,2558,2558,2558,2558,2558,2558,2558,2558,2558,2558,2558,2558,2558,2558,2558,2558,2558,2558,2558,2558,2558,2558,2558,2558,2558,2558,2558,2558,2558,2558,2558,2558,2558,2558,2558,2558,2558,2558,2558,2558,2558,2558,2558,2558,2558,2558,2558,2558,2558,2558,2558,
goal:2558,2558,2558,2558,2558,2558,2558,2558,2558,2558,2558,2558,2558,2558,2558,2558,2558,2558,2558,2558,2558,2558,2558,2558,2558,2558,2558,2558,2558,2558,2558,2558,2558,2558,2558,2558,2558,2558,2558,2558,2558,2558,2558,2558,2558,2558,2558,2558,2558,2558,2558,2558,2558,2558,2558,2558,2558,2558,2558,2558,2558,2558,2558,2558,2558,2558,2558,2558,2558,2558,2558,2558,2558,2558,2558,2558,2558,2558,2558,2558,2558,
size:12
[agent] id:8
path:2399,2506,2507,2508,2509,2510,2511,2512,2513,2514,2515,2516,2517,2518,2519,2520,2521,2522,2523,2524,2525,2526,2527,2528,2529,2530,2530,2530,2530,2530,2530,2530,2530,2530,2530,2530,2530,2530,2530,2530,2530,2530,2530,2530,2530,2530,2530,2530,2530,2530,2530,2530,2530,2530,2530,2530,2530,2530,2530,2530,2530,2530,2530,2530,2530,2530,2530,2530,2530,2530,2530,2530,2530,2530,2530,2530,2530,2530,2530,2530,2530,
goal:2530,2530,2530,2530,2530,2530,2530,2530,2530,2530,2530,2530,2530,2530,2530,2530,2530,2530,2530,2530,2530,2530,2530,2530,2530,2530,2530,2530,2530,2530,2530,2530,2530,2530,2530,2530,2530,2530,2530,2530,2530,2530,2530,2530,2530,2530,2530,2530,2530,2530,2530,2530,2530,2530,2530,2530,2530,2530,2530,2530,2530,2530,2530,2530,2530,2530,2530,2530,2530,2530,2530,2530,2530,2530,2530,2530,2530,2530,2530,2530,2530,
size:25
[agent] id:9
path:4567,4460,4353,4246,4139,4032,3925,3924,3923,3922,3921,3920,3919,3918,3917,3917,3917,3917,3917,3917,3917,3917,3917,3917,3917,3917,3917,3917,3917,3917,3917,3917,3917,3917,3917,3917,3917,3917,3917,3917,3917,3917,3917,3917,3917,3917,3917,3917,3917,3917,3917,3917,3917,3917,3917,3917,3917,3917,3917,3917,3917,3917,3917,3917,3917,3917,3917,3917,3917,3917,3917,3917,3917,3917,3917,3917,3917,3917,3917,3917,3917,
goal:3917,3917,3917,3917,3917,3917,3917,3917,3917,3917,3917,3917,3917,3917,3917,3917,3917,3917,3917,3917,3917,3917,3917,3917,3917,3917,3917,3917,3917,3917,3917,3917,3917,3917,3917,3917,3917,3917,3917,3917,3917,3917,3917,3917,3917,3917,3917,3917,3917,3917,3917,3917,3917,3917,3917,3917,3917,3917,3917,3917,3917,3917,3917,3917,3917,3917,3917,3917,3917,3917,3917,3917,3917,3917,3917,3917,3917,3917,3917,3917,3917,
size:14
[agent] id:10
path:3062,2955,2848,2741,2634,2527,2420,2313,2206,2099,1992,1885,1886,1887,1888,1889,1782,1675,1568,1461,1354,1247,1140,1033,926,819,712,605,498,499,500,501,394,395,395,395,395,395,395,395,395,395,395,395,395,395,395,395,395,395,395,395,395,395,395,395,395,395,395,395,395,395,395,395,395,395,395,395,395,395,395,395,395,395,395,395,395,395,395,395,395,
goal:395,395,395,395,395,395,395,395,395,395,395,395,395,395,395,395,395,395,395,395,395,395,395,395,395,395,395,395,395,395,395,395,395,395,395,395,395,395,395,395,395,395,395,395,395,395,395,395,395,395,395,395,395,395,395,395,395,395,395,395,395,395,395,395,395,395,395,395,395,395,395,395,395,395,395,395,395,395,395,395,395,
size:33
[agent] id:11
path:1414,1521,1628,1735,1842,1949,2056,2163,2270,2377,2376,2375,2374,2373,2372,2371,2370,2369,2476,2475,2474,2367,2260,2153,2046,1939,1938,1831,1724,1723,1723,1723,1723,1723,1723,1723,1723,1723,1723,1723,1723,1723,1723,1723,1723,1723,1723,1723,1723,1723,1723,1723,1723,1723,1723,1723,1723,1723,1723,1723,1723,1723,1723,1723,1723,1723,1723,1723,1723,1723,1723,1723,1723,1723,1723,1723,1723,1723,1723,1723,1723,
goal:1723,1723,1723,1723,1723,1723,1723,1723,1723,1723,1723,1723,1723,1723,1723,1723,1723,1723,1723,1723,1723,1723,1723,1723,1723,1723,1723,1723,1723,1723,1723,1723,1723,1723,1723,1723,1723,1723,1723,1723,1723,1723,1723,1723,1723,1723,1723,1723,1723,1723,1723,1723,1723,1723,1723,1723,1723,1723,1723,1723,1723,1723,1723,1723,1723,1723,1723,1723,1723,1723,1723,1723,1723,1723,1723,1723,1723,1723,1723,1723,1723,
size:29
[agent] id:12
path:1991,2098,2205,2312,2419,2526,2633,2634,2635,2636,2637,2638,2639,2640,2641,2642,2643,2644,2645,2646,2647,2648,2649,2650,2651,2652,2653,2654,2655,2656,2657,2658,2659,2659,2659,2659,2659,2659,2659,2659,2659,2659,2659,2659,2659,2659,2659,2659,2659,2659,2659,2659,2659,2659,2659,2659,2659,2659,2659,2659,2659,2659,2659,2659,2659,2659,2659,2659,2659,2659,2659,2659,2659,2659,2659,2659,2659,2659,2659,2659,2659,
goal:2659,2659,2659,2659,2659,2659,2659,2659,2659,2659,2659,2659,2659,2659,2659,2659,2659,2659,2659,2659,2659,2659,2659,2659,2659,2659,2659,2659,2659,2659,2659,2659,2659,2659,2659,2659,2659,2659,2659,2659,2659,2659,2659,2659,2659,2659,2659,2659,2659,2659,2659,2659,2659,2659,2659,2659,2659,2659,2659,2659,2659,2659,2659,2659,2659,2659,2659,2659,2659,2659,2659,2659,2659,2659,2659,2659,2659,2659,2659,2659,2659,
size:32
[agent] id:13
path:1097,1204,1311,1418,1417,1416,1415,1414,1521,1628,1735,1842,1949,2056,2163,2270,2377,2378,2379,2380,2381,2382,2383,2384,2385,2386,2387,2388,2389,2390,2391,2392,2393,2394,2395,2396,2397,2398,2399,2400,2401,2402,2403,2404,2405,2406,2407,2408,2409,2410,2411,2412,2413,2414,2415,2416,2417,2418,2419,2420,2421,2422,2423,2424,2531,2532,2533,2534,2535,2536,2537,2538,2539,2540,2541,2542,2543,2544,2545,2546,2547,
goal:2547,2547,2547,2547,2547,2547,2547,2547,2547,2547,2547,2547,2547,2547,2547,2547,2547,2547,2547,2547,2547,2547,2547,2547,2547,2547,2547,2547,2547,2547,2547,2547,2547,2547,2547,2547,2547,2547,2547,2547,2547,2547,2547,2547,2547,2547,2547,2547,2547,2547,2547,2547,2547,2547,2547,2547,2547,2547,2547,2547,2547,2547,2547,2547,2547,2547,2547,2547,2547,2547,2547,2547,2547,2547,2547,2547,2547,2547,2547,2547,2547,
size:80
[agent] id:14
path:1304,1305,1306,1307,1414,1521,1628,1735,1842,1843,1844,1845,1846,1847,1954,1955,1956,1957,1958,1959,1960,1961,1962,1963,1964,1965,1966,1967,1860,1861,1862,1863,1864,1865,1758,1651,1544,1437,1330,1223,1116,1009,902,795,688,581,582,583,584,585,585,585,585,585,585,585,585,585,585,585,585,585,585,585,585,585,585,585,585,585,585,585,585,585,585,585,585,585,585,585,585,
goal:585,585,585,585,585,585,585,585,585,585,585,585,585,585,585,585,585,585,585,585,585,585,585,585,585,585,585,585,585,585,585,585,585,585,585,585,585,585,585,585,585,585,585,585,585,585,585,585,585,585,585,585,585,585,585,585,585,585,585,585,585,585,585,585,585,585,585,585,585,585,585,585,585,585,585,585,585,585,585,585,585,
size:49
[agent] id:15
path:884,991,1098,1205,1312,1419,1418,1417,1416,1415,1414,1521,1628,1735,1842,1949,2056,2163,2270,2377,2484,2591,2698,2805,2806,2807,2808,2809,2810,2811,2812,2812,2812,2812,2812,2812,2812,2812,2812,2812,2812,2812,2812,2812,2812,2812,2812,2812,2812,2812,2812,2812,2812,2812,2812,2812,2812,2812,2812,2812,2812,2812,2812,2812,2812,2812,2812,2812,2812,2812,2812,2812,2812,2812,2812,2812,2812,2812,2812,2812,2812,
goal:2812,2812,2812,2812,2812,2812,2812,2812,2812,2812,2812,2812,2812,2812,2812,2812,2812,2812,2812,2812,2812,2812,2812,2812,2812,2812,2812,2812,2812,2812,2812,2812,2812,2812,2812,2812,2812,2812,2812,2812,2812,2812,2812,2812,2812,2812,2812,2812,2812,2812,2812,2812,2812,2812,2812,2812,2812,2812,2812,2812,2812,2812,2812,2812,2812,2812,2812,2812,2812,2812,2812,2812,2812,2812,2812,2812,2812,2812,2812,2812,2812,
size:30
[agent] id:16
path:712,819,926,1033,1140,1247,1354,1461,1568,1675,1782,1889,1996,2103,2210,2317,2424,2531,2638,2745,2852,2959,3066,3173,3280,3387,3494,3601,3708,3815,3922,4029,4030,4031,4031,4031,4031,4031,4031,4031,4031,4031,4031,4031,4031,4031,4031,4031,4031,4031,4031,4031,4031,4031,4031,4031,4031,4031,4031,4031,4031,4031,4031,4031,4031,4031,4031,4031,4031,4031,4031,4031,4031,4031,4031,4031,4031,4031,4031,4031,4031,
goal:4031,4031,4031,4031,4031,4031,4031,4031,4031,4031,4031,4031,4031,4031,4031,4031,4031,4031,4031,4031,4031,4031,4031,4031,4031,4031,4031,4031,4031,4031,4031,4031,4031,4031,4031,4031,4031,4031,4031,4031,4031,4031,4031,4031,4031,4031,4031,4031,4031,4031,4031,4031,4031,4031,4031,4031,4031,4031,4031,4031,4031,4031,4031,4031,4031,4031,4031,4031,4031,4031,4031,4031,4031,4031,4031,4031,4031,4031,4031,4031,4031,
size:33
[agent] id:17
path:2895,2788,2681,2574,2467,2468,2469,2470,2471,2472,2473,2474,2475,2476,2477,2478,2585,2586,2693,2694,2695,2696,2697,2698,2699,2700,2701,2702,2703,2704,2705,2706,2813,2814,2815,2816,2817,2818,2819,2820,2821,2822,2823,2824,2825,2826,2827,2828,2829,2830,2831,2831,2831,2831,2831,2831,2831,2831,2831,2831,2831,2831,2831,2831,2831,2831,2831,2831,2831,2831,2831,2831,2831,2831,2831,2831,2831,2831,2831,2831,2831,
goal:2831,2831,2831,2831,2831,2831,2831,2831,2831,2831,2831,2831,2831,2831,2831,2831,2831,2831,2831,2831,2831,2831,2831,2831,2831,2831,2831,2831,2831,2831,2831,2831,2831,2831,2831,2831,2831,2831,2831,2831,2831,2831,2831,2831,2831,2831,2831,2831,2831,2831,2831,2831,2831,2831,2831,2831,2831,2831,2831,2831,2831,2831,2831,2831,2831,2831,2831,2831,2831,2831,2831,2831,2831,2831,2831,2831,2831,2831,2831,2831,2831,
size:50
[agent] id:18
path:3765,3766,3767,3660,3553,3446,3339,3232,3125,3018,3017,3016,3015,3014,3013,2906,2799,2692,2585,2478,2477,2476,2475,2474,2581,2688,2795,2902,3009,3009,3009,3009,3009,3009,3009,3009,3009,3009,3009,3009,3009,3009,3009,3009,3009,3009,3009,3009,3009,3009,3009,3009,3009,3009,3009,3009,3009,3009,3009,3009,3009,3009,3009,3009,3009,3009,3009,3009,3009,3009,3009,3009,3009,3009,3009,3009,3009,3009,3009,3009,3009,
goal:3009,3009,3009,3009,3009,3009,3009,3009,3009,3009,3009,3009,3009,3009,3009,3009,3009,3009,3009,3009,3009,3009,3009,3009,3009,3009,3009,3009,3009,3009,3009,3009,3009,3009,3009,3009,3009,3009,3009,3009,3009,3009,3009,3009,3009,3009,3009,3009,3009,3009,3009,3009,3009,3009,3009,3009,3009,3009,3009,3009,3009,3009,3009,3009,3009,3009,3009,3009,3009,3009,3009,3009,3009,3009,3009,3009,3009,3009,3009,3009,3009,
size:28
[agent] id:19
path:2227,2334,2441,2548,2655,2762,2761,2760,2759,2758,2757,2756,2755,2754,2753,2752,2751,2750,2749,2748,2747,2746,2745,2744,2743,2742,2741,2740,2739,2738,2737,2736,2735,2734,2733,2732,2731,2730,2729,2728,2727,2726,2725,2724,2723,2722,2721,2720,2719,2718,2717,2716,2715,2714,2714,2714,2714,2714,2714,2714,2714,2714,2714,2714,2714,2714,2714,2714,2714,2714,2714,2714,2714,2714,2714,2714,2714,2714,2714,2714,2714,
goal:2714,2714,2714,2714,2714,2714,2714,2714,2714,2714,2714,2714,2714,2714,2714,2714,2714,2714,2714,2714,2714,2714,2714,2714,2714,2714,2714,2714,2714,2714,2714,2714,2714,2714,2714,2714,2714,2714,2714,2714,2714,2714,2714,2714,2714,2714,2714,2714,2714,2714,2714,2714,2714,2714,2714,2714,2714,2714,2714,2714,2714,2714,2714,2714,2714,2714,2714,2714,2714,2714,2714,2714,2714,2714,2714,2714,2714,2714,2714,2714,2714,
size:53
SolutionCost:755
