[setting] seed:35
[solver] type:ECBS
[solver] w:3.000000
[solver] ID:0
[solver] Lowlevelnode:631
[solver] solved:1
[solver] elapsed:12
[solver] makespan:71
[problem] timesteplimit:10000
[problem] type:MAPF
[problem] agentnum:10
[graph] width:107
[graph] height:47
[graph] filename:./map/orz601d.map
[task] id:2,start:0,end:0,service time:0,nodes:2397,
[task] id:6,start:0,end:0,service time:0,nodes:1861,
[task] id:4,start:0,end:0,service time:0,nodes:3228,
[task] id:1,start:0,end:0,service time:0,nodes:2073,
[task] id:5,start:0,end:0,service time:0,nodes:3387,
[task] id:0,start:0,end:0,service time:0,nodes:3220,
[task] id:8,start:0,end:0,service time:0,nodes:1417,
[task] id:3,start:0,end:0,service time:0,nodes:2167,
[task] id:9,start:0,end:0,service time:0,nodes:2901,
[task] id:7,start:0,end:0,service time:0,nodes:2267,
[agent] id:0
path:1223,1330,1437,1544,1651,1758,1865,1972,2079,2186,2293,2400,2507,2506,2505,2504,2503,2502,2501,2500,2499,2498,2497,2496,2495,2494,2493,2492,2491,2490,2489,2488,2487,2486,2485,2484,2483,2482,2481,2480,2479,2478,2477,2476,2475,2474,2581,2688,2795,2902,3009,3008,3115,3222,3221,3220,3220,3220,3220,3220,3220,3220,3220,3220,3220,3220,3220,3220,3220,3220,3220,3220,
goal:3220,3220,3220,3220,3220,3220,3220,3220,3220,3220,3220,3220,3220,3220,3220,3220,3220,3220,3220,3220,3220,3220,3220,3220,3220,3220,3220,3220,3220,3220,3220,3220,3220,3220,3220,3220,3220,3220,3220,3220,3220,3220,3220,3220,3220,3220,3220,3220,3220,3220,3220,3220,3220,3220,3220,3220,3220,3220,3220,3220,3220,3220,3220,3220,3220,3220,3220,3220,3220,3220,3220,3220,
size:55
[agent] id:1
path:1463,1462,1569,1676,1783,1890,1997,2104,2103,2102,2101,2100,2099,2098,2097,2096,2095,2094,2093,2092,2091,2090,2089,2088,2087,2086,2085,2084,2083,2082,2081,2080,2079,2078,2077,2076,2075,2074,2073,2073,2073,2073,2073,2073,2073,2073,2073,2073,2073,2073,2073,2073,2073,2073,2073,2073,2073,2073,2073,2073,2073,2073,2073,2073,2073,2073,2073,2073,2073,2073,2073,2073,
goal:2073,2073,2073,2073,2073,2073,2073,2073,2073,2073,2073,2073,2073,2073,2073,2073,2073,2073,2073,2073,2073,2073,2073,2073,2073,2073,2073,2073,2073,2073,2073,2073,2073,2073,2073,2073,2073,2073,2073,2073,2073,2073,2073,2073,2073,2073,2073,2073,2073,2073,2073,2073,2073,2073,2073,2073,2073,2073,2073,2073,2073,2073,2073,2073,2073,2073,2073,2073,2073,2073,2073,2073,
size:38
[agent] id:2
path:2604,2497,2390,2391,2392,2393,2394,2395,2396,2397,2397,2397,2397,2397,2397,2397,2397,2397,2397,2397,2397,2397,2397,2397,2397,2397,2397,2397,2397,2397,2397,2397,2397,2397,2397,2397,2397,2397,2397,2397,2397,2397,2397,2397,2397,2397,2397,2397,2397,2397,2397,2397,2397,2397,2397,2397,2397,2397,2397,2397,2397,2397,2397,2397,2397,2397,2397,2397,2397,2397,2397,2397,
goal:2397,2397,2397,2397,2397,2397,2397,2397,2397,2397,2397,2397,2397,2397,2397,2397,2397,2397,2397,2397,2397,2397,2397,2397,2397,2397,2397,2397,2397,2397,2397,2397,2397,2397,2397,2397,2397,2397,2397,2397,2397,2397,2397,2397,2397,2397,2397,2397,2397,2397,2397,2397,2397,2397,2397,2397,2397,2397,2397,2397,2397,2397,2397,2397,2397,2397,2397,2397,2397,2397,2397,2397,
size:9
[agent] id:3
path:1039,1146,1253,1360,1467,1466,1465,1464,1463,1462,1569,1676,1783,1890,1997,2104,2211,2210,2209,2208,2207,2206,2205,2204,2203,2202,2201,2200,2199,2198,2197,2196,2195,2194,2193,2192,2191,2190,2189,2188,2187,2186,2185,2184,2183,2182,2181,2180,2179,2178,2177,2176,2175,2174,2173,2172,2171,2170,2169,2168,2167,2167,2167,2167,2167,2167,2167,2167,2167,2167,2167,2167,
goal:2167,2167,2167,2167,2167,2167,2167,2167,2167,2167,2167,2167,2167,2167,2167,2167,2167,2167,2167,2167,2167,2167,2167,2167,2167,2167,2167,2167,2167,2167,2167,2167,2167,2167,2167,2167,2167,2167,2167,2167,2167,2167,2167,2167,2167,2167,2167,2167,2167,2167,2167,2167,2167,2167,2167,2167,2167,2167,2167,2167,2167,2167,2167,2167,2167,2167,2167,2167,2167,2167,2167,2167,
size:60
[agent] id:4
path:2923,3030,3029,3028,3027,3026,3025,3024,3131,3238,3237,3236,3235,3234,3233,3232,3231,3230,3229,3228,3228,3228,3228,3228,3228,3228,3228,3228,3228,3228,3228,3228,3228,3228,3228,3228,3228,3228,3228,3228,3228,3228,3228,3228,3228,3228,3228,3228,3228,3228,3228,3228,3228,3228,3228,3228,3228,3228,3228,3228,3228,3228,3228,3228,3228,3228,3228,3228,3228,3228,3228,3228,
goal:3228,3228,3228,3228,3228,3228,3228,3228,3228,3228,3228,3228,3228,3228,3228,3228,3228,3228,3228,3228,3228,3228,3228,3228,3228,3228,3228,3228,3228,3228,3228,3228,3228,3228,3228,3228,3228,3228,3228,3228,3228,3228,3228,3228,3228,3228,3228,3228,3228,3228,3228,3228,3228,3228,3228,3228,3228,3228,3228,3228,3228,3228,3228,3228,3228,3228,3228,3228,3228,3228,3228,3228,
size:19
[agent] id:5
path:2809,2916,2917,2918,2919,2920,3027,3028,3029,3030,3031,3032,3033,3034,3035,3036,3037,3038,3039,3040,3041,3042,3043,3044,3045,3046,3047,3048,3049,3050,3051,3052,3053,3054,3055,3056,3057,3058,3059,3060,3061,3062,3169,3170,3171,3172,3173,3280,3387,3387,3387,3387,3387,3387,3387,3387,3387,3387,3387,3387,3387,3387,3387,3387,3387,3387,3387,3387,3387,3387,3387,3387,
goal:3387,3387,3387,3387,3387,3387,3387,3387,3387,3387,3387,3387,3387,3387,3387,3387,3387,3387,3387,3387,3387,3387,3387,3387,3387,3387,3387,3387,3387,3387,3387,3387,3387,3387,3387,3387,3387,3387,3387,3387,3387,3387,3387,3387,3387,3387,3387,3387,3387,3387,3387,3387,3387,3387,3387,3387,3387,3387,3387,3387,3387,3387,3387,3387,3387,3387,3387,3387,3387,3387,3387,3387,
size:48
[agent] id:6
path:2507,2400,2293,2186,2079,1972,1971,1864,1863,1862,1861,1861,1861,1861,1861,1861,1861,1861,1861,1861,1861,1861,1861,1861,1861,1861,1861,1861,1861,1861,1861,1861,1861,1861,1861,1861,1861,1861,1861,1861,1861,1861,1861,1861,1861,1861,1861,1861,1861,1861,1861,1861,1861,1861,1861,1861,1861,1861,1861,1861,1861,1861,1861,1861,1861,1861,1861,1861,1861,1861,1861,1861,
goal:1861,1861,1861,1861,1861,1861,1861,1861,1861,1861,1861,1861,1861,1861,1861,1861,1861,1861,1861,1861,1861,1861,1861,1861,1861,1861,1861,1861,1861,1861,1861,1861,1861,1861,1861,1861,1861,1861,1861,1861,1861,1861,1861,1861,1861,1861,1861,1861,1861,1861,1861,1861,1861,1861,1861,1861,1861,1861,1861,1861,1861,1861,1861,1861,1861,1861,1861,1861,1861,1861,1861,1861,
size:10
[agent] id:7
path:4240,4133,4026,3919,3812,3705,3598,3599,3600,3601,3494,3387,3280,3173,3066,2959,2852,2745,2638,2531,2424,2317,2316,2315,2314,2313,2312,2311,2310,2309,2308,2307,2306,2305,2304,2303,2302,2301,2300,2299,2298,2297,2296,2295,2294,2293,2292,2291,2290,2289,2288,2287,2286,2285,2284,2283,2282,2281,2280,2279,2278,2277,2276,2275,2274,2273,2272,2271,2270,2269,2268,2267,
goal:2267,2267,2267,2267,2267,2267,2267,2267,2267,2267,2267,2267,2267,2267,2267,2267,2267,2267,2267,2267,2267,2267,2267,2267,2267,2267,2267,2267,2267,2267,2267,2267,2267,2267,2267,2267,2267,2267,2267,2267,2267,2267,2267,2267,2267,2267,2267,2267,2267,2267,2267,2267,2267,2267,2267,2267,2267,2267,2267,2267,2267,2267,2267,2267,2267,2267,2267,2267,2267,2267,2267,2267,
size:71
[agent] id:8
path:1998,1997,1996,1995,1994,1993,1992,1991,1990,1989,1988,1987,1986,1985,1984,1983,1982,1981,1980,1979,1978,1977,1976,1975,1974,1973,1972,1971,1970,1969,1968,1967,1966,1965,1964,1963,1962,1961,1960,1959,1958,1957,1956,1955,1954,1847,1846,1845,1844,1843,1842,1735,1628,1521,1414,1415,1416,1417,1417,1417,1417,1417,1417,1417,1417,1417,1417,1417,1417,1417,1417,1417,
goal:1417,1417,1417,1417,1417,1417,1417,1417,1417,1417,1417,1417,1417,1417,1417,1417,1417,1417,1417,1417,1417,1417,1417,1417,1417,1417,1417,1417,1417,1417,1417,1417,1417,1417,1417,1417,1417,1417,1417,1417,1417,1417,1417,1417,1417,1417,1417,1417,1417,1417,1417,1417,1417,1417,1417,1417,1417,1417,1417,1417,1417,1417,1417,1417,1417,1417,1417,1417,1417,1417,1417,1417,
size:57
[agent] id:9
path:3063,2956,2955,2954,2953,2952,2951,2950,2949,2948,2947,2946,2945,2944,2943,2942,2941,2940,2939,2938,2937,2936,2935,2934,2933,2932,2931,2930,2929,2928,2927,2926,2925,2924,2923,2922,2921,2920,2919,2918,2917,2916,2915,2914,2913,2912,2911,2910,2909,2908,2907,2906,2799,2692,2585,2478,2477,2476,2475,2474,2581,2688,2795,2902,2901,2901,2901,2901,2901,2901,2901,2901,
goal:2901,2901,2901,2901,2901,2901,2901,2901,2901,2901,2901,2901,2901,2901,2901,2901,2901,2901,2901,2901,2901,2901,2901,2901,2901,2901,2901,2901,2901,2901,2901,2901,2901,2901,2901,2901,2901,2901,2901,2901,2901,2901,2901,2901,2901,2901,2901,2901,2901,2901,2901,2901,2901,2901,2901,2901,2901,2901,2901,2901,2901,2901,2901,2901,2901,2901,2901,2901,2901,2901,2901,2901,
size:64
SolutionCost:431
