[setting] seed:52
[solver] type:ECBS
[solver] w:3.000000
[solver] ID:0
[solver] Lowlevelnode:54614
[solver] solved:1
[solver] elapsed:481
[solver] makespan:80
[problem] timesteplimit:10000
[problem] type:MAPF
[problem] agentnum:30
[graph] width:107
[graph] height:47
[graph] filename:./map/orz601d.map
[task] id:0,start:0,end:0,service time:0,nodes:2414,
[task] id:13,start:0,end:0,service time:0,nodes:3175,
[task] id:26,start:0,end:0,service time:0,nodes:1010,
[task] id:14,start:0,end:0,service time:0,nodes:1841,
[task] id:5,start:0,end:0,service time:0,nodes:1958,
[task] id:29,start:0,end:0,service time:0,nodes:2764,
[task] id:4,start:0,end:0,service time:0,nodes:1332,
[task] id:12,start:0,end:0,service time:0,nodes:1015,
[task] id:11,start:0,end:0,service time:0,nodes:3052,
[task] id:22,start:0,end:0,service time:0,nodes:2318,
[task] id:3,start:0,end:0,service time:0,nodes:2515,
[task] id:17,start:0,end:0,service time:0,nodes:1771,
[task] id:18,start:0,end:0,service time:0,nodes:2267,
[task] id:7,start:0,end:0,service time:0,nodes:3873,
[task] id:10,start:0,end:0,service time:0,nodes:2822,
[task] id:28,start:0,end:0,service time:0,nodes:2723,
[task] id:15,start:0,end:0,service time:0,nodes:1968,
[task] id:8,start:0,end:0,service time:0,nodes:1433,
[task] id:19,start:0,end:0,service time:0,nodes:4407,
[task] id:25,start:0,end:0,service time:0,nodes:2161,
[task] id:2,start:0,end:0,service time:0,nodes:2063,
[task] id:9,start:0,end:0,service time:0,nodes:4028,
[task] id:27,start:0,end:0,service time:0,nodes:713,
[task] id:20,start:0,end:0,service time:0,nodes:1884,
[task] id:24,start:0,end:0,service time:0,nodes:908,
[task] id:1,start:0,end:0,service time:0,nodes:2937,
[task] id:6,start:0,end:0,service time:0,nodes:3343,
[task] id:16,start:0,end:0,service time:0,nodes:695,
[task] id:21,start:0,end:0,service time:0,nodes:2469,
[task] id:23,start:0,end:0,service time:0,nodes:711,
[agent] id:0
path:2090,2197,2304,2411,2412,2413,2414,2414,2414,2414,2414,2414,2414,2414,2414,2414,2414,2414,2414,2414,2414,2414,2414,2414,2414,2414,2414,2414,2414,2414,2414,2414,2414,2414,2414,2414,2414,2414,2414,2414,2414,2414,2414,2414,2414,2414,2414,2414,2414,2414,2414,2414,2414,2414,2414,2414,2414,2414,2414,2414,2414,2414,2414,2414,2414,2414,2414,2414,2414,2414,2414,2414,2414,2414,2414,2414,2414,2414,2414,2414,2414,
goal:2414,2414,2414,2414,2414,2414,2414,2414,2414,2414,2414,2414,2414,2414,2414,2414,2414,2414,2414,2414,2414,2414,2414,2414,2414,2414,2414,2414,2414,2414,2414,2414,2414,2414,2414,2414,2414,2414,2414,2414,2414,2414,2414,2414,2414,2414,2414,2414,2414,2414,2414,2414,2414,2414,2414,2414,2414,2414,2414,2414,2414,2414,2414,2414,2414,2414,2414,2414,2414,2414,2414,2414,2414,2414,2414,2414,2414,2414,2414,2414,2414,
size:6
[agent] id:1
path:1919,2026,2133,2240,2347,2454,2561,2668,2667,2666,2665,2664,2663,2662,2661,2660,2767,2874,2981,2980,2979,2978,2977,2976,2975,2974,2973,2972,2971,2970,2969,2968,2967,2966,2965,2964,2963,2962,2961,2960,2959,2958,2957,2956,2955,2954,2953,2952,2951,2950,2949,2948,2947,2946,2945,2944,2943,2942,2941,2940,2939,2938,2937,2937,2937,2937,2937,2937,2937,2937,2937,2937,2937,2937,2937,2937,2937,2937,2937,2937,2937,
goal:2937,2937,2937,2937,2937,2937,2937,2937,2937,2937,2937,2937,2937,2937,2937,2937,2937,2937,2937,2937,2937,2937,2937,2937,2937,2937,2937,2937,2937,2937,2937,2937,2937,2937,2937,2937,2937,2937,2937,2937,2937,2937,2937,2937,2937,2937,2937,2937,2937,2937,2937,2937,2937,2937,2937,2937,2937,2937,2937,2937,2937,2937,2937,2937,2937,2937,2937,2937,2937,2937,2937,2937,2937,2937,2937,2937,2937,2937,2937,2937,2937,
size:62
[agent] id:2
path:3169,3062,2955,2848,2741,2634,2527,2420,2313,2206,2099,2098,2097,2096,2095,2094,2093,2092,2091,2090,2089,2088,2087,2086,2085,2084,2083,2082,2081,2080,2079,2078,2077,2076,2075,2074,2073,2072,2071,2070,2069,2068,2067,2066,2065,2064,2063,2063,2063,2063,2063,2063,2063,2063,2063,2063,2063,2063,2063,2063,2063,2063,2063,2063,2063,2063,2063,2063,2063,2063,2063,2063,2063,2063,2063,2063,2063,2063,2063,2063,2063,
goal:2063,2063,2063,2063,2063,2063,2063,2063,2063,2063,2063,2063,2063,2063,2063,2063,2063,2063,2063,2063,2063,2063,2063,2063,2063,2063,2063,2063,2063,2063,2063,2063,2063,2063,2063,2063,2063,2063,2063,2063,2063,2063,2063,2063,2063,2063,2063,2063,2063,2063,2063,2063,2063,2063,2063,2063,2063,2063,2063,2063,2063,2063,2063,2063,2063,2063,2063,2063,2063,2063,2063,2063,2063,2063,2063,2063,2063,2063,2063,2063,2063,
size:46
[agent] id:3
path:2860,2753,2646,2539,2538,2537,2536,2535,2534,2533,2532,2531,2530,2529,2528,2527,2526,2525,2524,2523,2522,2521,2520,2519,2518,2517,2516,2515,2515,2515,2515,2515,2515,2515,2515,2515,2515,2515,2515,2515,2515,2515,2515,2515,2515,2515,2515,2515,2515,2515,2515,2515,2515,2515,2515,2515,2515,2515,2515,2515,2515,2515,2515,2515,2515,2515,2515,2515,2515,2515,2515,2515,2515,2515,2515,2515,2515,2515,2515,2515,2515,
goal:2515,2515,2515,2515,2515,2515,2515,2515,2515,2515,2515,2515,2515,2515,2515,2515,2515,2515,2515,2515,2515,2515,2515,2515,2515,2515,2515,2515,2515,2515,2515,2515,2515,2515,2515,2515,2515,2515,2515,2515,2515,2515,2515,2515,2515,2515,2515,2515,2515,2515,2515,2515,2515,2515,2515,2515,2515,2515,2515,2515,2515,2515,2515,2515,2515,2515,2515,2515,2515,2515,2515,2515,2515,2515,2515,2515,2515,2515,2515,2515,2515,
size:27
[agent] id:4
path:2499,2392,2285,2178,2071,1964,1965,1966,1967,1860,1861,1862,1863,1864,1865,1758,1651,1544,1437,1330,1331,1332,1332,1332,1332,1332,1332,1332,1332,1332,1332,1332,1332,1332,1332,1332,1332,1332,1332,1332,1332,1332,1332,1332,1332,1332,1332,1332,1332,1332,1332,1332,1332,1332,1332,1332,1332,1332,1332,1332,1332,1332,1332,1332,1332,1332,1332,1332,1332,1332,1332,1332,1332,1332,1332,1332,1332,1332,1332,1332,1332,
goal:1332,1332,1332,1332,1332,1332,1332,1332,1332,1332,1332,1332,1332,1332,1332,1332,1332,1332,1332,1332,1332,1332,1332,1332,1332,1332,1332,1332,1332,1332,1332,1332,1332,1332,1332,1332,1332,1332,1332,1332,1332,1332,1332,1332,1332,1332,1332,1332,1332,1332,1332,1332,1332,1332,1332,1332,1332,1332,1332,1332,1332,1332,1332,1332,1332,1332,1332,1332,1332,1332,1332,1332,1332,1332,1332,1332,1332,1332,1332,1332,1332,
size:21
[agent] id:5
path:1977,1976,1975,1974,1973,1972,1971,1970,1969,1968,1967,1966,1965,1964,1963,1962,1961,1960,1959,1958,1958,1958,1958,1958,1958,1958,1958,1958,1958,1958,1958,1958,1958,1958,1958,1958,1958,1958,1958,1958,1958,1958,1958,1958,1958,1958,1958,1958,1958,1958,1958,1958,1958,1958,1958,1958,1958,1958,1958,1958,1958,1958,1958,1958,1958,1958,1958,1958,1958,1958,1958,1958,1958,1958,1958,1958,1958,1958,1958,1958,1958,
goal:1958,1958,1958,1958,1958,1958,1958,1958,1958,1958,1958,1958,1958,1958,1958,1958,1958,1958,1958,1958,1958,1958,1958,1958,1958,1958,1958,1958,1958,1958,1958,1958,1958,1958,1958,1958,1958,1958,1958,1958,1958,1958,1958,1958,1958,1958,1958,1958,1958,1958,1958,1958,1958,1958,1958,1958,1958,1958,1958,1958,1958,1958,1958,1958,1958,1958,1958,1958,1958,1958,1958,1958,1958,1958,1958,1958,1958,1958,1958,1958,1958,
size:19
[agent] id:6
path:2650,2757,2864,2863,2862,2861,2860,2859,2858,2857,2856,2855,2854,2853,2852,2851,2850,2849,2848,2847,2846,2845,2844,2843,2842,2841,2840,2839,2946,2945,2944,3051,3050,3049,3048,3047,3046,3045,3044,3043,3042,3041,3040,3039,3038,3037,3036,3035,3034,3033,3032,3031,3030,3029,3028,3027,3026,3025,3024,3131,3238,3345,3344,3343,3343,3343,3343,3343,3343,3343,3343,3343,3343,3343,3343,3343,3343,3343,3343,3343,3343,
goal:3343,3343,3343,3343,3343,3343,3343,3343,3343,3343,3343,3343,3343,3343,3343,3343,3343,3343,3343,3343,3343,3343,3343,3343,3343,3343,3343,3343,3343,3343,3343,3343,3343,3343,3343,3343,3343,3343,3343,3343,3343,3343,3343,3343,3343,3343,3343,3343,3343,3343,3343,3343,3343,3343,3343,3343,3343,3343,3343,3343,3343,3343,3343,3343,3343,3343,3343,3343,3343,3343,3343,3343,3343,3343,3343,3343,3343,3343,3343,3343,3343,
size:63
[agent] id:7
path:1722,1829,1936,2043,2150,2257,2364,2471,2472,2473,2474,2475,2476,2477,2478,2585,2692,2799,2906,3013,3014,3121,3228,3335,3336,3337,3338,3339,3446,3553,3660,3767,3874,3873,3873,3873,3873,3873,3873,3873,3873,3873,3873,3873,3873,3873,3873,3873,3873,3873,3873,3873,3873,3873,3873,3873,3873,3873,3873,3873,3873,3873,3873,3873,3873,3873,3873,3873,3873,3873,3873,3873,3873,3873,3873,3873,3873,3873,3873,3873,3873,
goal:3873,3873,3873,3873,3873,3873,3873,3873,3873,3873,3873,3873,3873,3873,3873,3873,3873,3873,3873,3873,3873,3873,3873,3873,3873,3873,3873,3873,3873,3873,3873,3873,3873,3873,3873,3873,3873,3873,3873,3873,3873,3873,3873,3873,3873,3873,3873,3873,3873,3873,3873,3873,3873,3873,3873,3873,3873,3873,3873,3873,3873,3873,3873,3873,3873,3873,3873,3873,3873,3873,3873,3873,3873,3873,3873,3873,3873,3873,3873,3873,3873,
size:33
[agent] id:8
path:2427,2320,2213,2106,1999,1998,1997,1996,1995,1994,1993,1992,1991,1990,1989,1988,1987,1986,1985,1984,1983,1982,1981,1980,1979,1978,1871,1870,1869,1868,1867,1866,1759,1652,1545,1438,1437,1436,1435,1434,1433,1433,1433,1433,1433,1433,1433,1433,1433,1433,1433,1433,1433,1433,1433,1433,1433,1433,1433,1433,1433,1433,1433,1433,1433,1433,1433,1433,1433,1433,1433,1433,1433,1433,1433,1433,1433,1433,1433,1433,1433,
goal:1433,1433,1433,1433,1433,1433,1433,1433,1433,1433,1433,1433,1433,1433,1433,1433,1433,1433,1433,1433,1433,1433,1433,1433,1433,1433,1433,1433,1433,1433,1433,1433,1433,1433,1433,1433,1433,1433,1433,1433,1433,1433,1433,1433,1433,1433,1433,1433,1433,1433,1433,1433,1433,1433,1433,1433,1433,1433,1433,1433,1433,1433,1433,1433,1433,1433,1433,1433,1433,1433,1433,1433,1433,1433,1433,1433,1433,1433,1433,1433,1433,
size:40
[agent] id:9
path:1331,1438,1545,1652,1759,1866,1973,2080,2081,2188,2295,2402,2509,2616,2723,2830,2937,2938,2939,2940,2941,2942,2943,2944,2945,2946,2947,2948,2949,3056,3057,3058,3059,3060,3061,3062,3169,3170,3171,3172,3173,3280,3387,3494,3601,3708,3815,3922,4029,4028,4028,4028,4028,4028,4028,4028,4028,4028,4028,4028,4028,4028,4028,4028,4028,4028,4028,4028,4028,4028,4028,4028,4028,4028,4028,4028,4028,4028,4028,4028,4028,
goal:4028,4028,4028,4028,4028,4028,4028,4028,4028,4028,4028,4028,4028,4028,4028,4028,4028,4028,4028,4028,4028,4028,4028,4028,4028,4028,4028,4028,4028,4028,4028,4028,4028,4028,4028,4028,4028,4028,4028,4028,4028,4028,4028,4028,4028,4028,4028,4028,4028,4028,4028,4028,4028,4028,4028,4028,4028,4028,4028,4028,4028,4028,4028,4028,4028,4028,4028,4028,4028,4028,4028,4028,4028,4028,4028,4028,4028,4028,4028,4028,4028,
size:49
[agent] id:10
path:2855,2854,2853,2852,2851,2850,2849,2848,2847,2846,2845,2844,2843,2842,2841,2840,2839,2838,2837,2836,2835,2834,2833,2832,2831,2830,2829,2828,2827,2826,2825,2824,2823,2822,2822,2822,2822,2822,2822,2822,2822,2822,2822,2822,2822,2822,2822,2822,2822,2822,2822,2822,2822,2822,2822,2822,2822,2822,2822,2822,2822,2822,2822,2822,2822,2822,2822,2822,2822,2822,2822,2822,2822,2822,2822,2822,2822,2822,2822,2822,2822,
goal:2822,2822,2822,2822,2822,2822,2822,2822,2822,2822,2822,2822,2822,2822,2822,2822,2822,2822,2822,2822,2822,2822,2822,2822,2822,2822,2822,2822,2822,2822,2822,2822,2822,2822,2822,2822,2822,2822,2822,2822,2822,2822,2822,2822,2822,2822,2822,2822,2822,2822,2822,2822,2822,2822,2822,2822,2822,2822,2822,2822,2822,2822,2822,2822,2822,2822,2822,2822,2822,2822,2822,2822,2822,2822,2822,2822,2822,2822,2822,2822,2822,
size:33
[agent] id:11
path:3925,3818,3711,3604,3603,3602,3495,3388,3281,3174,3067,3066,3065,3064,3063,3062,3061,3060,3059,3058,3057,3056,3055,3054,3053,3052,3052,3052,3052,3052,3052,3052,3052,3052,3052,3052,3052,3052,3052,3052,3052,3052,3052,3052,3052,3052,3052,3052,3052,3052,3052,3052,3052,3052,3052,3052,3052,3052,3052,3052,3052,3052,3052,3052,3052,3052,3052,3052,3052,3052,3052,3052,3052,3052,3052,3052,3052,3052,3052,3052,3052,
goal:3052,3052,3052,3052,3052,3052,3052,3052,3052,3052,3052,3052,3052,3052,3052,3052,3052,3052,3052,3052,3052,3052,3052,3052,3052,3052,3052,3052,3052,3052,3052,3052,3052,3052,3052,3052,3052,3052,3052,3052,3052,3052,3052,3052,3052,3052,3052,3052,3052,3052,3052,3052,3052,3052,3052,3052,3052,3052,3052,3052,3052,3052,3052,3052,3052,3052,3052,3052,3052,3052,3052,3052,3052,3052,3052,3052,3052,3052,3052,3052,3052,
size:25
[agent] id:12
path:2936,2829,2722,2615,2508,2401,2294,2187,2080,1973,1866,1759,1652,1545,1438,1331,1224,1117,1118,1011,1012,1013,1014,1015,1015,1015,1015,1015,1015,1015,1015,1015,1015,1015,1015,1015,1015,1015,1015,1015,1015,1015,1015,1015,1015,1015,1015,1015,1015,1015,1015,1015,1015,1015,1015,1015,1015,1015,1015,1015,1015,1015,1015,1015,1015,1015,1015,1015,1015,1015,1015,1015,1015,1015,1015,1015,1015,1015,1015,1015,1015,
goal:1015,1015,1015,1015,1015,1015,1015,1015,1015,1015,1015,1015,1015,1015,1015,1015,1015,1015,1015,1015,1015,1015,1015,1015,1015,1015,1015,1015,1015,1015,1015,1015,1015,1015,1015,1015,1015,1015,1015,1015,1015,1015,1015,1015,1015,1015,1015,1015,1015,1015,1015,1015,1015,1015,1015,1015,1015,1015,1015,1015,1015,1015,1015,1015,1015,1015,1015,1015,1015,1015,1015,1015,1015,1015,1015,1015,1015,1015,1015,1015,1015,
size:23
[agent] id:13
path:2534,2641,2748,2855,2962,3069,3176,3175,3175,3175,3175,3175,3175,3175,3175,3175,3175,3175,3175,3175,3175,3175,3175,3175,3175,3175,3175,3175,3175,3175,3175,3175,3175,3175,3175,3175,3175,3175,3175,3175,3175,3175,3175,3175,3175,3175,3175,3175,3175,3175,3175,3175,3175,3175,3175,3175,3175,3175,3175,3175,3175,3175,3175,3175,3175,3175,3175,3175,3175,3175,3175,3175,3175,3175,3175,3175,3175,3175,3175,3175,3175,
goal:3175,3175,3175,3175,3175,3175,3175,3175,3175,3175,3175,3175,3175,3175,3175,3175,3175,3175,3175,3175,3175,3175,3175,3175,3175,3175,3175,3175,3175,3175,3175,3175,3175,3175,3175,3175,3175,3175,3175,3175,3175,3175,3175,3175,3175,3175,3175,3175,3175,3175,3175,3175,3175,3175,3175,3175,3175,3175,3175,3175,3175,3175,3175,3175,3175,3175,3175,3175,3175,3175,3175,3175,3175,3175,3175,3175,3175,3175,3175,3175,3175,
size:7
[agent] id:14
path:2370,2371,2264,2157,2050,1943,1836,1837,1838,1839,1840,1841,1841,1841,1841,1841,1841,1841,1841,1841,1841,1841,1841,1841,1841,1841,1841,1841,1841,1841,1841,1841,1841,1841,1841,1841,1841,1841,1841,1841,1841,1841,1841,1841,1841,1841,1841,1841,1841,1841,1841,1841,1841,1841,1841,1841,1841,1841,1841,1841,1841,1841,1841,1841,1841,1841,1841,1841,1841,1841,1841,1841,1841,1841,1841,1841,1841,1841,1841,1841,1841,
goal:1841,1841,1841,1841,1841,1841,1841,1841,1841,1841,1841,1841,1841,1841,1841,1841,1841,1841,1841,1841,1841,1841,1841,1841,1841,1841,1841,1841,1841,1841,1841,1841,1841,1841,1841,1841,1841,1841,1841,1841,1841,1841,1841,1841,1841,1841,1841,1841,1841,1841,1841,1841,1841,1841,1841,1841,1841,1841,1841,1841,1841,1841,1841,1841,1841,1841,1841,1841,1841,1841,1841,1841,1841,1841,1841,1841,1841,1841,1841,1841,1841,
size:11
[agent] id:15
path:1138,1245,1352,1459,1460,1461,1568,1675,1782,1889,1996,1995,1994,1993,1992,1991,1990,1989,1988,1987,1986,1985,1984,1983,1982,1981,1980,1979,1978,1977,1976,1975,1974,1973,1972,1971,1970,1969,1968,1968,1968,1968,1968,1968,1968,1968,1968,1968,1968,1968,1968,1968,1968,1968,1968,1968,1968,1968,1968,1968,1968,1968,1968,1968,1968,1968,1968,1968,1968,1968,1968,1968,1968,1968,1968,1968,1968,1968,1968,1968,1968,
goal:1968,1968,1968,1968,1968,1968,1968,1968,1968,1968,1968,1968,1968,1968,1968,1968,1968,1968,1968,1968,1968,1968,1968,1968,1968,1968,1968,1968,1968,1968,1968,1968,1968,1968,1968,1968,1968,1968,1968,1968,1968,1968,1968,1968,1968,1968,1968,1968,1968,1968,1968,1968,1968,1968,1968,1968,1968,1968,1968,1968,1968,1968,1968,1968,1968,1968,1968,1968,1968,1968,1968,1968,1968,1968,1968,1968,1968,1968,1968,1968,1968,
size:38
[agent] id:16
path:2775,2668,2561,2454,2453,2452,2451,2450,2449,2448,2447,2446,2339,2232,2125,2018,2017,2016,2015,2014,2013,2012,2011,2010,2009,2008,2007,2006,2005,2004,2003,2002,2001,2000,1999,1998,1997,1996,1995,1994,1993,1992,1991,1990,1989,1988,1987,1986,1985,1984,1983,1982,1981,1980,1979,1978,1871,1870,1869,1868,1867,1866,1759,1652,1545,1438,1331,1224,1117,1118,1011,904,797,690,691,692,693,694,695,695,695,
goal:695,695,695,695,695,695,695,695,695,695,695,695,695,695,695,695,695,695,695,695,695,695,695,695,695,695,695,695,695,695,695,695,695,695,695,695,695,695,695,695,695,695,695,695,695,695,695,695,695,695,695,695,695,695,695,695,695,695,695,695,695,695,695,695,695,695,695,695,695,695,695,695,695,695,695,695,695,695,695,695,695,
size:78
[agent] id:17
path:2604,2497,2390,2391,2392,2393,2394,2395,2396,2397,2290,2291,2292,2293,2294,2295,2296,2297,2190,2191,2192,2193,2194,2195,2088,2089,1982,1983,1876,1877,1770,1771,1771,1771,1771,1771,1771,1771,1771,1771,1771,1771,1771,1771,1771,1771,1771,1771,1771,1771,1771,1771,1771,1771,1771,1771,1771,1771,1771,1771,1771,1771,1771,1771,1771,1771,1771,1771,1771,1771,1771,1771,1771,1771,1771,1771,1771,1771,1771,1771,1771,
goal:1771,1771,1771,1771,1771,1771,1771,1771,1771,1771,1771,1771,1771,1771,1771,1771,1771,1771,1771,1771,1771,1771,1771,1771,1771,1771,1771,1771,1771,1771,1771,1771,1771,1771,1771,1771,1771,1771,1771,1771,1771,1771,1771,1771,1771,1771,1771,1771,1771,1771,1771,1771,1771,1771,1771,1771,1771,1771,1771,1771,1771,1771,1771,1771,1771,1771,1771,1771,1771,1771,1771,1771,1771,1771,1771,1771,1771,1771,1771,1771,1771,
size:31
[agent] id:18
path:2190,2297,2296,2295,2294,2293,2292,2291,2290,2289,2288,2287,2286,2285,2284,2283,2282,2281,2280,2279,2278,2277,2276,2275,2274,2273,2272,2271,2270,2269,2268,2267,2267,2267,2267,2267,2267,2267,2267,2267,2267,2267,2267,2267,2267,2267,2267,2267,2267,2267,2267,2267,2267,2267,2267,2267,2267,2267,2267,2267,2267,2267,2267,2267,2267,2267,2267,2267,2267,2267,2267,2267,2267,2267,2267,2267,2267,2267,2267,2267,2267,
goal:2267,2267,2267,2267,2267,2267,2267,2267,2267,2267,2267,2267,2267,2267,2267,2267,2267,2267,2267,2267,2267,2267,2267,2267,2267,2267,2267,2267,2267,2267,2267,2267,2267,2267,2267,2267,2267,2267,2267,2267,2267,2267,2267,2267,2267,2267,2267,2267,2267,2267,2267,2267,2267,2267,2267,2267,2267,2267,2267,2267,2267,2267,2267,2267,2267,2267,2267,2267,2267,2267,2267,2267,2267,2267,2267,2267,2267,2267,2267,2267,2267,
size:31
[agent] id:19
path:2939,3046,3045,3044,3043,3042,3041,3040,3039,3038,3037,3036,3035,3034,3033,3032,3031,3030,3029,3028,3027,3026,3025,3024,3131,3238,3345,3344,3343,3342,3341,3340,3447,3554,3661,3768,3875,3982,4089,4196,4303,4410,4409,4408,4407,4407,4407,4407,4407,4407,4407,4407,4407,4407,4407,4407,4407,4407,4407,4407,4407,4407,4407,4407,4407,4407,4407,4407,4407,4407,4407,4407,4407,4407,4407,4407,4407,4407,4407,4407,4407,
goal:4407,4407,4407,4407,4407,4407,4407,4407,4407,4407,4407,4407,4407,4407,4407,4407,4407,4407,4407,4407,4407,4407,4407,4407,4407,4407,4407,4407,4407,4407,4407,4407,4407,4407,4407,4407,4407,4407,4407,4407,4407,4407,4407,4407,4407,4407,4407,4407,4407,4407,4407,4407,4407,4407,4407,4407,4407,4407,4407,4407,4407,4407,4407,4407,4407,4407,4407,4407,4407,4407,4407,4407,4407,4407,4407,4407,4407,4407,4407,4407,4407,
size:44
[agent] id:20
path:3021,2914,2807,2700,2593,2486,2379,2380,2381,2382,2383,2384,2385,2386,2387,2388,2389,2390,2283,2284,2285,2286,2287,2288,2289,2182,2183,2184,2185,2186,2187,2080,2081,2082,2083,2084,2085,2086,2087,2088,2089,2090,2091,2092,2093,2094,2095,1988,1989,1990,1991,1884,1884,1884,1884,1884,1884,1884,1884,1884,1884,1884,1884,1884,1884,1884,1884,1884,1884,1884,1884,1884,1884,1884,1884,1884,1884,1884,1884,1884,1884,
goal:1884,1884,1884,1884,1884,1884,1884,1884,1884,1884,1884,1884,1884,1884,1884,1884,1884,1884,1884,1884,1884,1884,1884,1884,1884,1884,1884,1884,1884,1884,1884,1884,1884,1884,1884,1884,1884,1884,1884,1884,1884,1884,1884,1884,1884,1884,1884,1884,1884,1884,1884,1884,1884,1884,1884,1884,1884,1884,1884,1884,1884,1884,1884,1884,1884,1884,1884,1884,1884,1884,1884,1884,1884,1884,1884,1884,1884,1884,1884,1884,1884,
size:51
[agent] id:21
path:2332,2331,2330,2329,2328,2327,2326,2325,2324,2323,2322,2321,2320,2319,2318,2317,2316,2315,2314,2313,2312,2311,2310,2309,2308,2307,2306,2413,2412,2411,2410,2409,2408,2407,2514,2513,2512,2511,2510,2509,2508,2507,2506,2505,2504,2503,2502,2501,2500,2499,2498,2497,2496,2495,2494,2493,2492,2491,2490,2489,2488,2487,2486,2485,2484,2483,2482,2481,2480,2479,2478,2477,2476,2475,2474,2473,2472,2471,2470,2469,2469,
goal:2469,2469,2469,2469,2469,2469,2469,2469,2469,2469,2469,2469,2469,2469,2469,2469,2469,2469,2469,2469,2469,2469,2469,2469,2469,2469,2469,2469,2469,2469,2469,2469,2469,2469,2469,2469,2469,2469,2469,2469,2469,2469,2469,2469,2469,2469,2469,2469,2469,2469,2469,2469,2469,2469,2469,2469,2469,2469,2469,2469,2469,2469,2469,2469,2469,2469,2469,2469,2469,2469,2469,2469,2469,2469,2469,2469,2469,2469,2469,2469,2469,
size:79
[agent] id:22
path:4675,4568,4461,4354,4247,4140,4033,3926,3819,3712,3605,3604,3603,3602,3495,3388,3281,3174,3067,2960,2853,2746,2639,2532,2425,2318,2318,2318,2318,2318,2318,2318,2318,2318,2318,2318,2318,2318,2318,2318,2318,2318,2318,2318,2318,2318,2318,2318,2318,2318,2318,2318,2318,2318,2318,2318,2318,2318,2318,2318,2318,2318,2318,2318,2318,2318,2318,2318,2318,2318,2318,2318,2318,2318,2318,2318,2318,2318,2318,2318,2318,
goal:2318,2318,2318,2318,2318,2318,2318,2318,2318,2318,2318,2318,2318,2318,2318,2318,2318,2318,2318,2318,2318,2318,2318,2318,2318,2318,2318,2318,2318,2318,2318,2318,2318,2318,2318,2318,2318,2318,2318,2318,2318,2318,2318,2318,2318,2318,2318,2318,2318,2318,2318,2318,2318,2318,2318,2318,2318,2318,2318,2318,2318,2318,2318,2318,2318,2318,2318,2318,2318,2318,2318,2318,2318,2318,2318,2318,2318,2318,2318,2318,2318,
size:25
[agent] id:23
path:3009,2902,2795,2688,2581,2474,2367,2368,2369,2370,2371,2372,2373,2374,2375,2376,2377,2378,2379,2380,2381,2382,2383,2384,2277,2278,2279,2280,2281,2282,2283,2176,2177,2178,2179,2180,2181,2074,2075,2076,2077,2078,2079,2080,2081,2082,2083,2084,2085,2086,2087,2088,2089,1982,1983,1984,1985,1986,1987,1988,1989,1990,1991,1992,1885,1886,1887,1888,1889,1782,1675,1568,1461,1354,1247,1140,1033,926,819,712,711,
goal:711,711,711,711,711,711,711,711,711,711,711,711,711,711,711,711,711,711,711,711,711,711,711,711,711,711,711,711,711,711,711,711,711,711,711,711,711,711,711,711,711,711,711,711,711,711,711,711,711,711,711,711,711,711,711,711,711,711,711,711,711,711,711,711,711,711,711,711,711,711,711,711,711,711,711,711,711,711,711,711,711,
size:80
[agent] id:24
path:4087,3980,3873,3766,3767,3660,3553,3446,3339,3232,3125,3018,2911,2804,2697,2590,2483,2376,2269,2162,2055,2056,2057,2058,2059,2060,2061,2062,2063,2064,2065,2066,1959,1960,1961,1962,1963,1964,1965,1966,1967,1860,1861,1862,1863,1864,1865,1758,1651,1544,1437,1330,1223,1116,1009,902,903,904,905,906,907,908,908,908,908,908,908,908,908,908,908,908,908,908,908,908,908,908,908,908,908,
goal:908,908,908,908,908,908,908,908,908,908,908,908,908,908,908,908,908,908,908,908,908,908,908,908,908,908,908,908,908,908,908,908,908,908,908,908,908,908,908,908,908,908,908,908,908,908,908,908,908,908,908,908,908,908,908,908,908,908,908,908,908,908,908,908,908,908,908,908,908,908,908,908,908,908,908,908,908,908,908,908,908,
size:61
[agent] id:25
path:2735,2628,2521,2414,2307,2200,2199,2198,2197,2196,2195,2194,2193,2192,2191,2190,2189,2188,2187,2186,2185,2184,2183,2182,2181,2180,2179,2178,2177,2176,2175,2174,2173,2172,2171,2170,2169,2168,2167,2166,2165,2164,2163,2162,2161,2161,2161,2161,2161,2161,2161,2161,2161,2161,2161,2161,2161,2161,2161,2161,2161,2161,2161,2161,2161,2161,2161,2161,2161,2161,2161,2161,2161,2161,2161,2161,2161,2161,2161,2161,2161,
goal:2161,2161,2161,2161,2161,2161,2161,2161,2161,2161,2161,2161,2161,2161,2161,2161,2161,2161,2161,2161,2161,2161,2161,2161,2161,2161,2161,2161,2161,2161,2161,2161,2161,2161,2161,2161,2161,2161,2161,2161,2161,2161,2161,2161,2161,2161,2161,2161,2161,2161,2161,2161,2161,2161,2161,2161,2161,2161,2161,2161,2161,2161,2161,2161,2161,2161,2161,2161,2161,2161,2161,2161,2161,2161,2161,2161,2161,2161,2161,2161,2161,
size:44
[agent] id:26
path:1441,1334,1227,1120,1013,1012,1011,1010,1010,1010,1010,1010,1010,1010,1010,1010,1010,1010,1010,1010,1010,1010,1010,1010,1010,1010,1010,1010,1010,1010,1010,1010,1010,1010,1010,1010,1010,1010,1010,1010,1010,1010,1010,1010,1010,1010,1010,1010,1010,1010,1010,1010,1010,1010,1010,1010,1010,1010,1010,1010,1010,1010,1010,1010,1010,1010,1010,1010,1010,1010,1010,1010,1010,1010,1010,1010,1010,1010,1010,1010,1010,
goal:1010,1010,1010,1010,1010,1010,1010,1010,1010,1010,1010,1010,1010,1010,1010,1010,1010,1010,1010,1010,1010,1010,1010,1010,1010,1010,1010,1010,1010,1010,1010,1010,1010,1010,1010,1010,1010,1010,1010,1010,1010,1010,1010,1010,1010,1010,1010,1010,1010,1010,1010,1010,1010,1010,1010,1010,1010,1010,1010,1010,1010,1010,1010,1010,1010,1010,1010,1010,1010,1010,1010,1010,1010,1010,1010,1010,1010,1010,1010,1010,1010,
size:7
[agent] id:27
path:2607,2500,2393,2394,2395,2396,2397,2398,2399,2292,2293,2294,2295,2296,2297,2298,2191,2192,2193,2194,2195,2196,2089,2090,2091,1984,1985,1986,1987,1988,1989,1990,1991,1884,1885,1886,1887,1888,1889,1782,1675,1568,1461,1354,1247,1140,1033,926,819,712,713,713,713,713,713,713,713,713,713,713,713,713,713,713,713,713,713,713,713,713,713,713,713,713,713,713,713,713,713,713,713,
goal:713,713,713,713,713,713,713,713,713,713,713,713,713,713,713,713,713,713,713,713,713,713,713,713,713,713,713,713,713,713,713,713,713,713,713,713,713,713,713,713,713,713,713,713,713,713,713,713,713,713,713,713,713,713,713,713,713,713,713,713,713,713,713,713,713,713,713,713,713,713,713,713,713,713,713,713,713,713,713,713,713,
size:50
[agent] id:28
path:1842,1949,2056,2163,2270,2377,2484,2591,2698,2699,2700,2701,2702,2703,2704,2705,2706,2707,2708,2709,2710,2711,2712,2713,2714,2715,2716,2717,2718,2719,2720,2721,2722,2723,2723,2723,2723,2723,2723,2723,2723,2723,2723,2723,2723,2723,2723,2723,2723,2723,2723,2723,2723,2723,2723,2723,2723,2723,2723,2723,2723,2723,2723,2723,2723,2723,2723,2723,2723,2723,2723,2723,2723,2723,2723,2723,2723,2723,2723,2723,2723,
goal:2723,2723,2723,2723,2723,2723,2723,2723,2723,2723,2723,2723,2723,2723,2723,2723,2723,2723,2723,2723,2723,2723,2723,2723,2723,2723,2723,2723,2723,2723,2723,2723,2723,2723,2723,2723,2723,2723,2723,2723,2723,2723,2723,2723,2723,2723,2723,2723,2723,2723,2723,2723,2723,2723,2723,2723,2723,2723,2723,2723,2723,2723,2723,2723,2723,2723,2723,2723,2723,2723,2723,2723,2723,2723,2723,2723,2723,2723,2723,2723,2723,
size:33
[agent] id:29
path:3176,3069,2962,2963,2856,2749,2750,2751,2752,2753,2754,2755,2756,2757,2758,2759,2760,2761,2762,2763,2764,2764,2764,2764,2764,2764,2764,2764,2764,2764,2764,2764,2764,2764,2764,2764,2764,2764,2764,2764,2764,2764,2764,2764,2764,2764,2764,2764,2764,2764,2764,2764,2764,2764,2764,2764,2764,2764,2764,2764,2764,2764,2764,2764,2764,2764,2764,2764,2764,2764,2764,2764,2764,2764,2764,2764,2764,2764,2764,2764,2764,
goal:2764,2764,2764,2764,2764,2764,2764,2764,2764,2764,2764,2764,2764,2764,2764,2764,2764,2764,2764,2764,2764,2764,2764,2764,2764,2764,2764,2764,2764,2764,2764,2764,2764,2764,2764,2764,2764,2764,2764,2764,2764,2764,2764,2764,2764,2764,2764,2764,2764,2764,2764,2764,2764,2764,2764,2764,2764,2764,2764,2764,2764,2764,2764,2764,2764,2764,2764,2764,2764,2764,2764,2764,2764,2764,2764,2764,2764,2764,2764,2764,2764,
size:20
SolutionCost:1137
