[setting] seed:38
[solver] type:ECBS
[solver] w:3.000000
[solver] ID:0
[solver] Lowlevelnode:25069
[solver] solved:1
[solver] elapsed:76
[solver] makespan:70
[problem] timesteplimit:10000
[problem] type:MAPF
[problem] agentnum:20
[graph] width:107
[graph] height:47
[graph] filename:./map/orz601d.map
[task] id:5,start:0,end:0,service time:0,nodes:4199,
[task] id:6,start:0,end:0,service time:0,nodes:2373,
[task] id:15,start:0,end:0,service time:0,nodes:1758,
[task] id:14,start:0,end:0,service time:0,nodes:3079,
[task] id:2,start:0,end:0,service time:0,nodes:2169,
[task] id:4,start:0,end:0,service time:0,nodes:2160,
[task] id:16,start:0,end:0,service time:0,nodes:2328,
[task] id:13,start:0,end:0,service time:0,nodes:1967,
[task] id:17,start:0,end:0,service time:0,nodes:1981,
[task] id:10,start:0,end:0,service time:0,nodes:2617,
[task] id:12,start:0,end:0,service time:0,nodes:2512,
[task] id:1,start:0,end:0,service time:0,nodes:1944,
[task] id:19,start:0,end:0,service time:0,nodes:2555,
[task] id:11,start:0,end:0,service time:0,nodes:2850,
[task] id:9,start:0,end:0,service time:0,nodes:2078,
[task] id:18,start:0,end:0,service time:0,nodes:2502,
[task] id:3,start:0,end:0,service time:0,nodes:1418,
[task] id:0,start:0,end:0,service time:0,nodes:3765,
[task] id:8,start:0,end:0,service time:0,nodes:3025,
[task] id:7,start:0,end:0,service time:0,nodes:2657,
[agent] id:0
path:1119,1226,1333,1440,1439,1438,1545,1652,1759,1866,1973,2080,2187,2294,2401,2508,2615,2722,2829,2936,3043,3042,3041,3040,3039,3038,3037,3036,3035,3034,3033,3032,3031,3030,3029,3028,3027,3026,3025,3024,3131,3238,3345,3344,3343,3342,3341,3340,3447,3554,3661,3768,3767,3766,3765,3765,3765,3765,3765,3765,3765,3765,3765,3765,3765,3765,3765,3765,3765,3765,3765,
goal:3765,3765,3765,3765,3765,3765,3765,3765,3765,3765,3765,3765,3765,3765,3765,3765,3765,3765,3765,3765,3765,3765,3765,3765,3765,3765,3765,3765,3765,3765,3765,3765,3765,3765,3765,3765,3765,3765,3765,3765,3765,3765,3765,3765,3765,3765,3765,3765,3765,3765,3765,3765,3765,3765,3765,3765,3765,3765,3765,3765,3765,3765,3765,3765,3765,3765,3765,3765,3765,3765,3765,
size:54
[agent] id:1
path:687,794,901,1008,1115,1222,1329,1436,1437,1544,1651,1758,1865,1972,1971,1970,1969,1968,1967,1966,1965,1964,1963,1962,1961,1960,1959,1958,1957,1956,1955,1954,1953,1952,1951,1950,1949,1948,1947,1946,1945,1944,1944,1944,1944,1944,1944,1944,1944,1944,1944,1944,1944,1944,1944,1944,1944,1944,1944,1944,1944,1944,1944,1944,1944,1944,1944,1944,1944,1944,1944,
goal:1944,1944,1944,1944,1944,1944,1944,1944,1944,1944,1944,1944,1944,1944,1944,1944,1944,1944,1944,1944,1944,1944,1944,1944,1944,1944,1944,1944,1944,1944,1944,1944,1944,1944,1944,1944,1944,1944,1944,1944,1944,1944,1944,1944,1944,1944,1944,1944,1944,1944,1944,1944,1944,1944,1944,1944,1944,1944,1944,1944,1944,1944,1944,1944,1944,1944,1944,1944,1944,1944,1944,
size:41
[agent] id:2
path:2365,2366,2367,2368,2369,2370,2371,2264,2157,2158,2159,2160,2161,2162,2163,2164,2165,2166,2167,2168,2169,2169,2169,2169,2169,2169,2169,2169,2169,2169,2169,2169,2169,2169,2169,2169,2169,2169,2169,2169,2169,2169,2169,2169,2169,2169,2169,2169,2169,2169,2169,2169,2169,2169,2169,2169,2169,2169,2169,2169,2169,2169,2169,2169,2169,2169,2169,2169,2169,2169,2169,
goal:2169,2169,2169,2169,2169,2169,2169,2169,2169,2169,2169,2169,2169,2169,2169,2169,2169,2169,2169,2169,2169,2169,2169,2169,2169,2169,2169,2169,2169,2169,2169,2169,2169,2169,2169,2169,2169,2169,2169,2169,2169,2169,2169,2169,2169,2169,2169,2169,2169,2169,2169,2169,2169,2169,2169,2169,2169,2169,2169,2169,2169,2169,2169,2169,2169,2169,2169,2169,2169,2169,2169,
size:20
[agent] id:3
path:3158,3051,2944,2837,2730,2623,2516,2409,2302,2195,2088,1981,1980,1979,1978,1977,1976,1975,1974,1973,1972,1971,1970,1969,1968,1967,1966,1965,1964,1963,1962,1961,1960,1959,1958,1957,1956,1955,1954,1847,1846,1845,1844,1843,1842,1735,1628,1521,1414,1415,1416,1417,1418,1418,1418,1418,1418,1418,1418,1418,1418,1418,1418,1418,1418,1418,1418,1418,1418,1418,1418,
goal:1418,1418,1418,1418,1418,1418,1418,1418,1418,1418,1418,1418,1418,1418,1418,1418,1418,1418,1418,1418,1418,1418,1418,1418,1418,1418,1418,1418,1418,1418,1418,1418,1418,1418,1418,1418,1418,1418,1418,1418,1418,1418,1418,1418,1418,1418,1418,1418,1418,1418,1418,1418,1418,1418,1418,1418,1418,1418,1418,1418,1418,1418,1418,1418,1418,1418,1418,1418,1418,1418,1418,
size:52
[agent] id:4
path:4084,3977,3870,3763,3764,3765,3766,3767,3660,3553,3446,3339,3232,3125,3018,2911,2804,2697,2590,2483,2376,2269,2162,2161,2160,2160,2160,2160,2160,2160,2160,2160,2160,2160,2160,2160,2160,2160,2160,2160,2160,2160,2160,2160,2160,2160,2160,2160,2160,2160,2160,2160,2160,2160,2160,2160,2160,2160,2160,2160,2160,2160,2160,2160,2160,2160,2160,2160,2160,2160,2160,
goal:2160,2160,2160,2160,2160,2160,2160,2160,2160,2160,2160,2160,2160,2160,2160,2160,2160,2160,2160,2160,2160,2160,2160,2160,2160,2160,2160,2160,2160,2160,2160,2160,2160,2160,2160,2160,2160,2160,2160,2160,2160,2160,2160,2160,2160,2160,2160,2160,2160,2160,2160,2160,2160,2160,2160,2160,2160,2160,2160,2160,2160,2160,2160,2160,2160,2160,2160,2160,2160,2160,2160,
size:24
[agent] id:5
path:3881,3988,4095,4202,4201,4200,4199,4199,4199,4199,4199,4199,4199,4199,4199,4199,4199,4199,4199,4199,4199,4199,4199,4199,4199,4199,4199,4199,4199,4199,4199,4199,4199,4199,4199,4199,4199,4199,4199,4199,4199,4199,4199,4199,4199,4199,4199,4199,4199,4199,4199,4199,4199,4199,4199,4199,4199,4199,4199,4199,4199,4199,4199,4199,4199,4199,4199,4199,4199,4199,4199,
goal:4199,4199,4199,4199,4199,4199,4199,4199,4199,4199,4199,4199,4199,4199,4199,4199,4199,4199,4199,4199,4199,4199,4199,4199,4199,4199,4199,4199,4199,4199,4199,4199,4199,4199,4199,4199,4199,4199,4199,4199,4199,4199,4199,4199,4199,4199,4199,4199,4199,4199,4199,4199,4199,4199,4199,4199,4199,4199,4199,4199,4199,4199,4199,4199,4199,4199,4199,4199,4199,4199,4199,
size:6
[agent] id:6
path:1308,1415,1414,1521,1628,1735,1842,1949,2056,2163,2270,2377,2376,2375,2374,2373,2373,2373,2373,2373,2373,2373,2373,2373,2373,2373,2373,2373,2373,2373,2373,2373,2373,2373,2373,2373,2373,2373,2373,2373,2373,2373,2373,2373,2373,2373,2373,2373,2373,2373,2373,2373,2373,2373,2373,2373,2373,2373,2373,2373,2373,2373,2373,2373,2373,2373,2373,2373,2373,2373,2373,
goal:2373,2373,2373,2373,2373,2373,2373,2373,2373,2373,2373,2373,2373,2373,2373,2373,2373,2373,2373,2373,2373,2373,2373,2373,2373,2373,2373,2373,2373,2373,2373,2373,2373,2373,2373,2373,2373,2373,2373,2373,2373,2373,2373,2373,2373,2373,2373,2373,2373,2373,2373,2373,2373,2373,2373,2373,2373,2373,2373,2373,2373,2373,2373,2373,2373,2373,2373,2373,2373,2373,2373,
size:15
[agent] id:7
path:3235,3128,3021,2914,2807,2700,2593,2594,2595,2596,2597,2598,2599,2600,2601,2602,2603,2604,2605,2606,2607,2608,2609,2610,2611,2612,2613,2614,2615,2616,2617,2618,2619,2620,2621,2622,2623,2624,2625,2626,2627,2628,2629,2630,2631,2632,2633,2634,2635,2636,2637,2638,2639,2640,2641,2642,2643,2644,2645,2646,2647,2648,2649,2650,2651,2652,2653,2654,2655,2656,2657,
goal:2657,2657,2657,2657,2657,2657,2657,2657,2657,2657,2657,2657,2657,2657,2657,2657,2657,2657,2657,2657,2657,2657,2657,2657,2657,2657,2657,2657,2657,2657,2657,2657,2657,2657,2657,2657,2657,2657,2657,2657,2657,2657,2657,2657,2657,2657,2657,2657,2657,2657,2657,2657,2657,2657,2657,2657,2657,2657,2657,2657,2657,2657,2657,2657,2657,2657,2657,2657,2657,2657,2657,
size:70
[agent] id:8
path:4239,4132,4025,3918,3811,3704,3597,3598,3599,3600,3601,3494,3387,3280,3173,3066,3065,3064,3063,3062,3061,3060,3059,3058,3057,3056,3055,3054,3053,3052,3051,3050,3049,3048,3047,3046,3045,3044,3043,3042,3041,3040,3039,3038,3037,3036,3035,3034,3033,3032,3031,3030,3029,3028,3027,3026,3025,3025,3025,3025,3025,3025,3025,3025,3025,3025,3025,3025,3025,3025,3025,
goal:3025,3025,3025,3025,3025,3025,3025,3025,3025,3025,3025,3025,3025,3025,3025,3025,3025,3025,3025,3025,3025,3025,3025,3025,3025,3025,3025,3025,3025,3025,3025,3025,3025,3025,3025,3025,3025,3025,3025,3025,3025,3025,3025,3025,3025,3025,3025,3025,3025,3025,3025,3025,3025,3025,3025,3025,3025,3025,3025,3025,3025,3025,3025,3025,3025,3025,3025,3025,3025,3025,3025,
size:56
[agent] id:9
path:2553,2446,2339,2232,2125,2124,2123,2122,2121,2120,2119,2118,2117,2116,2115,2114,2113,2112,2111,2110,2109,2108,2107,2106,2105,2104,2103,2102,2101,2100,2099,2098,2097,2096,2095,2094,2093,2092,2091,2090,2089,2088,2087,2086,2085,2084,2083,2082,2081,2080,2079,2078,2078,2078,2078,2078,2078,2078,2078,2078,2078,2078,2078,2078,2078,2078,2078,2078,2078,2078,2078,
goal:2078,2078,2078,2078,2078,2078,2078,2078,2078,2078,2078,2078,2078,2078,2078,2078,2078,2078,2078,2078,2078,2078,2078,2078,2078,2078,2078,2078,2078,2078,2078,2078,2078,2078,2078,2078,2078,2078,2078,2078,2078,2078,2078,2078,2078,2078,2078,2078,2078,2078,2078,2078,2078,2078,2078,2078,2078,2078,2078,2078,2078,2078,2078,2078,2078,2078,2078,2078,2078,2078,2078,
size:51
[agent] id:10
path:1457,1458,1459,1460,1461,1568,1675,1782,1889,1996,2103,2210,2317,2424,2531,2530,2529,2528,2527,2526,2525,2524,2523,2522,2521,2520,2519,2518,2517,2516,2515,2514,2513,2512,2619,2618,2617,2617,2617,2617,2617,2617,2617,2617,2617,2617,2617,2617,2617,2617,2617,2617,2617,2617,2617,2617,2617,2617,2617,2617,2617,2617,2617,2617,2617,2617,2617,2617,2617,2617,2617,
goal:2617,2617,2617,2617,2617,2617,2617,2617,2617,2617,2617,2617,2617,2617,2617,2617,2617,2617,2617,2617,2617,2617,2617,2617,2617,2617,2617,2617,2617,2617,2617,2617,2617,2617,2617,2617,2617,2617,2617,2617,2617,2617,2617,2617,2617,2617,2617,2617,2617,2617,2617,2617,2617,2617,2617,2617,2617,2617,2617,2617,2617,2617,2617,2617,2617,2617,2617,2617,2617,2617,2617,
size:36
[agent] id:11
path:898,1005,1112,1219,1326,1433,1434,1435,1436,1437,1544,1651,1758,1865,1972,2079,2186,2293,2400,2507,2614,2721,2828,2829,2830,2831,2832,2833,2834,2835,2836,2837,2838,2839,2840,2841,2842,2843,2844,2845,2846,2847,2848,2849,2850,2850,2850,2850,2850,2850,2850,2850,2850,2850,2850,2850,2850,2850,2850,2850,2850,2850,2850,2850,2850,2850,2850,2850,2850,2850,2850,
goal:2850,2850,2850,2850,2850,2850,2850,2850,2850,2850,2850,2850,2850,2850,2850,2850,2850,2850,2850,2850,2850,2850,2850,2850,2850,2850,2850,2850,2850,2850,2850,2850,2850,2850,2850,2850,2850,2850,2850,2850,2850,2850,2850,2850,2850,2850,2850,2850,2850,2850,2850,2850,2850,2850,2850,2850,2850,2850,2850,2850,2850,2850,2850,2850,2850,2850,2850,2850,2850,2850,2850,
size:44
[agent] id:12
path:2011,2118,2225,2332,2439,2546,2545,2544,2543,2542,2541,2540,2539,2538,2537,2536,2535,2534,2533,2532,2531,2530,2529,2528,2527,2526,2525,2524,2523,2522,2521,2520,2519,2518,2517,2516,2515,2514,2513,2512,2512,2512,2512,2512,2512,2512,2512,2512,2512,2512,2512,2512,2512,2512,2512,2512,2512,2512,2512,2512,2512,2512,2512,2512,2512,2512,2512,2512,2512,2512,2512,
goal:2512,2512,2512,2512,2512,2512,2512,2512,2512,2512,2512,2512,2512,2512,2512,2512,2512,2512,2512,2512,2512,2512,2512,2512,2512,2512,2512,2512,2512,2512,2512,2512,2512,2512,2512,2512,2512,2512,2512,2512,2512,2512,2512,2512,2512,2512,2512,2512,2512,2512,2512,2512,2512,2512,2512,2512,2512,2512,2512,2512,2512,2512,2512,2512,2512,2512,2512,2512,2512,2512,2512,
size:39
[agent] id:13
path:3270,3163,3056,2949,2842,2735,2628,2521,2414,2307,2200,2093,1986,1985,1984,1983,1982,1981,1980,1979,1978,1977,1976,1975,1974,1973,1972,1971,1970,1969,1968,1967,1967,1967,1967,1967,1967,1967,1967,1967,1967,1967,1967,1967,1967,1967,1967,1967,1967,1967,1967,1967,1967,1967,1967,1967,1967,1967,1967,1967,1967,1967,1967,1967,1967,1967,1967,1967,1967,1967,1967,
goal:1967,1967,1967,1967,1967,1967,1967,1967,1967,1967,1967,1967,1967,1967,1967,1967,1967,1967,1967,1967,1967,1967,1967,1967,1967,1967,1967,1967,1967,1967,1967,1967,1967,1967,1967,1967,1967,1967,1967,1967,1967,1967,1967,1967,1967,1967,1967,1967,1967,1967,1967,1967,1967,1967,1967,1967,1967,1967,1967,1967,1967,1967,1967,1967,1967,1967,1967,1967,1967,1967,1967,
size:31
[agent] id:14
path:2772,2665,2664,2663,2662,2661,2660,2767,2874,2981,3088,3087,3086,3085,3084,3083,3082,3081,3080,3079,3079,3079,3079,3079,3079,3079,3079,3079,3079,3079,3079,3079,3079,3079,3079,3079,3079,3079,3079,3079,3079,3079,3079,3079,3079,3079,3079,3079,3079,3079,3079,3079,3079,3079,3079,3079,3079,3079,3079,3079,3079,3079,3079,3079,3079,3079,3079,3079,3079,3079,3079,
goal:3079,3079,3079,3079,3079,3079,3079,3079,3079,3079,3079,3079,3079,3079,3079,3079,3079,3079,3079,3079,3079,3079,3079,3079,3079,3079,3079,3079,3079,3079,3079,3079,3079,3079,3079,3079,3079,3079,3079,3079,3079,3079,3079,3079,3079,3079,3079,3079,3079,3079,3079,3079,3079,3079,3079,3079,3079,3079,3079,3079,3079,3079,3079,3079,3079,3079,3079,3079,3079,3079,3079,
size:19
[agent] id:15
path:2821,2714,2607,2500,2393,2286,2179,2072,1965,1966,1967,1860,1861,1862,1863,1864,1865,1758,1758,1758,1758,1758,1758,1758,1758,1758,1758,1758,1758,1758,1758,1758,1758,1758,1758,1758,1758,1758,1758,1758,1758,1758,1758,1758,1758,1758,1758,1758,1758,1758,1758,1758,1758,1758,1758,1758,1758,1758,1758,1758,1758,1758,1758,1758,1758,1758,1758,1758,1758,1758,1758,
goal:1758,1758,1758,1758,1758,1758,1758,1758,1758,1758,1758,1758,1758,1758,1758,1758,1758,1758,1758,1758,1758,1758,1758,1758,1758,1758,1758,1758,1758,1758,1758,1758,1758,1758,1758,1758,1758,1758,1758,1758,1758,1758,1758,1758,1758,1758,1758,1758,1758,1758,1758,1758,1758,1758,1758,1758,1758,1758,1758,1758,1758,1758,1758,1758,1758,1758,1758,1758,1758,1758,1758,
size:17
[agent] id:16
path:1810,1917,2024,2131,2238,2345,2344,2451,2450,2449,2448,2447,2446,2339,2338,2337,2336,2335,2334,2333,2332,2331,2330,2329,2328,2328,2328,2328,2328,2328,2328,2328,2328,2328,2328,2328,2328,2328,2328,2328,2328,2328,2328,2328,2328,2328,2328,2328,2328,2328,2328,2328,2328,2328,2328,2328,2328,2328,2328,2328,2328,2328,2328,2328,2328,2328,2328,2328,2328,2328,2328,
goal:2328,2328,2328,2328,2328,2328,2328,2328,2328,2328,2328,2328,2328,2328,2328,2328,2328,2328,2328,2328,2328,2328,2328,2328,2328,2328,2328,2328,2328,2328,2328,2328,2328,2328,2328,2328,2328,2328,2328,2328,2328,2328,2328,2328,2328,2328,2328,2328,2328,2328,2328,2328,2328,2328,2328,2328,2328,2328,2328,2328,2328,2328,2328,2328,2328,2328,2328,2328,2328,2328,2328,
size:24
[agent] id:17
path:3027,2920,2813,2706,2599,2492,2385,2278,2171,2064,2065,2066,2067,2068,2069,2070,2071,2072,2073,2074,2075,2076,2077,2078,2079,2080,2081,1974,1975,1976,1977,1978,1979,1980,1981,1981,1981,1981,1981,1981,1981,1981,1981,1981,1981,1981,1981,1981,1981,1981,1981,1981,1981,1981,1981,1981,1981,1981,1981,1981,1981,1981,1981,1981,1981,1981,1981,1981,1981,1981,1981,
goal:1981,1981,1981,1981,1981,1981,1981,1981,1981,1981,1981,1981,1981,1981,1981,1981,1981,1981,1981,1981,1981,1981,1981,1981,1981,1981,1981,1981,1981,1981,1981,1981,1981,1981,1981,1981,1981,1981,1981,1981,1981,1981,1981,1981,1981,1981,1981,1981,1981,1981,1981,1981,1981,1981,1981,1981,1981,1981,1981,1981,1981,1981,1981,1981,1981,1981,1981,1981,1981,1981,1981,
size:34
[agent] id:18
path:4143,4036,3929,3822,3715,3714,3607,3606,3605,3604,3603,3602,3495,3388,3281,3174,3067,2960,2853,2746,2745,2744,2743,2742,2741,2740,2739,2738,2737,2736,2735,2734,2733,2732,2731,2730,2729,2622,2621,2620,2619,2618,2511,2510,2509,2508,2507,2506,2505,2504,2503,2502,2502,2502,2502,2502,2502,2502,2502,2502,2502,2502,2502,2502,2502,2502,2502,2502,2502,2502,2502,
goal:2502,2502,2502,2502,2502,2502,2502,2502,2502,2502,2502,2502,2502,2502,2502,2502,2502,2502,2502,2502,2502,2502,2502,2502,2502,2502,2502,2502,2502,2502,2502,2502,2502,2502,2502,2502,2502,2502,2502,2502,2502,2502,2502,2502,2502,2502,2502,2502,2502,2502,2502,2502,2502,2502,2502,2502,2502,2502,2502,2502,2502,2502,2502,2502,2502,2502,2502,2502,2502,2502,2502,
size:51
[agent] id:19
path:4034,3927,3820,3713,3606,3605,3604,3603,3602,3495,3388,3281,3174,3067,2960,2853,2746,2639,2640,2533,2534,2535,2536,2537,2538,2539,2540,2541,2542,2543,2544,2545,2546,2547,2548,2549,2550,2551,2552,2553,2554,2555,2555,2555,2555,2555,2555,2555,2555,2555,2555,2555,2555,2555,2555,2555,2555,2555,2555,2555,2555,2555,2555,2555,2555,2555,2555,2555,2555,2555,2555,
goal:2555,2555,2555,2555,2555,2555,2555,2555,2555,2555,2555,2555,2555,2555,2555,2555,2555,2555,2555,2555,2555,2555,2555,2555,2555,2555,2555,2555,2555,2555,2555,2555,2555,2555,2555,2555,2555,2555,2555,2555,2555,2555,2555,2555,2555,2555,2555,2555,2555,2555,2555,2555,2555,2555,2555,2555,2555,2555,2555,2555,2555,2555,2555,2555,2555,2555,2555,2555,2555,2555,2555,
size:41
SolutionCost:725
