[setting] seed:56
[solver] type:ECBS
[solver] w:3.000000
[solver] ID:0
[solver] Lowlevelnode:0
[solver] solved:1
[solver] elapsed:0
[solver] makespan:58
[problem] timesteplimit:10000
[problem] type:MAPF
[problem] agentnum:10
[graph] width:107
[graph] height:47
[graph] filename:./map/orz601d.map
[task] id:8,start:0,end:0,service time:0,nodes:1144,
[task] id:7,start:0,end:0,service time:0,nodes:1886,
[task] id:2,start:0,end:0,service time:0,nodes:2922,
[task] id:3,start:0,end:0,service time:0,nodes:2121,
[task] id:5,start:0,end:0,service time:0,nodes:2773,
[task] id:0,start:0,end:0,service time:0,nodes:1826,
[task] id:4,start:0,end:0,service time:0,nodes:3336,
[task] id:6,start:0,end:0,service time:0,nodes:1436,
[task] id:9,start:0,end:0,service time:0,nodes:3871,
[task] id:1,start:0,end:0,service time:0,nodes:473,
[agent] id:0
path:4195,4088,3981,3874,3767,3660,3553,3446,3339,3232,3125,3018,2911,2804,2697,2590,2483,2376,2375,2374,2373,2372,2371,2370,2369,2368,2367,2260,2153,2046,1939,1938,1831,1830,1829,1828,1827,1826,1826,1826,1826,1826,1826,1826,1826,1826,1826,1826,1826,1826,1826,1826,1826,1826,1826,1826,1826,1826,1826,
goal:1826,1826,1826,1826,1826,1826,1826,1826,1826,1826,1826,1826,1826,1826,1826,1826,1826,1826,1826,1826,1826,1826,1826,1826,1826,1826,1826,1826,1826,1826,1826,1826,1826,1826,1826,1826,1826,1826,1826,1826,1826,1826,1826,1826,1826,1826,1826,1826,1826,1826,1826,1826,1826,1826,1826,1826,1826,1826,1826,
size:37
[agent] id:1
path:2863,2756,2649,2542,2435,2328,2221,2114,2007,2006,2005,2004,2003,2002,2001,2000,1999,1998,1997,1996,1995,1994,1993,1992,1991,1990,1989,1988,1987,1986,1985,1984,1983,1982,1981,1980,1979,1978,1871,1870,1869,1868,1867,1866,1759,1652,1545,1438,1331,1224,1117,1010,903,796,689,582,475,474,473,
goal:473,473,473,473,473,473,473,473,473,473,473,473,473,473,473,473,473,473,473,473,473,473,473,473,473,473,473,473,473,473,473,473,473,473,473,473,473,473,473,473,473,473,473,473,473,473,473,473,473,473,473,473,473,473,473,473,473,473,473,
size:58
[agent] id:2
path:1969,2076,2183,2290,2397,2504,2611,2718,2825,2932,2931,2930,2929,2928,2927,2926,2925,2924,2923,2922,2922,2922,2922,2922,2922,2922,2922,2922,2922,2922,2922,2922,2922,2922,2922,2922,2922,2922,2922,2922,2922,2922,2922,2922,2922,2922,2922,2922,2922,2922,2922,2922,2922,2922,2922,2922,2922,2922,2922,
goal:2922,2922,2922,2922,2922,2922,2922,2922,2922,2922,2922,2922,2922,2922,2922,2922,2922,2922,2922,2922,2922,2922,2922,2922,2922,2922,2922,2922,2922,2922,2922,2922,2922,2922,2922,2922,2922,2922,2922,2922,2922,2922,2922,2922,2922,2922,2922,2922,2922,2922,2922,2922,2922,2922,2922,2922,2922,2922,2922,
size:19
[agent] id:3
path:2634,2527,2420,2313,2206,2099,2100,2101,2102,2103,2104,2105,2106,2107,2108,2109,2110,2111,2112,2113,2114,2115,2116,2117,2118,2119,2120,2121,2121,2121,2121,2121,2121,2121,2121,2121,2121,2121,2121,2121,2121,2121,2121,2121,2121,2121,2121,2121,2121,2121,2121,2121,2121,2121,2121,2121,2121,2121,2121,
goal:2121,2121,2121,2121,2121,2121,2121,2121,2121,2121,2121,2121,2121,2121,2121,2121,2121,2121,2121,2121,2121,2121,2121,2121,2121,2121,2121,2121,2121,2121,2121,2121,2121,2121,2121,2121,2121,2121,2121,2121,2121,2121,2121,2121,2121,2121,2121,2121,2121,2121,2121,2121,2121,2121,2121,2121,2121,2121,2121,
size:27
[agent] id:4
path:3269,3268,3267,3266,3265,3264,3157,3050,3049,3048,3047,3046,3045,3044,3043,3042,3041,3040,3039,3038,3037,3036,3035,3034,3033,3032,3031,3030,3029,3028,3027,3026,3025,3024,3131,3238,3345,3344,3343,3342,3341,3340,3339,3338,3337,3336,3336,3336,3336,3336,3336,3336,3336,3336,3336,3336,3336,3336,3336,
goal:3336,3336,3336,3336,3336,3336,3336,3336,3336,3336,3336,3336,3336,3336,3336,3336,3336,3336,3336,3336,3336,3336,3336,3336,3336,3336,3336,3336,3336,3336,3336,3336,3336,3336,3336,3336,3336,3336,3336,3336,3336,3336,3336,3336,3336,3336,3336,3336,3336,3336,3336,3336,3336,3336,3336,3336,3336,3336,3336,
size:45
[agent] id:5
path:2317,2424,2531,2638,2639,2640,2641,2642,2643,2644,2645,2646,2647,2648,2649,2650,2651,2652,2653,2654,2655,2656,2657,2658,2659,2660,2661,2662,2663,2664,2665,2772,2773,2773,2773,2773,2773,2773,2773,2773,2773,2773,2773,2773,2773,2773,2773,2773,2773,2773,2773,2773,2773,2773,2773,2773,2773,2773,2773,
goal:2773,2773,2773,2773,2773,2773,2773,2773,2773,2773,2773,2773,2773,2773,2773,2773,2773,2773,2773,2773,2773,2773,2773,2773,2773,2773,2773,2773,2773,2773,2773,2773,2773,2773,2773,2773,2773,2773,2773,2773,2773,2773,2773,2773,2773,2773,2773,2773,2773,2773,2773,2773,2773,2773,2773,2773,2773,2773,2773,
size:32
[agent] id:6
path:4196,4089,3982,3875,3768,3661,3554,3447,3340,3233,3126,3019,2912,2805,2698,2591,2484,2377,2270,2163,2056,1949,1950,1951,1952,1953,1954,1955,1956,1957,1958,1959,1960,1961,1962,1963,1964,1965,1966,1967,1860,1861,1862,1863,1864,1865,1758,1651,1544,1437,1436,1436,1436,1436,1436,1436,1436,1436,1436,
goal:1436,1436,1436,1436,1436,1436,1436,1436,1436,1436,1436,1436,1436,1436,1436,1436,1436,1436,1436,1436,1436,1436,1436,1436,1436,1436,1436,1436,1436,1436,1436,1436,1436,1436,1436,1436,1436,1436,1436,1436,1436,1436,1436,1436,1436,1436,1436,1436,1436,1436,1436,1436,1436,1436,1436,1436,1436,1436,1436,
size:50
[agent] id:7
path:1983,1984,1985,1986,1987,1988,1989,1990,1991,1884,1885,1886,1886,1886,1886,1886,1886,1886,1886,1886,1886,1886,1886,1886,1886,1886,1886,1886,1886,1886,1886,1886,1886,1886,1886,1886,1886,1886,1886,1886,1886,1886,1886,1886,1886,1886,1886,1886,1886,1886,1886,1886,1886,1886,1886,1886,1886,1886,1886,
goal:1886,1886,1886,1886,1886,1886,1886,1886,1886,1886,1886,1886,1886,1886,1886,1886,1886,1886,1886,1886,1886,1886,1886,1886,1886,1886,1886,1886,1886,1886,1886,1886,1886,1886,1886,1886,1886,1886,1886,1886,1886,1886,1886,1886,1886,1886,1886,1886,1886,1886,1886,1886,1886,1886,1886,1886,1886,1886,1886,
size:11
[agent] id:8
path:711,818,925,1032,1139,1140,1141,1142,1143,1144,1144,1144,1144,1144,1144,1144,1144,1144,1144,1144,1144,1144,1144,1144,1144,1144,1144,1144,1144,1144,1144,1144,1144,1144,1144,1144,1144,1144,1144,1144,1144,1144,1144,1144,1144,1144,1144,1144,1144,1144,1144,1144,1144,1144,1144,1144,1144,1144,1144,
goal:1144,1144,1144,1144,1144,1144,1144,1144,1144,1144,1144,1144,1144,1144,1144,1144,1144,1144,1144,1144,1144,1144,1144,1144,1144,1144,1144,1144,1144,1144,1144,1144,1144,1144,1144,1144,1144,1144,1144,1144,1144,1144,1144,1144,1144,1144,1144,1144,1144,1144,1144,1144,1144,1144,1144,1144,1144,1144,1144,
size:9
[agent] id:9
path:2846,2953,3060,3059,3058,3057,3056,3055,3054,3053,3052,3051,3050,3049,3048,3047,3046,3045,3044,3043,3042,3041,3040,3039,3038,3037,3036,3035,3034,3033,3032,3031,3030,3029,3028,3027,3026,3025,3024,3131,3238,3345,3344,3343,3342,3341,3340,3447,3554,3661,3768,3875,3874,3873,3872,3871,3871,3871,3871,
goal:3871,3871,3871,3871,3871,3871,3871,3871,3871,3871,3871,3871,3871,3871,3871,3871,3871,3871,3871,3871,3871,3871,3871,3871,3871,3871,3871,3871,3871,3871,3871,3871,3871,3871,3871,3871,3871,3871,3871,3871,3871,3871,3871,3871,3871,3871,3871,3871,3871,3871,3871,3871,3871,3871,3871,3871,3871,3871,3871,
size:55
SolutionCost:343
