[setting] seed:88
[solver] type:ECBS
[solver] w:3.000000
[solver] ID:0
[solver] Lowlevelnode:23350
[solver] solved:1
[solver] elapsed:29
[solver] makespan:84
[problem] timesteplimit:10000
[problem] type:MAPF
[problem] agentnum:10
[graph] width:107
[graph] height:47
[graph] filename:./map/orz601d.map
[task] id:7,start:0,end:0,service time:0,nodes:2113,
[task] id:2,start:0,end:0,service time:0,nodes:2118,
[task] id:9,start:0,end:0,service time:0,nodes:4200,
[task] id:4,start:0,end:0,service time:0,nodes:2595,
[task] id:6,start:0,end:0,service time:0,nodes:2199,
[task] id:0,start:0,end:0,service time:0,nodes:2945,
[task] id:8,start:0,end:0,service time:0,nodes:2539,
[task] id:5,start:0,end:0,service time:0,nodes:2898,
[task] id:3,start:0,end:0,service time:0,nodes:3597,
[task] id:1,start:0,end:0,service time:0,nodes:771,
[agent] id:0
path:2133,2240,2347,2454,2561,2668,2667,2666,2665,2664,2663,2662,2661,2660,2767,2874,2981,2980,2979,2978,2977,2976,2975,2974,2973,2972,2971,2970,2969,2968,2967,2966,2965,2964,2963,2962,2961,2960,2959,2958,2957,2956,2955,2954,2953,2952,2951,2950,2949,2948,2947,2946,2945,2945,2945,2945,2945,2945,2945,2945,2945,2945,2945,2945,2945,2945,2945,2945,2945,2945,2945,2945,2945,2945,2945,2945,2945,2945,2945,2945,2945,2945,2945,2945,2945,
goal:2945,2945,2945,2945,2945,2945,2945,2945,2945,2945,2945,2945,2945,2945,2945,2945,2945,2945,2945,2945,2945,2945,2945,2945,2945,2945,2945,2945,2945,2945,2945,2945,2945,2945,2945,2945,2945,2945,2945,2945,2945,2945,2945,2945,2945,2945,2945,2945,2945,2945,2945,2945,2945,2945,2945,2945,2945,2945,2945,2945,2945,2945,2945,2945,2945,2945,2945,2945,2945,2945,2945,2945,2945,2945,2945,2945,2945,2945,2945,2945,2945,2945,2945,2945,2945,
size:52
[agent] id:1
path:2975,2868,2761,2654,2547,2440,2333,2226,2119,2012,2011,2010,2009,2008,2007,2006,2005,2004,2003,2002,2001,2000,1999,1998,1997,1996,1995,1994,1993,1992,1991,1990,1989,1988,1987,1986,1985,1984,1983,1982,1981,1980,1979,1978,1977,1976,1975,1974,1973,1972,1971,1970,1969,1968,1967,1966,1965,1964,1963,1962,1961,1960,1959,1958,1957,1956,1955,1954,1847,1846,1845,1844,1843,1842,1735,1628,1521,1414,1307,1200,1093,986,879,772,771,
goal:771,771,771,771,771,771,771,771,771,771,771,771,771,771,771,771,771,771,771,771,771,771,771,771,771,771,771,771,771,771,771,771,771,771,771,771,771,771,771,771,771,771,771,771,771,771,771,771,771,771,771,771,771,771,771,771,771,771,771,771,771,771,771,771,771,771,771,771,771,771,771,771,771,771,771,771,771,771,771,771,771,771,771,771,771,
size:84
[agent] id:2
path:1569,1676,1783,1890,1997,2104,2105,2106,2107,2108,2109,2110,2111,2112,2113,2114,2115,2116,2117,2118,2118,2118,2118,2118,2118,2118,2118,2118,2118,2118,2118,2118,2118,2118,2118,2118,2118,2118,2118,2118,2118,2118,2118,2118,2118,2118,2118,2118,2118,2118,2118,2118,2118,2118,2118,2118,2118,2118,2118,2118,2118,2118,2118,2118,2118,2118,2118,2118,2118,2118,2118,2118,2118,2118,2118,2118,2118,2118,2118,2118,2118,2118,2118,2118,2118,
goal:2118,2118,2118,2118,2118,2118,2118,2118,2118,2118,2118,2118,2118,2118,2118,2118,2118,2118,2118,2118,2118,2118,2118,2118,2118,2118,2118,2118,2118,2118,2118,2118,2118,2118,2118,2118,2118,2118,2118,2118,2118,2118,2118,2118,2118,2118,2118,2118,2118,2118,2118,2118,2118,2118,2118,2118,2118,2118,2118,2118,2118,2118,2118,2118,2118,2118,2118,2118,2118,2118,2118,2118,2118,2118,2118,2118,2118,2118,2118,2118,2118,2118,2118,2118,2118,
size:19
[agent] id:3
path:778,885,992,1099,1206,1313,1312,1419,1418,1417,1416,1415,1414,1521,1628,1735,1842,1949,2056,2163,2270,2377,2484,2591,2698,2805,2912,3019,3020,3021,3022,3023,3024,3025,3026,3027,3028,3029,3030,3031,3032,3033,3034,3035,3036,3037,3038,3039,3040,3041,3042,3043,3044,3045,3046,3047,3048,3049,3050,3051,3052,3053,3054,3055,3056,3057,3058,3059,3060,3061,3062,3169,3170,3171,3172,3173,3280,3387,3494,3601,3600,3599,3598,3597,3597,
goal:3597,3597,3597,3597,3597,3597,3597,3597,3597,3597,3597,3597,3597,3597,3597,3597,3597,3597,3597,3597,3597,3597,3597,3597,3597,3597,3597,3597,3597,3597,3597,3597,3597,3597,3597,3597,3597,3597,3597,3597,3597,3597,3597,3597,3597,3597,3597,3597,3597,3597,3597,3597,3597,3597,3597,3597,3597,3597,3597,3597,3597,3597,3597,3597,3597,3597,3597,3597,3597,3597,3597,3597,3597,3597,3597,3597,3597,3597,3597,3597,3597,3597,3597,3597,3597,
size:83
[agent] id:4
path:874,981,1088,1195,1302,1409,1410,1411,1412,1413,1520,1627,1734,1841,1948,2055,2162,2269,2376,2483,2590,2591,2592,2593,2594,2595,2595,2595,2595,2595,2595,2595,2595,2595,2595,2595,2595,2595,2595,2595,2595,2595,2595,2595,2595,2595,2595,2595,2595,2595,2595,2595,2595,2595,2595,2595,2595,2595,2595,2595,2595,2595,2595,2595,2595,2595,2595,2595,2595,2595,2595,2595,2595,2595,2595,2595,2595,2595,2595,2595,2595,2595,2595,2595,2595,
goal:2595,2595,2595,2595,2595,2595,2595,2595,2595,2595,2595,2595,2595,2595,2595,2595,2595,2595,2595,2595,2595,2595,2595,2595,2595,2595,2595,2595,2595,2595,2595,2595,2595,2595,2595,2595,2595,2595,2595,2595,2595,2595,2595,2595,2595,2595,2595,2595,2595,2595,2595,2595,2595,2595,2595,2595,2595,2595,2595,2595,2595,2595,2595,2595,2595,2595,2595,2595,2595,2595,2595,2595,2595,2595,2595,2595,2595,2595,2595,2595,2595,2595,2595,2595,2595,
size:25
[agent] id:5
path:1458,1459,1460,1461,1568,1675,1782,1889,1996,2103,2210,2317,2424,2531,2530,2529,2528,2527,2526,2525,2524,2523,2522,2521,2520,2519,2518,2517,2516,2515,2514,2513,2512,2511,2510,2509,2508,2507,2506,2505,2504,2503,2502,2501,2500,2499,2498,2497,2496,2495,2494,2493,2492,2491,2490,2489,2488,2487,2486,2485,2484,2483,2482,2481,2480,2479,2478,2477,2476,2475,2474,2581,2688,2795,2902,2901,2900,2899,2898,2898,2898,2898,2898,2898,2898,
goal:2898,2898,2898,2898,2898,2898,2898,2898,2898,2898,2898,2898,2898,2898,2898,2898,2898,2898,2898,2898,2898,2898,2898,2898,2898,2898,2898,2898,2898,2898,2898,2898,2898,2898,2898,2898,2898,2898,2898,2898,2898,2898,2898,2898,2898,2898,2898,2898,2898,2898,2898,2898,2898,2898,2898,2898,2898,2898,2898,2898,2898,2898,2898,2898,2898,2898,2898,2898,2898,2898,2898,2898,2898,2898,2898,2898,2898,2898,2898,2898,2898,2898,2898,2898,2898,
size:78
[agent] id:6
path:1012,1119,1226,1333,1440,1439,1438,1545,1652,1759,1866,1973,2080,2187,2188,2189,2190,2191,2192,2193,2194,2195,2196,2197,2198,2199,2199,2199,2199,2199,2199,2199,2199,2199,2199,2199,2199,2199,2199,2199,2199,2199,2199,2199,2199,2199,2199,2199,2199,2199,2199,2199,2199,2199,2199,2199,2199,2199,2199,2199,2199,2199,2199,2199,2199,2199,2199,2199,2199,2199,2199,2199,2199,2199,2199,2199,2199,2199,2199,2199,2199,2199,2199,2199,2199,
goal:2199,2199,2199,2199,2199,2199,2199,2199,2199,2199,2199,2199,2199,2199,2199,2199,2199,2199,2199,2199,2199,2199,2199,2199,2199,2199,2199,2199,2199,2199,2199,2199,2199,2199,2199,2199,2199,2199,2199,2199,2199,2199,2199,2199,2199,2199,2199,2199,2199,2199,2199,2199,2199,2199,2199,2199,2199,2199,2199,2199,2199,2199,2199,2199,2199,2199,2199,2199,2199,2199,2199,2199,2199,2199,2199,2199,2199,2199,2199,2199,2199,2199,2199,2199,2199,
size:25
[agent] id:7
path:2551,2444,2337,2230,2229,2228,2227,2227,2226,2225,2224,2223,2222,2221,2220,2220,2113,2113,2113,2113,2113,2113,2113,2113,2113,2113,2113,2113,2113,2113,2113,2113,2113,2113,2113,2113,2113,2113,2113,2113,2113,2113,2113,2113,2113,2113,2113,2113,2113,2113,2113,2113,2113,2113,2113,2113,2113,2113,2113,2113,2113,2113,2113,2113,2113,2113,2113,2113,2113,2113,2113,2113,2113,2113,2113,2113,2113,2113,2113,2113,2113,2113,2113,2113,2113,
goal:2113,2113,2113,2113,2113,2113,2113,2113,2113,2113,2113,2113,2113,2113,2113,2113,2113,2113,2113,2113,2113,2113,2113,2113,2113,2113,2113,2113,2113,2113,2113,2113,2113,2113,2113,2113,2113,2113,2113,2113,2113,2113,2113,2113,2113,2113,2113,2113,2113,2113,2113,2113,2113,2113,2113,2113,2113,2113,2113,2113,2113,2113,2113,2113,2113,2113,2113,2113,2113,2113,2113,2113,2113,2113,2113,2113,2113,2113,2113,2113,2113,2113,2113,2113,2113,
size:16
[agent] id:8
path:2914,2807,2700,2593,2594,2595,2596,2597,2598,2599,2600,2601,2602,2603,2604,2605,2606,2607,2608,2609,2610,2611,2612,2613,2614,2615,2616,2617,2618,2619,2620,2621,2514,2515,2516,2517,2518,2519,2520,2521,2522,2523,2524,2525,2526,2527,2528,2529,2530,2531,2532,2533,2534,2535,2536,2537,2538,2539,2539,2539,2539,2539,2539,2539,2539,2539,2539,2539,2539,2539,2539,2539,2539,2539,2539,2539,2539,2539,2539,2539,2539,2539,2539,2539,2539,
goal:2539,2539,2539,2539,2539,2539,2539,2539,2539,2539,2539,2539,2539,2539,2539,2539,2539,2539,2539,2539,2539,2539,2539,2539,2539,2539,2539,2539,2539,2539,2539,2539,2539,2539,2539,2539,2539,2539,2539,2539,2539,2539,2539,2539,2539,2539,2539,2539,2539,2539,2539,2539,2539,2539,2539,2539,2539,2539,2539,2539,2539,2539,2539,2539,2539,2539,2539,2539,2539,2539,2539,2539,2539,2539,2539,2539,2539,2539,2539,2539,2539,2539,2539,2539,2539,
size:57
[agent] id:9
path:2270,2377,2484,2591,2698,2805,2912,3019,3126,3233,3340,3447,3554,3661,3768,3875,3982,4089,4196,4197,4198,4199,4200,4200,4200,4200,4200,4200,4200,4200,4200,4200,4200,4200,4200,4200,4200,4200,4200,4200,4200,4200,4200,4200,4200,4200,4200,4200,4200,4200,4200,4200,4200,4200,4200,4200,4200,4200,4200,4200,4200,4200,4200,4200,4200,4200,4200,4200,4200,4200,4200,4200,4200,4200,4200,4200,4200,4200,4200,4200,4200,4200,4200,4200,4200,
goal:4200,4200,4200,4200,4200,4200,4200,4200,4200,4200,4200,4200,4200,4200,4200,4200,4200,4200,4200,4200,4200,4200,4200,4200,4200,4200,4200,4200,4200,4200,4200,4200,4200,4200,4200,4200,4200,4200,4200,4200,4200,4200,4200,4200,4200,4200,4200,4200,4200,4200,4200,4200,4200,4200,4200,4200,4200,4200,4200,4200,4200,4200,4200,4200,4200,4200,4200,4200,4200,4200,4200,4200,4200,4200,4200,4200,4200,4200,4200,4200,4200,4200,4200,4200,4200,
size:22
SolutionCost:461
