[setting] seed:7
[solver] type:ECBS
[solver] w:3.000000
[solver] ID:0
[solver] Lowlevelnode:36184
[solver] solved:1
[solver] elapsed:122
[solver] makespan:83
[problem] timesteplimit:10000
[problem] type:MAPF
[problem] agentnum:30
[graph] width:107
[graph] height:47
[graph] filename:./map/orz601d.map
[task] id:22,start:0,end:0,service time:0,nodes:2388,
[task] id:10,start:0,end:0,service time:0,nodes:986,
[task] id:19,start:0,end:0,service time:0,nodes:2299,
[task] id:11,start:0,end:0,service time:0,nodes:2666,
[task] id:4,start:0,end:0,service time:0,nodes:2981,
[task] id:16,start:0,end:0,service time:0,nodes:1888,
[task] id:17,start:0,end:0,service time:0,nodes:2918,
[task] id:6,start:0,end:0,service time:0,nodes:1758,
[task] id:28,start:0,end:0,service time:0,nodes:2300,
[task] id:2,start:0,end:0,service time:0,nodes:2859,
[task] id:14,start:0,end:0,service time:0,nodes:695,
[task] id:26,start:0,end:0,service time:0,nodes:3821,
[task] id:13,start:0,end:0,service time:0,nodes:662,
[task] id:20,start:0,end:0,service time:0,nodes:1196,
[task] id:1,start:0,end:0,service time:0,nodes:2512,
[task] id:0,start:0,end:0,service time:0,nodes:2521,
[task] id:21,start:0,end:0,service time:0,nodes:1861,
[task] id:12,start:0,end:0,service time:0,nodes:719,
[task] id:8,start:0,end:0,service time:0,nodes:2346,
[task] id:27,start:0,end:0,service time:0,nodes:601,
[task] id:7,start:0,end:0,service time:0,nodes:1962,
[task] id:29,start:0,end:0,service time:0,nodes:2980,
[task] id:18,start:0,end:0,service time:0,nodes:1796,
[task] id:9,start:0,end:0,service time:0,nodes:1331,
[task] id:15,start:0,end:0,service time:0,nodes:2198,
[task] id:3,start:0,end:0,service time:0,nodes:900,
[task] id:24,start:0,end:0,service time:0,nodes:982,
[task] id:23,start:0,end:0,service time:0,nodes:2773,
[task] id:25,start:0,end:0,service time:0,nodes:2010,
[task] id:5,start:0,end:0,service time:0,nodes:875,
[agent] id:0
path:2023,2130,2237,2344,2451,2558,2557,2556,2555,2554,2553,2552,2551,2550,2549,2548,2547,2546,2545,2544,2543,2542,2541,2540,2539,2538,2537,2536,2535,2534,2533,2532,2531,2530,2529,2528,2527,2526,2525,2524,2523,2522,2521,2521,2521,2521,2521,2521,2521,2521,2521,2521,2521,2521,2521,2521,2521,2521,2521,2521,2521,2521,2521,2521,2521,2521,2521,2521,2521,2521,2521,2521,2521,2521,2521,2521,2521,2521,2521,2521,2521,2521,2521,2521,
goal:2521,2521,2521,2521,2521,2521,2521,2521,2521,2521,2521,2521,2521,2521,2521,2521,2521,2521,2521,2521,2521,2521,2521,2521,2521,2521,2521,2521,2521,2521,2521,2521,2521,2521,2521,2521,2521,2521,2521,2521,2521,2521,2521,2521,2521,2521,2521,2521,2521,2521,2521,2521,2521,2521,2521,2521,2521,2521,2521,2521,2521,2521,2521,2521,2521,2521,2521,2521,2521,2521,2521,2521,2521,2521,2521,2521,2521,2521,2521,2521,2521,2521,2521,2521,
size:42
[agent] id:1
path:2259,2366,2473,2474,2475,2476,2477,2478,2479,2480,2481,2482,2483,2484,2485,2486,2487,2488,2489,2490,2491,2492,2493,2494,2495,2496,2497,2498,2499,2500,2501,2502,2503,2504,2505,2506,2507,2508,2509,2510,2511,2512,2512,2512,2512,2512,2512,2512,2512,2512,2512,2512,2512,2512,2512,2512,2512,2512,2512,2512,2512,2512,2512,2512,2512,2512,2512,2512,2512,2512,2512,2512,2512,2512,2512,2512,2512,2512,2512,2512,2512,2512,2512,2512,
goal:2512,2512,2512,2512,2512,2512,2512,2512,2512,2512,2512,2512,2512,2512,2512,2512,2512,2512,2512,2512,2512,2512,2512,2512,2512,2512,2512,2512,2512,2512,2512,2512,2512,2512,2512,2512,2512,2512,2512,2512,2512,2512,2512,2512,2512,2512,2512,2512,2512,2512,2512,2512,2512,2512,2512,2512,2512,2512,2512,2512,2512,2512,2512,2512,2512,2512,2512,2512,2512,2512,2512,2512,2512,2512,2512,2512,2512,2512,2512,2512,2512,2512,2512,2512,
size:41
[agent] id:2
path:3199,3092,3093,2986,2879,2772,2665,2558,2557,2664,2663,2662,2661,2660,2767,2874,2873,2872,2871,2870,2869,2868,2867,2866,2865,2864,2863,2862,2861,2860,2859,2859,2859,2859,2859,2859,2859,2859,2859,2859,2859,2859,2859,2859,2859,2859,2859,2859,2859,2859,2859,2859,2859,2859,2859,2859,2859,2859,2859,2859,2859,2859,2859,2859,2859,2859,2859,2859,2859,2859,2859,2859,2859,2859,2859,2859,2859,2859,2859,2859,2859,2859,2859,2859,
goal:2859,2859,2859,2859,2859,2859,2859,2859,2859,2859,2859,2859,2859,2859,2859,2859,2859,2859,2859,2859,2859,2859,2859,2859,2859,2859,2859,2859,2859,2859,2859,2859,2859,2859,2859,2859,2859,2859,2859,2859,2859,2859,2859,2859,2859,2859,2859,2859,2859,2859,2859,2859,2859,2859,2859,2859,2859,2859,2859,2859,2859,2859,2859,2859,2859,2859,2859,2859,2859,2859,2859,2859,2859,2859,2859,2859,2859,2859,2859,2859,2859,2859,2859,2859,
size:30
[agent] id:3
path:3002,2895,2788,2681,2574,2467,2360,2361,2362,2363,2364,2365,2366,2367,2368,2369,2370,2371,2264,2157,2158,2159,2160,2161,2162,2163,2164,2165,2166,2167,2168,2169,2170,2171,2172,2173,2174,2175,2176,2177,2178,2071,2072,2073,2074,2075,2076,1969,1862,1863,1864,1865,1865,1866,1759,1652,1545,1438,1437,1330,1223,1116,1009,902,901,900,900,900,900,900,900,900,900,900,900,900,900,900,900,900,900,900,900,900,
goal:900,900,900,900,900,900,900,900,900,900,900,900,900,900,900,900,900,900,900,900,900,900,900,900,900,900,900,900,900,900,900,900,900,900,900,900,900,900,900,900,900,900,900,900,900,900,900,900,900,900,900,900,900,900,900,900,900,900,900,900,900,900,900,900,900,900,900,900,900,900,900,900,900,900,900,900,900,900,900,900,900,900,900,900,
size:65
[agent] id:4
path:2012,2119,2226,2333,2440,2547,2654,2761,2868,2975,2976,2977,2978,2979,2980,2981,2981,2981,2981,2981,2981,2981,2981,2981,2981,2981,2981,2981,2981,2981,2981,2981,2981,2981,2981,2981,2981,2981,2981,2981,2981,2981,2981,2981,2981,2981,2981,2981,2981,2981,2981,2981,2981,2981,2981,2981,2981,2981,2981,2981,2981,2981,2981,2981,2981,2981,2981,2981,2981,2981,2981,2981,2981,2981,2981,2981,2981,2981,2981,2981,2981,2981,2981,2981,
goal:2981,2981,2981,2981,2981,2981,2981,2981,2981,2981,2981,2981,2981,2981,2981,2981,2981,2981,2981,2981,2981,2981,2981,2981,2981,2981,2981,2981,2981,2981,2981,2981,2981,2981,2981,2981,2981,2981,2981,2981,2981,2981,2981,2981,2981,2981,2981,2981,2981,2981,2981,2981,2981,2981,2981,2981,2981,2981,2981,2981,2981,2981,2981,2981,2981,2981,2981,2981,2981,2981,2981,2981,2981,2981,2981,2981,2981,2981,2981,2981,2981,2981,2981,2981,
size:15
[agent] id:5
path:2972,2865,2758,2651,2544,2437,2330,2223,2222,2221,2220,2219,2218,2217,2216,2215,2214,2213,2212,2211,2210,2209,2208,2207,2206,2205,2204,2203,2202,2201,2200,2199,2198,2197,2196,2195,2194,2193,2192,2191,2190,2189,2188,2187,2080,2079,2078,2077,2076,2075,2074,2073,2072,2071,2070,2069,2068,1961,1960,1959,1958,1957,1956,1955,1954,1847,1846,1845,1844,1843,1842,1735,1628,1521,1414,1307,1200,1093,1092,985,878,877,876,875,
goal:875,875,875,875,875,875,875,875,875,875,875,875,875,875,875,875,875,875,875,875,875,875,875,875,875,875,875,875,875,875,875,875,875,875,875,875,875,875,875,875,875,875,875,875,875,875,875,875,875,875,875,875,875,875,875,875,875,875,875,875,875,875,875,875,875,875,875,875,875,875,875,875,875,875,875,875,875,875,875,875,875,875,875,875,
size:83
[agent] id:6
path:3051,2944,2837,2730,2623,2516,2409,2302,2195,2088,1981,1980,1979,1978,1871,1870,1869,1868,1867,1866,1759,1758,1758,1758,1758,1758,1758,1758,1758,1758,1758,1758,1758,1758,1758,1758,1758,1758,1758,1758,1758,1758,1758,1758,1758,1758,1758,1758,1758,1758,1758,1758,1758,1758,1758,1758,1758,1758,1758,1758,1758,1758,1758,1758,1758,1758,1758,1758,1758,1758,1758,1758,1758,1758,1758,1758,1758,1758,1758,1758,1758,1758,1758,1758,
goal:1758,1758,1758,1758,1758,1758,1758,1758,1758,1758,1758,1758,1758,1758,1758,1758,1758,1758,1758,1758,1758,1758,1758,1758,1758,1758,1758,1758,1758,1758,1758,1758,1758,1758,1758,1758,1758,1758,1758,1758,1758,1758,1758,1758,1758,1758,1758,1758,1758,1758,1758,1758,1758,1758,1758,1758,1758,1758,1758,1758,1758,1758,1758,1758,1758,1758,1758,1758,1758,1758,1758,1758,1758,1758,1758,1758,1758,1758,1758,1758,1758,1758,1758,1758,
size:21
[agent] id:7
path:3073,2966,2859,2752,2645,2538,2431,2324,2217,2110,2003,2002,2001,2000,1999,1998,1997,1996,1995,1994,1993,1992,1991,1990,1989,1988,1987,1986,1985,1984,1983,1982,1981,1980,1979,1978,1977,1976,1975,1974,1973,1972,1971,1970,1969,1968,1967,1966,1965,1964,1963,1962,1962,1962,1962,1962,1962,1962,1962,1962,1962,1962,1962,1962,1962,1962,1962,1962,1962,1962,1962,1962,1962,1962,1962,1962,1962,1962,1962,1962,1962,1962,1962,1962,
goal:1962,1962,1962,1962,1962,1962,1962,1962,1962,1962,1962,1962,1962,1962,1962,1962,1962,1962,1962,1962,1962,1962,1962,1962,1962,1962,1962,1962,1962,1962,1962,1962,1962,1962,1962,1962,1962,1962,1962,1962,1962,1962,1962,1962,1962,1962,1962,1962,1962,1962,1962,1962,1962,1962,1962,1962,1962,1962,1962,1962,1962,1962,1962,1962,1962,1962,1962,1962,1962,1962,1962,1962,1962,1962,1962,1962,1962,1962,1962,1962,1962,1962,1962,1962,
size:51
[agent] id:8
path:500,607,714,821,928,1035,1142,1249,1356,1463,1462,1569,1676,1783,1890,1997,2104,2211,2318,2319,2320,2321,2322,2323,2324,2325,2326,2327,2328,2329,2330,2331,2332,2333,2334,2335,2336,2337,2338,2339,2446,2447,2448,2449,2450,2451,2344,2345,2346,2346,2346,2346,2346,2346,2346,2346,2346,2346,2346,2346,2346,2346,2346,2346,2346,2346,2346,2346,2346,2346,2346,2346,2346,2346,2346,2346,2346,2346,2346,2346,2346,2346,2346,2346,
goal:2346,2346,2346,2346,2346,2346,2346,2346,2346,2346,2346,2346,2346,2346,2346,2346,2346,2346,2346,2346,2346,2346,2346,2346,2346,2346,2346,2346,2346,2346,2346,2346,2346,2346,2346,2346,2346,2346,2346,2346,2346,2346,2346,2346,2346,2346,2346,2346,2346,2346,2346,2346,2346,2346,2346,2346,2346,2346,2346,2346,2346,2346,2346,2346,2346,2346,2346,2346,2346,2346,2346,2346,2346,2346,2346,2346,2346,2346,2346,2346,2346,2346,2346,2346,
size:48
[agent] id:9
path:2872,2765,2658,2551,2444,2337,2230,2123,2016,2015,2014,2013,2012,2011,2010,2009,2008,2007,2006,2005,2004,2003,2002,2001,2000,1999,1998,1997,1996,1995,1994,1993,1992,1991,1990,1989,1988,1987,1986,1985,1984,1983,1982,1981,1980,1979,1978,1871,1870,1869,1868,1867,1866,1759,1652,1545,1438,1331,1331,1331,1331,1331,1331,1331,1331,1331,1331,1331,1331,1331,1331,1331,1331,1331,1331,1331,1331,1331,1331,1331,1331,1331,1331,1331,
goal:1331,1331,1331,1331,1331,1331,1331,1331,1331,1331,1331,1331,1331,1331,1331,1331,1331,1331,1331,1331,1331,1331,1331,1331,1331,1331,1331,1331,1331,1331,1331,1331,1331,1331,1331,1331,1331,1331,1331,1331,1331,1331,1331,1331,1331,1331,1331,1331,1331,1331,1331,1331,1331,1331,1331,1331,1331,1331,1331,1331,1331,1331,1331,1331,1331,1331,1331,1331,1331,1331,1331,1331,1331,1331,1331,1331,1331,1331,1331,1331,1331,1331,1331,1331,
size:57
[agent] id:10
path:448,555,662,769,876,983,984,985,986,986,986,986,986,986,986,986,986,986,986,986,986,986,986,986,986,986,986,986,986,986,986,986,986,986,986,986,986,986,986,986,986,986,986,986,986,986,986,986,986,986,986,986,986,986,986,986,986,986,986,986,986,986,986,986,986,986,986,986,986,986,986,986,986,986,986,986,986,986,986,986,986,986,986,986,
goal:986,986,986,986,986,986,986,986,986,986,986,986,986,986,986,986,986,986,986,986,986,986,986,986,986,986,986,986,986,986,986,986,986,986,986,986,986,986,986,986,986,986,986,986,986,986,986,986,986,986,986,986,986,986,986,986,986,986,986,986,986,986,986,986,986,986,986,986,986,986,986,986,986,986,986,986,986,986,986,986,986,986,986,986,
size:8
[agent] id:11
path:2873,2766,2659,2660,2661,2662,2663,2664,2665,2666,2666,2666,2666,2666,2666,2666,2666,2666,2666,2666,2666,2666,2666,2666,2666,2666,2666,2666,2666,2666,2666,2666,2666,2666,2666,2666,2666,2666,2666,2666,2666,2666,2666,2666,2666,2666,2666,2666,2666,2666,2666,2666,2666,2666,2666,2666,2666,2666,2666,2666,2666,2666,2666,2666,2666,2666,2666,2666,2666,2666,2666,2666,2666,2666,2666,2666,2666,2666,2666,2666,2666,2666,2666,2666,
goal:2666,2666,2666,2666,2666,2666,2666,2666,2666,2666,2666,2666,2666,2666,2666,2666,2666,2666,2666,2666,2666,2666,2666,2666,2666,2666,2666,2666,2666,2666,2666,2666,2666,2666,2666,2666,2666,2666,2666,2666,2666,2666,2666,2666,2666,2666,2666,2666,2666,2666,2666,2666,2666,2666,2666,2666,2666,2666,2666,2666,2666,2666,2666,2666,2666,2666,2666,2666,2666,2666,2666,2666,2666,2666,2666,2666,2666,2666,2666,2666,2666,2666,2666,2666,
size:9
[agent] id:12
path:1759,1866,1973,1974,1975,1976,1977,1978,1979,2086,2087,2088,2089,2090,2091,2092,2093,2094,2095,2096,2097,2098,2099,2100,2101,2102,1995,1996,1889,1782,1675,1568,1461,1354,1247,1140,1033,926,819,712,713,714,715,716,717,718,719,719,719,719,719,719,719,719,719,719,719,719,719,719,719,719,719,719,719,719,719,719,719,719,719,719,719,719,719,719,719,719,719,719,719,719,719,719,
goal:719,719,719,719,719,719,719,719,719,719,719,719,719,719,719,719,719,719,719,719,719,719,719,719,719,719,719,719,719,719,719,719,719,719,719,719,719,719,719,719,719,719,719,719,719,719,719,719,719,719,719,719,719,719,719,719,719,719,719,719,719,719,719,719,719,719,719,719,719,719,719,719,719,719,719,719,719,719,719,719,719,719,719,719,
size:46
[agent] id:13
path:2041,2042,2043,2044,2045,2046,2153,2260,2367,2368,2369,2370,2371,2264,2157,2050,1943,1836,1837,1838,1839,1840,1841,1734,1627,1520,1413,1306,1199,1092,985,878,771,664,663,662,662,662,662,662,662,662,662,662,662,662,662,662,662,662,662,662,662,662,662,662,662,662,662,662,662,662,662,662,662,662,662,662,662,662,662,662,662,662,662,662,662,662,662,662,662,662,662,662,
goal:662,662,662,662,662,662,662,662,662,662,662,662,662,662,662,662,662,662,662,662,662,662,662,662,662,662,662,662,662,662,662,662,662,662,662,662,662,662,662,662,662,662,662,662,662,662,662,662,662,662,662,662,662,662,662,662,662,662,662,662,662,662,662,662,662,662,662,662,662,662,662,662,662,662,662,662,662,662,662,662,662,662,662,662,
size:35
[agent] id:14
path:2730,2623,2516,2409,2302,2195,2088,1981,1980,1979,1978,1871,1870,1869,1868,1867,1866,1759,1652,1545,1438,1331,1224,1117,1010,903,796,689,690,691,692,693,694,695,695,695,695,695,695,695,695,695,695,695,695,695,695,695,695,695,695,695,695,695,695,695,695,695,695,695,695,695,695,695,695,695,695,695,695,695,695,695,695,695,695,695,695,695,695,695,695,695,695,695,
goal:695,695,695,695,695,695,695,695,695,695,695,695,695,695,695,695,695,695,695,695,695,695,695,695,695,695,695,695,695,695,695,695,695,695,695,695,695,695,695,695,695,695,695,695,695,695,695,695,695,695,695,695,695,695,695,695,695,695,695,695,695,695,695,695,695,695,695,695,695,695,695,695,695,695,695,695,695,695,695,695,695,695,695,695,
size:33
[agent] id:15
path:2895,2788,2681,2574,2467,2360,2361,2362,2363,2364,2365,2366,2367,2368,2369,2370,2371,2264,2157,2158,2159,2160,2161,2162,2163,2164,2165,2166,2167,2168,2169,2170,2171,2172,2173,2174,2175,2176,2177,2178,2179,2180,2181,2182,2183,2184,2185,2186,2187,2188,2189,2190,2191,2192,2193,2194,2195,2196,2197,2198,2198,2198,2198,2198,2198,2198,2198,2198,2198,2198,2198,2198,2198,2198,2198,2198,2198,2198,2198,2198,2198,2198,2198,2198,
goal:2198,2198,2198,2198,2198,2198,2198,2198,2198,2198,2198,2198,2198,2198,2198,2198,2198,2198,2198,2198,2198,2198,2198,2198,2198,2198,2198,2198,2198,2198,2198,2198,2198,2198,2198,2198,2198,2198,2198,2198,2198,2198,2198,2198,2198,2198,2198,2198,2198,2198,2198,2198,2198,2198,2198,2198,2198,2198,2198,2198,2198,2198,2198,2198,2198,2198,2198,2198,2198,2198,2198,2198,2198,2198,2198,2198,2198,2198,2198,2198,2198,2198,2198,2198,
size:59
[agent] id:16
path:2116,2009,2008,2007,2006,2005,2004,2003,2002,2001,2000,1999,1998,1997,1996,1889,1888,1888,1888,1888,1888,1888,1888,1888,1888,1888,1888,1888,1888,1888,1888,1888,1888,1888,1888,1888,1888,1888,1888,1888,1888,1888,1888,1888,1888,1888,1888,1888,1888,1888,1888,1888,1888,1888,1888,1888,1888,1888,1888,1888,1888,1888,1888,1888,1888,1888,1888,1888,1888,1888,1888,1888,1888,1888,1888,1888,1888,1888,1888,1888,1888,1888,1888,1888,
goal:1888,1888,1888,1888,1888,1888,1888,1888,1888,1888,1888,1888,1888,1888,1888,1888,1888,1888,1888,1888,1888,1888,1888,1888,1888,1888,1888,1888,1888,1888,1888,1888,1888,1888,1888,1888,1888,1888,1888,1888,1888,1888,1888,1888,1888,1888,1888,1888,1888,1888,1888,1888,1888,1888,1888,1888,1888,1888,1888,1888,1888,1888,1888,1888,1888,1888,1888,1888,1888,1888,1888,1888,1888,1888,1888,1888,1888,1888,1888,1888,1888,1888,1888,1888,
size:16
[agent] id:17
path:1747,1854,1961,2068,2175,2282,2389,2496,2603,2710,2817,2924,2923,2922,2921,2920,2919,2918,2918,2918,2918,2918,2918,2918,2918,2918,2918,2918,2918,2918,2918,2918,2918,2918,2918,2918,2918,2918,2918,2918,2918,2918,2918,2918,2918,2918,2918,2918,2918,2918,2918,2918,2918,2918,2918,2918,2918,2918,2918,2918,2918,2918,2918,2918,2918,2918,2918,2918,2918,2918,2918,2918,2918,2918,2918,2918,2918,2918,2918,2918,2918,2918,2918,2918,
goal:2918,2918,2918,2918,2918,2918,2918,2918,2918,2918,2918,2918,2918,2918,2918,2918,2918,2918,2918,2918,2918,2918,2918,2918,2918,2918,2918,2918,2918,2918,2918,2918,2918,2918,2918,2918,2918,2918,2918,2918,2918,2918,2918,2918,2918,2918,2918,2918,2918,2918,2918,2918,2918,2918,2918,2918,2918,2918,2918,2918,2918,2918,2918,2918,2918,2918,2918,2918,2918,2918,2918,2918,2918,2918,2918,2918,2918,2918,2918,2918,2918,2918,2918,2918,
size:17
[agent] id:18
path:2824,2717,2610,2503,2396,2289,2182,2183,2184,2185,2186,2187,2188,2189,2190,2191,2192,2193,2194,2195,2196,2197,2090,2091,2092,2093,2094,2095,2096,2097,2098,2099,2100,1993,1994,1995,1996,1997,1998,1999,2000,2001,2002,2003,2004,2005,2006,2007,1900,1901,1794,1795,1796,1796,1796,1796,1796,1796,1796,1796,1796,1796,1796,1796,1796,1796,1796,1796,1796,1796,1796,1796,1796,1796,1796,1796,1796,1796,1796,1796,1796,1796,1796,1796,
goal:1796,1796,1796,1796,1796,1796,1796,1796,1796,1796,1796,1796,1796,1796,1796,1796,1796,1796,1796,1796,1796,1796,1796,1796,1796,1796,1796,1796,1796,1796,1796,1796,1796,1796,1796,1796,1796,1796,1796,1796,1796,1796,1796,1796,1796,1796,1796,1796,1796,1796,1796,1796,1796,1796,1796,1796,1796,1796,1796,1796,1796,1796,1796,1796,1796,1796,1796,1796,1796,1796,1796,1796,1796,1796,1796,1796,1796,1796,1796,1796,1796,1796,1796,1796,
size:52
[agent] id:19
path:2091,2198,2305,2304,2303,2302,2301,2300,2299,2299,2299,2299,2299,2299,2299,2299,2299,2299,2299,2299,2299,2299,2299,2299,2299,2299,2299,2299,2299,2299,2299,2299,2299,2299,2299,2299,2299,2299,2299,2299,2299,2299,2299,2299,2299,2299,2299,2299,2299,2299,2299,2299,2299,2299,2299,2299,2299,2299,2299,2299,2299,2299,2299,2299,2299,2299,2299,2299,2299,2299,2299,2299,2299,2299,2299,2299,2299,2299,2299,2299,2299,2299,2299,2299,
goal:2299,2299,2299,2299,2299,2299,2299,2299,2299,2299,2299,2299,2299,2299,2299,2299,2299,2299,2299,2299,2299,2299,2299,2299,2299,2299,2299,2299,2299,2299,2299,2299,2299,2299,2299,2299,2299,2299,2299,2299,2299,2299,2299,2299,2299,2299,2299,2299,2299,2299,2299,2299,2299,2299,2299,2299,2299,2299,2299,2299,2299,2299,2299,2299,2299,2299,2299,2299,2299,2299,2299,2299,2299,2299,2299,2299,2299,2299,2299,2299,2299,2299,2299,2299,
size:8
[agent] id:20
path:2928,2821,2714,2607,2500,2393,2286,2179,2072,1965,1964,1963,1962,1961,1960,1959,1958,1957,1956,1955,1954,1847,1846,1845,1844,1843,1842,1735,1628,1521,1414,1307,1200,1199,1198,1197,1196,1196,1196,1196,1196,1196,1196,1196,1196,1196,1196,1196,1196,1196,1196,1196,1196,1196,1196,1196,1196,1196,1196,1196,1196,1196,1196,1196,1196,1196,1196,1196,1196,1196,1196,1196,1196,1196,1196,1196,1196,1196,1196,1196,1196,1196,1196,1196,
goal:1196,1196,1196,1196,1196,1196,1196,1196,1196,1196,1196,1196,1196,1196,1196,1196,1196,1196,1196,1196,1196,1196,1196,1196,1196,1196,1196,1196,1196,1196,1196,1196,1196,1196,1196,1196,1196,1196,1196,1196,1196,1196,1196,1196,1196,1196,1196,1196,1196,1196,1196,1196,1196,1196,1196,1196,1196,1196,1196,1196,1196,1196,1196,1196,1196,1196,1196,1196,1196,1196,1196,1196,1196,1196,1196,1196,1196,1196,1196,1196,1196,1196,1196,1196,
size:36
[agent] id:21
path:3113,3006,2899,2792,2685,2578,2471,2364,2365,2366,2367,2368,2369,2370,2371,2264,2157,2050,1943,1944,1945,1946,1947,1948,1949,1950,1951,1952,1953,1954,1955,1956,1957,1958,1959,1960,1961,1962,1963,1964,1965,1966,1967,1860,1861,1861,1861,1861,1861,1861,1861,1861,1861,1861,1861,1861,1861,1861,1861,1861,1861,1861,1861,1861,1861,1861,1861,1861,1861,1861,1861,1861,1861,1861,1861,1861,1861,1861,1861,1861,1861,1861,1861,1861,
goal:1861,1861,1861,1861,1861,1861,1861,1861,1861,1861,1861,1861,1861,1861,1861,1861,1861,1861,1861,1861,1861,1861,1861,1861,1861,1861,1861,1861,1861,1861,1861,1861,1861,1861,1861,1861,1861,1861,1861,1861,1861,1861,1861,1861,1861,1861,1861,1861,1861,1861,1861,1861,1861,1861,1861,1861,1861,1861,1861,1861,1861,1861,1861,1861,1861,1861,1861,1861,1861,1861,1861,1861,1861,1861,1861,1861,1861,1861,1861,1861,1861,1861,1861,1861,
size:44
[agent] id:22
path:2814,2707,2600,2493,2386,2387,2388,2388,2388,2388,2388,2388,2388,2388,2388,2388,2388,2388,2388,2388,2388,2388,2388,2388,2388,2388,2388,2388,2388,2388,2388,2388,2388,2388,2388,2388,2388,2388,2388,2388,2388,2388,2388,2388,2388,2388,2388,2388,2388,2388,2388,2388,2388,2388,2388,2388,2388,2388,2388,2388,2388,2388,2388,2388,2388,2388,2388,2388,2388,2388,2388,2388,2388,2388,2388,2388,2388,2388,2388,2388,2388,2388,2388,2388,
goal:2388,2388,2388,2388,2388,2388,2388,2388,2388,2388,2388,2388,2388,2388,2388,2388,2388,2388,2388,2388,2388,2388,2388,2388,2388,2388,2388,2388,2388,2388,2388,2388,2388,2388,2388,2388,2388,2388,2388,2388,2388,2388,2388,2388,2388,2388,2388,2388,2388,2388,2388,2388,2388,2388,2388,2388,2388,2388,2388,2388,2388,2388,2388,2388,2388,2388,2388,2388,2388,2388,2388,2388,2388,2388,2388,2388,2388,2388,2388,2388,2388,2388,2388,2388,
size:6
[agent] id:23
path:2912,2805,2698,2699,2700,2701,2702,2703,2704,2705,2706,2707,2708,2709,2710,2711,2712,2713,2714,2715,2716,2717,2718,2719,2720,2721,2722,2723,2724,2725,2726,2727,2728,2729,2730,2731,2732,2733,2734,2735,2736,2737,2738,2739,2740,2741,2742,2743,2744,2745,2746,2747,2748,2749,2750,2751,2752,2753,2754,2755,2756,2757,2758,2759,2760,2761,2762,2763,2764,2765,2766,2767,2660,2661,2662,2663,2664,2665,2772,2773,2773,2773,2773,2773,
goal:2773,2773,2773,2773,2773,2773,2773,2773,2773,2773,2773,2773,2773,2773,2773,2773,2773,2773,2773,2773,2773,2773,2773,2773,2773,2773,2773,2773,2773,2773,2773,2773,2773,2773,2773,2773,2773,2773,2773,2773,2773,2773,2773,2773,2773,2773,2773,2773,2773,2773,2773,2773,2773,2773,2773,2773,2773,2773,2773,2773,2773,2773,2773,2773,2773,2773,2773,2773,2773,2773,2773,2773,2773,2773,2773,2773,2773,2773,2773,2773,2773,2773,2773,2773,
size:79
[agent] id:24
path:2745,2638,2531,2424,2317,2210,2209,2208,2207,2206,2205,2204,2203,2202,2201,2200,2199,2092,2091,2090,2089,2088,2087,2086,2085,2084,2083,2082,2081,2080,2079,2078,2077,2076,2075,2074,2073,2072,2071,2070,2069,2068,1961,1960,1959,1958,1957,1956,1955,1954,1847,1846,1845,1844,1843,1842,1735,1628,1521,1414,1307,1200,1093,1092,985,984,983,982,982,982,982,982,982,982,982,982,982,982,982,982,982,982,982,982,
goal:982,982,982,982,982,982,982,982,982,982,982,982,982,982,982,982,982,982,982,982,982,982,982,982,982,982,982,982,982,982,982,982,982,982,982,982,982,982,982,982,982,982,982,982,982,982,982,982,982,982,982,982,982,982,982,982,982,982,982,982,982,982,982,982,982,982,982,982,982,982,982,982,982,982,982,982,982,982,982,982,982,982,982,982,
size:67
[agent] id:25
path:453,560,667,774,881,988,1095,1202,1309,1416,1415,1414,1521,1628,1735,1842,1949,1950,1951,1952,1953,1954,1955,1956,1957,1958,1959,1960,1961,1962,1963,1964,1965,1966,1967,1968,1969,1970,1971,1972,2079,2080,2081,2082,2083,1976,1977,1978,1979,1980,1981,1982,1983,1984,1985,1986,1987,1988,1989,1990,1991,1992,1993,1994,1995,1996,1997,1998,1999,2000,2001,2002,2003,2004,2005,2006,2007,2008,2009,2010,2010,2010,2010,2010,
goal:2010,2010,2010,2010,2010,2010,2010,2010,2010,2010,2010,2010,2010,2010,2010,2010,2010,2010,2010,2010,2010,2010,2010,2010,2010,2010,2010,2010,2010,2010,2010,2010,2010,2010,2010,2010,2010,2010,2010,2010,2010,2010,2010,2010,2010,2010,2010,2010,2010,2010,2010,2010,2010,2010,2010,2010,2010,2010,2010,2010,2010,2010,2010,2010,2010,2010,2010,2010,2010,2010,2010,2010,2010,2010,2010,2010,2010,2010,2010,2010,2010,2010,2010,2010,
size:79
[agent] id:26
path:2008,2115,2222,2329,2436,2543,2650,2757,2864,2971,3078,3077,3076,3075,3074,3073,3072,3179,3178,3177,3176,3175,3174,3281,3388,3495,3602,3709,3816,3817,3818,3819,3820,3821,3821,3821,3821,3821,3821,3821,3821,3821,3821,3821,3821,3821,3821,3821,3821,3821,3821,3821,3821,3821,3821,3821,3821,3821,3821,3821,3821,3821,3821,3821,3821,3821,3821,3821,3821,3821,3821,3821,3821,3821,3821,3821,3821,3821,3821,3821,3821,3821,3821,3821,
goal:3821,3821,3821,3821,3821,3821,3821,3821,3821,3821,3821,3821,3821,3821,3821,3821,3821,3821,3821,3821,3821,3821,3821,3821,3821,3821,3821,3821,3821,3821,3821,3821,3821,3821,3821,3821,3821,3821,3821,3821,3821,3821,3821,3821,3821,3821,3821,3821,3821,3821,3821,3821,3821,3821,3821,3821,3821,3821,3821,3821,3821,3821,3821,3821,3821,3821,3821,3821,3821,3821,3821,3821,3821,3821,3821,3821,3821,3821,3821,3821,3821,3821,3821,3821,
size:33
[agent] id:27
path:2287,2180,2181,2182,2183,2184,2185,2186,2187,2188,2189,2190,2191,2192,2193,2194,2195,2196,2197,2198,2091,2092,2093,2094,2095,2096,2097,2098,2099,2100,2101,2102,1995,1996,1889,1782,1675,1568,1461,1354,1247,1140,1033,926,819,712,605,604,603,602,601,601,601,601,601,601,601,601,601,601,601,601,601,601,601,601,601,601,601,601,601,601,601,601,601,601,601,601,601,601,601,601,601,601,
goal:601,601,601,601,601,601,601,601,601,601,601,601,601,601,601,601,601,601,601,601,601,601,601,601,601,601,601,601,601,601,601,601,601,601,601,601,601,601,601,601,601,601,601,601,601,601,601,601,601,601,601,601,601,601,601,601,601,601,601,601,601,601,601,601,601,601,601,601,601,601,601,601,601,601,601,601,601,601,601,601,601,601,601,601,
size:50
[agent] id:28
path:1217,1324,1325,1326,1433,1434,1435,1436,1437,1544,1651,1758,1865,1972,2079,2186,2187,2188,2189,2190,2191,2192,2193,2300,2300,2300,2300,2300,2300,2300,2300,2300,2300,2300,2300,2300,2300,2300,2300,2300,2300,2300,2300,2300,2300,2300,2300,2300,2300,2300,2300,2300,2300,2300,2300,2300,2300,2300,2300,2300,2300,2300,2300,2300,2300,2300,2300,2300,2300,2300,2300,2300,2300,2300,2300,2300,2300,2300,2300,2300,2300,2300,2300,2300,
goal:2300,2300,2300,2300,2300,2300,2300,2300,2300,2300,2300,2300,2300,2300,2300,2300,2300,2300,2300,2300,2300,2300,2300,2300,2300,2300,2300,2300,2300,2300,2300,2300,2300,2300,2300,2300,2300,2300,2300,2300,2300,2300,2300,2300,2300,2300,2300,2300,2300,2300,2300,2300,2300,2300,2300,2300,2300,2300,2300,2300,2300,2300,2300,2300,2300,2300,2300,2300,2300,2300,2300,2300,2300,2300,2300,2300,2300,2300,2300,2300,2300,2300,2300,2300,
size:23
[agent] id:29
path:1975,2082,2189,2296,2403,2510,2617,2724,2831,2938,2939,2940,2941,2942,2943,2944,2945,2946,2947,2948,2949,2950,2951,2952,2953,2954,2955,2956,2957,2958,2959,2960,2961,2962,2963,2964,2965,2966,2967,2968,2969,2970,2971,2972,2973,2974,2975,2976,2977,2978,2979,2980,2980,2980,2980,2980,2980,2980,2980,2980,2980,2980,2980,2980,2980,2980,2980,2980,2980,2980,2980,2980,2980,2980,2980,2980,2980,2980,2980,2980,2980,2980,2980,2980,
goal:2980,2980,2980,2980,2980,2980,2980,2980,2980,2980,2980,2980,2980,2980,2980,2980,2980,2980,2980,2980,2980,2980,2980,2980,2980,2980,2980,2980,2980,2980,2980,2980,2980,2980,2980,2980,2980,2980,2980,2980,2980,2980,2980,2980,2980,2980,2980,2980,2980,2980,2980,2980,2980,2980,2980,2980,2980,2980,2980,2980,2980,2980,2980,2980,2980,2980,2980,2980,2980,2980,2980,2980,2980,2980,2980,2980,2980,2980,2980,2980,2980,2980,2980,2980,
size:51
SolutionCost:1204
