[setting] seed:96
[solver] type:ECBS
[solver] w:3.000000
[solver] ID:0
[solver] Lowlevelnode:32611
[solver] solved:1
[solver] elapsed:101
[solver] makespan:76
[problem] timesteplimit:10000
[problem] type:MAPF
[problem] agentnum:20
[graph] width:107
[graph] height:47
[graph] filename:./map/orz601d.map
[task] id:17,start:0,end:0,service time:0,nodes:2092,
[task] id:12,start:0,end:0,service time:0,nodes:1331,
[task] id:0,start:0,end:0,service time:0,nodes:3126,
[task] id:1,start:0,end:0,service time:0,nodes:1982,
[task] id:16,start:0,end:0,service time:0,nodes:2791,
[task] id:6,start:0,end:0,service time:0,nodes:2527,
[task] id:7,start:0,end:0,service time:0,nodes:2012,
[task] id:3,start:0,end:0,service time:0,nodes:2693,
[task] id:15,start:0,end:0,service time:0,nodes:2274,
[task] id:4,start:0,end:0,service time:0,nodes:1207,
[task] id:10,start:0,end:0,service time:0,nodes:2737,
[task] id:2,start:0,end:0,service time:0,nodes:2951,
[task] id:5,start:0,end:0,service time:0,nodes:1747,
[task] id:14,start:0,end:0,service time:0,nodes:1865,
[task] id:11,start:0,end:0,service time:0,nodes:1118,
[task] id:9,start:0,end:0,service time:0,nodes:4241,
[task] id:8,start:0,end:0,service time:0,nodes:2906,
[task] id:13,start:0,end:0,service time:0,nodes:3713,
[task] id:19,start:0,end:0,service time:0,nodes:2216,
[task] id:18,start:0,end:0,service time:0,nodes:2687,
[agent] id:0
path:2360,2467,2468,2469,2470,2471,2472,2473,2474,2475,2476,2477,2478,2585,2692,2799,2906,3013,3014,3121,3122,3123,3124,3125,3126,3126,3126,3126,3126,3126,3126,3126,3126,3126,3126,3126,3126,3126,3126,3126,3126,3126,3126,3126,3126,3126,3126,3126,3126,3126,3126,3126,3126,3126,3126,3126,3126,3126,3126,3126,3126,3126,3126,3126,3126,3126,3126,3126,3126,3126,3126,3126,3126,3126,3126,3126,3126,
goal:3126,3126,3126,3126,3126,3126,3126,3126,3126,3126,3126,3126,3126,3126,3126,3126,3126,3126,3126,3126,3126,3126,3126,3126,3126,3126,3126,3126,3126,3126,3126,3126,3126,3126,3126,3126,3126,3126,3126,3126,3126,3126,3126,3126,3126,3126,3126,3126,3126,3126,3126,3126,3126,3126,3126,3126,3126,3126,3126,3126,3126,3126,3126,3126,3126,3126,3126,3126,3126,3126,3126,3126,3126,3126,3126,3126,3126,
size:24
[agent] id:1
path:802,909,1016,1123,1230,1337,1336,1443,1442,1441,1440,1439,1438,1545,1652,1759,1866,1973,1974,1975,1976,1977,1978,1979,1980,1981,1982,1982,1982,1982,1982,1982,1982,1982,1982,1982,1982,1982,1982,1982,1982,1982,1982,1982,1982,1982,1982,1982,1982,1982,1982,1982,1982,1982,1982,1982,1982,1982,1982,1982,1982,1982,1982,1982,1982,1982,1982,1982,1982,1982,1982,1982,1982,1982,1982,1982,1982,
goal:1982,1982,1982,1982,1982,1982,1982,1982,1982,1982,1982,1982,1982,1982,1982,1982,1982,1982,1982,1982,1982,1982,1982,1982,1982,1982,1982,1982,1982,1982,1982,1982,1982,1982,1982,1982,1982,1982,1982,1982,1982,1982,1982,1982,1982,1982,1982,1982,1982,1982,1982,1982,1982,1982,1982,1982,1982,1982,1982,1982,1982,1982,1982,1982,1982,1982,1982,1982,1982,1982,1982,1982,1982,1982,1982,1982,1982,
size:26
[agent] id:2
path:2810,2811,2812,2813,2814,2815,2816,2817,2818,2819,2820,2821,2822,2823,2824,2825,2826,2827,2828,2829,2830,2831,2832,2833,2834,2835,2836,2837,2944,2945,2946,2947,2948,2949,2950,2951,2951,2951,2951,2951,2951,2951,2951,2951,2951,2951,2951,2951,2951,2951,2951,2951,2951,2951,2951,2951,2951,2951,2951,2951,2951,2951,2951,2951,2951,2951,2951,2951,2951,2951,2951,2951,2951,2951,2951,2951,2951,
goal:2951,2951,2951,2951,2951,2951,2951,2951,2951,2951,2951,2951,2951,2951,2951,2951,2951,2951,2951,2951,2951,2951,2951,2951,2951,2951,2951,2951,2951,2951,2951,2951,2951,2951,2951,2951,2951,2951,2951,2951,2951,2951,2951,2951,2951,2951,2951,2951,2951,2951,2951,2951,2951,2951,2951,2951,2951,2951,2951,2951,2951,2951,2951,2951,2951,2951,2951,2951,2951,2951,2951,2951,2951,2951,2951,2951,2951,
size:35
[agent] id:3
path:562,669,776,883,990,1097,1204,1311,1418,1417,1416,1415,1414,1521,1628,1735,1842,1949,2056,2163,2270,2377,2484,2591,2698,2697,2696,2695,2694,2693,2693,2693,2693,2693,2693,2693,2693,2693,2693,2693,2693,2693,2693,2693,2693,2693,2693,2693,2693,2693,2693,2693,2693,2693,2693,2693,2693,2693,2693,2693,2693,2693,2693,2693,2693,2693,2693,2693,2693,2693,2693,2693,2693,2693,2693,2693,2693,
goal:2693,2693,2693,2693,2693,2693,2693,2693,2693,2693,2693,2693,2693,2693,2693,2693,2693,2693,2693,2693,2693,2693,2693,2693,2693,2693,2693,2693,2693,2693,2693,2693,2693,2693,2693,2693,2693,2693,2693,2693,2693,2693,2693,2693,2693,2693,2693,2693,2693,2693,2693,2693,2693,2693,2693,2693,2693,2693,2693,2693,2693,2693,2693,2693,2693,2693,2693,2693,2693,2693,2693,2693,2693,2693,2693,2693,2693,
size:29
[agent] id:4
path:3766,3767,3660,3553,3446,3339,3232,3125,3018,2911,2804,2697,2590,2483,2376,2269,2162,2055,1948,1841,1734,1627,1520,1413,1306,1199,1200,1201,1202,1203,1204,1205,1206,1207,1207,1207,1207,1207,1207,1207,1207,1207,1207,1207,1207,1207,1207,1207,1207,1207,1207,1207,1207,1207,1207,1207,1207,1207,1207,1207,1207,1207,1207,1207,1207,1207,1207,1207,1207,1207,1207,1207,1207,1207,1207,1207,1207,
goal:1207,1207,1207,1207,1207,1207,1207,1207,1207,1207,1207,1207,1207,1207,1207,1207,1207,1207,1207,1207,1207,1207,1207,1207,1207,1207,1207,1207,1207,1207,1207,1207,1207,1207,1207,1207,1207,1207,1207,1207,1207,1207,1207,1207,1207,1207,1207,1207,1207,1207,1207,1207,1207,1207,1207,1207,1207,1207,1207,1207,1207,1207,1207,1207,1207,1207,1207,1207,1207,1207,1207,1207,1207,1207,1207,1207,1207,
size:33
[agent] id:5
path:2227,2226,2225,2224,2223,2222,2221,2220,2219,2218,2217,2216,2215,2214,2213,2212,2211,2210,2209,2208,2207,2206,2205,2204,2203,2202,2201,2200,2199,2198,2091,2090,2089,2088,1981,1980,1979,1978,1977,1976,1975,1974,1973,1972,1971,1970,1969,1968,1967,1966,1965,1964,1963,1962,1855,1748,1747,1747,1747,1747,1747,1747,1747,1747,1747,1747,1747,1747,1747,1747,1747,1747,1747,1747,1747,1747,1747,
goal:1747,1747,1747,1747,1747,1747,1747,1747,1747,1747,1747,1747,1747,1747,1747,1747,1747,1747,1747,1747,1747,1747,1747,1747,1747,1747,1747,1747,1747,1747,1747,1747,1747,1747,1747,1747,1747,1747,1747,1747,1747,1747,1747,1747,1747,1747,1747,1747,1747,1747,1747,1747,1747,1747,1747,1747,1747,1747,1747,1747,1747,1747,1747,1747,1747,1747,1747,1747,1747,1747,1747,1747,1747,1747,1747,1747,1747,
size:56
[agent] id:6
path:1652,1759,1866,1973,2080,2187,2294,2401,2508,2509,2510,2511,2512,2513,2514,2515,2516,2517,2518,2519,2520,2521,2522,2523,2524,2525,2526,2527,2527,2527,2527,2527,2527,2527,2527,2527,2527,2527,2527,2527,2527,2527,2527,2527,2527,2527,2527,2527,2527,2527,2527,2527,2527,2527,2527,2527,2527,2527,2527,2527,2527,2527,2527,2527,2527,2527,2527,2527,2527,2527,2527,2527,2527,2527,2527,2527,2527,
goal:2527,2527,2527,2527,2527,2527,2527,2527,2527,2527,2527,2527,2527,2527,2527,2527,2527,2527,2527,2527,2527,2527,2527,2527,2527,2527,2527,2527,2527,2527,2527,2527,2527,2527,2527,2527,2527,2527,2527,2527,2527,2527,2527,2527,2527,2527,2527,2527,2527,2527,2527,2527,2527,2527,2527,2527,2527,2527,2527,2527,2527,2527,2527,2527,2527,2527,2527,2527,2527,2527,2527,2527,2527,2527,2527,2527,2527,
size:27
[agent] id:7
path:2957,2850,2743,2636,2529,2422,2315,2208,2209,2210,2211,2212,2105,2106,2107,2108,2109,2110,2111,2112,2113,2114,2115,2008,2009,2010,2011,2012,2012,2012,2012,2012,2012,2012,2012,2012,2012,2012,2012,2012,2012,2012,2012,2012,2012,2012,2012,2012,2012,2012,2012,2012,2012,2012,2012,2012,2012,2012,2012,2012,2012,2012,2012,2012,2012,2012,2012,2012,2012,2012,2012,2012,2012,2012,2012,2012,2012,
goal:2012,2012,2012,2012,2012,2012,2012,2012,2012,2012,2012,2012,2012,2012,2012,2012,2012,2012,2012,2012,2012,2012,2012,2012,2012,2012,2012,2012,2012,2012,2012,2012,2012,2012,2012,2012,2012,2012,2012,2012,2012,2012,2012,2012,2012,2012,2012,2012,2012,2012,2012,2012,2012,2012,2012,2012,2012,2012,2012,2012,2012,2012,2012,2012,2012,2012,2012,2012,2012,2012,2012,2012,2012,2012,2012,2012,2012,
size:27
[agent] id:8
path:1891,1998,2105,2212,2319,2426,2533,2640,2747,2854,2961,2960,2959,2958,2957,2956,2955,2954,2953,2952,2951,2950,2949,2948,2947,2946,2945,2944,2943,2942,2941,2940,2939,2938,2937,2936,2935,2934,2933,2932,2931,2930,2929,2928,2927,2926,2925,2924,2923,2922,2921,2920,2919,2918,2917,2916,2915,2914,2913,2912,2911,2910,2909,2908,2907,2906,2906,2906,2906,2906,2906,2906,2906,2906,2906,2906,2906,
goal:2906,2906,2906,2906,2906,2906,2906,2906,2906,2906,2906,2906,2906,2906,2906,2906,2906,2906,2906,2906,2906,2906,2906,2906,2906,2906,2906,2906,2906,2906,2906,2906,2906,2906,2906,2906,2906,2906,2906,2906,2906,2906,2906,2906,2906,2906,2906,2906,2906,2906,2906,2906,2906,2906,2906,2906,2906,2906,2906,2906,2906,2906,2906,2906,2906,2906,2906,2906,2906,2906,2906,2906,2906,2906,2906,2906,2906,
size:65
[agent] id:9
path:371,478,585,692,799,906,1013,1120,1227,1334,1441,1440,1439,1438,1545,1652,1759,1866,1973,2080,2187,2294,2401,2508,2615,2722,2829,2936,3043,3044,3045,3046,3047,3048,3049,3050,3051,3052,3053,3054,3055,3056,3057,3058,3059,3060,3061,3062,3169,3170,3171,3172,3173,3280,3387,3494,3601,3708,3815,3922,4029,4136,4243,4242,4241,4241,4241,4241,4241,4241,4241,4241,4241,4241,4241,4241,4241,
goal:4241,4241,4241,4241,4241,4241,4241,4241,4241,4241,4241,4241,4241,4241,4241,4241,4241,4241,4241,4241,4241,4241,4241,4241,4241,4241,4241,4241,4241,4241,4241,4241,4241,4241,4241,4241,4241,4241,4241,4241,4241,4241,4241,4241,4241,4241,4241,4241,4241,4241,4241,4241,4241,4241,4241,4241,4241,4241,4241,4241,4241,4241,4241,4241,4241,4241,4241,4241,4241,4241,4241,4241,4241,4241,4241,4241,4241,
size:64
[agent] id:10
path:2338,2445,2552,2659,2766,2765,2764,2763,2762,2761,2760,2759,2758,2757,2756,2755,2754,2753,2752,2751,2750,2749,2748,2747,2746,2745,2744,2743,2742,2741,2740,2739,2738,2737,2737,2737,2737,2737,2737,2737,2737,2737,2737,2737,2737,2737,2737,2737,2737,2737,2737,2737,2737,2737,2737,2737,2737,2737,2737,2737,2737,2737,2737,2737,2737,2737,2737,2737,2737,2737,2737,2737,2737,2737,2737,2737,2737,
goal:2737,2737,2737,2737,2737,2737,2737,2737,2737,2737,2737,2737,2737,2737,2737,2737,2737,2737,2737,2737,2737,2737,2737,2737,2737,2737,2737,2737,2737,2737,2737,2737,2737,2737,2737,2737,2737,2737,2737,2737,2737,2737,2737,2737,2737,2737,2737,2737,2737,2737,2737,2737,2737,2737,2737,2737,2737,2737,2737,2737,2737,2737,2737,2737,2737,2737,2737,2737,2737,2737,2737,2737,2737,2737,2737,2737,2737,
size:33
[agent] id:11
path:4298,4191,4084,3977,3870,3763,3764,3765,3766,3767,3660,3553,3446,3339,3232,3125,3018,2911,2804,2697,2590,2483,2376,2269,2162,2055,1948,1949,1950,1951,1952,1953,1954,1955,1956,1957,1958,1959,1960,1961,1962,1963,1964,1965,1966,1967,1860,1861,1862,1863,1864,1865,1758,1651,1544,1437,1330,1223,1116,1117,1118,1118,1118,1118,1118,1118,1118,1118,1118,1118,1118,1118,1118,1118,1118,1118,1118,
goal:1118,1118,1118,1118,1118,1118,1118,1118,1118,1118,1118,1118,1118,1118,1118,1118,1118,1118,1118,1118,1118,1118,1118,1118,1118,1118,1118,1118,1118,1118,1118,1118,1118,1118,1118,1118,1118,1118,1118,1118,1118,1118,1118,1118,1118,1118,1118,1118,1118,1118,1118,1118,1118,1118,1118,1118,1118,1118,1118,1118,1118,1118,1118,1118,1118,1118,1118,1118,1118,1118,1118,1118,1118,1118,1118,1118,1118,
size:60
[agent] id:12
path:3036,2929,2822,2715,2608,2501,2394,2287,2180,2073,1966,1967,1860,1861,1862,1863,1864,1865,1758,1651,1544,1437,1330,1331,1331,1331,1331,1331,1331,1331,1331,1331,1331,1331,1331,1331,1331,1331,1331,1331,1331,1331,1331,1331,1331,1331,1331,1331,1331,1331,1331,1331,1331,1331,1331,1331,1331,1331,1331,1331,1331,1331,1331,1331,1331,1331,1331,1331,1331,1331,1331,1331,1331,1331,1331,1331,1331,
goal:1331,1331,1331,1331,1331,1331,1331,1331,1331,1331,1331,1331,1331,1331,1331,1331,1331,1331,1331,1331,1331,1331,1331,1331,1331,1331,1331,1331,1331,1331,1331,1331,1331,1331,1331,1331,1331,1331,1331,1331,1331,1331,1331,1331,1331,1331,1331,1331,1331,1331,1331,1331,1331,1331,1331,1331,1331,1331,1331,1331,1331,1331,1331,1331,1331,1331,1331,1331,1331,1331,1331,1331,1331,1331,1331,1331,1331,
size:23
[agent] id:13
path:3773,3772,3771,3770,3769,3768,3661,3554,3447,3340,3341,3342,3343,3344,3345,3238,3131,3024,3025,3026,3027,3028,3029,3030,3031,3032,3033,3034,3035,3036,3037,3038,3039,3040,3041,3042,3043,3044,3045,3046,3047,3048,3049,3050,3051,3052,3053,3054,3055,3056,3057,3058,3059,3060,3061,3062,3169,3170,3171,3172,3173,3280,3387,3494,3601,3708,3709,3710,3711,3712,3713,3713,3713,3713,3713,3713,3713,
goal:3713,3713,3713,3713,3713,3713,3713,3713,3713,3713,3713,3713,3713,3713,3713,3713,3713,3713,3713,3713,3713,3713,3713,3713,3713,3713,3713,3713,3713,3713,3713,3713,3713,3713,3713,3713,3713,3713,3713,3713,3713,3713,3713,3713,3713,3713,3713,3713,3713,3713,3713,3713,3713,3713,3713,3713,3713,3713,3713,3713,3713,3713,3713,3713,3713,3713,3713,3713,3713,3713,3713,3713,3713,3713,3713,3713,3713,
size:70
[agent] id:14
path:3195,3088,2981,2874,2767,2660,2553,2446,2339,2232,2231,2230,2229,2228,2227,2226,2225,2224,2223,2222,2221,2220,2219,2218,2217,2216,2215,2214,2213,2212,2211,2210,2209,2208,2207,2206,2205,2204,2203,2202,2201,2200,2199,2198,2091,2090,2089,2088,1981,1980,1979,1978,1871,1870,1869,1868,1867,1866,1865,1865,1865,1865,1865,1865,1865,1865,1865,1865,1865,1865,1865,1865,1865,1865,1865,1865,1865,
goal:1865,1865,1865,1865,1865,1865,1865,1865,1865,1865,1865,1865,1865,1865,1865,1865,1865,1865,1865,1865,1865,1865,1865,1865,1865,1865,1865,1865,1865,1865,1865,1865,1865,1865,1865,1865,1865,1865,1865,1865,1865,1865,1865,1865,1865,1865,1865,1865,1865,1865,1865,1865,1865,1865,1865,1865,1865,1865,1865,1865,1865,1865,1865,1865,1865,1865,1865,1865,1865,1865,1865,1865,1865,1865,1865,1865,1865,
size:58
[agent] id:15
path:2730,2623,2516,2409,2302,2301,2300,2299,2298,2297,2296,2295,2294,2293,2292,2291,2290,2289,2288,2287,2286,2285,2284,2283,2282,2281,2280,2279,2278,2277,2276,2275,2274,2274,2274,2274,2274,2274,2274,2274,2274,2274,2274,2274,2274,2274,2274,2274,2274,2274,2274,2274,2274,2274,2274,2274,2274,2274,2274,2274,2274,2274,2274,2274,2274,2274,2274,2274,2274,2274,2274,2274,2274,2274,2274,2274,2274,
goal:2274,2274,2274,2274,2274,2274,2274,2274,2274,2274,2274,2274,2274,2274,2274,2274,2274,2274,2274,2274,2274,2274,2274,2274,2274,2274,2274,2274,2274,2274,2274,2274,2274,2274,2274,2274,2274,2274,2274,2274,2274,2274,2274,2274,2274,2274,2274,2274,2274,2274,2274,2274,2274,2274,2274,2274,2274,2274,2274,2274,2274,2274,2274,2274,2274,2274,2274,2274,2274,2274,2274,2274,2274,2274,2274,2274,2274,
size:32
[agent] id:16
path:1413,1520,1627,1734,1841,1948,2055,2162,2269,2376,2483,2482,2481,2480,2479,2478,2477,2476,2475,2474,2581,2688,2795,2794,2793,2792,2791,2791,2791,2791,2791,2791,2791,2791,2791,2791,2791,2791,2791,2791,2791,2791,2791,2791,2791,2791,2791,2791,2791,2791,2791,2791,2791,2791,2791,2791,2791,2791,2791,2791,2791,2791,2791,2791,2791,2791,2791,2791,2791,2791,2791,2791,2791,2791,2791,2791,2791,
goal:2791,2791,2791,2791,2791,2791,2791,2791,2791,2791,2791,2791,2791,2791,2791,2791,2791,2791,2791,2791,2791,2791,2791,2791,2791,2791,2791,2791,2791,2791,2791,2791,2791,2791,2791,2791,2791,2791,2791,2791,2791,2791,2791,2791,2791,2791,2791,2791,2791,2791,2791,2791,2791,2791,2791,2791,2791,2791,2791,2791,2791,2791,2791,2791,2791,2791,2791,2791,2791,2791,2791,2791,2791,2791,2791,2791,2791,
size:26
[agent] id:17
path:2837,2730,2623,2516,2409,2302,2195,2088,2089,2090,2091,2092,2092,2092,2092,2092,2092,2092,2092,2092,2092,2092,2092,2092,2092,2092,2092,2092,2092,2092,2092,2092,2092,2092,2092,2092,2092,2092,2092,2092,2092,2092,2092,2092,2092,2092,2092,2092,2092,2092,2092,2092,2092,2092,2092,2092,2092,2092,2092,2092,2092,2092,2092,2092,2092,2092,2092,2092,2092,2092,2092,2092,2092,2092,2092,2092,2092,
goal:2092,2092,2092,2092,2092,2092,2092,2092,2092,2092,2092,2092,2092,2092,2092,2092,2092,2092,2092,2092,2092,2092,2092,2092,2092,2092,2092,2092,2092,2092,2092,2092,2092,2092,2092,2092,2092,2092,2092,2092,2092,2092,2092,2092,2092,2092,2092,2092,2092,2092,2092,2092,2092,2092,2092,2092,2092,2092,2092,2092,2092,2092,2092,2092,2092,2092,2092,2092,2092,2092,2092,2092,2092,2092,2092,2092,2092,
size:11
[agent] id:18
path:927,1034,1141,1248,1355,1462,1569,1676,1783,1890,1997,2104,2211,2318,2425,2424,2423,2422,2421,2420,2419,2418,2417,2416,2523,2522,2521,2520,2519,2518,2517,2516,2515,2514,2513,2512,2511,2510,2509,2508,2507,2506,2505,2504,2503,2502,2501,2500,2499,2498,2497,2496,2495,2494,2493,2492,2491,2490,2489,2488,2487,2486,2485,2484,2483,2482,2481,2480,2479,2478,2477,2476,2475,2474,2581,2688,2687,
goal:2687,2687,2687,2687,2687,2687,2687,2687,2687,2687,2687,2687,2687,2687,2687,2687,2687,2687,2687,2687,2687,2687,2687,2687,2687,2687,2687,2687,2687,2687,2687,2687,2687,2687,2687,2687,2687,2687,2687,2687,2687,2687,2687,2687,2687,2687,2687,2687,2687,2687,2687,2687,2687,2687,2687,2687,2687,2687,2687,2687,2687,2687,2687,2687,2687,2687,2687,2687,2687,2687,2687,2687,2687,2687,2687,2687,2687,
size:76
[agent] id:19
path:341,448,555,662,769,876,983,1090,1197,1304,1411,1412,1413,1520,1627,1734,1841,1948,1949,2056,2163,2164,2165,2166,2167,2168,2169,2170,2171,2172,2173,2174,2175,2176,2177,2178,2179,2180,2181,2182,2183,2184,2185,2186,2187,2188,2189,2190,2191,2192,2193,2194,2195,2196,2197,2198,2199,2200,2201,2202,2203,2204,2205,2206,2207,2208,2209,2210,2211,2212,2213,2214,2215,2216,2216,2216,2216,
goal:2216,2216,2216,2216,2216,2216,2216,2216,2216,2216,2216,2216,2216,2216,2216,2216,2216,2216,2216,2216,2216,2216,2216,2216,2216,2216,2216,2216,2216,2216,2216,2216,2216,2216,2216,2216,2216,2216,2216,2216,2216,2216,2216,2216,2216,2216,2216,2216,2216,2216,2216,2216,2216,2216,2216,2216,2216,2216,2216,2216,2216,2216,2216,2216,2216,2216,2216,2216,2216,2216,2216,2216,2216,2216,2216,2216,2216,
size:73
SolutionCost:848
