[setting] seed:26
[solver] type:ECBS
[solver] w:3.000000
[solver] ID:0
[solver] Lowlevelnode:42343
[solver] solved:1
[solver] elapsed:171
[solver] makespan:80
[problem] timesteplimit:10000
[problem] type:MAPF
[problem] agentnum:20
[graph] width:107
[graph] height:47
[graph] filename:./map/orz601d.map
[task] id:13,start:0,end:0,service time:0,nodes:1999,
[task] id:17,start:0,end:0,service time:0,nodes:2516,
[task] id:19,start:0,end:0,service time:0,nodes:3338,
[task] id:2,start:0,end:0,service time:0,nodes:903,
[task] id:3,start:0,end:0,service time:0,nodes:1222,
[task] id:12,start:0,end:0,service time:0,nodes:3043,
[task] id:18,start:0,end:0,service time:0,nodes:2417,
[task] id:14,start:0,end:0,service time:0,nodes:2819,
[task] id:16,start:0,end:0,service time:0,nodes:1758,
[task] id:7,start:0,end:0,service time:0,nodes:2706,
[task] id:6,start:0,end:0,service time:0,nodes:3055,
[task] id:11,start:0,end:0,service time:0,nodes:610,
[task] id:0,start:0,end:0,service time:0,nodes:2739,
[task] id:5,start:0,end:0,service time:0,nodes:4350,
[task] id:4,start:0,end:0,service time:0,nodes:3138,
[task] id:15,start:0,end:0,service time:0,nodes:2227,
[task] id:10,start:0,end:0,service time:0,nodes:825,
[task] id:8,start:0,end:0,service time:0,nodes:2540,
[task] id:1,start:0,end:0,service time:0,nodes:2758,
[task] id:9,start:0,end:0,service time:0,nodes:2059,
[agent] id:0
path:1949,2056,2163,2270,2377,2484,2591,2698,2699,2700,2701,2702,2703,2704,2705,2706,2707,2708,2709,2710,2711,2712,2713,2714,2715,2716,2717,2718,2719,2720,2721,2722,2723,2724,2725,2726,2727,2728,2729,2730,2731,2732,2733,2734,2735,2736,2737,2738,2739,2739,2739,2739,2739,2739,2739,2739,2739,2739,2739,2739,2739,2739,2739,2739,2739,2739,2739,2739,2739,2739,2739,2739,2739,2739,2739,2739,2739,2739,2739,2739,2739,
goal:2739,2739,2739,2739,2739,2739,2739,2739,2739,2739,2739,2739,2739,2739,2739,2739,2739,2739,2739,2739,2739,2739,2739,2739,2739,2739,2739,2739,2739,2739,2739,2739,2739,2739,2739,2739,2739,2739,2739,2739,2739,2739,2739,2739,2739,2739,2739,2739,2739,2739,2739,2739,2739,2739,2739,2739,2739,2739,2739,2739,2739,2739,2739,2739,2739,2739,2739,2739,2739,2739,2739,2739,2739,2739,2739,2739,2739,2739,2739,2739,2739,
size:48
[agent] id:1
path:1415,1414,1521,1628,1735,1842,1949,2056,2163,2270,2377,2484,2485,2486,2487,2488,2489,2490,2491,2492,2493,2494,2495,2496,2497,2498,2499,2500,2501,2502,2609,2610,2611,2612,2613,2614,2615,2616,2617,2618,2619,2620,2621,2622,2623,2624,2625,2626,2627,2628,2629,2630,2631,2632,2633,2740,2741,2742,2743,2744,2745,2746,2747,2748,2749,2750,2751,2752,2753,2754,2755,2756,2757,2758,2758,2758,2758,2758,2758,2758,2758,
goal:2758,2758,2758,2758,2758,2758,2758,2758,2758,2758,2758,2758,2758,2758,2758,2758,2758,2758,2758,2758,2758,2758,2758,2758,2758,2758,2758,2758,2758,2758,2758,2758,2758,2758,2758,2758,2758,2758,2758,2758,2758,2758,2758,2758,2758,2758,2758,2758,2758,2758,2758,2758,2758,2758,2758,2758,2758,2758,2758,2758,2758,2758,2758,2758,2758,2758,2758,2758,2758,2758,2758,2758,2758,2758,2758,2758,2758,2758,2758,2758,2758,
size:73
[agent] id:2
path:2175,2068,1961,1962,1963,1964,1965,1966,1967,1860,1861,1862,1863,1864,1865,1758,1651,1544,1437,1330,1223,1116,1009,902,903,903,903,903,903,903,903,903,903,903,903,903,903,903,903,903,903,903,903,903,903,903,903,903,903,903,903,903,903,903,903,903,903,903,903,903,903,903,903,903,903,903,903,903,903,903,903,903,903,903,903,903,903,903,903,903,903,
goal:903,903,903,903,903,903,903,903,903,903,903,903,903,903,903,903,903,903,903,903,903,903,903,903,903,903,903,903,903,903,903,903,903,903,903,903,903,903,903,903,903,903,903,903,903,903,903,903,903,903,903,903,903,903,903,903,903,903,903,903,903,903,903,903,903,903,903,903,903,903,903,903,903,903,903,903,903,903,903,903,903,
size:24
[agent] id:3
path:2278,2171,2064,1957,1958,1959,1960,1961,1962,1963,1964,1965,1966,1967,1860,1861,1862,1863,1864,1865,1758,1651,1544,1437,1330,1223,1222,1222,1222,1222,1222,1222,1222,1222,1222,1222,1222,1222,1222,1222,1222,1222,1222,1222,1222,1222,1222,1222,1222,1222,1222,1222,1222,1222,1222,1222,1222,1222,1222,1222,1222,1222,1222,1222,1222,1222,1222,1222,1222,1222,1222,1222,1222,1222,1222,1222,1222,1222,1222,1222,1222,
goal:1222,1222,1222,1222,1222,1222,1222,1222,1222,1222,1222,1222,1222,1222,1222,1222,1222,1222,1222,1222,1222,1222,1222,1222,1222,1222,1222,1222,1222,1222,1222,1222,1222,1222,1222,1222,1222,1222,1222,1222,1222,1222,1222,1222,1222,1222,1222,1222,1222,1222,1222,1222,1222,1222,1222,1222,1222,1222,1222,1222,1222,1222,1222,1222,1222,1222,1222,1222,1222,1222,1222,1222,1222,1222,1222,1222,1222,1222,1222,1222,1222,
size:26
[agent] id:4
path:2977,3084,3083,3082,3081,3080,3079,3078,3077,3076,3075,3074,3073,3072,3071,3070,3069,3068,3067,3066,3065,3064,3063,3062,3061,3060,3059,3058,3057,3056,3055,3054,3053,3052,3051,3050,3049,3048,3047,3046,3045,3044,2937,2936,2935,3042,3041,3040,3039,3038,3037,3036,3143,3142,3141,3140,3139,3138,3138,3138,3138,3138,3138,3138,3138,3138,3138,3138,3138,3138,3138,3138,3138,3138,3138,3138,3138,3138,3138,3138,3138,
goal:3138,3138,3138,3138,3138,3138,3138,3138,3138,3138,3138,3138,3138,3138,3138,3138,3138,3138,3138,3138,3138,3138,3138,3138,3138,3138,3138,3138,3138,3138,3138,3138,3138,3138,3138,3138,3138,3138,3138,3138,3138,3138,3138,3138,3138,3138,3138,3138,3138,3138,3138,3138,3138,3138,3138,3138,3138,3138,3138,3138,3138,3138,3138,3138,3138,3138,3138,3138,3138,3138,3138,3138,3138,3138,3138,3138,3138,3138,3138,3138,3138,
size:57
[agent] id:5
path:2240,2347,2454,2561,2668,2667,2666,2665,2664,2663,2662,2661,2660,2767,2874,2981,3088,3087,3086,3085,3084,3083,3082,3081,3080,3079,3078,3077,3076,3075,3074,3073,3072,3179,3178,3177,3176,3175,3174,3281,3388,3495,3602,3709,3816,3923,4030,4137,4244,4351,4350,4350,4350,4350,4350,4350,4350,4350,4350,4350,4350,4350,4350,4350,4350,4350,4350,4350,4350,4350,4350,4350,4350,4350,4350,4350,4350,4350,4350,4350,4350,
goal:4350,4350,4350,4350,4350,4350,4350,4350,4350,4350,4350,4350,4350,4350,4350,4350,4350,4350,4350,4350,4350,4350,4350,4350,4350,4350,4350,4350,4350,4350,4350,4350,4350,4350,4350,4350,4350,4350,4350,4350,4350,4350,4350,4350,4350,4350,4350,4350,4350,4350,4350,4350,4350,4350,4350,4350,4350,4350,4350,4350,4350,4350,4350,4350,4350,4350,4350,4350,4350,4350,4350,4350,4350,4350,4350,4350,4350,4350,4350,4350,4350,
size:50
[agent] id:6
path:3124,3017,3018,3019,3020,3021,3022,3023,3024,3025,3026,3027,3028,3029,3030,3031,3032,3033,3034,3035,3036,3037,3038,3039,3040,3041,3042,3043,2936,2937,2938,2939,2940,2941,2942,2943,2944,3051,3052,3053,3054,3055,3055,3055,3055,3055,3055,3055,3055,3055,3055,3055,3055,3055,3055,3055,3055,3055,3055,3055,3055,3055,3055,3055,3055,3055,3055,3055,3055,3055,3055,3055,3055,3055,3055,3055,3055,3055,3055,3055,3055,
goal:3055,3055,3055,3055,3055,3055,3055,3055,3055,3055,3055,3055,3055,3055,3055,3055,3055,3055,3055,3055,3055,3055,3055,3055,3055,3055,3055,3055,3055,3055,3055,3055,3055,3055,3055,3055,3055,3055,3055,3055,3055,3055,3055,3055,3055,3055,3055,3055,3055,3055,3055,3055,3055,3055,3055,3055,3055,3055,3055,3055,3055,3055,3055,3055,3055,3055,3055,3055,3055,3055,3055,3055,3055,3055,3055,3055,3055,3055,3055,3055,3055,
size:41
[agent] id:7
path:2528,2635,2634,2633,2632,2631,2630,2629,2628,2627,2626,2625,2624,2623,2622,2621,2620,2619,2618,2617,2616,2615,2614,2613,2612,2611,2610,2609,2608,2607,2606,2713,2712,2711,2710,2709,2708,2707,2706,2706,2706,2706,2706,2706,2706,2706,2706,2706,2706,2706,2706,2706,2706,2706,2706,2706,2706,2706,2706,2706,2706,2706,2706,2706,2706,2706,2706,2706,2706,2706,2706,2706,2706,2706,2706,2706,2706,2706,2706,2706,2706,
goal:2706,2706,2706,2706,2706,2706,2706,2706,2706,2706,2706,2706,2706,2706,2706,2706,2706,2706,2706,2706,2706,2706,2706,2706,2706,2706,2706,2706,2706,2706,2706,2706,2706,2706,2706,2706,2706,2706,2706,2706,2706,2706,2706,2706,2706,2706,2706,2706,2706,2706,2706,2706,2706,2706,2706,2706,2706,2706,2706,2706,2706,2706,2706,2706,2706,2706,2706,2706,2706,2706,2706,2706,2706,2706,2706,2706,2706,2706,2706,2706,2706,
size:38
[agent] id:8
path:2364,2365,2366,2367,2368,2369,2370,2371,2372,2373,2374,2375,2376,2377,2378,2379,2380,2381,2382,2383,2384,2385,2386,2387,2388,2389,2390,2391,2392,2393,2394,2395,2396,2397,2398,2399,2400,2401,2402,2403,2404,2405,2406,2407,2408,2409,2410,2517,2518,2519,2520,2521,2522,2523,2524,2525,2526,2527,2528,2529,2530,2531,2532,2533,2534,2535,2536,2537,2538,2539,2540,2540,2540,2540,2540,2540,2540,2540,2540,2540,2540,
goal:2540,2540,2540,2540,2540,2540,2540,2540,2540,2540,2540,2540,2540,2540,2540,2540,2540,2540,2540,2540,2540,2540,2540,2540,2540,2540,2540,2540,2540,2540,2540,2540,2540,2540,2540,2540,2540,2540,2540,2540,2540,2540,2540,2540,2540,2540,2540,2540,2540,2540,2540,2540,2540,2540,2540,2540,2540,2540,2540,2540,2540,2540,2540,2540,2540,2540,2540,2540,2540,2540,2540,2540,2540,2540,2540,2540,2540,2540,2540,2540,2540,
size:70
[agent] id:9
path:2133,2132,2131,2130,2237,2344,2451,2450,2449,2448,2447,2446,2339,2232,2125,2124,2123,2122,2121,2120,2119,2118,2117,2116,2115,2114,2113,2112,2111,2110,2109,2108,2107,2106,2105,2104,2103,2102,2101,2100,2099,2098,2097,2096,2095,2094,2093,2092,2091,2090,2089,2088,2087,2086,2085,2084,2083,2082,2081,2080,2079,2078,2077,2076,2075,2074,2073,2072,2071,2070,2069,2068,2067,2066,2065,2064,2063,2062,2061,2060,2059,
goal:2059,2059,2059,2059,2059,2059,2059,2059,2059,2059,2059,2059,2059,2059,2059,2059,2059,2059,2059,2059,2059,2059,2059,2059,2059,2059,2059,2059,2059,2059,2059,2059,2059,2059,2059,2059,2059,2059,2059,2059,2059,2059,2059,2059,2059,2059,2059,2059,2059,2059,2059,2059,2059,2059,2059,2059,2059,2059,2059,2059,2059,2059,2059,2059,2059,2059,2059,2059,2059,2059,2059,2059,2059,2059,2059,2059,2059,2059,2059,2059,2059,
size:80
[agent] id:10
path:1734,1735,1842,1843,1844,1845,1846,1847,1954,1955,1956,1957,1958,1959,1960,1961,1962,1963,1964,1965,1966,1967,1968,1969,1970,1971,1972,1973,1974,1975,1976,1977,1978,1979,1980,1981,1982,1983,1984,1985,1986,1987,1988,1989,1990,1991,1884,1885,1886,1887,1888,1889,1782,1675,1568,1461,1354,1247,1140,1033,926,819,820,821,822,823,824,825,825,825,825,825,825,825,825,825,825,825,825,825,825,
goal:825,825,825,825,825,825,825,825,825,825,825,825,825,825,825,825,825,825,825,825,825,825,825,825,825,825,825,825,825,825,825,825,825,825,825,825,825,825,825,825,825,825,825,825,825,825,825,825,825,825,825,825,825,825,825,825,825,825,825,825,825,825,825,825,825,825,825,825,825,825,825,825,825,825,825,825,825,825,825,825,825,
size:67
[agent] id:11
path:2835,2728,2621,2514,2407,2300,2193,2086,1979,1980,1981,1982,1983,1984,1985,1986,1987,1988,1989,1990,1991,1884,1885,1886,1887,1888,1889,1782,1675,1568,1461,1354,1247,1140,1033,926,819,712,605,606,607,608,609,610,610,610,610,610,610,610,610,610,610,610,610,610,610,610,610,610,610,610,610,610,610,610,610,610,610,610,610,610,610,610,610,610,610,610,610,610,610,
goal:610,610,610,610,610,610,610,610,610,610,610,610,610,610,610,610,610,610,610,610,610,610,610,610,610,610,610,610,610,610,610,610,610,610,610,610,610,610,610,610,610,610,610,610,610,610,610,610,610,610,610,610,610,610,610,610,610,610,610,610,610,610,610,610,610,610,610,610,610,610,610,610,610,610,610,610,610,610,610,610,610,
size:43
[agent] id:12
path:3177,3070,3069,3068,3067,3066,3065,3064,3063,3062,3061,3060,3059,3058,3057,3056,3055,3054,3053,3052,3051,3050,3049,3048,3047,3046,3045,3044,3043,3043,3043,3043,3043,3043,3043,3043,3043,3043,3043,3043,3043,3043,3043,3043,3043,3043,3043,3043,3043,3043,3043,3043,3043,3043,3043,3043,3043,3043,3043,3043,3043,3043,3043,3043,3043,3043,3043,3043,3043,3043,3043,3043,3043,3043,3043,3043,3043,3043,3043,3043,3043,
goal:3043,3043,3043,3043,3043,3043,3043,3043,3043,3043,3043,3043,3043,3043,3043,3043,3043,3043,3043,3043,3043,3043,3043,3043,3043,3043,3043,3043,3043,3043,3043,3043,3043,3043,3043,3043,3043,3043,3043,3043,3043,3043,3043,3043,3043,3043,3043,3043,3043,3043,3043,3043,3043,3043,3043,3043,3043,3043,3043,3043,3043,3043,3043,3043,3043,3043,3043,3043,3043,3043,3043,3043,3043,3043,3043,3043,3043,3043,3043,3043,3043,
size:28
[agent] id:13
path:1030,1137,1244,1351,1458,1459,1460,1461,1568,1675,1782,1889,1996,1997,1998,1999,1999,1999,1999,1999,1999,1999,1999,1999,1999,1999,1999,1999,1999,1999,1999,1999,1999,1999,1999,1999,1999,1999,1999,1999,1999,1999,1999,1999,1999,1999,1999,1999,1999,1999,1999,1999,1999,1999,1999,1999,1999,1999,1999,1999,1999,1999,1999,1999,1999,1999,1999,1999,1999,1999,1999,1999,1999,1999,1999,1999,1999,1999,1999,1999,1999,
goal:1999,1999,1999,1999,1999,1999,1999,1999,1999,1999,1999,1999,1999,1999,1999,1999,1999,1999,1999,1999,1999,1999,1999,1999,1999,1999,1999,1999,1999,1999,1999,1999,1999,1999,1999,1999,1999,1999,1999,1999,1999,1999,1999,1999,1999,1999,1999,1999,1999,1999,1999,1999,1999,1999,1999,1999,1999,1999,1999,1999,1999,1999,1999,1999,1999,1999,1999,1999,1999,1999,1999,1999,1999,1999,1999,1999,1999,1999,1999,1999,1999,
size:15
[agent] id:14
path:3976,3869,3762,3763,3764,3765,3766,3767,3660,3553,3446,3339,3232,3125,3018,2911,2804,2805,2806,2807,2808,2809,2810,2811,2812,2813,2814,2815,2816,2817,2818,2819,2819,2819,2819,2819,2819,2819,2819,2819,2819,2819,2819,2819,2819,2819,2819,2819,2819,2819,2819,2819,2819,2819,2819,2819,2819,2819,2819,2819,2819,2819,2819,2819,2819,2819,2819,2819,2819,2819,2819,2819,2819,2819,2819,2819,2819,2819,2819,2819,2819,
goal:2819,2819,2819,2819,2819,2819,2819,2819,2819,2819,2819,2819,2819,2819,2819,2819,2819,2819,2819,2819,2819,2819,2819,2819,2819,2819,2819,2819,2819,2819,2819,2819,2819,2819,2819,2819,2819,2819,2819,2819,2819,2819,2819,2819,2819,2819,2819,2819,2819,2819,2819,2819,2819,2819,2819,2819,2819,2819,2819,2819,2819,2819,2819,2819,2819,2819,2819,2819,2819,2819,2819,2819,2819,2819,2819,2819,2819,2819,2819,2819,2819,
size:31
[agent] id:15
path:586,693,800,907,1014,1121,1228,1335,1442,1441,1440,1439,1438,1545,1652,1759,1866,1973,2080,2187,2188,2189,2190,2191,2192,2193,2194,2195,2196,2197,2198,2199,2200,2201,2202,2203,2204,2205,2206,2207,2208,2209,2210,2211,2212,2213,2214,2215,2216,2217,2218,2219,2220,2221,2222,2223,2224,2225,2226,2227,2227,2227,2227,2227,2227,2227,2227,2227,2227,2227,2227,2227,2227,2227,2227,2227,2227,2227,2227,2227,2227,
goal:2227,2227,2227,2227,2227,2227,2227,2227,2227,2227,2227,2227,2227,2227,2227,2227,2227,2227,2227,2227,2227,2227,2227,2227,2227,2227,2227,2227,2227,2227,2227,2227,2227,2227,2227,2227,2227,2227,2227,2227,2227,2227,2227,2227,2227,2227,2227,2227,2227,2227,2227,2227,2227,2227,2227,2227,2227,2227,2227,2227,2227,2227,2227,2227,2227,2227,2227,2227,2227,2227,2227,2227,2227,2227,2227,2227,2227,2227,2227,2227,2227,
size:59
[agent] id:16
path:1411,1412,1413,1520,1627,1734,1735,1842,1843,1844,1845,1846,1847,1954,1955,1956,1957,1958,1959,1960,1961,1962,1963,1964,1965,1966,1967,1860,1861,1862,1863,1864,1865,1758,1758,1758,1758,1758,1758,1758,1758,1758,1758,1758,1758,1758,1758,1758,1758,1758,1758,1758,1758,1758,1758,1758,1758,1758,1758,1758,1758,1758,1758,1758,1758,1758,1758,1758,1758,1758,1758,1758,1758,1758,1758,1758,1758,1758,1758,1758,1758,
goal:1758,1758,1758,1758,1758,1758,1758,1758,1758,1758,1758,1758,1758,1758,1758,1758,1758,1758,1758,1758,1758,1758,1758,1758,1758,1758,1758,1758,1758,1758,1758,1758,1758,1758,1758,1758,1758,1758,1758,1758,1758,1758,1758,1758,1758,1758,1758,1758,1758,1758,1758,1758,1758,1758,1758,1758,1758,1758,1758,1758,1758,1758,1758,1758,1758,1758,1758,1758,1758,1758,1758,1758,1758,1758,1758,1758,1758,1758,1758,1758,1758,
size:33
[agent] id:17
path:1545,1652,1759,1866,1973,2080,2187,2294,2401,2508,2509,2510,2511,2512,2513,2514,2515,2516,2516,2516,2516,2516,2516,2516,2516,2516,2516,2516,2516,2516,2516,2516,2516,2516,2516,2516,2516,2516,2516,2516,2516,2516,2516,2516,2516,2516,2516,2516,2516,2516,2516,2516,2516,2516,2516,2516,2516,2516,2516,2516,2516,2516,2516,2516,2516,2516,2516,2516,2516,2516,2516,2516,2516,2516,2516,2516,2516,2516,2516,2516,2516,
goal:2516,2516,2516,2516,2516,2516,2516,2516,2516,2516,2516,2516,2516,2516,2516,2516,2516,2516,2516,2516,2516,2516,2516,2516,2516,2516,2516,2516,2516,2516,2516,2516,2516,2516,2516,2516,2516,2516,2516,2516,2516,2516,2516,2516,2516,2516,2516,2516,2516,2516,2516,2516,2516,2516,2516,2516,2516,2516,2516,2516,2516,2516,2516,2516,2516,2516,2516,2516,2516,2516,2516,2516,2516,2516,2516,2516,2516,2516,2516,2516,2516,
size:17
[agent] id:18
path:4460,4353,4246,4139,4032,3925,3818,3711,3604,3603,3602,3495,3388,3281,3174,3067,2960,2853,2746,2639,2532,2425,2424,2423,2422,2421,2420,2419,2418,2417,2417,2417,2417,2417,2417,2417,2417,2417,2417,2417,2417,2417,2417,2417,2417,2417,2417,2417,2417,2417,2417,2417,2417,2417,2417,2417,2417,2417,2417,2417,2417,2417,2417,2417,2417,2417,2417,2417,2417,2417,2417,2417,2417,2417,2417,2417,2417,2417,2417,2417,2417,
goal:2417,2417,2417,2417,2417,2417,2417,2417,2417,2417,2417,2417,2417,2417,2417,2417,2417,2417,2417,2417,2417,2417,2417,2417,2417,2417,2417,2417,2417,2417,2417,2417,2417,2417,2417,2417,2417,2417,2417,2417,2417,2417,2417,2417,2417,2417,2417,2417,2417,2417,2417,2417,2417,2417,2417,2417,2417,2417,2417,2417,2417,2417,2417,2417,2417,2417,2417,2417,2417,2417,2417,2417,2417,2417,2417,2417,2417,2417,2417,2417,2417,
size:29
[agent] id:19
path:2473,2474,2475,2476,2477,2478,2585,2692,2799,2906,3013,3014,3121,3228,3335,3336,3337,3338,3338,3338,3338,3338,3338,3338,3338,3338,3338,3338,3338,3338,3338,3338,3338,3338,3338,3338,3338,3338,3338,3338,3338,3338,3338,3338,3338,3338,3338,3338,3338,3338,3338,3338,3338,3338,3338,3338,3338,3338,3338,3338,3338,3338,3338,3338,3338,3338,3338,3338,3338,3338,3338,3338,3338,3338,3338,3338,3338,3338,3338,3338,3338,
goal:3338,3338,3338,3338,3338,3338,3338,3338,3338,3338,3338,3338,3338,3338,3338,3338,3338,3338,3338,3338,3338,3338,3338,3338,3338,3338,3338,3338,3338,3338,3338,3338,3338,3338,3338,3338,3338,3338,3338,3338,3338,3338,3338,3338,3338,3338,3338,3338,3338,3338,3338,3338,3338,3338,3338,3338,3338,3338,3338,3338,3338,3338,3338,3338,3338,3338,3338,3338,3338,3338,3338,3338,3338,3338,3338,3338,3338,3338,3338,3338,3338,
size:17
SolutionCost:846
