[setting] seed:36
[solver] type:ECBS
[solver] w:3.000000
[solver] ID:0
[solver] Lowlevelnode:1584
[solver] solved:1
[solver] elapsed:24
[solver] makespan:99
[problem] timesteplimit:10000
[problem] type:MAPF
[problem] agentnum:10
[graph] width:107
[graph] height:47
[graph] filename:./map/orz601d.map
[task] id:8,start:0,end:0,service time:0,nodes:2190,
[task] id:2,start:0,end:0,service time:0,nodes:4675,
[task] id:7,start:0,end:0,service time:0,nodes:2664,
[task] id:9,start:0,end:0,service time:0,nodes:2360,
[task] id:1,start:0,end:0,service time:0,nodes:2042,
[task] id:3,start:0,end:0,service time:0,nodes:2397,
[task] id:0,start:0,end:0,service time:0,nodes:1003,
[task] id:6,start:0,end:0,service time:0,nodes:3193,
[task] id:4,start:0,end:0,service time:0,nodes:560,
[task] id:5,start:0,end:0,service time:0,nodes:1808,
[agent] id:0
path:603,710,817,924,1031,1138,1245,1246,1247,1354,1461,1568,1675,1782,1889,1888,1887,1886,1885,1884,1991,1990,1989,1988,1987,1986,1985,1984,1983,1982,1981,1980,1979,1978,1871,1870,1869,1868,1867,1866,1759,1652,1545,1438,1331,1224,1117,1010,1009,1008,1007,1006,1005,1004,1003,1003,1003,1003,1003,1003,1003,1003,1003,1003,1003,1003,1003,1003,1003,1003,1003,1003,1003,1003,1003,1003,1003,1003,1003,1003,1003,1003,1003,1003,1003,1003,1003,1003,1003,1003,1003,1003,1003,1003,1003,1003,1003,1003,1003,1003,
goal:1003,1003,1003,1003,1003,1003,1003,1003,1003,1003,1003,1003,1003,1003,1003,1003,1003,1003,1003,1003,1003,1003,1003,1003,1003,1003,1003,1003,1003,1003,1003,1003,1003,1003,1003,1003,1003,1003,1003,1003,1003,1003,1003,1003,1003,1003,1003,1003,1003,1003,1003,1003,1003,1003,1003,1003,1003,1003,1003,1003,1003,1003,1003,1003,1003,1003,1003,1003,1003,1003,1003,1003,1003,1003,1003,1003,1003,1003,1003,1003,1003,1003,1003,1003,1003,1003,1003,1003,1003,1003,1003,1003,1003,1003,1003,1003,1003,1003,1003,1003,
size:54
[agent] id:1
path:3043,2936,2829,2722,2615,2508,2401,2400,2399,2398,2397,2396,2395,2394,2393,2392,2391,2390,2389,2388,2387,2386,2385,2384,2383,2382,2381,2380,2379,2378,2377,2376,2375,2374,2373,2372,2371,2370,2369,2368,2367,2260,2153,2046,2045,2044,2043,2042,2042,2042,2042,2042,2042,2042,2042,2042,2042,2042,2042,2042,2042,2042,2042,2042,2042,2042,2042,2042,2042,2042,2042,2042,2042,2042,2042,2042,2042,2042,2042,2042,2042,2042,2042,2042,2042,2042,2042,2042,2042,2042,2042,2042,2042,2042,2042,2042,2042,2042,2042,2042,
goal:2042,2042,2042,2042,2042,2042,2042,2042,2042,2042,2042,2042,2042,2042,2042,2042,2042,2042,2042,2042,2042,2042,2042,2042,2042,2042,2042,2042,2042,2042,2042,2042,2042,2042,2042,2042,2042,2042,2042,2042,2042,2042,2042,2042,2042,2042,2042,2042,2042,2042,2042,2042,2042,2042,2042,2042,2042,2042,2042,2042,2042,2042,2042,2042,2042,2042,2042,2042,2042,2042,2042,2042,2042,2042,2042,2042,2042,2042,2042,2042,2042,2042,2042,2042,2042,2042,2042,2042,2042,2042,2042,2042,2042,2042,2042,2042,2042,2042,2042,2042,
size:47
[agent] id:2
path:2539,2646,2753,2860,2967,3074,3073,3072,3179,3178,3177,3176,3175,3174,3281,3388,3495,3602,3709,3816,3923,4030,4137,4244,4351,4458,4459,4460,4567,4674,4675,4675,4675,4675,4675,4675,4675,4675,4675,4675,4675,4675,4675,4675,4675,4675,4675,4675,4675,4675,4675,4675,4675,4675,4675,4675,4675,4675,4675,4675,4675,4675,4675,4675,4675,4675,4675,4675,4675,4675,4675,4675,4675,4675,4675,4675,4675,4675,4675,4675,4675,4675,4675,4675,4675,4675,4675,4675,4675,4675,4675,4675,4675,4675,4675,4675,4675,4675,4675,4675,
goal:4675,4675,4675,4675,4675,4675,4675,4675,4675,4675,4675,4675,4675,4675,4675,4675,4675,4675,4675,4675,4675,4675,4675,4675,4675,4675,4675,4675,4675,4675,4675,4675,4675,4675,4675,4675,4675,4675,4675,4675,4675,4675,4675,4675,4675,4675,4675,4675,4675,4675,4675,4675,4675,4675,4675,4675,4675,4675,4675,4675,4675,4675,4675,4675,4675,4675,4675,4675,4675,4675,4675,4675,4675,4675,4675,4675,4675,4675,4675,4675,4675,4675,4675,4675,4675,4675,4675,4675,4675,4675,4675,4675,4675,4675,4675,4675,4675,4675,4675,4675,
size:30
[agent] id:3
path:4250,4143,4036,3929,3822,3715,3714,3607,3606,3605,3604,3603,3602,3495,3388,3387,3280,3173,3066,2959,2852,2745,2638,2531,2424,2423,2422,2421,2420,2419,2418,2417,2416,2415,2414,2413,2412,2411,2410,2409,2408,2407,2406,2405,2404,2403,2402,2401,2400,2399,2398,2397,2397,2397,2397,2397,2397,2397,2397,2397,2397,2397,2397,2397,2397,2397,2397,2397,2397,2397,2397,2397,2397,2397,2397,2397,2397,2397,2397,2397,2397,2397,2397,2397,2397,2397,2397,2397,2397,2397,2397,2397,2397,2397,2397,2397,2397,2397,2397,2397,
goal:2397,2397,2397,2397,2397,2397,2397,2397,2397,2397,2397,2397,2397,2397,2397,2397,2397,2397,2397,2397,2397,2397,2397,2397,2397,2397,2397,2397,2397,2397,2397,2397,2397,2397,2397,2397,2397,2397,2397,2397,2397,2397,2397,2397,2397,2397,2397,2397,2397,2397,2397,2397,2397,2397,2397,2397,2397,2397,2397,2397,2397,2397,2397,2397,2397,2397,2397,2397,2397,2397,2397,2397,2397,2397,2397,2397,2397,2397,2397,2397,2397,2397,2397,2397,2397,2397,2397,2397,2397,2397,2397,2397,2397,2397,2397,2397,2397,2397,2397,2397,
size:51
[agent] id:4
path:4138,4031,3924,3817,3710,3603,3602,3495,3388,3281,3174,3067,2960,2853,2746,2639,2532,2425,2318,2211,2104,1997,1996,1995,1994,1993,1992,1991,1990,1989,1988,1987,1986,1985,1984,1983,1982,1981,1980,1979,1978,1977,1976,1975,1974,1973,1972,1971,1970,1969,1968,1967,1966,1965,1964,1963,1962,1961,1960,1959,1958,1957,1956,1955,1954,1847,1846,1845,1844,1843,1842,1735,1628,1521,1414,1307,1200,1093,986,879,772,665,558,559,560,560,560,560,560,560,560,560,560,560,560,560,560,560,560,560,
goal:560,560,560,560,560,560,560,560,560,560,560,560,560,560,560,560,560,560,560,560,560,560,560,560,560,560,560,560,560,560,560,560,560,560,560,560,560,560,560,560,560,560,560,560,560,560,560,560,560,560,560,560,560,560,560,560,560,560,560,560,560,560,560,560,560,560,560,560,560,560,560,560,560,560,560,560,560,560,560,560,560,560,560,560,560,560,560,560,560,560,560,560,560,560,560,560,560,560,560,560,
size:84
[agent] id:5
path:1087,1194,1301,1302,1409,1410,1411,1412,1413,1520,1627,1734,1841,1948,2055,2162,2269,2270,2271,2272,2273,2274,2275,2276,2277,2278,2279,2280,2281,2282,2283,2284,2285,2286,2287,2288,2289,2290,2291,2292,2293,2294,2295,2296,2297,2298,2405,2406,2407,2408,2409,2410,2411,2412,2413,2414,2415,2416,2417,2418,2419,2420,2421,2422,2423,2424,2425,2426,2427,2428,2429,2430,2431,2432,2433,2434,2435,2436,2437,2438,2439,2440,2441,2442,2443,2444,2445,2446,2447,2448,2449,2450,2451,2344,2237,2130,2023,1916,1809,1808,
goal:1808,1808,1808,1808,1808,1808,1808,1808,1808,1808,1808,1808,1808,1808,1808,1808,1808,1808,1808,1808,1808,1808,1808,1808,1808,1808,1808,1808,1808,1808,1808,1808,1808,1808,1808,1808,1808,1808,1808,1808,1808,1808,1808,1808,1808,1808,1808,1808,1808,1808,1808,1808,1808,1808,1808,1808,1808,1808,1808,1808,1808,1808,1808,1808,1808,1808,1808,1808,1808,1808,1808,1808,1808,1808,1808,1808,1808,1808,1808,1808,1808,1808,1808,1808,1808,1808,1808,1808,1808,1808,1808,1808,1808,1808,1808,1808,1808,1808,1808,1808,
size:99
[agent] id:6
path:2927,3034,3035,3036,3037,3038,3039,3040,3041,3042,3043,3044,3045,3046,3047,3048,3049,3050,3051,3052,3053,3054,3055,3056,3057,3058,3059,3060,3061,3062,3063,3064,3065,3066,3067,3068,3069,3070,3071,3072,3073,3074,3075,3076,3077,3078,3079,3080,3081,3082,3083,3084,3085,3086,3193,3193,3193,3193,3193,3193,3193,3193,3193,3193,3193,3193,3193,3193,3193,3193,3193,3193,3193,3193,3193,3193,3193,3193,3193,3193,3193,3193,3193,3193,3193,3193,3193,3193,3193,3193,3193,3193,3193,3193,3193,3193,3193,3193,3193,3193,
goal:3193,3193,3193,3193,3193,3193,3193,3193,3193,3193,3193,3193,3193,3193,3193,3193,3193,3193,3193,3193,3193,3193,3193,3193,3193,3193,3193,3193,3193,3193,3193,3193,3193,3193,3193,3193,3193,3193,3193,3193,3193,3193,3193,3193,3193,3193,3193,3193,3193,3193,3193,3193,3193,3193,3193,3193,3193,3193,3193,3193,3193,3193,3193,3193,3193,3193,3193,3193,3193,3193,3193,3193,3193,3193,3193,3193,3193,3193,3193,3193,3193,3193,3193,3193,3193,3193,3193,3193,3193,3193,3193,3193,3193,3193,3193,3193,3193,3193,3193,3193,
size:54
[agent] id:7
path:1994,2101,2208,2315,2422,2529,2636,2637,2638,2639,2640,2641,2642,2643,2644,2645,2646,2647,2648,2649,2650,2651,2652,2653,2654,2655,2656,2657,2658,2659,2660,2661,2662,2663,2664,2664,2664,2664,2664,2664,2664,2664,2664,2664,2664,2664,2664,2664,2664,2664,2664,2664,2664,2664,2664,2664,2664,2664,2664,2664,2664,2664,2664,2664,2664,2664,2664,2664,2664,2664,2664,2664,2664,2664,2664,2664,2664,2664,2664,2664,2664,2664,2664,2664,2664,2664,2664,2664,2664,2664,2664,2664,2664,2664,2664,2664,2664,2664,2664,2664,
goal:2664,2664,2664,2664,2664,2664,2664,2664,2664,2664,2664,2664,2664,2664,2664,2664,2664,2664,2664,2664,2664,2664,2664,2664,2664,2664,2664,2664,2664,2664,2664,2664,2664,2664,2664,2664,2664,2664,2664,2664,2664,2664,2664,2664,2664,2664,2664,2664,2664,2664,2664,2664,2664,2664,2664,2664,2664,2664,2664,2664,2664,2664,2664,2664,2664,2664,2664,2664,2664,2664,2664,2664,2664,2664,2664,2664,2664,2664,2664,2664,2664,2664,2664,2664,2664,2664,2664,2664,2664,2664,2664,2664,2664,2664,2664,2664,2664,2664,2664,2664,
size:34
[agent] id:8
path:1651,1758,1865,1972,2079,2186,2187,2188,2189,2190,2190,2190,2190,2190,2190,2190,2190,2190,2190,2190,2190,2190,2190,2190,2190,2190,2190,2190,2190,2190,2190,2190,2190,2190,2190,2190,2190,2190,2190,2190,2190,2190,2190,2190,2190,2190,2190,2190,2190,2190,2190,2190,2190,2190,2190,2190,2190,2190,2190,2190,2190,2190,2190,2190,2190,2190,2190,2190,2190,2190,2190,2190,2190,2190,2190,2190,2190,2190,2190,2190,2190,2190,2190,2190,2190,2190,2190,2190,2190,2190,2190,2190,2190,2190,2190,2190,2190,2190,2190,2190,
goal:2190,2190,2190,2190,2190,2190,2190,2190,2190,2190,2190,2190,2190,2190,2190,2190,2190,2190,2190,2190,2190,2190,2190,2190,2190,2190,2190,2190,2190,2190,2190,2190,2190,2190,2190,2190,2190,2190,2190,2190,2190,2190,2190,2190,2190,2190,2190,2190,2190,2190,2190,2190,2190,2190,2190,2190,2190,2190,2190,2190,2190,2190,2190,2190,2190,2190,2190,2190,2190,2190,2190,2190,2190,2190,2190,2190,2190,2190,2190,2190,2190,2190,2190,2190,2190,2190,2190,2190,2190,2190,2190,2190,2190,2190,2190,2190,2190,2190,2190,2190,
size:9
[agent] id:9
path:2180,2287,2394,2393,2392,2391,2390,2389,2388,2387,2386,2385,2384,2383,2382,2381,2380,2379,2378,2377,2376,2375,2374,2373,2372,2371,2370,2369,2368,2367,2366,2365,2364,2363,2362,2361,2360,2360,2360,2360,2360,2360,2360,2360,2360,2360,2360,2360,2360,2360,2360,2360,2360,2360,2360,2360,2360,2360,2360,2360,2360,2360,2360,2360,2360,2360,2360,2360,2360,2360,2360,2360,2360,2360,2360,2360,2360,2360,2360,2360,2360,2360,2360,2360,2360,2360,2360,2360,2360,2360,2360,2360,2360,2360,2360,2360,2360,2360,2360,2360,
goal:2360,2360,2360,2360,2360,2360,2360,2360,2360,2360,2360,2360,2360,2360,2360,2360,2360,2360,2360,2360,2360,2360,2360,2360,2360,2360,2360,2360,2360,2360,2360,2360,2360,2360,2360,2360,2360,2360,2360,2360,2360,2360,2360,2360,2360,2360,2360,2360,2360,2360,2360,2360,2360,2360,2360,2360,2360,2360,2360,2360,2360,2360,2360,2360,2360,2360,2360,2360,2360,2360,2360,2360,2360,2360,2360,2360,2360,2360,2360,2360,2360,2360,2360,2360,2360,2360,2360,2360,2360,2360,2360,2360,2360,2360,2360,2360,2360,2360,2360,2360,
size:36
SolutionCost:498
