[setting] seed:42
[solver] type:ECBS
[solver] w:3.000000
[solver] ID:0
[solver] Lowlevelnode:33570
[solver] solved:1
[solver] elapsed:100
[solver] makespan:105
[problem] timesteplimit:10000
[problem] type:MAPF
[problem] agentnum:30
[graph] width:107
[graph] height:47
[graph] filename:./map/orz601d.map
[task] id:4,start:0,end:0,service time:0,nodes:2300,
[task] id:26,start:0,end:0,service time:0,nodes:2550,
[task] id:1,start:0,end:0,service time:0,nodes:3016,
[task] id:13,start:0,end:0,service time:0,nodes:2114,
[task] id:22,start:0,end:0,service time:0,nodes:3816,
[task] id:12,start:0,end:0,service time:0,nodes:1030,
[task] id:16,start:0,end:0,service time:0,nodes:1948,
[task] id:2,start:0,end:0,service time:0,nodes:2432,
[task] id:7,start:0,end:0,service time:0,nodes:1985,
[task] id:3,start:0,end:0,service time:0,nodes:2478,
[task] id:11,start:0,end:0,service time:0,nodes:1885,
[task] id:15,start:0,end:0,service time:0,nodes:3338,
[task] id:24,start:0,end:0,service time:0,nodes:2594,
[task] id:21,start:0,end:0,service time:0,nodes:3128,
[task] id:27,start:0,end:0,service time:0,nodes:2207,
[task] id:8,start:0,end:0,service time:0,nodes:1901,
[task] id:6,start:0,end:0,service time:0,nodes:2937,
[task] id:28,start:0,end:0,service time:0,nodes:2614,
[task] id:19,start:0,end:0,service time:0,nodes:3029,
[task] id:17,start:0,end:0,service time:0,nodes:2832,
[task] id:29,start:0,end:0,service time:0,nodes:1015,
[task] id:9,start:0,end:0,service time:0,nodes:1314,
[task] id:18,start:0,end:0,service time:0,nodes:578,
[task] id:5,start:0,end:0,service time:0,nodes:2222,
[task] id:0,start:0,end:0,service time:0,nodes:3159,
[task] id:20,start:0,end:0,service time:0,nodes:1981,
[task] id:14,start:0,end:0,service time:0,nodes:2740,
[task] id:10,start:0,end:0,service time:0,nodes:3811,
[task] id:25,start:0,end:0,service time:0,nodes:2011,
[task] id:23,start:0,end:0,service time:0,nodes:3307,
[agent] id:0
path:1916,2023,2130,2237,2344,2451,2558,2665,2664,2663,2662,2661,2660,2767,2874,2981,3088,3087,3086,3085,3084,3083,3082,3081,3080,3079,3078,3077,3076,3075,3074,3073,3072,3071,3070,3069,3068,3067,3066,3065,3064,3063,3062,3061,3060,3059,3058,3057,3056,3163,3162,3161,3160,3159,3159,3159,3159,3159,3159,3159,3159,3159,3159,3159,3159,3159,3159,3159,3159,3159,3159,3159,3159,3159,3159,3159,3159,3159,3159,3159,3159,3159,3159,3159,3159,3159,3159,3159,3159,3159,3159,3159,3159,3159,3159,3159,3159,3159,3159,3159,3159,3159,3159,3159,3159,3159,
goal:3159,3159,3159,3159,3159,3159,3159,3159,3159,3159,3159,3159,3159,3159,3159,3159,3159,3159,3159,3159,3159,3159,3159,3159,3159,3159,3159,3159,3159,3159,3159,3159,3159,3159,3159,3159,3159,3159,3159,3159,3159,3159,3159,3159,3159,3159,3159,3159,3159,3159,3159,3159,3159,3159,3159,3159,3159,3159,3159,3159,3159,3159,3159,3159,3159,3159,3159,3159,3159,3159,3159,3159,3159,3159,3159,3159,3159,3159,3159,3159,3159,3159,3159,3159,3159,3159,3159,3159,3159,3159,3159,3159,3159,3159,3159,3159,3159,3159,3159,3159,3159,3159,3159,3159,3159,3159,
size:53
[agent] id:1
path:3342,3235,3128,3021,3020,3019,3018,3017,3016,3016,3016,3016,3016,3016,3016,3016,3016,3016,3016,3016,3016,3016,3016,3016,3016,3016,3016,3016,3016,3016,3016,3016,3016,3016,3016,3016,3016,3016,3016,3016,3016,3016,3016,3016,3016,3016,3016,3016,3016,3016,3016,3016,3016,3016,3016,3016,3016,3016,3016,3016,3016,3016,3016,3016,3016,3016,3016,3016,3016,3016,3016,3016,3016,3016,3016,3016,3016,3016,3016,3016,3016,3016,3016,3016,3016,3016,3016,3016,3016,3016,3016,3016,3016,3016,3016,3016,3016,3016,3016,3016,3016,3016,3016,3016,3016,3016,
goal:3016,3016,3016,3016,3016,3016,3016,3016,3016,3016,3016,3016,3016,3016,3016,3016,3016,3016,3016,3016,3016,3016,3016,3016,3016,3016,3016,3016,3016,3016,3016,3016,3016,3016,3016,3016,3016,3016,3016,3016,3016,3016,3016,3016,3016,3016,3016,3016,3016,3016,3016,3016,3016,3016,3016,3016,3016,3016,3016,3016,3016,3016,3016,3016,3016,3016,3016,3016,3016,3016,3016,3016,3016,3016,3016,3016,3016,3016,3016,3016,3016,3016,3016,3016,3016,3016,3016,3016,3016,3016,3016,3016,3016,3016,3016,3016,3016,3016,3016,3016,3016,3016,3016,3016,3016,3016,
size:8
[agent] id:2
path:2524,2417,2418,2419,2420,2421,2422,2423,2424,2425,2426,2427,2428,2429,2430,2431,2432,2432,2432,2432,2432,2432,2432,2432,2432,2432,2432,2432,2432,2432,2432,2432,2432,2432,2432,2432,2432,2432,2432,2432,2432,2432,2432,2432,2432,2432,2432,2432,2432,2432,2432,2432,2432,2432,2432,2432,2432,2432,2432,2432,2432,2432,2432,2432,2432,2432,2432,2432,2432,2432,2432,2432,2432,2432,2432,2432,2432,2432,2432,2432,2432,2432,2432,2432,2432,2432,2432,2432,2432,2432,2432,2432,2432,2432,2432,2432,2432,2432,2432,2432,2432,2432,2432,2432,2432,2432,
goal:2432,2432,2432,2432,2432,2432,2432,2432,2432,2432,2432,2432,2432,2432,2432,2432,2432,2432,2432,2432,2432,2432,2432,2432,2432,2432,2432,2432,2432,2432,2432,2432,2432,2432,2432,2432,2432,2432,2432,2432,2432,2432,2432,2432,2432,2432,2432,2432,2432,2432,2432,2432,2432,2432,2432,2432,2432,2432,2432,2432,2432,2432,2432,2432,2432,2432,2432,2432,2432,2432,2432,2432,2432,2432,2432,2432,2432,2432,2432,2432,2432,2432,2432,2432,2432,2432,2432,2432,2432,2432,2432,2432,2432,2432,2432,2432,2432,2432,2432,2432,2432,2432,2432,2432,2432,2432,
size:16
[agent] id:3
path:2173,2280,2387,2494,2493,2492,2491,2490,2489,2488,2487,2486,2485,2484,2483,2482,2481,2480,2479,2478,2478,2478,2478,2478,2478,2478,2478,2478,2478,2478,2478,2478,2478,2478,2478,2478,2478,2478,2478,2478,2478,2478,2478,2478,2478,2478,2478,2478,2478,2478,2478,2478,2478,2478,2478,2478,2478,2478,2478,2478,2478,2478,2478,2478,2478,2478,2478,2478,2478,2478,2478,2478,2478,2478,2478,2478,2478,2478,2478,2478,2478,2478,2478,2478,2478,2478,2478,2478,2478,2478,2478,2478,2478,2478,2478,2478,2478,2478,2478,2478,2478,2478,2478,2478,2478,2478,
goal:2478,2478,2478,2478,2478,2478,2478,2478,2478,2478,2478,2478,2478,2478,2478,2478,2478,2478,2478,2478,2478,2478,2478,2478,2478,2478,2478,2478,2478,2478,2478,2478,2478,2478,2478,2478,2478,2478,2478,2478,2478,2478,2478,2478,2478,2478,2478,2478,2478,2478,2478,2478,2478,2478,2478,2478,2478,2478,2478,2478,2478,2478,2478,2478,2478,2478,2478,2478,2478,2478,2478,2478,2478,2478,2478,2478,2478,2478,2478,2478,2478,2478,2478,2478,2478,2478,2478,2478,2478,2478,2478,2478,2478,2478,2478,2478,2478,2478,2478,2478,2478,2478,2478,2478,2478,2478,
size:19
[agent] id:4
path:2304,2303,2302,2301,2300,2300,2300,2300,2300,2300,2300,2300,2300,2300,2300,2300,2300,2300,2300,2300,2300,2300,2300,2300,2300,2300,2300,2300,2300,2300,2300,2300,2300,2300,2300,2300,2300,2300,2300,2300,2300,2300,2300,2300,2300,2300,2300,2300,2300,2300,2300,2300,2300,2300,2300,2300,2300,2300,2300,2300,2300,2300,2300,2300,2300,2300,2300,2300,2300,2300,2300,2300,2300,2300,2300,2300,2300,2300,2300,2300,2300,2300,2300,2300,2300,2300,2300,2300,2300,2300,2300,2300,2300,2300,2300,2300,2300,2300,2300,2300,2300,2300,2300,2300,2300,2300,
goal:2300,2300,2300,2300,2300,2300,2300,2300,2300,2300,2300,2300,2300,2300,2300,2300,2300,2300,2300,2300,2300,2300,2300,2300,2300,2300,2300,2300,2300,2300,2300,2300,2300,2300,2300,2300,2300,2300,2300,2300,2300,2300,2300,2300,2300,2300,2300,2300,2300,2300,2300,2300,2300,2300,2300,2300,2300,2300,2300,2300,2300,2300,2300,2300,2300,2300,2300,2300,2300,2300,2300,2300,2300,2300,2300,2300,2300,2300,2300,2300,2300,2300,2300,2300,2300,2300,2300,2300,2300,2300,2300,2300,2300,2300,2300,2300,2300,2300,2300,2300,2300,2300,2300,2300,2300,2300,
size:4
[agent] id:5
path:2603,2496,2389,2390,2391,2392,2393,2394,2395,2396,2397,2398,2399,2400,2401,2402,2403,2404,2405,2406,2407,2408,2301,2302,2303,2304,2305,2306,2307,2308,2309,2310,2311,2312,2313,2314,2315,2208,2209,2210,2211,2212,2213,2214,2215,2216,2217,2218,2219,2220,2221,2222,2222,2222,2222,2222,2222,2222,2222,2222,2222,2222,2222,2222,2222,2222,2222,2222,2222,2222,2222,2222,2222,2222,2222,2222,2222,2222,2222,2222,2222,2222,2222,2222,2222,2222,2222,2222,2222,2222,2222,2222,2222,2222,2222,2222,2222,2222,2222,2222,2222,2222,2222,2222,2222,2222,
goal:2222,2222,2222,2222,2222,2222,2222,2222,2222,2222,2222,2222,2222,2222,2222,2222,2222,2222,2222,2222,2222,2222,2222,2222,2222,2222,2222,2222,2222,2222,2222,2222,2222,2222,2222,2222,2222,2222,2222,2222,2222,2222,2222,2222,2222,2222,2222,2222,2222,2222,2222,2222,2222,2222,2222,2222,2222,2222,2222,2222,2222,2222,2222,2222,2222,2222,2222,2222,2222,2222,2222,2222,2222,2222,2222,2222,2222,2222,2222,2222,2222,2222,2222,2222,2222,2222,2222,2222,2222,2222,2222,2222,2222,2222,2222,2222,2222,2222,2222,2222,2222,2222,2222,2222,2222,2222,
size:51
[agent] id:6
path:4135,4028,3921,3814,3707,3600,3601,3494,3387,3280,3173,3066,2959,2958,2957,2956,2955,2954,2953,2952,2951,2950,2949,2948,2947,2946,2945,2944,2943,2942,2941,2940,2939,2938,2937,2937,2937,2937,2937,2937,2937,2937,2937,2937,2937,2937,2937,2937,2937,2937,2937,2937,2937,2937,2937,2937,2937,2937,2937,2937,2937,2937,2937,2937,2937,2937,2937,2937,2937,2937,2937,2937,2937,2937,2937,2937,2937,2937,2937,2937,2937,2937,2937,2937,2937,2937,2937,2937,2937,2937,2937,2937,2937,2937,2937,2937,2937,2937,2937,2937,2937,2937,2937,2937,2937,2937,
goal:2937,2937,2937,2937,2937,2937,2937,2937,2937,2937,2937,2937,2937,2937,2937,2937,2937,2937,2937,2937,2937,2937,2937,2937,2937,2937,2937,2937,2937,2937,2937,2937,2937,2937,2937,2937,2937,2937,2937,2937,2937,2937,2937,2937,2937,2937,2937,2937,2937,2937,2937,2937,2937,2937,2937,2937,2937,2937,2937,2937,2937,2937,2937,2937,2937,2937,2937,2937,2937,2937,2937,2937,2937,2937,2937,2937,2937,2937,2937,2937,2937,2937,2937,2937,2937,2937,2937,2937,2937,2937,2937,2937,2937,2937,2937,2937,2937,2937,2937,2937,2937,2937,2937,2937,2937,2937,
size:34
[agent] id:7
path:2292,2185,2078,1971,1972,1973,1974,1975,1976,1977,1978,1979,1980,1981,1982,1983,1984,1985,1985,1985,1985,1985,1985,1985,1985,1985,1985,1985,1985,1985,1985,1985,1985,1985,1985,1985,1985,1985,1985,1985,1985,1985,1985,1985,1985,1985,1985,1985,1985,1985,1985,1985,1985,1985,1985,1985,1985,1985,1985,1985,1985,1985,1985,1985,1985,1985,1985,1985,1985,1985,1985,1985,1985,1985,1985,1985,1985,1985,1985,1985,1985,1985,1985,1985,1985,1985,1985,1985,1985,1985,1985,1985,1985,1985,1985,1985,1985,1985,1985,1985,1985,1985,1985,1985,1985,1985,
goal:1985,1985,1985,1985,1985,1985,1985,1985,1985,1985,1985,1985,1985,1985,1985,1985,1985,1985,1985,1985,1985,1985,1985,1985,1985,1985,1985,1985,1985,1985,1985,1985,1985,1985,1985,1985,1985,1985,1985,1985,1985,1985,1985,1985,1985,1985,1985,1985,1985,1985,1985,1985,1985,1985,1985,1985,1985,1985,1985,1985,1985,1985,1985,1985,1985,1985,1985,1985,1985,1985,1985,1985,1985,1985,1985,1985,1985,1985,1985,1985,1985,1985,1985,1985,1985,1985,1985,1985,1985,1985,1985,1985,1985,1985,1985,1985,1985,1985,1985,1985,1985,1985,1985,1985,1985,1985,
size:17
[agent] id:8
path:3596,3597,3598,3599,3600,3601,3494,3387,3280,3173,3066,2959,2852,2745,2638,2531,2424,2317,2210,2103,1996,1997,1998,1999,2000,2001,2002,2003,2004,2005,2006,2007,1900,1901,1901,1901,1901,1901,1901,1901,1901,1901,1901,1901,1901,1901,1901,1901,1901,1901,1901,1901,1901,1901,1901,1901,1901,1901,1901,1901,1901,1901,1901,1901,1901,1901,1901,1901,1901,1901,1901,1901,1901,1901,1901,1901,1901,1901,1901,1901,1901,1901,1901,1901,1901,1901,1901,1901,1901,1901,1901,1901,1901,1901,1901,1901,1901,1901,1901,1901,1901,1901,1901,1901,1901,1901,
goal:1901,1901,1901,1901,1901,1901,1901,1901,1901,1901,1901,1901,1901,1901,1901,1901,1901,1901,1901,1901,1901,1901,1901,1901,1901,1901,1901,1901,1901,1901,1901,1901,1901,1901,1901,1901,1901,1901,1901,1901,1901,1901,1901,1901,1901,1901,1901,1901,1901,1901,1901,1901,1901,1901,1901,1901,1901,1901,1901,1901,1901,1901,1901,1901,1901,1901,1901,1901,1901,1901,1901,1901,1901,1901,1901,1901,1901,1901,1901,1901,1901,1901,1901,1901,1901,1901,1901,1901,1901,1901,1901,1901,1901,1901,1901,1901,1901,1901,1901,1901,1901,1901,1901,1901,1901,1901,
size:33
[agent] id:9
path:1983,1982,1981,1980,1979,1978,1977,1976,2083,2082,2081,2080,2079,2078,2077,2076,2075,2074,2073,2072,2071,2070,2069,2068,2067,2066,2065,2064,2063,2062,2061,2060,2059,1952,1845,1844,1843,1842,1735,1628,1521,1414,1307,1308,1309,1310,1311,1312,1313,1314,1314,1314,1314,1314,1314,1314,1314,1314,1314,1314,1314,1314,1314,1314,1314,1314,1314,1314,1314,1314,1314,1314,1314,1314,1314,1314,1314,1314,1314,1314,1314,1314,1314,1314,1314,1314,1314,1314,1314,1314,1314,1314,1314,1314,1314,1314,1314,1314,1314,1314,1314,1314,1314,1314,1314,1314,
goal:1314,1314,1314,1314,1314,1314,1314,1314,1314,1314,1314,1314,1314,1314,1314,1314,1314,1314,1314,1314,1314,1314,1314,1314,1314,1314,1314,1314,1314,1314,1314,1314,1314,1314,1314,1314,1314,1314,1314,1314,1314,1314,1314,1314,1314,1314,1314,1314,1314,1314,1314,1314,1314,1314,1314,1314,1314,1314,1314,1314,1314,1314,1314,1314,1314,1314,1314,1314,1314,1314,1314,1314,1314,1314,1314,1314,1314,1314,1314,1314,1314,1314,1314,1314,1314,1314,1314,1314,1314,1314,1314,1314,1314,1314,1314,1314,1314,1314,1314,1314,1314,1314,1314,1314,1314,1314,
size:49
[agent] id:10
path:3875,3768,3661,3554,3447,3340,3233,3126,3019,3020,3021,3022,3023,3024,3025,3026,3027,2920,2921,2922,2923,2924,2925,2926,2927,2928,2929,2930,2931,2932,2933,2934,2935,3042,3043,3044,3045,3046,3047,3048,3049,3050,3051,3052,3053,3054,3055,3056,2949,2950,3057,3058,3059,3060,3061,3062,3169,3170,3171,3172,3173,3280,3387,3494,3601,3708,3815,3814,3813,3812,3811,3811,3811,3811,3811,3811,3811,3811,3811,3811,3811,3811,3811,3811,3811,3811,3811,3811,3811,3811,3811,3811,3811,3811,3811,3811,3811,3811,3811,3811,3811,3811,3811,3811,3811,3811,
goal:3811,3811,3811,3811,3811,3811,3811,3811,3811,3811,3811,3811,3811,3811,3811,3811,3811,3811,3811,3811,3811,3811,3811,3811,3811,3811,3811,3811,3811,3811,3811,3811,3811,3811,3811,3811,3811,3811,3811,3811,3811,3811,3811,3811,3811,3811,3811,3811,3811,3811,3811,3811,3811,3811,3811,3811,3811,3811,3811,3811,3811,3811,3811,3811,3811,3811,3811,3811,3811,3811,3811,3811,3811,3811,3811,3811,3811,3811,3811,3811,3811,3811,3811,3811,3811,3811,3811,3811,3811,3811,3811,3811,3811,3811,3811,3811,3811,3811,3811,3811,3811,3811,3811,3811,3811,3811,
size:70
[agent] id:11
path:3052,2945,2838,2731,2624,2517,2410,2303,2196,2089,1982,1983,1984,1985,1986,1987,1988,1989,1990,1991,1884,1885,1885,1885,1885,1885,1885,1885,1885,1885,1885,1885,1885,1885,1885,1885,1885,1885,1885,1885,1885,1885,1885,1885,1885,1885,1885,1885,1885,1885,1885,1885,1885,1885,1885,1885,1885,1885,1885,1885,1885,1885,1885,1885,1885,1885,1885,1885,1885,1885,1885,1885,1885,1885,1885,1885,1885,1885,1885,1885,1885,1885,1885,1885,1885,1885,1885,1885,1885,1885,1885,1885,1885,1885,1885,1885,1885,1885,1885,1885,1885,1885,1885,1885,1885,1885,
goal:1885,1885,1885,1885,1885,1885,1885,1885,1885,1885,1885,1885,1885,1885,1885,1885,1885,1885,1885,1885,1885,1885,1885,1885,1885,1885,1885,1885,1885,1885,1885,1885,1885,1885,1885,1885,1885,1885,1885,1885,1885,1885,1885,1885,1885,1885,1885,1885,1885,1885,1885,1885,1885,1885,1885,1885,1885,1885,1885,1885,1885,1885,1885,1885,1885,1885,1885,1885,1885,1885,1885,1885,1885,1885,1885,1885,1885,1885,1885,1885,1885,1885,1885,1885,1885,1885,1885,1885,1885,1885,1885,1885,1885,1885,1885,1885,1885,1885,1885,1885,1885,1885,1885,1885,1885,1885,
size:21
[agent] id:12
path:1466,1359,1252,1145,1038,1037,1036,1035,1034,1033,1032,1031,1030,1030,1030,1030,1030,1030,1030,1030,1030,1030,1030,1030,1030,1030,1030,1030,1030,1030,1030,1030,1030,1030,1030,1030,1030,1030,1030,1030,1030,1030,1030,1030,1030,1030,1030,1030,1030,1030,1030,1030,1030,1030,1030,1030,1030,1030,1030,1030,1030,1030,1030,1030,1030,1030,1030,1030,1030,1030,1030,1030,1030,1030,1030,1030,1030,1030,1030,1030,1030,1030,1030,1030,1030,1030,1030,1030,1030,1030,1030,1030,1030,1030,1030,1030,1030,1030,1030,1030,1030,1030,1030,1030,1030,1030,
goal:1030,1030,1030,1030,1030,1030,1030,1030,1030,1030,1030,1030,1030,1030,1030,1030,1030,1030,1030,1030,1030,1030,1030,1030,1030,1030,1030,1030,1030,1030,1030,1030,1030,1030,1030,1030,1030,1030,1030,1030,1030,1030,1030,1030,1030,1030,1030,1030,1030,1030,1030,1030,1030,1030,1030,1030,1030,1030,1030,1030,1030,1030,1030,1030,1030,1030,1030,1030,1030,1030,1030,1030,1030,1030,1030,1030,1030,1030,1030,1030,1030,1030,1030,1030,1030,1030,1030,1030,1030,1030,1030,1030,1030,1030,1030,1030,1030,1030,1030,1030,1030,1030,1030,1030,1030,1030,
size:12
[agent] id:13
path:2646,2539,2432,2325,2218,2111,2112,2113,2114,2114,2114,2114,2114,2114,2114,2114,2114,2114,2114,2114,2114,2114,2114,2114,2114,2114,2114,2114,2114,2114,2114,2114,2114,2114,2114,2114,2114,2114,2114,2114,2114,2114,2114,2114,2114,2114,2114,2114,2114,2114,2114,2114,2114,2114,2114,2114,2114,2114,2114,2114,2114,2114,2114,2114,2114,2114,2114,2114,2114,2114,2114,2114,2114,2114,2114,2114,2114,2114,2114,2114,2114,2114,2114,2114,2114,2114,2114,2114,2114,2114,2114,2114,2114,2114,2114,2114,2114,2114,2114,2114,2114,2114,2114,2114,2114,2114,
goal:2114,2114,2114,2114,2114,2114,2114,2114,2114,2114,2114,2114,2114,2114,2114,2114,2114,2114,2114,2114,2114,2114,2114,2114,2114,2114,2114,2114,2114,2114,2114,2114,2114,2114,2114,2114,2114,2114,2114,2114,2114,2114,2114,2114,2114,2114,2114,2114,2114,2114,2114,2114,2114,2114,2114,2114,2114,2114,2114,2114,2114,2114,2114,2114,2114,2114,2114,2114,2114,2114,2114,2114,2114,2114,2114,2114,2114,2114,2114,2114,2114,2114,2114,2114,2114,2114,2114,2114,2114,2114,2114,2114,2114,2114,2114,2114,2114,2114,2114,2114,2114,2114,2114,2114,2114,2114,
size:8
[agent] id:14
path:873,980,1087,1194,1301,1302,1409,1410,1411,1412,1413,1520,1627,1734,1841,1842,1949,2056,2163,2270,2377,2484,2591,2698,2699,2700,2701,2702,2703,2704,2705,2706,2707,2708,2709,2710,2711,2712,2713,2714,2715,2716,2717,2718,2719,2720,2721,2722,2723,2724,2725,2726,2727,2728,2729,2730,2731,2732,2733,2734,2735,2736,2737,2738,2739,2740,2740,2740,2740,2740,2740,2740,2740,2740,2740,2740,2740,2740,2740,2740,2740,2740,2740,2740,2740,2740,2740,2740,2740,2740,2740,2740,2740,2740,2740,2740,2740,2740,2740,2740,2740,2740,2740,2740,2740,2740,
goal:2740,2740,2740,2740,2740,2740,2740,2740,2740,2740,2740,2740,2740,2740,2740,2740,2740,2740,2740,2740,2740,2740,2740,2740,2740,2740,2740,2740,2740,2740,2740,2740,2740,2740,2740,2740,2740,2740,2740,2740,2740,2740,2740,2740,2740,2740,2740,2740,2740,2740,2740,2740,2740,2740,2740,2740,2740,2740,2740,2740,2740,2740,2740,2740,2740,2740,2740,2740,2740,2740,2740,2740,2740,2740,2740,2740,2740,2740,2740,2740,2740,2740,2740,2740,2740,2740,2740,2740,2740,2740,2740,2740,2740,2740,2740,2740,2740,2740,2740,2740,2740,2740,2740,2740,2740,2740,
size:65
[agent] id:15
path:2469,2470,2471,2472,2473,2474,2475,2476,2477,2478,2585,2692,2799,2906,3013,3014,3121,3228,3335,3336,3337,3338,3338,3338,3338,3338,3338,3338,3338,3338,3338,3338,3338,3338,3338,3338,3338,3338,3338,3338,3338,3338,3338,3338,3338,3338,3338,3338,3338,3338,3338,3338,3338,3338,3338,3338,3338,3338,3338,3338,3338,3338,3338,3338,3338,3338,3338,3338,3338,3338,3338,3338,3338,3338,3338,3338,3338,3338,3338,3338,3338,3338,3338,3338,3338,3338,3338,3338,3338,3338,3338,3338,3338,3338,3338,3338,3338,3338,3338,3338,3338,3338,3338,3338,3338,3338,
goal:3338,3338,3338,3338,3338,3338,3338,3338,3338,3338,3338,3338,3338,3338,3338,3338,3338,3338,3338,3338,3338,3338,3338,3338,3338,3338,3338,3338,3338,3338,3338,3338,3338,3338,3338,3338,3338,3338,3338,3338,3338,3338,3338,3338,3338,3338,3338,3338,3338,3338,3338,3338,3338,3338,3338,3338,3338,3338,3338,3338,3338,3338,3338,3338,3338,3338,3338,3338,3338,3338,3338,3338,3338,3338,3338,3338,3338,3338,3338,3338,3338,3338,3338,3338,3338,3338,3338,3338,3338,3338,3338,3338,3338,3338,3338,3338,3338,3338,3338,3338,3338,3338,3338,3338,3338,3338,
size:21
[agent] id:16
path:882,989,1096,1203,1310,1417,1416,1415,1414,1521,1628,1735,1842,1949,1948,1948,1948,1948,1948,1948,1948,1948,1948,1948,1948,1948,1948,1948,1948,1948,1948,1948,1948,1948,1948,1948,1948,1948,1948,1948,1948,1948,1948,1948,1948,1948,1948,1948,1948,1948,1948,1948,1948,1948,1948,1948,1948,1948,1948,1948,1948,1948,1948,1948,1948,1948,1948,1948,1948,1948,1948,1948,1948,1948,1948,1948,1948,1948,1948,1948,1948,1948,1948,1948,1948,1948,1948,1948,1948,1948,1948,1948,1948,1948,1948,1948,1948,1948,1948,1948,1948,1948,1948,1948,1948,1948,
goal:1948,1948,1948,1948,1948,1948,1948,1948,1948,1948,1948,1948,1948,1948,1948,1948,1948,1948,1948,1948,1948,1948,1948,1948,1948,1948,1948,1948,1948,1948,1948,1948,1948,1948,1948,1948,1948,1948,1948,1948,1948,1948,1948,1948,1948,1948,1948,1948,1948,1948,1948,1948,1948,1948,1948,1948,1948,1948,1948,1948,1948,1948,1948,1948,1948,1948,1948,1948,1948,1948,1948,1948,1948,1948,1948,1948,1948,1948,1948,1948,1948,1948,1948,1948,1948,1948,1948,1948,1948,1948,1948,1948,1948,1948,1948,1948,1948,1948,1948,1948,1948,1948,1948,1948,1948,1948,
size:14
[agent] id:17
path:3302,3195,3088,2981,2874,2873,2872,2871,2870,2869,2868,2867,2866,2865,2864,2863,2862,2861,2860,2859,2858,2857,2856,2855,2854,2853,2852,2851,2850,2849,2848,2847,2846,2845,2844,2843,2842,2841,2840,2839,2838,2837,2836,2835,2834,2833,2832,2832,2832,2832,2832,2832,2832,2832,2832,2832,2832,2832,2832,2832,2832,2832,2832,2832,2832,2832,2832,2832,2832,2832,2832,2832,2832,2832,2832,2832,2832,2832,2832,2832,2832,2832,2832,2832,2832,2832,2832,2832,2832,2832,2832,2832,2832,2832,2832,2832,2832,2832,2832,2832,2832,2832,2832,2832,2832,2832,
goal:2832,2832,2832,2832,2832,2832,2832,2832,2832,2832,2832,2832,2832,2832,2832,2832,2832,2832,2832,2832,2832,2832,2832,2832,2832,2832,2832,2832,2832,2832,2832,2832,2832,2832,2832,2832,2832,2832,2832,2832,2832,2832,2832,2832,2832,2832,2832,2832,2832,2832,2832,2832,2832,2832,2832,2832,2832,2832,2832,2832,2832,2832,2832,2832,2832,2832,2832,2832,2832,2832,2832,2832,2832,2832,2832,2832,2832,2832,2832,2832,2832,2832,2832,2832,2832,2832,2832,2832,2832,2832,2832,2832,2832,2832,2832,2832,2832,2832,2832,2832,2832,2832,2832,2832,2832,2832,
size:46
[agent] id:18
path:1419,1418,1417,1416,1415,1414,1521,1628,1735,1842,1843,1844,1845,1846,1847,1954,1955,1956,1957,1958,1959,1960,1961,1962,1963,1964,1965,1966,1967,1860,1861,1862,1863,1864,1865,1758,1651,1544,1437,1330,1223,1116,1009,902,795,688,581,580,579,578,578,578,578,578,578,578,578,578,578,578,578,578,578,578,578,578,578,578,578,578,578,578,578,578,578,578,578,578,578,578,578,578,578,578,578,578,578,578,578,578,578,578,578,578,578,578,578,578,578,578,578,578,578,578,578,578,
goal:578,578,578,578,578,578,578,578,578,578,578,578,578,578,578,578,578,578,578,578,578,578,578,578,578,578,578,578,578,578,578,578,578,578,578,578,578,578,578,578,578,578,578,578,578,578,578,578,578,578,578,578,578,578,578,578,578,578,578,578,578,578,578,578,578,578,578,578,578,578,578,578,578,578,578,578,578,578,578,578,578,578,578,578,578,578,578,578,578,578,578,578,578,578,578,578,578,578,578,578,578,578,578,578,578,578,
size:49
[agent] id:19
path:2857,2964,3071,3070,3069,3068,3067,3066,3065,3064,3063,3062,3061,3060,3059,3058,3057,3056,3055,3054,3053,3052,3051,3050,3049,3048,3047,3046,3045,3044,3043,3042,3041,3040,3039,3038,3037,3036,3035,3034,3033,3032,3031,3030,3029,3029,3029,3029,3029,3029,3029,3029,3029,3029,3029,3029,3029,3029,3029,3029,3029,3029,3029,3029,3029,3029,3029,3029,3029,3029,3029,3029,3029,3029,3029,3029,3029,3029,3029,3029,3029,3029,3029,3029,3029,3029,3029,3029,3029,3029,3029,3029,3029,3029,3029,3029,3029,3029,3029,3029,3029,3029,3029,3029,3029,3029,
goal:3029,3029,3029,3029,3029,3029,3029,3029,3029,3029,3029,3029,3029,3029,3029,3029,3029,3029,3029,3029,3029,3029,3029,3029,3029,3029,3029,3029,3029,3029,3029,3029,3029,3029,3029,3029,3029,3029,3029,3029,3029,3029,3029,3029,3029,3029,3029,3029,3029,3029,3029,3029,3029,3029,3029,3029,3029,3029,3029,3029,3029,3029,3029,3029,3029,3029,3029,3029,3029,3029,3029,3029,3029,3029,3029,3029,3029,3029,3029,3029,3029,3029,3029,3029,3029,3029,3029,3029,3029,3029,3029,3029,3029,3029,3029,3029,3029,3029,3029,3029,3029,3029,3029,3029,3029,3029,
size:44
[agent] id:20
path:4297,4190,4083,3976,3869,3762,3763,3764,3765,3766,3767,3660,3553,3446,3339,3232,3125,3018,2911,2804,2697,2590,2483,2376,2269,2162,2055,2056,1949,1950,1951,1952,1953,1954,1955,1956,1957,1958,1959,1960,1961,1962,1963,1964,1965,1966,1967,1968,1969,1970,1971,1972,1973,1974,1975,1976,1977,1978,1979,1980,1981,1981,1981,1981,1981,1981,1981,1981,1981,1981,1981,1981,1981,1981,1981,1981,1981,1981,1981,1981,1981,1981,1981,1981,1981,1981,1981,1981,1981,1981,1981,1981,1981,1981,1981,1981,1981,1981,1981,1981,1981,1981,1981,1981,1981,1981,
goal:1981,1981,1981,1981,1981,1981,1981,1981,1981,1981,1981,1981,1981,1981,1981,1981,1981,1981,1981,1981,1981,1981,1981,1981,1981,1981,1981,1981,1981,1981,1981,1981,1981,1981,1981,1981,1981,1981,1981,1981,1981,1981,1981,1981,1981,1981,1981,1981,1981,1981,1981,1981,1981,1981,1981,1981,1981,1981,1981,1981,1981,1981,1981,1981,1981,1981,1981,1981,1981,1981,1981,1981,1981,1981,1981,1981,1981,1981,1981,1981,1981,1981,1981,1981,1981,1981,1981,1981,1981,1981,1981,1981,1981,1981,1981,1981,1981,1981,1981,1981,1981,1981,1981,1981,1981,1981,
size:60
[agent] id:21
path:2937,3044,3043,3042,3041,3040,3039,3038,3037,3036,3035,3034,3033,3032,3031,3030,3029,3028,3027,3026,3025,3024,3131,3130,3129,3128,3128,3128,3128,3128,3128,3128,3128,3128,3128,3128,3128,3128,3128,3128,3128,3128,3128,3128,3128,3128,3128,3128,3128,3128,3128,3128,3128,3128,3128,3128,3128,3128,3128,3128,3128,3128,3128,3128,3128,3128,3128,3128,3128,3128,3128,3128,3128,3128,3128,3128,3128,3128,3128,3128,3128,3128,3128,3128,3128,3128,3128,3128,3128,3128,3128,3128,3128,3128,3128,3128,3128,3128,3128,3128,3128,3128,3128,3128,3128,3128,
goal:3128,3128,3128,3128,3128,3128,3128,3128,3128,3128,3128,3128,3128,3128,3128,3128,3128,3128,3128,3128,3128,3128,3128,3128,3128,3128,3128,3128,3128,3128,3128,3128,3128,3128,3128,3128,3128,3128,3128,3128,3128,3128,3128,3128,3128,3128,3128,3128,3128,3128,3128,3128,3128,3128,3128,3128,3128,3128,3128,3128,3128,3128,3128,3128,3128,3128,3128,3128,3128,3128,3128,3128,3128,3128,3128,3128,3128,3128,3128,3128,3128,3128,3128,3128,3128,3128,3128,3128,3128,3128,3128,3128,3128,3128,3128,3128,3128,3128,3128,3128,3128,3128,3128,3128,3128,3128,
size:25
[agent] id:22
path:4563,4456,4349,4242,4135,4028,3921,3814,3815,3816,3816,3816,3816,3816,3816,3816,3816,3816,3816,3816,3816,3816,3816,3816,3816,3816,3816,3816,3816,3816,3816,3816,3816,3816,3816,3816,3816,3816,3816,3816,3816,3816,3816,3816,3816,3816,3816,3816,3816,3816,3816,3816,3816,3816,3816,3816,3816,3816,3816,3816,3816,3816,3816,3816,3816,3816,3816,3816,3816,3816,3816,3816,3816,3816,3816,3816,3816,3816,3816,3816,3816,3816,3816,3816,3816,3816,3816,3816,3816,3816,3816,3816,3816,3816,3816,3816,3816,3816,3816,3816,3816,3816,3816,3816,3816,3816,
goal:3816,3816,3816,3816,3816,3816,3816,3816,3816,3816,3816,3816,3816,3816,3816,3816,3816,3816,3816,3816,3816,3816,3816,3816,3816,3816,3816,3816,3816,3816,3816,3816,3816,3816,3816,3816,3816,3816,3816,3816,3816,3816,3816,3816,3816,3816,3816,3816,3816,3816,3816,3816,3816,3816,3816,3816,3816,3816,3816,3816,3816,3816,3816,3816,3816,3816,3816,3816,3816,3816,3816,3816,3816,3816,3816,3816,3816,3816,3816,3816,3816,3816,3816,3816,3816,3816,3816,3816,3816,3816,3816,3816,3816,3816,3816,3816,3816,3816,3816,3816,3816,3816,3816,3816,3816,3816,
size:9
[agent] id:23
path:2894,2787,2680,2573,2466,2467,2468,2469,2470,2471,2472,2473,2474,2475,2476,2477,2478,2585,2586,2587,2588,2589,2590,2591,2592,2593,2700,2701,2702,2703,2704,2705,2706,2707,2708,2709,2710,2711,2712,2713,2714,2715,2716,2717,2718,2719,2720,2721,2722,2615,2616,2617,2618,2619,2620,2621,2622,2623,2624,2625,2626,2627,2628,2629,2630,2631,2632,2633,2634,2635,2636,2637,2638,2639,2640,2641,2642,2643,2644,2645,2646,2647,2648,2649,2650,2651,2652,2653,2654,2655,2656,2657,2658,2659,2660,2661,2662,2663,2664,2665,2772,2879,2986,3093,3200,3307,
goal:3307,3307,3307,3307,3307,3307,3307,3307,3307,3307,3307,3307,3307,3307,3307,3307,3307,3307,3307,3307,3307,3307,3307,3307,3307,3307,3307,3307,3307,3307,3307,3307,3307,3307,3307,3307,3307,3307,3307,3307,3307,3307,3307,3307,3307,3307,3307,3307,3307,3307,3307,3307,3307,3307,3307,3307,3307,3307,3307,3307,3307,3307,3307,3307,3307,3307,3307,3307,3307,3307,3307,3307,3307,3307,3307,3307,3307,3307,3307,3307,3307,3307,3307,3307,3307,3307,3307,3307,3307,3307,3307,3307,3307,3307,3307,3307,3307,3307,3307,3307,3307,3307,3307,3307,3307,3307,
size:105
[agent] id:24
path:4514,4407,4300,4193,4086,3979,3872,3765,3766,3767,3660,3553,3446,3339,3232,3125,3018,2911,2804,2697,2590,2591,2592,2593,2594,2594,2594,2594,2594,2594,2594,2594,2594,2594,2594,2594,2594,2594,2594,2594,2594,2594,2594,2594,2594,2594,2594,2594,2594,2594,2594,2594,2594,2594,2594,2594,2594,2594,2594,2594,2594,2594,2594,2594,2594,2594,2594,2594,2594,2594,2594,2594,2594,2594,2594,2594,2594,2594,2594,2594,2594,2594,2594,2594,2594,2594,2594,2594,2594,2594,2594,2594,2594,2594,2594,2594,2594,2594,2594,2594,2594,2594,2594,2594,2594,2594,
goal:2594,2594,2594,2594,2594,2594,2594,2594,2594,2594,2594,2594,2594,2594,2594,2594,2594,2594,2594,2594,2594,2594,2594,2594,2594,2594,2594,2594,2594,2594,2594,2594,2594,2594,2594,2594,2594,2594,2594,2594,2594,2594,2594,2594,2594,2594,2594,2594,2594,2594,2594,2594,2594,2594,2594,2594,2594,2594,2594,2594,2594,2594,2594,2594,2594,2594,2594,2594,2594,2594,2594,2594,2594,2594,2594,2594,2594,2594,2594,2594,2594,2594,2594,2594,2594,2594,2594,2594,2594,2594,2594,2594,2594,2594,2594,2594,2594,2594,2594,2594,2594,2594,2594,2594,2594,2594,
size:24
[agent] id:25
path:3003,2896,2789,2682,2575,2468,2361,2362,2363,2364,2365,2366,2367,2368,2369,2370,2371,2264,2157,2158,2159,2160,2161,2162,2163,2164,2165,2166,2167,2168,2169,2062,2063,2064,2065,2066,2067,2068,2069,2070,2071,2072,2073,2074,2075,2076,2077,2078,2079,2080,2081,2082,2083,2084,2085,2086,2087,2088,2089,2090,2091,2092,2093,1986,1987,1988,1989,1990,1991,1992,1993,1994,1995,1996,1997,1998,1999,2000,2001,2002,2003,2004,2005,2006,2007,2008,2009,2010,2011,2011,2011,2011,2011,2011,2011,2011,2011,2011,2011,2011,2011,2011,2011,2011,2011,2011,
goal:2011,2011,2011,2011,2011,2011,2011,2011,2011,2011,2011,2011,2011,2011,2011,2011,2011,2011,2011,2011,2011,2011,2011,2011,2011,2011,2011,2011,2011,2011,2011,2011,2011,2011,2011,2011,2011,2011,2011,2011,2011,2011,2011,2011,2011,2011,2011,2011,2011,2011,2011,2011,2011,2011,2011,2011,2011,2011,2011,2011,2011,2011,2011,2011,2011,2011,2011,2011,2011,2011,2011,2011,2011,2011,2011,2011,2011,2011,2011,2011,2011,2011,2011,2011,2011,2011,2011,2011,2011,2011,2011,2011,2011,2011,2011,2011,2011,2011,2011,2011,2011,2011,2011,2011,2011,2011,
size:88
[agent] id:26
path:2121,2228,2335,2442,2549,2550,2550,2550,2550,2550,2550,2550,2550,2550,2550,2550,2550,2550,2550,2550,2550,2550,2550,2550,2550,2550,2550,2550,2550,2550,2550,2550,2550,2550,2550,2550,2550,2550,2550,2550,2550,2550,2550,2550,2550,2550,2550,2550,2550,2550,2550,2550,2550,2550,2550,2550,2550,2550,2550,2550,2550,2550,2550,2550,2550,2550,2550,2550,2550,2550,2550,2550,2550,2550,2550,2550,2550,2550,2550,2550,2550,2550,2550,2550,2550,2550,2550,2550,2550,2550,2550,2550,2550,2550,2550,2550,2550,2550,2550,2550,2550,2550,2550,2550,2550,2550,
goal:2550,2550,2550,2550,2550,2550,2550,2550,2550,2550,2550,2550,2550,2550,2550,2550,2550,2550,2550,2550,2550,2550,2550,2550,2550,2550,2550,2550,2550,2550,2550,2550,2550,2550,2550,2550,2550,2550,2550,2550,2550,2550,2550,2550,2550,2550,2550,2550,2550,2550,2550,2550,2550,2550,2550,2550,2550,2550,2550,2550,2550,2550,2550,2550,2550,2550,2550,2550,2550,2550,2550,2550,2550,2550,2550,2550,2550,2550,2550,2550,2550,2550,2550,2550,2550,2550,2550,2550,2550,2550,2550,2550,2550,2550,2550,2550,2550,2550,2550,2550,2550,2550,2550,2550,2550,2550,
size:5
[agent] id:27
path:3043,2936,2829,2722,2615,2508,2401,2294,2187,2188,2189,2190,2191,2192,2193,2194,2195,2196,2197,2198,2199,2200,2201,2202,2203,2204,2205,2206,2207,2207,2207,2207,2207,2207,2207,2207,2207,2207,2207,2207,2207,2207,2207,2207,2207,2207,2207,2207,2207,2207,2207,2207,2207,2207,2207,2207,2207,2207,2207,2207,2207,2207,2207,2207,2207,2207,2207,2207,2207,2207,2207,2207,2207,2207,2207,2207,2207,2207,2207,2207,2207,2207,2207,2207,2207,2207,2207,2207,2207,2207,2207,2207,2207,2207,2207,2207,2207,2207,2207,2207,2207,2207,2207,2207,2207,2207,
goal:2207,2207,2207,2207,2207,2207,2207,2207,2207,2207,2207,2207,2207,2207,2207,2207,2207,2207,2207,2207,2207,2207,2207,2207,2207,2207,2207,2207,2207,2207,2207,2207,2207,2207,2207,2207,2207,2207,2207,2207,2207,2207,2207,2207,2207,2207,2207,2207,2207,2207,2207,2207,2207,2207,2207,2207,2207,2207,2207,2207,2207,2207,2207,2207,2207,2207,2207,2207,2207,2207,2207,2207,2207,2207,2207,2207,2207,2207,2207,2207,2207,2207,2207,2207,2207,2207,2207,2207,2207,2207,2207,2207,2207,2207,2207,2207,2207,2207,2207,2207,2207,2207,2207,2207,2207,2207,
size:28
[agent] id:28
path:1247,1354,1461,1568,1675,1782,1889,1996,2103,2210,2317,2424,2531,2638,2637,2636,2635,2634,2633,2632,2631,2630,2629,2628,2627,2626,2625,2624,2623,2622,2621,2620,2619,2618,2617,2616,2615,2614,2614,2614,2614,2614,2614,2614,2614,2614,2614,2614,2614,2614,2614,2614,2614,2614,2614,2614,2614,2614,2614,2614,2614,2614,2614,2614,2614,2614,2614,2614,2614,2614,2614,2614,2614,2614,2614,2614,2614,2614,2614,2614,2614,2614,2614,2614,2614,2614,2614,2614,2614,2614,2614,2614,2614,2614,2614,2614,2614,2614,2614,2614,2614,2614,2614,2614,2614,2614,
goal:2614,2614,2614,2614,2614,2614,2614,2614,2614,2614,2614,2614,2614,2614,2614,2614,2614,2614,2614,2614,2614,2614,2614,2614,2614,2614,2614,2614,2614,2614,2614,2614,2614,2614,2614,2614,2614,2614,2614,2614,2614,2614,2614,2614,2614,2614,2614,2614,2614,2614,2614,2614,2614,2614,2614,2614,2614,2614,2614,2614,2614,2614,2614,2614,2614,2614,2614,2614,2614,2614,2614,2614,2614,2614,2614,2614,2614,2614,2614,2614,2614,2614,2614,2614,2614,2614,2614,2614,2614,2614,2614,2614,2614,2614,2614,2614,2614,2614,2614,2614,2614,2614,2614,2614,2614,2614,
size:37
[agent] id:29
path:2960,2853,2746,2639,2532,2425,2318,2211,2104,2103,2102,2101,2100,2099,2098,2097,2096,2095,2094,2093,2092,2091,1984,1983,1982,1981,1980,1979,1978,1871,1870,1869,1868,1867,1866,1759,1652,1545,1438,1331,1224,1117,1010,1011,1012,1013,1014,1015,1015,1015,1015,1015,1015,1015,1015,1015,1015,1015,1015,1015,1015,1015,1015,1015,1015,1015,1015,1015,1015,1015,1015,1015,1015,1015,1015,1015,1015,1015,1015,1015,1015,1015,1015,1015,1015,1015,1015,1015,1015,1015,1015,1015,1015,1015,1015,1015,1015,1015,1015,1015,1015,1015,1015,1015,1015,1015,
goal:1015,1015,1015,1015,1015,1015,1015,1015,1015,1015,1015,1015,1015,1015,1015,1015,1015,1015,1015,1015,1015,1015,1015,1015,1015,1015,1015,1015,1015,1015,1015,1015,1015,1015,1015,1015,1015,1015,1015,1015,1015,1015,1015,1015,1015,1015,1015,1015,1015,1015,1015,1015,1015,1015,1015,1015,1015,1015,1015,1015,1015,1015,1015,1015,1015,1015,1015,1015,1015,1015,1015,1015,1015,1015,1015,1015,1015,1015,1015,1015,1015,1015,1015,1015,1015,1015,1015,1015,1015,1015,1015,1015,1015,1015,1015,1015,1015,1015,1015,1015,1015,1015,1015,1015,1015,1015,
size:47
SolutionCost:1062
