[setting] seed:37
[solver] type:ECBS
[solver] w:3.000000
[solver] ID:0
[solver] Lowlevelnode:59461
[solver] solved:1
[solver] elapsed:342
[solver] makespan:74
[problem] timesteplimit:10000
[problem] type:MAPF
[problem] agentnum:30
[graph] width:107
[graph] height:47
[graph] filename:./map/orz601d.map
[task] id:2,start:0,end:0,service time:0,nodes:2697,
[task] id:20,start:0,end:0,service time:0,nodes:3027,
[task] id:26,start:0,end:0,service time:0,nodes:2195,
[task] id:12,start:0,end:0,service time:0,nodes:2177,
[task] id:28,start:0,end:0,service time:0,nodes:2116,
[task] id:0,start:0,end:0,service time:0,nodes:2934,
[task] id:14,start:0,end:0,service time:0,nodes:3018,
[task] id:7,start:0,end:0,service time:0,nodes:2158,
[task] id:22,start:0,end:0,service time:0,nodes:2051,
[task] id:10,start:0,end:0,service time:0,nodes:3494,
[task] id:25,start:0,end:0,service time:0,nodes:2286,
[task] id:5,start:0,end:0,service time:0,nodes:584,
[task] id:27,start:0,end:0,service time:0,nodes:2879,
[task] id:11,start:0,end:0,service time:0,nodes:1146,
[task] id:1,start:0,end:0,service time:0,nodes:3158,
[task] id:16,start:0,end:0,service time:0,nodes:2741,
[task] id:21,start:0,end:0,service time:0,nodes:2183,
[task] id:15,start:0,end:0,service time:0,nodes:2080,
[task] id:18,start:0,end:0,service time:0,nodes:1828,
[task] id:9,start:0,end:0,service time:0,nodes:3929,
[task] id:17,start:0,end:0,service time:0,nodes:2011,
[task] id:3,start:0,end:0,service time:0,nodes:3177,
[task] id:6,start:0,end:0,service time:0,nodes:2840,
[task] id:19,start:0,end:0,service time:0,nodes:1032,
[task] id:24,start:0,end:0,service time:0,nodes:2882,
[task] id:23,start:0,end:0,service time:0,nodes:3001,
[task] id:29,start:0,end:0,service time:0,nodes:2746,
[task] id:4,start:0,end:0,service time:0,nodes:4301,
[task] id:8,start:0,end:0,service time:0,nodes:2688,
[task] id:13,start:0,end:0,service time:0,nodes:1748,
[agent] id:0
path:3055,2948,2947,2946,2945,2944,2943,2942,2941,2940,2939,2938,2937,2936,2935,2934,2934,2934,2934,2934,2934,2934,2934,2934,2934,2934,2934,2934,2934,2934,2934,2934,2934,2934,2934,2934,2934,2934,2934,2934,2934,2934,2934,2934,2934,2934,2934,2934,2934,2934,2934,2934,2934,2934,2934,2934,2934,2934,2934,2934,2934,2934,2934,2934,2934,2934,2934,2934,2934,2934,2934,2934,2934,2934,2934,
goal:2934,2934,2934,2934,2934,2934,2934,2934,2934,2934,2934,2934,2934,2934,2934,2934,2934,2934,2934,2934,2934,2934,2934,2934,2934,2934,2934,2934,2934,2934,2934,2934,2934,2934,2934,2934,2934,2934,2934,2934,2934,2934,2934,2934,2934,2934,2934,2934,2934,2934,2934,2934,2934,2934,2934,2934,2934,2934,2934,2934,2934,2934,2934,2934,2934,2934,2934,2934,2934,2934,2934,2934,2934,2934,2934,
size:15
[agent] id:1
path:1852,1959,2066,2173,2280,2387,2494,2601,2708,2815,2922,3029,3030,3031,3032,3033,3034,3035,3036,3037,3038,3039,3040,3041,3042,3043,3044,3045,3046,3047,3048,3049,3050,3157,3158,3158,3158,3158,3158,3158,3158,3158,3158,3158,3158,3158,3158,3158,3158,3158,3158,3158,3158,3158,3158,3158,3158,3158,3158,3158,3158,3158,3158,3158,3158,3158,3158,3158,3158,3158,3158,3158,3158,3158,3158,
goal:3158,3158,3158,3158,3158,3158,3158,3158,3158,3158,3158,3158,3158,3158,3158,3158,3158,3158,3158,3158,3158,3158,3158,3158,3158,3158,3158,3158,3158,3158,3158,3158,3158,3158,3158,3158,3158,3158,3158,3158,3158,3158,3158,3158,3158,3158,3158,3158,3158,3158,3158,3158,3158,3158,3158,3158,3158,3158,3158,3158,3158,3158,3158,3158,3158,3158,3158,3158,3158,3158,3158,3158,3158,3158,3158,
size:34
[agent] id:2
path:2483,2590,2697,2697,2697,2697,2697,2697,2697,2697,2697,2697,2697,2697,2697,2697,2697,2697,2697,2697,2697,2697,2697,2697,2697,2697,2697,2697,2697,2697,2697,2697,2697,2697,2697,2697,2697,2697,2697,2697,2697,2697,2697,2697,2697,2697,2697,2697,2697,2697,2697,2697,2697,2697,2697,2697,2697,2697,2697,2697,2697,2697,2697,2697,2697,2697,2697,2697,2697,2697,2697,2697,2697,2697,2697,
goal:2697,2697,2697,2697,2697,2697,2697,2697,2697,2697,2697,2697,2697,2697,2697,2697,2697,2697,2697,2697,2697,2697,2697,2697,2697,2697,2697,2697,2697,2697,2697,2697,2697,2697,2697,2697,2697,2697,2697,2697,2697,2697,2697,2697,2697,2697,2697,2697,2697,2697,2697,2697,2697,2697,2697,2697,2697,2697,2697,2697,2697,2697,2697,2697,2697,2697,2697,2697,2697,2697,2697,2697,2697,2697,2697,
size:2
[agent] id:3
path:583,690,797,904,1011,1118,1225,1332,1439,1438,1545,1652,1759,1866,1973,2080,2187,2188,2295,2402,2509,2616,2723,2830,2937,2938,2939,2940,2941,3048,3049,3050,3051,3052,3053,3054,3055,3056,3057,3058,3059,3060,3061,3062,3169,3170,3171,3172,3173,3174,3175,3176,3177,3177,3177,3177,3177,3177,3177,3177,3177,3177,3177,3177,3177,3177,3177,3177,3177,3177,3177,3177,3177,3177,3177,
goal:3177,3177,3177,3177,3177,3177,3177,3177,3177,3177,3177,3177,3177,3177,3177,3177,3177,3177,3177,3177,3177,3177,3177,3177,3177,3177,3177,3177,3177,3177,3177,3177,3177,3177,3177,3177,3177,3177,3177,3177,3177,3177,3177,3177,3177,3177,3177,3177,3177,3177,3177,3177,3177,3177,3177,3177,3177,3177,3177,3177,3177,3177,3177,3177,3177,3177,3177,3177,3177,3177,3177,3177,3177,3177,3177,
size:52
[agent] id:4
path:2966,2965,2964,2963,2962,2961,2960,2959,2958,2957,2956,2955,2954,2953,2952,2951,2950,2949,2948,2947,2946,2945,2944,2943,2942,2941,2940,2833,2832,2831,2830,2829,2828,2827,2826,2933,2932,2931,2930,2929,2928,2927,2926,2925,2924,2923,2922,2921,2920,2919,3026,3025,3024,3131,3238,3345,3344,3343,3342,3341,3340,3447,3554,3661,3768,3875,3982,4089,4196,4303,4302,4301,4301,4301,4301,
goal:4301,4301,4301,4301,4301,4301,4301,4301,4301,4301,4301,4301,4301,4301,4301,4301,4301,4301,4301,4301,4301,4301,4301,4301,4301,4301,4301,4301,4301,4301,4301,4301,4301,4301,4301,4301,4301,4301,4301,4301,4301,4301,4301,4301,4301,4301,4301,4301,4301,4301,4301,4301,4301,4301,4301,4301,4301,4301,4301,4301,4301,4301,4301,4301,4301,4301,4301,4301,4301,4301,4301,4301,4301,4301,4301,
size:71
[agent] id:5
path:2070,1963,1964,1965,1966,1967,1860,1861,1862,1863,1864,1865,1758,1651,1544,1437,1330,1223,1116,1009,902,795,688,581,582,583,584,584,584,584,584,584,584,584,584,584,584,584,584,584,584,584,584,584,584,584,584,584,584,584,584,584,584,584,584,584,584,584,584,584,584,584,584,584,584,584,584,584,584,584,584,584,584,584,584,
goal:584,584,584,584,584,584,584,584,584,584,584,584,584,584,584,584,584,584,584,584,584,584,584,584,584,584,584,584,584,584,584,584,584,584,584,584,584,584,584,584,584,584,584,584,584,584,584,584,584,584,584,584,584,584,584,584,584,584,584,584,584,584,584,584,584,584,584,584,584,584,584,584,584,584,584,
size:26
[agent] id:6
path:1087,1087,1088,1089,1196,1303,1304,1305,1306,1307,1307,1414,1521,1628,1735,1842,1949,1950,1951,1952,1953,1954,1955,1956,1957,1958,1959,1960,1961,1962,1963,1964,1965,2072,2073,2074,2075,2076,2077,2184,2291,2398,2505,2612,2719,2826,2827,2828,2829,2830,2831,2832,2833,2834,2835,2836,2837,2838,2839,2840,2840,2840,2840,2840,2840,2840,2840,2840,2840,2840,2840,2840,2840,2840,2840,
goal:2840,2840,2840,2840,2840,2840,2840,2840,2840,2840,2840,2840,2840,2840,2840,2840,2840,2840,2840,2840,2840,2840,2840,2840,2840,2840,2840,2840,2840,2840,2840,2840,2840,2840,2840,2840,2840,2840,2840,2840,2840,2840,2840,2840,2840,2840,2840,2840,2840,2840,2840,2840,2840,2840,2840,2840,2840,2840,2840,2840,2840,2840,2840,2840,2840,2840,2840,2840,2840,2840,2840,2840,2840,2840,2840,
size:59
[agent] id:7
path:986,1093,1200,1307,1414,1521,1628,1735,1842,1949,2056,2163,2162,2161,2160,2159,2158,2158,2158,2158,2158,2158,2158,2158,2158,2158,2158,2158,2158,2158,2158,2158,2158,2158,2158,2158,2158,2158,2158,2158,2158,2158,2158,2158,2158,2158,2158,2158,2158,2158,2158,2158,2158,2158,2158,2158,2158,2158,2158,2158,2158,2158,2158,2158,2158,2158,2158,2158,2158,2158,2158,2158,2158,2158,2158,
goal:2158,2158,2158,2158,2158,2158,2158,2158,2158,2158,2158,2158,2158,2158,2158,2158,2158,2158,2158,2158,2158,2158,2158,2158,2158,2158,2158,2158,2158,2158,2158,2158,2158,2158,2158,2158,2158,2158,2158,2158,2158,2158,2158,2158,2158,2158,2158,2158,2158,2158,2158,2158,2158,2158,2158,2158,2158,2158,2158,2158,2158,2158,2158,2158,2158,2158,2158,2158,2158,2158,2158,2158,2158,2158,2158,
size:16
[agent] id:8
path:2543,2542,2541,2540,2539,2538,2537,2536,2535,2534,2533,2532,2531,2530,2529,2528,2527,2526,2525,2524,2523,2522,2521,2520,2519,2518,2517,2516,2515,2514,2513,2512,2511,2510,2509,2508,2507,2506,2505,2504,2503,2502,2501,2500,2499,2498,2497,2496,2495,2494,2493,2492,2491,2490,2489,2488,2487,2486,2485,2484,2483,2482,2481,2480,2479,2478,2477,2476,2475,2474,2581,2688,2688,2688,2688,
goal:2688,2688,2688,2688,2688,2688,2688,2688,2688,2688,2688,2688,2688,2688,2688,2688,2688,2688,2688,2688,2688,2688,2688,2688,2688,2688,2688,2688,2688,2688,2688,2688,2688,2688,2688,2688,2688,2688,2688,2688,2688,2688,2688,2688,2688,2688,2688,2688,2688,2688,2688,2688,2688,2688,2688,2688,2688,2688,2688,2688,2688,2688,2688,2688,2688,2688,2688,2688,2688,2688,2688,2688,2688,2688,2688,
size:71
[agent] id:9
path:2828,2935,3042,3043,3044,3045,3046,3047,3048,3049,3050,3051,3052,3053,3054,3055,3056,3057,3058,3059,3060,3061,3062,3169,3170,3171,3172,3173,3280,3387,3388,3495,3602,3709,3816,3923,3924,3925,3926,3927,3928,3929,3929,3929,3929,3929,3929,3929,3929,3929,3929,3929,3929,3929,3929,3929,3929,3929,3929,3929,3929,3929,3929,3929,3929,3929,3929,3929,3929,3929,3929,3929,3929,3929,3929,
goal:3929,3929,3929,3929,3929,3929,3929,3929,3929,3929,3929,3929,3929,3929,3929,3929,3929,3929,3929,3929,3929,3929,3929,3929,3929,3929,3929,3929,3929,3929,3929,3929,3929,3929,3929,3929,3929,3929,3929,3929,3929,3929,3929,3929,3929,3929,3929,3929,3929,3929,3929,3929,3929,3929,3929,3929,3929,3929,3929,3929,3929,3929,3929,3929,3929,3929,3929,3929,3929,3929,3929,3929,3929,3929,3929,
size:41
[agent] id:10
path:1142,1249,1356,1463,1462,1569,1676,1783,1890,1997,2104,2211,2318,2425,2532,2639,2746,2853,2960,3067,3174,3281,3388,3495,3494,3494,3494,3494,3494,3494,3494,3494,3494,3494,3494,3494,3494,3494,3494,3494,3494,3494,3494,3494,3494,3494,3494,3494,3494,3494,3494,3494,3494,3494,3494,3494,3494,3494,3494,3494,3494,3494,3494,3494,3494,3494,3494,3494,3494,3494,3494,3494,3494,3494,3494,
goal:3494,3494,3494,3494,3494,3494,3494,3494,3494,3494,3494,3494,3494,3494,3494,3494,3494,3494,3494,3494,3494,3494,3494,3494,3494,3494,3494,3494,3494,3494,3494,3494,3494,3494,3494,3494,3494,3494,3494,3494,3494,3494,3494,3494,3494,3494,3494,3494,3494,3494,3494,3494,3494,3494,3494,3494,3494,3494,3494,3494,3494,3494,3494,3494,3494,3494,3494,3494,3494,3494,3494,3494,3494,3494,3494,
size:24
[agent] id:11
path:1876,1877,1878,1879,1986,1987,1988,1989,1990,1991,1884,1885,1886,1887,1888,1889,1782,1675,1568,1461,1354,1247,1140,1141,1142,1143,1144,1145,1146,1146,1146,1146,1146,1146,1146,1146,1146,1146,1146,1146,1146,1146,1146,1146,1146,1146,1146,1146,1146,1146,1146,1146,1146,1146,1146,1146,1146,1146,1146,1146,1146,1146,1146,1146,1146,1146,1146,1146,1146,1146,1146,1146,1146,1146,1146,
goal:1146,1146,1146,1146,1146,1146,1146,1146,1146,1146,1146,1146,1146,1146,1146,1146,1146,1146,1146,1146,1146,1146,1146,1146,1146,1146,1146,1146,1146,1146,1146,1146,1146,1146,1146,1146,1146,1146,1146,1146,1146,1146,1146,1146,1146,1146,1146,1146,1146,1146,1146,1146,1146,1146,1146,1146,1146,1146,1146,1146,1146,1146,1146,1146,1146,1146,1146,1146,1146,1146,1146,1146,1146,1146,1146,
size:28
[agent] id:12
path:2708,2709,2602,2495,2388,2281,2174,2175,2176,2177,2177,2177,2177,2177,2177,2177,2177,2177,2177,2177,2177,2177,2177,2177,2177,2177,2177,2177,2177,2177,2177,2177,2177,2177,2177,2177,2177,2177,2177,2177,2177,2177,2177,2177,2177,2177,2177,2177,2177,2177,2177,2177,2177,2177,2177,2177,2177,2177,2177,2177,2177,2177,2177,2177,2177,2177,2177,2177,2177,2177,2177,2177,2177,2177,2177,
goal:2177,2177,2177,2177,2177,2177,2177,2177,2177,2177,2177,2177,2177,2177,2177,2177,2177,2177,2177,2177,2177,2177,2177,2177,2177,2177,2177,2177,2177,2177,2177,2177,2177,2177,2177,2177,2177,2177,2177,2177,2177,2177,2177,2177,2177,2177,2177,2177,2177,2177,2177,2177,2177,2177,2177,2177,2177,2177,2177,2177,2177,2177,2177,2177,2177,2177,2177,2177,2177,2177,2177,2177,2177,2177,2177,
size:9
[agent] id:13
path:2988,2881,2774,2667,2560,2453,2452,2451,2450,2449,2448,2447,2446,2339,2232,2231,2230,2229,2228,2227,2226,2225,2224,2223,2222,2115,2114,2113,2112,2111,2110,2109,2108,2107,2106,2105,2104,2103,2102,2101,2100,2099,2098,2097,2096,2095,1988,1987,1986,1985,1984,1983,1982,1981,1980,1979,1978,1977,1976,1975,1974,1973,1972,1971,1970,1969,1968,1967,1966,1965,1964,1963,1962,1855,1748,
goal:1748,1748,1748,1748,1748,1748,1748,1748,1748,1748,1748,1748,1748,1748,1748,1748,1748,1748,1748,1748,1748,1748,1748,1748,1748,1748,1748,1748,1748,1748,1748,1748,1748,1748,1748,1748,1748,1748,1748,1748,1748,1748,1748,1748,1748,1748,1748,1748,1748,1748,1748,1748,1748,1748,1748,1748,1748,1748,1748,1748,1748,1748,1748,1748,1748,1748,1748,1748,1748,1748,1748,1748,1748,1748,1748,
size:74
[agent] id:14
path:1521,1628,1735,1842,1949,2056,2163,2270,2377,2484,2591,2698,2805,2912,3019,3018,3018,3018,3018,3018,3018,3018,3018,3018,3018,3018,3018,3018,3018,3018,3018,3018,3018,3018,3018,3018,3018,3018,3018,3018,3018,3018,3018,3018,3018,3018,3018,3018,3018,3018,3018,3018,3018,3018,3018,3018,3018,3018,3018,3018,3018,3018,3018,3018,3018,3018,3018,3018,3018,3018,3018,3018,3018,3018,3018,
goal:3018,3018,3018,3018,3018,3018,3018,3018,3018,3018,3018,3018,3018,3018,3018,3018,3018,3018,3018,3018,3018,3018,3018,3018,3018,3018,3018,3018,3018,3018,3018,3018,3018,3018,3018,3018,3018,3018,3018,3018,3018,3018,3018,3018,3018,3018,3018,3018,3018,3018,3018,3018,3018,3018,3018,3018,3018,3018,3018,3018,3018,3018,3018,3018,3018,3018,3018,3018,3018,3018,3018,3018,3018,3018,3018,
size:15
[agent] id:15
path:875,982,1089,1196,1303,1410,1411,1412,1413,1520,1627,1734,1841,1948,2055,2056,2057,2058,2059,2060,2061,2062,2063,2064,2065,2066,2067,2068,2069,2070,2071,2072,2073,2074,2075,2076,2077,2078,2079,2080,2080,2080,2080,2080,2080,2080,2080,2080,2080,2080,2080,2080,2080,2080,2080,2080,2080,2080,2080,2080,2080,2080,2080,2080,2080,2080,2080,2080,2080,2080,2080,2080,2080,2080,2080,
goal:2080,2080,2080,2080,2080,2080,2080,2080,2080,2080,2080,2080,2080,2080,2080,2080,2080,2080,2080,2080,2080,2080,2080,2080,2080,2080,2080,2080,2080,2080,2080,2080,2080,2080,2080,2080,2080,2080,2080,2080,2080,2080,2080,2080,2080,2080,2080,2080,2080,2080,2080,2080,2080,2080,2080,2080,2080,2080,2080,2080,2080,2080,2080,2080,2080,2080,2080,2080,2080,2080,2080,2080,2080,2080,2080,
size:39
[agent] id:16
path:2494,2601,2708,2709,2710,2711,2712,2713,2714,2715,2716,2717,2718,2719,2720,2721,2722,2723,2724,2725,2726,2727,2728,2729,2730,2731,2732,2733,2734,2735,2736,2737,2738,2739,2740,2741,2741,2741,2741,2741,2741,2741,2741,2741,2741,2741,2741,2741,2741,2741,2741,2741,2741,2741,2741,2741,2741,2741,2741,2741,2741,2741,2741,2741,2741,2741,2741,2741,2741,2741,2741,2741,2741,2741,2741,
goal:2741,2741,2741,2741,2741,2741,2741,2741,2741,2741,2741,2741,2741,2741,2741,2741,2741,2741,2741,2741,2741,2741,2741,2741,2741,2741,2741,2741,2741,2741,2741,2741,2741,2741,2741,2741,2741,2741,2741,2741,2741,2741,2741,2741,2741,2741,2741,2741,2741,2741,2741,2741,2741,2741,2741,2741,2741,2741,2741,2741,2741,2741,2741,2741,2741,2741,2741,2741,2741,2741,2741,2741,2741,2741,2741,
size:35
[agent] id:17
path:3043,2936,2829,2722,2615,2508,2401,2294,2187,2080,1973,1974,1975,1976,1977,1978,1979,1980,1981,1982,1983,1984,1985,1986,1987,1988,1989,1990,1991,1992,1993,1994,1995,1996,1997,1998,1999,2000,2001,2002,2003,2004,2005,2006,2007,2008,2009,2010,2011,2011,2011,2011,2011,2011,2011,2011,2011,2011,2011,2011,2011,2011,2011,2011,2011,2011,2011,2011,2011,2011,2011,2011,2011,2011,2011,
goal:2011,2011,2011,2011,2011,2011,2011,2011,2011,2011,2011,2011,2011,2011,2011,2011,2011,2011,2011,2011,2011,2011,2011,2011,2011,2011,2011,2011,2011,2011,2011,2011,2011,2011,2011,2011,2011,2011,2011,2011,2011,2011,2011,2011,2011,2011,2011,2011,2011,2011,2011,2011,2011,2011,2011,2011,2011,2011,2011,2011,2011,2011,2011,2011,2011,2011,2011,2011,2011,2011,2011,2011,2011,2011,2011,
size:48
[agent] id:18
path:1964,2071,2178,2285,2392,2391,2390,2389,2388,2387,2386,2385,2384,2383,2382,2381,2380,2379,2378,2378,2377,2376,2375,2374,2373,2372,2371,2370,2369,2368,2367,2260,2153,2046,1939,1938,1831,1830,1829,1828,1828,1828,1828,1828,1828,1828,1828,1828,1828,1828,1828,1828,1828,1828,1828,1828,1828,1828,1828,1828,1828,1828,1828,1828,1828,1828,1828,1828,1828,1828,1828,1828,1828,1828,1828,
goal:1828,1828,1828,1828,1828,1828,1828,1828,1828,1828,1828,1828,1828,1828,1828,1828,1828,1828,1828,1828,1828,1828,1828,1828,1828,1828,1828,1828,1828,1828,1828,1828,1828,1828,1828,1828,1828,1828,1828,1828,1828,1828,1828,1828,1828,1828,1828,1828,1828,1828,1828,1828,1828,1828,1828,1828,1828,1828,1828,1828,1828,1828,1828,1828,1828,1828,1828,1828,1828,1828,1828,1828,1828,1828,1828,
size:39
[agent] id:19
path:2268,2161,2054,1947,1948,1949,1950,1951,1952,1953,1954,1955,1956,1957,1958,1959,1960,1961,1962,1963,1964,1965,1966,1967,1968,1969,1970,1971,1972,1973,1974,1975,1976,1977,1978,1979,1980,1981,1982,1983,1984,1985,1986,1987,1988,1989,1990,1991,1884,1885,1886,1887,1888,1889,1782,1675,1568,1461,1354,1247,1140,1033,1032,1032,1032,1032,1032,1032,1032,1032,1032,1032,1032,1032,1032,
goal:1032,1032,1032,1032,1032,1032,1032,1032,1032,1032,1032,1032,1032,1032,1032,1032,1032,1032,1032,1032,1032,1032,1032,1032,1032,1032,1032,1032,1032,1032,1032,1032,1032,1032,1032,1032,1032,1032,1032,1032,1032,1032,1032,1032,1032,1032,1032,1032,1032,1032,1032,1032,1032,1032,1032,1032,1032,1032,1032,1032,1032,1032,1032,1032,1032,1032,1032,1032,1032,1032,1032,1032,1032,1032,1032,
size:62
[agent] id:20
path:3345,3238,3131,3024,3025,3026,3027,3027,3027,3027,3027,3027,3027,3027,3027,3027,3027,3027,3027,3027,3027,3027,3027,3027,3027,3027,3027,3027,3027,3027,3027,3027,3027,3027,3027,3027,3027,3027,3027,3027,3027,3027,3027,3027,3027,3027,3027,3027,3027,3027,3027,3027,3027,3027,3027,3027,3027,3027,3027,3027,3027,3027,3027,3027,3027,3027,3027,3027,3027,3027,3027,3027,3027,3027,3027,
goal:3027,3027,3027,3027,3027,3027,3027,3027,3027,3027,3027,3027,3027,3027,3027,3027,3027,3027,3027,3027,3027,3027,3027,3027,3027,3027,3027,3027,3027,3027,3027,3027,3027,3027,3027,3027,3027,3027,3027,3027,3027,3027,3027,3027,3027,3027,3027,3027,3027,3027,3027,3027,3027,3027,3027,3027,3027,3027,3027,3027,3027,3027,3027,3027,3027,3027,3027,3027,3027,3027,3027,3027,3027,3027,3027,
size:6
[agent] id:21
path:981,1088,1195,1195,1302,1409,1410,1411,1412,1413,1520,1627,1734,1841,1948,2055,2055,2056,2057,2058,2059,2060,2061,2062,2063,2064,2065,2066,2067,2068,2069,2070,2071,2178,2179,2180,2181,2182,2183,2183,2183,2183,2183,2183,2183,2183,2183,2183,2183,2183,2183,2183,2183,2183,2183,2183,2183,2183,2183,2183,2183,2183,2183,2183,2183,2183,2183,2183,2183,2183,2183,2183,2183,2183,2183,
goal:2183,2183,2183,2183,2183,2183,2183,2183,2183,2183,2183,2183,2183,2183,2183,2183,2183,2183,2183,2183,2183,2183,2183,2183,2183,2183,2183,2183,2183,2183,2183,2183,2183,2183,2183,2183,2183,2183,2183,2183,2183,2183,2183,2183,2183,2183,2183,2183,2183,2183,2183,2183,2183,2183,2183,2183,2183,2183,2183,2183,2183,2183,2183,2183,2183,2183,2183,2183,2183,2183,2183,2183,2183,2183,2183,
size:38
[agent] id:22
path:3221,3114,3007,2900,2793,2686,2579,2472,2365,2366,2367,2368,2369,2370,2371,2264,2157,2050,2051,2051,2051,2051,2051,2051,2051,2051,2051,2051,2051,2051,2051,2051,2051,2051,2051,2051,2051,2051,2051,2051,2051,2051,2051,2051,2051,2051,2051,2051,2051,2051,2051,2051,2051,2051,2051,2051,2051,2051,2051,2051,2051,2051,2051,2051,2051,2051,2051,2051,2051,2051,2051,2051,2051,2051,2051,
goal:2051,2051,2051,2051,2051,2051,2051,2051,2051,2051,2051,2051,2051,2051,2051,2051,2051,2051,2051,2051,2051,2051,2051,2051,2051,2051,2051,2051,2051,2051,2051,2051,2051,2051,2051,2051,2051,2051,2051,2051,2051,2051,2051,2051,2051,2051,2051,2051,2051,2051,2051,2051,2051,2051,2051,2051,2051,2051,2051,2051,2051,2051,2051,2051,2051,2051,2051,2051,2051,2051,2051,2051,2051,2051,2051,
size:18
[agent] id:23
path:2955,2848,2741,2634,2527,2526,2525,2524,2523,2522,2521,2520,2519,2518,2517,2516,2515,2514,2513,2512,2511,2510,2509,2508,2507,2506,2505,2504,2503,2502,2501,2500,2499,2498,2497,2496,2495,2494,2493,2492,2491,2490,2489,2488,2487,2486,2485,2484,2483,2482,2481,2480,2479,2478,2477,2476,2475,2474,2581,2688,2795,2902,3009,3008,3007,3006,3005,3004,3003,3002,3001,3001,3001,3001,3001,
goal:3001,3001,3001,3001,3001,3001,3001,3001,3001,3001,3001,3001,3001,3001,3001,3001,3001,3001,3001,3001,3001,3001,3001,3001,3001,3001,3001,3001,3001,3001,3001,3001,3001,3001,3001,3001,3001,3001,3001,3001,3001,3001,3001,3001,3001,3001,3001,3001,3001,3001,3001,3001,3001,3001,3001,3001,3001,3001,3001,3001,3001,3001,3001,3001,3001,3001,3001,3001,3001,3001,3001,3001,3001,3001,3001,
size:70
[agent] id:24
path:2502,2609,2610,2611,2612,2613,2614,2615,2616,2617,2618,2619,2620,2621,2622,2623,2624,2625,2626,2627,2628,2629,2630,2631,2632,2633,2634,2635,2636,2637,2638,2639,2640,2641,2642,2643,2644,2645,2646,2647,2648,2649,2650,2651,2652,2653,2654,2655,2656,2657,2658,2659,2660,2661,2662,2663,2664,2665,2772,2773,2880,2881,2882,2882,2882,2882,2882,2882,2882,2882,2882,2882,2882,2882,2882,
goal:2882,2882,2882,2882,2882,2882,2882,2882,2882,2882,2882,2882,2882,2882,2882,2882,2882,2882,2882,2882,2882,2882,2882,2882,2882,2882,2882,2882,2882,2882,2882,2882,2882,2882,2882,2882,2882,2882,2882,2882,2882,2882,2882,2882,2882,2882,2882,2882,2882,2882,2882,2882,2882,2882,2882,2882,2882,2882,2882,2882,2882,2882,2882,2882,2882,2882,2882,2882,2882,2882,2882,2882,2882,2882,2882,
size:62
[agent] id:25
path:1771,1878,1985,2092,2199,2306,2305,2304,2303,2302,2301,2300,2299,2298,2297,2296,2295,2294,2293,2292,2291,2290,2289,2288,2287,2286,2286,2286,2286,2286,2286,2286,2286,2286,2286,2286,2286,2286,2286,2286,2286,2286,2286,2286,2286,2286,2286,2286,2286,2286,2286,2286,2286,2286,2286,2286,2286,2286,2286,2286,2286,2286,2286,2286,2286,2286,2286,2286,2286,2286,2286,2286,2286,2286,2286,
goal:2286,2286,2286,2286,2286,2286,2286,2286,2286,2286,2286,2286,2286,2286,2286,2286,2286,2286,2286,2286,2286,2286,2286,2286,2286,2286,2286,2286,2286,2286,2286,2286,2286,2286,2286,2286,2286,2286,2286,2286,2286,2286,2286,2286,2286,2286,2286,2286,2286,2286,2286,2286,2286,2286,2286,2286,2286,2286,2286,2286,2286,2286,2286,2286,2286,2286,2286,2286,2286,2286,2286,2286,2286,2286,2286,
size:25
[agent] id:26
path:2307,2200,2199,2198,2197,2196,2195,2195,2195,2195,2195,2195,2195,2195,2195,2195,2195,2195,2195,2195,2195,2195,2195,2195,2195,2195,2195,2195,2195,2195,2195,2195,2195,2195,2195,2195,2195,2195,2195,2195,2195,2195,2195,2195,2195,2195,2195,2195,2195,2195,2195,2195,2195,2195,2195,2195,2195,2195,2195,2195,2195,2195,2195,2195,2195,2195,2195,2195,2195,2195,2195,2195,2195,2195,2195,
goal:2195,2195,2195,2195,2195,2195,2195,2195,2195,2195,2195,2195,2195,2195,2195,2195,2195,2195,2195,2195,2195,2195,2195,2195,2195,2195,2195,2195,2195,2195,2195,2195,2195,2195,2195,2195,2195,2195,2195,2195,2195,2195,2195,2195,2195,2195,2195,2195,2195,2195,2195,2195,2195,2195,2195,2195,2195,2195,2195,2195,2195,2195,2195,2195,2195,2195,2195,2195,2195,2195,2195,2195,2195,2195,2195,
size:6
[agent] id:27
path:2856,2857,2858,2859,2860,2861,2862,2863,2864,2865,2866,2867,2868,2869,2870,2871,2872,2873,2874,2767,2660,2661,2662,2663,2664,2665,2772,2879,2879,2879,2879,2879,2879,2879,2879,2879,2879,2879,2879,2879,2879,2879,2879,2879,2879,2879,2879,2879,2879,2879,2879,2879,2879,2879,2879,2879,2879,2879,2879,2879,2879,2879,2879,2879,2879,2879,2879,2879,2879,2879,2879,2879,2879,2879,2879,
goal:2879,2879,2879,2879,2879,2879,2879,2879,2879,2879,2879,2879,2879,2879,2879,2879,2879,2879,2879,2879,2879,2879,2879,2879,2879,2879,2879,2879,2879,2879,2879,2879,2879,2879,2879,2879,2879,2879,2879,2879,2879,2879,2879,2879,2879,2879,2879,2879,2879,2879,2879,2879,2879,2879,2879,2879,2879,2879,2879,2879,2879,2879,2879,2879,2879,2879,2879,2879,2879,2879,2879,2879,2879,2879,2879,
size:27
[agent] id:28
path:2643,2536,2429,2322,2215,2108,2109,2110,2111,2112,2113,2114,2115,2116,2116,2116,2116,2116,2116,2116,2116,2116,2116,2116,2116,2116,2116,2116,2116,2116,2116,2116,2116,2116,2116,2116,2116,2116,2116,2116,2116,2116,2116,2116,2116,2116,2116,2116,2116,2116,2116,2116,2116,2116,2116,2116,2116,2116,2116,2116,2116,2116,2116,2116,2116,2116,2116,2116,2116,2116,2116,2116,2116,2116,2116,
goal:2116,2116,2116,2116,2116,2116,2116,2116,2116,2116,2116,2116,2116,2116,2116,2116,2116,2116,2116,2116,2116,2116,2116,2116,2116,2116,2116,2116,2116,2116,2116,2116,2116,2116,2116,2116,2116,2116,2116,2116,2116,2116,2116,2116,2116,2116,2116,2116,2116,2116,2116,2116,2116,2116,2116,2116,2116,2116,2116,2116,2116,2116,2116,2116,2116,2116,2116,2116,2116,2116,2116,2116,2116,2116,2116,
size:13
[agent] id:29
path:560,667,774,881,988,1095,1202,1309,1416,1415,1414,1521,1628,1735,1842,1949,2056,2163,2270,2377,2484,2591,2592,2593,2594,2595,2596,2597,2598,2599,2600,2601,2602,2603,2604,2605,2606,2607,2608,2609,2610,2611,2612,2613,2614,2615,2616,2617,2618,2619,2620,2621,2622,2623,2624,2625,2626,2627,2628,2629,2630,2631,2632,2633,2634,2635,2742,2743,2744,2745,2746,2746,2746,2746,2746,
goal:2746,2746,2746,2746,2746,2746,2746,2746,2746,2746,2746,2746,2746,2746,2746,2746,2746,2746,2746,2746,2746,2746,2746,2746,2746,2746,2746,2746,2746,2746,2746,2746,2746,2746,2746,2746,2746,2746,2746,2746,2746,2746,2746,2746,2746,2746,2746,2746,2746,2746,2746,2746,2746,2746,2746,2746,2746,2746,2746,2746,2746,2746,2746,2746,2746,2746,2746,2746,2746,2746,2746,2746,2746,2746,2746,
size:70
SolutionCost:1095
