[setting] seed:78
[solver] type:ECBS
[solver] w:3.000000
[solver] ID:0
[solver] Lowlevelnode:45715
[solver] solved:1
[solver] elapsed:579
[solver] makespan:102
[problem] timesteplimit:10000
[problem] type:MAPF
[problem] agentnum:30
[graph] width:107
[graph] height:47
[graph] filename:./map/orz601d.map
[task] id:6,start:0,end:0,service time:0,nodes:3245,
[task] id:7,start:0,end:0,service time:0,nodes:2687,
[task] id:27,start:0,end:0,service time:0,nodes:2739,
[task] id:15,start:0,end:0,service time:0,nodes:2668,
[task] id:22,start:0,end:0,service time:0,nodes:1962,
[task] id:1,start:0,end:0,service time:0,nodes:3599,
[task] id:8,start:0,end:0,service time:0,nodes:3142,
[task] id:16,start:0,end:0,service time:0,nodes:2187,
[task] id:26,start:0,end:0,service time:0,nodes:2752,
[task] id:4,start:0,end:0,service time:0,nodes:2401,
[task] id:5,start:0,end:0,service time:0,nodes:4675,
[task] id:18,start:0,end:0,service time:0,nodes:3121,
[task] id:25,start:0,end:0,service time:0,nodes:2210,
[task] id:28,start:0,end:0,service time:0,nodes:2772,
[task] id:14,start:0,end:0,service time:0,nodes:2413,
[task] id:13,start:0,end:0,service time:0,nodes:2186,
[task] id:0,start:0,end:0,service time:0,nodes:3268,
[task] id:3,start:0,end:0,service time:0,nodes:2132,
[task] id:24,start:0,end:0,service time:0,nodes:2068,
[task] id:10,start:0,end:0,service time:0,nodes:2555,
[task] id:9,start:0,end:0,service time:0,nodes:2539,
[task] id:2,start:0,end:0,service time:0,nodes:474,
[task] id:19,start:0,end:0,service time:0,nodes:2255,
[task] id:29,start:0,end:0,service time:0,nodes:2766,
[task] id:11,start:0,end:0,service time:0,nodes:2360,
[task] id:20,start:0,end:0,service time:0,nodes:3111,
[task] id:21,start:0,end:0,service time:0,nodes:2802,
[task] id:12,start:0,end:0,service time:0,nodes:4086,
[task] id:17,start:0,end:0,service time:0,nodes:2452,
[task] id:23,start:0,end:0,service time:0,nodes:3007,
[agent] id:0
path:3200,3093,2986,2879,2772,2665,2664,2663,2662,2661,2660,2767,2874,2981,3088,3087,3086,3085,3084,3083,3082,3081,3080,3079,3078,3077,3076,3075,3074,3073,3072,3071,3070,3069,3068,3067,3066,3065,3064,3063,3062,3061,3060,3059,3058,3057,3056,3163,3270,3269,3268,3268,3268,3268,3268,3268,3268,3268,3268,3268,3268,3268,3268,3268,3268,3268,3268,3268,3268,3268,3268,3268,3268,3268,3268,3268,3268,3268,3268,3268,3268,3268,3268,3268,3268,3268,3268,3268,3268,3268,3268,3268,3268,3268,3268,3268,3268,3268,3268,3268,3268,3268,3268,
goal:3268,3268,3268,3268,3268,3268,3268,3268,3268,3268,3268,3268,3268,3268,3268,3268,3268,3268,3268,3268,3268,3268,3268,3268,3268,3268,3268,3268,3268,3268,3268,3268,3268,3268,3268,3268,3268,3268,3268,3268,3268,3268,3268,3268,3268,3268,3268,3268,3268,3268,3268,3268,3268,3268,3268,3268,3268,3268,3268,3268,3268,3268,3268,3268,3268,3268,3268,3268,3268,3268,3268,3268,3268,3268,3268,3268,3268,3268,3268,3268,3268,3268,3268,3268,3268,3268,3268,3268,3268,3268,3268,3268,3268,3268,3268,3268,3268,3268,3268,3268,3268,3268,3268,
size:50
[agent] id:1
path:2114,2221,2328,2435,2542,2649,2756,2863,2970,3077,3076,3075,3074,3073,3072,3179,3178,3177,3176,3175,3174,3281,3388,3495,3602,3601,3600,3599,3599,3599,3599,3599,3599,3599,3599,3599,3599,3599,3599,3599,3599,3599,3599,3599,3599,3599,3599,3599,3599,3599,3599,3599,3599,3599,3599,3599,3599,3599,3599,3599,3599,3599,3599,3599,3599,3599,3599,3599,3599,3599,3599,3599,3599,3599,3599,3599,3599,3599,3599,3599,3599,3599,3599,3599,3599,3599,3599,3599,3599,3599,3599,3599,3599,3599,3599,3599,3599,3599,3599,3599,3599,3599,3599,
goal:3599,3599,3599,3599,3599,3599,3599,3599,3599,3599,3599,3599,3599,3599,3599,3599,3599,3599,3599,3599,3599,3599,3599,3599,3599,3599,3599,3599,3599,3599,3599,3599,3599,3599,3599,3599,3599,3599,3599,3599,3599,3599,3599,3599,3599,3599,3599,3599,3599,3599,3599,3599,3599,3599,3599,3599,3599,3599,3599,3599,3599,3599,3599,3599,3599,3599,3599,3599,3599,3599,3599,3599,3599,3599,3599,3599,3599,3599,3599,3599,3599,3599,3599,3599,3599,3599,3599,3599,3599,3599,3599,3599,3599,3599,3599,3599,3599,3599,3599,3599,3599,3599,3599,
size:27
[agent] id:2
path:4248,4141,4034,3927,3820,3713,3606,3605,3604,3603,3602,3495,3388,3281,3174,3067,2960,2853,2746,2639,2532,2425,2318,2211,2104,1997,1996,1995,1994,1993,1992,1991,1990,1989,1988,1987,1986,1985,1984,1983,1982,1981,1980,1979,1978,1871,1870,1869,1868,1867,1866,1759,1652,1545,1438,1331,1224,1117,1010,903,796,689,582,475,474,474,474,474,474,474,474,474,474,474,474,474,474,474,474,474,474,474,474,474,474,474,474,474,474,474,474,474,474,474,474,474,474,474,474,474,474,474,474,
goal:474,474,474,474,474,474,474,474,474,474,474,474,474,474,474,474,474,474,474,474,474,474,474,474,474,474,474,474,474,474,474,474,474,474,474,474,474,474,474,474,474,474,474,474,474,474,474,474,474,474,474,474,474,474,474,474,474,474,474,474,474,474,474,474,474,474,474,474,474,474,474,474,474,474,474,474,474,474,474,474,474,474,474,474,474,474,474,474,474,474,474,474,474,474,474,474,474,474,474,474,474,474,474,
size:64
[agent] id:3
path:4460,4353,4246,4139,4032,3925,3818,3711,3710,3709,3709,3602,3495,3388,3281,3174,3067,2960,2853,2746,2639,2640,2533,2534,2535,2536,2537,2538,2431,2432,2433,2434,2435,2436,2437,2438,2439,2440,2441,2442,2443,2444,2445,2446,2447,2448,2449,2450,2451,2344,2237,2130,2131,2132,2132,2132,2132,2132,2132,2132,2132,2132,2132,2132,2132,2132,2132,2132,2132,2132,2132,2132,2132,2132,2132,2132,2132,2132,2132,2132,2132,2132,2132,2132,2132,2132,2132,2132,2132,2132,2132,2132,2132,2132,2132,2132,2132,2132,2132,2132,2132,2132,2132,
goal:2132,2132,2132,2132,2132,2132,2132,2132,2132,2132,2132,2132,2132,2132,2132,2132,2132,2132,2132,2132,2132,2132,2132,2132,2132,2132,2132,2132,2132,2132,2132,2132,2132,2132,2132,2132,2132,2132,2132,2132,2132,2132,2132,2132,2132,2132,2132,2132,2132,2132,2132,2132,2132,2132,2132,2132,2132,2132,2132,2132,2132,2132,2132,2132,2132,2132,2132,2132,2132,2132,2132,2132,2132,2132,2132,2132,2132,2132,2132,2132,2132,2132,2132,2132,2132,2132,2132,2132,2132,2132,2132,2132,2132,2132,2132,2132,2132,2132,2132,2132,2132,2132,2132,
size:53
[agent] id:4
path:1312,1419,1418,1417,1416,1415,1414,1521,1628,1735,1842,1949,2056,2163,2270,2377,2378,2379,2380,2381,2382,2383,2384,2385,2386,2387,2388,2389,2390,2391,2392,2393,2394,2395,2396,2397,2398,2399,2400,2401,2401,2401,2401,2401,2401,2401,2401,2401,2401,2401,2401,2401,2401,2401,2401,2401,2401,2401,2401,2401,2401,2401,2401,2401,2401,2401,2401,2401,2401,2401,2401,2401,2401,2401,2401,2401,2401,2401,2401,2401,2401,2401,2401,2401,2401,2401,2401,2401,2401,2401,2401,2401,2401,2401,2401,2401,2401,2401,2401,2401,2401,2401,2401,
goal:2401,2401,2401,2401,2401,2401,2401,2401,2401,2401,2401,2401,2401,2401,2401,2401,2401,2401,2401,2401,2401,2401,2401,2401,2401,2401,2401,2401,2401,2401,2401,2401,2401,2401,2401,2401,2401,2401,2401,2401,2401,2401,2401,2401,2401,2401,2401,2401,2401,2401,2401,2401,2401,2401,2401,2401,2401,2401,2401,2401,2401,2401,2401,2401,2401,2401,2401,2401,2401,2401,2401,2401,2401,2401,2401,2401,2401,2401,2401,2401,2401,2401,2401,2401,2401,2401,2401,2401,2401,2401,2401,2401,2401,2401,2401,2401,2401,2401,2401,2401,2401,2401,2401,
size:39
[agent] id:5
path:2303,2410,2517,2624,2731,2838,2945,3052,3053,3054,3055,3056,3057,3058,3059,3060,3061,3062,3169,3170,3171,3172,3173,3280,3387,3494,3601,3708,3815,3922,4029,4136,4243,4350,4457,4458,4459,4460,4567,4674,4675,4675,4675,4675,4675,4675,4675,4675,4675,4675,4675,4675,4675,4675,4675,4675,4675,4675,4675,4675,4675,4675,4675,4675,4675,4675,4675,4675,4675,4675,4675,4675,4675,4675,4675,4675,4675,4675,4675,4675,4675,4675,4675,4675,4675,4675,4675,4675,4675,4675,4675,4675,4675,4675,4675,4675,4675,4675,4675,4675,4675,4675,4675,
goal:4675,4675,4675,4675,4675,4675,4675,4675,4675,4675,4675,4675,4675,4675,4675,4675,4675,4675,4675,4675,4675,4675,4675,4675,4675,4675,4675,4675,4675,4675,4675,4675,4675,4675,4675,4675,4675,4675,4675,4675,4675,4675,4675,4675,4675,4675,4675,4675,4675,4675,4675,4675,4675,4675,4675,4675,4675,4675,4675,4675,4675,4675,4675,4675,4675,4675,4675,4675,4675,4675,4675,4675,4675,4675,4675,4675,4675,4675,4675,4675,4675,4675,4675,4675,4675,4675,4675,4675,4675,4675,4675,4675,4675,4675,4675,4675,4675,4675,4675,4675,4675,4675,4675,
size:40
[agent] id:6
path:3247,3246,3245,3245,3245,3245,3245,3245,3245,3245,3245,3245,3245,3245,3245,3245,3245,3245,3245,3245,3245,3245,3245,3245,3245,3245,3245,3245,3245,3245,3245,3245,3245,3245,3245,3245,3245,3245,3245,3245,3245,3245,3245,3245,3245,3245,3245,3245,3245,3245,3245,3245,3245,3245,3245,3245,3245,3245,3245,3245,3245,3245,3245,3245,3245,3245,3245,3245,3245,3245,3245,3245,3245,3245,3245,3245,3245,3245,3245,3245,3245,3245,3245,3245,3245,3245,3245,3245,3245,3245,3245,3245,3245,3245,3245,3245,3245,3245,3245,3245,3245,3245,3245,
goal:3245,3245,3245,3245,3245,3245,3245,3245,3245,3245,3245,3245,3245,3245,3245,3245,3245,3245,3245,3245,3245,3245,3245,3245,3245,3245,3245,3245,3245,3245,3245,3245,3245,3245,3245,3245,3245,3245,3245,3245,3245,3245,3245,3245,3245,3245,3245,3245,3245,3245,3245,3245,3245,3245,3245,3245,3245,3245,3245,3245,3245,3245,3245,3245,3245,3245,3245,3245,3245,3245,3245,3245,3245,3245,3245,3245,3245,3245,3245,3245,3245,3245,3245,3245,3245,3245,3245,3245,3245,3245,3245,3245,3245,3245,3245,3245,3245,3245,3245,3245,3245,3245,3245,
size:2
[agent] id:7
path:2793,2686,2687,2687,2687,2687,2687,2687,2687,2687,2687,2687,2687,2687,2687,2687,2687,2687,2687,2687,2687,2687,2687,2687,2687,2687,2687,2687,2687,2687,2687,2687,2687,2687,2687,2687,2687,2687,2687,2687,2687,2687,2687,2687,2687,2687,2687,2687,2687,2687,2687,2687,2687,2687,2687,2687,2687,2687,2687,2687,2687,2687,2687,2687,2687,2687,2687,2687,2687,2687,2687,2687,2687,2687,2687,2687,2687,2687,2687,2687,2687,2687,2687,2687,2687,2687,2687,2687,2687,2687,2687,2687,2687,2687,2687,2687,2687,2687,2687,2687,2687,2687,2687,
goal:2687,2687,2687,2687,2687,2687,2687,2687,2687,2687,2687,2687,2687,2687,2687,2687,2687,2687,2687,2687,2687,2687,2687,2687,2687,2687,2687,2687,2687,2687,2687,2687,2687,2687,2687,2687,2687,2687,2687,2687,2687,2687,2687,2687,2687,2687,2687,2687,2687,2687,2687,2687,2687,2687,2687,2687,2687,2687,2687,2687,2687,2687,2687,2687,2687,2687,2687,2687,2687,2687,2687,2687,2687,2687,2687,2687,2687,2687,2687,2687,2687,2687,2687,2687,2687,2687,2687,2687,2687,2687,2687,2687,2687,2687,2687,2687,2687,2687,2687,2687,2687,2687,2687,
size:2
[agent] id:8
path:1441,1440,1439,1438,1545,1652,1759,1866,1973,2080,2187,2294,2401,2508,2615,2722,2829,2936,3043,3042,3041,3040,3039,3038,3037,3036,3143,3142,3142,3142,3142,3142,3142,3142,3142,3142,3142,3142,3142,3142,3142,3142,3142,3142,3142,3142,3142,3142,3142,3142,3142,3142,3142,3142,3142,3142,3142,3142,3142,3142,3142,3142,3142,3142,3142,3142,3142,3142,3142,3142,3142,3142,3142,3142,3142,3142,3142,3142,3142,3142,3142,3142,3142,3142,3142,3142,3142,3142,3142,3142,3142,3142,3142,3142,3142,3142,3142,3142,3142,3142,3142,3142,3142,
goal:3142,3142,3142,3142,3142,3142,3142,3142,3142,3142,3142,3142,3142,3142,3142,3142,3142,3142,3142,3142,3142,3142,3142,3142,3142,3142,3142,3142,3142,3142,3142,3142,3142,3142,3142,3142,3142,3142,3142,3142,3142,3142,3142,3142,3142,3142,3142,3142,3142,3142,3142,3142,3142,3142,3142,3142,3142,3142,3142,3142,3142,3142,3142,3142,3142,3142,3142,3142,3142,3142,3142,3142,3142,3142,3142,3142,3142,3142,3142,3142,3142,3142,3142,3142,3142,3142,3142,3142,3142,3142,3142,3142,3142,3142,3142,3142,3142,3142,3142,3142,3142,3142,3142,
size:27
[agent] id:9
path:2265,2372,2479,2480,2481,2482,2483,2484,2485,2486,2487,2488,2489,2490,2491,2492,2493,2494,2495,2496,2497,2498,2499,2500,2501,2502,2503,2504,2505,2506,2507,2508,2509,2510,2511,2512,2513,2514,2515,2516,2517,2518,2519,2520,2521,2522,2523,2524,2525,2526,2527,2528,2529,2530,2531,2532,2533,2534,2535,2536,2537,2538,2539,2539,2539,2539,2539,2539,2539,2539,2539,2539,2539,2539,2539,2539,2539,2539,2539,2539,2539,2539,2539,2539,2539,2539,2539,2539,2539,2539,2539,2539,2539,2539,2539,2539,2539,2539,2539,2539,2539,2539,2539,
goal:2539,2539,2539,2539,2539,2539,2539,2539,2539,2539,2539,2539,2539,2539,2539,2539,2539,2539,2539,2539,2539,2539,2539,2539,2539,2539,2539,2539,2539,2539,2539,2539,2539,2539,2539,2539,2539,2539,2539,2539,2539,2539,2539,2539,2539,2539,2539,2539,2539,2539,2539,2539,2539,2539,2539,2539,2539,2539,2539,2539,2539,2539,2539,2539,2539,2539,2539,2539,2539,2539,2539,2539,2539,2539,2539,2539,2539,2539,2539,2539,2539,2539,2539,2539,2539,2539,2539,2539,2539,2539,2539,2539,2539,2539,2539,2539,2539,2539,2539,2539,2539,2539,2539,
size:62
[agent] id:10
path:2072,2179,2286,2393,2500,2501,2502,2503,2504,2505,2506,2507,2508,2509,2510,2511,2512,2513,2514,2515,2516,2517,2518,2519,2520,2521,2522,2523,2524,2525,2526,2527,2528,2529,2530,2531,2532,2533,2534,2535,2536,2537,2538,2539,2540,2541,2542,2543,2544,2545,2546,2547,2548,2549,2550,2551,2552,2553,2554,2555,2555,2555,2555,2555,2555,2555,2555,2555,2555,2555,2555,2555,2555,2555,2555,2555,2555,2555,2555,2555,2555,2555,2555,2555,2555,2555,2555,2555,2555,2555,2555,2555,2555,2555,2555,2555,2555,2555,2555,2555,2555,2555,2555,
goal:2555,2555,2555,2555,2555,2555,2555,2555,2555,2555,2555,2555,2555,2555,2555,2555,2555,2555,2555,2555,2555,2555,2555,2555,2555,2555,2555,2555,2555,2555,2555,2555,2555,2555,2555,2555,2555,2555,2555,2555,2555,2555,2555,2555,2555,2555,2555,2555,2555,2555,2555,2555,2555,2555,2555,2555,2555,2555,2555,2555,2555,2555,2555,2555,2555,2555,2555,2555,2555,2555,2555,2555,2555,2555,2555,2555,2555,2555,2555,2555,2555,2555,2555,2555,2555,2555,2555,2555,2555,2555,2555,2555,2555,2555,2555,2555,2555,2555,2555,2555,2555,2555,2555,
size:59
[agent] id:11
path:820,927,1034,1141,1248,1355,1462,1569,1676,1783,1890,1997,2104,2211,2318,2317,2316,2315,2314,2313,2312,2311,2310,2309,2308,2307,2306,2305,2304,2303,2302,2301,2300,2299,2298,2297,2296,2295,2294,2293,2400,2399,2398,2397,2396,2395,2394,2393,2392,2391,2390,2389,2388,2387,2386,2385,2384,2383,2382,2381,2380,2379,2378,2377,2376,2375,2374,2373,2372,2371,2370,2369,2368,2367,2366,2365,2364,2363,2362,2361,2360,2360,2360,2360,2360,2360,2360,2360,2360,2360,2360,2360,2360,2360,2360,2360,2360,2360,2360,2360,2360,2360,2360,
goal:2360,2360,2360,2360,2360,2360,2360,2360,2360,2360,2360,2360,2360,2360,2360,2360,2360,2360,2360,2360,2360,2360,2360,2360,2360,2360,2360,2360,2360,2360,2360,2360,2360,2360,2360,2360,2360,2360,2360,2360,2360,2360,2360,2360,2360,2360,2360,2360,2360,2360,2360,2360,2360,2360,2360,2360,2360,2360,2360,2360,2360,2360,2360,2360,2360,2360,2360,2360,2360,2360,2360,2360,2360,2360,2360,2360,2360,2360,2360,2360,2360,2360,2360,2360,2360,2360,2360,2360,2360,2360,2360,2360,2360,2360,2360,2360,2360,2360,2360,2360,2360,2360,2360,
size:80
[agent] id:12
path:933,1040,1147,1254,1361,1360,1467,1466,1465,1464,1463,1462,1569,1676,1783,1890,1997,2104,2211,2318,2425,2424,2531,2638,2745,2852,2959,3066,3065,3064,3063,3062,3061,3060,3059,3058,3057,3056,3055,3054,3053,3052,3051,3050,3049,3048,3047,3046,3045,3044,3043,3042,3041,3040,3039,3038,3037,3036,3035,3034,3033,3032,3031,3030,3029,3028,3027,3026,3025,3024,3131,3238,3345,3344,3343,3342,3341,3340,3447,3554,3661,3768,3875,3982,4089,4088,4087,4086,4086,4086,4086,4086,4086,4086,4086,4086,4086,4086,4086,4086,4086,4086,4086,
goal:4086,4086,4086,4086,4086,4086,4086,4086,4086,4086,4086,4086,4086,4086,4086,4086,4086,4086,4086,4086,4086,4086,4086,4086,4086,4086,4086,4086,4086,4086,4086,4086,4086,4086,4086,4086,4086,4086,4086,4086,4086,4086,4086,4086,4086,4086,4086,4086,4086,4086,4086,4086,4086,4086,4086,4086,4086,4086,4086,4086,4086,4086,4086,4086,4086,4086,4086,4086,4086,4086,4086,4086,4086,4086,4086,4086,4086,4086,4086,4086,4086,4086,4086,4086,4086,4086,4086,4086,4086,4086,4086,4086,4086,4086,4086,4086,4086,4086,4086,4086,4086,4086,4086,
size:87
[agent] id:13
path:4307,4200,4093,3986,3879,3772,3771,3770,3769,3768,3661,3554,3447,3340,3233,3126,3019,2912,2805,2698,2591,2484,2377,2270,2163,2164,2165,2166,2167,2168,2169,2170,2171,2172,2173,2174,2175,2176,2177,2178,2179,2180,2181,2182,2183,2184,2185,2186,2186,2186,2186,2186,2186,2186,2186,2186,2186,2186,2186,2186,2186,2186,2186,2186,2186,2186,2186,2186,2186,2186,2186,2186,2186,2186,2186,2186,2186,2186,2186,2186,2186,2186,2186,2186,2186,2186,2186,2186,2186,2186,2186,2186,2186,2186,2186,2186,2186,2186,2186,2186,2186,2186,2186,
goal:2186,2186,2186,2186,2186,2186,2186,2186,2186,2186,2186,2186,2186,2186,2186,2186,2186,2186,2186,2186,2186,2186,2186,2186,2186,2186,2186,2186,2186,2186,2186,2186,2186,2186,2186,2186,2186,2186,2186,2186,2186,2186,2186,2186,2186,2186,2186,2186,2186,2186,2186,2186,2186,2186,2186,2186,2186,2186,2186,2186,2186,2186,2186,2186,2186,2186,2186,2186,2186,2186,2186,2186,2186,2186,2186,2186,2186,2186,2186,2186,2186,2186,2186,2186,2186,2186,2186,2186,2186,2186,2186,2186,2186,2186,2186,2186,2186,2186,2186,2186,2186,2186,2186,
size:47
[agent] id:14
path:2562,2455,2454,2453,2452,2451,2450,2449,2448,2447,2446,2445,2444,2443,2442,2441,2440,2439,2438,2437,2436,2435,2434,2433,2432,2431,2430,2429,2428,2427,2426,2425,2424,2423,2422,2421,2420,2419,2418,2417,2416,2415,2414,2413,2413,2413,2413,2413,2413,2413,2413,2413,2413,2413,2413,2413,2413,2413,2413,2413,2413,2413,2413,2413,2413,2413,2413,2413,2413,2413,2413,2413,2413,2413,2413,2413,2413,2413,2413,2413,2413,2413,2413,2413,2413,2413,2413,2413,2413,2413,2413,2413,2413,2413,2413,2413,2413,2413,2413,2413,2413,2413,2413,
goal:2413,2413,2413,2413,2413,2413,2413,2413,2413,2413,2413,2413,2413,2413,2413,2413,2413,2413,2413,2413,2413,2413,2413,2413,2413,2413,2413,2413,2413,2413,2413,2413,2413,2413,2413,2413,2413,2413,2413,2413,2413,2413,2413,2413,2413,2413,2413,2413,2413,2413,2413,2413,2413,2413,2413,2413,2413,2413,2413,2413,2413,2413,2413,2413,2413,2413,2413,2413,2413,2413,2413,2413,2413,2413,2413,2413,2413,2413,2413,2413,2413,2413,2413,2413,2413,2413,2413,2413,2413,2413,2413,2413,2413,2413,2413,2413,2413,2413,2413,2413,2413,2413,2413,
size:43
[agent] id:15
path:2447,2554,2555,2556,2557,2558,2665,2666,2667,2668,2668,2668,2668,2668,2668,2668,2668,2668,2668,2668,2668,2668,2668,2668,2668,2668,2668,2668,2668,2668,2668,2668,2668,2668,2668,2668,2668,2668,2668,2668,2668,2668,2668,2668,2668,2668,2668,2668,2668,2668,2668,2668,2668,2668,2668,2668,2668,2668,2668,2668,2668,2668,2668,2668,2668,2668,2668,2668,2668,2668,2668,2668,2668,2668,2668,2668,2668,2668,2668,2668,2668,2668,2668,2668,2668,2668,2668,2668,2668,2668,2668,2668,2668,2668,2668,2668,2668,2668,2668,2668,2668,2668,2668,
goal:2668,2668,2668,2668,2668,2668,2668,2668,2668,2668,2668,2668,2668,2668,2668,2668,2668,2668,2668,2668,2668,2668,2668,2668,2668,2668,2668,2668,2668,2668,2668,2668,2668,2668,2668,2668,2668,2668,2668,2668,2668,2668,2668,2668,2668,2668,2668,2668,2668,2668,2668,2668,2668,2668,2668,2668,2668,2668,2668,2668,2668,2668,2668,2668,2668,2668,2668,2668,2668,2668,2668,2668,2668,2668,2668,2668,2668,2668,2668,2668,2668,2668,2668,2668,2668,2668,2668,2668,2668,2668,2668,2668,2668,2668,2668,2668,2668,2668,2668,2668,2668,2668,2668,
size:9
[agent] id:16
path:2858,2751,2644,2537,2430,2323,2322,2321,2320,2319,2318,2317,2316,2315,2314,2313,2312,2311,2310,2309,2308,2307,2306,2305,2304,2303,2302,2195,2194,2193,2192,2191,2190,2189,2188,2187,2187,2187,2187,2187,2187,2187,2187,2187,2187,2187,2187,2187,2187,2187,2187,2187,2187,2187,2187,2187,2187,2187,2187,2187,2187,2187,2187,2187,2187,2187,2187,2187,2187,2187,2187,2187,2187,2187,2187,2187,2187,2187,2187,2187,2187,2187,2187,2187,2187,2187,2187,2187,2187,2187,2187,2187,2187,2187,2187,2187,2187,2187,2187,2187,2187,2187,2187,
goal:2187,2187,2187,2187,2187,2187,2187,2187,2187,2187,2187,2187,2187,2187,2187,2187,2187,2187,2187,2187,2187,2187,2187,2187,2187,2187,2187,2187,2187,2187,2187,2187,2187,2187,2187,2187,2187,2187,2187,2187,2187,2187,2187,2187,2187,2187,2187,2187,2187,2187,2187,2187,2187,2187,2187,2187,2187,2187,2187,2187,2187,2187,2187,2187,2187,2187,2187,2187,2187,2187,2187,2187,2187,2187,2187,2187,2187,2187,2187,2187,2187,2187,2187,2187,2187,2187,2187,2187,2187,2187,2187,2187,2187,2187,2187,2187,2187,2187,2187,2187,2187,2187,2187,
size:35
[agent] id:17
path:2361,2362,2363,2364,2365,2366,2367,2368,2369,2370,2371,2372,2373,2374,2375,2376,2377,2378,2379,2380,2381,2382,2383,2384,2385,2386,2387,2388,2389,2390,2391,2392,2393,2394,2395,2396,2397,2398,2399,2399,2292,2293,2294,2295,2296,2297,2298,2299,2300,2301,2302,2303,2304,2305,2306,2307,2414,2415,2416,2417,2418,2419,2420,2421,2422,2423,2424,2425,2426,2427,2428,2429,2430,2431,2432,2433,2434,2435,2436,2437,2438,2439,2440,2441,2442,2443,2444,2445,2446,2447,2448,2449,2450,2451,2452,2452,2452,2452,2452,2452,2452,2452,2452,
goal:2452,2452,2452,2452,2452,2452,2452,2452,2452,2452,2452,2452,2452,2452,2452,2452,2452,2452,2452,2452,2452,2452,2452,2452,2452,2452,2452,2452,2452,2452,2452,2452,2452,2452,2452,2452,2452,2452,2452,2452,2452,2452,2452,2452,2452,2452,2452,2452,2452,2452,2452,2452,2452,2452,2452,2452,2452,2452,2452,2452,2452,2452,2452,2452,2452,2452,2452,2452,2452,2452,2452,2452,2452,2452,2452,2452,2452,2452,2452,2452,2452,2452,2452,2452,2452,2452,2452,2452,2452,2452,2452,2452,2452,2452,2452,2452,2452,2452,2452,2452,2452,2452,2452,
size:94
[agent] id:18
path:2298,2405,2512,2619,2726,2833,2940,3047,3046,3045,3044,3043,3042,3041,3040,3039,3038,3037,3036,3035,3034,3033,3032,3031,3030,3029,3028,3027,3026,3025,3024,3131,3130,3129,3128,3127,3126,3125,3124,3123,3122,3121,3121,3121,3121,3121,3121,3121,3121,3121,3121,3121,3121,3121,3121,3121,3121,3121,3121,3121,3121,3121,3121,3121,3121,3121,3121,3121,3121,3121,3121,3121,3121,3121,3121,3121,3121,3121,3121,3121,3121,3121,3121,3121,3121,3121,3121,3121,3121,3121,3121,3121,3121,3121,3121,3121,3121,3121,3121,3121,3121,3121,3121,
goal:3121,3121,3121,3121,3121,3121,3121,3121,3121,3121,3121,3121,3121,3121,3121,3121,3121,3121,3121,3121,3121,3121,3121,3121,3121,3121,3121,3121,3121,3121,3121,3121,3121,3121,3121,3121,3121,3121,3121,3121,3121,3121,3121,3121,3121,3121,3121,3121,3121,3121,3121,3121,3121,3121,3121,3121,3121,3121,3121,3121,3121,3121,3121,3121,3121,3121,3121,3121,3121,3121,3121,3121,3121,3121,3121,3121,3121,3121,3121,3121,3121,3121,3121,3121,3121,3121,3121,3121,3121,3121,3121,3121,3121,3121,3121,3121,3121,3121,3121,3121,3121,3121,3121,
size:41
[agent] id:19
path:2000,2107,2214,2321,2320,2319,2318,2317,2316,2315,2314,2313,2312,2311,2310,2309,2308,2307,2306,2305,2304,2303,2302,2301,2300,2299,2298,2297,2296,2295,2294,2293,2292,2291,2290,2289,2288,2287,2286,2285,2284,2283,2282,2281,2280,2279,2278,2277,2276,2275,2274,2273,2272,2271,2270,2269,2268,2267,2266,2265,2264,2371,2370,2369,2368,2367,2260,2259,2258,2257,2256,2255,2255,2255,2255,2255,2255,2255,2255,2255,2255,2255,2255,2255,2255,2255,2255,2255,2255,2255,2255,2255,2255,2255,2255,2255,2255,2255,2255,2255,2255,2255,2255,
goal:2255,2255,2255,2255,2255,2255,2255,2255,2255,2255,2255,2255,2255,2255,2255,2255,2255,2255,2255,2255,2255,2255,2255,2255,2255,2255,2255,2255,2255,2255,2255,2255,2255,2255,2255,2255,2255,2255,2255,2255,2255,2255,2255,2255,2255,2255,2255,2255,2255,2255,2255,2255,2255,2255,2255,2255,2255,2255,2255,2255,2255,2255,2255,2255,2255,2255,2255,2255,2255,2255,2255,2255,2255,2255,2255,2255,2255,2255,2255,2255,2255,2255,2255,2255,2255,2255,2255,2255,2255,2255,2255,2255,2255,2255,2255,2255,2255,2255,2255,2255,2255,2255,2255,
size:71
[agent] id:20
path:2972,2971,2970,2969,2968,2967,2966,2965,2964,2963,2962,2961,2960,2959,2958,2957,2956,2955,2954,2953,2952,2951,2950,2949,2948,2947,2946,2945,2944,2943,2942,2941,2940,2939,2938,2937,2936,2935,2934,2933,2932,2931,2930,2929,2928,2927,2926,2925,2924,2923,2922,2921,2920,2919,2918,2917,2916,2915,2914,2913,2912,2911,2910,2909,2908,2907,2906,2799,2692,2585,2478,2477,2476,2475,2474,2581,2688,2795,2902,3009,3008,3115,3114,3113,3112,3111,3111,3111,3111,3111,3111,3111,3111,3111,3111,3111,3111,3111,3111,3111,3111,3111,3111,
goal:3111,3111,3111,3111,3111,3111,3111,3111,3111,3111,3111,3111,3111,3111,3111,3111,3111,3111,3111,3111,3111,3111,3111,3111,3111,3111,3111,3111,3111,3111,3111,3111,3111,3111,3111,3111,3111,3111,3111,3111,3111,3111,3111,3111,3111,3111,3111,3111,3111,3111,3111,3111,3111,3111,3111,3111,3111,3111,3111,3111,3111,3111,3111,3111,3111,3111,3111,3111,3111,3111,3111,3111,3111,3111,3111,3111,3111,3111,3111,3111,3111,3111,3111,3111,3111,3111,3111,3111,3111,3111,3111,3111,3111,3111,3111,3111,3111,3111,3111,3111,3111,3111,3111,
size:85
[agent] id:21
path:3306,3199,3092,3093,2986,2879,2772,2665,2664,2663,2662,2661,2660,2767,2874,2873,2872,2871,2870,2869,2868,2867,2866,2865,2864,2863,2862,2861,2860,2859,2858,2857,2856,2855,2854,2853,2852,2851,2850,2849,2848,2847,2846,2845,2844,2843,2842,2841,2840,2839,2838,2837,2836,2835,2834,2833,2832,2831,2830,2829,2828,2827,2826,2825,2824,2823,2822,2821,2820,2819,2818,2817,2816,2815,2814,2813,2812,2811,2810,2809,2808,2807,2806,2805,2804,2803,2802,2802,2802,2802,2802,2802,2802,2802,2802,2802,2802,2802,2802,2802,2802,2802,2802,
goal:2802,2802,2802,2802,2802,2802,2802,2802,2802,2802,2802,2802,2802,2802,2802,2802,2802,2802,2802,2802,2802,2802,2802,2802,2802,2802,2802,2802,2802,2802,2802,2802,2802,2802,2802,2802,2802,2802,2802,2802,2802,2802,2802,2802,2802,2802,2802,2802,2802,2802,2802,2802,2802,2802,2802,2802,2802,2802,2802,2802,2802,2802,2802,2802,2802,2802,2802,2802,2802,2802,2802,2802,2802,2802,2802,2802,2802,2802,2802,2802,2802,2802,2802,2802,2802,2802,2802,2802,2802,2802,2802,2802,2802,2802,2802,2802,2802,2802,2802,2802,2802,2802,2802,
size:86
[agent] id:22
path:2188,2081,1974,1973,1972,1971,1970,1969,1968,1967,1966,1965,1964,1963,1962,1962,1962,1962,1962,1962,1962,1962,1962,1962,1962,1962,1962,1962,1962,1962,1962,1962,1962,1962,1962,1962,1962,1962,1962,1962,1962,1962,1962,1962,1962,1962,1962,1962,1962,1962,1962,1962,1962,1962,1962,1962,1962,1962,1962,1962,1962,1962,1962,1962,1962,1962,1962,1962,1962,1962,1962,1962,1962,1962,1962,1962,1962,1962,1962,1962,1962,1962,1962,1962,1962,1962,1962,1962,1962,1962,1962,1962,1962,1962,1962,1962,1962,1962,1962,1962,1962,1962,1962,
goal:1962,1962,1962,1962,1962,1962,1962,1962,1962,1962,1962,1962,1962,1962,1962,1962,1962,1962,1962,1962,1962,1962,1962,1962,1962,1962,1962,1962,1962,1962,1962,1962,1962,1962,1962,1962,1962,1962,1962,1962,1962,1962,1962,1962,1962,1962,1962,1962,1962,1962,1962,1962,1962,1962,1962,1962,1962,1962,1962,1962,1962,1962,1962,1962,1962,1962,1962,1962,1962,1962,1962,1962,1962,1962,1962,1962,1962,1962,1962,1962,1962,1962,1962,1962,1962,1962,1962,1962,1962,1962,1962,1962,1962,1962,1962,1962,1962,1962,1962,1962,1962,1962,1962,
size:14
[agent] id:23
path:2243,2242,2349,2348,2455,2562,2561,2560,2559,2558,2557,2556,2555,2554,2553,2552,2551,2550,2549,2548,2547,2546,2545,2544,2543,2542,2541,2540,2539,2538,2537,2536,2535,2534,2533,2532,2425,2424,2423,2422,2421,2420,2419,2418,2417,2416,2415,2522,2521,2520,2519,2518,2517,2516,2515,2514,2513,2512,2511,2510,2509,2508,2507,2506,2505,2504,2503,2502,2501,2500,2499,2498,2497,2496,2495,2494,2493,2492,2491,2490,2489,2488,2487,2486,2485,2484,2483,2482,2481,2480,2479,2478,2477,2476,2475,2474,2581,2688,2795,2902,3009,3008,3007,
goal:3007,3007,3007,3007,3007,3007,3007,3007,3007,3007,3007,3007,3007,3007,3007,3007,3007,3007,3007,3007,3007,3007,3007,3007,3007,3007,3007,3007,3007,3007,3007,3007,3007,3007,3007,3007,3007,3007,3007,3007,3007,3007,3007,3007,3007,3007,3007,3007,3007,3007,3007,3007,3007,3007,3007,3007,3007,3007,3007,3007,3007,3007,3007,3007,3007,3007,3007,3007,3007,3007,3007,3007,3007,3007,3007,3007,3007,3007,3007,3007,3007,3007,3007,3007,3007,3007,3007,3007,3007,3007,3007,3007,3007,3007,3007,3007,3007,3007,3007,3007,3007,3007,3007,
size:102
[agent] id:24
path:4456,4349,4242,4135,4028,3921,3814,3707,3600,3601,3494,3387,3280,3173,3066,2959,2852,2745,2638,2531,2424,2317,2210,2103,2102,2101,2100,2099,2098,2097,2096,2095,2094,2093,2092,2091,2090,2089,2088,2087,2086,2085,2084,2083,2082,2081,2080,2079,2078,2077,2076,2075,2074,2073,2072,2071,2070,2069,2068,2068,2068,2068,2068,2068,2068,2068,2068,2068,2068,2068,2068,2068,2068,2068,2068,2068,2068,2068,2068,2068,2068,2068,2068,2068,2068,2068,2068,2068,2068,2068,2068,2068,2068,2068,2068,2068,2068,2068,2068,2068,2068,2068,2068,
goal:2068,2068,2068,2068,2068,2068,2068,2068,2068,2068,2068,2068,2068,2068,2068,2068,2068,2068,2068,2068,2068,2068,2068,2068,2068,2068,2068,2068,2068,2068,2068,2068,2068,2068,2068,2068,2068,2068,2068,2068,2068,2068,2068,2068,2068,2068,2068,2068,2068,2068,2068,2068,2068,2068,2068,2068,2068,2068,2068,2068,2068,2068,2068,2068,2068,2068,2068,2068,2068,2068,2068,2068,2068,2068,2068,2068,2068,2068,2068,2068,2068,2068,2068,2068,2068,2068,2068,2068,2068,2068,2068,2068,2068,2068,2068,2068,2068,2068,2068,2068,2068,2068,2068,
size:58
[agent] id:25
path:477,584,691,798,905,1012,1119,1226,1333,1440,1439,1438,1545,1652,1759,1866,1973,2080,2187,2188,2189,2190,2191,2192,2193,2194,2195,2196,2197,2198,2199,2200,2201,2202,2203,2204,2205,2206,2207,2208,2209,2210,2210,2210,2210,2210,2210,2210,2210,2210,2210,2210,2210,2210,2210,2210,2210,2210,2210,2210,2210,2210,2210,2210,2210,2210,2210,2210,2210,2210,2210,2210,2210,2210,2210,2210,2210,2210,2210,2210,2210,2210,2210,2210,2210,2210,2210,2210,2210,2210,2210,2210,2210,2210,2210,2210,2210,2210,2210,2210,2210,2210,2210,
goal:2210,2210,2210,2210,2210,2210,2210,2210,2210,2210,2210,2210,2210,2210,2210,2210,2210,2210,2210,2210,2210,2210,2210,2210,2210,2210,2210,2210,2210,2210,2210,2210,2210,2210,2210,2210,2210,2210,2210,2210,2210,2210,2210,2210,2210,2210,2210,2210,2210,2210,2210,2210,2210,2210,2210,2210,2210,2210,2210,2210,2210,2210,2210,2210,2210,2210,2210,2210,2210,2210,2210,2210,2210,2210,2210,2210,2210,2210,2210,2210,2210,2210,2210,2210,2210,2210,2210,2210,2210,2210,2210,2210,2210,2210,2210,2210,2210,2210,2210,2210,2210,2210,2210,
size:41
[agent] id:26
path:2187,2294,2401,2508,2615,2616,2617,2618,2619,2620,2621,2622,2623,2624,2625,2626,2627,2628,2629,2630,2631,2632,2633,2740,2741,2742,2743,2744,2745,2746,2747,2748,2749,2750,2751,2752,2752,2752,2752,2752,2752,2752,2752,2752,2752,2752,2752,2752,2752,2752,2752,2752,2752,2752,2752,2752,2752,2752,2752,2752,2752,2752,2752,2752,2752,2752,2752,2752,2752,2752,2752,2752,2752,2752,2752,2752,2752,2752,2752,2752,2752,2752,2752,2752,2752,2752,2752,2752,2752,2752,2752,2752,2752,2752,2752,2752,2752,2752,2752,2752,2752,2752,2752,
goal:2752,2752,2752,2752,2752,2752,2752,2752,2752,2752,2752,2752,2752,2752,2752,2752,2752,2752,2752,2752,2752,2752,2752,2752,2752,2752,2752,2752,2752,2752,2752,2752,2752,2752,2752,2752,2752,2752,2752,2752,2752,2752,2752,2752,2752,2752,2752,2752,2752,2752,2752,2752,2752,2752,2752,2752,2752,2752,2752,2752,2752,2752,2752,2752,2752,2752,2752,2752,2752,2752,2752,2752,2752,2752,2752,2752,2752,2752,2752,2752,2752,2752,2752,2752,2752,2752,2752,2752,2752,2752,2752,2752,2752,2752,2752,2752,2752,2752,2752,2752,2752,2752,2752,
size:35
[agent] id:27
path:2952,2845,2738,2739,2739,2739,2739,2739,2739,2739,2739,2739,2739,2739,2739,2739,2739,2739,2739,2739,2739,2739,2739,2739,2739,2739,2739,2739,2739,2739,2739,2739,2739,2739,2739,2739,2739,2739,2739,2739,2739,2739,2739,2739,2739,2739,2739,2739,2739,2739,2739,2739,2739,2739,2739,2739,2739,2739,2739,2739,2739,2739,2739,2739,2739,2739,2739,2739,2739,2739,2739,2739,2739,2739,2739,2739,2739,2739,2739,2739,2739,2739,2739,2739,2739,2739,2739,2739,2739,2739,2739,2739,2739,2739,2739,2739,2739,2739,2739,2739,2739,2739,2739,
goal:2739,2739,2739,2739,2739,2739,2739,2739,2739,2739,2739,2739,2739,2739,2739,2739,2739,2739,2739,2739,2739,2739,2739,2739,2739,2739,2739,2739,2739,2739,2739,2739,2739,2739,2739,2739,2739,2739,2739,2739,2739,2739,2739,2739,2739,2739,2739,2739,2739,2739,2739,2739,2739,2739,2739,2739,2739,2739,2739,2739,2739,2739,2739,2739,2739,2739,2739,2739,2739,2739,2739,2739,2739,2739,2739,2739,2739,2739,2739,2739,2739,2739,2739,2739,2739,2739,2739,2739,2739,2739,2739,2739,2739,2739,2739,2739,2739,2739,2739,2739,2739,2739,2739,
size:3
[agent] id:28
path:3705,3598,3599,3600,3601,3494,3387,3280,3173,3066,2959,2852,2745,2746,2747,2748,2749,2750,2751,2752,2753,2754,2755,2756,2757,2758,2759,2760,2761,2762,2763,2764,2765,2766,2767,2660,2661,2662,2663,2664,2665,2772,2772,2772,2772,2772,2772,2772,2772,2772,2772,2772,2772,2772,2772,2772,2772,2772,2772,2772,2772,2772,2772,2772,2772,2772,2772,2772,2772,2772,2772,2772,2772,2772,2772,2772,2772,2772,2772,2772,2772,2772,2772,2772,2772,2772,2772,2772,2772,2772,2772,2772,2772,2772,2772,2772,2772,2772,2772,2772,2772,2772,2772,
goal:2772,2772,2772,2772,2772,2772,2772,2772,2772,2772,2772,2772,2772,2772,2772,2772,2772,2772,2772,2772,2772,2772,2772,2772,2772,2772,2772,2772,2772,2772,2772,2772,2772,2772,2772,2772,2772,2772,2772,2772,2772,2772,2772,2772,2772,2772,2772,2772,2772,2772,2772,2772,2772,2772,2772,2772,2772,2772,2772,2772,2772,2772,2772,2772,2772,2772,2772,2772,2772,2772,2772,2772,2772,2772,2772,2772,2772,2772,2772,2772,2772,2772,2772,2772,2772,2772,2772,2772,2772,2772,2772,2772,2772,2772,2772,2772,2772,2772,2772,2772,2772,2772,2772,
size:41
[agent] id:29
path:1840,1947,2054,2161,2268,2375,2482,2589,2590,2591,2592,2593,2594,2595,2596,2597,2598,2599,2600,2601,2602,2603,2604,2605,2606,2607,2608,2609,2610,2611,2612,2613,2614,2615,2616,2617,2618,2619,2620,2621,2622,2623,2624,2625,2626,2627,2628,2629,2630,2631,2632,2633,2634,2635,2636,2637,2638,2639,2640,2641,2642,2643,2644,2645,2646,2753,2754,2755,2756,2757,2758,2759,2760,2761,2762,2763,2764,2765,2766,2766,2766,2766,2766,2766,2766,2766,2766,2766,2766,2766,2766,2766,2766,2766,2766,2766,2766,2766,2766,2766,2766,2766,2766,
goal:2766,2766,2766,2766,2766,2766,2766,2766,2766,2766,2766,2766,2766,2766,2766,2766,2766,2766,2766,2766,2766,2766,2766,2766,2766,2766,2766,2766,2766,2766,2766,2766,2766,2766,2766,2766,2766,2766,2766,2766,2766,2766,2766,2766,2766,2766,2766,2766,2766,2766,2766,2766,2766,2766,2766,2766,2766,2766,2766,2766,2766,2766,2766,2766,2766,2766,2766,2766,2766,2766,2766,2766,2766,2766,2766,2766,2766,2766,2766,2766,2766,2766,2766,2766,2766,2766,2766,2766,2766,2766,2766,2766,2766,2766,2766,2766,2766,2766,2766,2766,2766,2766,2766,
size:78
SolutionCost:1475
