[setting] seed:64
[solver] type:ECBS
[solver] w:3.000000
[solver] ID:0
[solver] Lowlevelnode:51319
[solver] solved:1
[solver] elapsed:198
[solver] makespan:85
[problem] timesteplimit:10000
[problem] type:MAPF
[problem] agentnum:20
[graph] width:107
[graph] height:47
[graph] filename:./map/orz601d.map
[task] id:1,start:0,end:0,service time:0,nodes:2289,
[task] id:18,start:0,end:0,service time:0,nodes:3062,
[task] id:15,start:0,end:0,service time:0,nodes:365,
[task] id:13,start:0,end:0,service time:0,nodes:3126,
[task] id:14,start:0,end:0,service time:0,nodes:3021,
[task] id:10,start:0,end:0,service time:0,nodes:2693,
[task] id:2,start:0,end:0,service time:0,nodes:2640,
[task] id:12,start:0,end:0,service time:0,nodes:2947,
[task] id:0,start:0,end:0,service time:0,nodes:2739,
[task] id:4,start:0,end:0,service time:0,nodes:3715,
[task] id:8,start:0,end:0,service time:0,nodes:2373,
[task] id:5,start:0,end:0,service time:0,nodes:2016,
[task] id:3,start:0,end:0,service time:0,nodes:3057,
[task] id:7,start:0,end:0,service time:0,nodes:1521,
[task] id:19,start:0,end:0,service time:0,nodes:1910,
[task] id:11,start:0,end:0,service time:0,nodes:2938,
[task] id:9,start:0,end:0,service time:0,nodes:3089,
[task] id:16,start:0,end:0,service time:0,nodes:3228,
[task] id:6,start:0,end:0,service time:0,nodes:2774,
[task] id:17,start:0,end:0,service time:0,nodes:4250,
[agent] id:0
path:4250,4143,4036,3929,3822,3715,3714,3607,3606,3605,3604,3603,3602,3495,3388,3281,3174,3067,2960,2853,2746,2745,2744,2743,2742,2741,2740,2739,2739,2739,2739,2739,2739,2739,2739,2739,2739,2739,2739,2739,2739,2739,2739,2739,2739,2739,2739,2739,2739,2739,2739,2739,2739,2739,2739,2739,2739,2739,2739,2739,2739,2739,2739,2739,2739,2739,2739,2739,2739,2739,2739,2739,2739,2739,2739,2739,2739,2739,2739,2739,2739,2739,2739,2739,2739,2739,
goal:2739,2739,2739,2739,2739,2739,2739,2739,2739,2739,2739,2739,2739,2739,2739,2739,2739,2739,2739,2739,2739,2739,2739,2739,2739,2739,2739,2739,2739,2739,2739,2739,2739,2739,2739,2739,2739,2739,2739,2739,2739,2739,2739,2739,2739,2739,2739,2739,2739,2739,2739,2739,2739,2739,2739,2739,2739,2739,2739,2739,2739,2739,2739,2739,2739,2739,2739,2739,2739,2739,2739,2739,2739,2739,2739,2739,2739,2739,2739,2739,2739,2739,2739,2739,2739,2739,
size:27
[agent] id:1
path:2399,2292,2291,2290,2289,2289,2289,2289,2289,2289,2289,2289,2289,2289,2289,2289,2289,2289,2289,2289,2289,2289,2289,2289,2289,2289,2289,2289,2289,2289,2289,2289,2289,2289,2289,2289,2289,2289,2289,2289,2289,2289,2289,2289,2289,2289,2289,2289,2289,2289,2289,2289,2289,2289,2289,2289,2289,2289,2289,2289,2289,2289,2289,2289,2289,2289,2289,2289,2289,2289,2289,2289,2289,2289,2289,2289,2289,2289,2289,2289,2289,2289,2289,2289,2289,2289,
goal:2289,2289,2289,2289,2289,2289,2289,2289,2289,2289,2289,2289,2289,2289,2289,2289,2289,2289,2289,2289,2289,2289,2289,2289,2289,2289,2289,2289,2289,2289,2289,2289,2289,2289,2289,2289,2289,2289,2289,2289,2289,2289,2289,2289,2289,2289,2289,2289,2289,2289,2289,2289,2289,2289,2289,2289,2289,2289,2289,2289,2289,2289,2289,2289,2289,2289,2289,2289,2289,2289,2289,2289,2289,2289,2289,2289,2289,2289,2289,2289,2289,2289,2289,2289,2289,2289,
size:4
[agent] id:2
path:2557,2664,2663,2662,2661,2660,2659,2658,2657,2656,2655,2654,2653,2652,2651,2650,2649,2648,2647,2646,2645,2644,2643,2642,2641,2640,2640,2640,2640,2640,2640,2640,2640,2640,2640,2640,2640,2640,2640,2640,2640,2640,2640,2640,2640,2640,2640,2640,2640,2640,2640,2640,2640,2640,2640,2640,2640,2640,2640,2640,2640,2640,2640,2640,2640,2640,2640,2640,2640,2640,2640,2640,2640,2640,2640,2640,2640,2640,2640,2640,2640,2640,2640,2640,2640,2640,
goal:2640,2640,2640,2640,2640,2640,2640,2640,2640,2640,2640,2640,2640,2640,2640,2640,2640,2640,2640,2640,2640,2640,2640,2640,2640,2640,2640,2640,2640,2640,2640,2640,2640,2640,2640,2640,2640,2640,2640,2640,2640,2640,2640,2640,2640,2640,2640,2640,2640,2640,2640,2640,2640,2640,2640,2640,2640,2640,2640,2640,2640,2640,2640,2640,2640,2640,2640,2640,2640,2640,2640,2640,2640,2640,2640,2640,2640,2640,2640,2640,2640,2640,2640,2640,2640,2640,
size:25
[agent] id:3
path:1810,1917,2024,2131,2238,2345,2452,2559,2666,2665,2664,2663,2662,2661,2660,2767,2874,2981,2980,2979,2978,2977,2976,2975,2974,2973,2972,2971,2970,2969,2968,2967,2966,2965,2964,2963,2962,2961,2960,2959,2958,2957,2956,2955,2954,3061,3060,3059,3058,3057,3057,3057,3057,3057,3057,3057,3057,3057,3057,3057,3057,3057,3057,3057,3057,3057,3057,3057,3057,3057,3057,3057,3057,3057,3057,3057,3057,3057,3057,3057,3057,3057,3057,3057,3057,3057,
goal:3057,3057,3057,3057,3057,3057,3057,3057,3057,3057,3057,3057,3057,3057,3057,3057,3057,3057,3057,3057,3057,3057,3057,3057,3057,3057,3057,3057,3057,3057,3057,3057,3057,3057,3057,3057,3057,3057,3057,3057,3057,3057,3057,3057,3057,3057,3057,3057,3057,3057,3057,3057,3057,3057,3057,3057,3057,3057,3057,3057,3057,3057,3057,3057,3057,3057,3057,3057,3057,3057,3057,3057,3057,3057,3057,3057,3057,3057,3057,3057,3057,3057,3057,3057,3057,3057,
size:49
[agent] id:4
path:3085,3084,3083,3082,3081,3080,3079,3078,3077,3076,3075,3074,3073,3072,3179,3178,3177,3176,3175,3174,3281,3388,3495,3602,3709,3710,3711,3712,3713,3714,3715,3715,3715,3715,3715,3715,3715,3715,3715,3715,3715,3715,3715,3715,3715,3715,3715,3715,3715,3715,3715,3715,3715,3715,3715,3715,3715,3715,3715,3715,3715,3715,3715,3715,3715,3715,3715,3715,3715,3715,3715,3715,3715,3715,3715,3715,3715,3715,3715,3715,3715,3715,3715,3715,3715,3715,
goal:3715,3715,3715,3715,3715,3715,3715,3715,3715,3715,3715,3715,3715,3715,3715,3715,3715,3715,3715,3715,3715,3715,3715,3715,3715,3715,3715,3715,3715,3715,3715,3715,3715,3715,3715,3715,3715,3715,3715,3715,3715,3715,3715,3715,3715,3715,3715,3715,3715,3715,3715,3715,3715,3715,3715,3715,3715,3715,3715,3715,3715,3715,3715,3715,3715,3715,3715,3715,3715,3715,3715,3715,3715,3715,3715,3715,3715,3715,3715,3715,3715,3715,3715,3715,3715,3715,
size:30
[agent] id:5
path:2402,2295,2188,2081,1974,1975,1976,1977,1978,1979,1980,1981,1982,1983,1984,1985,1986,1987,1988,1989,1990,1991,1992,1993,1994,1995,1996,1997,1998,1999,2000,2001,2002,2003,2004,2005,2006,2007,2008,2009,2010,2011,2012,2013,2014,2015,2016,2016,2016,2016,2016,2016,2016,2016,2016,2016,2016,2016,2016,2016,2016,2016,2016,2016,2016,2016,2016,2016,2016,2016,2016,2016,2016,2016,2016,2016,2016,2016,2016,2016,2016,2016,2016,2016,2016,2016,
goal:2016,2016,2016,2016,2016,2016,2016,2016,2016,2016,2016,2016,2016,2016,2016,2016,2016,2016,2016,2016,2016,2016,2016,2016,2016,2016,2016,2016,2016,2016,2016,2016,2016,2016,2016,2016,2016,2016,2016,2016,2016,2016,2016,2016,2016,2016,2016,2016,2016,2016,2016,2016,2016,2016,2016,2016,2016,2016,2016,2016,2016,2016,2016,2016,2016,2016,2016,2016,2016,2016,2016,2016,2016,2016,2016,2016,2016,2016,2016,2016,2016,2016,2016,2016,2016,2016,
size:46
[agent] id:6
path:2179,2286,2393,2500,2501,2502,2503,2504,2505,2506,2507,2508,2509,2510,2511,2512,2513,2514,2515,2516,2517,2518,2519,2520,2521,2522,2523,2524,2525,2526,2527,2528,2529,2530,2531,2532,2533,2534,2641,2642,2643,2644,2645,2646,2647,2648,2649,2650,2651,2652,2653,2654,2655,2656,2657,2658,2659,2660,2661,2662,2663,2664,2665,2772,2773,2774,2774,2774,2774,2774,2774,2774,2774,2774,2774,2774,2774,2774,2774,2774,2774,2774,2774,2774,2774,2774,
goal:2774,2774,2774,2774,2774,2774,2774,2774,2774,2774,2774,2774,2774,2774,2774,2774,2774,2774,2774,2774,2774,2774,2774,2774,2774,2774,2774,2774,2774,2774,2774,2774,2774,2774,2774,2774,2774,2774,2774,2774,2774,2774,2774,2774,2774,2774,2774,2774,2774,2774,2774,2774,2774,2774,2774,2774,2774,2774,2774,2774,2774,2774,2774,2774,2774,2774,2774,2774,2774,2774,2774,2774,2774,2774,2774,2774,2774,2774,2774,2774,2774,2774,2774,2774,2774,2774,
size:65
[agent] id:7
path:2312,2205,2098,2097,2096,2095,2094,2093,2092,2091,2090,2089,2088,2087,2086,1979,1978,1977,1976,1975,1974,1973,1972,1971,1970,1969,1968,1967,1966,1965,1964,1963,1962,1961,1960,1959,1958,1957,1956,1955,1954,1847,1846,1845,1844,1843,1842,1735,1628,1521,1521,1521,1521,1521,1521,1521,1521,1521,1521,1521,1521,1521,1521,1521,1521,1521,1521,1521,1521,1521,1521,1521,1521,1521,1521,1521,1521,1521,1521,1521,1521,1521,1521,1521,1521,1521,
goal:1521,1521,1521,1521,1521,1521,1521,1521,1521,1521,1521,1521,1521,1521,1521,1521,1521,1521,1521,1521,1521,1521,1521,1521,1521,1521,1521,1521,1521,1521,1521,1521,1521,1521,1521,1521,1521,1521,1521,1521,1521,1521,1521,1521,1521,1521,1521,1521,1521,1521,1521,1521,1521,1521,1521,1521,1521,1521,1521,1521,1521,1521,1521,1521,1521,1521,1521,1521,1521,1521,1521,1521,1521,1521,1521,1521,1521,1521,1521,1521,1521,1521,1521,1521,1521,1521,
size:49
[agent] id:8
path:582,689,796,903,1010,1117,1224,1331,1438,1545,1652,1759,1866,1973,2080,2187,2294,2401,2400,2399,2398,2397,2396,2395,2394,2393,2392,2391,2390,2389,2388,2387,2386,2385,2384,2383,2382,2381,2380,2379,2378,2377,2376,2375,2374,2373,2373,2373,2373,2373,2373,2373,2373,2373,2373,2373,2373,2373,2373,2373,2373,2373,2373,2373,2373,2373,2373,2373,2373,2373,2373,2373,2373,2373,2373,2373,2373,2373,2373,2373,2373,2373,2373,2373,2373,2373,
goal:2373,2373,2373,2373,2373,2373,2373,2373,2373,2373,2373,2373,2373,2373,2373,2373,2373,2373,2373,2373,2373,2373,2373,2373,2373,2373,2373,2373,2373,2373,2373,2373,2373,2373,2373,2373,2373,2373,2373,2373,2373,2373,2373,2373,2373,2373,2373,2373,2373,2373,2373,2373,2373,2373,2373,2373,2373,2373,2373,2373,2373,2373,2373,2373,2373,2373,2373,2373,2373,2373,2373,2373,2373,2373,2373,2373,2373,2373,2373,2373,2373,2373,2373,2373,2373,2373,
size:45
[agent] id:9
path:3035,3036,3037,3038,3039,3040,3041,3042,3043,3044,3045,3046,3047,3048,3049,3050,3051,3052,3053,3054,3055,3056,3057,3058,3059,3060,3061,2954,2955,2956,3063,3064,3065,3066,3067,3068,3069,3176,3069,3070,3071,3072,3073,3074,3075,3076,3077,3078,3079,3080,3081,3082,3083,3084,3085,3086,3087,3088,3089,3089,3089,3089,3089,3089,3089,3089,3089,3089,3089,3089,3089,3089,3089,3089,3089,3089,3089,3089,3089,3089,3089,3089,3089,3089,3089,3089,
goal:3089,3089,3089,3089,3089,3089,3089,3089,3089,3089,3089,3089,3089,3089,3089,3089,3089,3089,3089,3089,3089,3089,3089,3089,3089,3089,3089,3089,3089,3089,3089,3089,3089,3089,3089,3089,3089,3089,3089,3089,3089,3089,3089,3089,3089,3089,3089,3089,3089,3089,3089,3089,3089,3089,3089,3089,3089,3089,3089,3089,3089,3089,3089,3089,3089,3089,3089,3089,3089,3089,3089,3089,3089,3089,3089,3089,3089,3089,3089,3089,3089,3089,3089,3089,3089,3089,
size:58
[agent] id:10
path:4413,4306,4199,4092,3985,3878,3771,3770,3769,3768,3661,3554,3447,3340,3233,3232,3125,3018,2911,2804,2697,2696,2695,2694,2693,2693,2693,2693,2693,2693,2693,2693,2693,2693,2693,2693,2693,2693,2693,2693,2693,2693,2693,2693,2693,2693,2693,2693,2693,2693,2693,2693,2693,2693,2693,2693,2693,2693,2693,2693,2693,2693,2693,2693,2693,2693,2693,2693,2693,2693,2693,2693,2693,2693,2693,2693,2693,2693,2693,2693,2693,2693,2693,2693,2693,2693,
goal:2693,2693,2693,2693,2693,2693,2693,2693,2693,2693,2693,2693,2693,2693,2693,2693,2693,2693,2693,2693,2693,2693,2693,2693,2693,2693,2693,2693,2693,2693,2693,2693,2693,2693,2693,2693,2693,2693,2693,2693,2693,2693,2693,2693,2693,2693,2693,2693,2693,2693,2693,2693,2693,2693,2693,2693,2693,2693,2693,2693,2693,2693,2693,2693,2693,2693,2693,2693,2693,2693,2693,2693,2693,2693,2693,2693,2693,2693,2693,2693,2693,2693,2693,2693,2693,2693,
size:24
[agent] id:11
path:2666,2665,2664,2663,2662,2661,2660,2767,2874,2873,2872,2871,2870,2869,2868,2867,2866,2865,2864,2863,2862,2861,2860,2859,2858,2857,2856,2855,2854,2853,2852,2851,2850,2849,2848,2847,2846,2845,2844,2843,2842,2841,2840,2839,2946,2945,2944,2943,2942,2941,2940,2939,2938,2938,2938,2938,2938,2938,2938,2938,2938,2938,2938,2938,2938,2938,2938,2938,2938,2938,2938,2938,2938,2938,2938,2938,2938,2938,2938,2938,2938,2938,2938,2938,2938,2938,
goal:2938,2938,2938,2938,2938,2938,2938,2938,2938,2938,2938,2938,2938,2938,2938,2938,2938,2938,2938,2938,2938,2938,2938,2938,2938,2938,2938,2938,2938,2938,2938,2938,2938,2938,2938,2938,2938,2938,2938,2938,2938,2938,2938,2938,2938,2938,2938,2938,2938,2938,2938,2938,2938,2938,2938,2938,2938,2938,2938,2938,2938,2938,2938,2938,2938,2938,2938,2938,2938,2938,2938,2938,2938,2938,2938,2938,2938,2938,2938,2938,2938,2938,2938,2938,2938,2938,
size:52
[agent] id:12
path:4025,3918,3811,3704,3597,3598,3599,3600,3601,3494,3387,3280,3173,3066,2959,2958,2957,2956,2955,2954,2953,2952,2951,2950,2949,2948,2947,2947,2947,2947,2947,2947,2947,2947,2947,2947,2947,2947,2947,2947,2947,2947,2947,2947,2947,2947,2947,2947,2947,2947,2947,2947,2947,2947,2947,2947,2947,2947,2947,2947,2947,2947,2947,2947,2947,2947,2947,2947,2947,2947,2947,2947,2947,2947,2947,2947,2947,2947,2947,2947,2947,2947,2947,2947,2947,2947,
goal:2947,2947,2947,2947,2947,2947,2947,2947,2947,2947,2947,2947,2947,2947,2947,2947,2947,2947,2947,2947,2947,2947,2947,2947,2947,2947,2947,2947,2947,2947,2947,2947,2947,2947,2947,2947,2947,2947,2947,2947,2947,2947,2947,2947,2947,2947,2947,2947,2947,2947,2947,2947,2947,2947,2947,2947,2947,2947,2947,2947,2947,2947,2947,2947,2947,2947,2947,2947,2947,2947,2947,2947,2947,2947,2947,2947,2947,2947,2947,2947,2947,2947,2947,2947,2947,2947,
size:26
[agent] id:13
path:2383,2490,2597,2704,2811,2918,3025,3024,3131,3130,3129,3128,3127,3126,3126,3126,3126,3126,3126,3126,3126,3126,3126,3126,3126,3126,3126,3126,3126,3126,3126,3126,3126,3126,3126,3126,3126,3126,3126,3126,3126,3126,3126,3126,3126,3126,3126,3126,3126,3126,3126,3126,3126,3126,3126,3126,3126,3126,3126,3126,3126,3126,3126,3126,3126,3126,3126,3126,3126,3126,3126,3126,3126,3126,3126,3126,3126,3126,3126,3126,3126,3126,3126,3126,3126,3126,
goal:3126,3126,3126,3126,3126,3126,3126,3126,3126,3126,3126,3126,3126,3126,3126,3126,3126,3126,3126,3126,3126,3126,3126,3126,3126,3126,3126,3126,3126,3126,3126,3126,3126,3126,3126,3126,3126,3126,3126,3126,3126,3126,3126,3126,3126,3126,3126,3126,3126,3126,3126,3126,3126,3126,3126,3126,3126,3126,3126,3126,3126,3126,3126,3126,3126,3126,3126,3126,3126,3126,3126,3126,3126,3126,3126,3126,3126,3126,3126,3126,3126,3126,3126,3126,3126,3126,
size:13
[agent] id:14
path:2067,2174,2281,2388,2495,2602,2709,2816,2923,3030,3029,3028,3027,3026,3025,3024,3023,3022,3021,3021,3021,3021,3021,3021,3021,3021,3021,3021,3021,3021,3021,3021,3021,3021,3021,3021,3021,3021,3021,3021,3021,3021,3021,3021,3021,3021,3021,3021,3021,3021,3021,3021,3021,3021,3021,3021,3021,3021,3021,3021,3021,3021,3021,3021,3021,3021,3021,3021,3021,3021,3021,3021,3021,3021,3021,3021,3021,3021,3021,3021,3021,3021,3021,3021,3021,3021,
goal:3021,3021,3021,3021,3021,3021,3021,3021,3021,3021,3021,3021,3021,3021,3021,3021,3021,3021,3021,3021,3021,3021,3021,3021,3021,3021,3021,3021,3021,3021,3021,3021,3021,3021,3021,3021,3021,3021,3021,3021,3021,3021,3021,3021,3021,3021,3021,3021,3021,3021,3021,3021,3021,3021,3021,3021,3021,3021,3021,3021,3021,3021,3021,3021,3021,3021,3021,3021,3021,3021,3021,3021,3021,3021,3021,3021,3021,3021,3021,3021,3021,3021,3021,3021,3021,3021,
size:18
[agent] id:15
path:1004,897,790,683,684,577,578,471,472,365,365,365,365,365,365,365,365,365,365,365,365,365,365,365,365,365,365,365,365,365,365,365,365,365,365,365,365,365,365,365,365,365,365,365,365,365,365,365,365,365,365,365,365,365,365,365,365,365,365,365,365,365,365,365,365,365,365,365,365,365,365,365,365,365,365,365,365,365,365,365,365,365,365,365,365,365,
goal:365,365,365,365,365,365,365,365,365,365,365,365,365,365,365,365,365,365,365,365,365,365,365,365,365,365,365,365,365,365,365,365,365,365,365,365,365,365,365,365,365,365,365,365,365,365,365,365,365,365,365,365,365,365,365,365,365,365,365,365,365,365,365,365,365,365,365,365,365,365,365,365,365,365,365,365,365,365,365,365,365,365,365,365,365,365,
size:9
[agent] id:16
path:2209,2316,2423,2530,2637,2744,2851,2958,2957,2956,2955,2954,2953,2952,2951,2950,2949,2948,2947,2946,2945,2944,2943,2942,2941,2940,2939,2938,2937,2936,2935,2934,2933,2932,2931,2930,2929,3036,3035,3034,3033,3032,3031,3030,3029,3028,3027,3026,3025,3024,3131,3238,3237,3236,3235,3234,3233,3232,3231,3230,3229,3228,3228,3228,3228,3228,3228,3228,3228,3228,3228,3228,3228,3228,3228,3228,3228,3228,3228,3228,3228,3228,3228,3228,3228,3228,
goal:3228,3228,3228,3228,3228,3228,3228,3228,3228,3228,3228,3228,3228,3228,3228,3228,3228,3228,3228,3228,3228,3228,3228,3228,3228,3228,3228,3228,3228,3228,3228,3228,3228,3228,3228,3228,3228,3228,3228,3228,3228,3228,3228,3228,3228,3228,3228,3228,3228,3228,3228,3228,3228,3228,3228,3228,3228,3228,3228,3228,3228,3228,3228,3228,3228,3228,3228,3228,3228,3228,3228,3228,3228,3228,3228,3228,3228,3228,3228,3228,3228,3228,3228,3228,3228,3228,
size:61
[agent] id:17
path:4513,4406,4299,4192,4085,3978,3871,3764,3765,3766,3767,3660,3553,3446,3339,3340,3233,3234,3127,3128,3129,3022,3023,3024,3025,3026,3027,3028,3029,3030,3031,3032,3033,3034,3035,3036,3037,3038,3039,3040,3041,3042,3043,3044,3045,3046,3047,3048,3049,3050,3051,3052,3053,3054,3055,3056,2949,2950,2951,2952,2953,2954,2955,2956,3063,3170,3171,3172,3173,3280,3387,3494,3601,3708,3815,3922,4029,4136,4243,4244,4245,4246,4247,4248,4249,4250,
goal:4250,4250,4250,4250,4250,4250,4250,4250,4250,4250,4250,4250,4250,4250,4250,4250,4250,4250,4250,4250,4250,4250,4250,4250,4250,4250,4250,4250,4250,4250,4250,4250,4250,4250,4250,4250,4250,4250,4250,4250,4250,4250,4250,4250,4250,4250,4250,4250,4250,4250,4250,4250,4250,4250,4250,4250,4250,4250,4250,4250,4250,4250,4250,4250,4250,4250,4250,4250,4250,4250,4250,4250,4250,4250,4250,4250,4250,4250,4250,4250,4250,4250,4250,4250,4250,4250,
size:85
[agent] id:18
path:2736,2843,2950,3057,3058,3059,3060,3061,3062,3062,3062,3062,3062,3062,3062,3062,3062,3062,3062,3062,3062,3062,3062,3062,3062,3062,3062,3062,3062,3062,3062,3062,3062,3062,3062,3062,3062,3062,3062,3062,3062,3062,3062,3062,3062,3062,3062,3062,3062,3062,3062,3062,3062,3062,3062,3062,3062,3062,3062,3062,3062,3062,3062,3062,3062,3062,3062,3062,3062,3062,3062,3062,3062,3062,3062,3062,3062,3062,3062,3062,3062,3062,3062,3062,3062,3062,
goal:3062,3062,3062,3062,3062,3062,3062,3062,3062,3062,3062,3062,3062,3062,3062,3062,3062,3062,3062,3062,3062,3062,3062,3062,3062,3062,3062,3062,3062,3062,3062,3062,3062,3062,3062,3062,3062,3062,3062,3062,3062,3062,3062,3062,3062,3062,3062,3062,3062,3062,3062,3062,3062,3062,3062,3062,3062,3062,3062,3062,3062,3062,3062,3062,3062,3062,3062,3062,3062,3062,3062,3062,3062,3062,3062,3062,3062,3062,3062,3062,3062,3062,3062,3062,3062,3062,
size:8
[agent] id:19
path:1967,1968,1969,1970,1971,1972,1973,1974,1975,1976,1977,1978,1979,1980,1981,1982,1983,1984,1985,1986,1987,1988,1989,1990,1991,1992,1993,1994,1995,1996,1997,1998,1999,2000,2001,2002,2003,2004,2005,2006,2007,2008,2009,2010,2011,2012,2013,2014,2015,1908,1909,1910,1910,1910,1910,1910,1910,1910,1910,1910,1910,1910,1910,1910,1910,1910,1910,1910,1910,1910,1910,1910,1910,1910,1910,1910,1910,1910,1910,1910,1910,1910,1910,1910,1910,1910,
goal:1910,1910,1910,1910,1910,1910,1910,1910,1910,1910,1910,1910,1910,1910,1910,1910,1910,1910,1910,1910,1910,1910,1910,1910,1910,1910,1910,1910,1910,1910,1910,1910,1910,1910,1910,1910,1910,1910,1910,1910,1910,1910,1910,1910,1910,1910,1910,1910,1910,1910,1910,1910,1910,1910,1910,1910,1910,1910,1910,1910,1910,1910,1910,1910,1910,1910,1910,1910,1910,1910,1910,1910,1910,1910,1910,1910,1910,1910,1910,1910,1910,1910,1910,1910,1910,1910,
size:51
SolutionCost:745
