[setting] seed:99
[solver] type:ECBS
[solver] w:3.000000
[solver] ID:0
[solver] Lowlevelnode:27885
[solver] solved:1
[solver] elapsed:171
[solver] makespan:96
[problem] timesteplimit:10000
[problem] type:MAPF
[problem] agentnum:20
[graph] width:107
[graph] height:47
[graph] filename:./map/orz601d.map
[task] id:5,start:0,end:0,service time:0,nodes:3062,
[task] id:9,start:0,end:0,service time:0,nodes:2542,
[task] id:16,start:0,end:0,service time:0,nodes:2437,
[task] id:12,start:0,end:0,service time:0,nodes:2786,
[task] id:7,start:0,end:0,service time:0,nodes:3127,
[task] id:14,start:0,end:0,service time:0,nodes:2598,
[task] id:11,start:0,end:0,service time:0,nodes:2968,
[task] id:8,start:0,end:0,service time:0,nodes:2972,
[task] id:13,start:0,end:0,service time:0,nodes:3060,
[task] id:15,start:0,end:0,service time:0,nodes:1953,
[task] id:3,start:0,end:0,service time:0,nodes:2373,
[task] id:1,start:0,end:0,service time:0,nodes:2530,
[task] id:19,start:0,end:0,service time:0,nodes:1305,
[task] id:0,start:0,end:0,service time:0,nodes:4567,
[task] id:4,start:0,end:0,service time:0,nodes:801,
[task] id:2,start:0,end:0,service time:0,nodes:3812,
[task] id:10,start:0,end:0,service time:0,nodes:2220,
[task] id:6,start:0,end:0,service time:0,nodes:2040,
[task] id:17,start:0,end:0,service time:0,nodes:3301,
[task] id:18,start:0,end:0,service time:0,nodes:2252,
[agent] id:0
path:2813,2920,2921,2922,2923,2924,2925,2926,2927,2928,2929,2930,2931,2932,2933,2934,2935,2936,2937,2938,2939,2940,2941,2942,2943,2944,2945,2946,2947,2948,2949,2950,2951,2952,2953,2954,2955,2956,3063,3170,3171,3172,3173,3280,3387,3494,3601,3708,3815,3922,4029,4136,4243,4350,4457,4458,4459,4460,4567,4567,4567,4567,4567,4567,4567,4567,4567,4567,4567,4567,4567,4567,4567,4567,4567,4567,4567,4567,4567,4567,4567,4567,4567,4567,4567,4567,4567,4567,4567,4567,4567,4567,4567,4567,4567,4567,4567,
goal:4567,4567,4567,4567,4567,4567,4567,4567,4567,4567,4567,4567,4567,4567,4567,4567,4567,4567,4567,4567,4567,4567,4567,4567,4567,4567,4567,4567,4567,4567,4567,4567,4567,4567,4567,4567,4567,4567,4567,4567,4567,4567,4567,4567,4567,4567,4567,4567,4567,4567,4567,4567,4567,4567,4567,4567,4567,4567,4567,4567,4567,4567,4567,4567,4567,4567,4567,4567,4567,4567,4567,4567,4567,4567,4567,4567,4567,4567,4567,4567,4567,4567,4567,4567,4567,4567,4567,4567,4567,4567,4567,4567,4567,4567,4567,4567,4567,
size:58
[agent] id:1
path:690,797,904,1011,1118,1225,1332,1439,1438,1545,1652,1759,1866,1973,2080,2187,2294,2401,2508,2509,2510,2511,2512,2513,2514,2515,2516,2517,2518,2519,2520,2521,2522,2523,2524,2525,2526,2527,2528,2529,2530,2530,2530,2530,2530,2530,2530,2530,2530,2530,2530,2530,2530,2530,2530,2530,2530,2530,2530,2530,2530,2530,2530,2530,2530,2530,2530,2530,2530,2530,2530,2530,2530,2530,2530,2530,2530,2530,2530,2530,2530,2530,2530,2530,2530,2530,2530,2530,2530,2530,2530,2530,2530,2530,2530,2530,2530,
goal:2530,2530,2530,2530,2530,2530,2530,2530,2530,2530,2530,2530,2530,2530,2530,2530,2530,2530,2530,2530,2530,2530,2530,2530,2530,2530,2530,2530,2530,2530,2530,2530,2530,2530,2530,2530,2530,2530,2530,2530,2530,2530,2530,2530,2530,2530,2530,2530,2530,2530,2530,2530,2530,2530,2530,2530,2530,2530,2530,2530,2530,2530,2530,2530,2530,2530,2530,2530,2530,2530,2530,2530,2530,2530,2530,2530,2530,2530,2530,2530,2530,2530,2530,2530,2530,2530,2530,2530,2530,2530,2530,2530,2530,2530,2530,2530,2530,
size:40
[agent] id:2
path:3336,3229,3122,3123,3124,3125,3126,3127,3128,3129,3130,3130,3023,3024,3025,3026,3027,3028,3029,3030,3031,3032,3033,3034,3035,3036,3037,3038,3039,3040,3041,3042,3043,3044,3045,3046,3047,3048,3049,3050,3051,3052,3053,3054,3055,3056,3057,3058,3059,2952,2953,2954,2955,2956,3063,3170,3171,3172,3173,3280,3387,3494,3601,3708,3815,3814,3813,3812,3812,3812,3812,3812,3812,3812,3812,3812,3812,3812,3812,3812,3812,3812,3812,3812,3812,3812,3812,3812,3812,3812,3812,3812,3812,3812,3812,3812,3812,
goal:3812,3812,3812,3812,3812,3812,3812,3812,3812,3812,3812,3812,3812,3812,3812,3812,3812,3812,3812,3812,3812,3812,3812,3812,3812,3812,3812,3812,3812,3812,3812,3812,3812,3812,3812,3812,3812,3812,3812,3812,3812,3812,3812,3812,3812,3812,3812,3812,3812,3812,3812,3812,3812,3812,3812,3812,3812,3812,3812,3812,3812,3812,3812,3812,3812,3812,3812,3812,3812,3812,3812,3812,3812,3812,3812,3812,3812,3812,3812,3812,3812,3812,3812,3812,3812,3812,3812,3812,3812,3812,3812,3812,3812,3812,3812,3812,3812,
size:67
[agent] id:3
path:1652,1759,1866,1973,2080,2187,2294,2401,2400,2399,2398,2397,2396,2395,2394,2393,2392,2391,2390,2389,2388,2387,2386,2385,2384,2383,2382,2381,2380,2379,2378,2377,2376,2375,2374,2373,2373,2373,2373,2373,2373,2373,2373,2373,2373,2373,2373,2373,2373,2373,2373,2373,2373,2373,2373,2373,2373,2373,2373,2373,2373,2373,2373,2373,2373,2373,2373,2373,2373,2373,2373,2373,2373,2373,2373,2373,2373,2373,2373,2373,2373,2373,2373,2373,2373,2373,2373,2373,2373,2373,2373,2373,2373,2373,2373,2373,2373,
goal:2373,2373,2373,2373,2373,2373,2373,2373,2373,2373,2373,2373,2373,2373,2373,2373,2373,2373,2373,2373,2373,2373,2373,2373,2373,2373,2373,2373,2373,2373,2373,2373,2373,2373,2373,2373,2373,2373,2373,2373,2373,2373,2373,2373,2373,2373,2373,2373,2373,2373,2373,2373,2373,2373,2373,2373,2373,2373,2373,2373,2373,2373,2373,2373,2373,2373,2373,2373,2373,2373,2373,2373,2373,2373,2373,2373,2373,2373,2373,2373,2373,2373,2373,2373,2373,2373,2373,2373,2373,2373,2373,2373,2373,2373,2373,2373,2373,
size:35
[agent] id:4
path:3077,2970,2863,2756,2649,2542,2435,2328,2221,2114,2007,2006,2005,2004,2003,2002,2001,2000,1999,1998,1997,1996,1995,1994,1993,1992,1991,1990,1989,1988,1987,1986,1985,1984,1983,1982,1981,1980,1979,1978,1871,1870,1869,1868,1867,1866,1759,1652,1545,1438,1331,1224,1117,1010,903,796,797,798,799,800,801,801,801,801,801,801,801,801,801,801,801,801,801,801,801,801,801,801,801,801,801,801,801,801,801,801,801,801,801,801,801,801,801,801,801,801,801,
goal:801,801,801,801,801,801,801,801,801,801,801,801,801,801,801,801,801,801,801,801,801,801,801,801,801,801,801,801,801,801,801,801,801,801,801,801,801,801,801,801,801,801,801,801,801,801,801,801,801,801,801,801,801,801,801,801,801,801,801,801,801,801,801,801,801,801,801,801,801,801,801,801,801,801,801,801,801,801,801,801,801,801,801,801,801,801,801,801,801,801,801,801,801,801,801,801,801,
size:60
[agent] id:5
path:2949,3056,3057,3058,3059,3060,3061,3062,3062,3062,3062,3062,3062,3062,3062,3062,3062,3062,3062,3062,3062,3062,3062,3062,3062,3062,3062,3062,3062,3062,3062,3062,3062,3062,3062,3062,3062,3062,3062,3062,3062,3062,3062,3062,3062,3062,3062,3062,3062,3062,3062,3062,3062,3062,3062,3062,3062,3062,3062,3062,3062,3062,3062,3062,3062,3062,3062,3062,3062,3062,3062,3062,3062,3062,3062,3062,3062,3062,3062,3062,3062,3062,3062,3062,3062,3062,3062,3062,3062,3062,3062,3062,3062,3062,3062,3062,3062,
goal:3062,3062,3062,3062,3062,3062,3062,3062,3062,3062,3062,3062,3062,3062,3062,3062,3062,3062,3062,3062,3062,3062,3062,3062,3062,3062,3062,3062,3062,3062,3062,3062,3062,3062,3062,3062,3062,3062,3062,3062,3062,3062,3062,3062,3062,3062,3062,3062,3062,3062,3062,3062,3062,3062,3062,3062,3062,3062,3062,3062,3062,3062,3062,3062,3062,3062,3062,3062,3062,3062,3062,3062,3062,3062,3062,3062,3062,3062,3062,3062,3062,3062,3062,3062,3062,3062,3062,3062,3062,3062,3062,3062,3062,3062,3062,3062,3062,
size:7
[agent] id:6
path:2959,2852,2745,2638,2637,2636,2635,2634,2633,2632,2631,2630,2629,2628,2627,2626,2625,2624,2623,2622,2621,2620,2619,2618,2511,2510,2509,2508,2507,2506,2505,2504,2503,2502,2501,2500,2499,2498,2497,2496,2495,2494,2493,2492,2491,2490,2489,2488,2487,2486,2485,2484,2483,2482,2481,2480,2479,2372,2371,2370,2369,2368,2367,2260,2153,2046,2045,2044,2043,2042,2041,2040,2040,2040,2040,2040,2040,2040,2040,2040,2040,2040,2040,2040,2040,2040,2040,2040,2040,2040,2040,2040,2040,2040,2040,2040,2040,
goal:2040,2040,2040,2040,2040,2040,2040,2040,2040,2040,2040,2040,2040,2040,2040,2040,2040,2040,2040,2040,2040,2040,2040,2040,2040,2040,2040,2040,2040,2040,2040,2040,2040,2040,2040,2040,2040,2040,2040,2040,2040,2040,2040,2040,2040,2040,2040,2040,2040,2040,2040,2040,2040,2040,2040,2040,2040,2040,2040,2040,2040,2040,2040,2040,2040,2040,2040,2040,2040,2040,2040,2040,2040,2040,2040,2040,2040,2040,2040,2040,2040,2040,2040,2040,2040,2040,2040,2040,2040,2040,2040,2040,2040,2040,2040,2040,2040,
size:71
[agent] id:7
path:2063,2170,2277,2384,2491,2598,2705,2812,2919,3026,3025,3024,3131,3130,3129,3128,3127,3127,3127,3127,3127,3127,3127,3127,3127,3127,3127,3127,3127,3127,3127,3127,3127,3127,3127,3127,3127,3127,3127,3127,3127,3127,3127,3127,3127,3127,3127,3127,3127,3127,3127,3127,3127,3127,3127,3127,3127,3127,3127,3127,3127,3127,3127,3127,3127,3127,3127,3127,3127,3127,3127,3127,3127,3127,3127,3127,3127,3127,3127,3127,3127,3127,3127,3127,3127,3127,3127,3127,3127,3127,3127,3127,3127,3127,3127,3127,3127,
goal:3127,3127,3127,3127,3127,3127,3127,3127,3127,3127,3127,3127,3127,3127,3127,3127,3127,3127,3127,3127,3127,3127,3127,3127,3127,3127,3127,3127,3127,3127,3127,3127,3127,3127,3127,3127,3127,3127,3127,3127,3127,3127,3127,3127,3127,3127,3127,3127,3127,3127,3127,3127,3127,3127,3127,3127,3127,3127,3127,3127,3127,3127,3127,3127,3127,3127,3127,3127,3127,3127,3127,3127,3127,3127,3127,3127,3127,3127,3127,3127,3127,3127,3127,3127,3127,3127,3127,3127,3127,3127,3127,3127,3127,3127,3127,3127,3127,
size:16
[agent] id:8
path:2520,2627,2734,2841,2948,2949,2950,2951,2952,2953,2954,2955,2956,2957,2958,2959,2960,2961,2962,2963,2964,2965,2966,2967,2968,2969,2970,2971,2972,2972,2972,2972,2972,2972,2972,2972,2972,2972,2972,2972,2972,2972,2972,2972,2972,2972,2972,2972,2972,2972,2972,2972,2972,2972,2972,2972,2972,2972,2972,2972,2972,2972,2972,2972,2972,2972,2972,2972,2972,2972,2972,2972,2972,2972,2972,2972,2972,2972,2972,2972,2972,2972,2972,2972,2972,2972,2972,2972,2972,2972,2972,2972,2972,2972,2972,2972,2972,
goal:2972,2972,2972,2972,2972,2972,2972,2972,2972,2972,2972,2972,2972,2972,2972,2972,2972,2972,2972,2972,2972,2972,2972,2972,2972,2972,2972,2972,2972,2972,2972,2972,2972,2972,2972,2972,2972,2972,2972,2972,2972,2972,2972,2972,2972,2972,2972,2972,2972,2972,2972,2972,2972,2972,2972,2972,2972,2972,2972,2972,2972,2972,2972,2972,2972,2972,2972,2972,2972,2972,2972,2972,2972,2972,2972,2972,2972,2972,2972,2972,2972,2972,2972,2972,2972,2972,2972,2972,2972,2972,2972,2972,2972,2972,2972,2972,2972,
size:28
[agent] id:9
path:2002,2109,2216,2323,2430,2537,2538,2539,2540,2541,2542,2542,2542,2542,2542,2542,2542,2542,2542,2542,2542,2542,2542,2542,2542,2542,2542,2542,2542,2542,2542,2542,2542,2542,2542,2542,2542,2542,2542,2542,2542,2542,2542,2542,2542,2542,2542,2542,2542,2542,2542,2542,2542,2542,2542,2542,2542,2542,2542,2542,2542,2542,2542,2542,2542,2542,2542,2542,2542,2542,2542,2542,2542,2542,2542,2542,2542,2542,2542,2542,2542,2542,2542,2542,2542,2542,2542,2542,2542,2542,2542,2542,2542,2542,2542,2542,2542,
goal:2542,2542,2542,2542,2542,2542,2542,2542,2542,2542,2542,2542,2542,2542,2542,2542,2542,2542,2542,2542,2542,2542,2542,2542,2542,2542,2542,2542,2542,2542,2542,2542,2542,2542,2542,2542,2542,2542,2542,2542,2542,2542,2542,2542,2542,2542,2542,2542,2542,2542,2542,2542,2542,2542,2542,2542,2542,2542,2542,2542,2542,2542,2542,2542,2542,2542,2542,2542,2542,2542,2542,2542,2542,2542,2542,2542,2542,2542,2542,2542,2542,2542,2542,2542,2542,2542,2542,2542,2542,2542,2542,2542,2542,2542,2542,2542,2542,
size:10
[agent] id:10
path:3017,2910,2803,2696,2589,2482,2375,2268,2161,2162,2163,2164,2165,2166,2167,2168,2169,2170,2171,2172,2173,2174,2175,2176,2177,2178,2179,2180,2181,2182,2183,2184,2185,2186,2187,2188,2189,2190,2191,2192,2193,2194,2195,2196,2197,2198,2199,2200,2201,2202,2203,2204,2205,2206,2207,2208,2209,2210,2211,2212,2213,2214,2215,2216,2217,2218,2219,2220,2220,2220,2220,2220,2220,2220,2220,2220,2220,2220,2220,2220,2220,2220,2220,2220,2220,2220,2220,2220,2220,2220,2220,2220,2220,2220,2220,2220,2220,
goal:2220,2220,2220,2220,2220,2220,2220,2220,2220,2220,2220,2220,2220,2220,2220,2220,2220,2220,2220,2220,2220,2220,2220,2220,2220,2220,2220,2220,2220,2220,2220,2220,2220,2220,2220,2220,2220,2220,2220,2220,2220,2220,2220,2220,2220,2220,2220,2220,2220,2220,2220,2220,2220,2220,2220,2220,2220,2220,2220,2220,2220,2220,2220,2220,2220,2220,2220,2220,2220,2220,2220,2220,2220,2220,2220,2220,2220,2220,2220,2220,2220,2220,2220,2220,2220,2220,2220,2220,2220,2220,2220,2220,2220,2220,2220,2220,2220,
size:67
[agent] id:11
path:1139,1246,1353,1460,1461,1568,1675,1782,1889,1996,2103,2210,2317,2424,2531,2638,2745,2852,2959,2960,2961,2962,2963,2964,2965,2966,2967,2968,2968,2968,2968,2968,2968,2968,2968,2968,2968,2968,2968,2968,2968,2968,2968,2968,2968,2968,2968,2968,2968,2968,2968,2968,2968,2968,2968,2968,2968,2968,2968,2968,2968,2968,2968,2968,2968,2968,2968,2968,2968,2968,2968,2968,2968,2968,2968,2968,2968,2968,2968,2968,2968,2968,2968,2968,2968,2968,2968,2968,2968,2968,2968,2968,2968,2968,2968,2968,2968,
goal:2968,2968,2968,2968,2968,2968,2968,2968,2968,2968,2968,2968,2968,2968,2968,2968,2968,2968,2968,2968,2968,2968,2968,2968,2968,2968,2968,2968,2968,2968,2968,2968,2968,2968,2968,2968,2968,2968,2968,2968,2968,2968,2968,2968,2968,2968,2968,2968,2968,2968,2968,2968,2968,2968,2968,2968,2968,2968,2968,2968,2968,2968,2968,2968,2968,2968,2968,2968,2968,2968,2968,2968,2968,2968,2968,2968,2968,2968,2968,2968,2968,2968,2968,2968,2968,2968,2968,2968,2968,2968,2968,2968,2968,2968,2968,2968,2968,
size:27
[agent] id:12
path:1935,2042,2149,2256,2363,2470,2577,2684,2791,2790,2789,2788,2787,2786,2786,2786,2786,2786,2786,2786,2786,2786,2786,2786,2786,2786,2786,2786,2786,2786,2786,2786,2786,2786,2786,2786,2786,2786,2786,2786,2786,2786,2786,2786,2786,2786,2786,2786,2786,2786,2786,2786,2786,2786,2786,2786,2786,2786,2786,2786,2786,2786,2786,2786,2786,2786,2786,2786,2786,2786,2786,2786,2786,2786,2786,2786,2786,2786,2786,2786,2786,2786,2786,2786,2786,2786,2786,2786,2786,2786,2786,2786,2786,2786,2786,2786,2786,
goal:2786,2786,2786,2786,2786,2786,2786,2786,2786,2786,2786,2786,2786,2786,2786,2786,2786,2786,2786,2786,2786,2786,2786,2786,2786,2786,2786,2786,2786,2786,2786,2786,2786,2786,2786,2786,2786,2786,2786,2786,2786,2786,2786,2786,2786,2786,2786,2786,2786,2786,2786,2786,2786,2786,2786,2786,2786,2786,2786,2786,2786,2786,2786,2786,2786,2786,2786,2786,2786,2786,2786,2786,2786,2786,2786,2786,2786,2786,2786,2786,2786,2786,2786,2786,2786,2786,2786,2786,2786,2786,2786,2786,2786,2786,2786,2786,2786,
size:13
[agent] id:13
path:2551,2658,2765,2872,2871,2870,2869,2868,2867,2866,2865,2864,2863,2862,2861,2860,2859,2858,2857,2856,2855,2854,2961,2960,2959,2958,2957,2956,2955,2954,3061,3060,3060,3060,3060,3060,3060,3060,3060,3060,3060,3060,3060,3060,3060,3060,3060,3060,3060,3060,3060,3060,3060,3060,3060,3060,3060,3060,3060,3060,3060,3060,3060,3060,3060,3060,3060,3060,3060,3060,3060,3060,3060,3060,3060,3060,3060,3060,3060,3060,3060,3060,3060,3060,3060,3060,3060,3060,3060,3060,3060,3060,3060,3060,3060,3060,3060,
goal:3060,3060,3060,3060,3060,3060,3060,3060,3060,3060,3060,3060,3060,3060,3060,3060,3060,3060,3060,3060,3060,3060,3060,3060,3060,3060,3060,3060,3060,3060,3060,3060,3060,3060,3060,3060,3060,3060,3060,3060,3060,3060,3060,3060,3060,3060,3060,3060,3060,3060,3060,3060,3060,3060,3060,3060,3060,3060,3060,3060,3060,3060,3060,3060,3060,3060,3060,3060,3060,3060,3060,3060,3060,3060,3060,3060,3060,3060,3060,3060,3060,3060,3060,3060,3060,3060,3060,3060,3060,3060,3060,3060,3060,3060,3060,3060,3060,
size:31
[agent] id:14
path:2898,2791,2684,2577,2578,2579,2580,2581,2474,2475,2476,2477,2478,2585,2586,2587,2588,2589,2590,2591,2592,2593,2594,2595,2596,2597,2598,2598,2598,2598,2598,2598,2598,2598,2598,2598,2598,2598,2598,2598,2598,2598,2598,2598,2598,2598,2598,2598,2598,2598,2598,2598,2598,2598,2598,2598,2598,2598,2598,2598,2598,2598,2598,2598,2598,2598,2598,2598,2598,2598,2598,2598,2598,2598,2598,2598,2598,2598,2598,2598,2598,2598,2598,2598,2598,2598,2598,2598,2598,2598,2598,2598,2598,2598,2598,2598,2598,
goal:2598,2598,2598,2598,2598,2598,2598,2598,2598,2598,2598,2598,2598,2598,2598,2598,2598,2598,2598,2598,2598,2598,2598,2598,2598,2598,2598,2598,2598,2598,2598,2598,2598,2598,2598,2598,2598,2598,2598,2598,2598,2598,2598,2598,2598,2598,2598,2598,2598,2598,2598,2598,2598,2598,2598,2598,2598,2598,2598,2598,2598,2598,2598,2598,2598,2598,2598,2598,2598,2598,2598,2598,2598,2598,2598,2598,2598,2598,2598,2598,2598,2598,2598,2598,2598,2598,2598,2598,2598,2598,2598,2598,2598,2598,2598,2598,2598,
size:26
[agent] id:15
path:2941,2834,2727,2620,2513,2406,2299,2192,2085,1978,1977,1976,1975,1974,1973,1972,1971,1970,1969,1968,1967,1966,1965,1964,1963,1962,1961,1960,1959,1958,1957,1956,1955,1954,1953,1953,1953,1953,1953,1953,1953,1953,1953,1953,1953,1953,1953,1953,1953,1953,1953,1953,1953,1953,1953,1953,1953,1953,1953,1953,1953,1953,1953,1953,1953,1953,1953,1953,1953,1953,1953,1953,1953,1953,1953,1953,1953,1953,1953,1953,1953,1953,1953,1953,1953,1953,1953,1953,1953,1953,1953,1953,1953,1953,1953,1953,1953,
goal:1953,1953,1953,1953,1953,1953,1953,1953,1953,1953,1953,1953,1953,1953,1953,1953,1953,1953,1953,1953,1953,1953,1953,1953,1953,1953,1953,1953,1953,1953,1953,1953,1953,1953,1953,1953,1953,1953,1953,1953,1953,1953,1953,1953,1953,1953,1953,1953,1953,1953,1953,1953,1953,1953,1953,1953,1953,1953,1953,1953,1953,1953,1953,1953,1953,1953,1953,1953,1953,1953,1953,1953,1953,1953,1953,1953,1953,1953,1953,1953,1953,1953,1953,1953,1953,1953,1953,1953,1953,1953,1953,1953,1953,1953,1953,1953,1953,
size:34
[agent] id:16
path:2858,2751,2644,2537,2538,2431,2432,2433,2434,2435,2436,2437,2437,2437,2437,2437,2437,2437,2437,2437,2437,2437,2437,2437,2437,2437,2437,2437,2437,2437,2437,2437,2437,2437,2437,2437,2437,2437,2437,2437,2437,2437,2437,2437,2437,2437,2437,2437,2437,2437,2437,2437,2437,2437,2437,2437,2437,2437,2437,2437,2437,2437,2437,2437,2437,2437,2437,2437,2437,2437,2437,2437,2437,2437,2437,2437,2437,2437,2437,2437,2437,2437,2437,2437,2437,2437,2437,2437,2437,2437,2437,2437,2437,2437,2437,2437,2437,
goal:2437,2437,2437,2437,2437,2437,2437,2437,2437,2437,2437,2437,2437,2437,2437,2437,2437,2437,2437,2437,2437,2437,2437,2437,2437,2437,2437,2437,2437,2437,2437,2437,2437,2437,2437,2437,2437,2437,2437,2437,2437,2437,2437,2437,2437,2437,2437,2437,2437,2437,2437,2437,2437,2437,2437,2437,2437,2437,2437,2437,2437,2437,2437,2437,2437,2437,2437,2437,2437,2437,2437,2437,2437,2437,2437,2437,2437,2437,2437,2437,2437,2437,2437,2437,2437,2437,2437,2437,2437,2437,2437,2437,2437,2437,2437,2437,2437,
size:11
[agent] id:17
path:2694,2801,2908,2909,2910,2911,2912,2913,2914,2915,2916,2917,2918,2919,2920,2921,2922,2923,2924,2925,2926,2927,2928,2929,2930,2931,2932,2933,2934,2935,2936,2937,2938,2939,2940,2941,2942,2943,2944,2945,2946,2947,2948,2949,2950,2951,2952,2953,2954,2955,2956,3063,3064,3065,3066,3067,3068,3069,3070,3071,3072,3073,3074,3075,3076,3077,3078,3079,3080,3081,3082,3083,3084,3085,3086,3193,3300,3301,3301,3301,3301,3301,3301,3301,3301,3301,3301,3301,3301,3301,3301,3301,3301,3301,3301,3301,3301,
goal:3301,3301,3301,3301,3301,3301,3301,3301,3301,3301,3301,3301,3301,3301,3301,3301,3301,3301,3301,3301,3301,3301,3301,3301,3301,3301,3301,3301,3301,3301,3301,3301,3301,3301,3301,3301,3301,3301,3301,3301,3301,3301,3301,3301,3301,3301,3301,3301,3301,3301,3301,3301,3301,3301,3301,3301,3301,3301,3301,3301,3301,3301,3301,3301,3301,3301,3301,3301,3301,3301,3301,3301,3301,3301,3301,3301,3301,3301,3301,3301,3301,3301,3301,3301,3301,3301,3301,3301,3301,3301,3301,3301,3301,3301,3301,3301,3301,
size:77
[agent] id:18
path:2772,2665,2664,2663,2662,2661,2660,2659,2658,2657,2656,2655,2654,2653,2652,2651,2650,2649,2648,2647,2646,2645,2644,2643,2642,2641,2640,2639,2638,2637,2636,2635,2634,2633,2632,2631,2524,2523,2522,2521,2520,2519,2518,2517,2516,2515,2514,2513,2512,2511,2510,2509,2508,2507,2506,2505,2504,2503,2502,2501,2500,2499,2498,2497,2496,2495,2494,2493,2492,2491,2490,2489,2488,2487,2486,2485,2484,2483,2482,2481,2480,2479,2372,2371,2370,2369,2368,2367,2260,2259,2258,2257,2256,2255,2254,2253,2252,
goal:2252,2252,2252,2252,2252,2252,2252,2252,2252,2252,2252,2252,2252,2252,2252,2252,2252,2252,2252,2252,2252,2252,2252,2252,2252,2252,2252,2252,2252,2252,2252,2252,2252,2252,2252,2252,2252,2252,2252,2252,2252,2252,2252,2252,2252,2252,2252,2252,2252,2252,2252,2252,2252,2252,2252,2252,2252,2252,2252,2252,2252,2252,2252,2252,2252,2252,2252,2252,2252,2252,2252,2252,2252,2252,2252,2252,2252,2252,2252,2252,2252,2252,2252,2252,2252,2252,2252,2252,2252,2252,2252,2252,2252,2252,2252,2252,2252,
size:96
[agent] id:19
path:1887,1886,1885,1884,1991,1990,1989,1988,1987,1986,1985,1984,1983,1982,1981,1980,1979,1978,1977,1976,1975,1974,1973,1972,1971,1970,1969,1968,1967,1966,1965,1964,1963,1962,1961,1960,1959,1958,1957,1956,1955,1954,1847,1846,1845,1844,1843,1842,1735,1628,1521,1414,1307,1306,1305,1305,1305,1305,1305,1305,1305,1305,1305,1305,1305,1305,1305,1305,1305,1305,1305,1305,1305,1305,1305,1305,1305,1305,1305,1305,1305,1305,1305,1305,1305,1305,1305,1305,1305,1305,1305,1305,1305,1305,1305,1305,1305,
goal:1305,1305,1305,1305,1305,1305,1305,1305,1305,1305,1305,1305,1305,1305,1305,1305,1305,1305,1305,1305,1305,1305,1305,1305,1305,1305,1305,1305,1305,1305,1305,1305,1305,1305,1305,1305,1305,1305,1305,1305,1305,1305,1305,1305,1305,1305,1305,1305,1305,1305,1305,1305,1305,1305,1305,1305,1305,1305,1305,1305,1305,1305,1305,1305,1305,1305,1305,1305,1305,1305,1305,1305,1305,1305,1305,1305,1305,1305,1305,1305,1305,1305,1305,1305,1305,1305,1305,1305,1305,1305,1305,1305,1305,1305,1305,1305,1305,
size:54
SolutionCost:828
