[setting] seed:28
[solver] type:ECBS
[solver] w:3.000000
[solver] ID:0
[solver] Lowlevelnode:851
[solver] solved:1
[solver] elapsed:11
[solver] makespan:74
[problem] timesteplimit:10000
[problem] type:MAPF
[problem] agentnum:10
[graph] width:107
[graph] height:47
[graph] filename:./map/orz601d.map
[task] id:2,start:0,end:0,service time:0,nodes:2919,
[task] id:7,start:0,end:0,service time:0,nodes:4245,
[task] id:3,start:0,end:0,service time:0,nodes:2956,
[task] id:4,start:0,end:0,service time:0,nodes:2465,
[task] id:0,start:0,end:0,service time:0,nodes:580,
[task] id:5,start:0,end:0,service time:0,nodes:1442,
[task] id:9,start:0,end:0,service time:0,nodes:932,
[task] id:1,start:0,end:0,service time:0,nodes:4458,
[task] id:8,start:0,end:0,service time:0,nodes:3774,
[task] id:6,start:0,end:0,service time:0,nodes:4351,
[agent] id:0
path:3979,3872,3765,3766,3767,3660,3553,3446,3339,3232,3125,3018,2911,2804,2697,2590,2483,2376,2269,2162,2055,1948,1949,1950,1951,1952,1953,1954,1955,1956,1957,1958,1959,1960,1961,1962,1963,1964,1965,1966,1967,1860,1861,1862,1863,1864,1865,1758,1651,1544,1437,1330,1223,1116,1009,902,795,688,581,580,580,580,580,580,580,580,580,580,580,580,580,580,580,580,580,
goal:580,580,580,580,580,580,580,580,580,580,580,580,580,580,580,580,580,580,580,580,580,580,580,580,580,580,580,580,580,580,580,580,580,580,580,580,580,580,580,580,580,580,580,580,580,580,580,580,580,580,580,580,580,580,580,580,580,580,580,580,580,580,580,580,580,580,580,580,580,580,580,580,580,580,580,
size:59
[agent] id:1
path:2800,2907,3014,3015,3016,3017,3018,3019,3020,3021,3022,3023,3024,3025,3026,3027,3028,3029,3030,3031,3032,3033,3034,3035,3036,3037,3038,3039,3040,3041,3042,3043,3044,3045,3046,3047,3048,3049,3050,3051,3052,3053,3054,3055,3056,3057,3058,3059,3060,3061,3062,3169,3170,3171,3172,3173,3280,3387,3494,3601,3708,3815,3922,4029,4136,4243,4350,4457,4458,4458,4458,4458,4458,4458,4458,
goal:4458,4458,4458,4458,4458,4458,4458,4458,4458,4458,4458,4458,4458,4458,4458,4458,4458,4458,4458,4458,4458,4458,4458,4458,4458,4458,4458,4458,4458,4458,4458,4458,4458,4458,4458,4458,4458,4458,4458,4458,4458,4458,4458,4458,4458,4458,4458,4458,4458,4458,4458,4458,4458,4458,4458,4458,4458,4458,4458,4458,4458,4458,4458,4458,4458,4458,4458,4458,4458,4458,4458,4458,4458,4458,4458,
size:68
[agent] id:2
path:2599,2706,2813,2920,2919,2919,2919,2919,2919,2919,2919,2919,2919,2919,2919,2919,2919,2919,2919,2919,2919,2919,2919,2919,2919,2919,2919,2919,2919,2919,2919,2919,2919,2919,2919,2919,2919,2919,2919,2919,2919,2919,2919,2919,2919,2919,2919,2919,2919,2919,2919,2919,2919,2919,2919,2919,2919,2919,2919,2919,2919,2919,2919,2919,2919,2919,2919,2919,2919,2919,2919,2919,2919,2919,2919,
goal:2919,2919,2919,2919,2919,2919,2919,2919,2919,2919,2919,2919,2919,2919,2919,2919,2919,2919,2919,2919,2919,2919,2919,2919,2919,2919,2919,2919,2919,2919,2919,2919,2919,2919,2919,2919,2919,2919,2919,2919,2919,2919,2919,2919,2919,2919,2919,2919,2919,2919,2919,2919,2919,2919,2919,2919,2919,2919,2919,2919,2919,2919,2919,2919,2919,2919,2919,2919,2919,2919,2919,2919,2919,2919,2919,
size:4
[agent] id:3
path:1029,1136,1243,1350,1457,1458,1459,1460,1461,1568,1675,1782,1889,1996,2103,2210,2317,2424,2531,2638,2745,2852,2959,2958,2957,2956,2956,2956,2956,2956,2956,2956,2956,2956,2956,2956,2956,2956,2956,2956,2956,2956,2956,2956,2956,2956,2956,2956,2956,2956,2956,2956,2956,2956,2956,2956,2956,2956,2956,2956,2956,2956,2956,2956,2956,2956,2956,2956,2956,2956,2956,2956,2956,2956,2956,
goal:2956,2956,2956,2956,2956,2956,2956,2956,2956,2956,2956,2956,2956,2956,2956,2956,2956,2956,2956,2956,2956,2956,2956,2956,2956,2956,2956,2956,2956,2956,2956,2956,2956,2956,2956,2956,2956,2956,2956,2956,2956,2956,2956,2956,2956,2956,2956,2956,2956,2956,2956,2956,2956,2956,2956,2956,2956,2956,2956,2956,2956,2956,2956,2956,2956,2956,2956,2956,2956,2956,2956,2956,2956,2956,2956,
size:25
[agent] id:4
path:1314,1313,1312,1419,1418,1417,1416,1415,1414,1521,1628,1735,1842,1949,2056,2163,2270,2377,2484,2483,2482,2481,2480,2479,2478,2477,2476,2475,2474,2473,2472,2471,2470,2469,2468,2467,2466,2465,2465,2465,2465,2465,2465,2465,2465,2465,2465,2465,2465,2465,2465,2465,2465,2465,2465,2465,2465,2465,2465,2465,2465,2465,2465,2465,2465,2465,2465,2465,2465,2465,2465,2465,2465,2465,2465,
goal:2465,2465,2465,2465,2465,2465,2465,2465,2465,2465,2465,2465,2465,2465,2465,2465,2465,2465,2465,2465,2465,2465,2465,2465,2465,2465,2465,2465,2465,2465,2465,2465,2465,2465,2465,2465,2465,2465,2465,2465,2465,2465,2465,2465,2465,2465,2465,2465,2465,2465,2465,2465,2465,2465,2465,2465,2465,2465,2465,2465,2465,2465,2465,2465,2465,2465,2465,2465,2465,2465,2465,2465,2465,2465,2465,
size:37
[agent] id:5
path:2037,2038,2039,2040,2041,2042,2043,2044,2045,2046,2153,2260,2367,2368,2369,2370,2371,2264,2157,2050,1943,1944,1945,1946,1947,1948,1949,1950,1951,1952,1953,1954,1955,1956,1957,1958,1959,1960,1961,1962,1963,1964,1965,1966,1967,1860,1861,1862,1863,1864,1865,1758,1651,1544,1437,1438,1439,1440,1441,1442,1442,1442,1442,1442,1442,1442,1442,1442,1442,1442,1442,1442,1442,1442,1442,
goal:1442,1442,1442,1442,1442,1442,1442,1442,1442,1442,1442,1442,1442,1442,1442,1442,1442,1442,1442,1442,1442,1442,1442,1442,1442,1442,1442,1442,1442,1442,1442,1442,1442,1442,1442,1442,1442,1442,1442,1442,1442,1442,1442,1442,1442,1442,1442,1442,1442,1442,1442,1442,1442,1442,1442,1442,1442,1442,1442,1442,1442,1442,1442,1442,1442,1442,1442,1442,1442,1442,1442,1442,1442,1442,1442,
size:59
[agent] id:6
path:3775,3774,3773,3772,3771,3770,3769,3768,3661,3554,3447,3340,3341,3342,3343,3344,3345,3238,3131,3024,3025,3026,3027,3028,3029,3030,3031,3032,3033,3034,3035,3036,3037,3038,3039,3040,3041,3042,3043,3044,3045,3046,3047,3048,3049,3050,3051,3052,3053,3054,3055,3056,3057,3058,3059,3060,3061,3062,3169,3170,3171,3172,3173,3280,3387,3494,3601,3708,3815,3922,4029,4136,4243,4350,4351,
goal:4351,4351,4351,4351,4351,4351,4351,4351,4351,4351,4351,4351,4351,4351,4351,4351,4351,4351,4351,4351,4351,4351,4351,4351,4351,4351,4351,4351,4351,4351,4351,4351,4351,4351,4351,4351,4351,4351,4351,4351,4351,4351,4351,4351,4351,4351,4351,4351,4351,4351,4351,4351,4351,4351,4351,4351,4351,4351,4351,4351,4351,4351,4351,4351,4351,4351,4351,4351,4351,4351,4351,4351,4351,4351,4351,
size:74
[agent] id:7
path:3607,3714,3821,3928,4035,4142,4249,4248,4247,4246,4245,4245,4245,4245,4245,4245,4245,4245,4245,4245,4245,4245,4245,4245,4245,4245,4245,4245,4245,4245,4245,4245,4245,4245,4245,4245,4245,4245,4245,4245,4245,4245,4245,4245,4245,4245,4245,4245,4245,4245,4245,4245,4245,4245,4245,4245,4245,4245,4245,4245,4245,4245,4245,4245,4245,4245,4245,4245,4245,4245,4245,4245,4245,4245,4245,
goal:4245,4245,4245,4245,4245,4245,4245,4245,4245,4245,4245,4245,4245,4245,4245,4245,4245,4245,4245,4245,4245,4245,4245,4245,4245,4245,4245,4245,4245,4245,4245,4245,4245,4245,4245,4245,4245,4245,4245,4245,4245,4245,4245,4245,4245,4245,4245,4245,4245,4245,4245,4245,4245,4245,4245,4245,4245,4245,4245,4245,4245,4245,4245,4245,4245,4245,4245,4245,4245,4245,4245,4245,4245,4245,4245,
size:10
[agent] id:8
path:2968,2967,2966,2965,2964,2963,2962,2961,2960,2959,2958,2957,2956,2955,2954,2953,2952,2951,2950,2949,2948,2947,2946,2945,2944,2943,2942,2941,2940,2939,2938,2937,2936,2935,2934,2933,2932,3039,3038,3037,3036,3035,3034,3033,3032,3031,3030,3029,3028,3027,3026,3025,3024,3131,3238,3345,3344,3343,3342,3341,3340,3447,3554,3661,3768,3769,3770,3771,3772,3773,3774,3774,3774,3774,3774,
goal:3774,3774,3774,3774,3774,3774,3774,3774,3774,3774,3774,3774,3774,3774,3774,3774,3774,3774,3774,3774,3774,3774,3774,3774,3774,3774,3774,3774,3774,3774,3774,3774,3774,3774,3774,3774,3774,3774,3774,3774,3774,3774,3774,3774,3774,3774,3774,3774,3774,3774,3774,3774,3774,3774,3774,3774,3774,3774,3774,3774,3774,3774,3774,3774,3774,3774,3774,3774,3774,3774,3774,3774,3774,3774,3774,
size:70
[agent] id:9
path:3246,3139,3032,2925,2818,2711,2604,2497,2390,2283,2176,2069,1962,1963,1964,1965,1966,1967,1968,1969,1970,1971,1972,1973,1974,1975,1976,1977,1978,1979,1980,1981,1982,1983,1984,1985,1986,1987,1988,1989,1990,1991,1884,1885,1886,1887,1888,1889,1782,1675,1568,1461,1354,1247,1140,1033,926,927,928,929,930,931,932,932,932,932,932,932,932,932,932,932,932,932,932,
goal:932,932,932,932,932,932,932,932,932,932,932,932,932,932,932,932,932,932,932,932,932,932,932,932,932,932,932,932,932,932,932,932,932,932,932,932,932,932,932,932,932,932,932,932,932,932,932,932,932,932,932,932,932,932,932,932,932,932,932,932,932,932,932,932,932,932,932,932,932,932,932,932,932,932,932,
size:62
SolutionCost:468
