[setting] seed:54
[solver] type:ECBS
[solver] w:3.000000
[solver] ID:0
[solver] Lowlevelnode:603
[solver] solved:1
[solver] elapsed:13
[solver] makespan:57
[problem] timesteplimit:10000
[problem] type:MAPF
[problem] agentnum:10
[graph] width:107
[graph] height:47
[graph] filename:./map/orz601d.map
[task] id:7,start:0,end:0,service time:0,nodes:2054,
[task] id:3,start:0,end:0,service time:0,nodes:1144,
[task] id:5,start:0,end:0,service time:0,nodes:3882,
[task] id:6,start:0,end:0,service time:0,nodes:2826,
[task] id:0,start:0,end:0,service time:0,nodes:930,
[task] id:4,start:0,end:0,service time:0,nodes:2869,
[task] id:2,start:0,end:0,service time:0,nodes:2825,
[task] id:1,start:0,end:0,service time:0,nodes:923,
[task] id:8,start:0,end:0,service time:0,nodes:4243,
[task] id:9,start:0,end:0,service time:0,nodes:2310,
[agent] id:0
path:1333,1332,1439,1438,1545,1652,1759,1866,1867,1868,1869,1870,1871,1978,1979,1980,1981,1982,1983,1984,1985,1986,1987,1988,1989,1990,1991,1884,1885,1886,1887,1888,1889,1782,1675,1568,1461,1354,1247,1140,1033,926,927,928,929,930,930,930,930,930,930,930,930,930,930,930,930,930,
goal:930,930,930,930,930,930,930,930,930,930,930,930,930,930,930,930,930,930,930,930,930,930,930,930,930,930,930,930,930,930,930,930,930,930,930,930,930,930,930,930,930,930,930,930,930,930,930,930,930,930,930,930,930,930,930,930,930,930,
size:45
[agent] id:1
path:2880,2773,2666,2559,2452,2451,2450,2449,2448,2447,2446,2339,2232,2125,2018,2017,2016,2015,2014,2013,2012,2011,2010,2009,2008,2007,2006,2005,2004,2003,2002,1895,1894,1893,1892,1891,1890,1783,1676,1569,1462,1355,1248,1141,1034,927,926,925,924,923,923,923,923,923,923,923,923,923,
goal:923,923,923,923,923,923,923,923,923,923,923,923,923,923,923,923,923,923,923,923,923,923,923,923,923,923,923,923,923,923,923,923,923,923,923,923,923,923,923,923,923,923,923,923,923,923,923,923,923,923,923,923,923,923,923,923,923,923,
size:49
[agent] id:2
path:1135,1242,1349,1350,1457,1458,1459,1460,1461,1568,1675,1782,1889,1996,2103,2210,2317,2424,2531,2638,2745,2744,2743,2742,2741,2740,2739,2738,2737,2736,2735,2734,2733,2732,2731,2730,2729,2728,2727,2726,2725,2724,2723,2722,2721,2720,2719,2718,2825,2825,2825,2825,2825,2825,2825,2825,2825,2825,
goal:2825,2825,2825,2825,2825,2825,2825,2825,2825,2825,2825,2825,2825,2825,2825,2825,2825,2825,2825,2825,2825,2825,2825,2825,2825,2825,2825,2825,2825,2825,2825,2825,2825,2825,2825,2825,2825,2825,2825,2825,2825,2825,2825,2825,2825,2825,2825,2825,2825,2825,2825,2825,2825,2825,2825,2825,2825,2825,
size:48
[agent] id:3
path:4032,3925,3818,3711,3604,3603,3602,3495,3388,3281,3174,3067,2960,2853,2746,2639,2532,2425,2318,2211,2104,1997,1890,1783,1676,1569,1462,1355,1248,1141,1142,1143,1144,1144,1144,1144,1144,1144,1144,1144,1144,1144,1144,1144,1144,1144,1144,1144,1144,1144,1144,1144,1144,1144,1144,1144,1144,1144,
goal:1144,1144,1144,1144,1144,1144,1144,1144,1144,1144,1144,1144,1144,1144,1144,1144,1144,1144,1144,1144,1144,1144,1144,1144,1144,1144,1144,1144,1144,1144,1144,1144,1144,1144,1144,1144,1144,1144,1144,1144,1144,1144,1144,1144,1144,1144,1144,1144,1144,1144,1144,1144,1144,1144,1144,1144,1144,1144,
size:32
[agent] id:4
path:2611,2718,2825,2826,2827,2828,2829,2830,2831,2832,2833,2834,2835,2836,2837,2838,2839,2840,2841,2842,2843,2844,2845,2846,2847,2848,2849,2850,2851,2852,2853,2854,2855,2856,2857,2858,2859,2860,2861,2862,2863,2864,2865,2866,2867,2868,2869,2869,2869,2869,2869,2869,2869,2869,2869,2869,2869,2869,
goal:2869,2869,2869,2869,2869,2869,2869,2869,2869,2869,2869,2869,2869,2869,2869,2869,2869,2869,2869,2869,2869,2869,2869,2869,2869,2869,2869,2869,2869,2869,2869,2869,2869,2869,2869,2869,2869,2869,2869,2869,2869,2869,2869,2869,2869,2869,2869,2869,2869,2869,2869,2869,2869,2869,2869,2869,2869,2869,
size:46
[agent] id:5
path:878,985,1092,1199,1306,1413,1520,1627,1734,1841,1948,2055,2162,2269,2376,2483,2590,2697,2804,2911,3018,3125,3232,3339,3446,3553,3660,3767,3874,3875,3876,3877,3878,3879,3880,3881,3882,3882,3882,3882,3882,3882,3882,3882,3882,3882,3882,3882,3882,3882,3882,3882,3882,3882,3882,3882,3882,3882,
goal:3882,3882,3882,3882,3882,3882,3882,3882,3882,3882,3882,3882,3882,3882,3882,3882,3882,3882,3882,3882,3882,3882,3882,3882,3882,3882,3882,3882,3882,3882,3882,3882,3882,3882,3882,3882,3882,3882,3882,3882,3882,3882,3882,3882,3882,3882,3882,3882,3882,3882,3882,3882,3882,3882,3882,3882,3882,3882,
size:36
[agent] id:6
path:1091,1198,1305,1412,1413,1520,1627,1734,1841,1948,2055,2162,2269,2376,2483,2590,2697,2804,2805,2806,2807,2808,2809,2810,2811,2812,2813,2814,2815,2816,2817,2818,2819,2820,2821,2822,2823,2824,2825,2826,2826,2826,2826,2826,2826,2826,2826,2826,2826,2826,2826,2826,2826,2826,2826,2826,2826,2826,
goal:2826,2826,2826,2826,2826,2826,2826,2826,2826,2826,2826,2826,2826,2826,2826,2826,2826,2826,2826,2826,2826,2826,2826,2826,2826,2826,2826,2826,2826,2826,2826,2826,2826,2826,2826,2826,2826,2826,2826,2826,2826,2826,2826,2826,2826,2826,2826,2826,2826,2826,2826,2826,2826,2826,2826,2826,2826,2826,
size:39
[agent] id:7
path:2183,2076,2075,2074,2073,2072,2071,2070,2069,2068,2067,2066,2065,2064,2063,2062,2061,2060,2059,2058,2057,2056,2055,2054,2054,2054,2054,2054,2054,2054,2054,2054,2054,2054,2054,2054,2054,2054,2054,2054,2054,2054,2054,2054,2054,2054,2054,2054,2054,2054,2054,2054,2054,2054,2054,2054,2054,2054,
goal:2054,2054,2054,2054,2054,2054,2054,2054,2054,2054,2054,2054,2054,2054,2054,2054,2054,2054,2054,2054,2054,2054,2054,2054,2054,2054,2054,2054,2054,2054,2054,2054,2054,2054,2054,2054,2054,2054,2054,2054,2054,2054,2054,2054,2054,2054,2054,2054,2054,2054,2054,2054,2054,2054,2054,2054,2054,2054,
size:23
[agent] id:8
path:1012,1119,1226,1333,1440,1439,1438,1545,1652,1759,1866,1973,2080,2187,2294,2401,2508,2615,2722,2829,2936,3043,3044,3045,3046,3047,3048,3049,3050,3051,3052,3053,3054,3055,3056,3057,3058,3059,3060,3061,3062,3169,3170,3171,3172,3173,3280,3387,3494,3601,3708,3815,3922,4029,4136,4243,4243,4243,
goal:4243,4243,4243,4243,4243,4243,4243,4243,4243,4243,4243,4243,4243,4243,4243,4243,4243,4243,4243,4243,4243,4243,4243,4243,4243,4243,4243,4243,4243,4243,4243,4243,4243,4243,4243,4243,4243,4243,4243,4243,4243,4243,4243,4243,4243,4243,4243,4243,4243,4243,4243,4243,4243,4243,4243,4243,4243,4243,
size:55
[agent] id:9
path:1937,2044,2151,2258,2259,2260,2367,2368,2369,2370,2371,2264,2265,2266,2267,2268,2269,2270,2271,2272,2273,2274,2275,2276,2277,2278,2279,2280,2281,2282,2283,2284,2285,2286,2287,2288,2289,2290,2291,2292,2293,2294,2295,2296,2297,2298,2299,2300,2301,2302,2303,2304,2305,2306,2307,2308,2309,2310,
goal:2310,2310,2310,2310,2310,2310,2310,2310,2310,2310,2310,2310,2310,2310,2310,2310,2310,2310,2310,2310,2310,2310,2310,2310,2310,2310,2310,2310,2310,2310,2310,2310,2310,2310,2310,2310,2310,2310,2310,2310,2310,2310,2310,2310,2310,2310,2310,2310,2310,2310,2310,2310,2310,2310,2310,2310,2310,2310,
size:57
SolutionCost:430
