[setting] seed:92
[solver] type:ECBS
[solver] w:3.000000
[solver] ID:0
[solver] Lowlevelnode:170677650
[solver] solved:1
[solver] elapsed:87
[solver] makespan:91
[problem] timesteplimit:10000
[problem] type:MAPF
[problem] agentnum:20
[graph] width:107
[graph] height:47
[graph] filename:./map/orz601d.map
[task] id:10,start:0,end:0,service time:0,nodes:2362,
[task] id:15,start:0,end:0,service time:0,nodes:2902,
[task] id:12,start:0,end:0,service time:0,nodes:1123,
[task] id:2,start:0,end:0,service time:0,nodes:1440,
[task] id:14,start:0,end:0,service time:0,nodes:2823,
[task] id:9,start:0,end:0,service time:0,nodes:2604,
[task] id:1,start:0,end:0,service time:0,nodes:2323,
[task] id:13,start:0,end:0,service time:0,nodes:3055,
[task] id:4,start:0,end:0,service time:0,nodes:3248,
[task] id:19,start:0,end:0,service time:0,nodes:1145,
[task] id:0,start:0,end:0,service time:0,nodes:2425,
[task] id:16,start:0,end:0,service time:0,nodes:610,
[task] id:5,start:0,end:0,service time:0,nodes:2067,
[task] id:8,start:0,end:0,service time:0,nodes:1040,
[task] id:7,start:0,end:0,service time:0,nodes:772,
[task] id:18,start:0,end:0,service time:0,nodes:1888,
[task] id:17,start:0,end:0,service time:0,nodes:1409,
[task] id:6,start:0,end:0,service time:0,nodes:2959,
[task] id:3,start:0,end:0,service time:0,nodes:2974,
[task] id:11,start:0,end:0,service time:0,nodes:4191,
[agent] id:0
path:2175,2282,2389,2390,2391,2392,2393,2394,2395,2396,2397,2398,2399,2400,2401,2402,2403,2404,2405,2406,2407,2408,2409,2410,2411,2412,2413,2414,2415,2416,2417,2418,2419,2420,2421,2422,2423,2424,2425,2425,2425,2425,2425,2425,2425,2425,2425,2425,2425,2425,2425,2425,2425,2425,2425,2425,2425,2425,2425,2425,2425,2425,2425,2425,2425,2425,2425,2425,2425,2425,2425,2425,2425,2425,2425,2425,2425,2425,2425,2425,2425,2425,2425,2425,2425,2425,2425,2425,2425,2425,2425,2425,
goal:2425,2425,2425,2425,2425,2425,2425,2425,2425,2425,2425,2425,2425,2425,2425,2425,2425,2425,2425,2425,2425,2425,2425,2425,2425,2425,2425,2425,2425,2425,2425,2425,2425,2425,2425,2425,2425,2425,2425,2425,2425,2425,2425,2425,2425,2425,2425,2425,2425,2425,2425,2425,2425,2425,2425,2425,2425,2425,2425,2425,2425,2425,2425,2425,2425,2425,2425,2425,2425,2425,2425,2425,2425,2425,2425,2425,2425,2425,2425,2425,2425,2425,2425,2425,2425,2425,2425,2425,2425,2425,2425,2425,
size:38
[agent] id:1
path:4134,4027,3920,3813,3706,3599,3600,3601,3494,3387,3280,3173,3066,2959,2852,2745,2638,2531,2424,2317,2318,2319,2320,2321,2322,2323,2323,2323,2323,2323,2323,2323,2323,2323,2323,2323,2323,2323,2323,2323,2323,2323,2323,2323,2323,2323,2323,2323,2323,2323,2323,2323,2323,2323,2323,2323,2323,2323,2323,2323,2323,2323,2323,2323,2323,2323,2323,2323,2323,2323,2323,2323,2323,2323,2323,2323,2323,2323,2323,2323,2323,2323,2323,2323,2323,2323,2323,2323,2323,2323,2323,2323,
goal:2323,2323,2323,2323,2323,2323,2323,2323,2323,2323,2323,2323,2323,2323,2323,2323,2323,2323,2323,2323,2323,2323,2323,2323,2323,2323,2323,2323,2323,2323,2323,2323,2323,2323,2323,2323,2323,2323,2323,2323,2323,2323,2323,2323,2323,2323,2323,2323,2323,2323,2323,2323,2323,2323,2323,2323,2323,2323,2323,2323,2323,2323,2323,2323,2323,2323,2323,2323,2323,2323,2323,2323,2323,2323,2323,2323,2323,2323,2323,2323,2323,2323,2323,2323,2323,2323,2323,2323,2323,2323,2323,2323,
size:25
[agent] id:2
path:365,472,579,686,793,900,1007,1114,1221,1328,1435,1436,1437,1438,1439,1440,1440,1440,1440,1440,1440,1440,1440,1440,1440,1440,1440,1440,1440,1440,1440,1440,1440,1440,1440,1440,1440,1440,1440,1440,1440,1440,1440,1440,1440,1440,1440,1440,1440,1440,1440,1440,1440,1440,1440,1440,1440,1440,1440,1440,1440,1440,1440,1440,1440,1440,1440,1440,1440,1440,1440,1440,1440,1440,1440,1440,1440,1440,1440,1440,1440,1440,1440,1440,1440,1440,1440,1440,1440,1440,1440,1440,
goal:1440,1440,1440,1440,1440,1440,1440,1440,1440,1440,1440,1440,1440,1440,1440,1440,1440,1440,1440,1440,1440,1440,1440,1440,1440,1440,1440,1440,1440,1440,1440,1440,1440,1440,1440,1440,1440,1440,1440,1440,1440,1440,1440,1440,1440,1440,1440,1440,1440,1440,1440,1440,1440,1440,1440,1440,1440,1440,1440,1440,1440,1440,1440,1440,1440,1440,1440,1440,1440,1440,1440,1440,1440,1440,1440,1440,1440,1440,1440,1440,1440,1440,1440,1440,1440,1440,1440,1440,1440,1440,1440,1440,
size:15
[agent] id:3
path:2037,2144,2251,2358,2465,2466,2467,2468,2469,2470,2471,2472,2473,2474,2475,2476,2477,2478,2585,2692,2693,2694,2695,2696,2697,2698,2699,2700,2701,2702,2703,2704,2705,2706,2707,2708,2709,2710,2711,2712,2713,2714,2715,2716,2717,2824,2825,2826,2827,2828,2829,2830,2831,2832,2833,2834,2835,2836,2837,2838,2839,2840,2841,2842,2843,2844,2845,2846,2847,2848,2849,2850,2851,2852,2853,2960,2961,2962,2963,2964,2965,2966,2967,2968,2969,2970,2971,2972,2973,2974,2974,2974,
goal:2974,2974,2974,2974,2974,2974,2974,2974,2974,2974,2974,2974,2974,2974,2974,2974,2974,2974,2974,2974,2974,2974,2974,2974,2974,2974,2974,2974,2974,2974,2974,2974,2974,2974,2974,2974,2974,2974,2974,2974,2974,2974,2974,2974,2974,2974,2974,2974,2974,2974,2974,2974,2974,2974,2974,2974,2974,2974,2974,2974,2974,2974,2974,2974,2974,2974,2974,2974,2974,2974,2974,2974,2974,2974,2974,2974,2974,2974,2974,2974,2974,2974,2974,2974,2974,2974,2974,2974,2974,2974,2974,2974,
size:89
[agent] id:4
path:2415,2522,2629,2736,2843,2950,3057,3056,3055,3054,3053,3052,3051,3050,3049,3048,3047,3046,3045,3044,3043,3042,3041,3040,3039,3038,3037,3036,3143,3250,3249,3248,3248,3248,3248,3248,3248,3248,3248,3248,3248,3248,3248,3248,3248,3248,3248,3248,3248,3248,3248,3248,3248,3248,3248,3248,3248,3248,3248,3248,3248,3248,3248,3248,3248,3248,3248,3248,3248,3248,3248,3248,3248,3248,3248,3248,3248,3248,3248,3248,3248,3248,3248,3248,3248,3248,3248,3248,3248,3248,3248,3248,
goal:3248,3248,3248,3248,3248,3248,3248,3248,3248,3248,3248,3248,3248,3248,3248,3248,3248,3248,3248,3248,3248,3248,3248,3248,3248,3248,3248,3248,3248,3248,3248,3248,3248,3248,3248,3248,3248,3248,3248,3248,3248,3248,3248,3248,3248,3248,3248,3248,3248,3248,3248,3248,3248,3248,3248,3248,3248,3248,3248,3248,3248,3248,3248,3248,3248,3248,3248,3248,3248,3248,3248,3248,3248,3248,3248,3248,3248,3248,3248,3248,3248,3248,3248,3248,3248,3248,3248,3248,3248,3248,3248,3248,
size:31
[agent] id:5
path:2323,2216,2109,2108,2107,2106,2105,2104,2103,2102,2101,2100,2099,2098,2097,2096,2095,2094,2093,2092,2091,2090,2089,2088,2087,2086,2085,2084,2083,2082,2081,2080,2079,2078,2077,2076,2075,2074,2073,2072,2071,2070,2069,2068,2067,2067,2067,2067,2067,2067,2067,2067,2067,2067,2067,2067,2067,2067,2067,2067,2067,2067,2067,2067,2067,2067,2067,2067,2067,2067,2067,2067,2067,2067,2067,2067,2067,2067,2067,2067,2067,2067,2067,2067,2067,2067,2067,2067,2067,2067,2067,2067,
goal:2067,2067,2067,2067,2067,2067,2067,2067,2067,2067,2067,2067,2067,2067,2067,2067,2067,2067,2067,2067,2067,2067,2067,2067,2067,2067,2067,2067,2067,2067,2067,2067,2067,2067,2067,2067,2067,2067,2067,2067,2067,2067,2067,2067,2067,2067,2067,2067,2067,2067,2067,2067,2067,2067,2067,2067,2067,2067,2067,2067,2067,2067,2067,2067,2067,2067,2067,2067,2067,2067,2067,2067,2067,2067,2067,2067,2067,2067,2067,2067,2067,2067,2067,2067,2067,2067,2067,2067,2067,2067,2067,2067,
size:44
[agent] id:6
path:2147,2254,2361,2468,2469,2470,2471,2472,2473,2474,2475,2476,2477,2478,2585,2692,2799,2906,2907,2908,2909,2910,2911,2912,2913,2914,2915,2916,2917,2918,2919,2920,2921,2922,2923,2924,2925,2926,2927,2928,2929,2930,2931,2932,2933,2934,2935,2936,2937,2938,2939,2940,2941,2942,2943,2944,2945,2946,2947,2948,2949,2950,2951,2952,2953,2954,2955,2956,2957,2958,2959,2959,2959,2959,2959,2959,2959,2959,2959,2959,2959,2959,2959,2959,2959,2959,2959,2959,2959,2959,2959,2959,
goal:2959,2959,2959,2959,2959,2959,2959,2959,2959,2959,2959,2959,2959,2959,2959,2959,2959,2959,2959,2959,2959,2959,2959,2959,2959,2959,2959,2959,2959,2959,2959,2959,2959,2959,2959,2959,2959,2959,2959,2959,2959,2959,2959,2959,2959,2959,2959,2959,2959,2959,2959,2959,2959,2959,2959,2959,2959,2959,2959,2959,2959,2959,2959,2959,2959,2959,2959,2959,2959,2959,2959,2959,2959,2959,2959,2959,2959,2959,2959,2959,2959,2959,2959,2959,2959,2959,2959,2959,2959,2959,2959,2959,
size:70
[agent] id:7
path:371,478,585,692,799,798,797,796,795,902,1009,1116,1223,1330,1437,1544,1651,1758,1865,1864,1863,1862,1861,1860,1967,1966,1965,1964,1963,1962,1961,1960,1959,1958,1957,1956,1955,1954,1847,1846,1845,1844,1843,1842,1735,1628,1521,1414,1307,1200,1093,986,879,772,772,772,772,772,772,772,772,772,772,772,772,772,772,772,772,772,772,772,772,772,772,772,772,772,772,772,772,772,772,772,772,772,772,772,772,772,772,772,
goal:772,772,772,772,772,772,772,772,772,772,772,772,772,772,772,772,772,772,772,772,772,772,772,772,772,772,772,772,772,772,772,772,772,772,772,772,772,772,772,772,772,772,772,772,772,772,772,772,772,772,772,772,772,772,772,772,772,772,772,772,772,772,772,772,772,772,772,772,772,772,772,772,772,772,772,772,772,772,772,772,772,772,772,772,772,772,772,772,772,772,772,772,
size:53
[agent] id:8
path:2616,2509,2402,2295,2188,2081,1974,1975,1976,1977,1978,1979,1980,1981,1982,1983,1984,1985,1986,1987,1988,1989,1990,1991,1884,1885,1886,1887,1888,1889,1782,1675,1568,1461,1354,1247,1140,1033,1034,1035,1036,1037,1038,1039,1040,1040,1040,1040,1040,1040,1040,1040,1040,1040,1040,1040,1040,1040,1040,1040,1040,1040,1040,1040,1040,1040,1040,1040,1040,1040,1040,1040,1040,1040,1040,1040,1040,1040,1040,1040,1040,1040,1040,1040,1040,1040,1040,1040,1040,1040,1040,1040,
goal:1040,1040,1040,1040,1040,1040,1040,1040,1040,1040,1040,1040,1040,1040,1040,1040,1040,1040,1040,1040,1040,1040,1040,1040,1040,1040,1040,1040,1040,1040,1040,1040,1040,1040,1040,1040,1040,1040,1040,1040,1040,1040,1040,1040,1040,1040,1040,1040,1040,1040,1040,1040,1040,1040,1040,1040,1040,1040,1040,1040,1040,1040,1040,1040,1040,1040,1040,1040,1040,1040,1040,1040,1040,1040,1040,1040,1040,1040,1040,1040,1040,1040,1040,1040,1040,1040,1040,1040,1040,1040,1040,1040,
size:44
[agent] id:9
path:1870,1977,2084,2191,2298,2405,2512,2619,2618,2617,2616,2615,2614,2613,2612,2611,2610,2609,2608,2607,2606,2605,2604,2604,2604,2604,2604,2604,2604,2604,2604,2604,2604,2604,2604,2604,2604,2604,2604,2604,2604,2604,2604,2604,2604,2604,2604,2604,2604,2604,2604,2604,2604,2604,2604,2604,2604,2604,2604,2604,2604,2604,2604,2604,2604,2604,2604,2604,2604,2604,2604,2604,2604,2604,2604,2604,2604,2604,2604,2604,2604,2604,2604,2604,2604,2604,2604,2604,2604,2604,2604,2604,
goal:2604,2604,2604,2604,2604,2604,2604,2604,2604,2604,2604,2604,2604,2604,2604,2604,2604,2604,2604,2604,2604,2604,2604,2604,2604,2604,2604,2604,2604,2604,2604,2604,2604,2604,2604,2604,2604,2604,2604,2604,2604,2604,2604,2604,2604,2604,2604,2604,2604,2604,2604,2604,2604,2604,2604,2604,2604,2604,2604,2604,2604,2604,2604,2604,2604,2604,2604,2604,2604,2604,2604,2604,2604,2604,2604,2604,2604,2604,2604,2604,2604,2604,2604,2604,2604,2604,2604,2604,2604,2604,2604,2604,
size:22
[agent] id:10
path:2473,2366,2365,2364,2363,2362,2362,2362,2362,2362,2362,2362,2362,2362,2362,2362,2362,2362,2362,2362,2362,2362,2362,2362,2362,2362,2362,2362,2362,2362,2362,2362,2362,2362,2362,2362,2362,2362,2362,2362,2362,2362,2362,2362,2362,2362,2362,2362,2362,2362,2362,2362,2362,2362,2362,2362,2362,2362,2362,2362,2362,2362,2362,2362,2362,2362,2362,2362,2362,2362,2362,2362,2362,2362,2362,2362,2362,2362,2362,2362,2362,2362,2362,2362,2362,2362,2362,2362,2362,2362,2362,2362,
goal:2362,2362,2362,2362,2362,2362,2362,2362,2362,2362,2362,2362,2362,2362,2362,2362,2362,2362,2362,2362,2362,2362,2362,2362,2362,2362,2362,2362,2362,2362,2362,2362,2362,2362,2362,2362,2362,2362,2362,2362,2362,2362,2362,2362,2362,2362,2362,2362,2362,2362,2362,2362,2362,2362,2362,2362,2362,2362,2362,2362,2362,2362,2362,2362,2362,2362,2362,2362,2362,2362,2362,2362,2362,2362,2362,2362,2362,2362,2362,2362,2362,2362,2362,2362,2362,2362,2362,2362,2362,2362,2362,2362,
size:5
[agent] id:11
path:718,825,932,1039,1146,1253,1360,1467,1466,1465,1464,1463,1462,1569,1676,1783,1890,1997,2104,2211,2210,2317,2424,2531,2638,2745,2852,2959,2958,2957,2956,2955,2954,2953,2952,2951,2950,2949,2948,2947,3054,3053,3052,3051,3050,3049,3048,3047,3046,3045,3044,3043,3042,3041,3040,3039,3038,3037,3036,3035,3034,3033,3032,3031,3030,3029,3028,3027,3026,3025,3024,3131,3238,3345,3344,3343,3342,3341,3340,3447,3554,3661,3768,3875,3982,4089,4196,4195,4194,4193,4192,4191,
goal:4191,4191,4191,4191,4191,4191,4191,4191,4191,4191,4191,4191,4191,4191,4191,4191,4191,4191,4191,4191,4191,4191,4191,4191,4191,4191,4191,4191,4191,4191,4191,4191,4191,4191,4191,4191,4191,4191,4191,4191,4191,4191,4191,4191,4191,4191,4191,4191,4191,4191,4191,4191,4191,4191,4191,4191,4191,4191,4191,4191,4191,4191,4191,4191,4191,4191,4191,4191,4191,4191,4191,4191,4191,4191,4191,4191,4191,4191,4191,4191,4191,4191,4191,4191,4191,4191,4191,4191,4191,4191,4191,4191,
size:91
[agent] id:12
path:1437,1330,1223,1116,1117,1118,1119,1120,1121,1122,1123,1123,1123,1123,1123,1123,1123,1123,1123,1123,1123,1123,1123,1123,1123,1123,1123,1123,1123,1123,1123,1123,1123,1123,1123,1123,1123,1123,1123,1123,1123,1123,1123,1123,1123,1123,1123,1123,1123,1123,1123,1123,1123,1123,1123,1123,1123,1123,1123,1123,1123,1123,1123,1123,1123,1123,1123,1123,1123,1123,1123,1123,1123,1123,1123,1123,1123,1123,1123,1123,1123,1123,1123,1123,1123,1123,1123,1123,1123,1123,1123,1123,
goal:1123,1123,1123,1123,1123,1123,1123,1123,1123,1123,1123,1123,1123,1123,1123,1123,1123,1123,1123,1123,1123,1123,1123,1123,1123,1123,1123,1123,1123,1123,1123,1123,1123,1123,1123,1123,1123,1123,1123,1123,1123,1123,1123,1123,1123,1123,1123,1123,1123,1123,1123,1123,1123,1123,1123,1123,1123,1123,1123,1123,1123,1123,1123,1123,1123,1123,1123,1123,1123,1123,1123,1123,1123,1123,1123,1123,1123,1123,1123,1123,1123,1123,1123,1123,1123,1123,1123,1123,1123,1123,1123,1123,
size:10
[agent] id:13
path:4132,4025,3918,3811,3704,3597,3598,3599,3600,3601,3494,3387,3280,3173,3066,3065,3064,3063,3062,3061,3060,3059,3058,3057,3056,3055,3055,3055,3055,3055,3055,3055,3055,3055,3055,3055,3055,3055,3055,3055,3055,3055,3055,3055,3055,3055,3055,3055,3055,3055,3055,3055,3055,3055,3055,3055,3055,3055,3055,3055,3055,3055,3055,3055,3055,3055,3055,3055,3055,3055,3055,3055,3055,3055,3055,3055,3055,3055,3055,3055,3055,3055,3055,3055,3055,3055,3055,3055,3055,3055,3055,3055,
goal:3055,3055,3055,3055,3055,3055,3055,3055,3055,3055,3055,3055,3055,3055,3055,3055,3055,3055,3055,3055,3055,3055,3055,3055,3055,3055,3055,3055,3055,3055,3055,3055,3055,3055,3055,3055,3055,3055,3055,3055,3055,3055,3055,3055,3055,3055,3055,3055,3055,3055,3055,3055,3055,3055,3055,3055,3055,3055,3055,3055,3055,3055,3055,3055,3055,3055,3055,3055,3055,3055,3055,3055,3055,3055,3055,3055,3055,3055,3055,3055,3055,3055,3055,3055,3055,3055,3055,3055,3055,3055,3055,3055,
size:25
[agent] id:14
path:2275,2382,2489,2596,2703,2810,2811,2812,2813,2814,2815,2816,2817,2818,2819,2820,2821,2822,2823,2823,2823,2823,2823,2823,2823,2823,2823,2823,2823,2823,2823,2823,2823,2823,2823,2823,2823,2823,2823,2823,2823,2823,2823,2823,2823,2823,2823,2823,2823,2823,2823,2823,2823,2823,2823,2823,2823,2823,2823,2823,2823,2823,2823,2823,2823,2823,2823,2823,2823,2823,2823,2823,2823,2823,2823,2823,2823,2823,2823,2823,2823,2823,2823,2823,2823,2823,2823,2823,2823,2823,2823,2823,
goal:2823,2823,2823,2823,2823,2823,2823,2823,2823,2823,2823,2823,2823,2823,2823,2823,2823,2823,2823,2823,2823,2823,2823,2823,2823,2823,2823,2823,2823,2823,2823,2823,2823,2823,2823,2823,2823,2823,2823,2823,2823,2823,2823,2823,2823,2823,2823,2823,2823,2823,2823,2823,2823,2823,2823,2823,2823,2823,2823,2823,2823,2823,2823,2823,2823,2823,2823,2823,2823,2823,2823,2823,2823,2823,2823,2823,2823,2823,2823,2823,2823,2823,2823,2823,2823,2823,2823,2823,2823,2823,2823,2823,
size:18
[agent] id:15
path:2682,2789,2896,2897,2898,2899,2900,2901,2902,2902,2902,2902,2902,2902,2902,2902,2902,2902,2902,2902,2902,2902,2902,2902,2902,2902,2902,2902,2902,2902,2902,2902,2902,2902,2902,2902,2902,2902,2902,2902,2902,2902,2902,2902,2902,2902,2902,2902,2902,2902,2902,2902,2902,2902,2902,2902,2902,2902,2902,2902,2902,2902,2902,2902,2902,2902,2902,2902,2902,2902,2902,2902,2902,2902,2902,2902,2902,2902,2902,2902,2902,2902,2902,2902,2902,2902,2902,2902,2902,2902,2902,2902,
goal:2902,2902,2902,2902,2902,2902,2902,2902,2902,2902,2902,2902,2902,2902,2902,2902,2902,2902,2902,2902,2902,2902,2902,2902,2902,2902,2902,2902,2902,2902,2902,2902,2902,2902,2902,2902,2902,2902,2902,2902,2902,2902,2902,2902,2902,2902,2902,2902,2902,2902,2902,2902,2902,2902,2902,2902,2902,2902,2902,2902,2902,2902,2902,2902,2902,2902,2902,2902,2902,2902,2902,2902,2902,2902,2902,2902,2902,2902,2902,2902,2902,2902,2902,2902,2902,2902,2902,2902,2902,2902,2902,2902,
size:8
[agent] id:16
path:2761,2654,2547,2440,2333,2226,2119,2012,2011,2010,2009,2008,2007,2006,2005,2004,2003,2002,1895,1894,1893,1892,1891,1890,1783,1676,1569,1462,1355,1248,1141,1034,927,820,713,606,607,608,609,610,610,610,610,610,610,610,610,610,610,610,610,610,610,610,610,610,610,610,610,610,610,610,610,610,610,610,610,610,610,610,610,610,610,610,610,610,610,610,610,610,610,610,610,610,610,610,610,610,610,610,610,610,
goal:610,610,610,610,610,610,610,610,610,610,610,610,610,610,610,610,610,610,610,610,610,610,610,610,610,610,610,610,610,610,610,610,610,610,610,610,610,610,610,610,610,610,610,610,610,610,610,610,610,610,610,610,610,610,610,610,610,610,610,610,610,610,610,610,610,610,610,610,610,610,610,610,610,610,610,610,610,610,610,610,610,610,610,610,610,610,610,610,610,610,610,610,
size:39
[agent] id:17
path:2215,2108,2107,2106,2105,2104,2103,2102,2101,2100,2099,2098,2097,2096,2095,2094,2093,2092,2091,2090,2089,2088,2087,2086,2085,2084,2083,2082,2081,2080,2079,2078,2077,2076,2075,2074,1967,1966,1965,1964,1963,1962,1961,1960,1959,1958,1957,1956,1955,1954,1847,1846,1845,1844,1843,1842,1735,1628,1521,1414,1413,1412,1411,1410,1409,1409,1409,1409,1409,1409,1409,1409,1409,1409,1409,1409,1409,1409,1409,1409,1409,1409,1409,1409,1409,1409,1409,1409,1409,1409,1409,1409,
goal:1409,1409,1409,1409,1409,1409,1409,1409,1409,1409,1409,1409,1409,1409,1409,1409,1409,1409,1409,1409,1409,1409,1409,1409,1409,1409,1409,1409,1409,1409,1409,1409,1409,1409,1409,1409,1409,1409,1409,1409,1409,1409,1409,1409,1409,1409,1409,1409,1409,1409,1409,1409,1409,1409,1409,1409,1409,1409,1409,1409,1409,1409,1409,1409,1409,1409,1409,1409,1409,1409,1409,1409,1409,1409,1409,1409,1409,1409,1409,1409,1409,1409,1409,1409,1409,1409,1409,1409,1409,1409,1409,1409,
size:64
[agent] id:18
path:2581,2474,2367,2368,2369,2370,2371,2264,2157,2050,2051,2052,2053,2054,2055,2056,2057,2058,2059,2060,2061,2062,2063,2064,2065,2066,2067,2068,2069,2070,1963,1964,1965,1966,1967,1968,1969,1970,1971,1972,1973,1974,1975,1976,1977,1978,1979,1980,1981,1982,1983,1984,1985,1986,1987,1988,1989,1990,1991,1884,1885,1886,1887,1888,1888,1888,1888,1888,1888,1888,1888,1888,1888,1888,1888,1888,1888,1888,1888,1888,1888,1888,1888,1888,1888,1888,1888,1888,1888,1888,1888,1888,
goal:1888,1888,1888,1888,1888,1888,1888,1888,1888,1888,1888,1888,1888,1888,1888,1888,1888,1888,1888,1888,1888,1888,1888,1888,1888,1888,1888,1888,1888,1888,1888,1888,1888,1888,1888,1888,1888,1888,1888,1888,1888,1888,1888,1888,1888,1888,1888,1888,1888,1888,1888,1888,1888,1888,1888,1888,1888,1888,1888,1888,1888,1888,1888,1888,1888,1888,1888,1888,1888,1888,1888,1888,1888,1888,1888,1888,1888,1888,1888,1888,1888,1888,1888,1888,1888,1888,1888,1888,1888,1888,1888,1888,
size:63
[agent] id:19
path:4458,4351,4244,4137,4030,3923,3816,3709,3602,3495,3388,3281,3174,3067,2960,2853,2746,2639,2532,2425,2425,2318,2211,2104,1997,1890,1783,1676,1569,1462,1355,1248,1141,1142,1143,1144,1145,1145,1145,1145,1145,1145,1145,1145,1145,1145,1145,1145,1145,1145,1145,1145,1145,1145,1145,1145,1145,1145,1145,1145,1145,1145,1145,1145,1145,1145,1145,1145,1145,1145,1145,1145,1145,1145,1145,1145,1145,1145,1145,1145,1145,1145,1145,1145,1145,1145,1145,1145,1145,1145,1145,1145,
goal:1145,1145,1145,1145,1145,1145,1145,1145,1145,1145,1145,1145,1145,1145,1145,1145,1145,1145,1145,1145,1145,1145,1145,1145,1145,1145,1145,1145,1145,1145,1145,1145,1145,1145,1145,1145,1145,1145,1145,1145,1145,1145,1145,1145,1145,1145,1145,1145,1145,1145,1145,1145,1145,1145,1145,1145,1145,1145,1145,1145,1145,1145,1145,1145,1145,1145,1145,1145,1145,1145,1145,1145,1145,1145,1145,1145,1145,1145,1145,1145,1145,1145,1145,1145,1145,1145,1145,1145,1145,1145,1145,1145,
size:36
SolutionCost:790
