[setting] seed:94
[solver] type:ECBS
[solver] w:3.000000
[solver] ID:0
[solver] Lowlevelnode:58479
[solver] solved:1
[solver] elapsed:787
[solver] makespan:99
[problem] timesteplimit:10000
[problem] type:MAPF
[problem] agentnum:20
[graph] width:107
[graph] height:47
[graph] filename:./map/orz601d.map
[task] id:7,start:0,end:0,service time:0,nodes:3302,
[task] id:17,start:0,end:0,service time:0,nodes:2902,
[task] id:2,start:0,end:0,service time:0,nodes:2414,
[task] id:3,start:0,end:0,service time:0,nodes:3050,
[task] id:4,start:0,end:0,service time:0,nodes:3495,
[task] id:16,start:0,end:0,service time:0,nodes:1982,
[task] id:11,start:0,end:0,service time:0,nodes:1903,
[task] id:12,start:0,end:0,service time:0,nodes:2512,
[task] id:15,start:0,end:0,service time:0,nodes:2834,
[task] id:18,start:0,end:0,service time:0,nodes:2600,
[task] id:0,start:0,end:0,service time:0,nodes:2081,
[task] id:13,start:0,end:0,service time:0,nodes:1241,
[task] id:1,start:0,end:0,service time:0,nodes:2808,
[task] id:5,start:0,end:0,service time:0,nodes:3109,
[task] id:19,start:0,end:0,service time:0,nodes:2057,
[task] id:6,start:0,end:0,service time:0,nodes:2100,
[task] id:8,start:0,end:0,service time:0,nodes:2542,
[task] id:14,start:0,end:0,service time:0,nodes:2329,
[task] id:9,start:0,end:0,service time:0,nodes:3769,
[task] id:10,start:0,end:0,service time:0,nodes:2349,
[agent] id:0
path:2448,2447,2446,2339,2232,2125,2124,2123,2122,2121,2120,2119,2118,2117,2116,2115,2114,2113,2112,2111,2110,2109,2108,2107,2106,2105,2104,2103,2102,2101,2100,2099,2098,2097,2096,2095,2094,2093,2092,2091,2090,2089,2088,2087,2086,2085,2084,2083,2082,2081,2081,2081,2081,2081,2081,2081,2081,2081,2081,2081,2081,2081,2081,2081,2081,2081,2081,2081,2081,2081,2081,2081,2081,2081,2081,2081,2081,2081,2081,2081,2081,2081,2081,2081,2081,2081,2081,2081,2081,2081,2081,2081,2081,2081,2081,2081,2081,2081,2081,2081,
goal:2081,2081,2081,2081,2081,2081,2081,2081,2081,2081,2081,2081,2081,2081,2081,2081,2081,2081,2081,2081,2081,2081,2081,2081,2081,2081,2081,2081,2081,2081,2081,2081,2081,2081,2081,2081,2081,2081,2081,2081,2081,2081,2081,2081,2081,2081,2081,2081,2081,2081,2081,2081,2081,2081,2081,2081,2081,2081,2081,2081,2081,2081,2081,2081,2081,2081,2081,2081,2081,2081,2081,2081,2081,2081,2081,2081,2081,2081,2081,2081,2081,2081,2081,2081,2081,2081,2081,2081,2081,2081,2081,2081,2081,2081,2081,2081,2081,2081,2081,2081,
size:49
[agent] id:1
path:3820,3713,3606,3605,3604,3603,3602,3495,3388,3281,3174,3067,2960,2959,2852,2851,2850,2849,2848,2847,2846,2845,2844,2843,2842,2841,2840,2839,2838,2837,2836,2835,2834,2833,2832,2831,2830,2829,2828,2827,2826,2825,2824,2823,2822,2821,2820,2819,2818,2817,2816,2815,2814,2813,2812,2811,2810,2809,2808,2808,2808,2808,2808,2808,2808,2808,2808,2808,2808,2808,2808,2808,2808,2808,2808,2808,2808,2808,2808,2808,2808,2808,2808,2808,2808,2808,2808,2808,2808,2808,2808,2808,2808,2808,2808,2808,2808,2808,2808,2808,
goal:2808,2808,2808,2808,2808,2808,2808,2808,2808,2808,2808,2808,2808,2808,2808,2808,2808,2808,2808,2808,2808,2808,2808,2808,2808,2808,2808,2808,2808,2808,2808,2808,2808,2808,2808,2808,2808,2808,2808,2808,2808,2808,2808,2808,2808,2808,2808,2808,2808,2808,2808,2808,2808,2808,2808,2808,2808,2808,2808,2808,2808,2808,2808,2808,2808,2808,2808,2808,2808,2808,2808,2808,2808,2808,2808,2808,2808,2808,2808,2808,2808,2808,2808,2808,2808,2808,2808,2808,2808,2808,2808,2808,2808,2808,2808,2808,2808,2808,2808,2808,
size:58
[agent] id:2
path:2505,2398,2399,2400,2401,2402,2403,2404,2405,2406,2407,2408,2409,2410,2411,2412,2413,2414,2414,2414,2414,2414,2414,2414,2414,2414,2414,2414,2414,2414,2414,2414,2414,2414,2414,2414,2414,2414,2414,2414,2414,2414,2414,2414,2414,2414,2414,2414,2414,2414,2414,2414,2414,2414,2414,2414,2414,2414,2414,2414,2414,2414,2414,2414,2414,2414,2414,2414,2414,2414,2414,2414,2414,2414,2414,2414,2414,2414,2414,2414,2414,2414,2414,2414,2414,2414,2414,2414,2414,2414,2414,2414,2414,2414,2414,2414,2414,2414,2414,2414,
goal:2414,2414,2414,2414,2414,2414,2414,2414,2414,2414,2414,2414,2414,2414,2414,2414,2414,2414,2414,2414,2414,2414,2414,2414,2414,2414,2414,2414,2414,2414,2414,2414,2414,2414,2414,2414,2414,2414,2414,2414,2414,2414,2414,2414,2414,2414,2414,2414,2414,2414,2414,2414,2414,2414,2414,2414,2414,2414,2414,2414,2414,2414,2414,2414,2414,2414,2414,2414,2414,2414,2414,2414,2414,2414,2414,2414,2414,2414,2414,2414,2414,2414,2414,2414,2414,2414,2414,2414,2414,2414,2414,2414,2414,2414,2414,2414,2414,2414,2414,2414,
size:17
[agent] id:3
path:3141,3034,3035,3036,3037,3038,3039,3040,3041,3042,3043,3044,3045,3046,3047,3048,3049,3050,3050,3050,3050,3050,3050,3050,3050,3050,3050,3050,3050,3050,3050,3050,3050,3050,3050,3050,3050,3050,3050,3050,3050,3050,3050,3050,3050,3050,3050,3050,3050,3050,3050,3050,3050,3050,3050,3050,3050,3050,3050,3050,3050,3050,3050,3050,3050,3050,3050,3050,3050,3050,3050,3050,3050,3050,3050,3050,3050,3050,3050,3050,3050,3050,3050,3050,3050,3050,3050,3050,3050,3050,3050,3050,3050,3050,3050,3050,3050,3050,3050,3050,
goal:3050,3050,3050,3050,3050,3050,3050,3050,3050,3050,3050,3050,3050,3050,3050,3050,3050,3050,3050,3050,3050,3050,3050,3050,3050,3050,3050,3050,3050,3050,3050,3050,3050,3050,3050,3050,3050,3050,3050,3050,3050,3050,3050,3050,3050,3050,3050,3050,3050,3050,3050,3050,3050,3050,3050,3050,3050,3050,3050,3050,3050,3050,3050,3050,3050,3050,3050,3050,3050,3050,3050,3050,3050,3050,3050,3050,3050,3050,3050,3050,3050,3050,3050,3050,3050,3050,3050,3050,3050,3050,3050,3050,3050,3050,3050,3050,3050,3050,3050,3050,
size:17
[agent] id:4
path:1462,1569,1676,1783,1890,1997,2104,2211,2318,2425,2532,2639,2746,2853,2960,3067,3174,3281,3388,3495,3495,3495,3495,3495,3495,3495,3495,3495,3495,3495,3495,3495,3495,3495,3495,3495,3495,3495,3495,3495,3495,3495,3495,3495,3495,3495,3495,3495,3495,3495,3495,3495,3495,3495,3495,3495,3495,3495,3495,3495,3495,3495,3495,3495,3495,3495,3495,3495,3495,3495,3495,3495,3495,3495,3495,3495,3495,3495,3495,3495,3495,3495,3495,3495,3495,3495,3495,3495,3495,3495,3495,3495,3495,3495,3495,3495,3495,3495,3495,3495,
goal:3495,3495,3495,3495,3495,3495,3495,3495,3495,3495,3495,3495,3495,3495,3495,3495,3495,3495,3495,3495,3495,3495,3495,3495,3495,3495,3495,3495,3495,3495,3495,3495,3495,3495,3495,3495,3495,3495,3495,3495,3495,3495,3495,3495,3495,3495,3495,3495,3495,3495,3495,3495,3495,3495,3495,3495,3495,3495,3495,3495,3495,3495,3495,3495,3495,3495,3495,3495,3495,3495,3495,3495,3495,3495,3495,3495,3495,3495,3495,3495,3495,3495,3495,3495,3495,3495,3495,3495,3495,3495,3495,3495,3495,3495,3495,3495,3495,3495,3495,3495,
size:19
[agent] id:5
path:1115,1222,1329,1436,1437,1544,1651,1758,1865,1972,2079,2186,2293,2400,2507,2506,2505,2504,2503,2502,2501,2500,2499,2498,2497,2496,2495,2494,2493,2492,2491,2490,2489,2488,2487,2486,2485,2484,2483,2482,2481,2480,2479,2478,2477,2476,2475,2474,2581,2688,2795,2794,2901,3008,3115,3114,3113,3112,3111,3110,3109,3109,3109,3109,3109,3109,3109,3109,3109,3109,3109,3109,3109,3109,3109,3109,3109,3109,3109,3109,3109,3109,3109,3109,3109,3109,3109,3109,3109,3109,3109,3109,3109,3109,3109,3109,3109,3109,3109,3109,
goal:3109,3109,3109,3109,3109,3109,3109,3109,3109,3109,3109,3109,3109,3109,3109,3109,3109,3109,3109,3109,3109,3109,3109,3109,3109,3109,3109,3109,3109,3109,3109,3109,3109,3109,3109,3109,3109,3109,3109,3109,3109,3109,3109,3109,3109,3109,3109,3109,3109,3109,3109,3109,3109,3109,3109,3109,3109,3109,3109,3109,3109,3109,3109,3109,3109,3109,3109,3109,3109,3109,3109,3109,3109,3109,3109,3109,3109,3109,3109,3109,3109,3109,3109,3109,3109,3109,3109,3109,3109,3109,3109,3109,3109,3109,3109,3109,3109,3109,3109,3109,
size:60
[agent] id:6
path:3115,3008,2901,2794,2687,2580,2473,2366,2367,2368,2369,2370,2371,2264,2157,2158,2159,2160,2161,2162,2163,2164,2165,2166,2167,2168,2169,2170,2171,2172,2173,2174,2175,2176,2177,2178,2179,2180,2181,2182,2183,2184,2185,2186,2187,2188,2189,2190,2191,2084,2085,2086,2087,2088,2089,2090,2091,2092,2093,2094,2095,2096,2097,2098,2099,2100,2100,2100,2100,2100,2100,2100,2100,2100,2100,2100,2100,2100,2100,2100,2100,2100,2100,2100,2100,2100,2100,2100,2100,2100,2100,2100,2100,2100,2100,2100,2100,2100,2100,2100,
goal:2100,2100,2100,2100,2100,2100,2100,2100,2100,2100,2100,2100,2100,2100,2100,2100,2100,2100,2100,2100,2100,2100,2100,2100,2100,2100,2100,2100,2100,2100,2100,2100,2100,2100,2100,2100,2100,2100,2100,2100,2100,2100,2100,2100,2100,2100,2100,2100,2100,2100,2100,2100,2100,2100,2100,2100,2100,2100,2100,2100,2100,2100,2100,2100,2100,2100,2100,2100,2100,2100,2100,2100,2100,2100,2100,2100,2100,2100,2100,2100,2100,2100,2100,2100,2100,2100,2100,2100,2100,2100,2100,2100,2100,2100,2100,2100,2100,2100,2100,2100,
size:65
[agent] id:7
path:2447,2554,2661,2660,2767,2874,2981,3088,3195,3302,3302,3302,3302,3302,3302,3302,3302,3302,3302,3302,3302,3302,3302,3302,3302,3302,3302,3302,3302,3302,3302,3302,3302,3302,3302,3302,3302,3302,3302,3302,3302,3302,3302,3302,3302,3302,3302,3302,3302,3302,3302,3302,3302,3302,3302,3302,3302,3302,3302,3302,3302,3302,3302,3302,3302,3302,3302,3302,3302,3302,3302,3302,3302,3302,3302,3302,3302,3302,3302,3302,3302,3302,3302,3302,3302,3302,3302,3302,3302,3302,3302,3302,3302,3302,3302,3302,3302,3302,3302,3302,
goal:3302,3302,3302,3302,3302,3302,3302,3302,3302,3302,3302,3302,3302,3302,3302,3302,3302,3302,3302,3302,3302,3302,3302,3302,3302,3302,3302,3302,3302,3302,3302,3302,3302,3302,3302,3302,3302,3302,3302,3302,3302,3302,3302,3302,3302,3302,3302,3302,3302,3302,3302,3302,3302,3302,3302,3302,3302,3302,3302,3302,3302,3302,3302,3302,3302,3302,3302,3302,3302,3302,3302,3302,3302,3302,3302,3302,3302,3302,3302,3302,3302,3302,3302,3302,3302,3302,3302,3302,3302,3302,3302,3302,3302,3302,3302,3302,3302,3302,3302,3302,
size:9
[agent] id:8
path:1206,1313,1312,1419,1418,1417,1416,1415,1414,1521,1628,1735,1842,1949,2056,2163,2270,2377,2378,2379,2380,2381,2382,2383,2384,2385,2386,2387,2388,2389,2390,2391,2392,2393,2394,2395,2396,2397,2398,2399,2400,2401,2402,2403,2404,2405,2406,2513,2514,2515,2516,2517,2518,2519,2520,2521,2522,2523,2524,2525,2526,2527,2528,2529,2530,2531,2532,2533,2534,2535,2536,2537,2538,2539,2540,2541,2542,2542,2542,2542,2542,2542,2542,2542,2542,2542,2542,2542,2542,2542,2542,2542,2542,2542,2542,2542,2542,2542,2542,2542,
goal:2542,2542,2542,2542,2542,2542,2542,2542,2542,2542,2542,2542,2542,2542,2542,2542,2542,2542,2542,2542,2542,2542,2542,2542,2542,2542,2542,2542,2542,2542,2542,2542,2542,2542,2542,2542,2542,2542,2542,2542,2542,2542,2542,2542,2542,2542,2542,2542,2542,2542,2542,2542,2542,2542,2542,2542,2542,2542,2542,2542,2542,2542,2542,2542,2542,2542,2542,2542,2542,2542,2542,2542,2542,2542,2542,2542,2542,2542,2542,2542,2542,2542,2542,2542,2542,2542,2542,2542,2542,2542,2542,2542,2542,2542,2542,2542,2542,2542,2542,2542,
size:76
[agent] id:9
path:2012,2119,2226,2333,2440,2547,2654,2761,2868,2975,2974,2973,2972,2971,2970,2969,2968,2967,2966,2965,2964,2963,2962,2961,2960,2959,2958,2957,2956,2955,2954,2953,2952,2951,2950,2949,2948,2947,2946,2945,2944,2943,2942,3049,3048,3047,3046,3045,3044,3043,3042,3041,3040,3039,3038,3037,3036,3035,3034,3033,3032,3031,3030,3029,3028,3027,3026,3025,3024,3131,3238,3345,3344,3343,3342,3341,3340,3447,3554,3661,3768,3769,3769,3769,3769,3769,3769,3769,3769,3769,3769,3769,3769,3769,3769,3769,3769,3769,3769,3769,
goal:3769,3769,3769,3769,3769,3769,3769,3769,3769,3769,3769,3769,3769,3769,3769,3769,3769,3769,3769,3769,3769,3769,3769,3769,3769,3769,3769,3769,3769,3769,3769,3769,3769,3769,3769,3769,3769,3769,3769,3769,3769,3769,3769,3769,3769,3769,3769,3769,3769,3769,3769,3769,3769,3769,3769,3769,3769,3769,3769,3769,3769,3769,3769,3769,3769,3769,3769,3769,3769,3769,3769,3769,3769,3769,3769,3769,3769,3769,3769,3769,3769,3769,3769,3769,3769,3769,3769,3769,3769,3769,3769,3769,3769,3769,3769,3769,3769,3769,3769,3769,
size:81
[agent] id:10
path:4198,4091,3984,3877,3770,3769,3768,3661,3554,3447,3340,3233,3126,3019,2912,2805,2698,2699,2700,2701,2702,2703,2704,2705,2706,2707,2708,2709,2710,2711,2712,2713,2714,2715,2716,2609,2610,2611,2612,2613,2614,2615,2616,2617,2618,2619,2620,2621,2622,2623,2624,2625,2626,2627,2628,2629,2630,2631,2632,2633,2634,2635,2636,2637,2638,2639,2640,2641,2642,2643,2644,2645,2646,2647,2648,2649,2650,2543,2436,2437,2438,2439,2440,2441,2442,2443,2444,2445,2446,2447,2448,2449,2450,2451,2344,2345,2346,2347,2348,2349,
goal:2349,2349,2349,2349,2349,2349,2349,2349,2349,2349,2349,2349,2349,2349,2349,2349,2349,2349,2349,2349,2349,2349,2349,2349,2349,2349,2349,2349,2349,2349,2349,2349,2349,2349,2349,2349,2349,2349,2349,2349,2349,2349,2349,2349,2349,2349,2349,2349,2349,2349,2349,2349,2349,2349,2349,2349,2349,2349,2349,2349,2349,2349,2349,2349,2349,2349,2349,2349,2349,2349,2349,2349,2349,2349,2349,2349,2349,2349,2349,2349,2349,2349,2349,2349,2349,2349,2349,2349,2349,2349,2349,2349,2349,2349,2349,2349,2349,2349,2349,2349,
size:99
[agent] id:11
path:3306,3199,3092,3093,2986,2879,2772,2665,2558,2451,2450,2449,2448,2447,2446,2339,2232,2125,2018,2017,2016,2015,2014,2013,2012,2011,2010,1903,1903,1903,1903,1903,1903,1903,1903,1903,1903,1903,1903,1903,1903,1903,1903,1903,1903,1903,1903,1903,1903,1903,1903,1903,1903,1903,1903,1903,1903,1903,1903,1903,1903,1903,1903,1903,1903,1903,1903,1903,1903,1903,1903,1903,1903,1903,1903,1903,1903,1903,1903,1903,1903,1903,1903,1903,1903,1903,1903,1903,1903,1903,1903,1903,1903,1903,1903,1903,1903,1903,1903,1903,
goal:1903,1903,1903,1903,1903,1903,1903,1903,1903,1903,1903,1903,1903,1903,1903,1903,1903,1903,1903,1903,1903,1903,1903,1903,1903,1903,1903,1903,1903,1903,1903,1903,1903,1903,1903,1903,1903,1903,1903,1903,1903,1903,1903,1903,1903,1903,1903,1903,1903,1903,1903,1903,1903,1903,1903,1903,1903,1903,1903,1903,1903,1903,1903,1903,1903,1903,1903,1903,1903,1903,1903,1903,1903,1903,1903,1903,1903,1903,1903,1903,1903,1903,1903,1903,1903,1903,1903,1903,1903,1903,1903,1903,1903,1903,1903,1903,1903,1903,1903,1903,
size:27
[agent] id:12
path:3073,2966,2859,2752,2645,2538,2537,2536,2535,2534,2533,2532,2531,2530,2529,2528,2527,2526,2525,2524,2523,2522,2521,2520,2519,2518,2517,2516,2515,2514,2513,2512,2512,2512,2512,2512,2512,2512,2512,2512,2512,2512,2512,2512,2512,2512,2512,2512,2512,2512,2512,2512,2512,2512,2512,2512,2512,2512,2512,2512,2512,2512,2512,2512,2512,2512,2512,2512,2512,2512,2512,2512,2512,2512,2512,2512,2512,2512,2512,2512,2512,2512,2512,2512,2512,2512,2512,2512,2512,2512,2512,2512,2512,2512,2512,2512,2512,2512,2512,2512,
goal:2512,2512,2512,2512,2512,2512,2512,2512,2512,2512,2512,2512,2512,2512,2512,2512,2512,2512,2512,2512,2512,2512,2512,2512,2512,2512,2512,2512,2512,2512,2512,2512,2512,2512,2512,2512,2512,2512,2512,2512,2512,2512,2512,2512,2512,2512,2512,2512,2512,2512,2512,2512,2512,2512,2512,2512,2512,2512,2512,2512,2512,2512,2512,2512,2512,2512,2512,2512,2512,2512,2512,2512,2512,2512,2512,2512,2512,2512,2512,2512,2512,2512,2512,2512,2512,2512,2512,2512,2512,2512,2512,2512,2512,2512,2512,2512,2512,2512,2512,2512,
size:31
[agent] id:13
path:587,694,801,908,1015,1122,1229,1336,1443,1442,1441,1440,1439,1438,1545,1652,1759,1866,1973,1974,1975,1976,1977,1978,1979,1980,1981,2088,2089,2090,1983,1984,1985,1986,1987,1988,1989,1990,1991,1884,1885,1886,1887,1888,1889,1782,1675,1568,1461,1354,1247,1246,1245,1244,1243,1242,1241,1241,1241,1241,1241,1241,1241,1241,1241,1241,1241,1241,1241,1241,1241,1241,1241,1241,1241,1241,1241,1241,1241,1241,1241,1241,1241,1241,1241,1241,1241,1241,1241,1241,1241,1241,1241,1241,1241,1241,1241,1241,1241,1241,
goal:1241,1241,1241,1241,1241,1241,1241,1241,1241,1241,1241,1241,1241,1241,1241,1241,1241,1241,1241,1241,1241,1241,1241,1241,1241,1241,1241,1241,1241,1241,1241,1241,1241,1241,1241,1241,1241,1241,1241,1241,1241,1241,1241,1241,1241,1241,1241,1241,1241,1241,1241,1241,1241,1241,1241,1241,1241,1241,1241,1241,1241,1241,1241,1241,1241,1241,1241,1241,1241,1241,1241,1241,1241,1241,1241,1241,1241,1241,1241,1241,1241,1241,1241,1241,1241,1241,1241,1241,1241,1241,1241,1241,1241,1241,1241,1241,1241,1241,1241,1241,
size:56
[agent] id:14
path:1086,1193,1300,1301,1302,1409,1410,1411,1412,1413,1520,1627,1734,1841,1948,2055,2162,2269,2270,2271,2272,2273,2274,2275,2276,2277,2278,2279,2280,2281,2282,2283,2284,2285,2286,2287,2288,2289,2290,2291,2292,2293,2294,2295,2296,2297,2298,2299,2300,2301,2302,2303,2304,2305,2306,2307,2308,2309,2310,2311,2312,2313,2314,2315,2316,2317,2318,2319,2320,2321,2322,2323,2324,2325,2326,2327,2328,2329,2329,2329,2329,2329,2329,2329,2329,2329,2329,2329,2329,2329,2329,2329,2329,2329,2329,2329,2329,2329,2329,2329,
goal:2329,2329,2329,2329,2329,2329,2329,2329,2329,2329,2329,2329,2329,2329,2329,2329,2329,2329,2329,2329,2329,2329,2329,2329,2329,2329,2329,2329,2329,2329,2329,2329,2329,2329,2329,2329,2329,2329,2329,2329,2329,2329,2329,2329,2329,2329,2329,2329,2329,2329,2329,2329,2329,2329,2329,2329,2329,2329,2329,2329,2329,2329,2329,2329,2329,2329,2329,2329,2329,2329,2329,2329,2329,2329,2329,2329,2329,2329,2329,2329,2329,2329,2329,2329,2329,2329,2329,2329,2329,2329,2329,2329,2329,2329,2329,2329,2329,2329,2329,2329,
size:77
[agent] id:15
path:2333,2440,2547,2654,2761,2868,2867,2866,2865,2864,2863,2862,2861,2860,2859,2858,2857,2856,2855,2854,2853,2852,2851,2850,2849,2848,2847,2846,2845,2844,2843,2842,2841,2840,2839,2838,2837,2836,2835,2834,2834,2834,2834,2834,2834,2834,2834,2834,2834,2834,2834,2834,2834,2834,2834,2834,2834,2834,2834,2834,2834,2834,2834,2834,2834,2834,2834,2834,2834,2834,2834,2834,2834,2834,2834,2834,2834,2834,2834,2834,2834,2834,2834,2834,2834,2834,2834,2834,2834,2834,2834,2834,2834,2834,2834,2834,2834,2834,2834,2834,
goal:2834,2834,2834,2834,2834,2834,2834,2834,2834,2834,2834,2834,2834,2834,2834,2834,2834,2834,2834,2834,2834,2834,2834,2834,2834,2834,2834,2834,2834,2834,2834,2834,2834,2834,2834,2834,2834,2834,2834,2834,2834,2834,2834,2834,2834,2834,2834,2834,2834,2834,2834,2834,2834,2834,2834,2834,2834,2834,2834,2834,2834,2834,2834,2834,2834,2834,2834,2834,2834,2834,2834,2834,2834,2834,2834,2834,2834,2834,2834,2834,2834,2834,2834,2834,2834,2834,2834,2834,2834,2834,2834,2834,2834,2834,2834,2834,2834,2834,2834,2834,
size:39
[agent] id:16
path:582,689,796,903,1010,1117,1224,1331,1438,1545,1652,1759,1866,1973,1974,1975,1976,1977,1978,1979,1980,1981,1982,1982,1982,1982,1982,1982,1982,1982,1982,1982,1982,1982,1982,1982,1982,1982,1982,1982,1982,1982,1982,1982,1982,1982,1982,1982,1982,1982,1982,1982,1982,1982,1982,1982,1982,1982,1982,1982,1982,1982,1982,1982,1982,1982,1982,1982,1982,1982,1982,1982,1982,1982,1982,1982,1982,1982,1982,1982,1982,1982,1982,1982,1982,1982,1982,1982,1982,1982,1982,1982,1982,1982,1982,1982,1982,1982,1982,1982,
goal:1982,1982,1982,1982,1982,1982,1982,1982,1982,1982,1982,1982,1982,1982,1982,1982,1982,1982,1982,1982,1982,1982,1982,1982,1982,1982,1982,1982,1982,1982,1982,1982,1982,1982,1982,1982,1982,1982,1982,1982,1982,1982,1982,1982,1982,1982,1982,1982,1982,1982,1982,1982,1982,1982,1982,1982,1982,1982,1982,1982,1982,1982,1982,1982,1982,1982,1982,1982,1982,1982,1982,1982,1982,1982,1982,1982,1982,1982,1982,1982,1982,1982,1982,1982,1982,1982,1982,1982,1982,1982,1982,1982,1982,1982,1982,1982,1982,1982,1982,1982,
size:22
[agent] id:17
path:2358,2465,2572,2679,2786,2893,2894,2895,2896,2897,2898,2899,2900,2901,2902,2902,2902,2902,2902,2902,2902,2902,2902,2902,2902,2902,2902,2902,2902,2902,2902,2902,2902,2902,2902,2902,2902,2902,2902,2902,2902,2902,2902,2902,2902,2902,2902,2902,2902,2902,2902,2902,2902,2902,2902,2902,2902,2902,2902,2902,2902,2902,2902,2902,2902,2902,2902,2902,2902,2902,2902,2902,2902,2902,2902,2902,2902,2902,2902,2902,2902,2902,2902,2902,2902,2902,2902,2902,2902,2902,2902,2902,2902,2902,2902,2902,2902,2902,2902,2902,
goal:2902,2902,2902,2902,2902,2902,2902,2902,2902,2902,2902,2902,2902,2902,2902,2902,2902,2902,2902,2902,2902,2902,2902,2902,2902,2902,2902,2902,2902,2902,2902,2902,2902,2902,2902,2902,2902,2902,2902,2902,2902,2902,2902,2902,2902,2902,2902,2902,2902,2902,2902,2902,2902,2902,2902,2902,2902,2902,2902,2902,2902,2902,2902,2902,2902,2902,2902,2902,2902,2902,2902,2902,2902,2902,2902,2902,2902,2902,2902,2902,2902,2902,2902,2902,2902,2902,2902,2902,2902,2902,2902,2902,2902,2902,2902,2902,2902,2902,2902,2902,
size:14
[agent] id:18
path:2317,2424,2531,2638,2637,2636,2635,2634,2633,2632,2631,2630,2629,2628,2627,2626,2625,2624,2623,2622,2621,2620,2619,2618,2617,2616,2615,2614,2613,2612,2611,2610,2609,2608,2607,2606,2605,2604,2603,2602,2601,2600,2600,2600,2600,2600,2600,2600,2600,2600,2600,2600,2600,2600,2600,2600,2600,2600,2600,2600,2600,2600,2600,2600,2600,2600,2600,2600,2600,2600,2600,2600,2600,2600,2600,2600,2600,2600,2600,2600,2600,2600,2600,2600,2600,2600,2600,2600,2600,2600,2600,2600,2600,2600,2600,2600,2600,2600,2600,2600,
goal:2600,2600,2600,2600,2600,2600,2600,2600,2600,2600,2600,2600,2600,2600,2600,2600,2600,2600,2600,2600,2600,2600,2600,2600,2600,2600,2600,2600,2600,2600,2600,2600,2600,2600,2600,2600,2600,2600,2600,2600,2600,2600,2600,2600,2600,2600,2600,2600,2600,2600,2600,2600,2600,2600,2600,2600,2600,2600,2600,2600,2600,2600,2600,2600,2600,2600,2600,2600,2600,2600,2600,2600,2600,2600,2600,2600,2600,2600,2600,2600,2600,2600,2600,2600,2600,2600,2600,2600,2600,2600,2600,2600,2600,2600,2600,2600,2600,2600,2600,2600,
size:41
[agent] id:19
path:825,932,1039,1146,1253,1360,1467,1466,1465,1464,1463,1462,1569,1676,1783,1890,1997,2104,2103,2102,2101,2100,2099,2098,2097,2096,2095,2094,2093,2092,2091,2090,2089,2088,2087,2086,2085,2084,2083,2082,2081,2080,2079,2078,2077,2076,2075,2074,2073,2072,2071,2070,2069,2068,2067,2066,2065,2064,2063,2062,2061,2060,2059,2058,2057,2057,2057,2057,2057,2057,2057,2057,2057,2057,2057,2057,2057,2057,2057,2057,2057,2057,2057,2057,2057,2057,2057,2057,2057,2057,2057,2057,2057,2057,2057,2057,2057,2057,2057,2057,
goal:2057,2057,2057,2057,2057,2057,2057,2057,2057,2057,2057,2057,2057,2057,2057,2057,2057,2057,2057,2057,2057,2057,2057,2057,2057,2057,2057,2057,2057,2057,2057,2057,2057,2057,2057,2057,2057,2057,2057,2057,2057,2057,2057,2057,2057,2057,2057,2057,2057,2057,2057,2057,2057,2057,2057,2057,2057,2057,2057,2057,2057,2057,2057,2057,2057,2057,2057,2057,2057,2057,2057,2057,2057,2057,2057,2057,2057,2057,2057,2057,2057,2057,2057,2057,2057,2057,2057,2057,2057,2057,2057,2057,2057,2057,2057,2057,2057,2057,2057,2057,
size:64
SolutionCost:921
