[setting] seed:44
[solver] type:ECBS
[solver] w:3.000000
[solver] ID:0
[solver] Lowlevelnode:53793
[solver] solved:1
[solver] elapsed:268
[solver] makespan:102
[problem] timesteplimit:10000
[problem] type:MAPF
[problem] agentnum:20
[graph] width:107
[graph] height:47
[graph] filename:./map/orz601d.map
[task] id:6,start:0,end:0,service time:0,nodes:2706,
[task] id:15,start:0,end:0,service time:0,nodes:1652,
[task] id:5,start:0,end:0,service time:0,nodes:2591,
[task] id:3,start:0,end:0,service time:0,nodes:3036,
[task] id:4,start:0,end:0,service time:0,nodes:3554,
[task] id:19,start:0,end:0,service time:0,nodes:1465,
[task] id:14,start:0,end:0,service time:0,nodes:2722,
[task] id:17,start:0,end:0,service time:0,nodes:2071,
[task] id:0,start:0,end:0,service time:0,nodes:2496,
[task] id:16,start:0,end:0,service time:0,nodes:2169,
[task] id:7,start:0,end:0,service time:0,nodes:4083,
[task] id:11,start:0,end:0,service time:0,nodes:3113,
[task] id:8,start:0,end:0,service time:0,nodes:2044,
[task] id:13,start:0,end:0,service time:0,nodes:3066,
[task] id:2,start:0,end:0,service time:0,nodes:3875,
[task] id:9,start:0,end:0,service time:0,nodes:904,
[task] id:1,start:0,end:0,service time:0,nodes:2445,
[task] id:18,start:0,end:0,service time:0,nodes:2489,
[task] id:12,start:0,end:0,service time:0,nodes:2454,
[task] id:10,start:0,end:0,service time:0,nodes:4308,
[agent] id:0
path:1936,2043,2150,2257,2364,2471,2472,2473,2474,2475,2476,2477,2478,2479,2480,2481,2482,2483,2484,2485,2486,2487,2488,2489,2490,2491,2492,2493,2494,2495,2496,2496,2496,2496,2496,2496,2496,2496,2496,2496,2496,2496,2496,2496,2496,2496,2496,2496,2496,2496,2496,2496,2496,2496,2496,2496,2496,2496,2496,2496,2496,2496,2496,2496,2496,2496,2496,2496,2496,2496,2496,2496,2496,2496,2496,2496,2496,2496,2496,2496,2496,2496,2496,2496,2496,2496,2496,2496,2496,2496,2496,2496,2496,2496,2496,2496,2496,2496,2496,2496,2496,2496,2496,
goal:2496,2496,2496,2496,2496,2496,2496,2496,2496,2496,2496,2496,2496,2496,2496,2496,2496,2496,2496,2496,2496,2496,2496,2496,2496,2496,2496,2496,2496,2496,2496,2496,2496,2496,2496,2496,2496,2496,2496,2496,2496,2496,2496,2496,2496,2496,2496,2496,2496,2496,2496,2496,2496,2496,2496,2496,2496,2496,2496,2496,2496,2496,2496,2496,2496,2496,2496,2496,2496,2496,2496,2496,2496,2496,2496,2496,2496,2496,2496,2496,2496,2496,2496,2496,2496,2496,2496,2496,2496,2496,2496,2496,2496,2496,2496,2496,2496,2496,2496,2496,2496,2496,2496,
size:30
[agent] id:1
path:1965,2072,2179,2286,2393,2394,2395,2396,2397,2398,2399,2400,2401,2402,2403,2404,2405,2406,2407,2408,2409,2410,2411,2412,2413,2414,2415,2416,2417,2418,2419,2420,2421,2422,2423,2424,2425,2426,2427,2428,2429,2430,2431,2432,2433,2434,2435,2436,2437,2438,2439,2440,2441,2442,2443,2444,2445,2445,2445,2445,2445,2445,2445,2445,2445,2445,2445,2445,2445,2445,2445,2445,2445,2445,2445,2445,2445,2445,2445,2445,2445,2445,2445,2445,2445,2445,2445,2445,2445,2445,2445,2445,2445,2445,2445,2445,2445,2445,2445,2445,2445,2445,2445,
goal:2445,2445,2445,2445,2445,2445,2445,2445,2445,2445,2445,2445,2445,2445,2445,2445,2445,2445,2445,2445,2445,2445,2445,2445,2445,2445,2445,2445,2445,2445,2445,2445,2445,2445,2445,2445,2445,2445,2445,2445,2445,2445,2445,2445,2445,2445,2445,2445,2445,2445,2445,2445,2445,2445,2445,2445,2445,2445,2445,2445,2445,2445,2445,2445,2445,2445,2445,2445,2445,2445,2445,2445,2445,2445,2445,2445,2445,2445,2445,2445,2445,2445,2445,2445,2445,2445,2445,2445,2445,2445,2445,2445,2445,2445,2445,2445,2445,2445,2445,2445,2445,2445,2445,
size:56
[agent] id:2
path:2838,2945,3052,3051,3050,3049,3048,3047,3046,3045,3044,3043,3042,3041,3040,3039,3038,3037,3036,3035,3034,3033,3032,3031,3030,3029,3028,3027,3026,3025,3024,3131,3238,3345,3344,3343,3342,3341,3340,3447,3446,3553,3660,3767,3874,3875,3875,3875,3875,3875,3875,3875,3875,3875,3875,3875,3875,3875,3875,3875,3875,3875,3875,3875,3875,3875,3875,3875,3875,3875,3875,3875,3875,3875,3875,3875,3875,3875,3875,3875,3875,3875,3875,3875,3875,3875,3875,3875,3875,3875,3875,3875,3875,3875,3875,3875,3875,3875,3875,3875,3875,3875,3875,
goal:3875,3875,3875,3875,3875,3875,3875,3875,3875,3875,3875,3875,3875,3875,3875,3875,3875,3875,3875,3875,3875,3875,3875,3875,3875,3875,3875,3875,3875,3875,3875,3875,3875,3875,3875,3875,3875,3875,3875,3875,3875,3875,3875,3875,3875,3875,3875,3875,3875,3875,3875,3875,3875,3875,3875,3875,3875,3875,3875,3875,3875,3875,3875,3875,3875,3875,3875,3875,3875,3875,3875,3875,3875,3875,3875,3875,3875,3875,3875,3875,3875,3875,3875,3875,3875,3875,3875,3875,3875,3875,3875,3875,3875,3875,3875,3875,3875,3875,3875,3875,3875,3875,3875,
size:45
[agent] id:3
path:2806,2913,2914,2915,2916,2917,2918,2918,2919,2920,2921,2922,2923,2924,2925,2926,2927,2928,2929,2929,3036,3036,3036,3036,3036,3036,3036,3036,3036,3036,3036,3036,3036,3036,3036,3036,3036,3036,3036,3036,3036,3036,3036,3036,3036,3036,3036,3036,3036,3036,3036,3036,3036,3036,3036,3036,3036,3036,3036,3036,3036,3036,3036,3036,3036,3036,3036,3036,3036,3036,3036,3036,3036,3036,3036,3036,3036,3036,3036,3036,3036,3036,3036,3036,3036,3036,3036,3036,3036,3036,3036,3036,3036,3036,3036,3036,3036,3036,3036,3036,3036,3036,3036,
goal:3036,3036,3036,3036,3036,3036,3036,3036,3036,3036,3036,3036,3036,3036,3036,3036,3036,3036,3036,3036,3036,3036,3036,3036,3036,3036,3036,3036,3036,3036,3036,3036,3036,3036,3036,3036,3036,3036,3036,3036,3036,3036,3036,3036,3036,3036,3036,3036,3036,3036,3036,3036,3036,3036,3036,3036,3036,3036,3036,3036,3036,3036,3036,3036,3036,3036,3036,3036,3036,3036,3036,3036,3036,3036,3036,3036,3036,3036,3036,3036,3036,3036,3036,3036,3036,3036,3036,3036,3036,3036,3036,3036,3036,3036,3036,3036,3036,3036,3036,3036,3036,3036,3036,
size:20
[agent] id:4
path:2170,2277,2384,2491,2598,2705,2812,2919,3026,3025,3024,3131,3238,3345,3344,3343,3342,3341,3340,3447,3554,3554,3554,3554,3554,3554,3554,3554,3554,3554,3554,3554,3554,3554,3554,3554,3554,3554,3554,3554,3554,3554,3554,3554,3554,3554,3554,3554,3554,3554,3554,3554,3554,3554,3554,3554,3554,3554,3554,3554,3554,3554,3554,3554,3554,3554,3554,3554,3554,3554,3554,3554,3554,3554,3554,3554,3554,3554,3554,3554,3554,3554,3554,3554,3554,3554,3554,3554,3554,3554,3554,3554,3554,3554,3554,3554,3554,3554,3554,3554,3554,3554,3554,
goal:3554,3554,3554,3554,3554,3554,3554,3554,3554,3554,3554,3554,3554,3554,3554,3554,3554,3554,3554,3554,3554,3554,3554,3554,3554,3554,3554,3554,3554,3554,3554,3554,3554,3554,3554,3554,3554,3554,3554,3554,3554,3554,3554,3554,3554,3554,3554,3554,3554,3554,3554,3554,3554,3554,3554,3554,3554,3554,3554,3554,3554,3554,3554,3554,3554,3554,3554,3554,3554,3554,3554,3554,3554,3554,3554,3554,3554,3554,3554,3554,3554,3554,3554,3554,3554,3554,3554,3554,3554,3554,3554,3554,3554,3554,3554,3554,3554,3554,3554,3554,3554,3554,3554,
size:20
[agent] id:5
path:665,772,879,986,1093,1200,1307,1414,1521,1628,1735,1842,1949,2056,2163,2270,2377,2484,2591,2591,2591,2591,2591,2591,2591,2591,2591,2591,2591,2591,2591,2591,2591,2591,2591,2591,2591,2591,2591,2591,2591,2591,2591,2591,2591,2591,2591,2591,2591,2591,2591,2591,2591,2591,2591,2591,2591,2591,2591,2591,2591,2591,2591,2591,2591,2591,2591,2591,2591,2591,2591,2591,2591,2591,2591,2591,2591,2591,2591,2591,2591,2591,2591,2591,2591,2591,2591,2591,2591,2591,2591,2591,2591,2591,2591,2591,2591,2591,2591,2591,2591,2591,2591,
goal:2591,2591,2591,2591,2591,2591,2591,2591,2591,2591,2591,2591,2591,2591,2591,2591,2591,2591,2591,2591,2591,2591,2591,2591,2591,2591,2591,2591,2591,2591,2591,2591,2591,2591,2591,2591,2591,2591,2591,2591,2591,2591,2591,2591,2591,2591,2591,2591,2591,2591,2591,2591,2591,2591,2591,2591,2591,2591,2591,2591,2591,2591,2591,2591,2591,2591,2591,2591,2591,2591,2591,2591,2591,2591,2591,2591,2591,2591,2591,2591,2591,2591,2591,2591,2591,2591,2591,2591,2591,2591,2591,2591,2591,2591,2591,2591,2591,2591,2591,2591,2591,2591,2591,
size:18
[agent] id:6
path:3337,3230,3123,3016,2909,2802,2695,2696,2697,2698,2699,2700,2701,2702,2703,2704,2705,2706,2706,2706,2706,2706,2706,2706,2706,2706,2706,2706,2706,2706,2706,2706,2706,2706,2706,2706,2706,2706,2706,2706,2706,2706,2706,2706,2706,2706,2706,2706,2706,2706,2706,2706,2706,2706,2706,2706,2706,2706,2706,2706,2706,2706,2706,2706,2706,2706,2706,2706,2706,2706,2706,2706,2706,2706,2706,2706,2706,2706,2706,2706,2706,2706,2706,2706,2706,2706,2706,2706,2706,2706,2706,2706,2706,2706,2706,2706,2706,2706,2706,2706,2706,2706,2706,
goal:2706,2706,2706,2706,2706,2706,2706,2706,2706,2706,2706,2706,2706,2706,2706,2706,2706,2706,2706,2706,2706,2706,2706,2706,2706,2706,2706,2706,2706,2706,2706,2706,2706,2706,2706,2706,2706,2706,2706,2706,2706,2706,2706,2706,2706,2706,2706,2706,2706,2706,2706,2706,2706,2706,2706,2706,2706,2706,2706,2706,2706,2706,2706,2706,2706,2706,2706,2706,2706,2706,2706,2706,2706,2706,2706,2706,2706,2706,2706,2706,2706,2706,2706,2706,2706,2706,2706,2706,2706,2706,2706,2706,2706,2706,2706,2706,2706,2706,2706,2706,2706,2706,2706,
size:17
[agent] id:7
path:2470,2471,2472,2473,2474,2475,2476,2477,2478,2585,2692,2799,2906,3013,3014,3121,3228,3335,3336,3337,3338,3339,3446,3553,3660,3767,3874,3981,4088,4087,4086,4085,4084,4083,4083,4083,4083,4083,4083,4083,4083,4083,4083,4083,4083,4083,4083,4083,4083,4083,4083,4083,4083,4083,4083,4083,4083,4083,4083,4083,4083,4083,4083,4083,4083,4083,4083,4083,4083,4083,4083,4083,4083,4083,4083,4083,4083,4083,4083,4083,4083,4083,4083,4083,4083,4083,4083,4083,4083,4083,4083,4083,4083,4083,4083,4083,4083,4083,4083,4083,4083,4083,4083,
goal:4083,4083,4083,4083,4083,4083,4083,4083,4083,4083,4083,4083,4083,4083,4083,4083,4083,4083,4083,4083,4083,4083,4083,4083,4083,4083,4083,4083,4083,4083,4083,4083,4083,4083,4083,4083,4083,4083,4083,4083,4083,4083,4083,4083,4083,4083,4083,4083,4083,4083,4083,4083,4083,4083,4083,4083,4083,4083,4083,4083,4083,4083,4083,4083,4083,4083,4083,4083,4083,4083,4083,4083,4083,4083,4083,4083,4083,4083,4083,4083,4083,4083,4083,4083,4083,4083,4083,4083,4083,4083,4083,4083,4083,4083,4083,4083,4083,4083,4083,4083,4083,4083,4083,
size:33
[agent] id:8
path:3249,3142,3035,2928,2821,2714,2607,2500,2393,2392,2391,2390,2389,2388,2387,2386,2385,2384,2383,2382,2381,2380,2379,2378,2377,2376,2375,2374,2373,2372,2371,2370,2369,2368,2367,2260,2153,2046,2045,2044,2044,2044,2044,2044,2044,2044,2044,2044,2044,2044,2044,2044,2044,2044,2044,2044,2044,2044,2044,2044,2044,2044,2044,2044,2044,2044,2044,2044,2044,2044,2044,2044,2044,2044,2044,2044,2044,2044,2044,2044,2044,2044,2044,2044,2044,2044,2044,2044,2044,2044,2044,2044,2044,2044,2044,2044,2044,2044,2044,2044,2044,2044,2044,
goal:2044,2044,2044,2044,2044,2044,2044,2044,2044,2044,2044,2044,2044,2044,2044,2044,2044,2044,2044,2044,2044,2044,2044,2044,2044,2044,2044,2044,2044,2044,2044,2044,2044,2044,2044,2044,2044,2044,2044,2044,2044,2044,2044,2044,2044,2044,2044,2044,2044,2044,2044,2044,2044,2044,2044,2044,2044,2044,2044,2044,2044,2044,2044,2044,2044,2044,2044,2044,2044,2044,2044,2044,2044,2044,2044,2044,2044,2044,2044,2044,2044,2044,2044,2044,2044,2044,2044,2044,2044,2044,2044,2044,2044,2044,2044,2044,2044,2044,2044,2044,2044,2044,2044,
size:39
[agent] id:9
path:2857,2750,2643,2536,2429,2322,2215,2108,2001,2000,1999,1998,1997,1996,1995,1994,1993,1992,1991,1990,1989,1988,1987,1986,1985,1984,1983,1982,1981,1980,1979,1978,1871,1870,1869,1868,1867,1866,1759,1758,1651,1544,1437,1330,1223,1116,1009,902,903,904,904,904,904,904,904,904,904,904,904,904,904,904,904,904,904,904,904,904,904,904,904,904,904,904,904,904,904,904,904,904,904,904,904,904,904,904,904,904,904,904,904,904,904,904,904,904,904,904,904,904,904,904,904,
goal:904,904,904,904,904,904,904,904,904,904,904,904,904,904,904,904,904,904,904,904,904,904,904,904,904,904,904,904,904,904,904,904,904,904,904,904,904,904,904,904,904,904,904,904,904,904,904,904,904,904,904,904,904,904,904,904,904,904,904,904,904,904,904,904,904,904,904,904,904,904,904,904,904,904,904,904,904,904,904,904,904,904,904,904,904,904,904,904,904,904,904,904,904,904,904,904,904,904,904,904,904,904,904,
size:49
[agent] id:10
path:2988,2881,2774,2667,2666,2665,2664,2663,2662,2661,2660,2767,2874,2981,2980,2979,2978,2977,2976,2975,2974,2973,2972,2971,2970,2969,2968,2967,2966,2965,2964,2963,2962,2961,2960,2959,2958,2957,2956,2955,2954,2953,2952,2951,2950,2949,2948,2947,2946,2945,2944,2943,2942,2941,2940,2939,2938,2937,2936,2935,2934,2933,2932,2931,2930,2929,2928,3035,3034,3033,3032,3031,3030,3029,3028,3027,3026,3025,3024,3131,3238,3345,3344,3343,3342,3341,3340,3447,3446,3553,3660,3767,3874,3981,4088,4195,4302,4303,4304,4305,4306,4307,4308,
goal:4308,4308,4308,4308,4308,4308,4308,4308,4308,4308,4308,4308,4308,4308,4308,4308,4308,4308,4308,4308,4308,4308,4308,4308,4308,4308,4308,4308,4308,4308,4308,4308,4308,4308,4308,4308,4308,4308,4308,4308,4308,4308,4308,4308,4308,4308,4308,4308,4308,4308,4308,4308,4308,4308,4308,4308,4308,4308,4308,4308,4308,4308,4308,4308,4308,4308,4308,4308,4308,4308,4308,4308,4308,4308,4308,4308,4308,4308,4308,4308,4308,4308,4308,4308,4308,4308,4308,4308,4308,4308,4308,4308,4308,4308,4308,4308,4308,4308,4308,4308,4308,4308,4308,
size:102
[agent] id:11
path:2711,2604,2603,2602,2601,2600,2599,2598,2597,2596,2595,2594,2593,2592,2591,2590,2589,2588,2481,2480,2479,2478,2477,2476,2475,2474,2581,2688,2795,2902,3009,3008,3115,3114,3113,3113,3113,3113,3113,3113,3113,3113,3113,3113,3113,3113,3113,3113,3113,3113,3113,3113,3113,3113,3113,3113,3113,3113,3113,3113,3113,3113,3113,3113,3113,3113,3113,3113,3113,3113,3113,3113,3113,3113,3113,3113,3113,3113,3113,3113,3113,3113,3113,3113,3113,3113,3113,3113,3113,3113,3113,3113,3113,3113,3113,3113,3113,3113,3113,3113,3113,3113,3113,
goal:3113,3113,3113,3113,3113,3113,3113,3113,3113,3113,3113,3113,3113,3113,3113,3113,3113,3113,3113,3113,3113,3113,3113,3113,3113,3113,3113,3113,3113,3113,3113,3113,3113,3113,3113,3113,3113,3113,3113,3113,3113,3113,3113,3113,3113,3113,3113,3113,3113,3113,3113,3113,3113,3113,3113,3113,3113,3113,3113,3113,3113,3113,3113,3113,3113,3113,3113,3113,3113,3113,3113,3113,3113,3113,3113,3113,3113,3113,3113,3113,3113,3113,3113,3113,3113,3113,3113,3113,3113,3113,3113,3113,3113,3113,3113,3113,3113,3113,3113,3113,3113,3113,3113,
size:34
[agent] id:12
path:902,1009,1116,1223,1330,1437,1544,1651,1758,1865,1972,2079,2186,2293,2294,2295,2296,2297,2298,2299,2300,2301,2302,2303,2304,2305,2306,2307,2308,2309,2310,2311,2312,2313,2314,2315,2316,2317,2318,2319,2320,2321,2322,2323,2324,2325,2326,2327,2328,2329,2330,2331,2332,2333,2334,2335,2336,2337,2338,2339,2446,2447,2448,2449,2450,2451,2452,2453,2454,2454,2454,2454,2454,2454,2454,2454,2454,2454,2454,2454,2454,2454,2454,2454,2454,2454,2454,2454,2454,2454,2454,2454,2454,2454,2454,2454,2454,2454,2454,2454,2454,2454,2454,
goal:2454,2454,2454,2454,2454,2454,2454,2454,2454,2454,2454,2454,2454,2454,2454,2454,2454,2454,2454,2454,2454,2454,2454,2454,2454,2454,2454,2454,2454,2454,2454,2454,2454,2454,2454,2454,2454,2454,2454,2454,2454,2454,2454,2454,2454,2454,2454,2454,2454,2454,2454,2454,2454,2454,2454,2454,2454,2454,2454,2454,2454,2454,2454,2454,2454,2454,2454,2454,2454,2454,2454,2454,2454,2454,2454,2454,2454,2454,2454,2454,2454,2454,2454,2454,2454,2454,2454,2454,2454,2454,2454,2454,2454,2454,2454,2454,2454,2454,2454,2454,2454,2454,2454,
size:68
[agent] id:13
path:1436,1437,1544,1651,1758,1865,1972,2079,2186,2293,2400,2507,2614,2721,2828,2935,3042,3043,3044,3045,3046,3047,3048,3049,3050,3051,3052,3053,3054,3055,3056,3057,3058,3059,3060,3061,3062,3063,3064,3065,3066,3066,3066,3066,3066,3066,3066,3066,3066,3066,3066,3066,3066,3066,3066,3066,3066,3066,3066,3066,3066,3066,3066,3066,3066,3066,3066,3066,3066,3066,3066,3066,3066,3066,3066,3066,3066,3066,3066,3066,3066,3066,3066,3066,3066,3066,3066,3066,3066,3066,3066,3066,3066,3066,3066,3066,3066,3066,3066,3066,3066,3066,3066,
goal:3066,3066,3066,3066,3066,3066,3066,3066,3066,3066,3066,3066,3066,3066,3066,3066,3066,3066,3066,3066,3066,3066,3066,3066,3066,3066,3066,3066,3066,3066,3066,3066,3066,3066,3066,3066,3066,3066,3066,3066,3066,3066,3066,3066,3066,3066,3066,3066,3066,3066,3066,3066,3066,3066,3066,3066,3066,3066,3066,3066,3066,3066,3066,3066,3066,3066,3066,3066,3066,3066,3066,3066,3066,3066,3066,3066,3066,3066,3066,3066,3066,3066,3066,3066,3066,3066,3066,3066,3066,3066,3066,3066,3066,3066,3066,3066,3066,3066,3066,3066,3066,3066,3066,
size:40
[agent] id:14
path:792,899,1006,1113,1220,1327,1434,1435,1436,1437,1544,1651,1758,1865,1972,2079,2186,2293,2400,2507,2614,2721,2722,2722,2722,2722,2722,2722,2722,2722,2722,2722,2722,2722,2722,2722,2722,2722,2722,2722,2722,2722,2722,2722,2722,2722,2722,2722,2722,2722,2722,2722,2722,2722,2722,2722,2722,2722,2722,2722,2722,2722,2722,2722,2722,2722,2722,2722,2722,2722,2722,2722,2722,2722,2722,2722,2722,2722,2722,2722,2722,2722,2722,2722,2722,2722,2722,2722,2722,2722,2722,2722,2722,2722,2722,2722,2722,2722,2722,2722,2722,2722,2722,
goal:2722,2722,2722,2722,2722,2722,2722,2722,2722,2722,2722,2722,2722,2722,2722,2722,2722,2722,2722,2722,2722,2722,2722,2722,2722,2722,2722,2722,2722,2722,2722,2722,2722,2722,2722,2722,2722,2722,2722,2722,2722,2722,2722,2722,2722,2722,2722,2722,2722,2722,2722,2722,2722,2722,2722,2722,2722,2722,2722,2722,2722,2722,2722,2722,2722,2722,2722,2722,2722,2722,2722,2722,2722,2722,2722,2722,2722,2722,2722,2722,2722,2722,2722,2722,2722,2722,2722,2722,2722,2722,2722,2722,2722,2722,2722,2722,2722,2722,2722,2722,2722,2722,2722,
size:22
[agent] id:15
path:1747,1748,1855,1962,1963,1964,1965,1966,1967,1860,1861,1862,1863,1864,1865,1758,1651,1652,1652,1652,1652,1652,1652,1652,1652,1652,1652,1652,1652,1652,1652,1652,1652,1652,1652,1652,1652,1652,1652,1652,1652,1652,1652,1652,1652,1652,1652,1652,1652,1652,1652,1652,1652,1652,1652,1652,1652,1652,1652,1652,1652,1652,1652,1652,1652,1652,1652,1652,1652,1652,1652,1652,1652,1652,1652,1652,1652,1652,1652,1652,1652,1652,1652,1652,1652,1652,1652,1652,1652,1652,1652,1652,1652,1652,1652,1652,1652,1652,1652,1652,1652,1652,1652,
goal:1652,1652,1652,1652,1652,1652,1652,1652,1652,1652,1652,1652,1652,1652,1652,1652,1652,1652,1652,1652,1652,1652,1652,1652,1652,1652,1652,1652,1652,1652,1652,1652,1652,1652,1652,1652,1652,1652,1652,1652,1652,1652,1652,1652,1652,1652,1652,1652,1652,1652,1652,1652,1652,1652,1652,1652,1652,1652,1652,1652,1652,1652,1652,1652,1652,1652,1652,1652,1652,1652,1652,1652,1652,1652,1652,1652,1652,1652,1652,1652,1652,1652,1652,1652,1652,1652,1652,1652,1652,1652,1652,1652,1652,1652,1652,1652,1652,1652,1652,1652,1652,1652,1652,
size:17
[agent] id:16
path:2785,2678,2679,2572,2465,2358,2359,2360,2361,2362,2363,2364,2365,2366,2367,2368,2369,2370,2371,2264,2157,2158,2159,2160,2161,2162,2163,2164,2165,2166,2167,2168,2169,2169,2169,2169,2169,2169,2169,2169,2169,2169,2169,2169,2169,2169,2169,2169,2169,2169,2169,2169,2169,2169,2169,2169,2169,2169,2169,2169,2169,2169,2169,2169,2169,2169,2169,2169,2169,2169,2169,2169,2169,2169,2169,2169,2169,2169,2169,2169,2169,2169,2169,2169,2169,2169,2169,2169,2169,2169,2169,2169,2169,2169,2169,2169,2169,2169,2169,2169,2169,2169,2169,
goal:2169,2169,2169,2169,2169,2169,2169,2169,2169,2169,2169,2169,2169,2169,2169,2169,2169,2169,2169,2169,2169,2169,2169,2169,2169,2169,2169,2169,2169,2169,2169,2169,2169,2169,2169,2169,2169,2169,2169,2169,2169,2169,2169,2169,2169,2169,2169,2169,2169,2169,2169,2169,2169,2169,2169,2169,2169,2169,2169,2169,2169,2169,2169,2169,2169,2169,2169,2169,2169,2169,2169,2169,2169,2169,2169,2169,2169,2169,2169,2169,2169,2169,2169,2169,2169,2169,2169,2169,2169,2169,2169,2169,2169,2169,2169,2169,2169,2169,2169,2169,2169,2169,2169,
size:32
[agent] id:17
path:1337,1336,1443,1442,1441,1440,1439,1438,1545,1652,1759,1866,1973,2080,2079,2078,2077,2076,2075,2074,2073,2072,2071,2071,2071,2071,2071,2071,2071,2071,2071,2071,2071,2071,2071,2071,2071,2071,2071,2071,2071,2071,2071,2071,2071,2071,2071,2071,2071,2071,2071,2071,2071,2071,2071,2071,2071,2071,2071,2071,2071,2071,2071,2071,2071,2071,2071,2071,2071,2071,2071,2071,2071,2071,2071,2071,2071,2071,2071,2071,2071,2071,2071,2071,2071,2071,2071,2071,2071,2071,2071,2071,2071,2071,2071,2071,2071,2071,2071,2071,2071,2071,2071,
goal:2071,2071,2071,2071,2071,2071,2071,2071,2071,2071,2071,2071,2071,2071,2071,2071,2071,2071,2071,2071,2071,2071,2071,2071,2071,2071,2071,2071,2071,2071,2071,2071,2071,2071,2071,2071,2071,2071,2071,2071,2071,2071,2071,2071,2071,2071,2071,2071,2071,2071,2071,2071,2071,2071,2071,2071,2071,2071,2071,2071,2071,2071,2071,2071,2071,2071,2071,2071,2071,2071,2071,2071,2071,2071,2071,2071,2071,2071,2071,2071,2071,2071,2071,2071,2071,2071,2071,2071,2071,2071,2071,2071,2071,2071,2071,2071,2071,2071,2071,2071,2071,2071,2071,
size:22
[agent] id:18
path:3084,2977,2870,2763,2656,2655,2654,2653,2652,2651,2650,2649,2648,2647,2646,2645,2644,2643,2642,2641,2640,2639,2638,2637,2636,2635,2634,2633,2632,2631,2630,2629,2628,2627,2626,2625,2624,2623,2622,2621,2620,2619,2618,2617,2616,2615,2614,2613,2612,2611,2610,2609,2608,2607,2606,2605,2604,2603,2602,2495,2494,2493,2492,2491,2490,2489,2489,2489,2489,2489,2489,2489,2489,2489,2489,2489,2489,2489,2489,2489,2489,2489,2489,2489,2489,2489,2489,2489,2489,2489,2489,2489,2489,2489,2489,2489,2489,2489,2489,2489,2489,2489,2489,
goal:2489,2489,2489,2489,2489,2489,2489,2489,2489,2489,2489,2489,2489,2489,2489,2489,2489,2489,2489,2489,2489,2489,2489,2489,2489,2489,2489,2489,2489,2489,2489,2489,2489,2489,2489,2489,2489,2489,2489,2489,2489,2489,2489,2489,2489,2489,2489,2489,2489,2489,2489,2489,2489,2489,2489,2489,2489,2489,2489,2489,2489,2489,2489,2489,2489,2489,2489,2489,2489,2489,2489,2489,2489,2489,2489,2489,2489,2489,2489,2489,2489,2489,2489,2489,2489,2489,2489,2489,2489,2489,2489,2489,2489,2489,2489,2489,2489,2489,2489,2489,2489,2489,2489,
size:65
[agent] id:19
path:2957,2850,2743,2636,2529,2422,2315,2208,2101,1994,1887,1888,1889,1782,1675,1568,1461,1462,1463,1464,1465,1465,1465,1465,1465,1465,1465,1465,1465,1465,1465,1465,1465,1465,1465,1465,1465,1465,1465,1465,1465,1465,1465,1465,1465,1465,1465,1465,1465,1465,1465,1465,1465,1465,1465,1465,1465,1465,1465,1465,1465,1465,1465,1465,1465,1465,1465,1465,1465,1465,1465,1465,1465,1465,1465,1465,1465,1465,1465,1465,1465,1465,1465,1465,1465,1465,1465,1465,1465,1465,1465,1465,1465,1465,1465,1465,1465,1465,1465,1465,1465,1465,1465,
goal:1465,1465,1465,1465,1465,1465,1465,1465,1465,1465,1465,1465,1465,1465,1465,1465,1465,1465,1465,1465,1465,1465,1465,1465,1465,1465,1465,1465,1465,1465,1465,1465,1465,1465,1465,1465,1465,1465,1465,1465,1465,1465,1465,1465,1465,1465,1465,1465,1465,1465,1465,1465,1465,1465,1465,1465,1465,1465,1465,1465,1465,1465,1465,1465,1465,1465,1465,1465,1465,1465,1465,1465,1465,1465,1465,1465,1465,1465,1465,1465,1465,1465,1465,1465,1465,1465,1465,1465,1465,1465,1465,1465,1465,1465,1465,1465,1465,1465,1465,1465,1465,1465,1465,
size:20
SolutionCost:749
