[setting] seed:62
[solver] type:ECBS
[solver] w:3.000000
[solver] ID:0
[solver] Lowlevelnode:21916
[solver] solved:1
[solver] elapsed:0
[solver] makespan:53
[problem] timesteplimit:10000
[problem] type:MAPF
[problem] agentnum:10
[graph] width:107
[graph] height:47
[graph] filename:./map/orz601d.map
[task] id:2,start:0,end:0,service time:0,nodes:4023,
[task] id:1,start:0,end:0,service time:0,nodes:3178,
[task] id:6,start:0,end:0,service time:0,nodes:2511,
[task] id:7,start:0,end:0,service time:0,nodes:2741,
[task] id:5,start:0,end:0,service time:0,nodes:988,
[task] id:4,start:0,end:0,service time:0,nodes:2475,
[task] id:8,start:0,end:0,service time:0,nodes:791,
[task] id:0,start:0,end:0,service time:0,nodes:2615,
[task] id:9,start:0,end:0,service time:0,nodes:2844,
[task] id:3,start:0,end:0,service time:0,nodes:471,
[agent] id:0
path:2471,2472,2473,2474,2475,2476,2477,2478,2585,2586,2587,2588,2589,2590,2591,2592,2593,2594,2595,2596,2597,2598,2599,2600,2601,2602,2603,2604,2605,2606,2607,2608,2609,2610,2611,2612,2613,2614,2615,2615,2615,2615,2615,2615,2615,2615,2615,2615,2615,2615,2615,2615,2615,2615,
goal:2615,2615,2615,2615,2615,2615,2615,2615,2615,2615,2615,2615,2615,2615,2615,2615,2615,2615,2615,2615,2615,2615,2615,2615,2615,2615,2615,2615,2615,2615,2615,2615,2615,2615,2615,2615,2615,2615,2615,2615,2615,2615,2615,2615,2615,2615,2615,2615,2615,2615,2615,2615,2615,2615,
size:38
[agent] id:1
path:2125,2232,2339,2446,2553,2660,2767,2874,2981,3088,3087,3086,3085,3084,3083,3082,3081,3080,3079,3078,3077,3076,3075,3074,3073,3072,3179,3178,3178,3178,3178,3178,3178,3178,3178,3178,3178,3178,3178,3178,3178,3178,3178,3178,3178,3178,3178,3178,3178,3178,3178,3178,3178,3178,
goal:3178,3178,3178,3178,3178,3178,3178,3178,3178,3178,3178,3178,3178,3178,3178,3178,3178,3178,3178,3178,3178,3178,3178,3178,3178,3178,3178,3178,3178,3178,3178,3178,3178,3178,3178,3178,3178,3178,3178,3178,3178,3178,3178,3178,3178,3178,3178,3178,3178,3178,3178,3178,3178,3178,
size:27
[agent] id:2
path:4357,4250,4143,4036,4035,4034,4033,4032,4031,4030,4029,4028,4027,4026,4025,4024,4023,4023,4023,4023,4023,4023,4023,4023,4023,4023,4023,4023,4023,4023,4023,4023,4023,4023,4023,4023,4023,4023,4023,4023,4023,4023,4023,4023,4023,4023,4023,4023,4023,4023,4023,4023,4023,4023,
goal:4023,4023,4023,4023,4023,4023,4023,4023,4023,4023,4023,4023,4023,4023,4023,4023,4023,4023,4023,4023,4023,4023,4023,4023,4023,4023,4023,4023,4023,4023,4023,4023,4023,4023,4023,4023,4023,4023,4023,4023,4023,4023,4023,4023,4023,4023,4023,4023,4023,4023,4023,4023,4023,4023,
size:16
[agent] id:3
path:3340,3233,3126,3019,2912,2805,2698,2591,2484,2377,2270,2163,2056,1949,1950,1951,1952,1953,1954,1955,1956,1957,1958,1959,1960,1961,1962,1963,1964,1965,1966,1967,1860,1861,1862,1863,1864,1865,1758,1651,1544,1437,1330,1223,1116,1009,902,795,688,581,474,473,472,471,
goal:471,471,471,471,471,471,471,471,471,471,471,471,471,471,471,471,471,471,471,471,471,471,471,471,471,471,471,471,471,471,471,471,471,471,471,471,471,471,471,471,471,471,471,471,471,471,471,471,471,471,471,471,471,471,
size:53
[agent] id:4
path:1968,2075,2182,2289,2396,2503,2502,2501,2500,2499,2498,2497,2496,2495,2494,2493,2492,2491,2490,2489,2488,2487,2486,2485,2484,2483,2482,2481,2480,2479,2478,2477,2476,2475,2475,2475,2475,2475,2475,2475,2475,2475,2475,2475,2475,2475,2475,2475,2475,2475,2475,2475,2475,2475,
goal:2475,2475,2475,2475,2475,2475,2475,2475,2475,2475,2475,2475,2475,2475,2475,2475,2475,2475,2475,2475,2475,2475,2475,2475,2475,2475,2475,2475,2475,2475,2475,2475,2475,2475,2475,2475,2475,2475,2475,2475,2475,2475,2475,2475,2475,2475,2475,2475,2475,2475,2475,2475,2475,2475,
size:33
[agent] id:5
path:2044,2045,2046,2153,2260,2367,2368,2369,2370,2371,2264,2157,2050,1943,1836,1837,1838,1839,1840,1841,1734,1627,1520,1413,1306,1199,1092,985,986,987,988,988,988,988,988,988,988,988,988,988,988,988,988,988,988,988,988,988,988,988,988,988,988,988,
goal:988,988,988,988,988,988,988,988,988,988,988,988,988,988,988,988,988,988,988,988,988,988,988,988,988,988,988,988,988,988,988,988,988,988,988,988,988,988,988,988,988,988,988,988,988,988,988,988,988,988,988,988,988,988,
size:30
[agent] id:6
path:2645,2538,2537,2536,2535,2534,2533,2532,2531,2530,2529,2528,2527,2526,2525,2524,2523,2522,2521,2520,2519,2518,2517,2516,2515,2514,2513,2512,2511,2511,2511,2511,2511,2511,2511,2511,2511,2511,2511,2511,2511,2511,2511,2511,2511,2511,2511,2511,2511,2511,2511,2511,2511,2511,
goal:2511,2511,2511,2511,2511,2511,2511,2511,2511,2511,2511,2511,2511,2511,2511,2511,2511,2511,2511,2511,2511,2511,2511,2511,2511,2511,2511,2511,2511,2511,2511,2511,2511,2511,2511,2511,2511,2511,2511,2511,2511,2511,2511,2511,2511,2511,2511,2511,2511,2511,2511,2511,2511,2511,
size:28
[agent] id:7
path:2500,2607,2714,2715,2716,2717,2718,2719,2720,2721,2722,2723,2724,2725,2726,2727,2728,2729,2730,2731,2732,2733,2734,2735,2736,2737,2738,2739,2740,2741,2741,2741,2741,2741,2741,2741,2741,2741,2741,2741,2741,2741,2741,2741,2741,2741,2741,2741,2741,2741,2741,2741,2741,2741,
goal:2741,2741,2741,2741,2741,2741,2741,2741,2741,2741,2741,2741,2741,2741,2741,2741,2741,2741,2741,2741,2741,2741,2741,2741,2741,2741,2741,2741,2741,2741,2741,2741,2741,2741,2741,2741,2741,2741,2741,2741,2741,2741,2741,2741,2741,2741,2741,2741,2741,2741,2741,2741,2741,2741,
size:29
[agent] id:8
path:2417,2310,2203,2096,1989,1988,1987,1986,1985,1984,1983,1982,1981,1980,1979,1978,1871,1870,1869,1868,1867,1866,1759,1652,1545,1438,1331,1224,1117,1010,903,796,795,794,793,792,791,791,791,791,791,791,791,791,791,791,791,791,791,791,791,791,791,791,
goal:791,791,791,791,791,791,791,791,791,791,791,791,791,791,791,791,791,791,791,791,791,791,791,791,791,791,791,791,791,791,791,791,791,791,791,791,791,791,791,791,791,791,791,791,791,791,791,791,791,791,791,791,791,791,
size:36
[agent] id:9
path:2241,2348,2455,2562,2669,2668,2667,2666,2665,2664,2663,2662,2661,2660,2767,2874,2873,2872,2871,2870,2869,2868,2867,2866,2865,2864,2863,2862,2861,2860,2859,2858,2857,2856,2855,2854,2853,2852,2851,2850,2849,2848,2847,2846,2845,2844,2844,2844,2844,2844,2844,2844,2844,2844,
goal:2844,2844,2844,2844,2844,2844,2844,2844,2844,2844,2844,2844,2844,2844,2844,2844,2844,2844,2844,2844,2844,2844,2844,2844,2844,2844,2844,2844,2844,2844,2844,2844,2844,2844,2844,2844,2844,2844,2844,2844,2844,2844,2844,2844,2844,2844,2844,2844,2844,2844,2844,2844,2844,2844,
size:45
SolutionCost:335
