[setting] seed:62
[solver] type:ECBS
[solver] w:3.000000
[solver] ID:0
[solver] Lowlevelnode:28199
[solver] solved:1
[solver] elapsed:77
[solver] makespan:68
[problem] timesteplimit:10000
[problem] type:MAPF
[problem] agentnum:20
[graph] width:107
[graph] height:47
[graph] filename:./map/orz601d.map
[task] id:19,start:0,end:0,service time:0,nodes:2775,
[task] id:2,start:0,end:0,service time:0,nodes:4023,
[task] id:17,start:0,end:0,service time:0,nodes:2316,
[task] id:13,start:0,end:0,service time:0,nodes:2849,
[task] id:1,start:0,end:0,service time:0,nodes:3178,
[task] id:6,start:0,end:0,service time:0,nodes:2511,
[task] id:12,start:0,end:0,service time:0,nodes:2068,
[task] id:7,start:0,end:0,service time:0,nodes:2741,
[task] id:5,start:0,end:0,service time:0,nodes:988,
[task] id:4,start:0,end:0,service time:0,nodes:2475,
[task] id:11,start:0,end:0,service time:0,nodes:1758,
[task] id:8,start:0,end:0,service time:0,nodes:791,
[task] id:0,start:0,end:0,service time:0,nodes:2615,
[task] id:9,start:0,end:0,service time:0,nodes:2844,
[task] id:14,start:0,end:0,service time:0,nodes:2344,
[task] id:15,start:0,end:0,service time:0,nodes:2740,
[task] id:3,start:0,end:0,service time:0,nodes:471,
[task] id:18,start:0,end:0,service time:0,nodes:2166,
[task] id:16,start:0,end:0,service time:0,nodes:2807,
[task] id:10,start:0,end:0,service time:0,nodes:2162,
[agent] id:0
path:2471,2472,2473,2474,2475,2476,2477,2478,2585,2586,2587,2588,2589,2590,2591,2592,2593,2594,2595,2596,2597,2598,2599,2600,2601,2602,2603,2604,2605,2606,2607,2608,2609,2610,2611,2612,2613,2614,2615,2615,2615,2615,2615,2615,2615,2615,2615,2615,2615,2615,2615,2615,2615,2615,2615,2615,2615,2615,2615,2615,2615,2615,2615,2615,2615,2615,2615,2615,2615,
goal:2615,2615,2615,2615,2615,2615,2615,2615,2615,2615,2615,2615,2615,2615,2615,2615,2615,2615,2615,2615,2615,2615,2615,2615,2615,2615,2615,2615,2615,2615,2615,2615,2615,2615,2615,2615,2615,2615,2615,2615,2615,2615,2615,2615,2615,2615,2615,2615,2615,2615,2615,2615,2615,2615,2615,2615,2615,2615,2615,2615,2615,2615,2615,2615,2615,2615,2615,2615,2615,
size:38
[agent] id:1
path:2125,2232,2339,2446,2553,2660,2767,2874,2981,3088,3087,3086,3085,3084,3083,3082,3081,3080,3079,3078,3077,3076,3075,3074,3073,3072,3179,3178,3178,3178,3178,3178,3178,3178,3178,3178,3178,3178,3178,3178,3178,3178,3178,3178,3178,3178,3178,3178,3178,3178,3178,3178,3178,3178,3178,3178,3178,3178,3178,3178,3178,3178,3178,3178,3178,3178,3178,3178,3178,
goal:3178,3178,3178,3178,3178,3178,3178,3178,3178,3178,3178,3178,3178,3178,3178,3178,3178,3178,3178,3178,3178,3178,3178,3178,3178,3178,3178,3178,3178,3178,3178,3178,3178,3178,3178,3178,3178,3178,3178,3178,3178,3178,3178,3178,3178,3178,3178,3178,3178,3178,3178,3178,3178,3178,3178,3178,3178,3178,3178,3178,3178,3178,3178,3178,3178,3178,3178,3178,3178,
size:27
[agent] id:2
path:4357,4250,4143,4036,4035,4034,4033,4032,4031,4030,4029,4028,4027,4026,4025,4024,4023,4023,4023,4023,4023,4023,4023,4023,4023,4023,4023,4023,4023,4023,4023,4023,4023,4023,4023,4023,4023,4023,4023,4023,4023,4023,4023,4023,4023,4023,4023,4023,4023,4023,4023,4023,4023,4023,4023,4023,4023,4023,4023,4023,4023,4023,4023,4023,4023,4023,4023,4023,4023,
goal:4023,4023,4023,4023,4023,4023,4023,4023,4023,4023,4023,4023,4023,4023,4023,4023,4023,4023,4023,4023,4023,4023,4023,4023,4023,4023,4023,4023,4023,4023,4023,4023,4023,4023,4023,4023,4023,4023,4023,4023,4023,4023,4023,4023,4023,4023,4023,4023,4023,4023,4023,4023,4023,4023,4023,4023,4023,4023,4023,4023,4023,4023,4023,4023,4023,4023,4023,4023,4023,
size:16
[agent] id:3
path:3340,3233,3126,3019,2912,2805,2698,2591,2484,2377,2270,2163,2056,1949,1950,1951,1952,1953,1954,1955,1956,1957,1958,1959,1960,1961,1962,1963,1964,1965,1966,1967,1860,1861,1862,1863,1864,1865,1866,1759,1652,1545,1438,1331,1224,1117,1010,903,796,689,582,475,474,473,472,471,471,471,471,471,471,471,471,471,471,471,471,471,471,
goal:471,471,471,471,471,471,471,471,471,471,471,471,471,471,471,471,471,471,471,471,471,471,471,471,471,471,471,471,471,471,471,471,471,471,471,471,471,471,471,471,471,471,471,471,471,471,471,471,471,471,471,471,471,471,471,471,471,471,471,471,471,471,471,471,471,471,471,471,471,
size:55
[agent] id:4
path:1968,2075,2182,2289,2396,2503,2502,2501,2500,2499,2498,2497,2496,2495,2494,2493,2492,2491,2490,2489,2488,2487,2486,2485,2484,2483,2482,2481,2480,2479,2478,2477,2476,2475,2475,2475,2475,2475,2475,2475,2475,2475,2475,2475,2475,2475,2475,2475,2475,2475,2475,2475,2475,2475,2475,2475,2475,2475,2475,2475,2475,2475,2475,2475,2475,2475,2475,2475,2475,
goal:2475,2475,2475,2475,2475,2475,2475,2475,2475,2475,2475,2475,2475,2475,2475,2475,2475,2475,2475,2475,2475,2475,2475,2475,2475,2475,2475,2475,2475,2475,2475,2475,2475,2475,2475,2475,2475,2475,2475,2475,2475,2475,2475,2475,2475,2475,2475,2475,2475,2475,2475,2475,2475,2475,2475,2475,2475,2475,2475,2475,2475,2475,2475,2475,2475,2475,2475,2475,2475,
size:33
[agent] id:5
path:2044,2045,2046,2153,2260,2367,2368,2369,2370,2371,2264,2157,2050,1943,1836,1837,1838,1839,1840,1841,1734,1627,1520,1413,1306,1199,1092,985,986,987,988,988,988,988,988,988,988,988,988,988,988,988,988,988,988,988,988,988,988,988,988,988,988,988,988,988,988,988,988,988,988,988,988,988,988,988,988,988,988,
goal:988,988,988,988,988,988,988,988,988,988,988,988,988,988,988,988,988,988,988,988,988,988,988,988,988,988,988,988,988,988,988,988,988,988,988,988,988,988,988,988,988,988,988,988,988,988,988,988,988,988,988,988,988,988,988,988,988,988,988,988,988,988,988,988,988,988,988,988,988,
size:30
[agent] id:6
path:2645,2538,2537,2536,2535,2534,2533,2532,2531,2530,2529,2528,2527,2526,2525,2524,2523,2522,2521,2520,2519,2518,2517,2516,2515,2514,2513,2512,2511,2511,2511,2511,2511,2511,2511,2511,2511,2511,2511,2511,2511,2511,2511,2511,2511,2511,2511,2511,2511,2511,2511,2511,2511,2511,2511,2511,2511,2511,2511,2511,2511,2511,2511,2511,2511,2511,2511,2511,2511,
goal:2511,2511,2511,2511,2511,2511,2511,2511,2511,2511,2511,2511,2511,2511,2511,2511,2511,2511,2511,2511,2511,2511,2511,2511,2511,2511,2511,2511,2511,2511,2511,2511,2511,2511,2511,2511,2511,2511,2511,2511,2511,2511,2511,2511,2511,2511,2511,2511,2511,2511,2511,2511,2511,2511,2511,2511,2511,2511,2511,2511,2511,2511,2511,2511,2511,2511,2511,2511,2511,
size:28
[agent] id:7
path:2500,2607,2714,2715,2716,2717,2718,2719,2720,2721,2722,2723,2724,2725,2726,2727,2728,2729,2730,2731,2732,2733,2734,2735,2736,2737,2738,2739,2740,2741,2741,2741,2741,2741,2741,2741,2741,2741,2741,2741,2741,2741,2741,2741,2741,2741,2741,2741,2741,2741,2741,2741,2741,2741,2741,2741,2741,2741,2741,2741,2741,2741,2741,2741,2741,2741,2741,2741,2741,
goal:2741,2741,2741,2741,2741,2741,2741,2741,2741,2741,2741,2741,2741,2741,2741,2741,2741,2741,2741,2741,2741,2741,2741,2741,2741,2741,2741,2741,2741,2741,2741,2741,2741,2741,2741,2741,2741,2741,2741,2741,2741,2741,2741,2741,2741,2741,2741,2741,2741,2741,2741,2741,2741,2741,2741,2741,2741,2741,2741,2741,2741,2741,2741,2741,2741,2741,2741,2741,2741,
size:29
[agent] id:8
path:2417,2310,2203,2096,1989,1988,1987,1986,1985,1984,1983,1982,1981,1980,1979,1978,1871,1870,1869,1868,1867,1866,1759,1652,1545,1438,1331,1224,1117,1010,903,796,795,794,793,792,791,791,791,791,791,791,791,791,791,791,791,791,791,791,791,791,791,791,791,791,791,791,791,791,791,791,791,791,791,791,791,791,791,
goal:791,791,791,791,791,791,791,791,791,791,791,791,791,791,791,791,791,791,791,791,791,791,791,791,791,791,791,791,791,791,791,791,791,791,791,791,791,791,791,791,791,791,791,791,791,791,791,791,791,791,791,791,791,791,791,791,791,791,791,791,791,791,791,791,791,791,791,791,791,
size:36
[agent] id:9
path:2241,2348,2455,2562,2561,2560,2559,2558,2557,2664,2663,2662,2661,2660,2659,2658,2657,2656,2655,2654,2653,2652,2651,2650,2649,2648,2647,2646,2645,2644,2643,2642,2641,2640,2639,2638,2637,2636,2635,2634,2633,2740,2847,2846,2845,2844,2844,2844,2844,2844,2844,2844,2844,2844,2844,2844,2844,2844,2844,2844,2844,2844,2844,2844,2844,2844,2844,2844,2844,
goal:2844,2844,2844,2844,2844,2844,2844,2844,2844,2844,2844,2844,2844,2844,2844,2844,2844,2844,2844,2844,2844,2844,2844,2844,2844,2844,2844,2844,2844,2844,2844,2844,2844,2844,2844,2844,2844,2844,2844,2844,2844,2844,2844,2844,2844,2844,2844,2844,2844,2844,2844,2844,2844,2844,2844,2844,2844,2844,2844,2844,2844,2844,2844,2844,2844,2844,2844,2844,2844,
size:45
[agent] id:10
path:3714,3607,3606,3605,3604,3603,3602,3495,3388,3281,3174,3067,2960,2853,2746,2639,2532,2425,2424,2423,2422,2315,2314,2313,2312,2311,2310,2309,2308,2307,2306,2305,2304,2303,2302,2301,2300,2299,2298,2297,2296,2295,2294,2293,2292,2291,2290,2289,2288,2287,2286,2285,2284,2283,2282,2281,2280,2279,2278,2277,2276,2275,2274,2273,2272,2165,2164,2163,2162,
goal:2162,2162,2162,2162,2162,2162,2162,2162,2162,2162,2162,2162,2162,2162,2162,2162,2162,2162,2162,2162,2162,2162,2162,2162,2162,2162,2162,2162,2162,2162,2162,2162,2162,2162,2162,2162,2162,2162,2162,2162,2162,2162,2162,2162,2162,2162,2162,2162,2162,2162,2162,2162,2162,2162,2162,2162,2162,2162,2162,2162,2162,2162,2162,2162,2162,2162,2162,2162,2162,
size:68
[agent] id:11
path:1895,1894,1893,1892,1891,1890,1889,1888,1887,1886,1885,1884,1991,1990,1989,1988,1987,1986,1985,1984,1983,1982,1981,1980,1979,1978,1871,1870,1869,1868,1867,1866,1759,1758,1758,1758,1758,1758,1758,1758,1758,1758,1758,1758,1758,1758,1758,1758,1758,1758,1758,1758,1758,1758,1758,1758,1758,1758,1758,1758,1758,1758,1758,1758,1758,1758,1758,1758,1758,
goal:1758,1758,1758,1758,1758,1758,1758,1758,1758,1758,1758,1758,1758,1758,1758,1758,1758,1758,1758,1758,1758,1758,1758,1758,1758,1758,1758,1758,1758,1758,1758,1758,1758,1758,1758,1758,1758,1758,1758,1758,1758,1758,1758,1758,1758,1758,1758,1758,1758,1758,1758,1758,1758,1758,1758,1758,1758,1758,1758,1758,1758,1758,1758,1758,1758,1758,1758,1758,1758,
size:33
[agent] id:12
path:476,583,690,797,904,1011,1118,1225,1332,1439,1438,1545,1652,1759,1866,1973,2080,2079,2078,2077,2076,2075,2074,2073,2072,2071,2070,2069,2068,2068,2068,2068,2068,2068,2068,2068,2068,2068,2068,2068,2068,2068,2068,2068,2068,2068,2068,2068,2068,2068,2068,2068,2068,2068,2068,2068,2068,2068,2068,2068,2068,2068,2068,2068,2068,2068,2068,2068,2068,
goal:2068,2068,2068,2068,2068,2068,2068,2068,2068,2068,2068,2068,2068,2068,2068,2068,2068,2068,2068,2068,2068,2068,2068,2068,2068,2068,2068,2068,2068,2068,2068,2068,2068,2068,2068,2068,2068,2068,2068,2068,2068,2068,2068,2068,2068,2068,2068,2068,2068,2068,2068,2068,2068,2068,2068,2068,2068,2068,2068,2068,2068,2068,2068,2068,2068,2068,2068,2068,2068,
size:28
[agent] id:13
path:4453,4346,4239,4132,4025,3918,3811,3704,3597,3598,3599,3600,3601,3494,3387,3280,3173,3066,2959,2852,2851,2850,2849,2849,2849,2849,2849,2849,2849,2849,2849,2849,2849,2849,2849,2849,2849,2849,2849,2849,2849,2849,2849,2849,2849,2849,2849,2849,2849,2849,2849,2849,2849,2849,2849,2849,2849,2849,2849,2849,2849,2849,2849,2849,2849,2849,2849,2849,2849,
goal:2849,2849,2849,2849,2849,2849,2849,2849,2849,2849,2849,2849,2849,2849,2849,2849,2849,2849,2849,2849,2849,2849,2849,2849,2849,2849,2849,2849,2849,2849,2849,2849,2849,2849,2849,2849,2849,2849,2849,2849,2849,2849,2849,2849,2849,2849,2849,2849,2849,2849,2849,2849,2849,2849,2849,2849,2849,2849,2849,2849,2849,2849,2849,2849,2849,2849,2849,2849,2849,
size:22
[agent] id:14
path:4353,4246,4139,4032,3925,3818,3711,3604,3603,3602,3495,3388,3281,3174,3067,2960,2853,2746,2639,2532,2425,2426,2427,2428,2429,2430,2431,2432,2433,2434,2435,2436,2437,2438,2439,2440,2441,2442,2443,2444,2445,2446,2447,2448,2449,2450,2451,2344,2344,2344,2344,2344,2344,2344,2344,2344,2344,2344,2344,2344,2344,2344,2344,2344,2344,2344,2344,2344,2344,
goal:2344,2344,2344,2344,2344,2344,2344,2344,2344,2344,2344,2344,2344,2344,2344,2344,2344,2344,2344,2344,2344,2344,2344,2344,2344,2344,2344,2344,2344,2344,2344,2344,2344,2344,2344,2344,2344,2344,2344,2344,2344,2344,2344,2344,2344,2344,2344,2344,2344,2344,2344,2344,2344,2344,2344,2344,2344,2344,2344,2344,2344,2344,2344,2344,2344,2344,2344,2344,2344,
size:47
[agent] id:15
path:2265,2372,2479,2586,2693,2694,2695,2696,2697,2698,2699,2700,2701,2702,2703,2704,2705,2706,2707,2708,2709,2710,2711,2712,2713,2714,2715,2716,2717,2718,2719,2720,2721,2722,2723,2724,2725,2726,2727,2728,2729,2730,2731,2732,2733,2734,2735,2736,2737,2738,2739,2740,2740,2740,2740,2740,2740,2740,2740,2740,2740,2740,2740,2740,2740,2740,2740,2740,2740,
goal:2740,2740,2740,2740,2740,2740,2740,2740,2740,2740,2740,2740,2740,2740,2740,2740,2740,2740,2740,2740,2740,2740,2740,2740,2740,2740,2740,2740,2740,2740,2740,2740,2740,2740,2740,2740,2740,2740,2740,2740,2740,2740,2740,2740,2740,2740,2740,2740,2740,2740,2740,2740,2740,2740,2740,2740,2740,2740,2740,2740,2740,2740,2740,2740,2740,2740,2740,2740,2740,
size:51
[agent] id:16
path:1457,1458,1459,1460,1461,1568,1675,1782,1889,1996,2103,2210,2317,2424,2531,2638,2745,2852,2851,2850,2849,2848,2847,2846,2845,2844,2843,2842,2841,2840,2839,2838,2837,2836,2835,2834,2833,2832,2831,2830,2829,2828,2827,2826,2825,2824,2823,2822,2821,2820,2819,2818,2817,2816,2815,2814,2813,2812,2811,2810,2809,2808,2807,2807,2807,2807,2807,2807,2807,
goal:2807,2807,2807,2807,2807,2807,2807,2807,2807,2807,2807,2807,2807,2807,2807,2807,2807,2807,2807,2807,2807,2807,2807,2807,2807,2807,2807,2807,2807,2807,2807,2807,2807,2807,2807,2807,2807,2807,2807,2807,2807,2807,2807,2807,2807,2807,2807,2807,2807,2807,2807,2807,2807,2807,2807,2807,2807,2807,2807,2807,2807,2807,2807,2807,2807,2807,2807,2807,2807,
size:62
[agent] id:17
path:1361,1360,1467,1466,1465,1464,1463,1462,1569,1676,1783,1890,1997,2104,2211,2318,2317,2316,2316,2316,2316,2316,2316,2316,2316,2316,2316,2316,2316,2316,2316,2316,2316,2316,2316,2316,2316,2316,2316,2316,2316,2316,2316,2316,2316,2316,2316,2316,2316,2316,2316,2316,2316,2316,2316,2316,2316,2316,2316,2316,2316,2316,2316,2316,2316,2316,2316,2316,2316,
goal:2316,2316,2316,2316,2316,2316,2316,2316,2316,2316,2316,2316,2316,2316,2316,2316,2316,2316,2316,2316,2316,2316,2316,2316,2316,2316,2316,2316,2316,2316,2316,2316,2316,2316,2316,2316,2316,2316,2316,2316,2316,2316,2316,2316,2316,2316,2316,2316,2316,2316,2316,2316,2316,2316,2316,2316,2316,2316,2316,2316,2316,2316,2316,2316,2316,2316,2316,2316,2316,
size:17
[agent] id:18
path:820,927,1034,1141,1248,1355,1462,1569,1676,1783,1890,1997,2104,2211,2210,2209,2208,2207,2206,2205,2204,2203,2202,2201,2200,2199,2198,2197,2196,2195,2194,2193,2192,2191,2190,2189,2188,2187,2186,2185,2184,2183,2182,2181,2180,2179,2178,2177,2176,2175,2174,2173,2172,2171,2170,2169,2168,2167,2166,2166,2166,2166,2166,2166,2166,2166,2166,2166,2166,
goal:2166,2166,2166,2166,2166,2166,2166,2166,2166,2166,2166,2166,2166,2166,2166,2166,2166,2166,2166,2166,2166,2166,2166,2166,2166,2166,2166,2166,2166,2166,2166,2166,2166,2166,2166,2166,2166,2166,2166,2166,2166,2166,2166,2166,2166,2166,2166,2166,2166,2166,2166,2166,2166,2166,2166,2166,2166,2166,2166,2166,2166,2166,2166,2166,2166,2166,2166,2166,2166,
size:58
[agent] id:19
path:2981,2874,2767,2660,2661,2662,2663,2664,2665,2772,2773,2774,2775,2775,2775,2775,2775,2775,2775,2775,2775,2775,2775,2775,2775,2775,2775,2775,2775,2775,2775,2775,2775,2775,2775,2775,2775,2775,2775,2775,2775,2775,2775,2775,2775,2775,2775,2775,2775,2775,2775,2775,2775,2775,2775,2775,2775,2775,2775,2775,2775,2775,2775,2775,2775,2775,2775,2775,2775,
goal:2775,2775,2775,2775,2775,2775,2775,2775,2775,2775,2775,2775,2775,2775,2775,2775,2775,2775,2775,2775,2775,2775,2775,2775,2775,2775,2775,2775,2775,2775,2775,2775,2775,2775,2775,2775,2775,2775,2775,2775,2775,2775,2775,2775,2775,2775,2775,2775,2775,2775,2775,2775,2775,2775,2775,2775,2775,2775,2775,2775,2775,2775,2775,2775,2775,2775,2775,2775,2775,
size:12
SolutionCost:735
