[setting] seed:30
[solver] type:ECBS
[solver] w:3.000000
[solver] ID:0
[solver] Lowlevelnode:15335
[solver] solved:1
[solver] elapsed:119
[solver] makespan:82
[problem] timesteplimit:10000
[problem] type:MAPF
[problem] agentnum:20
[graph] width:107
[graph] height:47
[graph] filename:./map/orz601d.map
[task] id:14,start:0,end:0,service time:0,nodes:2622,
[task] id:11,start:0,end:0,service time:0,nodes:472,
[task] id:9,start:0,end:0,service time:0,nodes:2201,
[task] id:6,start:0,end:0,service time:0,nodes:2237,
[task] id:12,start:0,end:0,service time:0,nodes:2369,
[task] id:10,start:0,end:0,service time:0,nodes:2643,
[task] id:7,start:0,end:0,service time:0,nodes:989,
[task] id:18,start:0,end:0,service time:0,nodes:2631,
[task] id:13,start:0,end:0,service time:0,nodes:2490,
[task] id:3,start:0,end:0,service time:0,nodes:1195,
[task] id:17,start:0,end:0,service time:0,nodes:1983,
[task] id:15,start:0,end:0,service time:0,nodes:4240,
[task] id:19,start:0,end:0,service time:0,nodes:1443,
[task] id:4,start:0,end:0,service time:0,nodes:1121,
[task] id:2,start:0,end:0,service time:0,nodes:4302,
[task] id:1,start:0,end:0,service time:0,nodes:2596,
[task] id:0,start:0,end:0,service time:0,nodes:4410,
[task] id:5,start:0,end:0,service time:0,nodes:3115,
[task] id:8,start:0,end:0,service time:0,nodes:932,
[task] id:16,start:0,end:0,service time:0,nodes:560,
[agent] id:0
path:790,897,1004,1111,1218,1325,1326,1433,1434,1435,1436,1437,1544,1651,1758,1865,1972,2079,2186,2293,2400,2507,2614,2721,2828,2935,3042,3041,3040,3039,3038,3037,3036,3035,3034,3033,3032,3031,3030,3029,3028,3027,3026,3025,3024,3131,3238,3345,3344,3343,3342,3341,3340,3447,3554,3661,3768,3875,3982,4089,4196,4303,4410,4410,4410,4410,4410,4410,4410,4410,4410,4410,4410,4410,4410,4410,4410,4410,4410,4410,4410,4410,4410,
goal:4410,4410,4410,4410,4410,4410,4410,4410,4410,4410,4410,4410,4410,4410,4410,4410,4410,4410,4410,4410,4410,4410,4410,4410,4410,4410,4410,4410,4410,4410,4410,4410,4410,4410,4410,4410,4410,4410,4410,4410,4410,4410,4410,4410,4410,4410,4410,4410,4410,4410,4410,4410,4410,4410,4410,4410,4410,4410,4410,4410,4410,4410,4410,4410,4410,4410,4410,4410,4410,4410,4410,4410,4410,4410,4410,4410,4410,4410,4410,4410,4410,4410,4410,
size:62
[agent] id:1
path:4459,4352,4245,4138,4031,3924,3817,3710,3603,3602,3495,3388,3281,3174,3067,2960,2853,2746,2745,2744,2743,2742,2741,2740,2739,2738,2737,2736,2735,2734,2733,2732,2731,2730,2729,2728,2621,2620,2619,2618,2617,2616,2615,2614,2613,2612,2611,2610,2609,2608,2607,2606,2605,2604,2603,2602,2601,2600,2599,2598,2597,2596,2596,2596,2596,2596,2596,2596,2596,2596,2596,2596,2596,2596,2596,2596,2596,2596,2596,2596,2596,2596,2596,
goal:2596,2596,2596,2596,2596,2596,2596,2596,2596,2596,2596,2596,2596,2596,2596,2596,2596,2596,2596,2596,2596,2596,2596,2596,2596,2596,2596,2596,2596,2596,2596,2596,2596,2596,2596,2596,2596,2596,2596,2596,2596,2596,2596,2596,2596,2596,2596,2596,2596,2596,2596,2596,2596,2596,2596,2596,2596,2596,2596,2596,2596,2596,2596,2596,2596,2596,2596,2596,2596,2596,2596,2596,2596,2596,2596,2596,2596,2596,2596,2596,2596,2596,2596,
size:61
[agent] id:2
path:2840,2947,3054,3053,3052,3051,3050,3049,3048,3047,3046,3045,3044,3043,3042,3041,3040,3039,3038,3037,3036,3035,3034,3033,3032,3031,3030,3029,3028,3027,3026,3025,3024,3131,3238,3345,3344,3343,3342,3341,3340,3447,3554,3661,3768,3875,3982,4089,4196,4303,4302,4302,4302,4302,4302,4302,4302,4302,4302,4302,4302,4302,4302,4302,4302,4302,4302,4302,4302,4302,4302,4302,4302,4302,4302,4302,4302,4302,4302,4302,4302,4302,4302,
goal:4302,4302,4302,4302,4302,4302,4302,4302,4302,4302,4302,4302,4302,4302,4302,4302,4302,4302,4302,4302,4302,4302,4302,4302,4302,4302,4302,4302,4302,4302,4302,4302,4302,4302,4302,4302,4302,4302,4302,4302,4302,4302,4302,4302,4302,4302,4302,4302,4302,4302,4302,4302,4302,4302,4302,4302,4302,4302,4302,4302,4302,4302,4302,4302,4302,4302,4302,4302,4302,4302,4302,4302,4302,4302,4302,4302,4302,4302,4302,4302,4302,4302,4302,
size:50
[agent] id:3
path:3989,3882,3775,3774,3773,3772,3771,3770,3769,3768,3661,3554,3447,3340,3233,3126,3019,2912,2805,2698,2591,2484,2377,2270,2163,2056,1949,1842,1735,1628,1521,1414,1307,1200,1199,1198,1197,1196,1195,1195,1195,1195,1195,1195,1195,1195,1195,1195,1195,1195,1195,1195,1195,1195,1195,1195,1195,1195,1195,1195,1195,1195,1195,1195,1195,1195,1195,1195,1195,1195,1195,1195,1195,1195,1195,1195,1195,1195,1195,1195,1195,1195,1195,
goal:1195,1195,1195,1195,1195,1195,1195,1195,1195,1195,1195,1195,1195,1195,1195,1195,1195,1195,1195,1195,1195,1195,1195,1195,1195,1195,1195,1195,1195,1195,1195,1195,1195,1195,1195,1195,1195,1195,1195,1195,1195,1195,1195,1195,1195,1195,1195,1195,1195,1195,1195,1195,1195,1195,1195,1195,1195,1195,1195,1195,1195,1195,1195,1195,1195,1195,1195,1195,1195,1195,1195,1195,1195,1195,1195,1195,1195,1195,1195,1195,1195,1195,1195,
size:38
[agent] id:4
path:2752,2645,2538,2431,2324,2217,2110,2003,2002,2001,2000,1999,1998,1997,1996,1995,1994,1993,1992,1991,1990,1989,1988,1987,1986,1985,1984,1983,1982,1981,1980,1979,1978,1871,1870,1869,1868,1867,1866,1759,1652,1545,1438,1331,1224,1117,1118,1119,1120,1121,1121,1121,1121,1121,1121,1121,1121,1121,1121,1121,1121,1121,1121,1121,1121,1121,1121,1121,1121,1121,1121,1121,1121,1121,1121,1121,1121,1121,1121,1121,1121,1121,1121,
goal:1121,1121,1121,1121,1121,1121,1121,1121,1121,1121,1121,1121,1121,1121,1121,1121,1121,1121,1121,1121,1121,1121,1121,1121,1121,1121,1121,1121,1121,1121,1121,1121,1121,1121,1121,1121,1121,1121,1121,1121,1121,1121,1121,1121,1121,1121,1121,1121,1121,1121,1121,1121,1121,1121,1121,1121,1121,1121,1121,1121,1121,1121,1121,1121,1121,1121,1121,1121,1121,1121,1121,1121,1121,1121,1121,1121,1121,1121,1121,1121,1121,1121,1121,
size:49
[agent] id:5
path:2434,2433,2432,2432,2431,2430,2429,2428,2427,2426,2425,2424,2423,2422,2421,2420,2419,2418,2417,2416,2415,2414,2413,2412,2411,2410,2409,2408,2407,2406,2405,2404,2403,2402,2401,2400,2399,2398,2397,2396,2395,2394,2393,2392,2391,2390,2389,2388,2387,2386,2385,2384,2383,2382,2489,2488,2487,2486,2485,2484,2483,2482,2481,2480,2479,2478,2477,2476,2475,2474,2581,2688,2795,2902,3009,3008,3115,3115,3115,3115,3115,3115,3115,
goal:3115,3115,3115,3115,3115,3115,3115,3115,3115,3115,3115,3115,3115,3115,3115,3115,3115,3115,3115,3115,3115,3115,3115,3115,3115,3115,3115,3115,3115,3115,3115,3115,3115,3115,3115,3115,3115,3115,3115,3115,3115,3115,3115,3115,3115,3115,3115,3115,3115,3115,3115,3115,3115,3115,3115,3115,3115,3115,3115,3115,3115,3115,3115,3115,3115,3115,3115,3115,3115,3115,3115,3115,3115,3115,3115,3115,3115,3115,3115,3115,3115,3115,3115,
size:76
[agent] id:6
path:1795,1902,2009,2116,2223,2224,2225,2226,2227,2228,2229,2230,2231,2232,2339,2446,2447,2448,2449,2450,2451,2344,2237,2237,2237,2237,2237,2237,2237,2237,2237,2237,2237,2237,2237,2237,2237,2237,2237,2237,2237,2237,2237,2237,2237,2237,2237,2237,2237,2237,2237,2237,2237,2237,2237,2237,2237,2237,2237,2237,2237,2237,2237,2237,2237,2237,2237,2237,2237,2237,2237,2237,2237,2237,2237,2237,2237,2237,2237,2237,2237,2237,2237,
goal:2237,2237,2237,2237,2237,2237,2237,2237,2237,2237,2237,2237,2237,2237,2237,2237,2237,2237,2237,2237,2237,2237,2237,2237,2237,2237,2237,2237,2237,2237,2237,2237,2237,2237,2237,2237,2237,2237,2237,2237,2237,2237,2237,2237,2237,2237,2237,2237,2237,2237,2237,2237,2237,2237,2237,2237,2237,2237,2237,2237,2237,2237,2237,2237,2237,2237,2237,2237,2237,2237,2237,2237,2237,2237,2237,2237,2237,2237,2237,2237,2237,2237,2237,
size:22
[agent] id:7
path:2286,2179,2072,1965,1964,1963,1962,1961,1960,1959,1958,1957,1956,1955,1954,1847,1846,1845,1844,1843,1842,1735,1628,1521,1414,1307,1200,1093,986,987,988,989,989,989,989,989,989,989,989,989,989,989,989,989,989,989,989,989,989,989,989,989,989,989,989,989,989,989,989,989,989,989,989,989,989,989,989,989,989,989,989,989,989,989,989,989,989,989,989,989,989,989,989,
goal:989,989,989,989,989,989,989,989,989,989,989,989,989,989,989,989,989,989,989,989,989,989,989,989,989,989,989,989,989,989,989,989,989,989,989,989,989,989,989,989,989,989,989,989,989,989,989,989,989,989,989,989,989,989,989,989,989,989,989,989,989,989,989,989,989,989,989,989,989,989,989,989,989,989,989,989,989,989,989,989,989,989,989,
size:31
[agent] id:8
path:3767,3660,3553,3446,3339,3232,3125,3018,2911,2804,2697,2590,2483,2376,2269,2270,2163,2056,2057,2058,2059,2060,2061,2062,2063,2064,2065,2066,2067,2068,2069,2070,2071,2072,2073,2074,2075,2076,2077,2078,2079,2080,2081,2082,2083,2084,2085,2086,2087,2088,2089,2090,2091,1984,1985,1986,1987,1988,1989,1990,1991,1884,1885,1886,1887,1888,1889,1782,1675,1568,1461,1354,1247,1140,1033,926,927,928,929,930,931,932,932,
goal:932,932,932,932,932,932,932,932,932,932,932,932,932,932,932,932,932,932,932,932,932,932,932,932,932,932,932,932,932,932,932,932,932,932,932,932,932,932,932,932,932,932,932,932,932,932,932,932,932,932,932,932,932,932,932,932,932,932,932,932,932,932,932,932,932,932,932,932,932,932,932,932,932,932,932,932,932,932,932,932,932,932,932,
size:81
[agent] id:9
path:2721,2614,2507,2400,2293,2186,2187,2188,2189,2190,2191,2192,2193,2194,2195,2196,2197,2198,2199,2200,2201,2201,2201,2201,2201,2201,2201,2201,2201,2201,2201,2201,2201,2201,2201,2201,2201,2201,2201,2201,2201,2201,2201,2201,2201,2201,2201,2201,2201,2201,2201,2201,2201,2201,2201,2201,2201,2201,2201,2201,2201,2201,2201,2201,2201,2201,2201,2201,2201,2201,2201,2201,2201,2201,2201,2201,2201,2201,2201,2201,2201,2201,2201,
goal:2201,2201,2201,2201,2201,2201,2201,2201,2201,2201,2201,2201,2201,2201,2201,2201,2201,2201,2201,2201,2201,2201,2201,2201,2201,2201,2201,2201,2201,2201,2201,2201,2201,2201,2201,2201,2201,2201,2201,2201,2201,2201,2201,2201,2201,2201,2201,2201,2201,2201,2201,2201,2201,2201,2201,2201,2201,2201,2201,2201,2201,2201,2201,2201,2201,2201,2201,2201,2201,2201,2201,2201,2201,2201,2201,2201,2201,2201,2201,2201,2201,2201,2201,
size:20
[agent] id:10
path:2881,2774,2667,2666,2665,2664,2663,2662,2661,2660,2659,2658,2657,2656,2655,2654,2653,2652,2651,2650,2649,2648,2647,2646,2645,2644,2643,2643,2643,2643,2643,2643,2643,2643,2643,2643,2643,2643,2643,2643,2643,2643,2643,2643,2643,2643,2643,2643,2643,2643,2643,2643,2643,2643,2643,2643,2643,2643,2643,2643,2643,2643,2643,2643,2643,2643,2643,2643,2643,2643,2643,2643,2643,2643,2643,2643,2643,2643,2643,2643,2643,2643,2643,
goal:2643,2643,2643,2643,2643,2643,2643,2643,2643,2643,2643,2643,2643,2643,2643,2643,2643,2643,2643,2643,2643,2643,2643,2643,2643,2643,2643,2643,2643,2643,2643,2643,2643,2643,2643,2643,2643,2643,2643,2643,2643,2643,2643,2643,2643,2643,2643,2643,2643,2643,2643,2643,2643,2643,2643,2643,2643,2643,2643,2643,2643,2643,2643,2643,2643,2643,2643,2643,2643,2643,2643,2643,2643,2643,2643,2643,2643,2643,2643,2643,2643,2643,2643,
size:26
[agent] id:11
path:2081,1974,1867,1866,1759,1652,1545,1438,1331,1224,1117,1010,903,796,689,582,475,474,473,472,472,472,472,472,472,472,472,472,472,472,472,472,472,472,472,472,472,472,472,472,472,472,472,472,472,472,472,472,472,472,472,472,472,472,472,472,472,472,472,472,472,472,472,472,472,472,472,472,472,472,472,472,472,472,472,472,472,472,472,472,472,472,472,
goal:472,472,472,472,472,472,472,472,472,472,472,472,472,472,472,472,472,472,472,472,472,472,472,472,472,472,472,472,472,472,472,472,472,472,472,472,472,472,472,472,472,472,472,472,472,472,472,472,472,472,472,472,472,472,472,472,472,472,472,472,472,472,472,472,472,472,472,472,472,472,472,472,472,472,472,472,472,472,472,472,472,472,472,
size:19
[agent] id:12
path:663,770,877,984,1091,1198,1305,1412,1413,1520,1627,1734,1841,1948,2055,2162,2269,2376,2375,2374,2373,2372,2371,2370,2369,2369,2369,2369,2369,2369,2369,2369,2369,2369,2369,2369,2369,2369,2369,2369,2369,2369,2369,2369,2369,2369,2369,2369,2369,2369,2369,2369,2369,2369,2369,2369,2369,2369,2369,2369,2369,2369,2369,2369,2369,2369,2369,2369,2369,2369,2369,2369,2369,2369,2369,2369,2369,2369,2369,2369,2369,2369,2369,
goal:2369,2369,2369,2369,2369,2369,2369,2369,2369,2369,2369,2369,2369,2369,2369,2369,2369,2369,2369,2369,2369,2369,2369,2369,2369,2369,2369,2369,2369,2369,2369,2369,2369,2369,2369,2369,2369,2369,2369,2369,2369,2369,2369,2369,2369,2369,2369,2369,2369,2369,2369,2369,2369,2369,2369,2369,2369,2369,2369,2369,2369,2369,2369,2369,2369,2369,2369,2369,2369,2369,2369,2369,2369,2369,2369,2369,2369,2369,2369,2369,2369,2369,2369,
size:24
[agent] id:13
path:688,795,902,1009,1116,1223,1330,1437,1544,1651,1758,1865,1972,2079,2186,2293,2400,2507,2506,2505,2504,2503,2502,2501,2500,2499,2498,2497,2496,2495,2494,2493,2492,2491,2490,2490,2490,2490,2490,2490,2490,2490,2490,2490,2490,2490,2490,2490,2490,2490,2490,2490,2490,2490,2490,2490,2490,2490,2490,2490,2490,2490,2490,2490,2490,2490,2490,2490,2490,2490,2490,2490,2490,2490,2490,2490,2490,2490,2490,2490,2490,2490,2490,
goal:2490,2490,2490,2490,2490,2490,2490,2490,2490,2490,2490,2490,2490,2490,2490,2490,2490,2490,2490,2490,2490,2490,2490,2490,2490,2490,2490,2490,2490,2490,2490,2490,2490,2490,2490,2490,2490,2490,2490,2490,2490,2490,2490,2490,2490,2490,2490,2490,2490,2490,2490,2490,2490,2490,2490,2490,2490,2490,2490,2490,2490,2490,2490,2490,2490,2490,2490,2490,2490,2490,2490,2490,2490,2490,2490,2490,2490,2490,2490,2490,2490,2490,2490,
size:34
[agent] id:14
path:2931,2824,2717,2610,2611,2612,2613,2614,2615,2616,2617,2618,2619,2620,2621,2622,2622,2622,2622,2622,2622,2622,2622,2622,2622,2622,2622,2622,2622,2622,2622,2622,2622,2622,2622,2622,2622,2622,2622,2622,2622,2622,2622,2622,2622,2622,2622,2622,2622,2622,2622,2622,2622,2622,2622,2622,2622,2622,2622,2622,2622,2622,2622,2622,2622,2622,2622,2622,2622,2622,2622,2622,2622,2622,2622,2622,2622,2622,2622,2622,2622,2622,2622,
goal:2622,2622,2622,2622,2622,2622,2622,2622,2622,2622,2622,2622,2622,2622,2622,2622,2622,2622,2622,2622,2622,2622,2622,2622,2622,2622,2622,2622,2622,2622,2622,2622,2622,2622,2622,2622,2622,2622,2622,2622,2622,2622,2622,2622,2622,2622,2622,2622,2622,2622,2622,2622,2622,2622,2622,2622,2622,2622,2622,2622,2622,2622,2622,2622,2622,2622,2622,2622,2622,2622,2622,2622,2622,2622,2622,2622,2622,2622,2622,2622,2622,2622,2622,
size:15
[agent] id:15
path:2191,2298,2405,2512,2619,2726,2833,2940,2941,3048,3049,3050,3051,3052,3053,3054,3055,3056,3057,3058,3059,3060,3061,3062,3169,3170,3171,3172,3173,3280,3387,3494,3601,3708,3815,3922,4029,4136,4243,4242,4241,4240,4240,4240,4240,4240,4240,4240,4240,4240,4240,4240,4240,4240,4240,4240,4240,4240,4240,4240,4240,4240,4240,4240,4240,4240,4240,4240,4240,4240,4240,4240,4240,4240,4240,4240,4240,4240,4240,4240,4240,4240,4240,
goal:4240,4240,4240,4240,4240,4240,4240,4240,4240,4240,4240,4240,4240,4240,4240,4240,4240,4240,4240,4240,4240,4240,4240,4240,4240,4240,4240,4240,4240,4240,4240,4240,4240,4240,4240,4240,4240,4240,4240,4240,4240,4240,4240,4240,4240,4240,4240,4240,4240,4240,4240,4240,4240,4240,4240,4240,4240,4240,4240,4240,4240,4240,4240,4240,4240,4240,4240,4240,4240,4240,4240,4240,4240,4240,4240,4240,4240,4240,4240,4240,4240,4240,4240,
size:41
[agent] id:16
path:2440,2333,2226,2119,2012,2011,2010,2009,2008,2007,2006,2005,2004,2003,2002,2001,2000,1999,1998,1997,1996,1995,1994,1993,1992,1991,1990,1989,1988,1987,1986,1985,1984,1983,1982,1981,1980,1979,1978,1977,1976,1975,1974,1973,1972,1971,1970,1969,1968,1967,1966,1965,1964,1963,1962,1961,1960,1959,1958,1957,1956,1955,1954,1847,1846,1845,1844,1843,1842,1735,1628,1521,1414,1307,1200,1093,986,879,772,665,558,559,560,
goal:560,560,560,560,560,560,560,560,560,560,560,560,560,560,560,560,560,560,560,560,560,560,560,560,560,560,560,560,560,560,560,560,560,560,560,560,560,560,560,560,560,560,560,560,560,560,560,560,560,560,560,560,560,560,560,560,560,560,560,560,560,560,560,560,560,560,560,560,560,560,560,560,560,560,560,560,560,560,560,560,560,560,560,
size:82
[agent] id:17
path:2269,2162,2055,2056,2057,2058,2059,2060,2061,2062,2063,2064,2065,2066,2067,2068,2069,2070,2071,2072,2073,2074,2075,2076,2077,2078,2079,2080,2081,2082,2083,2084,2085,2086,2087,2088,2089,1982,1983,1983,1983,1983,1983,1983,1983,1983,1983,1983,1983,1983,1983,1983,1983,1983,1983,1983,1983,1983,1983,1983,1983,1983,1983,1983,1983,1983,1983,1983,1983,1983,1983,1983,1983,1983,1983,1983,1983,1983,1983,1983,1983,1983,1983,
goal:1983,1983,1983,1983,1983,1983,1983,1983,1983,1983,1983,1983,1983,1983,1983,1983,1983,1983,1983,1983,1983,1983,1983,1983,1983,1983,1983,1983,1983,1983,1983,1983,1983,1983,1983,1983,1983,1983,1983,1983,1983,1983,1983,1983,1983,1983,1983,1983,1983,1983,1983,1983,1983,1983,1983,1983,1983,1983,1983,1983,1983,1983,1983,1983,1983,1983,1983,1983,1983,1983,1983,1983,1983,1983,1983,1983,1983,1983,1983,1983,1983,1983,1983,
size:38
[agent] id:18
path:2230,2337,2444,2551,2658,2657,2656,2655,2654,2653,2652,2651,2650,2649,2648,2647,2646,2645,2644,2643,2642,2641,2640,2639,2638,2637,2636,2635,2634,2633,2632,2631,2631,2631,2631,2631,2631,2631,2631,2631,2631,2631,2631,2631,2631,2631,2631,2631,2631,2631,2631,2631,2631,2631,2631,2631,2631,2631,2631,2631,2631,2631,2631,2631,2631,2631,2631,2631,2631,2631,2631,2631,2631,2631,2631,2631,2631,2631,2631,2631,2631,2631,2631,
goal:2631,2631,2631,2631,2631,2631,2631,2631,2631,2631,2631,2631,2631,2631,2631,2631,2631,2631,2631,2631,2631,2631,2631,2631,2631,2631,2631,2631,2631,2631,2631,2631,2631,2631,2631,2631,2631,2631,2631,2631,2631,2631,2631,2631,2631,2631,2631,2631,2631,2631,2631,2631,2631,2631,2631,2631,2631,2631,2631,2631,2631,2631,2631,2631,2631,2631,2631,2631,2631,2631,2631,2631,2631,2631,2631,2631,2631,2631,2631,2631,2631,2631,2631,
size:31
[agent] id:19
path:2430,2323,2216,2109,2002,2001,2000,1999,1998,1997,1996,1995,1994,1993,1992,1991,1990,1989,1988,1987,1986,1985,1984,1983,1982,1981,1980,1979,1978,1871,1870,1869,1868,1867,1866,1759,1652,1545,1438,1439,1440,1441,1442,1443,1443,1443,1443,1443,1443,1443,1443,1443,1443,1443,1443,1443,1443,1443,1443,1443,1443,1443,1443,1443,1443,1443,1443,1443,1443,1443,1443,1443,1443,1443,1443,1443,1443,1443,1443,1443,1443,1443,1443,
goal:1443,1443,1443,1443,1443,1443,1443,1443,1443,1443,1443,1443,1443,1443,1443,1443,1443,1443,1443,1443,1443,1443,1443,1443,1443,1443,1443,1443,1443,1443,1443,1443,1443,1443,1443,1443,1443,1443,1443,1443,1443,1443,1443,1443,1443,1443,1443,1443,1443,1443,1443,1443,1443,1443,1443,1443,1443,1443,1443,1443,1443,1443,1443,1443,1443,1443,1443,1443,1443,1443,1443,1443,1443,1443,1443,1443,1443,1443,1443,1443,1443,1443,1443,
size:43
SolutionCost:843
