[setting] seed:16
[solver] type:ECBS
[solver] w:3.000000
[solver] ID:0
[solver] Lowlevelnode:44476
[solver] solved:1
[solver] elapsed:117
[solver] makespan:91
[problem] timesteplimit:10000
[problem] type:MAPF
[problem] agentnum:20
[graph] width:107
[graph] height:47
[graph] filename:./map/orz601d.map
[task] id:11,start:0,end:0,service time:0,nodes:2969,
[task] id:2,start:0,end:0,service time:0,nodes:2284,
[task] id:17,start:0,end:0,service time:0,nodes:3387,
[task] id:9,start:0,end:0,service time:0,nodes:2333,
[task] id:19,start:0,end:0,service time:0,nodes:3039,
[task] id:1,start:0,end:0,service time:0,nodes:2393,
[task] id:12,start:0,end:0,service time:0,nodes:3303,
[task] id:14,start:0,end:0,service time:0,nodes:3919,
[task] id:8,start:0,end:0,service time:0,nodes:448,
[task] id:18,start:0,end:0,service time:0,nodes:2528,
[task] id:5,start:0,end:0,service time:0,nodes:2958,
[task] id:10,start:0,end:0,service time:0,nodes:2477,
[task] id:4,start:0,end:0,service time:0,nodes:1123,
[task] id:15,start:0,end:0,service time:0,nodes:2952,
[task] id:7,start:0,end:0,service time:0,nodes:2990,
[task] id:3,start:0,end:0,service time:0,nodes:885,
[task] id:13,start:0,end:0,service time:0,nodes:4348,
[task] id:6,start:0,end:0,service time:0,nodes:2872,
[task] id:16,start:0,end:0,service time:0,nodes:2053,
[task] id:0,start:0,end:0,service time:0,nodes:4415,
[agent] id:0
path:2444,2551,2658,2765,2764,2763,2762,2761,2760,2759,2758,2757,2756,2755,2754,2753,2752,2751,2750,2749,2748,2747,2746,2745,2744,2743,2742,2741,2740,2739,2738,2737,2736,2735,2734,2733,2732,2731,2730,2729,2728,2727,2726,2725,2724,2723,2830,2829,2828,2935,2934,2933,2932,2931,3038,3037,3036,3035,3034,3033,3032,3031,3030,3029,3028,3027,3026,3025,3024,3131,3238,3345,3344,3343,3342,3341,3340,3447,3554,3661,3768,3875,3982,4089,4196,4303,4410,4411,4412,4413,4414,4415,
goal:4415,4415,4415,4415,4415,4415,4415,4415,4415,4415,4415,4415,4415,4415,4415,4415,4415,4415,4415,4415,4415,4415,4415,4415,4415,4415,4415,4415,4415,4415,4415,4415,4415,4415,4415,4415,4415,4415,4415,4415,4415,4415,4415,4415,4415,4415,4415,4415,4415,4415,4415,4415,4415,4415,4415,4415,4415,4415,4415,4415,4415,4415,4415,4415,4415,4415,4415,4415,4415,4415,4415,4415,4415,4415,4415,4415,4415,4415,4415,4415,4415,4415,4415,4415,4415,4415,4415,4415,4415,4415,4415,4415,
size:91
[agent] id:1
path:881,988,1095,1202,1309,1416,1415,1414,1521,1628,1735,1842,1949,2056,2163,2270,2377,2378,2379,2380,2381,2382,2383,2384,2385,2386,2387,2388,2389,2390,2391,2392,2393,2393,2393,2393,2393,2393,2393,2393,2393,2393,2393,2393,2393,2393,2393,2393,2393,2393,2393,2393,2393,2393,2393,2393,2393,2393,2393,2393,2393,2393,2393,2393,2393,2393,2393,2393,2393,2393,2393,2393,2393,2393,2393,2393,2393,2393,2393,2393,2393,2393,2393,2393,2393,2393,2393,2393,2393,2393,2393,2393,
goal:2393,2393,2393,2393,2393,2393,2393,2393,2393,2393,2393,2393,2393,2393,2393,2393,2393,2393,2393,2393,2393,2393,2393,2393,2393,2393,2393,2393,2393,2393,2393,2393,2393,2393,2393,2393,2393,2393,2393,2393,2393,2393,2393,2393,2393,2393,2393,2393,2393,2393,2393,2393,2393,2393,2393,2393,2393,2393,2393,2393,2393,2393,2393,2393,2393,2393,2393,2393,2393,2393,2393,2393,2393,2393,2393,2393,2393,2393,2393,2393,2393,2393,2393,2393,2393,2393,2393,2393,2393,2393,2393,2393,
size:32
[agent] id:2
path:2490,2383,2276,2277,2278,2279,2280,2281,2282,2283,2284,2284,2284,2284,2284,2284,2284,2284,2284,2284,2284,2284,2284,2284,2284,2284,2284,2284,2284,2284,2284,2284,2284,2284,2284,2284,2284,2284,2284,2284,2284,2284,2284,2284,2284,2284,2284,2284,2284,2284,2284,2284,2284,2284,2284,2284,2284,2284,2284,2284,2284,2284,2284,2284,2284,2284,2284,2284,2284,2284,2284,2284,2284,2284,2284,2284,2284,2284,2284,2284,2284,2284,2284,2284,2284,2284,2284,2284,2284,2284,2284,2284,
goal:2284,2284,2284,2284,2284,2284,2284,2284,2284,2284,2284,2284,2284,2284,2284,2284,2284,2284,2284,2284,2284,2284,2284,2284,2284,2284,2284,2284,2284,2284,2284,2284,2284,2284,2284,2284,2284,2284,2284,2284,2284,2284,2284,2284,2284,2284,2284,2284,2284,2284,2284,2284,2284,2284,2284,2284,2284,2284,2284,2284,2284,2284,2284,2284,2284,2284,2284,2284,2284,2284,2284,2284,2284,2284,2284,2284,2284,2284,2284,2284,2284,2284,2284,2284,2284,2284,2284,2284,2284,2284,2284,2284,
size:10
[agent] id:3
path:2230,2123,2016,2015,2014,2013,2012,2011,2010,2009,2008,2007,2006,2005,2004,2003,2002,2001,2000,1999,1998,1997,1996,1995,1994,1993,1992,1991,1990,1989,1988,1987,1986,1985,1984,1983,1982,1981,1980,1979,1978,1977,1976,1975,1974,1973,1972,1971,1970,1969,1968,1967,1966,1965,1964,1963,1962,1961,1960,1959,1958,1957,1956,1955,1954,1847,1846,1845,1844,1843,1842,1735,1628,1521,1414,1307,1200,1093,986,879,880,881,882,883,884,885,885,885,885,885,885,885,
goal:885,885,885,885,885,885,885,885,885,885,885,885,885,885,885,885,885,885,885,885,885,885,885,885,885,885,885,885,885,885,885,885,885,885,885,885,885,885,885,885,885,885,885,885,885,885,885,885,885,885,885,885,885,885,885,885,885,885,885,885,885,885,885,885,885,885,885,885,885,885,885,885,885,885,885,885,885,885,885,885,885,885,885,885,885,885,885,885,885,885,885,885,
size:85
[agent] id:4
path:2445,2338,2231,2124,2017,2016,2015,2014,2013,2012,2011,2010,2009,2008,2007,2006,2005,2004,2003,2002,2001,2000,1999,1998,1997,1996,1995,1994,1993,1992,1991,1990,1989,1988,1987,1986,1985,1984,1983,1982,1981,1980,1979,1978,1871,1870,1869,1868,1867,1866,1759,1652,1545,1438,1331,1224,1117,1118,1119,1120,1121,1122,1123,1123,1123,1123,1123,1123,1123,1123,1123,1123,1123,1123,1123,1123,1123,1123,1123,1123,1123,1123,1123,1123,1123,1123,1123,1123,1123,1123,1123,1123,
goal:1123,1123,1123,1123,1123,1123,1123,1123,1123,1123,1123,1123,1123,1123,1123,1123,1123,1123,1123,1123,1123,1123,1123,1123,1123,1123,1123,1123,1123,1123,1123,1123,1123,1123,1123,1123,1123,1123,1123,1123,1123,1123,1123,1123,1123,1123,1123,1123,1123,1123,1123,1123,1123,1123,1123,1123,1123,1123,1123,1123,1123,1123,1123,1123,1123,1123,1123,1123,1123,1123,1123,1123,1123,1123,1123,1123,1123,1123,1123,1123,1123,1123,1123,1123,1123,1123,1123,1123,1123,1123,1123,1123,
size:62
[agent] id:5
path:2481,2588,2695,2802,2909,2910,2911,2912,2913,2914,2915,2916,2917,2918,2919,2920,2921,2922,2923,2924,2925,2926,2927,2928,2929,2930,2931,2932,2933,2934,2935,2936,2937,2938,2939,2940,2941,2942,2943,2944,2945,2946,2947,2948,2949,2950,2951,2952,2953,2954,2955,2956,2957,2958,2958,2958,2958,2958,2958,2958,2958,2958,2958,2958,2958,2958,2958,2958,2958,2958,2958,2958,2958,2958,2958,2958,2958,2958,2958,2958,2958,2958,2958,2958,2958,2958,2958,2958,2958,2958,2958,2958,
goal:2958,2958,2958,2958,2958,2958,2958,2958,2958,2958,2958,2958,2958,2958,2958,2958,2958,2958,2958,2958,2958,2958,2958,2958,2958,2958,2958,2958,2958,2958,2958,2958,2958,2958,2958,2958,2958,2958,2958,2958,2958,2958,2958,2958,2958,2958,2958,2958,2958,2958,2958,2958,2958,2958,2958,2958,2958,2958,2958,2958,2958,2958,2958,2958,2958,2958,2958,2958,2958,2958,2958,2958,2958,2958,2958,2958,2958,2958,2958,2958,2958,2958,2958,2958,2958,2958,2958,2958,2958,2958,2958,2958,
size:53
[agent] id:6
path:4190,4083,3976,3869,3762,3763,3764,3765,3766,3767,3660,3553,3446,3339,3232,3125,3018,2911,2804,2805,2806,2807,2808,2809,2810,2811,2812,2813,2814,2815,2816,2817,2818,2819,2820,2821,2822,2823,2824,2825,2826,2827,2828,2829,2830,2831,2832,2833,2834,2835,2836,2837,2838,2839,2840,2841,2842,2843,2844,2845,2846,2847,2848,2849,2850,2851,2852,2853,2854,2855,2856,2857,2858,2859,2860,2861,2862,2863,2864,2865,2866,2867,2868,2869,2870,2871,2872,2872,2872,2872,2872,2872,
goal:2872,2872,2872,2872,2872,2872,2872,2872,2872,2872,2872,2872,2872,2872,2872,2872,2872,2872,2872,2872,2872,2872,2872,2872,2872,2872,2872,2872,2872,2872,2872,2872,2872,2872,2872,2872,2872,2872,2872,2872,2872,2872,2872,2872,2872,2872,2872,2872,2872,2872,2872,2872,2872,2872,2872,2872,2872,2872,2872,2872,2872,2872,2872,2872,2872,2872,2872,2872,2872,2872,2872,2872,2872,2872,2872,2872,2872,2872,2872,2872,2872,2872,2872,2872,2872,2872,2872,2872,2872,2872,2872,2872,
size:86
[agent] id:7
path:2390,2497,2604,2605,2606,2607,2608,2609,2610,2611,2612,2613,2614,2615,2616,2617,2618,2619,2620,2621,2622,2623,2624,2625,2626,2627,2628,2629,2630,2631,2632,2633,2634,2635,2636,2637,2638,2639,2640,2641,2642,2643,2644,2645,2646,2647,2648,2649,2650,2651,2652,2653,2654,2655,2656,2657,2658,2659,2660,2661,2662,2663,2664,2665,2772,2879,2986,2987,2988,2989,2990,2990,2990,2990,2990,2990,2990,2990,2990,2990,2990,2990,2990,2990,2990,2990,2990,2990,2990,2990,2990,2990,
goal:2990,2990,2990,2990,2990,2990,2990,2990,2990,2990,2990,2990,2990,2990,2990,2990,2990,2990,2990,2990,2990,2990,2990,2990,2990,2990,2990,2990,2990,2990,2990,2990,2990,2990,2990,2990,2990,2990,2990,2990,2990,2990,2990,2990,2990,2990,2990,2990,2990,2990,2990,2990,2990,2990,2990,2990,2990,2990,2990,2990,2990,2990,2990,2990,2990,2990,2990,2990,2990,2990,2990,2990,2990,2990,2990,2990,2990,2990,2990,2990,2990,2990,2990,2990,2990,2990,2990,2990,2990,2990,2990,2990,
size:70
[agent] id:8
path:1116,1223,1330,1437,1544,1651,1758,1865,1864,1863,1862,1861,1860,1967,1966,1965,1964,1963,1962,1961,1960,1959,1958,1957,1956,1955,1954,1847,1846,1845,1844,1843,1842,1735,1628,1521,1414,1307,1200,1093,986,879,772,665,558,451,450,449,448,448,448,448,448,448,448,448,448,448,448,448,448,448,448,448,448,448,448,448,448,448,448,448,448,448,448,448,448,448,448,448,448,448,448,448,448,448,448,448,448,448,448,448,
goal:448,448,448,448,448,448,448,448,448,448,448,448,448,448,448,448,448,448,448,448,448,448,448,448,448,448,448,448,448,448,448,448,448,448,448,448,448,448,448,448,448,448,448,448,448,448,448,448,448,448,448,448,448,448,448,448,448,448,448,448,448,448,448,448,448,448,448,448,448,448,448,448,448,448,448,448,448,448,448,448,448,448,448,448,448,448,448,448,448,448,448,448,
size:48
[agent] id:9
path:1886,1993,2100,2207,2314,2315,2316,2317,2318,2319,2320,2321,2322,2323,2324,2325,2326,2327,2328,2329,2330,2331,2332,2333,2333,2333,2333,2333,2333,2333,2333,2333,2333,2333,2333,2333,2333,2333,2333,2333,2333,2333,2333,2333,2333,2333,2333,2333,2333,2333,2333,2333,2333,2333,2333,2333,2333,2333,2333,2333,2333,2333,2333,2333,2333,2333,2333,2333,2333,2333,2333,2333,2333,2333,2333,2333,2333,2333,2333,2333,2333,2333,2333,2333,2333,2333,2333,2333,2333,2333,2333,2333,
goal:2333,2333,2333,2333,2333,2333,2333,2333,2333,2333,2333,2333,2333,2333,2333,2333,2333,2333,2333,2333,2333,2333,2333,2333,2333,2333,2333,2333,2333,2333,2333,2333,2333,2333,2333,2333,2333,2333,2333,2333,2333,2333,2333,2333,2333,2333,2333,2333,2333,2333,2333,2333,2333,2333,2333,2333,2333,2333,2333,2333,2333,2333,2333,2333,2333,2333,2333,2333,2333,2333,2333,2333,2333,2333,2333,2333,2333,2333,2333,2333,2333,2333,2333,2333,2333,2333,2333,2333,2333,2333,2333,2333,
size:23
[agent] id:10
path:2106,2213,2320,2427,2534,2533,2532,2531,2530,2529,2528,2527,2526,2525,2524,2523,2522,2521,2520,2519,2518,2517,2516,2515,2514,2513,2512,2511,2510,2509,2508,2507,2506,2505,2504,2503,2502,2501,2500,2499,2498,2497,2496,2495,2494,2493,2492,2491,2490,2489,2488,2487,2486,2485,2484,2483,2482,2481,2480,2479,2478,2477,2477,2477,2477,2477,2477,2477,2477,2477,2477,2477,2477,2477,2477,2477,2477,2477,2477,2477,2477,2477,2477,2477,2477,2477,2477,2477,2477,2477,2477,2477,
goal:2477,2477,2477,2477,2477,2477,2477,2477,2477,2477,2477,2477,2477,2477,2477,2477,2477,2477,2477,2477,2477,2477,2477,2477,2477,2477,2477,2477,2477,2477,2477,2477,2477,2477,2477,2477,2477,2477,2477,2477,2477,2477,2477,2477,2477,2477,2477,2477,2477,2477,2477,2477,2477,2477,2477,2477,2477,2477,2477,2477,2477,2477,2477,2477,2477,2477,2477,2477,2477,2477,2477,2477,2477,2477,2477,2477,2477,2477,2477,2477,2477,2477,2477,2477,2477,2477,2477,2477,2477,2477,2477,2477,
size:61
[agent] id:11
path:2218,2325,2432,2539,2646,2753,2860,2967,2968,2969,2969,2969,2969,2969,2969,2969,2969,2969,2969,2969,2969,2969,2969,2969,2969,2969,2969,2969,2969,2969,2969,2969,2969,2969,2969,2969,2969,2969,2969,2969,2969,2969,2969,2969,2969,2969,2969,2969,2969,2969,2969,2969,2969,2969,2969,2969,2969,2969,2969,2969,2969,2969,2969,2969,2969,2969,2969,2969,2969,2969,2969,2969,2969,2969,2969,2969,2969,2969,2969,2969,2969,2969,2969,2969,2969,2969,2969,2969,2969,2969,2969,2969,
goal:2969,2969,2969,2969,2969,2969,2969,2969,2969,2969,2969,2969,2969,2969,2969,2969,2969,2969,2969,2969,2969,2969,2969,2969,2969,2969,2969,2969,2969,2969,2969,2969,2969,2969,2969,2969,2969,2969,2969,2969,2969,2969,2969,2969,2969,2969,2969,2969,2969,2969,2969,2969,2969,2969,2969,2969,2969,2969,2969,2969,2969,2969,2969,2969,2969,2969,2969,2969,2969,2969,2969,2969,2969,2969,2969,2969,2969,2969,2969,2969,2969,2969,2969,2969,2969,2969,2969,2969,2969,2969,2969,2969,
size:9
[agent] id:12
path:4030,3923,3816,3709,3602,3495,3388,3281,3174,3067,3068,3069,3070,3071,3072,3073,3074,2967,2968,3075,3076,3077,3078,3079,3080,3081,3082,3083,3084,3085,3086,3193,3300,3301,3302,3303,3303,3303,3303,3303,3303,3303,3303,3303,3303,3303,3303,3303,3303,3303,3303,3303,3303,3303,3303,3303,3303,3303,3303,3303,3303,3303,3303,3303,3303,3303,3303,3303,3303,3303,3303,3303,3303,3303,3303,3303,3303,3303,3303,3303,3303,3303,3303,3303,3303,3303,3303,3303,3303,3303,3303,3303,
goal:3303,3303,3303,3303,3303,3303,3303,3303,3303,3303,3303,3303,3303,3303,3303,3303,3303,3303,3303,3303,3303,3303,3303,3303,3303,3303,3303,3303,3303,3303,3303,3303,3303,3303,3303,3303,3303,3303,3303,3303,3303,3303,3303,3303,3303,3303,3303,3303,3303,3303,3303,3303,3303,3303,3303,3303,3303,3303,3303,3303,3303,3303,3303,3303,3303,3303,3303,3303,3303,3303,3303,3303,3303,3303,3303,3303,3303,3303,3303,3303,3303,3303,3303,3303,3303,3303,3303,3303,3303,3303,3303,3303,
size:35
[agent] id:13
path:2467,2468,2469,2470,2471,2472,2473,2474,2475,2476,2477,2478,2585,2692,2799,2906,2907,2908,2909,2910,2911,2912,2913,2914,2915,2916,2917,2918,2919,2920,2921,2922,2923,2924,2925,2926,2927,2928,2929,2930,2931,2932,2933,2934,2935,2936,2937,2938,2939,3046,3047,3048,3049,3050,3051,3052,3053,3054,3055,3056,3057,3058,3059,3060,3061,3062,3169,3170,3171,3172,3173,3280,3281,3388,3495,3602,3709,3816,3923,4030,4137,4244,4351,4350,4349,4348,4348,4348,4348,4348,4348,4348,
goal:4348,4348,4348,4348,4348,4348,4348,4348,4348,4348,4348,4348,4348,4348,4348,4348,4348,4348,4348,4348,4348,4348,4348,4348,4348,4348,4348,4348,4348,4348,4348,4348,4348,4348,4348,4348,4348,4348,4348,4348,4348,4348,4348,4348,4348,4348,4348,4348,4348,4348,4348,4348,4348,4348,4348,4348,4348,4348,4348,4348,4348,4348,4348,4348,4348,4348,4348,4348,4348,4348,4348,4348,4348,4348,4348,4348,4348,4348,4348,4348,4348,4348,4348,4348,4348,4348,4348,4348,4348,4348,4348,4348,
size:85
[agent] id:14
path:2293,2400,2507,2614,2721,2828,2935,3042,3043,3044,3045,3046,3047,3048,3049,3050,3051,3052,3053,3054,3055,3056,3057,3058,3059,3060,3061,3062,3169,3170,3171,3172,3173,3280,3281,3388,3495,3602,3709,3816,3923,3922,3921,3920,3919,3919,3919,3919,3919,3919,3919,3919,3919,3919,3919,3919,3919,3919,3919,3919,3919,3919,3919,3919,3919,3919,3919,3919,3919,3919,3919,3919,3919,3919,3919,3919,3919,3919,3919,3919,3919,3919,3919,3919,3919,3919,3919,3919,3919,3919,3919,3919,
goal:3919,3919,3919,3919,3919,3919,3919,3919,3919,3919,3919,3919,3919,3919,3919,3919,3919,3919,3919,3919,3919,3919,3919,3919,3919,3919,3919,3919,3919,3919,3919,3919,3919,3919,3919,3919,3919,3919,3919,3919,3919,3919,3919,3919,3919,3919,3919,3919,3919,3919,3919,3919,3919,3919,3919,3919,3919,3919,3919,3919,3919,3919,3919,3919,3919,3919,3919,3919,3919,3919,3919,3919,3919,3919,3919,3919,3919,3919,3919,3919,3919,3919,3919,3919,3919,3919,3919,3919,3919,3919,3919,3919,
size:44
[agent] id:15
path:662,769,876,983,1090,1197,1304,1411,1412,1413,1520,1627,1734,1841,1948,2055,2162,2269,2376,2483,2590,2697,2804,2911,2912,2913,2914,2915,2916,2917,2918,2919,2920,2921,2922,2923,2924,2925,2926,2927,2928,2929,2930,2931,2932,2933,2934,2935,2936,2937,2938,2939,2940,2941,2942,2943,2944,2945,2946,2947,2948,2949,2950,2951,2952,2952,2952,2952,2952,2952,2952,2952,2952,2952,2952,2952,2952,2952,2952,2952,2952,2952,2952,2952,2952,2952,2952,2952,2952,2952,2952,2952,
goal:2952,2952,2952,2952,2952,2952,2952,2952,2952,2952,2952,2952,2952,2952,2952,2952,2952,2952,2952,2952,2952,2952,2952,2952,2952,2952,2952,2952,2952,2952,2952,2952,2952,2952,2952,2952,2952,2952,2952,2952,2952,2952,2952,2952,2952,2952,2952,2952,2952,2952,2952,2952,2952,2952,2952,2952,2952,2952,2952,2952,2952,2952,2952,2952,2952,2952,2952,2952,2952,2952,2952,2952,2952,2952,2952,2952,2952,2952,2952,2952,2952,2952,2952,2952,2952,2952,2952,2952,2952,2952,2952,2952,
size:64
[agent] id:16
path:1918,2025,2132,2131,2130,2237,2344,2451,2450,2449,2448,2447,2446,2339,2232,2125,2124,2123,2122,2121,2120,2119,2118,2117,2116,2115,2114,2113,2112,2111,2110,2109,2108,2107,2106,2105,2104,2103,2102,2101,2100,2099,2098,2097,2096,2095,2094,2093,2092,2091,2090,2089,2088,2087,2086,2085,2084,2083,2082,2081,2080,2079,2078,2077,2076,2075,2074,2073,2072,2071,2070,2069,2068,2067,2066,2065,2064,2063,2062,2061,2060,2059,2058,2057,2056,2055,2054,2053,2053,2053,2053,2053,
goal:2053,2053,2053,2053,2053,2053,2053,2053,2053,2053,2053,2053,2053,2053,2053,2053,2053,2053,2053,2053,2053,2053,2053,2053,2053,2053,2053,2053,2053,2053,2053,2053,2053,2053,2053,2053,2053,2053,2053,2053,2053,2053,2053,2053,2053,2053,2053,2053,2053,2053,2053,2053,2053,2053,2053,2053,2053,2053,2053,2053,2053,2053,2053,2053,2053,2053,2053,2053,2053,2053,2053,2053,2053,2053,2053,2053,2053,2053,2053,2053,2053,2053,2053,2053,2053,2053,2053,2053,2053,2053,2053,2053,
size:87
[agent] id:17
path:2217,2324,2431,2538,2645,2752,2859,2966,3073,3072,3179,3178,3177,3176,3175,3174,3281,3388,3387,3387,3387,3387,3387,3387,3387,3387,3387,3387,3387,3387,3387,3387,3387,3387,3387,3387,3387,3387,3387,3387,3387,3387,3387,3387,3387,3387,3387,3387,3387,3387,3387,3387,3387,3387,3387,3387,3387,3387,3387,3387,3387,3387,3387,3387,3387,3387,3387,3387,3387,3387,3387,3387,3387,3387,3387,3387,3387,3387,3387,3387,3387,3387,3387,3387,3387,3387,3387,3387,3387,3387,3387,3387,
goal:3387,3387,3387,3387,3387,3387,3387,3387,3387,3387,3387,3387,3387,3387,3387,3387,3387,3387,3387,3387,3387,3387,3387,3387,3387,3387,3387,3387,3387,3387,3387,3387,3387,3387,3387,3387,3387,3387,3387,3387,3387,3387,3387,3387,3387,3387,3387,3387,3387,3387,3387,3387,3387,3387,3387,3387,3387,3387,3387,3387,3387,3387,3387,3387,3387,3387,3387,3387,3387,3387,3387,3387,3387,3387,3387,3387,3387,3387,3387,3387,3387,3387,3387,3387,3387,3387,3387,3387,3387,3387,3387,3387,
size:18
[agent] id:18
path:2053,2160,2267,2374,2375,2376,2377,2378,2379,2380,2381,2382,2383,2384,2385,2386,2387,2388,2389,2390,2391,2392,2393,2394,2395,2396,2397,2398,2399,2400,2401,2508,2509,2510,2511,2512,2513,2514,2515,2516,2517,2518,2519,2520,2521,2522,2523,2524,2525,2526,2527,2528,2528,2528,2528,2528,2528,2528,2528,2528,2528,2528,2528,2528,2528,2528,2528,2528,2528,2528,2528,2528,2528,2528,2528,2528,2528,2528,2528,2528,2528,2528,2528,2528,2528,2528,2528,2528,2528,2528,2528,2528,
goal:2528,2528,2528,2528,2528,2528,2528,2528,2528,2528,2528,2528,2528,2528,2528,2528,2528,2528,2528,2528,2528,2528,2528,2528,2528,2528,2528,2528,2528,2528,2528,2528,2528,2528,2528,2528,2528,2528,2528,2528,2528,2528,2528,2528,2528,2528,2528,2528,2528,2528,2528,2528,2528,2528,2528,2528,2528,2528,2528,2528,2528,2528,2528,2528,2528,2528,2528,2528,2528,2528,2528,2528,2528,2528,2528,2528,2528,2528,2528,2528,2528,2528,2528,2528,2528,2528,2528,2528,2528,2528,2528,2528,
size:51
[agent] id:19
path:1016,1123,1230,1337,1336,1443,1442,1441,1440,1439,1438,1545,1652,1759,1866,1973,2080,2187,2294,2401,2508,2615,2722,2829,2936,3043,3042,3041,3040,3039,3039,3039,3039,3039,3039,3039,3039,3039,3039,3039,3039,3039,3039,3039,3039,3039,3039,3039,3039,3039,3039,3039,3039,3039,3039,3039,3039,3039,3039,3039,3039,3039,3039,3039,3039,3039,3039,3039,3039,3039,3039,3039,3039,3039,3039,3039,3039,3039,3039,3039,3039,3039,3039,3039,3039,3039,3039,3039,3039,3039,3039,3039,
goal:3039,3039,3039,3039,3039,3039,3039,3039,3039,3039,3039,3039,3039,3039,3039,3039,3039,3039,3039,3039,3039,3039,3039,3039,3039,3039,3039,3039,3039,3039,3039,3039,3039,3039,3039,3039,3039,3039,3039,3039,3039,3039,3039,3039,3039,3039,3039,3039,3039,3039,3039,3039,3039,3039,3039,3039,3039,3039,3039,3039,3039,3039,3039,3039,3039,3039,3039,3039,3039,3039,3039,3039,3039,3039,3039,3039,3039,3039,3039,3039,3039,3039,3039,3039,3039,3039,3039,3039,3039,3039,3039,3039,
size:29
SolutionCost:1043
