[setting] seed:48
[solver] type:ECBS
[solver] w:3.000000
[solver] ID:0
[solver] Lowlevelnode:9762
[solver] solved:1
[solver] elapsed:56
[solver] makespan:87
[problem] timesteplimit:10000
[problem] type:MAPF
[problem] agentnum:10
[graph] width:107
[graph] height:47
[graph] filename:./map/orz601d.map
[task] id:0,start:0,end:0,service time:0,nodes:3158,
[task] id:2,start:0,end:0,service time:0,nodes:2109,
[task] id:3,start:0,end:0,service time:0,nodes:2474,
[task] id:7,start:0,end:0,service time:0,nodes:2094,
[task] id:5,start:0,end:0,service time:0,nodes:3388,
[task] id:4,start:0,end:0,service time:0,nodes:772,
[task] id:9,start:0,end:0,service time:0,nodes:1088,
[task] id:8,start:0,end:0,service time:0,nodes:3219,
[task] id:6,start:0,end:0,service time:0,nodes:2014,
[task] id:1,start:0,end:0,service time:0,nodes:2013,
[agent] id:0
path:2734,2841,2948,3055,3162,3161,3160,3159,3158,3158,3158,3158,3158,3158,3158,3158,3158,3158,3158,3158,3158,3158,3158,3158,3158,3158,3158,3158,3158,3158,3158,3158,3158,3158,3158,3158,3158,3158,3158,3158,3158,3158,3158,3158,3158,3158,3158,3158,3158,3158,3158,3158,3158,3158,3158,3158,3158,3158,3158,3158,3158,3158,3158,3158,3158,3158,3158,3158,3158,3158,3158,3158,3158,3158,3158,3158,3158,3158,3158,3158,3158,3158,3158,3158,3158,3158,3158,3158,
goal:3158,3158,3158,3158,3158,3158,3158,3158,3158,3158,3158,3158,3158,3158,3158,3158,3158,3158,3158,3158,3158,3158,3158,3158,3158,3158,3158,3158,3158,3158,3158,3158,3158,3158,3158,3158,3158,3158,3158,3158,3158,3158,3158,3158,3158,3158,3158,3158,3158,3158,3158,3158,3158,3158,3158,3158,3158,3158,3158,3158,3158,3158,3158,3158,3158,3158,3158,3158,3158,3158,3158,3158,3158,3158,3158,3158,3158,3158,3158,3158,3158,3158,3158,3158,3158,3158,3158,3158,
size:8
[agent] id:1
path:2253,2360,2361,2362,2363,2364,2365,2366,2367,2368,2369,2370,2371,2264,2157,2050,2051,2052,2053,2054,2054,2055,2056,2057,2058,2059,2060,2061,2062,1955,1956,1957,1958,1959,1960,1961,1962,1963,1964,1965,1966,1967,1968,1969,1970,1971,1972,1973,1974,1975,1976,1977,1978,1979,1980,1981,1982,1983,1984,1985,1986,1987,1988,1989,1990,1991,1992,1993,1994,1995,1996,1997,1998,1999,2000,2001,2002,2003,2004,2005,2006,2007,2008,2009,2010,2011,2012,2013,
goal:2013,2013,2013,2013,2013,2013,2013,2013,2013,2013,2013,2013,2013,2013,2013,2013,2013,2013,2013,2013,2013,2013,2013,2013,2013,2013,2013,2013,2013,2013,2013,2013,2013,2013,2013,2013,2013,2013,2013,2013,2013,2013,2013,2013,2013,2013,2013,2013,2013,2013,2013,2013,2013,2013,2013,2013,2013,2013,2013,2013,2013,2013,2013,2013,2013,2013,2013,2013,2013,2013,2013,2013,2013,2013,2013,2013,2013,2013,2013,2013,2013,2013,2013,2013,2013,2013,2013,2013,
size:87
[agent] id:2
path:2850,2743,2636,2529,2422,2315,2208,2101,2102,2103,2104,2105,2106,2107,2108,2109,2109,2109,2109,2109,2109,2109,2109,2109,2109,2109,2109,2109,2109,2109,2109,2109,2109,2109,2109,2109,2109,2109,2109,2109,2109,2109,2109,2109,2109,2109,2109,2109,2109,2109,2109,2109,2109,2109,2109,2109,2109,2109,2109,2109,2109,2109,2109,2109,2109,2109,2109,2109,2109,2109,2109,2109,2109,2109,2109,2109,2109,2109,2109,2109,2109,2109,2109,2109,2109,2109,2109,2109,
goal:2109,2109,2109,2109,2109,2109,2109,2109,2109,2109,2109,2109,2109,2109,2109,2109,2109,2109,2109,2109,2109,2109,2109,2109,2109,2109,2109,2109,2109,2109,2109,2109,2109,2109,2109,2109,2109,2109,2109,2109,2109,2109,2109,2109,2109,2109,2109,2109,2109,2109,2109,2109,2109,2109,2109,2109,2109,2109,2109,2109,2109,2109,2109,2109,2109,2109,2109,2109,2109,2109,2109,2109,2109,2109,2109,2109,2109,2109,2109,2109,2109,2109,2109,2109,2109,2109,2109,2109,
size:15
[agent] id:3
path:1093,1200,1307,1414,1521,1628,1735,1842,1949,2056,2163,2270,2377,2484,2483,2482,2481,2480,2479,2478,2477,2476,2475,2474,2474,2474,2474,2474,2474,2474,2474,2474,2474,2474,2474,2474,2474,2474,2474,2474,2474,2474,2474,2474,2474,2474,2474,2474,2474,2474,2474,2474,2474,2474,2474,2474,2474,2474,2474,2474,2474,2474,2474,2474,2474,2474,2474,2474,2474,2474,2474,2474,2474,2474,2474,2474,2474,2474,2474,2474,2474,2474,2474,2474,2474,2474,2474,2474,
goal:2474,2474,2474,2474,2474,2474,2474,2474,2474,2474,2474,2474,2474,2474,2474,2474,2474,2474,2474,2474,2474,2474,2474,2474,2474,2474,2474,2474,2474,2474,2474,2474,2474,2474,2474,2474,2474,2474,2474,2474,2474,2474,2474,2474,2474,2474,2474,2474,2474,2474,2474,2474,2474,2474,2474,2474,2474,2474,2474,2474,2474,2474,2474,2474,2474,2474,2474,2474,2474,2474,2474,2474,2474,2474,2474,2474,2474,2474,2474,2474,2474,2474,2474,2474,2474,2474,2474,2474,
size:23
[agent] id:4
path:3979,3872,3765,3766,3767,3660,3553,3446,3339,3232,3125,3018,2911,2804,2697,2590,2483,2376,2269,2162,2055,1948,1841,1734,1627,1520,1413,1306,1199,1092,985,878,771,772,772,772,772,772,772,772,772,772,772,772,772,772,772,772,772,772,772,772,772,772,772,772,772,772,772,772,772,772,772,772,772,772,772,772,772,772,772,772,772,772,772,772,772,772,772,772,772,772,772,772,772,772,772,772,
goal:772,772,772,772,772,772,772,772,772,772,772,772,772,772,772,772,772,772,772,772,772,772,772,772,772,772,772,772,772,772,772,772,772,772,772,772,772,772,772,772,772,772,772,772,772,772,772,772,772,772,772,772,772,772,772,772,772,772,772,772,772,772,772,772,772,772,772,772,772,772,772,772,772,772,772,772,772,772,772,772,772,772,772,772,772,772,772,772,
size:33
[agent] id:5
path:816,923,1030,1137,1244,1351,1458,1459,1460,1461,1568,1675,1782,1889,1996,2103,2210,2317,2424,2531,2638,2745,2852,2959,3066,3173,3280,3387,3388,3388,3388,3388,3388,3388,3388,3388,3388,3388,3388,3388,3388,3388,3388,3388,3388,3388,3388,3388,3388,3388,3388,3388,3388,3388,3388,3388,3388,3388,3388,3388,3388,3388,3388,3388,3388,3388,3388,3388,3388,3388,3388,3388,3388,3388,3388,3388,3388,3388,3388,3388,3388,3388,3388,3388,3388,3388,3388,3388,
goal:3388,3388,3388,3388,3388,3388,3388,3388,3388,3388,3388,3388,3388,3388,3388,3388,3388,3388,3388,3388,3388,3388,3388,3388,3388,3388,3388,3388,3388,3388,3388,3388,3388,3388,3388,3388,3388,3388,3388,3388,3388,3388,3388,3388,3388,3388,3388,3388,3388,3388,3388,3388,3388,3388,3388,3388,3388,3388,3388,3388,3388,3388,3388,3388,3388,3388,3388,3388,3388,3388,3388,3388,3388,3388,3388,3388,3388,3388,3388,3388,3388,3388,3388,3388,3388,3388,3388,3388,
size:28
[agent] id:6
path:561,668,775,882,989,1096,1203,1310,1417,1416,1415,1414,1521,1628,1735,1842,1949,1950,1951,1952,1953,1954,1955,1956,1957,1958,1959,1960,1961,1962,1963,1964,1965,1966,1967,1968,1969,1970,1971,1972,1973,1974,1975,1976,1977,1978,1979,1980,1981,1982,1983,1984,1985,1986,1987,1988,1989,1990,1991,1992,1993,1994,1995,1996,1997,1998,1999,2000,2001,2002,2003,2004,2005,2006,2007,2008,2009,2010,2011,2012,2013,2014,2014,2014,2014,2014,2014,2014,
goal:2014,2014,2014,2014,2014,2014,2014,2014,2014,2014,2014,2014,2014,2014,2014,2014,2014,2014,2014,2014,2014,2014,2014,2014,2014,2014,2014,2014,2014,2014,2014,2014,2014,2014,2014,2014,2014,2014,2014,2014,2014,2014,2014,2014,2014,2014,2014,2014,2014,2014,2014,2014,2014,2014,2014,2014,2014,2014,2014,2014,2014,2014,2014,2014,2014,2014,2014,2014,2014,2014,2014,2014,2014,2014,2014,2014,2014,2014,2014,2014,2014,2014,2014,2014,2014,2014,2014,2014,
size:81
[agent] id:7
path:1007,1114,1221,1328,1435,1436,1437,1544,1651,1758,1865,1972,2079,2080,2081,2082,2083,2084,2085,2086,2087,2088,2089,2090,2091,2092,2093,2094,2094,2094,2094,2094,2094,2094,2094,2094,2094,2094,2094,2094,2094,2094,2094,2094,2094,2094,2094,2094,2094,2094,2094,2094,2094,2094,2094,2094,2094,2094,2094,2094,2094,2094,2094,2094,2094,2094,2094,2094,2094,2094,2094,2094,2094,2094,2094,2094,2094,2094,2094,2094,2094,2094,2094,2094,2094,2094,2094,2094,
goal:2094,2094,2094,2094,2094,2094,2094,2094,2094,2094,2094,2094,2094,2094,2094,2094,2094,2094,2094,2094,2094,2094,2094,2094,2094,2094,2094,2094,2094,2094,2094,2094,2094,2094,2094,2094,2094,2094,2094,2094,2094,2094,2094,2094,2094,2094,2094,2094,2094,2094,2094,2094,2094,2094,2094,2094,2094,2094,2094,2094,2094,2094,2094,2094,2094,2094,2094,2094,2094,2094,2094,2094,2094,2094,2094,2094,2094,2094,2094,2094,2094,2094,2094,2094,2094,2094,2094,2094,
size:27
[agent] id:8
path:1434,1435,1436,1437,1544,1651,1758,1865,1972,2079,2186,2293,2400,2399,2398,2397,2396,2395,2394,2393,2392,2391,2390,2389,2388,2387,2386,2385,2384,2383,2382,2381,2380,2379,2378,2377,2376,2375,2374,2373,2372,2371,2370,2369,2368,2367,2366,2473,2580,2687,2794,2901,3008,3115,3222,3221,3220,3219,3219,3219,3219,3219,3219,3219,3219,3219,3219,3219,3219,3219,3219,3219,3219,3219,3219,3219,3219,3219,3219,3219,3219,3219,3219,3219,3219,3219,3219,3219,
goal:3219,3219,3219,3219,3219,3219,3219,3219,3219,3219,3219,3219,3219,3219,3219,3219,3219,3219,3219,3219,3219,3219,3219,3219,3219,3219,3219,3219,3219,3219,3219,3219,3219,3219,3219,3219,3219,3219,3219,3219,3219,3219,3219,3219,3219,3219,3219,3219,3219,3219,3219,3219,3219,3219,3219,3219,3219,3219,3219,3219,3219,3219,3219,3219,3219,3219,3219,3219,3219,3219,3219,3219,3219,3219,3219,3219,3219,3219,3219,3219,3219,3219,3219,3219,3219,3219,3219,3219,
size:57
[agent] id:9
path:2724,2617,2510,2403,2296,2189,2188,2187,2186,2185,2078,2077,2076,2075,2074,2073,2072,2071,2070,2069,2068,2067,2066,2065,2064,1957,1956,1955,1954,1847,1846,1845,1844,1843,1842,1735,1628,1521,1414,1307,1200,1093,1092,1091,1090,1089,1088,1088,1088,1088,1088,1088,1088,1088,1088,1088,1088,1088,1088,1088,1088,1088,1088,1088,1088,1088,1088,1088,1088,1088,1088,1088,1088,1088,1088,1088,1088,1088,1088,1088,1088,1088,1088,1088,1088,1088,1088,1088,
goal:1088,1088,1088,1088,1088,1088,1088,1088,1088,1088,1088,1088,1088,1088,1088,1088,1088,1088,1088,1088,1088,1088,1088,1088,1088,1088,1088,1088,1088,1088,1088,1088,1088,1088,1088,1088,1088,1088,1088,1088,1088,1088,1088,1088,1088,1088,1088,1088,1088,1088,1088,1088,1088,1088,1088,1088,1088,1088,1088,1088,1088,1088,1088,1088,1088,1088,1088,1088,1088,1088,1088,1088,1088,1088,1088,1088,1088,1088,1088,1088,1088,1088,1088,1088,1088,1088,1088,1088,
size:46
SolutionCost:405
