[setting] seed:94
[solver] type:ECBS
[solver] w:3.000000
[solver] ID:0
[solver] Lowlevelnode:8293
[solver] solved:1
[solver] elapsed:187
[solver] makespan:81
[problem] timesteplimit:10000
[problem] type:MAPF
[problem] agentnum:10
[graph] width:107
[graph] height:47
[graph] filename:./map/orz601d.map
[task] id:7,start:0,end:0,service time:0,nodes:3302,
[task] id:2,start:0,end:0,service time:0,nodes:2414,
[task] id:3,start:0,end:0,service time:0,nodes:3050,
[task] id:4,start:0,end:0,service time:0,nodes:3495,
[task] id:0,start:0,end:0,service time:0,nodes:2081,
[task] id:1,start:0,end:0,service time:0,nodes:2808,
[task] id:5,start:0,end:0,service time:0,nodes:3109,
[task] id:6,start:0,end:0,service time:0,nodes:2100,
[task] id:8,start:0,end:0,service time:0,nodes:2542,
[task] id:9,start:0,end:0,service time:0,nodes:3769,
[agent] id:0
path:2448,2447,2446,2339,2232,2125,2124,2123,2122,2121,2120,2119,2118,2117,2116,2115,2114,2113,2112,2111,2110,2109,2108,2107,2106,2105,2104,2103,2102,2101,2100,2099,2098,2097,2096,2095,2094,2093,2092,2091,2090,2089,2088,2087,2086,2085,2084,2083,2082,2081,2081,2081,2081,2081,2081,2081,2081,2081,2081,2081,2081,2081,2081,2081,2081,2081,2081,2081,2081,2081,2081,2081,2081,2081,2081,2081,2081,2081,2081,2081,2081,2081,
goal:2081,2081,2081,2081,2081,2081,2081,2081,2081,2081,2081,2081,2081,2081,2081,2081,2081,2081,2081,2081,2081,2081,2081,2081,2081,2081,2081,2081,2081,2081,2081,2081,2081,2081,2081,2081,2081,2081,2081,2081,2081,2081,2081,2081,2081,2081,2081,2081,2081,2081,2081,2081,2081,2081,2081,2081,2081,2081,2081,2081,2081,2081,2081,2081,2081,2081,2081,2081,2081,2081,2081,2081,2081,2081,2081,2081,2081,2081,2081,2081,2081,2081,
size:49
[agent] id:1
path:3820,3713,3606,3605,3604,3603,3602,3495,3388,3281,3174,3067,2960,2959,2852,2851,2850,2849,2848,2847,2846,2845,2844,2843,2842,2841,2840,2839,2838,2837,2836,2835,2834,2833,2832,2831,2830,2829,2828,2827,2826,2825,2824,2823,2822,2821,2820,2819,2818,2817,2816,2815,2814,2813,2812,2811,2810,2809,2808,2808,2808,2808,2808,2808,2808,2808,2808,2808,2808,2808,2808,2808,2808,2808,2808,2808,2808,2808,2808,2808,2808,2808,
goal:2808,2808,2808,2808,2808,2808,2808,2808,2808,2808,2808,2808,2808,2808,2808,2808,2808,2808,2808,2808,2808,2808,2808,2808,2808,2808,2808,2808,2808,2808,2808,2808,2808,2808,2808,2808,2808,2808,2808,2808,2808,2808,2808,2808,2808,2808,2808,2808,2808,2808,2808,2808,2808,2808,2808,2808,2808,2808,2808,2808,2808,2808,2808,2808,2808,2808,2808,2808,2808,2808,2808,2808,2808,2808,2808,2808,2808,2808,2808,2808,2808,2808,
size:58
[agent] id:2
path:2505,2398,2399,2400,2401,2402,2403,2404,2405,2406,2407,2408,2409,2410,2411,2412,2413,2414,2414,2414,2414,2414,2414,2414,2414,2414,2414,2414,2414,2414,2414,2414,2414,2414,2414,2414,2414,2414,2414,2414,2414,2414,2414,2414,2414,2414,2414,2414,2414,2414,2414,2414,2414,2414,2414,2414,2414,2414,2414,2414,2414,2414,2414,2414,2414,2414,2414,2414,2414,2414,2414,2414,2414,2414,2414,2414,2414,2414,2414,2414,2414,2414,
goal:2414,2414,2414,2414,2414,2414,2414,2414,2414,2414,2414,2414,2414,2414,2414,2414,2414,2414,2414,2414,2414,2414,2414,2414,2414,2414,2414,2414,2414,2414,2414,2414,2414,2414,2414,2414,2414,2414,2414,2414,2414,2414,2414,2414,2414,2414,2414,2414,2414,2414,2414,2414,2414,2414,2414,2414,2414,2414,2414,2414,2414,2414,2414,2414,2414,2414,2414,2414,2414,2414,2414,2414,2414,2414,2414,2414,2414,2414,2414,2414,2414,2414,
size:17
[agent] id:3
path:3141,3034,3035,3036,3037,3038,3039,3040,3041,3042,3043,3044,3045,3046,3047,3048,3049,3050,3050,3050,3050,3050,3050,3050,3050,3050,3050,3050,3050,3050,3050,3050,3050,3050,3050,3050,3050,3050,3050,3050,3050,3050,3050,3050,3050,3050,3050,3050,3050,3050,3050,3050,3050,3050,3050,3050,3050,3050,3050,3050,3050,3050,3050,3050,3050,3050,3050,3050,3050,3050,3050,3050,3050,3050,3050,3050,3050,3050,3050,3050,3050,3050,
goal:3050,3050,3050,3050,3050,3050,3050,3050,3050,3050,3050,3050,3050,3050,3050,3050,3050,3050,3050,3050,3050,3050,3050,3050,3050,3050,3050,3050,3050,3050,3050,3050,3050,3050,3050,3050,3050,3050,3050,3050,3050,3050,3050,3050,3050,3050,3050,3050,3050,3050,3050,3050,3050,3050,3050,3050,3050,3050,3050,3050,3050,3050,3050,3050,3050,3050,3050,3050,3050,3050,3050,3050,3050,3050,3050,3050,3050,3050,3050,3050,3050,3050,
size:17
[agent] id:4
path:1462,1569,1676,1783,1890,1997,2104,2211,2318,2425,2532,2639,2746,2853,2960,3067,3174,3281,3388,3495,3495,3495,3495,3495,3495,3495,3495,3495,3495,3495,3495,3495,3495,3495,3495,3495,3495,3495,3495,3495,3495,3495,3495,3495,3495,3495,3495,3495,3495,3495,3495,3495,3495,3495,3495,3495,3495,3495,3495,3495,3495,3495,3495,3495,3495,3495,3495,3495,3495,3495,3495,3495,3495,3495,3495,3495,3495,3495,3495,3495,3495,3495,
goal:3495,3495,3495,3495,3495,3495,3495,3495,3495,3495,3495,3495,3495,3495,3495,3495,3495,3495,3495,3495,3495,3495,3495,3495,3495,3495,3495,3495,3495,3495,3495,3495,3495,3495,3495,3495,3495,3495,3495,3495,3495,3495,3495,3495,3495,3495,3495,3495,3495,3495,3495,3495,3495,3495,3495,3495,3495,3495,3495,3495,3495,3495,3495,3495,3495,3495,3495,3495,3495,3495,3495,3495,3495,3495,3495,3495,3495,3495,3495,3495,3495,3495,
size:19
[agent] id:5
path:1115,1222,1329,1436,1437,1544,1651,1758,1865,1972,2079,2186,2293,2400,2507,2506,2505,2504,2503,2502,2501,2500,2499,2498,2497,2496,2495,2494,2493,2492,2491,2490,2489,2488,2487,2486,2485,2484,2483,2482,2481,2480,2479,2478,2477,2476,2475,2474,2581,2688,2795,2902,3009,3008,3115,3114,3113,3112,3111,3110,3109,3109,3109,3109,3109,3109,3109,3109,3109,3109,3109,3109,3109,3109,3109,3109,3109,3109,3109,3109,3109,3109,
goal:3109,3109,3109,3109,3109,3109,3109,3109,3109,3109,3109,3109,3109,3109,3109,3109,3109,3109,3109,3109,3109,3109,3109,3109,3109,3109,3109,3109,3109,3109,3109,3109,3109,3109,3109,3109,3109,3109,3109,3109,3109,3109,3109,3109,3109,3109,3109,3109,3109,3109,3109,3109,3109,3109,3109,3109,3109,3109,3109,3109,3109,3109,3109,3109,3109,3109,3109,3109,3109,3109,3109,3109,3109,3109,3109,3109,3109,3109,3109,3109,3109,3109,
size:60
[agent] id:6
path:3115,3008,2901,2794,2687,2580,2473,2366,2367,2368,2369,2370,2371,2264,2157,2158,2159,2160,2161,2162,2163,2164,2165,2166,2167,2168,2169,2170,2171,2172,2173,2174,2175,2176,2177,2178,2179,2180,2181,2182,2183,2184,2185,2186,2187,2188,2189,2190,2083,2084,2085,2086,2087,2088,2089,2090,2091,2092,2093,2094,2095,2096,2097,2098,2099,2100,2100,2100,2100,2100,2100,2100,2100,2100,2100,2100,2100,2100,2100,2100,2100,2100,
goal:2100,2100,2100,2100,2100,2100,2100,2100,2100,2100,2100,2100,2100,2100,2100,2100,2100,2100,2100,2100,2100,2100,2100,2100,2100,2100,2100,2100,2100,2100,2100,2100,2100,2100,2100,2100,2100,2100,2100,2100,2100,2100,2100,2100,2100,2100,2100,2100,2100,2100,2100,2100,2100,2100,2100,2100,2100,2100,2100,2100,2100,2100,2100,2100,2100,2100,2100,2100,2100,2100,2100,2100,2100,2100,2100,2100,2100,2100,2100,2100,2100,2100,
size:65
[agent] id:7
path:2447,2554,2661,2660,2767,2874,2981,3088,3195,3302,3302,3302,3302,3302,3302,3302,3302,3302,3302,3302,3302,3302,3302,3302,3302,3302,3302,3302,3302,3302,3302,3302,3302,3302,3302,3302,3302,3302,3302,3302,3302,3302,3302,3302,3302,3302,3302,3302,3302,3302,3302,3302,3302,3302,3302,3302,3302,3302,3302,3302,3302,3302,3302,3302,3302,3302,3302,3302,3302,3302,3302,3302,3302,3302,3302,3302,3302,3302,3302,3302,3302,3302,
goal:3302,3302,3302,3302,3302,3302,3302,3302,3302,3302,3302,3302,3302,3302,3302,3302,3302,3302,3302,3302,3302,3302,3302,3302,3302,3302,3302,3302,3302,3302,3302,3302,3302,3302,3302,3302,3302,3302,3302,3302,3302,3302,3302,3302,3302,3302,3302,3302,3302,3302,3302,3302,3302,3302,3302,3302,3302,3302,3302,3302,3302,3302,3302,3302,3302,3302,3302,3302,3302,3302,3302,3302,3302,3302,3302,3302,3302,3302,3302,3302,3302,3302,
size:9
[agent] id:8
path:1206,1313,1312,1419,1418,1417,1416,1415,1414,1521,1628,1735,1842,1949,2056,2163,2270,2377,2378,2379,2380,2381,2382,2383,2384,2385,2386,2387,2494,2495,2496,2497,2498,2499,2500,2501,2502,2503,2504,2505,2506,2507,2508,2509,2510,2511,2512,2513,2514,2515,2516,2517,2518,2519,2520,2521,2522,2523,2524,2525,2526,2527,2528,2529,2530,2531,2532,2533,2534,2535,2536,2537,2538,2539,2540,2541,2542,2542,2542,2542,2542,2542,
goal:2542,2542,2542,2542,2542,2542,2542,2542,2542,2542,2542,2542,2542,2542,2542,2542,2542,2542,2542,2542,2542,2542,2542,2542,2542,2542,2542,2542,2542,2542,2542,2542,2542,2542,2542,2542,2542,2542,2542,2542,2542,2542,2542,2542,2542,2542,2542,2542,2542,2542,2542,2542,2542,2542,2542,2542,2542,2542,2542,2542,2542,2542,2542,2542,2542,2542,2542,2542,2542,2542,2542,2542,2542,2542,2542,2542,2542,2542,2542,2542,2542,2542,
size:76
[agent] id:9
path:2012,2119,2226,2333,2440,2547,2654,2761,2868,2975,2974,2973,2972,2971,2970,2969,2968,2967,2966,2965,2964,2963,2962,2961,2960,2959,2958,2957,2956,2955,2954,2953,2952,2951,2950,2949,2948,2947,2946,2945,2944,2943,2942,3049,3048,3047,3046,3045,3044,3043,3042,3041,3040,3039,3038,3037,3036,3035,3034,3033,3032,3031,3030,3029,3028,3027,3026,3025,3024,3131,3238,3345,3344,3343,3342,3341,3340,3447,3554,3661,3768,3769,
goal:3769,3769,3769,3769,3769,3769,3769,3769,3769,3769,3769,3769,3769,3769,3769,3769,3769,3769,3769,3769,3769,3769,3769,3769,3769,3769,3769,3769,3769,3769,3769,3769,3769,3769,3769,3769,3769,3769,3769,3769,3769,3769,3769,3769,3769,3769,3769,3769,3769,3769,3769,3769,3769,3769,3769,3769,3769,3769,3769,3769,3769,3769,3769,3769,3769,3769,3769,3769,3769,3769,3769,3769,3769,3769,3769,3769,3769,3769,3769,3769,3769,3769,
size:81
SolutionCost:451
