[setting] seed:99
[solver] type:ECBS
[solver] w:3.000000
[solver] ID:0
[solver] Lowlevelnode:40937
[solver] solved:1
[solver] elapsed:1292
[solver] makespan:71
[problem] timesteplimit:10000
[problem] type:MAPF
[problem] agentnum:10
[graph] width:107
[graph] height:47
[graph] filename:./map/orz601d.map
[task] id:5,start:0,end:0,service time:0,nodes:3062,
[task] id:9,start:0,end:0,service time:0,nodes:2542,
[task] id:7,start:0,end:0,service time:0,nodes:3127,
[task] id:8,start:0,end:0,service time:0,nodes:2972,
[task] id:3,start:0,end:0,service time:0,nodes:2373,
[task] id:1,start:0,end:0,service time:0,nodes:2530,
[task] id:0,start:0,end:0,service time:0,nodes:4567,
[task] id:4,start:0,end:0,service time:0,nodes:801,
[task] id:2,start:0,end:0,service time:0,nodes:3812,
[task] id:6,start:0,end:0,service time:0,nodes:2040,
[agent] id:0
path:2813,2920,2921,2922,2923,2924,2925,2926,2927,2928,2929,2930,2931,2932,2933,2934,2935,2936,2937,2938,2939,2940,2941,2942,2943,2944,2945,2946,2947,2948,2949,2950,2951,2952,2953,2954,2955,2956,3063,3170,3171,3172,3173,3280,3387,3494,3601,3708,3815,3922,4029,4136,4243,4350,4457,4458,4459,4460,4567,4567,4567,4567,4567,4567,4567,4567,4567,4567,4567,4567,4567,4567,
goal:4567,4567,4567,4567,4567,4567,4567,4567,4567,4567,4567,4567,4567,4567,4567,4567,4567,4567,4567,4567,4567,4567,4567,4567,4567,4567,4567,4567,4567,4567,4567,4567,4567,4567,4567,4567,4567,4567,4567,4567,4567,4567,4567,4567,4567,4567,4567,4567,4567,4567,4567,4567,4567,4567,4567,4567,4567,4567,4567,4567,4567,4567,4567,4567,4567,4567,4567,4567,4567,4567,4567,4567,
size:58
[agent] id:1
path:690,797,904,1011,1118,1225,1332,1439,1438,1545,1652,1759,1866,1973,2080,2187,2294,2401,2508,2509,2510,2511,2512,2513,2514,2515,2516,2517,2518,2519,2520,2521,2522,2523,2524,2525,2526,2527,2528,2529,2530,2530,2530,2530,2530,2530,2530,2530,2530,2530,2530,2530,2530,2530,2530,2530,2530,2530,2530,2530,2530,2530,2530,2530,2530,2530,2530,2530,2530,2530,2530,2530,
goal:2530,2530,2530,2530,2530,2530,2530,2530,2530,2530,2530,2530,2530,2530,2530,2530,2530,2530,2530,2530,2530,2530,2530,2530,2530,2530,2530,2530,2530,2530,2530,2530,2530,2530,2530,2530,2530,2530,2530,2530,2530,2530,2530,2530,2530,2530,2530,2530,2530,2530,2530,2530,2530,2530,2530,2530,2530,2530,2530,2530,2530,2530,2530,2530,2530,2530,2530,2530,2530,2530,2530,2530,
size:40
[agent] id:2
path:3336,3229,3122,3015,3016,3017,3018,3019,3020,3021,3022,3023,3024,3025,3026,3027,3028,3029,3030,3031,3032,3033,3034,3035,3036,3037,3038,3039,3040,3041,3042,3043,3044,3045,3046,3047,3048,3049,3050,3051,3052,3053,3054,3055,3056,3057,3058,3059,3060,3061,2954,2955,2956,3063,3170,3171,3172,3173,3280,3387,3494,3601,3708,3815,3814,3813,3812,3812,3812,3812,3812,3812,
goal:3812,3812,3812,3812,3812,3812,3812,3812,3812,3812,3812,3812,3812,3812,3812,3812,3812,3812,3812,3812,3812,3812,3812,3812,3812,3812,3812,3812,3812,3812,3812,3812,3812,3812,3812,3812,3812,3812,3812,3812,3812,3812,3812,3812,3812,3812,3812,3812,3812,3812,3812,3812,3812,3812,3812,3812,3812,3812,3812,3812,3812,3812,3812,3812,3812,3812,3812,3812,3812,3812,3812,3812,
size:66
[agent] id:3
path:1652,1759,1866,1973,2080,2187,2294,2401,2400,2399,2398,2397,2396,2395,2394,2393,2392,2391,2390,2389,2388,2387,2386,2385,2384,2383,2382,2381,2380,2379,2378,2377,2376,2375,2374,2373,2373,2373,2373,2373,2373,2373,2373,2373,2373,2373,2373,2373,2373,2373,2373,2373,2373,2373,2373,2373,2373,2373,2373,2373,2373,2373,2373,2373,2373,2373,2373,2373,2373,2373,2373,2373,
goal:2373,2373,2373,2373,2373,2373,2373,2373,2373,2373,2373,2373,2373,2373,2373,2373,2373,2373,2373,2373,2373,2373,2373,2373,2373,2373,2373,2373,2373,2373,2373,2373,2373,2373,2373,2373,2373,2373,2373,2373,2373,2373,2373,2373,2373,2373,2373,2373,2373,2373,2373,2373,2373,2373,2373,2373,2373,2373,2373,2373,2373,2373,2373,2373,2373,2373,2373,2373,2373,2373,2373,2373,
size:35
[agent] id:4
path:3077,2970,2863,2756,2649,2542,2435,2328,2221,2114,2007,2006,2005,2004,2003,2002,2001,2000,1999,1998,1997,1996,1995,1994,1993,1992,1991,1990,1989,1988,1987,1986,1985,1984,1983,1982,1981,1980,1979,1978,1871,1870,1869,1868,1867,1866,1759,1652,1545,1438,1331,1224,1117,1010,903,796,797,798,799,800,801,801,801,801,801,801,801,801,801,801,801,801,
goal:801,801,801,801,801,801,801,801,801,801,801,801,801,801,801,801,801,801,801,801,801,801,801,801,801,801,801,801,801,801,801,801,801,801,801,801,801,801,801,801,801,801,801,801,801,801,801,801,801,801,801,801,801,801,801,801,801,801,801,801,801,801,801,801,801,801,801,801,801,801,801,801,
size:60
[agent] id:5
path:2949,3056,3057,3058,3059,3060,3061,3062,3062,3062,3062,3062,3062,3062,3062,3062,3062,3062,3062,3062,3062,3062,3062,3062,3062,3062,3062,3062,3062,3062,3062,3062,3062,3062,3062,3062,3062,3062,3062,3062,3062,3062,3062,3062,3062,3062,3062,3062,3062,3062,3062,3062,3062,3062,3062,3062,3062,3062,3062,3062,3062,3062,3062,3062,3062,3062,3062,3062,3062,3062,3062,3062,
goal:3062,3062,3062,3062,3062,3062,3062,3062,3062,3062,3062,3062,3062,3062,3062,3062,3062,3062,3062,3062,3062,3062,3062,3062,3062,3062,3062,3062,3062,3062,3062,3062,3062,3062,3062,3062,3062,3062,3062,3062,3062,3062,3062,3062,3062,3062,3062,3062,3062,3062,3062,3062,3062,3062,3062,3062,3062,3062,3062,3062,3062,3062,3062,3062,3062,3062,3062,3062,3062,3062,3062,3062,
size:7
[agent] id:6
path:2959,2852,2745,2638,2637,2636,2635,2634,2633,2632,2631,2630,2629,2628,2627,2626,2625,2624,2623,2622,2621,2620,2619,2618,2511,2510,2509,2508,2507,2506,2505,2504,2503,2502,2501,2500,2499,2498,2497,2496,2495,2494,2493,2492,2491,2490,2489,2488,2487,2486,2485,2484,2483,2482,2481,2480,2479,2372,2371,2370,2369,2368,2367,2260,2153,2046,2045,2044,2043,2042,2041,2040,
goal:2040,2040,2040,2040,2040,2040,2040,2040,2040,2040,2040,2040,2040,2040,2040,2040,2040,2040,2040,2040,2040,2040,2040,2040,2040,2040,2040,2040,2040,2040,2040,2040,2040,2040,2040,2040,2040,2040,2040,2040,2040,2040,2040,2040,2040,2040,2040,2040,2040,2040,2040,2040,2040,2040,2040,2040,2040,2040,2040,2040,2040,2040,2040,2040,2040,2040,2040,2040,2040,2040,2040,2040,
size:71
[agent] id:7
path:2063,2170,2277,2384,2491,2598,2705,2812,2919,3026,3025,3024,3131,3130,3129,3128,3127,3127,3127,3127,3127,3127,3127,3127,3127,3127,3127,3127,3127,3127,3127,3127,3127,3127,3127,3127,3127,3127,3127,3127,3127,3127,3127,3127,3127,3127,3127,3127,3127,3127,3127,3127,3127,3127,3127,3127,3127,3127,3127,3127,3127,3127,3127,3127,3127,3127,3127,3127,3127,3127,3127,3127,
goal:3127,3127,3127,3127,3127,3127,3127,3127,3127,3127,3127,3127,3127,3127,3127,3127,3127,3127,3127,3127,3127,3127,3127,3127,3127,3127,3127,3127,3127,3127,3127,3127,3127,3127,3127,3127,3127,3127,3127,3127,3127,3127,3127,3127,3127,3127,3127,3127,3127,3127,3127,3127,3127,3127,3127,3127,3127,3127,3127,3127,3127,3127,3127,3127,3127,3127,3127,3127,3127,3127,3127,3127,
size:16
[agent] id:8
path:2520,2627,2734,2841,2948,2949,2950,2951,2952,2953,2954,2955,2956,2957,2958,2959,2960,2961,2962,2963,2964,2965,2966,2967,2968,2969,2970,2971,2972,2972,2972,2972,2972,2972,2972,2972,2972,2972,2972,2972,2972,2972,2972,2972,2972,2972,2972,2972,2972,2972,2972,2972,2972,2972,2972,2972,2972,2972,2972,2972,2972,2972,2972,2972,2972,2972,2972,2972,2972,2972,2972,2972,
goal:2972,2972,2972,2972,2972,2972,2972,2972,2972,2972,2972,2972,2972,2972,2972,2972,2972,2972,2972,2972,2972,2972,2972,2972,2972,2972,2972,2972,2972,2972,2972,2972,2972,2972,2972,2972,2972,2972,2972,2972,2972,2972,2972,2972,2972,2972,2972,2972,2972,2972,2972,2972,2972,2972,2972,2972,2972,2972,2972,2972,2972,2972,2972,2972,2972,2972,2972,2972,2972,2972,2972,2972,
size:28
[agent] id:9
path:2002,2109,2216,2323,2430,2537,2538,2539,2540,2541,2542,2542,2542,2542,2542,2542,2542,2542,2542,2542,2542,2542,2542,2542,2542,2542,2542,2542,2542,2542,2542,2542,2542,2542,2542,2542,2542,2542,2542,2542,2542,2542,2542,2542,2542,2542,2542,2542,2542,2542,2542,2542,2542,2542,2542,2542,2542,2542,2542,2542,2542,2542,2542,2542,2542,2542,2542,2542,2542,2542,2542,2542,
goal:2542,2542,2542,2542,2542,2542,2542,2542,2542,2542,2542,2542,2542,2542,2542,2542,2542,2542,2542,2542,2542,2542,2542,2542,2542,2542,2542,2542,2542,2542,2542,2542,2542,2542,2542,2542,2542,2542,2542,2542,2542,2542,2542,2542,2542,2542,2542,2542,2542,2542,2542,2542,2542,2542,2542,2542,2542,2542,2542,2542,2542,2542,2542,2542,2542,2542,2542,2542,2542,2542,2542,2542,
size:10
SolutionCost:391
