[setting] seed:67
[solver] type:ECBS
[solver] w:3.000000
[solver] ID:0
[solver] Lowlevelnode:25001
[solver] solved:1
[solver] elapsed:34
[solver] makespan:89
[problem] timesteplimit:10000
[problem] type:MAPF
[problem] agentnum:10
[graph] width:107
[graph] height:47
[graph] filename:./map/orz601d.map
[task] id:1,start:0,end:0,service time:0,nodes:2151,
[task] id:9,start:0,end:0,service time:0,nodes:2537,
[task] id:0,start:0,end:0,service time:0,nodes:2587,
[task] id:4,start:0,end:0,service time:0,nodes:2623,
[task] id:2,start:0,end:0,service time:0,nodes:2975,
[task] id:8,start:0,end:0,service time:0,nodes:2657,
[task] id:6,start:0,end:0,service time:0,nodes:801,
[task] id:3,start:0,end:0,service time:0,nodes:3110,
[task] id:5,start:0,end:0,service time:0,nodes:659,
[task] id:7,start:0,end:0,service time:0,nodes:2795,
[agent] id:0
path:2489,2596,2595,2594,2593,2592,2591,2590,2589,2588,2587,2587,2587,2587,2587,2587,2587,2587,2587,2587,2587,2587,2587,2587,2587,2587,2587,2587,2587,2587,2587,2587,2587,2587,2587,2587,2587,2587,2587,2587,2587,2587,2587,2587,2587,2587,2587,2587,2587,2587,2587,2587,2587,2587,2587,2587,2587,2587,2587,2587,2587,2587,2587,2587,2587,2587,2587,2587,2587,2587,2587,2587,2587,2587,2587,2587,2587,2587,2587,2587,2587,2587,2587,2587,2587,2587,2587,2587,2587,2587,
goal:2587,2587,2587,2587,2587,2587,2587,2587,2587,2587,2587,2587,2587,2587,2587,2587,2587,2587,2587,2587,2587,2587,2587,2587,2587,2587,2587,2587,2587,2587,2587,2587,2587,2587,2587,2587,2587,2587,2587,2587,2587,2587,2587,2587,2587,2587,2587,2587,2587,2587,2587,2587,2587,2587,2587,2587,2587,2587,2587,2587,2587,2587,2587,2587,2587,2587,2587,2587,2587,2587,2587,2587,2587,2587,2587,2587,2587,2587,2587,2587,2587,2587,2587,2587,2587,2587,2587,2587,2587,2587,
size:10
[agent] id:1
path:1831,1938,2045,2152,2151,2151,2151,2151,2151,2151,2151,2151,2151,2151,2151,2151,2151,2151,2151,2151,2151,2151,2151,2151,2151,2151,2151,2151,2151,2151,2151,2151,2151,2151,2151,2151,2151,2151,2151,2151,2151,2151,2151,2151,2151,2151,2151,2151,2151,2151,2151,2151,2151,2151,2151,2151,2151,2151,2151,2151,2151,2151,2151,2151,2151,2151,2151,2151,2151,2151,2151,2151,2151,2151,2151,2151,2151,2151,2151,2151,2151,2151,2151,2151,2151,2151,2151,2151,2151,2151,
goal:2151,2151,2151,2151,2151,2151,2151,2151,2151,2151,2151,2151,2151,2151,2151,2151,2151,2151,2151,2151,2151,2151,2151,2151,2151,2151,2151,2151,2151,2151,2151,2151,2151,2151,2151,2151,2151,2151,2151,2151,2151,2151,2151,2151,2151,2151,2151,2151,2151,2151,2151,2151,2151,2151,2151,2151,2151,2151,2151,2151,2151,2151,2151,2151,2151,2151,2151,2151,2151,2151,2151,2151,2151,2151,2151,2151,2151,2151,2151,2151,2151,2151,2151,2151,2151,2151,2151,2151,2151,2151,
size:4
[agent] id:2
path:4238,4131,4024,3917,3810,3703,3596,3597,3598,3599,3600,3601,3494,3387,3280,3173,3066,2959,2960,2961,2962,2963,2964,2965,2966,2967,2968,2969,2970,2971,2972,2973,2974,2975,2975,2975,2975,2975,2975,2975,2975,2975,2975,2975,2975,2975,2975,2975,2975,2975,2975,2975,2975,2975,2975,2975,2975,2975,2975,2975,2975,2975,2975,2975,2975,2975,2975,2975,2975,2975,2975,2975,2975,2975,2975,2975,2975,2975,2975,2975,2975,2975,2975,2975,2975,2975,2975,2975,2975,2975,
goal:2975,2975,2975,2975,2975,2975,2975,2975,2975,2975,2975,2975,2975,2975,2975,2975,2975,2975,2975,2975,2975,2975,2975,2975,2975,2975,2975,2975,2975,2975,2975,2975,2975,2975,2975,2975,2975,2975,2975,2975,2975,2975,2975,2975,2975,2975,2975,2975,2975,2975,2975,2975,2975,2975,2975,2975,2975,2975,2975,2975,2975,2975,2975,2975,2975,2975,2975,2975,2975,2975,2975,2975,2975,2975,2975,2975,2975,2975,2975,2975,2975,2975,2975,2975,2975,2975,2975,2975,2975,2975,
size:33
[agent] id:3
path:1219,1326,1433,1434,1435,1436,1437,1544,1651,1758,1865,1972,2079,2186,2293,2400,2507,2506,2505,2504,2503,2502,2501,2500,2499,2498,2497,2496,2495,2494,2493,2492,2491,2490,2489,2488,2487,2486,2485,2484,2483,2482,2481,2480,2479,2478,2477,2476,2475,2474,2581,2688,2795,2902,3009,3008,3115,3114,3113,3112,3111,3110,3110,3110,3110,3110,3110,3110,3110,3110,3110,3110,3110,3110,3110,3110,3110,3110,3110,3110,3110,3110,3110,3110,3110,3110,3110,3110,3110,3110,
goal:3110,3110,3110,3110,3110,3110,3110,3110,3110,3110,3110,3110,3110,3110,3110,3110,3110,3110,3110,3110,3110,3110,3110,3110,3110,3110,3110,3110,3110,3110,3110,3110,3110,3110,3110,3110,3110,3110,3110,3110,3110,3110,3110,3110,3110,3110,3110,3110,3110,3110,3110,3110,3110,3110,3110,3110,3110,3110,3110,3110,3110,3110,3110,3110,3110,3110,3110,3110,3110,3110,3110,3110,3110,3110,3110,3110,3110,3110,3110,3110,3110,3110,3110,3110,3110,3110,3110,3110,3110,3110,
size:61
[agent] id:4
path:3812,3705,3598,3599,3600,3601,3494,3387,3280,3173,3066,2959,2852,2745,2638,2637,2636,2635,2634,2633,2632,2631,2630,2629,2628,2627,2626,2625,2624,2623,2623,2623,2623,2623,2623,2623,2623,2623,2623,2623,2623,2623,2623,2623,2623,2623,2623,2623,2623,2623,2623,2623,2623,2623,2623,2623,2623,2623,2623,2623,2623,2623,2623,2623,2623,2623,2623,2623,2623,2623,2623,2623,2623,2623,2623,2623,2623,2623,2623,2623,2623,2623,2623,2623,2623,2623,2623,2623,2623,2623,
goal:2623,2623,2623,2623,2623,2623,2623,2623,2623,2623,2623,2623,2623,2623,2623,2623,2623,2623,2623,2623,2623,2623,2623,2623,2623,2623,2623,2623,2623,2623,2623,2623,2623,2623,2623,2623,2623,2623,2623,2623,2623,2623,2623,2623,2623,2623,2623,2623,2623,2623,2623,2623,2623,2623,2623,2623,2623,2623,2623,2623,2623,2623,2623,2623,2623,2623,2623,2623,2623,2623,2623,2623,2623,2623,2623,2623,2623,2623,2623,2623,2623,2623,2623,2623,2623,2623,2623,2623,2623,2623,
size:29
[agent] id:5
path:2538,2431,2324,2217,2110,2003,2002,2001,2000,1999,1998,1997,1996,1995,1994,1993,1992,1991,1990,1989,1988,1987,1986,1985,1984,1983,1982,1981,1980,1979,1978,1977,1976,1975,1974,1973,1972,1971,1970,1969,1968,1967,1966,1965,1964,1963,1962,1961,1960,1959,1958,1957,1956,1955,1954,1847,1846,1845,1844,1843,1842,1735,1628,1521,1414,1307,1200,1093,986,879,772,665,664,663,662,661,660,659,659,659,659,659,659,659,659,659,659,659,659,659,
goal:659,659,659,659,659,659,659,659,659,659,659,659,659,659,659,659,659,659,659,659,659,659,659,659,659,659,659,659,659,659,659,659,659,659,659,659,659,659,659,659,659,659,659,659,659,659,659,659,659,659,659,659,659,659,659,659,659,659,659,659,659,659,659,659,659,659,659,659,659,659,659,659,659,659,659,659,659,659,659,659,659,659,659,659,659,659,659,659,659,659,
size:77
[agent] id:6
path:3235,3128,3021,2914,2807,2700,2593,2486,2379,2272,2165,2058,1951,1952,1953,1954,1955,1956,1957,1958,1959,1960,1961,1962,1963,1964,1965,1966,1967,1860,1861,1862,1863,1864,1865,1758,1651,1544,1437,1330,1223,1116,1009,902,795,796,797,798,799,800,801,801,801,801,801,801,801,801,801,801,801,801,801,801,801,801,801,801,801,801,801,801,801,801,801,801,801,801,801,801,801,801,801,801,801,801,801,801,801,801,
goal:801,801,801,801,801,801,801,801,801,801,801,801,801,801,801,801,801,801,801,801,801,801,801,801,801,801,801,801,801,801,801,801,801,801,801,801,801,801,801,801,801,801,801,801,801,801,801,801,801,801,801,801,801,801,801,801,801,801,801,801,801,801,801,801,801,801,801,801,801,801,801,801,801,801,801,801,801,801,801,801,801,801,801,801,801,801,801,801,801,801,
size:50
[agent] id:7
path:2452,2451,2450,2449,2448,2447,2446,2445,2444,2443,2442,2441,2440,2439,2438,2437,2436,2435,2434,2433,2432,2431,2430,2429,2536,2535,2534,2533,2532,2531,2530,2529,2528,2527,2526,2525,2524,2523,2522,2521,2520,2519,2518,2517,2516,2515,2514,2513,2512,2511,2510,2509,2508,2507,2506,2505,2504,2503,2502,2501,2500,2499,2498,2497,2496,2495,2494,2493,2492,2491,2490,2489,2488,2487,2486,2485,2484,2483,2482,2481,2480,2479,2478,2477,2476,2475,2474,2581,2688,2795,
goal:2795,2795,2795,2795,2795,2795,2795,2795,2795,2795,2795,2795,2795,2795,2795,2795,2795,2795,2795,2795,2795,2795,2795,2795,2795,2795,2795,2795,2795,2795,2795,2795,2795,2795,2795,2795,2795,2795,2795,2795,2795,2795,2795,2795,2795,2795,2795,2795,2795,2795,2795,2795,2795,2795,2795,2795,2795,2795,2795,2795,2795,2795,2795,2795,2795,2795,2795,2795,2795,2795,2795,2795,2795,2795,2795,2795,2795,2795,2795,2795,2795,2795,2795,2795,2795,2795,2795,2795,2795,2795,
size:89
[agent] id:8
path:2725,2726,2727,2728,2729,2730,2731,2732,2733,2734,2735,2736,2737,2738,2739,2740,2741,2742,2635,2636,2637,2638,2639,2640,2641,2642,2643,2644,2645,2646,2647,2648,2649,2650,2651,2652,2653,2654,2655,2656,2657,2657,2657,2657,2657,2657,2657,2657,2657,2657,2657,2657,2657,2657,2657,2657,2657,2657,2657,2657,2657,2657,2657,2657,2657,2657,2657,2657,2657,2657,2657,2657,2657,2657,2657,2657,2657,2657,2657,2657,2657,2657,2657,2657,2657,2657,2657,2657,2657,2657,
goal:2657,2657,2657,2657,2657,2657,2657,2657,2657,2657,2657,2657,2657,2657,2657,2657,2657,2657,2657,2657,2657,2657,2657,2657,2657,2657,2657,2657,2657,2657,2657,2657,2657,2657,2657,2657,2657,2657,2657,2657,2657,2657,2657,2657,2657,2657,2657,2657,2657,2657,2657,2657,2657,2657,2657,2657,2657,2657,2657,2657,2657,2657,2657,2657,2657,2657,2657,2657,2657,2657,2657,2657,2657,2657,2657,2657,2657,2657,2657,2657,2657,2657,2657,2657,2657,2657,2657,2657,2657,2657,
size:40
[agent] id:9
path:2111,2218,2325,2432,2539,2538,2537,2537,2537,2537,2537,2537,2537,2537,2537,2537,2537,2537,2537,2537,2537,2537,2537,2537,2537,2537,2537,2537,2537,2537,2537,2537,2537,2537,2537,2537,2537,2537,2537,2537,2537,2537,2537,2537,2537,2537,2537,2537,2537,2537,2537,2537,2537,2537,2537,2537,2537,2537,2537,2537,2537,2537,2537,2537,2537,2537,2537,2537,2537,2537,2537,2537,2537,2537,2537,2537,2537,2537,2537,2537,2537,2537,2537,2537,2537,2537,2537,2537,2537,2537,
goal:2537,2537,2537,2537,2537,2537,2537,2537,2537,2537,2537,2537,2537,2537,2537,2537,2537,2537,2537,2537,2537,2537,2537,2537,2537,2537,2537,2537,2537,2537,2537,2537,2537,2537,2537,2537,2537,2537,2537,2537,2537,2537,2537,2537,2537,2537,2537,2537,2537,2537,2537,2537,2537,2537,2537,2537,2537,2537,2537,2537,2537,2537,2537,2537,2537,2537,2537,2537,2537,2537,2537,2537,2537,2537,2537,2537,2537,2537,2537,2537,2537,2537,2537,2537,2537,2537,2537,2537,2537,2537,
size:6
SolutionCost:399
