[setting] seed:98
[solver] type:ECBS
[solver] w:3.000000
[solver] ID:0
[solver] Lowlevelnode:730
[solver] solved:1
[solver] elapsed:13
[solver] makespan:85
[problem] timesteplimit:10000
[problem] type:MAPF
[problem] agentnum:10
[graph] width:107
[graph] height:47
[graph] filename:./map/orz601d.map
[task] id:0,start:0,end:0,service time:0,nodes:2161,
[task] id:3,start:0,end:0,service time:0,nodes:3115,
[task] id:4,start:0,end:0,service time:0,nodes:3162,
[task] id:7,start:0,end:0,service time:0,nodes:496,
[task] id:5,start:0,end:0,service time:0,nodes:2381,
[task] id:2,start:0,end:0,service time:0,nodes:2277,
[task] id:9,start:0,end:0,service time:0,nodes:3236,
[task] id:1,start:0,end:0,service time:0,nodes:2807,
[task] id:6,start:0,end:0,service time:0,nodes:2626,
[task] id:8,start:0,end:0,service time:0,nodes:3930,
[agent] id:0
path:2053,2160,2161,2161,2161,2161,2161,2161,2161,2161,2161,2161,2161,2161,2161,2161,2161,2161,2161,2161,2161,2161,2161,2161,2161,2161,2161,2161,2161,2161,2161,2161,2161,2161,2161,2161,2161,2161,2161,2161,2161,2161,2161,2161,2161,2161,2161,2161,2161,2161,2161,2161,2161,2161,2161,2161,2161,2161,2161,2161,2161,2161,2161,2161,2161,2161,2161,2161,2161,2161,2161,2161,2161,2161,2161,2161,2161,2161,2161,2161,2161,2161,2161,2161,2161,2161,
goal:2161,2161,2161,2161,2161,2161,2161,2161,2161,2161,2161,2161,2161,2161,2161,2161,2161,2161,2161,2161,2161,2161,2161,2161,2161,2161,2161,2161,2161,2161,2161,2161,2161,2161,2161,2161,2161,2161,2161,2161,2161,2161,2161,2161,2161,2161,2161,2161,2161,2161,2161,2161,2161,2161,2161,2161,2161,2161,2161,2161,2161,2161,2161,2161,2161,2161,2161,2161,2161,2161,2161,2161,2161,2161,2161,2161,2161,2161,2161,2161,2161,2161,2161,2161,2161,2161,
size:2
[agent] id:1
path:3922,3815,3708,3601,3494,3387,3280,3173,3066,2959,2852,2851,2850,2849,2848,2847,2846,2845,2844,2843,2842,2841,2840,2839,2838,2837,2836,2835,2834,2833,2832,2831,2830,2829,2828,2827,2826,2825,2824,2823,2822,2821,2820,2819,2818,2817,2816,2815,2814,2813,2812,2811,2810,2809,2808,2807,2807,2807,2807,2807,2807,2807,2807,2807,2807,2807,2807,2807,2807,2807,2807,2807,2807,2807,2807,2807,2807,2807,2807,2807,2807,2807,2807,2807,2807,2807,
goal:2807,2807,2807,2807,2807,2807,2807,2807,2807,2807,2807,2807,2807,2807,2807,2807,2807,2807,2807,2807,2807,2807,2807,2807,2807,2807,2807,2807,2807,2807,2807,2807,2807,2807,2807,2807,2807,2807,2807,2807,2807,2807,2807,2807,2807,2807,2807,2807,2807,2807,2807,2807,2807,2807,2807,2807,2807,2807,2807,2807,2807,2807,2807,2807,2807,2807,2807,2807,2807,2807,2807,2807,2807,2807,2807,2807,2807,2807,2807,2807,2807,2807,2807,2807,2807,2807,
size:55
[agent] id:2
path:554,661,768,875,982,1089,1196,1303,1410,1411,1412,1413,1520,1627,1734,1841,1948,2055,2162,2269,2270,2271,2272,2273,2274,2275,2276,2277,2277,2277,2277,2277,2277,2277,2277,2277,2277,2277,2277,2277,2277,2277,2277,2277,2277,2277,2277,2277,2277,2277,2277,2277,2277,2277,2277,2277,2277,2277,2277,2277,2277,2277,2277,2277,2277,2277,2277,2277,2277,2277,2277,2277,2277,2277,2277,2277,2277,2277,2277,2277,2277,2277,2277,2277,2277,2277,
goal:2277,2277,2277,2277,2277,2277,2277,2277,2277,2277,2277,2277,2277,2277,2277,2277,2277,2277,2277,2277,2277,2277,2277,2277,2277,2277,2277,2277,2277,2277,2277,2277,2277,2277,2277,2277,2277,2277,2277,2277,2277,2277,2277,2277,2277,2277,2277,2277,2277,2277,2277,2277,2277,2277,2277,2277,2277,2277,2277,2277,2277,2277,2277,2277,2277,2277,2277,2277,2277,2277,2277,2277,2277,2277,2277,2277,2277,2277,2277,2277,2277,2277,2277,2277,2277,2277,
size:27
[agent] id:3
path:2255,2362,2469,2576,2683,2790,2897,3004,3111,3112,3113,3114,3115,3115,3115,3115,3115,3115,3115,3115,3115,3115,3115,3115,3115,3115,3115,3115,3115,3115,3115,3115,3115,3115,3115,3115,3115,3115,3115,3115,3115,3115,3115,3115,3115,3115,3115,3115,3115,3115,3115,3115,3115,3115,3115,3115,3115,3115,3115,3115,3115,3115,3115,3115,3115,3115,3115,3115,3115,3115,3115,3115,3115,3115,3115,3115,3115,3115,3115,3115,3115,3115,3115,3115,3115,3115,
goal:3115,3115,3115,3115,3115,3115,3115,3115,3115,3115,3115,3115,3115,3115,3115,3115,3115,3115,3115,3115,3115,3115,3115,3115,3115,3115,3115,3115,3115,3115,3115,3115,3115,3115,3115,3115,3115,3115,3115,3115,3115,3115,3115,3115,3115,3115,3115,3115,3115,3115,3115,3115,3115,3115,3115,3115,3115,3115,3115,3115,3115,3115,3115,3115,3115,3115,3115,3115,3115,3115,3115,3115,3115,3115,3115,3115,3115,3115,3115,3115,3115,3115,3115,3115,3115,3115,
size:12
[agent] id:4
path:1983,2090,2197,2304,2411,2518,2625,2732,2839,2946,3053,3160,3161,3162,3162,3162,3162,3162,3162,3162,3162,3162,3162,3162,3162,3162,3162,3162,3162,3162,3162,3162,3162,3162,3162,3162,3162,3162,3162,3162,3162,3162,3162,3162,3162,3162,3162,3162,3162,3162,3162,3162,3162,3162,3162,3162,3162,3162,3162,3162,3162,3162,3162,3162,3162,3162,3162,3162,3162,3162,3162,3162,3162,3162,3162,3162,3162,3162,3162,3162,3162,3162,3162,3162,3162,3162,
goal:3162,3162,3162,3162,3162,3162,3162,3162,3162,3162,3162,3162,3162,3162,3162,3162,3162,3162,3162,3162,3162,3162,3162,3162,3162,3162,3162,3162,3162,3162,3162,3162,3162,3162,3162,3162,3162,3162,3162,3162,3162,3162,3162,3162,3162,3162,3162,3162,3162,3162,3162,3162,3162,3162,3162,3162,3162,3162,3162,3162,3162,3162,3162,3162,3162,3162,3162,3162,3162,3162,3162,3162,3162,3162,3162,3162,3162,3162,3162,3162,3162,3162,3162,3162,3162,3162,
size:13
[agent] id:5
path:880,987,1094,1201,1308,1415,1414,1521,1628,1735,1842,1949,2056,2163,2270,2377,2378,2379,2380,2381,2381,2381,2381,2381,2381,2381,2381,2381,2381,2381,2381,2381,2381,2381,2381,2381,2381,2381,2381,2381,2381,2381,2381,2381,2381,2381,2381,2381,2381,2381,2381,2381,2381,2381,2381,2381,2381,2381,2381,2381,2381,2381,2381,2381,2381,2381,2381,2381,2381,2381,2381,2381,2381,2381,2381,2381,2381,2381,2381,2381,2381,2381,2381,2381,2381,2381,
goal:2381,2381,2381,2381,2381,2381,2381,2381,2381,2381,2381,2381,2381,2381,2381,2381,2381,2381,2381,2381,2381,2381,2381,2381,2381,2381,2381,2381,2381,2381,2381,2381,2381,2381,2381,2381,2381,2381,2381,2381,2381,2381,2381,2381,2381,2381,2381,2381,2381,2381,2381,2381,2381,2381,2381,2381,2381,2381,2381,2381,2381,2381,2381,2381,2381,2381,2381,2381,2381,2381,2381,2381,2381,2381,2381,2381,2381,2381,2381,2381,2381,2381,2381,2381,2381,2381,
size:19
[agent] id:6
path:659,766,873,980,1087,1194,1301,1302,1409,1410,1411,1412,1413,1520,1627,1734,1841,1948,2055,2162,2269,2376,2483,2590,2591,2592,2593,2594,2595,2596,2597,2598,2599,2600,2601,2602,2603,2604,2605,2606,2607,2608,2609,2610,2611,2612,2613,2614,2615,2616,2617,2618,2619,2620,2621,2622,2623,2624,2625,2626,2626,2626,2626,2626,2626,2626,2626,2626,2626,2626,2626,2626,2626,2626,2626,2626,2626,2626,2626,2626,2626,2626,2626,2626,2626,2626,
goal:2626,2626,2626,2626,2626,2626,2626,2626,2626,2626,2626,2626,2626,2626,2626,2626,2626,2626,2626,2626,2626,2626,2626,2626,2626,2626,2626,2626,2626,2626,2626,2626,2626,2626,2626,2626,2626,2626,2626,2626,2626,2626,2626,2626,2626,2626,2626,2626,2626,2626,2626,2626,2626,2626,2626,2626,2626,2626,2626,2626,2626,2626,2626,2626,2626,2626,2626,2626,2626,2626,2626,2626,2626,2626,2626,2626,2626,2626,2626,2626,2626,2626,2626,2626,2626,2626,
size:59
[agent] id:7
path:1994,1887,1888,1889,1782,1675,1568,1461,1354,1247,1140,1033,926,819,712,605,498,497,496,496,496,496,496,496,496,496,496,496,496,496,496,496,496,496,496,496,496,496,496,496,496,496,496,496,496,496,496,496,496,496,496,496,496,496,496,496,496,496,496,496,496,496,496,496,496,496,496,496,496,496,496,496,496,496,496,496,496,496,496,496,496,496,496,496,496,496,
goal:496,496,496,496,496,496,496,496,496,496,496,496,496,496,496,496,496,496,496,496,496,496,496,496,496,496,496,496,496,496,496,496,496,496,496,496,496,496,496,496,496,496,496,496,496,496,496,496,496,496,496,496,496,496,496,496,496,496,496,496,496,496,496,496,496,496,496,496,496,496,496,496,496,496,496,496,496,496,496,496,496,496,496,496,496,496,
size:18
[agent] id:8
path:2575,2576,2577,2578,2579,2580,2581,2474,2475,2476,2477,2478,2585,2692,2799,2906,3013,3014,3015,3016,3017,3018,3019,3020,3021,3022,3023,3024,3025,3026,3027,3028,3029,3030,3031,3032,3033,3034,3035,3036,3037,3038,3039,3040,3041,3042,3043,3044,3045,3046,3047,3048,3049,3050,3051,3052,3053,3054,3055,3056,3057,3058,3059,3060,3061,3062,3169,3170,3171,3172,3173,3280,3387,3494,3601,3708,3815,3922,3923,3924,3925,3926,3927,3928,3929,3930,
goal:3930,3930,3930,3930,3930,3930,3930,3930,3930,3930,3930,3930,3930,3930,3930,3930,3930,3930,3930,3930,3930,3930,3930,3930,3930,3930,3930,3930,3930,3930,3930,3930,3930,3930,3930,3930,3930,3930,3930,3930,3930,3930,3930,3930,3930,3930,3930,3930,3930,3930,3930,3930,3930,3930,3930,3930,3930,3930,3930,3930,3930,3930,3930,3930,3930,3930,3930,3930,3930,3930,3930,3930,3930,3930,3930,3930,3930,3930,3930,3930,3930,3930,3930,3930,3930,3930,
size:85
[agent] id:9
path:2416,2523,2630,2737,2844,2951,2950,2949,2948,2947,2946,2945,2944,2943,2942,2941,2940,2939,2938,2937,2936,2935,2934,2933,2932,2931,2930,2929,2928,2927,2926,2925,2924,2923,3030,3029,3028,3027,3026,3025,3024,3131,3238,3237,3236,3236,3236,3236,3236,3236,3236,3236,3236,3236,3236,3236,3236,3236,3236,3236,3236,3236,3236,3236,3236,3236,3236,3236,3236,3236,3236,3236,3236,3236,3236,3236,3236,3236,3236,3236,3236,3236,3236,3236,3236,3236,
goal:3236,3236,3236,3236,3236,3236,3236,3236,3236,3236,3236,3236,3236,3236,3236,3236,3236,3236,3236,3236,3236,3236,3236,3236,3236,3236,3236,3236,3236,3236,3236,3236,3236,3236,3236,3236,3236,3236,3236,3236,3236,3236,3236,3236,3236,3236,3236,3236,3236,3236,3236,3236,3236,3236,3236,3236,3236,3236,3236,3236,3236,3236,3236,3236,3236,3236,3236,3236,3236,3236,3236,3236,3236,3236,3236,3236,3236,3236,3236,3236,3236,3236,3236,3236,3236,3236,
size:44
SolutionCost:334
