[setting] seed:49
[solver] type:ECBS
[solver] w:3.000000
[solver] ID:0
[solver] Lowlevelnode:107969
[solver] solved:1
[solver] elapsed:1112
[solver] makespan:107
[problem] timesteplimit:10000
[problem] type:MAPF
[problem] agentnum:30
[graph] width:107
[graph] height:47
[graph] filename:./map/orz601d.map
[task] id:17,start:0,end:0,service time:0,nodes:2413,
[task] id:18,start:0,end:0,service time:0,nodes:660,
[task] id:2,start:0,end:0,service time:0,nodes:3039,
[task] id:21,start:0,end:0,service time:0,nodes:4200,
[task] id:29,start:0,end:0,service time:0,nodes:4196,
[task] id:22,start:0,end:0,service time:0,nodes:1846,
[task] id:27,start:0,end:0,service time:0,nodes:3160,
[task] id:13,start:0,end:0,service time:0,nodes:2948,
[task] id:9,start:0,end:0,service time:0,nodes:1794,
[task] id:20,start:0,end:0,service time:0,nodes:2649,
[task] id:1,start:0,end:0,service time:0,nodes:2091,
[task] id:4,start:0,end:0,service time:0,nodes:2573,
[task] id:11,start:0,end:0,service time:0,nodes:1358,
[task] id:15,start:0,end:0,service time:0,nodes:1853,
[task] id:6,start:0,end:0,service time:0,nodes:1931,
[task] id:0,start:0,end:0,service time:0,nodes:1782,
[task] id:14,start:0,end:0,service time:0,nodes:2050,
[task] id:10,start:0,end:0,service time:0,nodes:2454,
[task] id:12,start:0,end:0,service time:0,nodes:1803,
[task] id:26,start:0,end:0,service time:0,nodes:2850,
[task] id:25,start:0,end:0,service time:0,nodes:2162,
[task] id:28,start:0,end:0,service time:0,nodes:2706,
[task] id:23,start:0,end:0,service time:0,nodes:1244,
[task] id:16,start:0,end:0,service time:0,nodes:2960,
[task] id:3,start:0,end:0,service time:0,nodes:2578,
[task] id:24,start:0,end:0,service time:0,nodes:1900,
[task] id:7,start:0,end:0,service time:0,nodes:3185,
[task] id:5,start:0,end:0,service time:0,nodes:2358,
[task] id:8,start:0,end:0,service time:0,nodes:4298,
[task] id:19,start:0,end:0,service time:0,nodes:4415,
[agent] id:0
path:3037,2930,2823,2716,2609,2502,2395,2288,2181,2074,1967,1968,1969,1970,1971,1972,1973,1974,1975,1976,1977,1978,1979,1980,1981,1982,1983,1984,1985,1986,1987,1988,1989,1990,1991,1884,1885,1886,1887,1888,1889,1782,1782,1782,1782,1782,1782,1782,1782,1782,1782,1782,1782,1782,1782,1782,1782,1782,1782,1782,1782,1782,1782,1782,1782,1782,1782,1782,1782,1782,1782,1782,1782,1782,1782,1782,1782,1782,1782,1782,1782,1782,1782,1782,1782,1782,1782,1782,1782,1782,1782,1782,1782,1782,1782,1782,1782,1782,1782,1782,1782,1782,1782,1782,1782,1782,1782,1782,
goal:1782,1782,1782,1782,1782,1782,1782,1782,1782,1782,1782,1782,1782,1782,1782,1782,1782,1782,1782,1782,1782,1782,1782,1782,1782,1782,1782,1782,1782,1782,1782,1782,1782,1782,1782,1782,1782,1782,1782,1782,1782,1782,1782,1782,1782,1782,1782,1782,1782,1782,1782,1782,1782,1782,1782,1782,1782,1782,1782,1782,1782,1782,1782,1782,1782,1782,1782,1782,1782,1782,1782,1782,1782,1782,1782,1782,1782,1782,1782,1782,1782,1782,1782,1782,1782,1782,1782,1782,1782,1782,1782,1782,1782,1782,1782,1782,1782,1782,1782,1782,1782,1782,1782,1782,1782,1782,1782,1782,
size:41
[agent] id:1
path:2548,2441,2334,2227,2120,2119,2118,2117,2116,2115,2114,2113,2112,2111,2110,2109,2108,2107,2106,2105,2104,2103,2102,2101,2100,2099,2098,2097,2096,2095,2094,2093,2092,2091,2091,2091,2091,2091,2091,2091,2091,2091,2091,2091,2091,2091,2091,2091,2091,2091,2091,2091,2091,2091,2091,2091,2091,2091,2091,2091,2091,2091,2091,2091,2091,2091,2091,2091,2091,2091,2091,2091,2091,2091,2091,2091,2091,2091,2091,2091,2091,2091,2091,2091,2091,2091,2091,2091,2091,2091,2091,2091,2091,2091,2091,2091,2091,2091,2091,2091,2091,2091,2091,2091,2091,2091,2091,2091,
goal:2091,2091,2091,2091,2091,2091,2091,2091,2091,2091,2091,2091,2091,2091,2091,2091,2091,2091,2091,2091,2091,2091,2091,2091,2091,2091,2091,2091,2091,2091,2091,2091,2091,2091,2091,2091,2091,2091,2091,2091,2091,2091,2091,2091,2091,2091,2091,2091,2091,2091,2091,2091,2091,2091,2091,2091,2091,2091,2091,2091,2091,2091,2091,2091,2091,2091,2091,2091,2091,2091,2091,2091,2091,2091,2091,2091,2091,2091,2091,2091,2091,2091,2091,2091,2091,2091,2091,2091,2091,2091,2091,2091,2091,2091,2091,2091,2091,2091,2091,2091,2091,2091,2091,2091,2091,2091,2091,2091,
size:33
[agent] id:2
path:2184,2291,2398,2505,2612,2719,2826,2933,3040,3039,3039,3039,3039,3039,3039,3039,3039,3039,3039,3039,3039,3039,3039,3039,3039,3039,3039,3039,3039,3039,3039,3039,3039,3039,3039,3039,3039,3039,3039,3039,3039,3039,3039,3039,3039,3039,3039,3039,3039,3039,3039,3039,3039,3039,3039,3039,3039,3039,3039,3039,3039,3039,3039,3039,3039,3039,3039,3039,3039,3039,3039,3039,3039,3039,3039,3039,3039,3039,3039,3039,3039,3039,3039,3039,3039,3039,3039,3039,3039,3039,3039,3039,3039,3039,3039,3039,3039,3039,3039,3039,3039,3039,3039,3039,3039,3039,3039,3039,
goal:3039,3039,3039,3039,3039,3039,3039,3039,3039,3039,3039,3039,3039,3039,3039,3039,3039,3039,3039,3039,3039,3039,3039,3039,3039,3039,3039,3039,3039,3039,3039,3039,3039,3039,3039,3039,3039,3039,3039,3039,3039,3039,3039,3039,3039,3039,3039,3039,3039,3039,3039,3039,3039,3039,3039,3039,3039,3039,3039,3039,3039,3039,3039,3039,3039,3039,3039,3039,3039,3039,3039,3039,3039,3039,3039,3039,3039,3039,3039,3039,3039,3039,3039,3039,3039,3039,3039,3039,3039,3039,3039,3039,3039,3039,3039,3039,3039,3039,3039,3039,3039,3039,3039,3039,3039,3039,3039,3039,
size:9
[agent] id:3
path:815,922,1029,1136,1243,1350,1457,1458,1459,1460,1461,1568,1675,1782,1889,1996,2103,2210,2317,2424,2531,2530,2529,2528,2527,2526,2525,2524,2523,2522,2521,2520,2519,2518,2517,2516,2515,2514,2513,2512,2511,2510,2509,2508,2507,2506,2505,2504,2503,2502,2501,2500,2499,2498,2497,2496,2495,2494,2493,2492,2491,2490,2489,2488,2487,2486,2485,2484,2483,2482,2481,2480,2479,2478,2477,2476,2475,2474,2581,2580,2579,2578,2578,2578,2578,2578,2578,2578,2578,2578,2578,2578,2578,2578,2578,2578,2578,2578,2578,2578,2578,2578,2578,2578,2578,2578,2578,2578,
goal:2578,2578,2578,2578,2578,2578,2578,2578,2578,2578,2578,2578,2578,2578,2578,2578,2578,2578,2578,2578,2578,2578,2578,2578,2578,2578,2578,2578,2578,2578,2578,2578,2578,2578,2578,2578,2578,2578,2578,2578,2578,2578,2578,2578,2578,2578,2578,2578,2578,2578,2578,2578,2578,2578,2578,2578,2578,2578,2578,2578,2578,2578,2578,2578,2578,2578,2578,2578,2578,2578,2578,2578,2578,2578,2578,2578,2578,2578,2578,2578,2578,2578,2578,2578,2578,2578,2578,2578,2578,2578,2578,2578,2578,2578,2578,2578,2578,2578,2578,2578,2578,2578,2578,2578,2578,2578,2578,2578,
size:81
[agent] id:4
path:4091,3984,3877,3770,3769,3768,3661,3554,3447,3340,3233,3126,3019,2912,2805,2698,2591,2590,2589,2588,2587,2586,2585,2478,2477,2476,2475,2474,2581,2580,2579,2578,2577,2576,2575,2574,2573,2573,2573,2573,2573,2573,2573,2573,2573,2573,2573,2573,2573,2573,2573,2573,2573,2573,2573,2573,2573,2573,2573,2573,2573,2573,2573,2573,2573,2573,2573,2573,2573,2573,2573,2573,2573,2573,2573,2573,2573,2573,2573,2573,2573,2573,2573,2573,2573,2573,2573,2573,2573,2573,2573,2573,2573,2573,2573,2573,2573,2573,2573,2573,2573,2573,2573,2573,2573,2573,2573,2573,
goal:2573,2573,2573,2573,2573,2573,2573,2573,2573,2573,2573,2573,2573,2573,2573,2573,2573,2573,2573,2573,2573,2573,2573,2573,2573,2573,2573,2573,2573,2573,2573,2573,2573,2573,2573,2573,2573,2573,2573,2573,2573,2573,2573,2573,2573,2573,2573,2573,2573,2573,2573,2573,2573,2573,2573,2573,2573,2573,2573,2573,2573,2573,2573,2573,2573,2573,2573,2573,2573,2573,2573,2573,2573,2573,2573,2573,2573,2573,2573,2573,2573,2573,2573,2573,2573,2573,2573,2573,2573,2573,2573,2573,2573,2573,2573,2573,2573,2573,2573,2573,2573,2573,2573,2573,2573,2573,2573,2573,
size:36
[agent] id:5
path:3195,3088,2981,2874,2767,2660,2553,2552,2551,2550,2549,2548,2547,2546,2545,2544,2543,2542,2541,2540,2539,2538,2537,2536,2535,2534,2533,2532,2531,2530,2529,2528,2527,2526,2525,2524,2523,2522,2521,2520,2519,2412,2411,2410,2409,2408,2407,2406,2405,2404,2403,2402,2401,2400,2399,2398,2397,2396,2395,2394,2393,2392,2391,2390,2389,2388,2387,2386,2385,2384,2383,2382,2381,2380,2379,2378,2377,2376,2375,2374,2373,2372,2371,2370,2369,2368,2367,2366,2365,2364,2363,2362,2361,2360,2359,2358,2358,2358,2358,2358,2358,2358,2358,2358,2358,2358,2358,2358,
goal:2358,2358,2358,2358,2358,2358,2358,2358,2358,2358,2358,2358,2358,2358,2358,2358,2358,2358,2358,2358,2358,2358,2358,2358,2358,2358,2358,2358,2358,2358,2358,2358,2358,2358,2358,2358,2358,2358,2358,2358,2358,2358,2358,2358,2358,2358,2358,2358,2358,2358,2358,2358,2358,2358,2358,2358,2358,2358,2358,2358,2358,2358,2358,2358,2358,2358,2358,2358,2358,2358,2358,2358,2358,2358,2358,2358,2358,2358,2358,2358,2358,2358,2358,2358,2358,2358,2358,2358,2358,2358,2358,2358,2358,2358,2358,2358,2358,2358,2358,2358,2358,2358,2358,2358,2358,2358,2358,2358,
size:95
[agent] id:6
path:3772,3771,3770,3769,3768,3661,3554,3447,3340,3233,3126,3019,2912,2805,2698,2591,2484,2377,2376,2375,2374,2373,2372,2371,2370,2369,2368,2367,2260,2153,2046,1939,1938,1937,1936,1935,1934,1933,1932,1931,1931,1931,1931,1931,1931,1931,1931,1931,1931,1931,1931,1931,1931,1931,1931,1931,1931,1931,1931,1931,1931,1931,1931,1931,1931,1931,1931,1931,1931,1931,1931,1931,1931,1931,1931,1931,1931,1931,1931,1931,1931,1931,1931,1931,1931,1931,1931,1931,1931,1931,1931,1931,1931,1931,1931,1931,1931,1931,1931,1931,1931,1931,1931,1931,1931,1931,1931,1931,
goal:1931,1931,1931,1931,1931,1931,1931,1931,1931,1931,1931,1931,1931,1931,1931,1931,1931,1931,1931,1931,1931,1931,1931,1931,1931,1931,1931,1931,1931,1931,1931,1931,1931,1931,1931,1931,1931,1931,1931,1931,1931,1931,1931,1931,1931,1931,1931,1931,1931,1931,1931,1931,1931,1931,1931,1931,1931,1931,1931,1931,1931,1931,1931,1931,1931,1931,1931,1931,1931,1931,1931,1931,1931,1931,1931,1931,1931,1931,1931,1931,1931,1931,1931,1931,1931,1931,1931,1931,1931,1931,1931,1931,1931,1931,1931,1931,1931,1931,1931,1931,1931,1931,1931,1931,1931,1931,1931,1931,
size:39
[agent] id:7
path:2039,2146,2253,2360,2467,2468,2469,2470,2471,2472,2473,2474,2475,2476,2477,2478,2585,2692,2799,2906,2907,2908,2909,2910,2911,2912,2913,2914,2915,2916,2917,2918,2919,2920,2921,2922,2923,2924,2925,2926,2927,2928,2929,2930,2931,2932,2933,2934,2935,2936,2937,2938,2939,2940,2941,2942,2943,2944,3051,3052,3053,3054,3055,3056,3057,3058,3059,3060,3061,3062,3063,3064,3065,3066,3067,3068,3069,3070,3071,3072,3073,3074,3075,3076,3077,3078,3185,3185,3185,3185,3185,3185,3185,3185,3185,3185,3185,3185,3185,3185,3185,3185,3185,3185,3185,3185,3185,3185,
goal:3185,3185,3185,3185,3185,3185,3185,3185,3185,3185,3185,3185,3185,3185,3185,3185,3185,3185,3185,3185,3185,3185,3185,3185,3185,3185,3185,3185,3185,3185,3185,3185,3185,3185,3185,3185,3185,3185,3185,3185,3185,3185,3185,3185,3185,3185,3185,3185,3185,3185,3185,3185,3185,3185,3185,3185,3185,3185,3185,3185,3185,3185,3185,3185,3185,3185,3185,3185,3185,3185,3185,3185,3185,3185,3185,3185,3185,3185,3185,3185,3185,3185,3185,3185,3185,3185,3185,3185,3185,3185,3185,3185,3185,3185,3185,3185,3185,3185,3185,3185,3185,3185,3185,3185,3185,3185,3185,3185,
size:86
[agent] id:8
path:1919,2026,2133,2240,2347,2454,2561,2668,2667,2666,2665,2664,2663,2662,2661,2660,2767,2766,2765,2764,2763,2762,2761,2760,2759,2758,2757,2756,2755,2754,2753,2752,2751,2750,2749,2748,2747,2746,2745,2744,2743,2742,2741,2740,2739,2738,2737,2736,2735,2734,2733,2732,2731,2730,2729,2728,2835,2834,2833,2832,2831,2830,2829,2828,2827,2826,2825,2824,2823,2822,2821,2820,2819,2818,2817,2816,2815,2814,2813,2812,2811,2810,2809,2808,2915,3022,3129,3128,3127,3126,3125,3232,3339,3446,3553,3660,3767,3874,3981,4088,4195,4302,4301,4300,4299,4298,4298,4298,
goal:4298,4298,4298,4298,4298,4298,4298,4298,4298,4298,4298,4298,4298,4298,4298,4298,4298,4298,4298,4298,4298,4298,4298,4298,4298,4298,4298,4298,4298,4298,4298,4298,4298,4298,4298,4298,4298,4298,4298,4298,4298,4298,4298,4298,4298,4298,4298,4298,4298,4298,4298,4298,4298,4298,4298,4298,4298,4298,4298,4298,4298,4298,4298,4298,4298,4298,4298,4298,4298,4298,4298,4298,4298,4298,4298,4298,4298,4298,4298,4298,4298,4298,4298,4298,4298,4298,4298,4298,4298,4298,4298,4298,4298,4298,4298,4298,4298,4298,4298,4298,4298,4298,4298,4298,4298,4298,4298,4298,
size:105
[agent] id:9
path:1986,1987,1988,1989,1990,1991,1992,1993,1994,1995,1996,1997,1998,1999,2000,2001,2002,2003,2004,2005,2006,2007,1900,1901,1794,1794,1794,1794,1794,1794,1794,1794,1794,1794,1794,1794,1794,1794,1794,1794,1794,1794,1794,1794,1794,1794,1794,1794,1794,1794,1794,1794,1794,1794,1794,1794,1794,1794,1794,1794,1794,1794,1794,1794,1794,1794,1794,1794,1794,1794,1794,1794,1794,1794,1794,1794,1794,1794,1794,1794,1794,1794,1794,1794,1794,1794,1794,1794,1794,1794,1794,1794,1794,1794,1794,1794,1794,1794,1794,1794,1794,1794,1794,1794,1794,1794,1794,1794,
goal:1794,1794,1794,1794,1794,1794,1794,1794,1794,1794,1794,1794,1794,1794,1794,1794,1794,1794,1794,1794,1794,1794,1794,1794,1794,1794,1794,1794,1794,1794,1794,1794,1794,1794,1794,1794,1794,1794,1794,1794,1794,1794,1794,1794,1794,1794,1794,1794,1794,1794,1794,1794,1794,1794,1794,1794,1794,1794,1794,1794,1794,1794,1794,1794,1794,1794,1794,1794,1794,1794,1794,1794,1794,1794,1794,1794,1794,1794,1794,1794,1794,1794,1794,1794,1794,1794,1794,1794,1794,1794,1794,1794,1794,1794,1794,1794,1794,1794,1794,1794,1794,1794,1794,1794,1794,1794,1794,1794,
size:24
[agent] id:10
path:1034,1141,1248,1355,1355,1462,1569,1676,1783,1890,1997,2104,2211,2318,2319,2320,2321,2322,2323,2324,2325,2326,2433,2434,2435,2436,2437,2438,2439,2440,2441,2442,2443,2444,2445,2446,2447,2448,2449,2450,2451,2452,2453,2454,2454,2454,2454,2454,2454,2454,2454,2454,2454,2454,2454,2454,2454,2454,2454,2454,2454,2454,2454,2454,2454,2454,2454,2454,2454,2454,2454,2454,2454,2454,2454,2454,2454,2454,2454,2454,2454,2454,2454,2454,2454,2454,2454,2454,2454,2454,2454,2454,2454,2454,2454,2454,2454,2454,2454,2454,2454,2454,2454,2454,2454,2454,2454,2454,
goal:2454,2454,2454,2454,2454,2454,2454,2454,2454,2454,2454,2454,2454,2454,2454,2454,2454,2454,2454,2454,2454,2454,2454,2454,2454,2454,2454,2454,2454,2454,2454,2454,2454,2454,2454,2454,2454,2454,2454,2454,2454,2454,2454,2454,2454,2454,2454,2454,2454,2454,2454,2454,2454,2454,2454,2454,2454,2454,2454,2454,2454,2454,2454,2454,2454,2454,2454,2454,2454,2454,2454,2454,2454,2454,2454,2454,2454,2454,2454,2454,2454,2454,2454,2454,2454,2454,2454,2454,2454,2454,2454,2454,2454,2454,2454,2454,2454,2454,2454,2454,2454,2454,2454,2454,2454,2454,2454,2454,
size:43
[agent] id:11
path:1862,1863,1864,1865,1866,1867,1868,1869,1870,1871,1978,1979,1980,1981,1982,1983,1984,1985,1986,1987,1988,1989,1990,1991,1884,1885,1886,1887,1888,1889,1782,1675,1568,1461,1354,1355,1356,1357,1358,1358,1358,1358,1358,1358,1358,1358,1358,1358,1358,1358,1358,1358,1358,1358,1358,1358,1358,1358,1358,1358,1358,1358,1358,1358,1358,1358,1358,1358,1358,1358,1358,1358,1358,1358,1358,1358,1358,1358,1358,1358,1358,1358,1358,1358,1358,1358,1358,1358,1358,1358,1358,1358,1358,1358,1358,1358,1358,1358,1358,1358,1358,1358,1358,1358,1358,1358,1358,1358,
goal:1358,1358,1358,1358,1358,1358,1358,1358,1358,1358,1358,1358,1358,1358,1358,1358,1358,1358,1358,1358,1358,1358,1358,1358,1358,1358,1358,1358,1358,1358,1358,1358,1358,1358,1358,1358,1358,1358,1358,1358,1358,1358,1358,1358,1358,1358,1358,1358,1358,1358,1358,1358,1358,1358,1358,1358,1358,1358,1358,1358,1358,1358,1358,1358,1358,1358,1358,1358,1358,1358,1358,1358,1358,1358,1358,1358,1358,1358,1358,1358,1358,1358,1358,1358,1358,1358,1358,1358,1358,1358,1358,1358,1358,1358,1358,1358,1358,1358,1358,1358,1358,1358,1358,1358,1358,1358,1358,1358,
size:38
[agent] id:12
path:4028,3921,3814,3707,3708,3709,3602,3495,3388,3281,3174,3067,2960,2853,2746,2747,2748,2749,2750,2751,2752,2753,2754,2755,2756,2757,2650,2543,2436,2329,2222,2115,2008,2009,2010,2011,2012,2013,2014,2015,1908,1909,1802,1803,1803,1803,1803,1803,1803,1803,1803,1803,1803,1803,1803,1803,1803,1803,1803,1803,1803,1803,1803,1803,1803,1803,1803,1803,1803,1803,1803,1803,1803,1803,1803,1803,1803,1803,1803,1803,1803,1803,1803,1803,1803,1803,1803,1803,1803,1803,1803,1803,1803,1803,1803,1803,1803,1803,1803,1803,1803,1803,1803,1803,1803,1803,1803,1803,
goal:1803,1803,1803,1803,1803,1803,1803,1803,1803,1803,1803,1803,1803,1803,1803,1803,1803,1803,1803,1803,1803,1803,1803,1803,1803,1803,1803,1803,1803,1803,1803,1803,1803,1803,1803,1803,1803,1803,1803,1803,1803,1803,1803,1803,1803,1803,1803,1803,1803,1803,1803,1803,1803,1803,1803,1803,1803,1803,1803,1803,1803,1803,1803,1803,1803,1803,1803,1803,1803,1803,1803,1803,1803,1803,1803,1803,1803,1803,1803,1803,1803,1803,1803,1803,1803,1803,1803,1803,1803,1803,1803,1803,1803,1803,1803,1803,1803,1803,1803,1803,1803,1803,1803,1803,1803,1803,1803,1803,
size:43
[agent] id:13
path:2292,2399,2506,2613,2720,2827,2934,2935,2936,2937,2938,2939,2940,2941,2942,2943,2944,2945,2946,2947,2948,2948,2948,2948,2948,2948,2948,2948,2948,2948,2948,2948,2948,2948,2948,2948,2948,2948,2948,2948,2948,2948,2948,2948,2948,2948,2948,2948,2948,2948,2948,2948,2948,2948,2948,2948,2948,2948,2948,2948,2948,2948,2948,2948,2948,2948,2948,2948,2948,2948,2948,2948,2948,2948,2948,2948,2948,2948,2948,2948,2948,2948,2948,2948,2948,2948,2948,2948,2948,2948,2948,2948,2948,2948,2948,2948,2948,2948,2948,2948,2948,2948,2948,2948,2948,2948,2948,2948,
goal:2948,2948,2948,2948,2948,2948,2948,2948,2948,2948,2948,2948,2948,2948,2948,2948,2948,2948,2948,2948,2948,2948,2948,2948,2948,2948,2948,2948,2948,2948,2948,2948,2948,2948,2948,2948,2948,2948,2948,2948,2948,2948,2948,2948,2948,2948,2948,2948,2948,2948,2948,2948,2948,2948,2948,2948,2948,2948,2948,2948,2948,2948,2948,2948,2948,2948,2948,2948,2948,2948,2948,2948,2948,2948,2948,2948,2948,2948,2948,2948,2948,2948,2948,2948,2948,2948,2948,2948,2948,2948,2948,2948,2948,2948,2948,2948,2948,2948,2948,2948,2948,2948,2948,2948,2948,2948,2948,2948,
size:20
[agent] id:14
path:1984,2091,2090,2089,2088,2087,2086,2085,2084,2083,2082,2081,2080,2079,2078,2077,2076,2075,2074,2073,2072,2071,2070,2069,2068,2067,2066,2065,2064,2063,2062,2061,2060,2059,2058,2057,2056,2055,2054,2053,2052,2051,2050,2050,2050,2050,2050,2050,2050,2050,2050,2050,2050,2050,2050,2050,2050,2050,2050,2050,2050,2050,2050,2050,2050,2050,2050,2050,2050,2050,2050,2050,2050,2050,2050,2050,2050,2050,2050,2050,2050,2050,2050,2050,2050,2050,2050,2050,2050,2050,2050,2050,2050,2050,2050,2050,2050,2050,2050,2050,2050,2050,2050,2050,2050,2050,2050,2050,
goal:2050,2050,2050,2050,2050,2050,2050,2050,2050,2050,2050,2050,2050,2050,2050,2050,2050,2050,2050,2050,2050,2050,2050,2050,2050,2050,2050,2050,2050,2050,2050,2050,2050,2050,2050,2050,2050,2050,2050,2050,2050,2050,2050,2050,2050,2050,2050,2050,2050,2050,2050,2050,2050,2050,2050,2050,2050,2050,2050,2050,2050,2050,2050,2050,2050,2050,2050,2050,2050,2050,2050,2050,2050,2050,2050,2050,2050,2050,2050,2050,2050,2050,2050,2050,2050,2050,2050,2050,2050,2050,2050,2050,2050,2050,2050,2050,2050,2050,2050,2050,2050,2050,2050,2050,2050,2050,2050,2050,
size:42
[agent] id:15
path:4519,4412,4305,4198,4091,3984,3877,3770,3769,3768,3661,3554,3447,3340,3233,3126,3019,2912,2805,2698,2591,2484,2377,2270,2163,2056,1949,1950,1951,1952,1953,1954,1955,1956,1957,1958,1959,1852,1853,1853,1853,1853,1853,1853,1853,1853,1853,1853,1853,1853,1853,1853,1853,1853,1853,1853,1853,1853,1853,1853,1853,1853,1853,1853,1853,1853,1853,1853,1853,1853,1853,1853,1853,1853,1853,1853,1853,1853,1853,1853,1853,1853,1853,1853,1853,1853,1853,1853,1853,1853,1853,1853,1853,1853,1853,1853,1853,1853,1853,1853,1853,1853,1853,1853,1853,1853,1853,1853,
goal:1853,1853,1853,1853,1853,1853,1853,1853,1853,1853,1853,1853,1853,1853,1853,1853,1853,1853,1853,1853,1853,1853,1853,1853,1853,1853,1853,1853,1853,1853,1853,1853,1853,1853,1853,1853,1853,1853,1853,1853,1853,1853,1853,1853,1853,1853,1853,1853,1853,1853,1853,1853,1853,1853,1853,1853,1853,1853,1853,1853,1853,1853,1853,1853,1853,1853,1853,1853,1853,1853,1853,1853,1853,1853,1853,1853,1853,1853,1853,1853,1853,1853,1853,1853,1853,1853,1853,1853,1853,1853,1853,1853,1853,1853,1853,1853,1853,1853,1853,1853,1853,1853,1853,1853,1853,1853,1853,1853,
size:38
[agent] id:16
path:452,559,666,773,880,987,1094,1201,1308,1415,1414,1521,1628,1735,1842,1949,2056,2163,2270,2377,2484,2485,2592,2699,2806,2807,2808,2809,2810,2811,2812,2813,2814,2815,2816,2817,2818,2819,2820,2821,2822,2823,2824,2825,2826,2827,2828,2829,2830,2831,2832,2833,2834,2835,2836,2837,2838,2839,2840,2841,2842,2949,2950,2951,2952,2953,2954,2955,2956,2957,2958,2959,2960,2960,2960,2960,2960,2960,2960,2960,2960,2960,2960,2960,2960,2960,2960,2960,2960,2960,2960,2960,2960,2960,2960,2960,2960,2960,2960,2960,2960,2960,2960,2960,2960,2960,2960,2960,
goal:2960,2960,2960,2960,2960,2960,2960,2960,2960,2960,2960,2960,2960,2960,2960,2960,2960,2960,2960,2960,2960,2960,2960,2960,2960,2960,2960,2960,2960,2960,2960,2960,2960,2960,2960,2960,2960,2960,2960,2960,2960,2960,2960,2960,2960,2960,2960,2960,2960,2960,2960,2960,2960,2960,2960,2960,2960,2960,2960,2960,2960,2960,2960,2960,2960,2960,2960,2960,2960,2960,2960,2960,2960,2960,2960,2960,2960,2960,2960,2960,2960,2960,2960,2960,2960,2960,2960,2960,2960,2960,2960,2960,2960,2960,2960,2960,2960,2960,2960,2960,2960,2960,2960,2960,2960,2960,2960,2960,
size:72
[agent] id:17
path:2199,2306,2413,2413,2413,2413,2413,2413,2413,2413,2413,2413,2413,2413,2413,2413,2413,2413,2413,2413,2413,2413,2413,2413,2413,2413,2413,2413,2413,2413,2413,2413,2413,2413,2413,2413,2413,2413,2413,2413,2413,2413,2413,2413,2413,2413,2413,2413,2413,2413,2413,2413,2413,2413,2413,2413,2413,2413,2413,2413,2413,2413,2413,2413,2413,2413,2413,2413,2413,2413,2413,2413,2413,2413,2413,2413,2413,2413,2413,2413,2413,2413,2413,2413,2413,2413,2413,2413,2413,2413,2413,2413,2413,2413,2413,2413,2413,2413,2413,2413,2413,2413,2413,2413,2413,2413,2413,2413,
goal:2413,2413,2413,2413,2413,2413,2413,2413,2413,2413,2413,2413,2413,2413,2413,2413,2413,2413,2413,2413,2413,2413,2413,2413,2413,2413,2413,2413,2413,2413,2413,2413,2413,2413,2413,2413,2413,2413,2413,2413,2413,2413,2413,2413,2413,2413,2413,2413,2413,2413,2413,2413,2413,2413,2413,2413,2413,2413,2413,2413,2413,2413,2413,2413,2413,2413,2413,2413,2413,2413,2413,2413,2413,2413,2413,2413,2413,2413,2413,2413,2413,2413,2413,2413,2413,2413,2413,2413,2413,2413,2413,2413,2413,2413,2413,2413,2413,2413,2413,2413,2413,2413,2413,2413,2413,2413,2413,2413,
size:2
[agent] id:18
path:876,769,662,661,660,660,660,660,660,660,660,660,660,660,660,660,660,660,660,660,660,660,660,660,660,660,660,660,660,660,660,660,660,660,660,660,660,660,660,660,660,660,660,660,660,660,660,660,660,660,660,660,660,660,660,660,660,660,660,660,660,660,660,660,660,660,660,660,660,660,660,660,660,660,660,660,660,660,660,660,660,660,660,660,660,660,660,660,660,660,660,660,660,660,660,660,660,660,660,660,660,660,660,660,660,660,660,660,
goal:660,660,660,660,660,660,660,660,660,660,660,660,660,660,660,660,660,660,660,660,660,660,660,660,660,660,660,660,660,660,660,660,660,660,660,660,660,660,660,660,660,660,660,660,660,660,660,660,660,660,660,660,660,660,660,660,660,660,660,660,660,660,660,660,660,660,660,660,660,660,660,660,660,660,660,660,660,660,660,660,660,660,660,660,660,660,660,660,660,660,660,660,660,660,660,660,660,660,660,660,660,660,660,660,660,660,660,660,
size:4
[agent] id:19
path:2885,2778,2777,2776,2669,2668,2667,2666,2665,2664,2663,2662,2661,2660,2767,2874,2981,3088,3087,3086,3085,3084,3083,3082,3081,3080,3079,3078,3077,3076,3075,3074,3073,3072,3071,3070,3069,3068,3067,3066,3065,3064,3063,3062,3061,3060,3059,3058,3057,3056,3055,3054,3053,3052,3051,3050,3049,3048,3047,3046,3045,3044,3043,3042,3041,3040,2933,2932,2931,2930,2929,2928,2927,2926,2925,2924,2923,2922,2921,2920,2919,2918,2917,2916,3023,3130,3237,3236,3235,3234,3233,3233,3340,3447,3554,3661,3768,3875,3982,4089,4090,4197,4304,4411,4412,4413,4414,4415,
goal:4415,4415,4415,4415,4415,4415,4415,4415,4415,4415,4415,4415,4415,4415,4415,4415,4415,4415,4415,4415,4415,4415,4415,4415,4415,4415,4415,4415,4415,4415,4415,4415,4415,4415,4415,4415,4415,4415,4415,4415,4415,4415,4415,4415,4415,4415,4415,4415,4415,4415,4415,4415,4415,4415,4415,4415,4415,4415,4415,4415,4415,4415,4415,4415,4415,4415,4415,4415,4415,4415,4415,4415,4415,4415,4415,4415,4415,4415,4415,4415,4415,4415,4415,4415,4415,4415,4415,4415,4415,4415,4415,4415,4415,4415,4415,4415,4415,4415,4415,4415,4415,4415,4415,4415,4415,4415,4415,4415,
size:107
[agent] id:20
path:1250,1357,1464,1463,1462,1569,1676,1783,1890,1997,2104,2211,2318,2425,2532,2639,2640,2641,2642,2643,2644,2645,2646,2647,2648,2649,2649,2649,2649,2649,2649,2649,2649,2649,2649,2649,2649,2649,2649,2649,2649,2649,2649,2649,2649,2649,2649,2649,2649,2649,2649,2649,2649,2649,2649,2649,2649,2649,2649,2649,2649,2649,2649,2649,2649,2649,2649,2649,2649,2649,2649,2649,2649,2649,2649,2649,2649,2649,2649,2649,2649,2649,2649,2649,2649,2649,2649,2649,2649,2649,2649,2649,2649,2649,2649,2649,2649,2649,2649,2649,2649,2649,2649,2649,2649,2649,2649,2649,
goal:2649,2649,2649,2649,2649,2649,2649,2649,2649,2649,2649,2649,2649,2649,2649,2649,2649,2649,2649,2649,2649,2649,2649,2649,2649,2649,2649,2649,2649,2649,2649,2649,2649,2649,2649,2649,2649,2649,2649,2649,2649,2649,2649,2649,2649,2649,2649,2649,2649,2649,2649,2649,2649,2649,2649,2649,2649,2649,2649,2649,2649,2649,2649,2649,2649,2649,2649,2649,2649,2649,2649,2649,2649,2649,2649,2649,2649,2649,2649,2649,2649,2649,2649,2649,2649,2649,2649,2649,2649,2649,2649,2649,2649,2649,2649,2649,2649,2649,2649,2649,2649,2649,2649,2649,2649,2649,2649,2649,
size:25
[agent] id:21
path:4297,4190,4191,4192,4193,4194,4195,4196,4197,4198,4199,4200,4200,4200,4200,4200,4200,4200,4200,4200,4200,4200,4200,4200,4200,4200,4200,4200,4200,4200,4200,4200,4200,4200,4200,4200,4200,4200,4200,4200,4200,4200,4200,4200,4200,4200,4200,4200,4200,4200,4200,4200,4200,4200,4200,4200,4200,4200,4200,4200,4200,4200,4200,4200,4200,4200,4200,4200,4200,4200,4200,4200,4200,4200,4200,4200,4200,4200,4200,4200,4200,4200,4200,4200,4200,4200,4200,4200,4200,4200,4200,4200,4200,4200,4200,4200,4200,4200,4200,4200,4200,4200,4200,4200,4200,4200,4200,4200,
goal:4200,4200,4200,4200,4200,4200,4200,4200,4200,4200,4200,4200,4200,4200,4200,4200,4200,4200,4200,4200,4200,4200,4200,4200,4200,4200,4200,4200,4200,4200,4200,4200,4200,4200,4200,4200,4200,4200,4200,4200,4200,4200,4200,4200,4200,4200,4200,4200,4200,4200,4200,4200,4200,4200,4200,4200,4200,4200,4200,4200,4200,4200,4200,4200,4200,4200,4200,4200,4200,4200,4200,4200,4200,4200,4200,4200,4200,4200,4200,4200,4200,4200,4200,4200,4200,4200,4200,4200,4200,4200,4200,4200,4200,4200,4200,4200,4200,4200,4200,4200,4200,4200,4200,4200,4200,4200,4200,4200,
size:11
[agent] id:22
path:1301,1302,1409,1410,1411,1412,1413,1520,1627,1734,1841,1842,1843,1844,1845,1846,1846,1846,1846,1846,1846,1846,1846,1846,1846,1846,1846,1846,1846,1846,1846,1846,1846,1846,1846,1846,1846,1846,1846,1846,1846,1846,1846,1846,1846,1846,1846,1846,1846,1846,1846,1846,1846,1846,1846,1846,1846,1846,1846,1846,1846,1846,1846,1846,1846,1846,1846,1846,1846,1846,1846,1846,1846,1846,1846,1846,1846,1846,1846,1846,1846,1846,1846,1846,1846,1846,1846,1846,1846,1846,1846,1846,1846,1846,1846,1846,1846,1846,1846,1846,1846,1846,1846,1846,1846,1846,1846,1846,
goal:1846,1846,1846,1846,1846,1846,1846,1846,1846,1846,1846,1846,1846,1846,1846,1846,1846,1846,1846,1846,1846,1846,1846,1846,1846,1846,1846,1846,1846,1846,1846,1846,1846,1846,1846,1846,1846,1846,1846,1846,1846,1846,1846,1846,1846,1846,1846,1846,1846,1846,1846,1846,1846,1846,1846,1846,1846,1846,1846,1846,1846,1846,1846,1846,1846,1846,1846,1846,1846,1846,1846,1846,1846,1846,1846,1846,1846,1846,1846,1846,1846,1846,1846,1846,1846,1846,1846,1846,1846,1846,1846,1846,1846,1846,1846,1846,1846,1846,1846,1846,1846,1846,1846,1846,1846,1846,1846,1846,
size:15
[agent] id:23
path:3033,2926,2819,2712,2605,2498,2391,2284,2177,2070,1963,1964,1965,1966,1967,1968,1969,1970,1971,1972,1973,1974,1975,1976,1977,1978,1979,1980,1981,1982,1983,1984,1985,1986,1987,1988,1989,1990,1991,1884,1885,1886,1887,1888,1889,1890,1783,1676,1569,1462,1355,1248,1247,1246,1245,1244,1244,1244,1244,1244,1244,1244,1244,1244,1244,1244,1244,1244,1244,1244,1244,1244,1244,1244,1244,1244,1244,1244,1244,1244,1244,1244,1244,1244,1244,1244,1244,1244,1244,1244,1244,1244,1244,1244,1244,1244,1244,1244,1244,1244,1244,1244,1244,1244,1244,1244,1244,1244,
goal:1244,1244,1244,1244,1244,1244,1244,1244,1244,1244,1244,1244,1244,1244,1244,1244,1244,1244,1244,1244,1244,1244,1244,1244,1244,1244,1244,1244,1244,1244,1244,1244,1244,1244,1244,1244,1244,1244,1244,1244,1244,1244,1244,1244,1244,1244,1244,1244,1244,1244,1244,1244,1244,1244,1244,1244,1244,1244,1244,1244,1244,1244,1244,1244,1244,1244,1244,1244,1244,1244,1244,1244,1244,1244,1244,1244,1244,1244,1244,1244,1244,1244,1244,1244,1244,1244,1244,1244,1244,1244,1244,1244,1244,1244,1244,1244,1244,1244,1244,1244,1244,1244,1244,1244,1244,1244,1244,1244,
size:55
[agent] id:24
path:2896,2789,2682,2575,2468,2361,2362,2363,2364,2365,2366,2367,2368,2369,2370,2371,2264,2157,2050,1943,1944,1945,1946,1947,1948,1949,1950,1951,1952,1953,1954,1955,1956,1957,1958,1959,1960,1961,1962,1963,1964,1965,1966,1967,1968,1969,1970,1971,1972,1973,1974,1975,1976,1977,1978,1979,1980,1981,1982,1983,1984,1985,1986,1987,1988,1989,1990,1991,1992,1993,1994,1995,1996,1997,1998,1999,2000,2001,2002,2003,2004,2005,2006,2007,1900,1900,1900,1900,1900,1900,1900,1900,1900,1900,1900,1900,1900,1900,1900,1900,1900,1900,1900,1900,1900,1900,1900,1900,
goal:1900,1900,1900,1900,1900,1900,1900,1900,1900,1900,1900,1900,1900,1900,1900,1900,1900,1900,1900,1900,1900,1900,1900,1900,1900,1900,1900,1900,1900,1900,1900,1900,1900,1900,1900,1900,1900,1900,1900,1900,1900,1900,1900,1900,1900,1900,1900,1900,1900,1900,1900,1900,1900,1900,1900,1900,1900,1900,1900,1900,1900,1900,1900,1900,1900,1900,1900,1900,1900,1900,1900,1900,1900,1900,1900,1900,1900,1900,1900,1900,1900,1900,1900,1900,1900,1900,1900,1900,1900,1900,1900,1900,1900,1900,1900,1900,1900,1900,1900,1900,1900,1900,1900,1900,1900,1900,1900,1900,
size:84
[agent] id:25
path:2320,2213,2212,2211,2210,2209,2208,2207,2206,2205,2204,2203,2202,2201,2200,2199,2198,2197,2196,2195,2194,2193,2192,2191,2190,2189,2188,2187,2186,2185,2184,2183,2182,2181,2180,2179,2178,2177,2176,2175,2174,2173,2172,2171,2170,2169,2168,2167,2166,2165,2164,2163,2162,2162,2162,2162,2162,2162,2162,2162,2162,2162,2162,2162,2162,2162,2162,2162,2162,2162,2162,2162,2162,2162,2162,2162,2162,2162,2162,2162,2162,2162,2162,2162,2162,2162,2162,2162,2162,2162,2162,2162,2162,2162,2162,2162,2162,2162,2162,2162,2162,2162,2162,2162,2162,2162,2162,2162,
goal:2162,2162,2162,2162,2162,2162,2162,2162,2162,2162,2162,2162,2162,2162,2162,2162,2162,2162,2162,2162,2162,2162,2162,2162,2162,2162,2162,2162,2162,2162,2162,2162,2162,2162,2162,2162,2162,2162,2162,2162,2162,2162,2162,2162,2162,2162,2162,2162,2162,2162,2162,2162,2162,2162,2162,2162,2162,2162,2162,2162,2162,2162,2162,2162,2162,2162,2162,2162,2162,2162,2162,2162,2162,2162,2162,2162,2162,2162,2162,2162,2162,2162,2162,2162,2162,2162,2162,2162,2162,2162,2162,2162,2162,2162,2162,2162,2162,2162,2162,2162,2162,2162,2162,2162,2162,2162,2162,2162,
size:52
[agent] id:26
path:1852,1959,2066,2173,2280,2387,2494,2601,2708,2815,2816,2817,2818,2819,2820,2821,2822,2823,2824,2825,2826,2827,2828,2829,2830,2831,2832,2833,2834,2835,2836,2837,2838,2839,2840,2841,2842,2843,2844,2845,2846,2847,2848,2849,2850,2850,2850,2850,2850,2850,2850,2850,2850,2850,2850,2850,2850,2850,2850,2850,2850,2850,2850,2850,2850,2850,2850,2850,2850,2850,2850,2850,2850,2850,2850,2850,2850,2850,2850,2850,2850,2850,2850,2850,2850,2850,2850,2850,2850,2850,2850,2850,2850,2850,2850,2850,2850,2850,2850,2850,2850,2850,2850,2850,2850,2850,2850,2850,
goal:2850,2850,2850,2850,2850,2850,2850,2850,2850,2850,2850,2850,2850,2850,2850,2850,2850,2850,2850,2850,2850,2850,2850,2850,2850,2850,2850,2850,2850,2850,2850,2850,2850,2850,2850,2850,2850,2850,2850,2850,2850,2850,2850,2850,2850,2850,2850,2850,2850,2850,2850,2850,2850,2850,2850,2850,2850,2850,2850,2850,2850,2850,2850,2850,2850,2850,2850,2850,2850,2850,2850,2850,2850,2850,2850,2850,2850,2850,2850,2850,2850,2850,2850,2850,2850,2850,2850,2850,2850,2850,2850,2850,2850,2850,2850,2850,2850,2850,2850,2850,2850,2850,2850,2850,2850,2850,2850,2850,
size:44
[agent] id:27
path:2960,3067,3066,3065,3064,3063,3062,3061,3060,3059,3058,3057,3056,3163,3162,3161,3160,3160,3160,3160,3160,3160,3160,3160,3160,3160,3160,3160,3160,3160,3160,3160,3160,3160,3160,3160,3160,3160,3160,3160,3160,3160,3160,3160,3160,3160,3160,3160,3160,3160,3160,3160,3160,3160,3160,3160,3160,3160,3160,3160,3160,3160,3160,3160,3160,3160,3160,3160,3160,3160,3160,3160,3160,3160,3160,3160,3160,3160,3160,3160,3160,3160,3160,3160,3160,3160,3160,3160,3160,3160,3160,3160,3160,3160,3160,3160,3160,3160,3160,3160,3160,3160,3160,3160,3160,3160,3160,3160,
goal:3160,3160,3160,3160,3160,3160,3160,3160,3160,3160,3160,3160,3160,3160,3160,3160,3160,3160,3160,3160,3160,3160,3160,3160,3160,3160,3160,3160,3160,3160,3160,3160,3160,3160,3160,3160,3160,3160,3160,3160,3160,3160,3160,3160,3160,3160,3160,3160,3160,3160,3160,3160,3160,3160,3160,3160,3160,3160,3160,3160,3160,3160,3160,3160,3160,3160,3160,3160,3160,3160,3160,3160,3160,3160,3160,3160,3160,3160,3160,3160,3160,3160,3160,3160,3160,3160,3160,3160,3160,3160,3160,3160,3160,3160,3160,3160,3160,3160,3160,3160,3160,3160,3160,3160,3160,3160,3160,3160,
size:16
[agent] id:28
path:3704,3597,3598,3599,3600,3601,3494,3387,3280,3173,3066,2959,2852,2745,2744,2743,2742,2741,2740,2739,2738,2737,2736,2735,2734,2733,2732,2731,2730,2729,2728,2727,2726,2725,2724,2723,2722,2721,2720,2719,2718,2717,2716,2715,2714,2713,2712,2711,2710,2709,2708,2707,2706,2706,2706,2706,2706,2706,2706,2706,2706,2706,2706,2706,2706,2706,2706,2706,2706,2706,2706,2706,2706,2706,2706,2706,2706,2706,2706,2706,2706,2706,2706,2706,2706,2706,2706,2706,2706,2706,2706,2706,2706,2706,2706,2706,2706,2706,2706,2706,2706,2706,2706,2706,2706,2706,2706,2706,
goal:2706,2706,2706,2706,2706,2706,2706,2706,2706,2706,2706,2706,2706,2706,2706,2706,2706,2706,2706,2706,2706,2706,2706,2706,2706,2706,2706,2706,2706,2706,2706,2706,2706,2706,2706,2706,2706,2706,2706,2706,2706,2706,2706,2706,2706,2706,2706,2706,2706,2706,2706,2706,2706,2706,2706,2706,2706,2706,2706,2706,2706,2706,2706,2706,2706,2706,2706,2706,2706,2706,2706,2706,2706,2706,2706,2706,2706,2706,2706,2706,2706,2706,2706,2706,2706,2706,2706,2706,2706,2706,2706,2706,2706,2706,2706,2706,2706,2706,2706,2706,2706,2706,2706,2706,2706,2706,2706,2706,
size:52
[agent] id:29
path:3016,3123,3230,3337,3338,3339,3446,3553,3660,3767,3874,3981,4088,4195,4196,4196,4196,4196,4196,4196,4196,4196,4196,4196,4196,4196,4196,4196,4196,4196,4196,4196,4196,4196,4196,4196,4196,4196,4196,4196,4196,4196,4196,4196,4196,4196,4196,4196,4196,4196,4196,4196,4196,4196,4196,4196,4196,4196,4196,4196,4196,4196,4196,4196,4196,4196,4196,4196,4196,4196,4196,4196,4196,4196,4196,4196,4196,4196,4196,4196,4196,4196,4196,4196,4196,4196,4196,4196,4196,4196,4196,4196,4196,4196,4196,4196,4196,4196,4196,4196,4196,4196,4196,4196,4196,4196,4196,4196,
goal:4196,4196,4196,4196,4196,4196,4196,4196,4196,4196,4196,4196,4196,4196,4196,4196,4196,4196,4196,4196,4196,4196,4196,4196,4196,4196,4196,4196,4196,4196,4196,4196,4196,4196,4196,4196,4196,4196,4196,4196,4196,4196,4196,4196,4196,4196,4196,4196,4196,4196,4196,4196,4196,4196,4196,4196,4196,4196,4196,4196,4196,4196,4196,4196,4196,4196,4196,4196,4196,4196,4196,4196,4196,4196,4196,4196,4196,4196,4196,4196,4196,4196,4196,4196,4196,4196,4196,4196,4196,4196,4196,4196,4196,4196,4196,4196,4196,4196,4196,4196,4196,4196,4196,4196,4196,4196,4196,4196,
size:14
SolutionCost:1326
