[setting] seed:12
[solver] type:ECBS
[solver] w:3.000000
[solver] ID:0
[solver] Lowlevelnode:1590
[solver] solved:1
[solver] elapsed:24
[solver] makespan:77
[problem] timesteplimit:10000
[problem] type:MAPF
[problem] agentnum:10
[graph] width:107
[graph] height:47
[graph] filename:./map/orz601d.map
[task] id:1,start:0,end:0,service time:0,nodes:1328,
[task] id:6,start:0,end:0,service time:0,nodes:3878,
[task] id:4,start:0,end:0,service time:0,nodes:2426,
[task] id:8,start:0,end:0,service time:0,nodes:2602,
[task] id:9,start:0,end:0,service time:0,nodes:710,
[task] id:3,start:0,end:0,service time:0,nodes:3605,
[task] id:7,start:0,end:0,service time:0,nodes:4196,
[task] id:2,start:0,end:0,service time:0,nodes:3335,
[task] id:0,start:0,end:0,service time:0,nodes:3081,
[task] id:5,start:0,end:0,service time:0,nodes:878,
[agent] id:0
path:2054,2161,2268,2375,2482,2589,2696,2803,2910,3017,3018,3019,3020,3021,3022,3023,3024,3025,3026,3027,3028,3029,3030,3031,3032,3033,3034,3035,3036,3037,3038,3039,3040,3041,3042,3043,3044,3045,3046,3047,3048,3049,3050,3051,3052,3053,3054,3055,3056,3057,3058,3059,3060,3061,3062,3063,3064,3065,3066,3067,3068,3069,3070,3071,3072,3073,3074,3075,3076,3077,3078,3079,3080,3081,3081,3081,3081,3081,
goal:3081,3081,3081,3081,3081,3081,3081,3081,3081,3081,3081,3081,3081,3081,3081,3081,3081,3081,3081,3081,3081,3081,3081,3081,3081,3081,3081,3081,3081,3081,3081,3081,3081,3081,3081,3081,3081,3081,3081,3081,3081,3081,3081,3081,3081,3081,3081,3081,3081,3081,3081,3081,3081,3081,3081,3081,3081,3081,3081,3081,3081,3081,3081,3081,3081,3081,3081,3081,3081,3081,3081,3081,3081,3081,3081,3081,3081,3081,
size:73
[agent] id:1
path:1433,1326,1327,1328,1328,1328,1328,1328,1328,1328,1328,1328,1328,1328,1328,1328,1328,1328,1328,1328,1328,1328,1328,1328,1328,1328,1328,1328,1328,1328,1328,1328,1328,1328,1328,1328,1328,1328,1328,1328,1328,1328,1328,1328,1328,1328,1328,1328,1328,1328,1328,1328,1328,1328,1328,1328,1328,1328,1328,1328,1328,1328,1328,1328,1328,1328,1328,1328,1328,1328,1328,1328,1328,1328,1328,1328,1328,1328,
goal:1328,1328,1328,1328,1328,1328,1328,1328,1328,1328,1328,1328,1328,1328,1328,1328,1328,1328,1328,1328,1328,1328,1328,1328,1328,1328,1328,1328,1328,1328,1328,1328,1328,1328,1328,1328,1328,1328,1328,1328,1328,1328,1328,1328,1328,1328,1328,1328,1328,1328,1328,1328,1328,1328,1328,1328,1328,1328,1328,1328,1328,1328,1328,1328,1328,1328,1328,1328,1328,1328,1328,1328,1328,1328,1328,1328,1328,1328,
size:3
[agent] id:2
path:3080,3079,3078,3077,3076,3075,3074,3073,3072,3071,3070,3069,3068,3067,3066,3065,3064,3063,3062,3061,3060,3059,3058,3057,3056,3055,3054,3053,3052,3051,3050,3049,3048,2941,2940,2939,2938,2937,3044,3043,3042,3041,3040,3039,3038,3037,3036,3035,3034,3033,3032,3031,3030,3029,3028,3027,3026,3025,3024,3131,3238,3345,3344,3343,3342,3341,3340,3339,3338,3337,3336,3335,3335,3335,3335,3335,3335,3335,
goal:3335,3335,3335,3335,3335,3335,3335,3335,3335,3335,3335,3335,3335,3335,3335,3335,3335,3335,3335,3335,3335,3335,3335,3335,3335,3335,3335,3335,3335,3335,3335,3335,3335,3335,3335,3335,3335,3335,3335,3335,3335,3335,3335,3335,3335,3335,3335,3335,3335,3335,3335,3335,3335,3335,3335,3335,3335,3335,3335,3335,3335,3335,3335,3335,3335,3335,3335,3335,3335,3335,3335,3335,3335,3335,3335,3335,3335,3335,
size:71
[agent] id:3
path:2591,2698,2805,2912,3019,3020,3021,3022,3023,3024,3025,3026,3027,3028,3029,3030,3031,3032,3033,3034,3035,3036,3037,3038,3039,3040,3041,3042,3043,3044,3045,3046,3047,3048,3049,3050,3051,3052,3053,3054,3055,3056,3057,3058,3059,3060,3061,3062,3169,3170,3171,3172,3173,3280,3387,3494,3601,3602,3603,3604,3605,3605,3605,3605,3605,3605,3605,3605,3605,3605,3605,3605,3605,3605,3605,3605,3605,3605,
goal:3605,3605,3605,3605,3605,3605,3605,3605,3605,3605,3605,3605,3605,3605,3605,3605,3605,3605,3605,3605,3605,3605,3605,3605,3605,3605,3605,3605,3605,3605,3605,3605,3605,3605,3605,3605,3605,3605,3605,3605,3605,3605,3605,3605,3605,3605,3605,3605,3605,3605,3605,3605,3605,3605,3605,3605,3605,3605,3605,3605,3605,3605,3605,3605,3605,3605,3605,3605,3605,3605,3605,3605,3605,3605,3605,3605,3605,3605,
size:60
[agent] id:4
path:1968,2075,2182,2289,2396,2397,2398,2399,2400,2401,2402,2403,2404,2405,2406,2407,2408,2409,2410,2411,2412,2413,2414,2415,2416,2417,2418,2419,2420,2421,2422,2423,2424,2425,2426,2426,2426,2426,2426,2426,2426,2426,2426,2426,2426,2426,2426,2426,2426,2426,2426,2426,2426,2426,2426,2426,2426,2426,2426,2426,2426,2426,2426,2426,2426,2426,2426,2426,2426,2426,2426,2426,2426,2426,2426,2426,2426,2426,
goal:2426,2426,2426,2426,2426,2426,2426,2426,2426,2426,2426,2426,2426,2426,2426,2426,2426,2426,2426,2426,2426,2426,2426,2426,2426,2426,2426,2426,2426,2426,2426,2426,2426,2426,2426,2426,2426,2426,2426,2426,2426,2426,2426,2426,2426,2426,2426,2426,2426,2426,2426,2426,2426,2426,2426,2426,2426,2426,2426,2426,2426,2426,2426,2426,2426,2426,2426,2426,2426,2426,2426,2426,2426,2426,2426,2426,2426,2426,
size:34
[agent] id:5
path:3813,3706,3599,3600,3601,3494,3387,3280,3173,3066,2959,2852,2745,2638,2531,2424,2317,2210,2103,1996,1995,1994,1993,1992,1991,1990,1989,1988,1987,1986,1985,1984,1983,1982,1981,1980,1979,1978,1977,1976,1975,1974,1973,1972,1971,1970,1969,1968,1967,1966,1965,1964,1963,1962,1961,1960,1959,1958,1957,1956,1955,1954,1847,1846,1845,1844,1843,1842,1735,1628,1521,1414,1307,1200,1093,986,879,878,
goal:878,878,878,878,878,878,878,878,878,878,878,878,878,878,878,878,878,878,878,878,878,878,878,878,878,878,878,878,878,878,878,878,878,878,878,878,878,878,878,878,878,878,878,878,878,878,878,878,878,878,878,878,878,878,878,878,878,878,878,878,878,878,878,878,878,878,878,878,878,878,878,878,878,878,878,878,878,878,
size:77
[agent] id:6
path:2923,3030,3029,3028,3027,3026,3025,3024,3131,3238,3345,3344,3343,3342,3341,3340,3447,3554,3661,3768,3875,3876,3877,3878,3878,3878,3878,3878,3878,3878,3878,3878,3878,3878,3878,3878,3878,3878,3878,3878,3878,3878,3878,3878,3878,3878,3878,3878,3878,3878,3878,3878,3878,3878,3878,3878,3878,3878,3878,3878,3878,3878,3878,3878,3878,3878,3878,3878,3878,3878,3878,3878,3878,3878,3878,3878,3878,3878,
goal:3878,3878,3878,3878,3878,3878,3878,3878,3878,3878,3878,3878,3878,3878,3878,3878,3878,3878,3878,3878,3878,3878,3878,3878,3878,3878,3878,3878,3878,3878,3878,3878,3878,3878,3878,3878,3878,3878,3878,3878,3878,3878,3878,3878,3878,3878,3878,3878,3878,3878,3878,3878,3878,3878,3878,3878,3878,3878,3878,3878,3878,3878,3878,3878,3878,3878,3878,3878,3878,3878,3878,3878,3878,3878,3878,3878,3878,3878,
size:23
[agent] id:7
path:1782,1889,1996,2103,2210,2317,2424,2531,2638,2745,2852,2851,2958,2957,2956,2955,2954,2953,2952,2951,2950,2949,2948,2947,2946,2945,2944,2943,2942,2941,2940,2939,2938,2937,2936,2935,3042,3041,3040,3039,3038,3037,3036,3035,3034,3033,3032,3031,3030,3029,3028,3027,3026,3025,3024,3131,3238,3345,3344,3343,3342,3341,3340,3447,3554,3661,3768,3875,3982,4089,4196,4196,4196,4196,4196,4196,4196,4196,
goal:4196,4196,4196,4196,4196,4196,4196,4196,4196,4196,4196,4196,4196,4196,4196,4196,4196,4196,4196,4196,4196,4196,4196,4196,4196,4196,4196,4196,4196,4196,4196,4196,4196,4196,4196,4196,4196,4196,4196,4196,4196,4196,4196,4196,4196,4196,4196,4196,4196,4196,4196,4196,4196,4196,4196,4196,4196,4196,4196,4196,4196,4196,4196,4196,4196,4196,4196,4196,4196,4196,4196,4196,4196,4196,4196,4196,4196,4196,
size:70
[agent] id:8
path:2954,2847,2740,2633,2632,2631,2630,2629,2628,2627,2626,2625,2624,2623,2622,2621,2620,2619,2618,2617,2616,2615,2614,2613,2612,2611,2610,2609,2608,2607,2606,2605,2604,2603,2602,2602,2602,2602,2602,2602,2602,2602,2602,2602,2602,2602,2602,2602,2602,2602,2602,2602,2602,2602,2602,2602,2602,2602,2602,2602,2602,2602,2602,2602,2602,2602,2602,2602,2602,2602,2602,2602,2602,2602,2602,2602,2602,2602,
goal:2602,2602,2602,2602,2602,2602,2602,2602,2602,2602,2602,2602,2602,2602,2602,2602,2602,2602,2602,2602,2602,2602,2602,2602,2602,2602,2602,2602,2602,2602,2602,2602,2602,2602,2602,2602,2602,2602,2602,2602,2602,2602,2602,2602,2602,2602,2602,2602,2602,2602,2602,2602,2602,2602,2602,2602,2602,2602,2602,2602,2602,2602,2602,2602,2602,2602,2602,2602,2602,2602,2602,2602,2602,2602,2602,2602,2602,2602,
size:34
[agent] id:9
path:3051,2944,2837,2730,2623,2516,2409,2302,2195,2088,1981,1982,1983,1984,1985,1986,1987,1988,1989,1990,1991,1884,1885,1886,1887,1888,1889,1782,1675,1568,1461,1354,1247,1140,1033,926,819,712,711,710,710,710,710,710,710,710,710,710,710,710,710,710,710,710,710,710,710,710,710,710,710,710,710,710,710,710,710,710,710,710,710,710,710,710,710,710,710,710,
goal:710,710,710,710,710,710,710,710,710,710,710,710,710,710,710,710,710,710,710,710,710,710,710,710,710,710,710,710,710,710,710,710,710,710,710,710,710,710,710,710,710,710,710,710,710,710,710,710,710,710,710,710,710,710,710,710,710,710,710,710,710,710,710,710,710,710,710,710,710,710,710,710,710,710,710,710,710,710,
size:39
SolutionCost:484
