[setting] seed:65
[solver] type:ECBS
[solver] w:3.000000
[solver] ID:0
[solver] Lowlevelnode:27789
[solver] solved:1
[solver] elapsed:69
[solver] makespan:52
[problem] timesteplimit:10000
[problem] type:MAPF
[problem] agentnum:10
[graph] width:107
[graph] height:47
[graph] filename:./map/orz601d.map
[task] id:9,start:0,end:0,service time:0,nodes:2544,
[task] id:7,start:0,end:0,service time:0,nodes:2081,
[task] id:5,start:0,end:0,service time:0,nodes:2164,
[task] id:8,start:0,end:0,service time:0,nodes:1842,
[task] id:3,start:0,end:0,service time:0,nodes:2331,
[task] id:6,start:0,end:0,service time:0,nodes:2479,
[task] id:1,start:0,end:0,service time:0,nodes:3017,
[task] id:0,start:0,end:0,service time:0,nodes:4239,
[task] id:4,start:0,end:0,service time:0,nodes:770,
[task] id:2,start:0,end:0,service time:0,nodes:686,
[agent] id:0
path:2504,2611,2718,2825,2932,3039,3040,3041,3042,3043,3044,3045,3046,3047,3048,3049,3050,3051,3052,3053,3054,3055,3056,3057,3058,3059,3060,3061,3062,3169,3170,3171,3172,3173,3280,3387,3494,3601,3708,3815,3922,4029,4136,4243,4242,4241,4240,4239,4239,4239,4239,4239,4239,
goal:4239,4239,4239,4239,4239,4239,4239,4239,4239,4239,4239,4239,4239,4239,4239,4239,4239,4239,4239,4239,4239,4239,4239,4239,4239,4239,4239,4239,4239,4239,4239,4239,4239,4239,4239,4239,4239,4239,4239,4239,4239,4239,4239,4239,4239,4239,4239,4239,4239,4239,4239,4239,4239,
size:47
[agent] id:1
path:2952,2951,2950,2949,2948,2947,2946,2945,2944,2943,2942,2941,2940,2939,3046,3045,3044,3043,3042,3041,3040,3039,3038,3037,3036,3035,3034,3033,3032,3031,3030,3029,3028,3027,3026,3025,3024,3023,3022,3021,3020,3019,3018,3017,3017,3017,3017,3017,3017,3017,3017,3017,3017,
goal:3017,3017,3017,3017,3017,3017,3017,3017,3017,3017,3017,3017,3017,3017,3017,3017,3017,3017,3017,3017,3017,3017,3017,3017,3017,3017,3017,3017,3017,3017,3017,3017,3017,3017,3017,3017,3017,3017,3017,3017,3017,3017,3017,3017,3017,3017,3017,3017,3017,3017,3017,3017,3017,
size:43
[agent] id:2
path:606,713,712,819,926,1033,1140,1247,1354,1461,1568,1675,1782,1889,1888,1887,1886,1885,1884,1991,1990,1989,1988,1987,1986,1985,1984,1983,1982,1981,1980,1979,1978,1871,1870,1869,1868,1867,1866,1759,1652,1545,1438,1331,1224,1117,1010,903,796,689,688,687,686,
goal:686,686,686,686,686,686,686,686,686,686,686,686,686,686,686,686,686,686,686,686,686,686,686,686,686,686,686,686,686,686,686,686,686,686,686,686,686,686,686,686,686,686,686,686,686,686,686,686,686,686,686,686,686,
size:52
[agent] id:3
path:2408,2301,2302,2303,2304,2305,2306,2307,2308,2309,2310,2311,2312,2313,2314,2315,2316,2317,2318,2319,2320,2321,2322,2323,2324,2325,2326,2327,2328,2329,2330,2331,2331,2331,2331,2331,2331,2331,2331,2331,2331,2331,2331,2331,2331,2331,2331,2331,2331,2331,2331,2331,2331,
goal:2331,2331,2331,2331,2331,2331,2331,2331,2331,2331,2331,2331,2331,2331,2331,2331,2331,2331,2331,2331,2331,2331,2331,2331,2331,2331,2331,2331,2331,2331,2331,2331,2331,2331,2331,2331,2331,2331,2331,2331,2331,2331,2331,2331,2331,2331,2331,2331,2331,2331,2331,2331,2331,
size:31
[agent] id:4
path:1217,1324,1325,1326,1433,1434,1435,1436,1437,1544,1651,1758,1865,1972,1971,1970,1969,1968,1967,1966,1965,1964,1963,1962,1961,1960,1959,1958,1957,1956,1955,1954,1953,1952,1951,1950,1949,1948,1841,1734,1627,1520,1413,1306,1199,1092,985,878,771,770,770,770,770,
goal:770,770,770,770,770,770,770,770,770,770,770,770,770,770,770,770,770,770,770,770,770,770,770,770,770,770,770,770,770,770,770,770,770,770,770,770,770,770,770,770,770,770,770,770,770,770,770,770,770,770,770,770,770,
size:49
[agent] id:5
path:2251,2252,2253,2254,2255,2256,2257,2258,2259,2260,2367,2368,2369,2370,2371,2264,2157,2158,2159,2160,2161,2162,2163,2164,2164,2164,2164,2164,2164,2164,2164,2164,2164,2164,2164,2164,2164,2164,2164,2164,2164,2164,2164,2164,2164,2164,2164,2164,2164,2164,2164,2164,2164,
goal:2164,2164,2164,2164,2164,2164,2164,2164,2164,2164,2164,2164,2164,2164,2164,2164,2164,2164,2164,2164,2164,2164,2164,2164,2164,2164,2164,2164,2164,2164,2164,2164,2164,2164,2164,2164,2164,2164,2164,2164,2164,2164,2164,2164,2164,2164,2164,2164,2164,2164,2164,2164,2164,
size:23
[agent] id:6
path:2936,2829,2722,2615,2508,2507,2506,2505,2504,2503,2502,2501,2500,2499,2498,2497,2496,2495,2494,2493,2492,2491,2490,2489,2488,2487,2486,2485,2484,2483,2482,2481,2480,2479,2479,2479,2479,2479,2479,2479,2479,2479,2479,2479,2479,2479,2479,2479,2479,2479,2479,2479,2479,
goal:2479,2479,2479,2479,2479,2479,2479,2479,2479,2479,2479,2479,2479,2479,2479,2479,2479,2479,2479,2479,2479,2479,2479,2479,2479,2479,2479,2479,2479,2479,2479,2479,2479,2479,2479,2479,2479,2479,2479,2479,2479,2479,2479,2479,2479,2479,2479,2479,2479,2479,2479,2479,2479,
size:33
[agent] id:7
path:2931,2824,2717,2610,2503,2396,2289,2182,2075,2076,2077,2078,2079,2080,2081,2081,2081,2081,2081,2081,2081,2081,2081,2081,2081,2081,2081,2081,2081,2081,2081,2081,2081,2081,2081,2081,2081,2081,2081,2081,2081,2081,2081,2081,2081,2081,2081,2081,2081,2081,2081,2081,2081,
goal:2081,2081,2081,2081,2081,2081,2081,2081,2081,2081,2081,2081,2081,2081,2081,2081,2081,2081,2081,2081,2081,2081,2081,2081,2081,2081,2081,2081,2081,2081,2081,2081,2081,2081,2081,2081,2081,2081,2081,2081,2081,2081,2081,2081,2081,2081,2081,2081,2081,2081,2081,2081,2081,
size:14
[agent] id:8
path:2713,2606,2499,2392,2285,2178,2071,1964,1963,1962,1961,1960,1959,1958,1957,1956,1955,1954,1847,1846,1845,1844,1843,1842,1842,1842,1842,1842,1842,1842,1842,1842,1842,1842,1842,1842,1842,1842,1842,1842,1842,1842,1842,1842,1842,1842,1842,1842,1842,1842,1842,1842,1842,
goal:1842,1842,1842,1842,1842,1842,1842,1842,1842,1842,1842,1842,1842,1842,1842,1842,1842,1842,1842,1842,1842,1842,1842,1842,1842,1842,1842,1842,1842,1842,1842,1842,1842,1842,1842,1842,1842,1842,1842,1842,1842,1842,1842,1842,1842,1842,1842,1842,1842,1842,1842,1842,1842,
size:23
[agent] id:9
path:2873,2766,2659,2552,2551,2550,2549,2548,2547,2546,2545,2544,2544,2544,2544,2544,2544,2544,2544,2544,2544,2544,2544,2544,2544,2544,2544,2544,2544,2544,2544,2544,2544,2544,2544,2544,2544,2544,2544,2544,2544,2544,2544,2544,2544,2544,2544,2544,2544,2544,2544,2544,2544,
goal:2544,2544,2544,2544,2544,2544,2544,2544,2544,2544,2544,2544,2544,2544,2544,2544,2544,2544,2544,2544,2544,2544,2544,2544,2544,2544,2544,2544,2544,2544,2544,2544,2544,2544,2544,2544,2544,2544,2544,2544,2544,2544,2544,2544,2544,2544,2544,2544,2544,2544,2544,2544,2544,
size:11
SolutionCost:326
