[setting] seed:99
[solver] type:ECBS
[solver] w:3.000000
[solver] ID:0
[solver] Lowlevelnode:65542
[solver] solved:1
[solver] elapsed:279
[solver] makespan:98
[problem] timesteplimit:10000
[problem] type:MAPF
[problem] agentnum:30
[graph] width:107
[graph] height:47
[graph] filename:./map/orz601d.map
[task] id:5,start:0,end:0,service time:0,nodes:3062,
[task] id:9,start:0,end:0,service time:0,nodes:2542,
[task] id:16,start:0,end:0,service time:0,nodes:2437,
[task] id:12,start:0,end:0,service time:0,nodes:2786,
[task] id:23,start:0,end:0,service time:0,nodes:2281,
[task] id:7,start:0,end:0,service time:0,nodes:3127,
[task] id:28,start:0,end:0,service time:0,nodes:2365,
[task] id:14,start:0,end:0,service time:0,nodes:2598,
[task] id:11,start:0,end:0,service time:0,nodes:2968,
[task] id:8,start:0,end:0,service time:0,nodes:2972,
[task] id:13,start:0,end:0,service time:0,nodes:3060,
[task] id:15,start:0,end:0,service time:0,nodes:1953,
[task] id:3,start:0,end:0,service time:0,nodes:2373,
[task] id:20,start:0,end:0,service time:0,nodes:2645,
[task] id:29,start:0,end:0,service time:0,nodes:2522,
[task] id:1,start:0,end:0,service time:0,nodes:2530,
[task] id:21,start:0,end:0,service time:0,nodes:2662,
[task] id:19,start:0,end:0,service time:0,nodes:1305,
[task] id:0,start:0,end:0,service time:0,nodes:4567,
[task] id:4,start:0,end:0,service time:0,nodes:801,
[task] id:22,start:0,end:0,service time:0,nodes:2915,
[task] id:2,start:0,end:0,service time:0,nodes:3812,
[task] id:10,start:0,end:0,service time:0,nodes:2220,
[task] id:27,start:0,end:0,service time:0,nodes:1202,
[task] id:6,start:0,end:0,service time:0,nodes:2040,
[task] id:17,start:0,end:0,service time:0,nodes:3301,
[task] id:26,start:0,end:0,service time:0,nodes:4347,
[task] id:24,start:0,end:0,service time:0,nodes:1255,
[task] id:25,start:0,end:0,service time:0,nodes:2018,
[task] id:18,start:0,end:0,service time:0,nodes:2252,
[agent] id:0
path:2813,2814,2815,2816,2817,2818,2819,2820,2821,2822,2823,2824,2825,2826,2827,2828,2829,2830,2831,2832,2833,2834,2835,2836,2837,2838,2839,2840,2841,2842,2843,2950,2951,2952,2953,2954,2955,2956,3063,3170,3171,3172,3173,3280,3387,3494,3601,3708,3815,3922,4029,4136,4243,4350,4457,4458,4459,4460,4567,4567,4567,4567,4567,4567,4567,4567,4567,4567,4567,4567,4567,4567,4567,4567,4567,4567,4567,4567,4567,4567,4567,4567,4567,4567,4567,4567,4567,4567,4567,4567,4567,4567,4567,4567,4567,4567,4567,4567,4567,
goal:4567,4567,4567,4567,4567,4567,4567,4567,4567,4567,4567,4567,4567,4567,4567,4567,4567,4567,4567,4567,4567,4567,4567,4567,4567,4567,4567,4567,4567,4567,4567,4567,4567,4567,4567,4567,4567,4567,4567,4567,4567,4567,4567,4567,4567,4567,4567,4567,4567,4567,4567,4567,4567,4567,4567,4567,4567,4567,4567,4567,4567,4567,4567,4567,4567,4567,4567,4567,4567,4567,4567,4567,4567,4567,4567,4567,4567,4567,4567,4567,4567,4567,4567,4567,4567,4567,4567,4567,4567,4567,4567,4567,4567,4567,4567,4567,4567,4567,4567,
size:58
[agent] id:1
path:690,797,904,1011,1118,1225,1332,1439,1438,1545,1652,1759,1866,1973,2080,2187,2294,2401,2508,2509,2510,2511,2512,2513,2514,2515,2516,2517,2518,2519,2520,2521,2522,2523,2524,2525,2526,2527,2528,2529,2530,2530,2530,2530,2530,2530,2530,2530,2530,2530,2530,2530,2530,2530,2530,2530,2530,2530,2530,2530,2530,2530,2530,2530,2530,2530,2530,2530,2530,2530,2530,2530,2530,2530,2530,2530,2530,2530,2530,2530,2530,2530,2530,2530,2530,2530,2530,2530,2530,2530,2530,2530,2530,2530,2530,2530,2530,2530,2530,
goal:2530,2530,2530,2530,2530,2530,2530,2530,2530,2530,2530,2530,2530,2530,2530,2530,2530,2530,2530,2530,2530,2530,2530,2530,2530,2530,2530,2530,2530,2530,2530,2530,2530,2530,2530,2530,2530,2530,2530,2530,2530,2530,2530,2530,2530,2530,2530,2530,2530,2530,2530,2530,2530,2530,2530,2530,2530,2530,2530,2530,2530,2530,2530,2530,2530,2530,2530,2530,2530,2530,2530,2530,2530,2530,2530,2530,2530,2530,2530,2530,2530,2530,2530,2530,2530,2530,2530,2530,2530,2530,2530,2530,2530,2530,2530,2530,2530,2530,2530,
size:40
[agent] id:2
path:3336,3229,3122,3123,3124,3125,3126,3127,3128,3129,3130,3130,3023,3024,3025,3026,3027,3028,3029,3030,3031,3032,3033,3034,3035,3036,3037,3038,3039,3040,3041,3042,3043,3044,3045,3046,3047,3048,3049,3050,3051,3052,3053,3054,3055,3056,3057,3058,3059,2952,2953,2954,2955,2956,3063,3170,3171,3172,3173,3280,3387,3494,3601,3708,3815,3814,3813,3812,3812,3812,3812,3812,3812,3812,3812,3812,3812,3812,3812,3812,3812,3812,3812,3812,3812,3812,3812,3812,3812,3812,3812,3812,3812,3812,3812,3812,3812,3812,3812,
goal:3812,3812,3812,3812,3812,3812,3812,3812,3812,3812,3812,3812,3812,3812,3812,3812,3812,3812,3812,3812,3812,3812,3812,3812,3812,3812,3812,3812,3812,3812,3812,3812,3812,3812,3812,3812,3812,3812,3812,3812,3812,3812,3812,3812,3812,3812,3812,3812,3812,3812,3812,3812,3812,3812,3812,3812,3812,3812,3812,3812,3812,3812,3812,3812,3812,3812,3812,3812,3812,3812,3812,3812,3812,3812,3812,3812,3812,3812,3812,3812,3812,3812,3812,3812,3812,3812,3812,3812,3812,3812,3812,3812,3812,3812,3812,3812,3812,3812,3812,
size:67
[agent] id:3
path:1652,1759,1866,1973,2080,2187,2294,2401,2400,2399,2398,2397,2396,2395,2394,2393,2392,2391,2390,2389,2388,2387,2386,2385,2384,2383,2382,2381,2380,2379,2378,2377,2376,2375,2374,2373,2373,2373,2373,2373,2373,2373,2373,2373,2373,2373,2373,2373,2373,2373,2373,2373,2373,2373,2373,2373,2373,2373,2373,2373,2373,2373,2373,2373,2373,2373,2373,2373,2373,2373,2373,2373,2373,2373,2373,2373,2373,2373,2373,2373,2373,2373,2373,2373,2373,2373,2373,2373,2373,2373,2373,2373,2373,2373,2373,2373,2373,2373,2373,
goal:2373,2373,2373,2373,2373,2373,2373,2373,2373,2373,2373,2373,2373,2373,2373,2373,2373,2373,2373,2373,2373,2373,2373,2373,2373,2373,2373,2373,2373,2373,2373,2373,2373,2373,2373,2373,2373,2373,2373,2373,2373,2373,2373,2373,2373,2373,2373,2373,2373,2373,2373,2373,2373,2373,2373,2373,2373,2373,2373,2373,2373,2373,2373,2373,2373,2373,2373,2373,2373,2373,2373,2373,2373,2373,2373,2373,2373,2373,2373,2373,2373,2373,2373,2373,2373,2373,2373,2373,2373,2373,2373,2373,2373,2373,2373,2373,2373,2373,2373,
size:35
[agent] id:4
path:3077,2970,2863,2756,2649,2542,2435,2328,2221,2114,2007,2006,2005,2004,2003,2002,2001,2000,1999,1998,1997,1996,1995,1994,1993,1992,1991,1990,1989,1988,1987,1986,1985,1984,1983,1982,1981,1980,1979,1978,1871,1870,1869,1868,1867,1866,1759,1652,1545,1438,1331,1224,1117,1010,903,796,797,798,799,800,801,801,801,801,801,801,801,801,801,801,801,801,801,801,801,801,801,801,801,801,801,801,801,801,801,801,801,801,801,801,801,801,801,801,801,801,801,801,801,
goal:801,801,801,801,801,801,801,801,801,801,801,801,801,801,801,801,801,801,801,801,801,801,801,801,801,801,801,801,801,801,801,801,801,801,801,801,801,801,801,801,801,801,801,801,801,801,801,801,801,801,801,801,801,801,801,801,801,801,801,801,801,801,801,801,801,801,801,801,801,801,801,801,801,801,801,801,801,801,801,801,801,801,801,801,801,801,801,801,801,801,801,801,801,801,801,801,801,801,801,
size:60
[agent] id:5
path:2949,3056,3057,3058,3059,3060,3061,3062,3062,3062,3062,3062,3062,3062,3062,3062,3062,3062,3062,3062,3062,3062,3062,3062,3062,3062,3062,3062,3062,3062,3062,3062,3062,3062,3062,3062,3062,3062,3062,3062,3062,3062,3062,3062,3062,3062,3062,3062,3062,3062,3062,3062,3062,3062,3062,3062,3062,3062,3062,3062,3062,3062,3062,3062,3062,3062,3062,3062,3062,3062,3062,3062,3062,3062,3062,3062,3062,3062,3062,3062,3062,3062,3062,3062,3062,3062,3062,3062,3062,3062,3062,3062,3062,3062,3062,3062,3062,3062,3062,
goal:3062,3062,3062,3062,3062,3062,3062,3062,3062,3062,3062,3062,3062,3062,3062,3062,3062,3062,3062,3062,3062,3062,3062,3062,3062,3062,3062,3062,3062,3062,3062,3062,3062,3062,3062,3062,3062,3062,3062,3062,3062,3062,3062,3062,3062,3062,3062,3062,3062,3062,3062,3062,3062,3062,3062,3062,3062,3062,3062,3062,3062,3062,3062,3062,3062,3062,3062,3062,3062,3062,3062,3062,3062,3062,3062,3062,3062,3062,3062,3062,3062,3062,3062,3062,3062,3062,3062,3062,3062,3062,3062,3062,3062,3062,3062,3062,3062,3062,3062,
size:7
[agent] id:6
path:2959,2852,2745,2744,2743,2742,2741,2740,2739,2738,2737,2736,2735,2734,2733,2732,2731,2624,2623,2622,2621,2620,2619,2618,2617,2510,2509,2508,2507,2506,2505,2504,2503,2502,2501,2500,2499,2498,2497,2496,2495,2494,2493,2492,2491,2490,2489,2488,2487,2486,2485,2484,2483,2482,2481,2480,2479,2372,2371,2370,2369,2368,2367,2260,2153,2046,2045,2044,2043,2042,2041,2040,2040,2040,2040,2040,2040,2040,2040,2040,2040,2040,2040,2040,2040,2040,2040,2040,2040,2040,2040,2040,2040,2040,2040,2040,2040,2040,2040,
goal:2040,2040,2040,2040,2040,2040,2040,2040,2040,2040,2040,2040,2040,2040,2040,2040,2040,2040,2040,2040,2040,2040,2040,2040,2040,2040,2040,2040,2040,2040,2040,2040,2040,2040,2040,2040,2040,2040,2040,2040,2040,2040,2040,2040,2040,2040,2040,2040,2040,2040,2040,2040,2040,2040,2040,2040,2040,2040,2040,2040,2040,2040,2040,2040,2040,2040,2040,2040,2040,2040,2040,2040,2040,2040,2040,2040,2040,2040,2040,2040,2040,2040,2040,2040,2040,2040,2040,2040,2040,2040,2040,2040,2040,2040,2040,2040,2040,2040,2040,
size:71
[agent] id:7
path:2063,2170,2277,2384,2491,2598,2705,2812,2919,3026,3025,3024,3131,3130,3129,3128,3127,3127,3127,3127,3127,3127,3127,3127,3127,3127,3127,3127,3127,3127,3127,3127,3127,3127,3127,3127,3127,3127,3127,3127,3127,3127,3127,3127,3127,3127,3127,3127,3127,3127,3127,3127,3127,3127,3127,3127,3127,3127,3127,3127,3127,3127,3127,3127,3127,3127,3127,3127,3127,3127,3127,3127,3127,3127,3127,3127,3127,3127,3127,3127,3127,3127,3127,3127,3127,3127,3127,3127,3127,3127,3127,3127,3127,3127,3127,3127,3127,3127,3127,
goal:3127,3127,3127,3127,3127,3127,3127,3127,3127,3127,3127,3127,3127,3127,3127,3127,3127,3127,3127,3127,3127,3127,3127,3127,3127,3127,3127,3127,3127,3127,3127,3127,3127,3127,3127,3127,3127,3127,3127,3127,3127,3127,3127,3127,3127,3127,3127,3127,3127,3127,3127,3127,3127,3127,3127,3127,3127,3127,3127,3127,3127,3127,3127,3127,3127,3127,3127,3127,3127,3127,3127,3127,3127,3127,3127,3127,3127,3127,3127,3127,3127,3127,3127,3127,3127,3127,3127,3127,3127,3127,3127,3127,3127,3127,3127,3127,3127,3127,3127,
size:16
[agent] id:8
path:2520,2627,2734,2841,2842,2843,2844,2845,2846,2847,2848,2849,2850,2851,2852,2853,2854,2961,2962,2963,2964,2965,2966,2967,2968,2969,2970,2971,2972,2972,2972,2972,2972,2972,2972,2972,2972,2972,2972,2972,2972,2972,2972,2972,2972,2972,2972,2972,2972,2972,2972,2972,2972,2972,2972,2972,2972,2972,2972,2972,2972,2972,2972,2972,2972,2972,2972,2972,2972,2972,2972,2972,2972,2972,2972,2972,2972,2972,2972,2972,2972,2972,2972,2972,2972,2972,2972,2972,2972,2972,2972,2972,2972,2972,2972,2972,2972,2972,2972,
goal:2972,2972,2972,2972,2972,2972,2972,2972,2972,2972,2972,2972,2972,2972,2972,2972,2972,2972,2972,2972,2972,2972,2972,2972,2972,2972,2972,2972,2972,2972,2972,2972,2972,2972,2972,2972,2972,2972,2972,2972,2972,2972,2972,2972,2972,2972,2972,2972,2972,2972,2972,2972,2972,2972,2972,2972,2972,2972,2972,2972,2972,2972,2972,2972,2972,2972,2972,2972,2972,2972,2972,2972,2972,2972,2972,2972,2972,2972,2972,2972,2972,2972,2972,2972,2972,2972,2972,2972,2972,2972,2972,2972,2972,2972,2972,2972,2972,2972,2972,
size:28
[agent] id:9
path:2002,2109,2216,2323,2430,2537,2538,2539,2540,2541,2542,2542,2542,2542,2542,2542,2542,2542,2542,2542,2542,2542,2542,2542,2542,2542,2542,2542,2542,2542,2542,2542,2542,2542,2542,2542,2542,2542,2542,2542,2542,2542,2542,2542,2542,2542,2542,2542,2542,2542,2542,2542,2542,2542,2542,2542,2542,2542,2542,2542,2542,2542,2542,2542,2542,2542,2542,2542,2542,2542,2542,2542,2542,2542,2542,2542,2542,2542,2542,2542,2542,2542,2542,2542,2542,2542,2542,2542,2542,2542,2542,2542,2542,2542,2542,2542,2542,2542,2542,
goal:2542,2542,2542,2542,2542,2542,2542,2542,2542,2542,2542,2542,2542,2542,2542,2542,2542,2542,2542,2542,2542,2542,2542,2542,2542,2542,2542,2542,2542,2542,2542,2542,2542,2542,2542,2542,2542,2542,2542,2542,2542,2542,2542,2542,2542,2542,2542,2542,2542,2542,2542,2542,2542,2542,2542,2542,2542,2542,2542,2542,2542,2542,2542,2542,2542,2542,2542,2542,2542,2542,2542,2542,2542,2542,2542,2542,2542,2542,2542,2542,2542,2542,2542,2542,2542,2542,2542,2542,2542,2542,2542,2542,2542,2542,2542,2542,2542,2542,2542,
size:10
[agent] id:10
path:3017,2910,2803,2696,2589,2482,2375,2268,2161,2162,2163,2164,2165,2166,2167,2168,2169,2170,2171,2172,2173,2174,2175,2176,2177,2178,2179,2180,2181,2182,2183,2184,2185,2186,2187,2188,2189,2190,2191,2192,2193,2194,2195,2196,2197,2198,2199,2200,2201,2202,2203,2204,2205,2206,2207,2208,2209,2210,2211,2212,2213,2214,2215,2216,2217,2218,2219,2220,2220,2220,2220,2220,2220,2220,2220,2220,2220,2220,2220,2220,2220,2220,2220,2220,2220,2220,2220,2220,2220,2220,2220,2220,2220,2220,2220,2220,2220,2220,2220,
goal:2220,2220,2220,2220,2220,2220,2220,2220,2220,2220,2220,2220,2220,2220,2220,2220,2220,2220,2220,2220,2220,2220,2220,2220,2220,2220,2220,2220,2220,2220,2220,2220,2220,2220,2220,2220,2220,2220,2220,2220,2220,2220,2220,2220,2220,2220,2220,2220,2220,2220,2220,2220,2220,2220,2220,2220,2220,2220,2220,2220,2220,2220,2220,2220,2220,2220,2220,2220,2220,2220,2220,2220,2220,2220,2220,2220,2220,2220,2220,2220,2220,2220,2220,2220,2220,2220,2220,2220,2220,2220,2220,2220,2220,2220,2220,2220,2220,2220,2220,
size:67
[agent] id:11
path:1139,1246,1353,1460,1461,1568,1675,1782,1889,1996,2103,2210,2317,2424,2531,2638,2745,2852,2959,2960,2961,2962,2963,2964,2965,2966,2967,2968,2968,2968,2968,2968,2968,2968,2968,2968,2968,2968,2968,2968,2968,2968,2968,2968,2968,2968,2968,2968,2968,2968,2968,2968,2968,2968,2968,2968,2968,2968,2968,2968,2968,2968,2968,2968,2968,2968,2968,2968,2968,2968,2968,2968,2968,2968,2968,2968,2968,2968,2968,2968,2968,2968,2968,2968,2968,2968,2968,2968,2968,2968,2968,2968,2968,2968,2968,2968,2968,2968,2968,
goal:2968,2968,2968,2968,2968,2968,2968,2968,2968,2968,2968,2968,2968,2968,2968,2968,2968,2968,2968,2968,2968,2968,2968,2968,2968,2968,2968,2968,2968,2968,2968,2968,2968,2968,2968,2968,2968,2968,2968,2968,2968,2968,2968,2968,2968,2968,2968,2968,2968,2968,2968,2968,2968,2968,2968,2968,2968,2968,2968,2968,2968,2968,2968,2968,2968,2968,2968,2968,2968,2968,2968,2968,2968,2968,2968,2968,2968,2968,2968,2968,2968,2968,2968,2968,2968,2968,2968,2968,2968,2968,2968,2968,2968,2968,2968,2968,2968,2968,2968,
size:27
[agent] id:12
path:1935,2042,2149,2256,2363,2470,2577,2684,2791,2790,2789,2788,2787,2786,2786,2786,2786,2786,2786,2786,2786,2786,2786,2786,2786,2786,2786,2786,2786,2786,2786,2786,2786,2786,2786,2786,2786,2786,2786,2786,2786,2786,2786,2786,2786,2786,2786,2786,2786,2786,2786,2786,2786,2786,2786,2786,2786,2786,2786,2786,2786,2786,2786,2786,2786,2786,2786,2786,2786,2786,2786,2786,2786,2786,2786,2786,2786,2786,2786,2786,2786,2786,2786,2786,2786,2786,2786,2786,2786,2786,2786,2786,2786,2786,2786,2786,2786,2786,2786,
goal:2786,2786,2786,2786,2786,2786,2786,2786,2786,2786,2786,2786,2786,2786,2786,2786,2786,2786,2786,2786,2786,2786,2786,2786,2786,2786,2786,2786,2786,2786,2786,2786,2786,2786,2786,2786,2786,2786,2786,2786,2786,2786,2786,2786,2786,2786,2786,2786,2786,2786,2786,2786,2786,2786,2786,2786,2786,2786,2786,2786,2786,2786,2786,2786,2786,2786,2786,2786,2786,2786,2786,2786,2786,2786,2786,2786,2786,2786,2786,2786,2786,2786,2786,2786,2786,2786,2786,2786,2786,2786,2786,2786,2786,2786,2786,2786,2786,2786,2786,
size:13
[agent] id:13
path:2551,2658,2765,2872,2871,2870,2869,2868,2867,2866,2865,2864,2863,2862,2861,2860,2859,2858,2857,2856,2855,2854,2961,2960,2959,2958,2957,2956,2955,2954,3061,3060,3060,3060,3060,3060,3060,3060,3060,3060,3060,3060,3060,3060,3060,3060,3060,3060,3060,3060,3060,3060,3060,3060,3060,3060,3060,3060,3060,3060,3060,3060,3060,3060,3060,3060,3060,3060,3060,3060,3060,3060,3060,3060,3060,3060,3060,3060,3060,3060,3060,3060,3060,3060,3060,3060,3060,3060,3060,3060,3060,3060,3060,3060,3060,3060,3060,3060,3060,
goal:3060,3060,3060,3060,3060,3060,3060,3060,3060,3060,3060,3060,3060,3060,3060,3060,3060,3060,3060,3060,3060,3060,3060,3060,3060,3060,3060,3060,3060,3060,3060,3060,3060,3060,3060,3060,3060,3060,3060,3060,3060,3060,3060,3060,3060,3060,3060,3060,3060,3060,3060,3060,3060,3060,3060,3060,3060,3060,3060,3060,3060,3060,3060,3060,3060,3060,3060,3060,3060,3060,3060,3060,3060,3060,3060,3060,3060,3060,3060,3060,3060,3060,3060,3060,3060,3060,3060,3060,3060,3060,3060,3060,3060,3060,3060,3060,3060,3060,3060,
size:31
[agent] id:14
path:2898,2791,2684,2577,2578,2579,2580,2581,2474,2475,2476,2477,2478,2585,2586,2587,2588,2589,2590,2591,2592,2593,2594,2595,2596,2597,2598,2598,2598,2598,2598,2598,2598,2598,2598,2598,2598,2598,2598,2598,2598,2598,2598,2598,2598,2598,2598,2598,2598,2598,2598,2598,2598,2598,2598,2598,2598,2598,2598,2598,2598,2598,2598,2598,2598,2598,2598,2598,2598,2598,2598,2598,2598,2598,2598,2598,2598,2598,2598,2598,2598,2598,2598,2598,2598,2598,2598,2598,2598,2598,2598,2598,2598,2598,2598,2598,2598,2598,2598,
goal:2598,2598,2598,2598,2598,2598,2598,2598,2598,2598,2598,2598,2598,2598,2598,2598,2598,2598,2598,2598,2598,2598,2598,2598,2598,2598,2598,2598,2598,2598,2598,2598,2598,2598,2598,2598,2598,2598,2598,2598,2598,2598,2598,2598,2598,2598,2598,2598,2598,2598,2598,2598,2598,2598,2598,2598,2598,2598,2598,2598,2598,2598,2598,2598,2598,2598,2598,2598,2598,2598,2598,2598,2598,2598,2598,2598,2598,2598,2598,2598,2598,2598,2598,2598,2598,2598,2598,2598,2598,2598,2598,2598,2598,2598,2598,2598,2598,2598,2598,
size:26
[agent] id:15
path:2941,2834,2727,2620,2513,2406,2299,2192,2085,1978,1977,1976,1975,1974,1973,1972,1971,1970,1969,1968,1967,1966,1965,1964,1963,1962,1961,1960,1959,1958,1957,1956,1955,1954,1953,1953,1953,1953,1953,1953,1953,1953,1953,1953,1953,1953,1953,1953,1953,1953,1953,1953,1953,1953,1953,1953,1953,1953,1953,1953,1953,1953,1953,1953,1953,1953,1953,1953,1953,1953,1953,1953,1953,1953,1953,1953,1953,1953,1953,1953,1953,1953,1953,1953,1953,1953,1953,1953,1953,1953,1953,1953,1953,1953,1953,1953,1953,1953,1953,
goal:1953,1953,1953,1953,1953,1953,1953,1953,1953,1953,1953,1953,1953,1953,1953,1953,1953,1953,1953,1953,1953,1953,1953,1953,1953,1953,1953,1953,1953,1953,1953,1953,1953,1953,1953,1953,1953,1953,1953,1953,1953,1953,1953,1953,1953,1953,1953,1953,1953,1953,1953,1953,1953,1953,1953,1953,1953,1953,1953,1953,1953,1953,1953,1953,1953,1953,1953,1953,1953,1953,1953,1953,1953,1953,1953,1953,1953,1953,1953,1953,1953,1953,1953,1953,1953,1953,1953,1953,1953,1953,1953,1953,1953,1953,1953,1953,1953,1953,1953,
size:34
[agent] id:16
path:2858,2751,2644,2537,2538,2431,2432,2433,2434,2435,2436,2437,2437,2437,2437,2437,2437,2437,2437,2437,2437,2437,2437,2437,2437,2437,2437,2437,2437,2437,2437,2437,2437,2437,2437,2437,2437,2437,2437,2437,2437,2437,2437,2437,2437,2437,2437,2437,2437,2437,2437,2437,2437,2437,2437,2437,2437,2437,2437,2437,2437,2437,2437,2437,2437,2437,2437,2437,2437,2437,2437,2437,2437,2437,2437,2437,2437,2437,2437,2437,2437,2437,2437,2437,2437,2437,2437,2437,2437,2437,2437,2437,2437,2437,2437,2437,2437,2437,2437,
goal:2437,2437,2437,2437,2437,2437,2437,2437,2437,2437,2437,2437,2437,2437,2437,2437,2437,2437,2437,2437,2437,2437,2437,2437,2437,2437,2437,2437,2437,2437,2437,2437,2437,2437,2437,2437,2437,2437,2437,2437,2437,2437,2437,2437,2437,2437,2437,2437,2437,2437,2437,2437,2437,2437,2437,2437,2437,2437,2437,2437,2437,2437,2437,2437,2437,2437,2437,2437,2437,2437,2437,2437,2437,2437,2437,2437,2437,2437,2437,2437,2437,2437,2437,2437,2437,2437,2437,2437,2437,2437,2437,2437,2437,2437,2437,2437,2437,2437,2437,
size:11
[agent] id:17
path:2694,2801,2802,2803,2804,2805,2806,2807,2808,2809,2810,2811,2812,2813,2814,2815,2816,2817,2818,2819,2820,2821,2822,2823,2824,2825,2826,2827,2828,2829,2830,2831,2832,2833,2834,2835,2836,2943,2944,2945,2946,2947,2948,2949,2950,2951,2952,2953,2954,2955,2956,3063,3064,3065,3066,3067,3068,3069,3070,3071,3072,3073,3074,3075,3076,3077,3078,3079,3080,3081,3082,3083,3084,3085,3086,3193,3300,3301,3301,3301,3301,3301,3301,3301,3301,3301,3301,3301,3301,3301,3301,3301,3301,3301,3301,3301,3301,3301,3301,
goal:3301,3301,3301,3301,3301,3301,3301,3301,3301,3301,3301,3301,3301,3301,3301,3301,3301,3301,3301,3301,3301,3301,3301,3301,3301,3301,3301,3301,3301,3301,3301,3301,3301,3301,3301,3301,3301,3301,3301,3301,3301,3301,3301,3301,3301,3301,3301,3301,3301,3301,3301,3301,3301,3301,3301,3301,3301,3301,3301,3301,3301,3301,3301,3301,3301,3301,3301,3301,3301,3301,3301,3301,3301,3301,3301,3301,3301,3301,3301,3301,3301,3301,3301,3301,3301,3301,3301,3301,3301,3301,3301,3301,3301,3301,3301,3301,3301,3301,3301,
size:77
[agent] id:18
path:2772,2665,2558,2557,2556,2555,2554,2553,2552,2551,2550,2549,2548,2547,2546,2545,2544,2543,2436,2435,2434,2433,2432,2431,2430,2429,2428,2427,2426,2425,2424,2423,2422,2421,2420,2419,2418,2417,2416,2415,2414,2413,2412,2411,2410,2409,2408,2407,2406,2405,2404,2403,2402,2401,2400,2399,2398,2397,2396,2395,2394,2393,2392,2391,2390,2389,2388,2387,2386,2385,2384,2383,2382,2381,2380,2379,2378,2377,2376,2375,2374,2481,2480,2479,2372,2371,2370,2369,2368,2367,2260,2259,2258,2257,2256,2255,2254,2253,2252,
goal:2252,2252,2252,2252,2252,2252,2252,2252,2252,2252,2252,2252,2252,2252,2252,2252,2252,2252,2252,2252,2252,2252,2252,2252,2252,2252,2252,2252,2252,2252,2252,2252,2252,2252,2252,2252,2252,2252,2252,2252,2252,2252,2252,2252,2252,2252,2252,2252,2252,2252,2252,2252,2252,2252,2252,2252,2252,2252,2252,2252,2252,2252,2252,2252,2252,2252,2252,2252,2252,2252,2252,2252,2252,2252,2252,2252,2252,2252,2252,2252,2252,2252,2252,2252,2252,2252,2252,2252,2252,2252,2252,2252,2252,2252,2252,2252,2252,2252,2252,
size:98
[agent] id:19
path:1887,1886,1885,1884,1991,1990,1989,1988,1987,1986,1985,1984,1983,1982,1981,1980,1979,1978,1977,1976,1975,1974,1973,1972,1971,1970,1969,1968,1967,1966,1965,1964,1963,1962,1961,1960,1959,1958,1957,1956,1955,1954,1847,1846,1845,1844,1843,1842,1735,1628,1521,1414,1307,1306,1305,1305,1305,1305,1305,1305,1305,1305,1305,1305,1305,1305,1305,1305,1305,1305,1305,1305,1305,1305,1305,1305,1305,1305,1305,1305,1305,1305,1305,1305,1305,1305,1305,1305,1305,1305,1305,1305,1305,1305,1305,1305,1305,1305,1305,
goal:1305,1305,1305,1305,1305,1305,1305,1305,1305,1305,1305,1305,1305,1305,1305,1305,1305,1305,1305,1305,1305,1305,1305,1305,1305,1305,1305,1305,1305,1305,1305,1305,1305,1305,1305,1305,1305,1305,1305,1305,1305,1305,1305,1305,1305,1305,1305,1305,1305,1305,1305,1305,1305,1305,1305,1305,1305,1305,1305,1305,1305,1305,1305,1305,1305,1305,1305,1305,1305,1305,1305,1305,1305,1305,1305,1305,1305,1305,1305,1305,1305,1305,1305,1305,1305,1305,1305,1305,1305,1305,1305,1305,1305,1305,1305,1305,1305,1305,1305,
size:54
[agent] id:20
path:2718,2611,2612,2613,2614,2615,2616,2617,2618,2619,2620,2621,2622,2623,2624,2625,2626,2627,2628,2629,2630,2631,2632,2633,2634,2635,2636,2637,2638,2639,2640,2641,2642,2643,2644,2645,2645,2645,2645,2645,2645,2645,2645,2645,2645,2645,2645,2645,2645,2645,2645,2645,2645,2645,2645,2645,2645,2645,2645,2645,2645,2645,2645,2645,2645,2645,2645,2645,2645,2645,2645,2645,2645,2645,2645,2645,2645,2645,2645,2645,2645,2645,2645,2645,2645,2645,2645,2645,2645,2645,2645,2645,2645,2645,2645,2645,2645,2645,2645,
goal:2645,2645,2645,2645,2645,2645,2645,2645,2645,2645,2645,2645,2645,2645,2645,2645,2645,2645,2645,2645,2645,2645,2645,2645,2645,2645,2645,2645,2645,2645,2645,2645,2645,2645,2645,2645,2645,2645,2645,2645,2645,2645,2645,2645,2645,2645,2645,2645,2645,2645,2645,2645,2645,2645,2645,2645,2645,2645,2645,2645,2645,2645,2645,2645,2645,2645,2645,2645,2645,2645,2645,2645,2645,2645,2645,2645,2645,2645,2645,2645,2645,2645,2645,2645,2645,2645,2645,2645,2645,2645,2645,2645,2645,2645,2645,2645,2645,2645,2645,
size:35
[agent] id:21
path:4354,4247,4140,4033,3926,3819,3712,3605,3604,3603,3602,3495,3388,3281,3174,3067,2960,2853,2746,2639,2640,2641,2642,2643,2644,2645,2646,2647,2648,2649,2650,2651,2652,2653,2654,2655,2656,2657,2658,2659,2660,2661,2662,2662,2662,2662,2662,2662,2662,2662,2662,2662,2662,2662,2662,2662,2662,2662,2662,2662,2662,2662,2662,2662,2662,2662,2662,2662,2662,2662,2662,2662,2662,2662,2662,2662,2662,2662,2662,2662,2662,2662,2662,2662,2662,2662,2662,2662,2662,2662,2662,2662,2662,2662,2662,2662,2662,2662,2662,
goal:2662,2662,2662,2662,2662,2662,2662,2662,2662,2662,2662,2662,2662,2662,2662,2662,2662,2662,2662,2662,2662,2662,2662,2662,2662,2662,2662,2662,2662,2662,2662,2662,2662,2662,2662,2662,2662,2662,2662,2662,2662,2662,2662,2662,2662,2662,2662,2662,2662,2662,2662,2662,2662,2662,2662,2662,2662,2662,2662,2662,2662,2662,2662,2662,2662,2662,2662,2662,2662,2662,2662,2662,2662,2662,2662,2662,2662,2662,2662,2662,2662,2662,2662,2662,2662,2662,2662,2662,2662,2662,2662,2662,2662,2662,2662,2662,2662,2662,2662,
size:42
[agent] id:22
path:926,1033,1140,1247,1354,1461,1568,1675,1782,1889,1996,2103,2210,2317,2424,2531,2638,2745,2852,2959,2958,2957,2956,2955,2954,2953,2952,2951,2950,2949,2948,2947,2946,2945,2944,2943,2942,2941,2940,2939,2938,2937,2936,2935,2934,2933,2932,2931,2930,2929,2928,2927,2926,2925,2924,2923,2922,2921,2920,2919,2918,2917,2916,2915,2915,2915,2915,2915,2915,2915,2915,2915,2915,2915,2915,2915,2915,2915,2915,2915,2915,2915,2915,2915,2915,2915,2915,2915,2915,2915,2915,2915,2915,2915,2915,2915,2915,2915,2915,
goal:2915,2915,2915,2915,2915,2915,2915,2915,2915,2915,2915,2915,2915,2915,2915,2915,2915,2915,2915,2915,2915,2915,2915,2915,2915,2915,2915,2915,2915,2915,2915,2915,2915,2915,2915,2915,2915,2915,2915,2915,2915,2915,2915,2915,2915,2915,2915,2915,2915,2915,2915,2915,2915,2915,2915,2915,2915,2915,2915,2915,2915,2915,2915,2915,2915,2915,2915,2915,2915,2915,2915,2915,2915,2915,2915,2915,2915,2915,2915,2915,2915,2915,2915,2915,2915,2915,2915,2915,2915,2915,2915,2915,2915,2915,2915,2915,2915,2915,2915,
size:63
[agent] id:23
path:2914,2807,2700,2593,2486,2379,2272,2273,2274,2275,2276,2277,2278,2279,2280,2281,2281,2281,2281,2281,2281,2281,2281,2281,2281,2281,2281,2281,2281,2281,2281,2281,2281,2281,2281,2281,2281,2281,2281,2281,2281,2281,2281,2281,2281,2281,2281,2281,2281,2281,2281,2281,2281,2281,2281,2281,2281,2281,2281,2281,2281,2281,2281,2281,2281,2281,2281,2281,2281,2281,2281,2281,2281,2281,2281,2281,2281,2281,2281,2281,2281,2281,2281,2281,2281,2281,2281,2281,2281,2281,2281,2281,2281,2281,2281,2281,2281,2281,2281,
goal:2281,2281,2281,2281,2281,2281,2281,2281,2281,2281,2281,2281,2281,2281,2281,2281,2281,2281,2281,2281,2281,2281,2281,2281,2281,2281,2281,2281,2281,2281,2281,2281,2281,2281,2281,2281,2281,2281,2281,2281,2281,2281,2281,2281,2281,2281,2281,2281,2281,2281,2281,2281,2281,2281,2281,2281,2281,2281,2281,2281,2281,2281,2281,2281,2281,2281,2281,2281,2281,2281,2281,2281,2281,2281,2281,2281,2281,2281,2281,2281,2281,2281,2281,2281,2281,2281,2281,2281,2281,2281,2281,2281,2281,2281,2281,2281,2281,2281,2281,
size:15
[agent] id:24
path:1830,1937,2044,2151,2258,2365,2366,2367,2368,2369,2370,2371,2264,2157,2050,2051,2052,2053,2054,2055,2056,2057,2058,2059,2060,2061,2062,2063,2064,2065,2066,2067,2068,2069,2070,2071,2072,2073,2074,2075,2076,2077,1970,1971,1972,1973,1974,1975,1976,1977,1978,1979,1980,1981,1982,1983,1984,1985,1986,1987,1988,1989,1990,1991,1884,1885,1886,1887,1888,1889,1782,1675,1568,1461,1354,1247,1248,1249,1250,1251,1252,1253,1254,1255,1255,1255,1255,1255,1255,1255,1255,1255,1255,1255,1255,1255,1255,1255,1255,
goal:1255,1255,1255,1255,1255,1255,1255,1255,1255,1255,1255,1255,1255,1255,1255,1255,1255,1255,1255,1255,1255,1255,1255,1255,1255,1255,1255,1255,1255,1255,1255,1255,1255,1255,1255,1255,1255,1255,1255,1255,1255,1255,1255,1255,1255,1255,1255,1255,1255,1255,1255,1255,1255,1255,1255,1255,1255,1255,1255,1255,1255,1255,1255,1255,1255,1255,1255,1255,1255,1255,1255,1255,1255,1255,1255,1255,1255,1255,1255,1255,1255,1255,1255,1255,1255,1255,1255,1255,1255,1255,1255,1255,1255,1255,1255,1255,1255,1255,1255,
size:83
[agent] id:25
path:4300,4193,4086,3979,3872,3765,3766,3767,3660,3553,3446,3339,3232,3125,3018,2911,2804,2697,2698,2699,2700,2701,2702,2703,2704,2705,2706,2599,2492,2385,2278,2171,2064,2065,2066,2067,2068,2069,2070,2071,2072,2073,2074,2075,1968,1969,1970,1971,1972,1973,1974,1975,1976,1977,1978,1979,1980,1981,1982,1983,1984,1985,1986,1987,1988,1989,1990,1991,1992,1993,1994,1995,1996,1997,1998,1999,2000,2001,2002,2003,2004,2005,2006,2007,2008,2009,2010,2011,2012,2013,2014,2015,2016,2017,2018,2018,2018,2018,2018,
goal:2018,2018,2018,2018,2018,2018,2018,2018,2018,2018,2018,2018,2018,2018,2018,2018,2018,2018,2018,2018,2018,2018,2018,2018,2018,2018,2018,2018,2018,2018,2018,2018,2018,2018,2018,2018,2018,2018,2018,2018,2018,2018,2018,2018,2018,2018,2018,2018,2018,2018,2018,2018,2018,2018,2018,2018,2018,2018,2018,2018,2018,2018,2018,2018,2018,2018,2018,2018,2018,2018,2018,2018,2018,2018,2018,2018,2018,2018,2018,2018,2018,2018,2018,2018,2018,2018,2018,2018,2018,2018,2018,2018,2018,2018,2018,2018,2018,2018,2018,
size:94
[agent] id:26
path:3882,3775,3774,3773,3772,3771,3770,3769,3768,3661,3554,3447,3340,3233,3126,3019,3020,3021,3022,3023,3024,3025,3026,3027,3028,3029,3030,3031,3032,3033,3034,3035,3036,3037,3038,3039,3040,3041,3042,3043,3044,3045,3046,3047,3048,3049,3050,3051,3052,3053,3054,3055,3056,3057,3058,3059,2952,2953,2954,2955,2956,3063,3170,3171,3172,3173,3280,3387,3494,3601,3708,3815,3922,4029,4136,4243,4350,4349,4348,4347,4347,4347,4347,4347,4347,4347,4347,4347,4347,4347,4347,4347,4347,4347,4347,4347,4347,4347,4347,
goal:4347,4347,4347,4347,4347,4347,4347,4347,4347,4347,4347,4347,4347,4347,4347,4347,4347,4347,4347,4347,4347,4347,4347,4347,4347,4347,4347,4347,4347,4347,4347,4347,4347,4347,4347,4347,4347,4347,4347,4347,4347,4347,4347,4347,4347,4347,4347,4347,4347,4347,4347,4347,4347,4347,4347,4347,4347,4347,4347,4347,4347,4347,4347,4347,4347,4347,4347,4347,4347,4347,4347,4347,4347,4347,4347,4347,4347,4347,4347,4347,4347,4347,4347,4347,4347,4347,4347,4347,4347,4347,4347,4347,4347,4347,4347,4347,4347,4347,4347,
size:79
[agent] id:27
path:817,924,1031,1138,1245,1352,1459,1460,1461,1568,1675,1782,1889,1888,1887,1886,1885,1884,1991,1990,1989,1988,1987,1986,1985,1984,1983,1982,1981,1980,1979,1978,1977,1976,1975,1974,1973,1972,1971,1970,1969,1968,1967,1966,1965,1964,1963,1962,1961,1960,1959,1958,1957,1956,1955,1954,1847,1846,1845,1844,1843,1842,1735,1628,1521,1414,1307,1200,1201,1202,1202,1202,1202,1202,1202,1202,1202,1202,1202,1202,1202,1202,1202,1202,1202,1202,1202,1202,1202,1202,1202,1202,1202,1202,1202,1202,1202,1202,1202,
goal:1202,1202,1202,1202,1202,1202,1202,1202,1202,1202,1202,1202,1202,1202,1202,1202,1202,1202,1202,1202,1202,1202,1202,1202,1202,1202,1202,1202,1202,1202,1202,1202,1202,1202,1202,1202,1202,1202,1202,1202,1202,1202,1202,1202,1202,1202,1202,1202,1202,1202,1202,1202,1202,1202,1202,1202,1202,1202,1202,1202,1202,1202,1202,1202,1202,1202,1202,1202,1202,1202,1202,1202,1202,1202,1202,1202,1202,1202,1202,1202,1202,1202,1202,1202,1202,1202,1202,1202,1202,1202,1202,1202,1202,1202,1202,1202,1202,1202,1202,
size:69
[agent] id:28
path:2814,2707,2600,2493,2386,2385,2384,2383,2382,2381,2380,2379,2378,2377,2376,2375,2374,2373,2372,2371,2370,2369,2368,2367,2366,2365,2365,2365,2365,2365,2365,2365,2365,2365,2365,2365,2365,2365,2365,2365,2365,2365,2365,2365,2365,2365,2365,2365,2365,2365,2365,2365,2365,2365,2365,2365,2365,2365,2365,2365,2365,2365,2365,2365,2365,2365,2365,2365,2365,2365,2365,2365,2365,2365,2365,2365,2365,2365,2365,2365,2365,2365,2365,2365,2365,2365,2365,2365,2365,2365,2365,2365,2365,2365,2365,2365,2365,2365,2365,
goal:2365,2365,2365,2365,2365,2365,2365,2365,2365,2365,2365,2365,2365,2365,2365,2365,2365,2365,2365,2365,2365,2365,2365,2365,2365,2365,2365,2365,2365,2365,2365,2365,2365,2365,2365,2365,2365,2365,2365,2365,2365,2365,2365,2365,2365,2365,2365,2365,2365,2365,2365,2365,2365,2365,2365,2365,2365,2365,2365,2365,2365,2365,2365,2365,2365,2365,2365,2365,2365,2365,2365,2365,2365,2365,2365,2365,2365,2365,2365,2365,2365,2365,2365,2365,2365,2365,2365,2365,2365,2365,2365,2365,2365,2365,2365,2365,2365,2365,2365,
size:25
[agent] id:29
path:585,692,799,906,1013,1120,1227,1334,1441,1440,1439,1438,1545,1652,1759,1866,1973,2080,2187,2294,2401,2508,2509,2510,2511,2512,2513,2514,2515,2516,2517,2518,2519,2520,2521,2522,2522,2522,2522,2522,2522,2522,2522,2522,2522,2522,2522,2522,2522,2522,2522,2522,2522,2522,2522,2522,2522,2522,2522,2522,2522,2522,2522,2522,2522,2522,2522,2522,2522,2522,2522,2522,2522,2522,2522,2522,2522,2522,2522,2522,2522,2522,2522,2522,2522,2522,2522,2522,2522,2522,2522,2522,2522,2522,2522,2522,2522,2522,2522,
goal:2522,2522,2522,2522,2522,2522,2522,2522,2522,2522,2522,2522,2522,2522,2522,2522,2522,2522,2522,2522,2522,2522,2522,2522,2522,2522,2522,2522,2522,2522,2522,2522,2522,2522,2522,2522,2522,2522,2522,2522,2522,2522,2522,2522,2522,2522,2522,2522,2522,2522,2522,2522,2522,2522,2522,2522,2522,2522,2522,2522,2522,2522,2522,2522,2522,2522,2522,2522,2522,2522,2522,2522,2522,2522,2522,2522,2522,2522,2522,2522,2522,2522,2522,2522,2522,2522,2522,2522,2522,2522,2522,2522,2522,2522,2522,2522,2522,2522,2522,
size:35
SolutionCost:1370
