[setting] seed:0
[solver] type:ECBS
[solver] w:3.250000
[solver] ID:0
[solver] Lowlevelnode:22386
[solver] solved:1
[solver] elapsed:15
[solver] makespan:81
[problem] timesteplimit:10000
[problem] type:MAPF
[problem] agentnum:10
[graph] width:107
[graph] height:47
[graph] filename:./map/orz601d.map
[task] id:9,start:0,end:0,service time:0,nodes:2841,
[task] id:3,start:0,end:0,service time:0,nodes:2821,
[task] id:7,start:0,end:0,service time:0,nodes:3077,
[task] id:1,start:0,end:0,service time:0,nodes:2643,
[task] id:8,start:0,end:0,service time:0,nodes:3056,
[task] id:2,start:0,end:0,service time:0,nodes:2626,
[task] id:0,start:0,end:0,service time:0,nodes:2937,
[task] id:5,start:0,end:0,service time:0,nodes:1038,
[task] id:6,start:0,end:0,service time:0,nodes:2162,
[task] id:4,start:0,end:0,service time:0,nodes:2580,
[agent] id:0
path:2366,2473,2474,2475,2476,2477,2478,2585,2692,2799,2906,2907,2908,2909,2910,2911,2912,2913,2914,2915,2916,2917,2918,2919,2920,2921,2922,2923,2924,2925,2926,2927,2928,2929,2930,2931,2932,2933,2934,2935,2936,2937,2937,2937,2937,2937,2937,2937,2937,2937,2937,2937,2937,2937,2937,2937,2937,2937,2937,2937,2937,2937,2937,2937,2937,2937,2937,2937,2937,2937,2937,2937,2937,2937,2937,2937,2937,2937,2937,2937,2937,2937,
goal:2937,2937,2937,2937,2937,2937,2937,2937,2937,2937,2937,2937,2937,2937,2937,2937,2937,2937,2937,2937,2937,2937,2937,2937,2937,2937,2937,2937,2937,2937,2937,2937,2937,2937,2937,2937,2937,2937,2937,2937,2937,2937,2937,2937,2937,2937,2937,2937,2937,2937,2937,2937,2937,2937,2937,2937,2937,2937,2937,2937,2937,2937,2937,2937,2937,2937,2937,2937,2937,2937,2937,2937,2937,2937,2937,2937,2937,2937,2937,2937,2937,2937,
size:41
[agent] id:1
path:3928,3821,3714,3607,3606,3605,3604,3603,3602,3495,3388,3281,3174,3067,2960,2853,2746,2639,2640,2641,2642,2643,2643,2643,2643,2643,2643,2643,2643,2643,2643,2643,2643,2643,2643,2643,2643,2643,2643,2643,2643,2643,2643,2643,2643,2643,2643,2643,2643,2643,2643,2643,2643,2643,2643,2643,2643,2643,2643,2643,2643,2643,2643,2643,2643,2643,2643,2643,2643,2643,2643,2643,2643,2643,2643,2643,2643,2643,2643,2643,2643,2643,
goal:2643,2643,2643,2643,2643,2643,2643,2643,2643,2643,2643,2643,2643,2643,2643,2643,2643,2643,2643,2643,2643,2643,2643,2643,2643,2643,2643,2643,2643,2643,2643,2643,2643,2643,2643,2643,2643,2643,2643,2643,2643,2643,2643,2643,2643,2643,2643,2643,2643,2643,2643,2643,2643,2643,2643,2643,2643,2643,2643,2643,2643,2643,2643,2643,2643,2643,2643,2643,2643,2643,2643,2643,2643,2643,2643,2643,2643,2643,2643,2643,2643,2643,
size:21
[agent] id:2
path:2546,2653,2652,2651,2650,2649,2648,2647,2646,2645,2644,2643,2642,2641,2640,2639,2638,2637,2636,2635,2634,2633,2632,2631,2630,2629,2628,2627,2626,2626,2626,2626,2626,2626,2626,2626,2626,2626,2626,2626,2626,2626,2626,2626,2626,2626,2626,2626,2626,2626,2626,2626,2626,2626,2626,2626,2626,2626,2626,2626,2626,2626,2626,2626,2626,2626,2626,2626,2626,2626,2626,2626,2626,2626,2626,2626,2626,2626,2626,2626,2626,2626,
goal:2626,2626,2626,2626,2626,2626,2626,2626,2626,2626,2626,2626,2626,2626,2626,2626,2626,2626,2626,2626,2626,2626,2626,2626,2626,2626,2626,2626,2626,2626,2626,2626,2626,2626,2626,2626,2626,2626,2626,2626,2626,2626,2626,2626,2626,2626,2626,2626,2626,2626,2626,2626,2626,2626,2626,2626,2626,2626,2626,2626,2626,2626,2626,2626,2626,2626,2626,2626,2626,2626,2626,2626,2626,2626,2626,2626,2626,2626,2626,2626,2626,2626,
size:28
[agent] id:3
path:2707,2814,2815,2816,2817,2818,2819,2820,2821,2821,2821,2821,2821,2821,2821,2821,2821,2821,2821,2821,2821,2821,2821,2821,2821,2821,2821,2821,2821,2821,2821,2821,2821,2821,2821,2821,2821,2821,2821,2821,2821,2821,2821,2821,2821,2821,2821,2821,2821,2821,2821,2821,2821,2821,2821,2821,2821,2821,2821,2821,2821,2821,2821,2821,2821,2821,2821,2821,2821,2821,2821,2821,2821,2821,2821,2821,2821,2821,2821,2821,2821,2821,
goal:2821,2821,2821,2821,2821,2821,2821,2821,2821,2821,2821,2821,2821,2821,2821,2821,2821,2821,2821,2821,2821,2821,2821,2821,2821,2821,2821,2821,2821,2821,2821,2821,2821,2821,2821,2821,2821,2821,2821,2821,2821,2821,2821,2821,2821,2821,2821,2821,2821,2821,2821,2821,2821,2821,2821,2821,2821,2821,2821,2821,2821,2821,2821,2821,2821,2821,2821,2821,2821,2821,2821,2821,2821,2821,2821,2821,2821,2821,2821,2821,2821,2821,
size:8
[agent] id:4
path:2659,2552,2551,2550,2549,2548,2547,2546,2545,2544,2543,2542,2541,2540,2539,2538,2537,2536,2535,2534,2533,2532,2531,2530,2529,2528,2527,2526,2525,2524,2523,2522,2521,2520,2519,2518,2517,2516,2515,2514,2513,2512,2511,2510,2509,2508,2507,2506,2505,2504,2503,2502,2501,2500,2499,2498,2497,2496,2495,2494,2493,2492,2491,2490,2489,2488,2487,2486,2485,2484,2483,2482,2481,2480,2479,2478,2477,2476,2475,2474,2581,2580,
goal:2580,2580,2580,2580,2580,2580,2580,2580,2580,2580,2580,2580,2580,2580,2580,2580,2580,2580,2580,2580,2580,2580,2580,2580,2580,2580,2580,2580,2580,2580,2580,2580,2580,2580,2580,2580,2580,2580,2580,2580,2580,2580,2580,2580,2580,2580,2580,2580,2580,2580,2580,2580,2580,2580,2580,2580,2580,2580,2580,2580,2580,2580,2580,2580,2580,2580,2580,2580,2580,2580,2580,2580,2580,2580,2580,2580,2580,2580,2580,2580,2580,2580,
size:81
[agent] id:5
path:1221,1222,1223,1224,1331,1438,1545,1652,1759,1866,1867,1868,1869,1870,1871,1978,1979,1980,1981,1982,1983,1984,1985,1986,1987,1988,1989,1990,1991,1884,1885,1886,1887,1888,1889,1782,1675,1568,1461,1354,1247,1140,1033,1034,1035,1036,1037,1038,1038,1038,1038,1038,1038,1038,1038,1038,1038,1038,1038,1038,1038,1038,1038,1038,1038,1038,1038,1038,1038,1038,1038,1038,1038,1038,1038,1038,1038,1038,1038,1038,1038,1038,
goal:1038,1038,1038,1038,1038,1038,1038,1038,1038,1038,1038,1038,1038,1038,1038,1038,1038,1038,1038,1038,1038,1038,1038,1038,1038,1038,1038,1038,1038,1038,1038,1038,1038,1038,1038,1038,1038,1038,1038,1038,1038,1038,1038,1038,1038,1038,1038,1038,1038,1038,1038,1038,1038,1038,1038,1038,1038,1038,1038,1038,1038,1038,1038,1038,1038,1038,1038,1038,1038,1038,1038,1038,1038,1038,1038,1038,1038,1038,1038,1038,1038,1038,
size:47
[agent] id:6
path:2540,2433,2326,2219,2218,2217,2216,2215,2214,2213,2212,2211,2210,2209,2208,2207,2206,2205,2204,2203,2202,2201,2200,2199,2198,2197,2196,2195,2194,2193,2192,2191,2190,2189,2188,2187,2186,2185,2184,2183,2182,2181,2180,2179,2178,2177,2176,2175,2174,2173,2172,2171,2170,2169,2168,2167,2166,2165,2164,2163,2162,2162,2162,2162,2162,2162,2162,2162,2162,2162,2162,2162,2162,2162,2162,2162,2162,2162,2162,2162,2162,2162,
goal:2162,2162,2162,2162,2162,2162,2162,2162,2162,2162,2162,2162,2162,2162,2162,2162,2162,2162,2162,2162,2162,2162,2162,2162,2162,2162,2162,2162,2162,2162,2162,2162,2162,2162,2162,2162,2162,2162,2162,2162,2162,2162,2162,2162,2162,2162,2162,2162,2162,2162,2162,2162,2162,2162,2162,2162,2162,2162,2162,2162,2162,2162,2162,2162,2162,2162,2162,2162,2162,2162,2162,2162,2162,2162,2162,2162,2162,2162,2162,2162,2162,2162,
size:60
[agent] id:7
path:2108,2215,2322,2429,2536,2643,2750,2857,2964,3071,3072,3073,3074,3075,3076,3077,3077,3077,3077,3077,3077,3077,3077,3077,3077,3077,3077,3077,3077,3077,3077,3077,3077,3077,3077,3077,3077,3077,3077,3077,3077,3077,3077,3077,3077,3077,3077,3077,3077,3077,3077,3077,3077,3077,3077,3077,3077,3077,3077,3077,3077,3077,3077,3077,3077,3077,3077,3077,3077,3077,3077,3077,3077,3077,3077,3077,3077,3077,3077,3077,3077,3077,
goal:3077,3077,3077,3077,3077,3077,3077,3077,3077,3077,3077,3077,3077,3077,3077,3077,3077,3077,3077,3077,3077,3077,3077,3077,3077,3077,3077,3077,3077,3077,3077,3077,3077,3077,3077,3077,3077,3077,3077,3077,3077,3077,3077,3077,3077,3077,3077,3077,3077,3077,3077,3077,3077,3077,3077,3077,3077,3077,3077,3077,3077,3077,3077,3077,3077,3077,3077,3077,3077,3077,3077,3077,3077,3077,3077,3077,3077,3077,3077,3077,3077,3077,
size:15
[agent] id:8
path:2321,2428,2535,2642,2749,2856,2963,3070,3069,3068,3067,3066,3065,3064,3063,3062,3061,3060,3059,3058,3057,3056,3056,3056,3056,3056,3056,3056,3056,3056,3056,3056,3056,3056,3056,3056,3056,3056,3056,3056,3056,3056,3056,3056,3056,3056,3056,3056,3056,3056,3056,3056,3056,3056,3056,3056,3056,3056,3056,3056,3056,3056,3056,3056,3056,3056,3056,3056,3056,3056,3056,3056,3056,3056,3056,3056,3056,3056,3056,3056,3056,3056,
goal:3056,3056,3056,3056,3056,3056,3056,3056,3056,3056,3056,3056,3056,3056,3056,3056,3056,3056,3056,3056,3056,3056,3056,3056,3056,3056,3056,3056,3056,3056,3056,3056,3056,3056,3056,3056,3056,3056,3056,3056,3056,3056,3056,3056,3056,3056,3056,3056,3056,3056,3056,3056,3056,3056,3056,3056,3056,3056,3056,3056,3056,3056,3056,3056,3056,3056,3056,3056,3056,3056,3056,3056,3056,3056,3056,3056,3056,3056,3056,3056,3056,3056,
size:21
[agent] id:9
path:3161,3054,2947,2840,2841,2841,2841,2841,2841,2841,2841,2841,2841,2841,2841,2841,2841,2841,2841,2841,2841,2841,2841,2841,2841,2841,2841,2841,2841,2841,2841,2841,2841,2841,2841,2841,2841,2841,2841,2841,2841,2841,2841,2841,2841,2841,2841,2841,2841,2841,2841,2841,2841,2841,2841,2841,2841,2841,2841,2841,2841,2841,2841,2841,2841,2841,2841,2841,2841,2841,2841,2841,2841,2841,2841,2841,2841,2841,2841,2841,2841,2841,
goal:2841,2841,2841,2841,2841,2841,2841,2841,2841,2841,2841,2841,2841,2841,2841,2841,2841,2841,2841,2841,2841,2841,2841,2841,2841,2841,2841,2841,2841,2841,2841,2841,2841,2841,2841,2841,2841,2841,2841,2841,2841,2841,2841,2841,2841,2841,2841,2841,2841,2841,2841,2841,2841,2841,2841,2841,2841,2841,2841,2841,2841,2841,2841,2841,2841,2841,2841,2841,2841,2841,2841,2841,2841,2841,2841,2841,2841,2841,2841,2841,2841,2841,
size:4
SolutionCost:326
