[setting] seed:45
[solver] type:ECBS
[solver] w:3.000000
[solver] ID:0
[solver] Lowlevelnode:35224
[solver] solved:1
[solver] elapsed:165
[solver] makespan:91
[problem] timesteplimit:10000
[problem] type:MAPF
[problem] agentnum:20
[graph] width:107
[graph] height:47
[graph] filename:./map/orz601d.map
[task] id:15,start:0,end:0,service time:0,nodes:2334,
[task] id:13,start:0,end:0,service time:0,nodes:2489,
[task] id:2,start:0,end:0,service time:0,nodes:2151,
[task] id:9,start:0,end:0,service time:0,nodes:4029,
[task] id:8,start:0,end:0,service time:0,nodes:2737,
[task] id:10,start:0,end:0,service time:0,nodes:2613,
[task] id:17,start:0,end:0,service time:0,nodes:2175,
[task] id:19,start:0,end:0,service time:0,nodes:2220,
[task] id:4,start:0,end:0,service time:0,nodes:2467,
[task] id:6,start:0,end:0,service time:0,nodes:4088,
[task] id:12,start:0,end:0,service time:0,nodes:2510,
[task] id:0,start:0,end:0,service time:0,nodes:1443,
[task] id:14,start:0,end:0,service time:0,nodes:3018,
[task] id:16,start:0,end:0,service time:0,nodes:2716,
[task] id:7,start:0,end:0,service time:0,nodes:2543,
[task] id:18,start:0,end:0,service time:0,nodes:824,
[task] id:5,start:0,end:0,service time:0,nodes:1722,
[task] id:11,start:0,end:0,service time:0,nodes:2765,
[task] id:1,start:0,end:0,service time:0,nodes:882,
[task] id:3,start:0,end:0,service time:0,nodes:2344,
[agent] id:0
path:664,771,878,985,1092,1199,1306,1413,1414,1521,1628,1735,1842,1843,1844,1845,1846,1847,1954,1955,1956,1957,1958,1959,1960,1961,1962,1963,1964,1965,1966,1967,1860,1861,1862,1863,1864,1865,1758,1651,1544,1437,1438,1439,1440,1441,1442,1443,1443,1443,1443,1443,1443,1443,1443,1443,1443,1443,1443,1443,1443,1443,1443,1443,1443,1443,1443,1443,1443,1443,1443,1443,1443,1443,1443,1443,1443,1443,1443,1443,1443,1443,1443,1443,1443,1443,1443,1443,1443,1443,1443,1443,
goal:1443,1443,1443,1443,1443,1443,1443,1443,1443,1443,1443,1443,1443,1443,1443,1443,1443,1443,1443,1443,1443,1443,1443,1443,1443,1443,1443,1443,1443,1443,1443,1443,1443,1443,1443,1443,1443,1443,1443,1443,1443,1443,1443,1443,1443,1443,1443,1443,1443,1443,1443,1443,1443,1443,1443,1443,1443,1443,1443,1443,1443,1443,1443,1443,1443,1443,1443,1443,1443,1443,1443,1443,1443,1443,1443,1443,1443,1443,1443,1443,1443,1443,1443,1443,1443,1443,1443,1443,1443,1443,1443,1443,
size:47
[agent] id:1
path:2654,2547,2440,2333,2226,2119,2118,2117,2116,2115,2114,2113,2112,2111,2110,2109,2108,2107,2106,2105,2104,2103,2102,2101,2100,2099,2098,2097,2096,2095,2094,2093,1986,1985,1984,1983,1982,1981,1980,1979,1978,1977,1976,1975,1974,1973,1972,1971,1970,1969,1968,1967,1966,1965,1964,1963,1962,1961,1960,1959,1958,1957,1956,1955,1954,1847,1846,1845,1844,1843,1842,1735,1628,1521,1414,1307,1200,1093,986,879,880,881,882,882,882,882,882,882,882,882,882,882,
goal:882,882,882,882,882,882,882,882,882,882,882,882,882,882,882,882,882,882,882,882,882,882,882,882,882,882,882,882,882,882,882,882,882,882,882,882,882,882,882,882,882,882,882,882,882,882,882,882,882,882,882,882,882,882,882,882,882,882,882,882,882,882,882,882,882,882,882,882,882,882,882,882,882,882,882,882,882,882,882,882,882,882,882,882,882,882,882,882,882,882,882,882,
size:82
[agent] id:2
path:3123,3016,2909,2802,2695,2588,2481,2374,2373,2372,2371,2370,2369,2368,2367,2260,2153,2152,2151,2151,2151,2151,2151,2151,2151,2151,2151,2151,2151,2151,2151,2151,2151,2151,2151,2151,2151,2151,2151,2151,2151,2151,2151,2151,2151,2151,2151,2151,2151,2151,2151,2151,2151,2151,2151,2151,2151,2151,2151,2151,2151,2151,2151,2151,2151,2151,2151,2151,2151,2151,2151,2151,2151,2151,2151,2151,2151,2151,2151,2151,2151,2151,2151,2151,2151,2151,2151,2151,2151,2151,2151,2151,
goal:2151,2151,2151,2151,2151,2151,2151,2151,2151,2151,2151,2151,2151,2151,2151,2151,2151,2151,2151,2151,2151,2151,2151,2151,2151,2151,2151,2151,2151,2151,2151,2151,2151,2151,2151,2151,2151,2151,2151,2151,2151,2151,2151,2151,2151,2151,2151,2151,2151,2151,2151,2151,2151,2151,2151,2151,2151,2151,2151,2151,2151,2151,2151,2151,2151,2151,2151,2151,2151,2151,2151,2151,2151,2151,2151,2151,2151,2151,2151,2151,2151,2151,2151,2151,2151,2151,2151,2151,2151,2151,2151,2151,
size:18
[agent] id:3
path:3771,3770,3769,3768,3661,3554,3447,3340,3233,3126,3019,2912,2805,2698,2591,2484,2377,2378,2379,2380,2381,2382,2383,2384,2385,2386,2387,2388,2389,2390,2391,2392,2393,2394,2395,2396,2397,2398,2399,2400,2401,2402,2403,2404,2405,2406,2407,2408,2409,2410,2411,2412,2413,2414,2415,2416,2417,2418,2419,2420,2421,2422,2423,2424,2425,2426,2427,2428,2429,2430,2431,2432,2433,2434,2435,2436,2437,2438,2439,2440,2441,2442,2443,2444,2445,2446,2447,2448,2449,2450,2451,2344,
goal:2344,2344,2344,2344,2344,2344,2344,2344,2344,2344,2344,2344,2344,2344,2344,2344,2344,2344,2344,2344,2344,2344,2344,2344,2344,2344,2344,2344,2344,2344,2344,2344,2344,2344,2344,2344,2344,2344,2344,2344,2344,2344,2344,2344,2344,2344,2344,2344,2344,2344,2344,2344,2344,2344,2344,2344,2344,2344,2344,2344,2344,2344,2344,2344,2344,2344,2344,2344,2344,2344,2344,2344,2344,2344,2344,2344,2344,2344,2344,2344,2344,2344,2344,2344,2344,2344,2344,2344,2344,2344,2344,2344,
size:91
[agent] id:4
path:1958,2065,2172,2279,2386,2493,2492,2491,2490,2489,2488,2487,2486,2485,2484,2483,2482,2481,2480,2479,2478,2477,2476,2475,2474,2473,2472,2471,2470,2469,2468,2467,2467,2467,2467,2467,2467,2467,2467,2467,2467,2467,2467,2467,2467,2467,2467,2467,2467,2467,2467,2467,2467,2467,2467,2467,2467,2467,2467,2467,2467,2467,2467,2467,2467,2467,2467,2467,2467,2467,2467,2467,2467,2467,2467,2467,2467,2467,2467,2467,2467,2467,2467,2467,2467,2467,2467,2467,2467,2467,2467,2467,
goal:2467,2467,2467,2467,2467,2467,2467,2467,2467,2467,2467,2467,2467,2467,2467,2467,2467,2467,2467,2467,2467,2467,2467,2467,2467,2467,2467,2467,2467,2467,2467,2467,2467,2467,2467,2467,2467,2467,2467,2467,2467,2467,2467,2467,2467,2467,2467,2467,2467,2467,2467,2467,2467,2467,2467,2467,2467,2467,2467,2467,2467,2467,2467,2467,2467,2467,2467,2467,2467,2467,2467,2467,2467,2467,2467,2467,2467,2467,2467,2467,2467,2467,2467,2467,2467,2467,2467,2467,2467,2467,2467,2467,
size:31
[agent] id:5
path:695,802,909,1016,1123,1230,1337,1336,1443,1442,1441,1440,1439,1438,1545,1652,1759,1866,1865,1972,2079,2186,2293,2292,2291,2290,2289,2288,2287,2286,2285,2284,2391,2390,2389,2388,2387,2386,2385,2384,2383,2382,2381,2380,2379,2378,2377,2376,2375,2374,2373,2372,2371,2370,2369,2368,2367,2260,2153,2046,1939,1938,1831,1724,1723,1722,1722,1722,1722,1722,1722,1722,1722,1722,1722,1722,1722,1722,1722,1722,1722,1722,1722,1722,1722,1722,1722,1722,1722,1722,1722,1722,
goal:1722,1722,1722,1722,1722,1722,1722,1722,1722,1722,1722,1722,1722,1722,1722,1722,1722,1722,1722,1722,1722,1722,1722,1722,1722,1722,1722,1722,1722,1722,1722,1722,1722,1722,1722,1722,1722,1722,1722,1722,1722,1722,1722,1722,1722,1722,1722,1722,1722,1722,1722,1722,1722,1722,1722,1722,1722,1722,1722,1722,1722,1722,1722,1722,1722,1722,1722,1722,1722,1722,1722,1722,1722,1722,1722,1722,1722,1722,1722,1722,1722,1722,1722,1722,1722,1722,1722,1722,1722,1722,1722,1722,
size:65
[agent] id:6
path:2289,2396,2503,2610,2717,2824,2931,3038,3037,3036,3035,3034,3033,3032,3031,3030,3029,3028,3027,3026,3025,3024,3131,3238,3345,3344,3343,3342,3341,3340,3447,3554,3661,3768,3875,3982,4089,4088,4088,4088,4088,4088,4088,4088,4088,4088,4088,4088,4088,4088,4088,4088,4088,4088,4088,4088,4088,4088,4088,4088,4088,4088,4088,4088,4088,4088,4088,4088,4088,4088,4088,4088,4088,4088,4088,4088,4088,4088,4088,4088,4088,4088,4088,4088,4088,4088,4088,4088,4088,4088,4088,4088,
goal:4088,4088,4088,4088,4088,4088,4088,4088,4088,4088,4088,4088,4088,4088,4088,4088,4088,4088,4088,4088,4088,4088,4088,4088,4088,4088,4088,4088,4088,4088,4088,4088,4088,4088,4088,4088,4088,4088,4088,4088,4088,4088,4088,4088,4088,4088,4088,4088,4088,4088,4088,4088,4088,4088,4088,4088,4088,4088,4088,4088,4088,4088,4088,4088,4088,4088,4088,4088,4088,4088,4088,4088,4088,4088,4088,4088,4088,4088,4088,4088,4088,4088,4088,4088,4088,4088,4088,4088,4088,4088,4088,4088,
size:37
[agent] id:7
path:472,579,686,793,900,1007,1114,1221,1328,1435,1436,1437,1544,1651,1758,1865,1972,2079,2186,2293,2400,2507,2508,2509,2510,2511,2512,2513,2514,2515,2516,2517,2518,2519,2520,2521,2522,2523,2524,2525,2526,2527,2528,2529,2530,2531,2532,2533,2534,2535,2536,2537,2538,2539,2540,2541,2542,2543,2543,2543,2543,2543,2543,2543,2543,2543,2543,2543,2543,2543,2543,2543,2543,2543,2543,2543,2543,2543,2543,2543,2543,2543,2543,2543,2543,2543,2543,2543,2543,2543,2543,2543,
goal:2543,2543,2543,2543,2543,2543,2543,2543,2543,2543,2543,2543,2543,2543,2543,2543,2543,2543,2543,2543,2543,2543,2543,2543,2543,2543,2543,2543,2543,2543,2543,2543,2543,2543,2543,2543,2543,2543,2543,2543,2543,2543,2543,2543,2543,2543,2543,2543,2543,2543,2543,2543,2543,2543,2543,2543,2543,2543,2543,2543,2543,2543,2543,2543,2543,2543,2543,2543,2543,2543,2543,2543,2543,2543,2543,2543,2543,2543,2543,2543,2543,2543,2543,2543,2543,2543,2543,2543,2543,2543,2543,2543,
size:57
[agent] id:8
path:4137,4030,3923,3816,3709,3602,3495,3388,3281,3174,3067,2960,2853,2746,2745,2744,2743,2742,2741,2740,2739,2738,2737,2737,2737,2737,2737,2737,2737,2737,2737,2737,2737,2737,2737,2737,2737,2737,2737,2737,2737,2737,2737,2737,2737,2737,2737,2737,2737,2737,2737,2737,2737,2737,2737,2737,2737,2737,2737,2737,2737,2737,2737,2737,2737,2737,2737,2737,2737,2737,2737,2737,2737,2737,2737,2737,2737,2737,2737,2737,2737,2737,2737,2737,2737,2737,2737,2737,2737,2737,2737,2737,
goal:2737,2737,2737,2737,2737,2737,2737,2737,2737,2737,2737,2737,2737,2737,2737,2737,2737,2737,2737,2737,2737,2737,2737,2737,2737,2737,2737,2737,2737,2737,2737,2737,2737,2737,2737,2737,2737,2737,2737,2737,2737,2737,2737,2737,2737,2737,2737,2737,2737,2737,2737,2737,2737,2737,2737,2737,2737,2737,2737,2737,2737,2737,2737,2737,2737,2737,2737,2737,2737,2737,2737,2737,2737,2737,2737,2737,2737,2737,2737,2737,2737,2737,2737,2737,2737,2737,2737,2737,2737,2737,2737,2737,
size:22
[agent] id:9
path:2538,2645,2752,2859,2966,3073,3072,3179,3178,3177,3176,3175,3174,3281,3388,3495,3602,3709,3816,3923,4030,4029,4029,4029,4029,4029,4029,4029,4029,4029,4029,4029,4029,4029,4029,4029,4029,4029,4029,4029,4029,4029,4029,4029,4029,4029,4029,4029,4029,4029,4029,4029,4029,4029,4029,4029,4029,4029,4029,4029,4029,4029,4029,4029,4029,4029,4029,4029,4029,4029,4029,4029,4029,4029,4029,4029,4029,4029,4029,4029,4029,4029,4029,4029,4029,4029,4029,4029,4029,4029,4029,4029,
goal:4029,4029,4029,4029,4029,4029,4029,4029,4029,4029,4029,4029,4029,4029,4029,4029,4029,4029,4029,4029,4029,4029,4029,4029,4029,4029,4029,4029,4029,4029,4029,4029,4029,4029,4029,4029,4029,4029,4029,4029,4029,4029,4029,4029,4029,4029,4029,4029,4029,4029,4029,4029,4029,4029,4029,4029,4029,4029,4029,4029,4029,4029,4029,4029,4029,4029,4029,4029,4029,4029,4029,4029,4029,4029,4029,4029,4029,4029,4029,4029,4029,4029,4029,4029,4029,4029,4029,4029,4029,4029,4029,4029,
size:21
[agent] id:10
path:2953,2846,2739,2632,2631,2630,2629,2628,2627,2626,2625,2624,2623,2622,2621,2620,2619,2618,2617,2616,2615,2614,2613,2613,2613,2613,2613,2613,2613,2613,2613,2613,2613,2613,2613,2613,2613,2613,2613,2613,2613,2613,2613,2613,2613,2613,2613,2613,2613,2613,2613,2613,2613,2613,2613,2613,2613,2613,2613,2613,2613,2613,2613,2613,2613,2613,2613,2613,2613,2613,2613,2613,2613,2613,2613,2613,2613,2613,2613,2613,2613,2613,2613,2613,2613,2613,2613,2613,2613,2613,2613,2613,
goal:2613,2613,2613,2613,2613,2613,2613,2613,2613,2613,2613,2613,2613,2613,2613,2613,2613,2613,2613,2613,2613,2613,2613,2613,2613,2613,2613,2613,2613,2613,2613,2613,2613,2613,2613,2613,2613,2613,2613,2613,2613,2613,2613,2613,2613,2613,2613,2613,2613,2613,2613,2613,2613,2613,2613,2613,2613,2613,2613,2613,2613,2613,2613,2613,2613,2613,2613,2613,2613,2613,2613,2613,2613,2613,2613,2613,2613,2613,2613,2613,2613,2613,2613,2613,2613,2613,2613,2613,2613,2613,2613,2613,
size:22
[agent] id:11
path:1845,1952,2059,2166,2273,2380,2381,2382,2383,2384,2491,2492,2493,2494,2495,2496,2497,2498,2499,2500,2501,2502,2503,2504,2505,2506,2507,2614,2615,2616,2617,2618,2619,2620,2621,2622,2623,2624,2625,2626,2627,2628,2629,2630,2631,2738,2739,2740,2741,2742,2743,2744,2745,2746,2747,2748,2749,2750,2751,2752,2753,2754,2755,2756,2757,2758,2759,2760,2761,2762,2763,2764,2765,2765,2765,2765,2765,2765,2765,2765,2765,2765,2765,2765,2765,2765,2765,2765,2765,2765,2765,2765,
goal:2765,2765,2765,2765,2765,2765,2765,2765,2765,2765,2765,2765,2765,2765,2765,2765,2765,2765,2765,2765,2765,2765,2765,2765,2765,2765,2765,2765,2765,2765,2765,2765,2765,2765,2765,2765,2765,2765,2765,2765,2765,2765,2765,2765,2765,2765,2765,2765,2765,2765,2765,2765,2765,2765,2765,2765,2765,2765,2765,2765,2765,2765,2765,2765,2765,2765,2765,2765,2765,2765,2765,2765,2765,2765,2765,2765,2765,2765,2765,2765,2765,2765,2765,2765,2765,2765,2765,2765,2765,2765,2765,2765,
size:72
[agent] id:12
path:2223,2330,2437,2436,2435,2434,2433,2432,2431,2430,2429,2428,2427,2426,2425,2424,2423,2422,2421,2420,2419,2418,2417,2416,2415,2414,2413,2412,2411,2410,2409,2516,2515,2514,2513,2512,2511,2510,2510,2510,2510,2510,2510,2510,2510,2510,2510,2510,2510,2510,2510,2510,2510,2510,2510,2510,2510,2510,2510,2510,2510,2510,2510,2510,2510,2510,2510,2510,2510,2510,2510,2510,2510,2510,2510,2510,2510,2510,2510,2510,2510,2510,2510,2510,2510,2510,2510,2510,2510,2510,2510,2510,
goal:2510,2510,2510,2510,2510,2510,2510,2510,2510,2510,2510,2510,2510,2510,2510,2510,2510,2510,2510,2510,2510,2510,2510,2510,2510,2510,2510,2510,2510,2510,2510,2510,2510,2510,2510,2510,2510,2510,2510,2510,2510,2510,2510,2510,2510,2510,2510,2510,2510,2510,2510,2510,2510,2510,2510,2510,2510,2510,2510,2510,2510,2510,2510,2510,2510,2510,2510,2510,2510,2510,2510,2510,2510,2510,2510,2510,2510,2510,2510,2510,2510,2510,2510,2510,2510,2510,2510,2510,2510,2510,2510,2510,
size:37
[agent] id:13
path:1836,1943,2050,2157,2264,2265,2266,2267,2268,2375,2376,2377,2378,2379,2486,2487,2488,2489,2489,2489,2489,2489,2489,2489,2489,2489,2489,2489,2489,2489,2489,2489,2489,2489,2489,2489,2489,2489,2489,2489,2489,2489,2489,2489,2489,2489,2489,2489,2489,2489,2489,2489,2489,2489,2489,2489,2489,2489,2489,2489,2489,2489,2489,2489,2489,2489,2489,2489,2489,2489,2489,2489,2489,2489,2489,2489,2489,2489,2489,2489,2489,2489,2489,2489,2489,2489,2489,2489,2489,2489,2489,2489,
goal:2489,2489,2489,2489,2489,2489,2489,2489,2489,2489,2489,2489,2489,2489,2489,2489,2489,2489,2489,2489,2489,2489,2489,2489,2489,2489,2489,2489,2489,2489,2489,2489,2489,2489,2489,2489,2489,2489,2489,2489,2489,2489,2489,2489,2489,2489,2489,2489,2489,2489,2489,2489,2489,2489,2489,2489,2489,2489,2489,2489,2489,2489,2489,2489,2489,2489,2489,2489,2489,2489,2489,2489,2489,2489,2489,2489,2489,2489,2489,2489,2489,2489,2489,2489,2489,2489,2489,2489,2489,2489,2489,2489,
size:17
[agent] id:14
path:2094,2201,2308,2415,2522,2629,2736,2843,2950,3057,3056,3055,3054,3053,3052,3051,3050,3049,3048,3047,3046,3045,3044,3043,3042,3041,3040,3039,3038,3037,3036,3035,3034,3033,3032,3031,3030,3029,3028,3027,3026,3025,3024,3023,3022,3021,3020,3019,3018,3018,3018,3018,3018,3018,3018,3018,3018,3018,3018,3018,3018,3018,3018,3018,3018,3018,3018,3018,3018,3018,3018,3018,3018,3018,3018,3018,3018,3018,3018,3018,3018,3018,3018,3018,3018,3018,3018,3018,3018,3018,3018,3018,
goal:3018,3018,3018,3018,3018,3018,3018,3018,3018,3018,3018,3018,3018,3018,3018,3018,3018,3018,3018,3018,3018,3018,3018,3018,3018,3018,3018,3018,3018,3018,3018,3018,3018,3018,3018,3018,3018,3018,3018,3018,3018,3018,3018,3018,3018,3018,3018,3018,3018,3018,3018,3018,3018,3018,3018,3018,3018,3018,3018,3018,3018,3018,3018,3018,3018,3018,3018,3018,3018,3018,3018,3018,3018,3018,3018,3018,3018,3018,3018,3018,3018,3018,3018,3018,3018,3018,3018,3018,3018,3018,3018,3018,
size:48
[agent] id:15
path:2967,2860,2753,2646,2539,2432,2325,2326,2327,2328,2329,2330,2331,2332,2333,2334,2334,2334,2334,2334,2334,2334,2334,2334,2334,2334,2334,2334,2334,2334,2334,2334,2334,2334,2334,2334,2334,2334,2334,2334,2334,2334,2334,2334,2334,2334,2334,2334,2334,2334,2334,2334,2334,2334,2334,2334,2334,2334,2334,2334,2334,2334,2334,2334,2334,2334,2334,2334,2334,2334,2334,2334,2334,2334,2334,2334,2334,2334,2334,2334,2334,2334,2334,2334,2334,2334,2334,2334,2334,2334,2334,2334,
goal:2334,2334,2334,2334,2334,2334,2334,2334,2334,2334,2334,2334,2334,2334,2334,2334,2334,2334,2334,2334,2334,2334,2334,2334,2334,2334,2334,2334,2334,2334,2334,2334,2334,2334,2334,2334,2334,2334,2334,2334,2334,2334,2334,2334,2334,2334,2334,2334,2334,2334,2334,2334,2334,2334,2334,2334,2334,2334,2334,2334,2334,2334,2334,2334,2334,2334,2334,2334,2334,2334,2334,2334,2334,2334,2334,2334,2334,2334,2334,2334,2334,2334,2334,2334,2334,2334,2334,2334,2334,2334,2334,2334,
size:15
[agent] id:16
path:3089,3088,2981,2874,2873,2872,2871,2870,2869,2868,2867,2866,2865,2864,2863,2862,2861,2860,2859,2858,2857,2856,2855,2854,2853,2852,2851,2850,2849,2848,2847,2846,2845,2844,2843,2842,2841,2840,2839,2838,2731,2730,2729,2728,2727,2726,2725,2724,2723,2722,2721,2720,2719,2718,2717,2716,2716,2716,2716,2716,2716,2716,2716,2716,2716,2716,2716,2716,2716,2716,2716,2716,2716,2716,2716,2716,2716,2716,2716,2716,2716,2716,2716,2716,2716,2716,2716,2716,2716,2716,2716,2716,
goal:2716,2716,2716,2716,2716,2716,2716,2716,2716,2716,2716,2716,2716,2716,2716,2716,2716,2716,2716,2716,2716,2716,2716,2716,2716,2716,2716,2716,2716,2716,2716,2716,2716,2716,2716,2716,2716,2716,2716,2716,2716,2716,2716,2716,2716,2716,2716,2716,2716,2716,2716,2716,2716,2716,2716,2716,2716,2716,2716,2716,2716,2716,2716,2716,2716,2716,2716,2716,2716,2716,2716,2716,2716,2716,2716,2716,2716,2716,2716,2716,2716,2716,2716,2716,2716,2716,2716,2716,2716,2716,2716,2716,
size:55
[agent] id:17
path:2693,2586,2479,2372,2265,2158,2159,2160,2161,2162,2163,2164,2165,2166,2167,2168,2169,2170,2171,2172,2173,2174,2175,2175,2175,2175,2175,2175,2175,2175,2175,2175,2175,2175,2175,2175,2175,2175,2175,2175,2175,2175,2175,2175,2175,2175,2175,2175,2175,2175,2175,2175,2175,2175,2175,2175,2175,2175,2175,2175,2175,2175,2175,2175,2175,2175,2175,2175,2175,2175,2175,2175,2175,2175,2175,2175,2175,2175,2175,2175,2175,2175,2175,2175,2175,2175,2175,2175,2175,2175,2175,2175,
goal:2175,2175,2175,2175,2175,2175,2175,2175,2175,2175,2175,2175,2175,2175,2175,2175,2175,2175,2175,2175,2175,2175,2175,2175,2175,2175,2175,2175,2175,2175,2175,2175,2175,2175,2175,2175,2175,2175,2175,2175,2175,2175,2175,2175,2175,2175,2175,2175,2175,2175,2175,2175,2175,2175,2175,2175,2175,2175,2175,2175,2175,2175,2175,2175,2175,2175,2175,2175,2175,2175,2175,2175,2175,2175,2175,2175,2175,2175,2175,2175,2175,2175,2175,2175,2175,2175,2175,2175,2175,2175,2175,2175,
size:22
[agent] id:18
path:3143,3036,2929,2822,2715,2608,2501,2394,2287,2180,2073,1966,1967,1968,1969,1970,1971,1972,1973,1974,1975,1976,1977,1978,1979,1980,1981,1982,1983,1984,1985,1986,1987,1988,1989,1990,1991,1884,1885,1886,1887,1888,1889,1782,1675,1568,1461,1354,1247,1140,1033,926,819,820,821,822,823,824,824,824,824,824,824,824,824,824,824,824,824,824,824,824,824,824,824,824,824,824,824,824,824,824,824,824,824,824,824,824,824,824,824,824,
goal:824,824,824,824,824,824,824,824,824,824,824,824,824,824,824,824,824,824,824,824,824,824,824,824,824,824,824,824,824,824,824,824,824,824,824,824,824,824,824,824,824,824,824,824,824,824,824,824,824,824,824,824,824,824,824,824,824,824,824,824,824,824,824,824,824,824,824,824,824,824,824,824,824,824,824,824,824,824,824,824,824,824,824,824,824,824,824,824,824,824,824,824,
size:57
[agent] id:19
path:1770,1877,1984,2091,2198,2199,2200,2201,2202,2203,2204,2205,2206,2207,2208,2209,2210,2211,2212,2213,2214,2215,2216,2217,2218,2219,2220,2220,2220,2220,2220,2220,2220,2220,2220,2220,2220,2220,2220,2220,2220,2220,2220,2220,2220,2220,2220,2220,2220,2220,2220,2220,2220,2220,2220,2220,2220,2220,2220,2220,2220,2220,2220,2220,2220,2220,2220,2220,2220,2220,2220,2220,2220,2220,2220,2220,2220,2220,2220,2220,2220,2220,2220,2220,2220,2220,2220,2220,2220,2220,2220,2220,
goal:2220,2220,2220,2220,2220,2220,2220,2220,2220,2220,2220,2220,2220,2220,2220,2220,2220,2220,2220,2220,2220,2220,2220,2220,2220,2220,2220,2220,2220,2220,2220,2220,2220,2220,2220,2220,2220,2220,2220,2220,2220,2220,2220,2220,2220,2220,2220,2220,2220,2220,2220,2220,2220,2220,2220,2220,2220,2220,2220,2220,2220,2220,2220,2220,2220,2220,2220,2220,2220,2220,2220,2220,2220,2220,2220,2220,2220,2220,2220,2220,2220,2220,2220,2220,2220,2220,2220,2220,2220,2220,2220,2220,
size:26
SolutionCost:842
