[setting] seed:87
[solver] type:ECBS
[solver] w:3.000000
[solver] ID:0
[solver] Lowlevelnode:1566
[solver] solved:1
[solver] elapsed:39
[solver] makespan:76
[problem] timesteplimit:10000
[problem] type:MAPF
[problem] agentnum:10
[graph] width:107
[graph] height:47
[graph] filename:./map/orz601d.map
[task] id:7,start:0,end:0,service time:0,nodes:2829,
[task] id:8,start:0,end:0,service time:0,nodes:2200,
[task] id:2,start:0,end:0,service time:0,nodes:1952,
[task] id:4,start:0,end:0,service time:0,nodes:1039,
[task] id:0,start:0,end:0,service time:0,nodes:2977,
[task] id:1,start:0,end:0,service time:0,nodes:4519,
[task] id:9,start:0,end:0,service time:0,nodes:4140,
[task] id:3,start:0,end:0,service time:0,nodes:668,
[task] id:5,start:0,end:0,service time:0,nodes:1249,
[task] id:6,start:0,end:0,service time:0,nodes:2882,
[agent] id:0
path:4453,4346,4239,4132,4025,3918,3811,3704,3597,3598,3599,3600,3601,3494,3387,3280,3173,3066,2959,2960,2961,2962,2963,2964,2965,2966,2967,2968,2969,2970,2971,2972,2973,2974,2975,2976,2977,2977,2977,2977,2977,2977,2977,2977,2977,2977,2977,2977,2977,2977,2977,2977,2977,2977,2977,2977,2977,2977,2977,2977,2977,2977,2977,2977,2977,2977,2977,2977,2977,2977,2977,2977,2977,2977,2977,2977,2977,
goal:2977,2977,2977,2977,2977,2977,2977,2977,2977,2977,2977,2977,2977,2977,2977,2977,2977,2977,2977,2977,2977,2977,2977,2977,2977,2977,2977,2977,2977,2977,2977,2977,2977,2977,2977,2977,2977,2977,2977,2977,2977,2977,2977,2977,2977,2977,2977,2977,2977,2977,2977,2977,2977,2977,2977,2977,2977,2977,2977,2977,2977,2977,2977,2977,2977,2977,2977,2977,2977,2977,2977,2977,2977,2977,2977,2977,2977,
size:36
[agent] id:1
path:2846,2953,3060,3059,3058,3057,3056,3055,3054,3053,3052,3051,3050,3049,3048,3047,3046,3045,3044,3043,3042,3041,3040,3039,3038,3037,3036,3035,3034,3033,3032,3031,3030,3029,3028,3027,3026,3025,3024,3131,3238,3345,3344,3343,3342,3341,3340,3447,3554,3661,3768,3875,3982,4089,4196,4303,4410,4411,4412,4519,4519,4519,4519,4519,4519,4519,4519,4519,4519,4519,4519,4519,4519,4519,4519,4519,4519,
goal:4519,4519,4519,4519,4519,4519,4519,4519,4519,4519,4519,4519,4519,4519,4519,4519,4519,4519,4519,4519,4519,4519,4519,4519,4519,4519,4519,4519,4519,4519,4519,4519,4519,4519,4519,4519,4519,4519,4519,4519,4519,4519,4519,4519,4519,4519,4519,4519,4519,4519,4519,4519,4519,4519,4519,4519,4519,4519,4519,4519,4519,4519,4519,4519,4519,4519,4519,4519,4519,4519,4519,4519,4519,4519,4519,4519,4519,
size:59
[agent] id:2
path:1300,1301,1302,1409,1410,1411,1412,1413,1520,1627,1734,1841,1948,1949,1950,1951,1952,1952,1952,1952,1952,1952,1952,1952,1952,1952,1952,1952,1952,1952,1952,1952,1952,1952,1952,1952,1952,1952,1952,1952,1952,1952,1952,1952,1952,1952,1952,1952,1952,1952,1952,1952,1952,1952,1952,1952,1952,1952,1952,1952,1952,1952,1952,1952,1952,1952,1952,1952,1952,1952,1952,1952,1952,1952,1952,1952,1952,
goal:1952,1952,1952,1952,1952,1952,1952,1952,1952,1952,1952,1952,1952,1952,1952,1952,1952,1952,1952,1952,1952,1952,1952,1952,1952,1952,1952,1952,1952,1952,1952,1952,1952,1952,1952,1952,1952,1952,1952,1952,1952,1952,1952,1952,1952,1952,1952,1952,1952,1952,1952,1952,1952,1952,1952,1952,1952,1952,1952,1952,1952,1952,1952,1952,1952,1952,1952,1952,1952,1952,1952,1952,1952,1952,1952,1952,1952,
size:16
[agent] id:3
path:1467,1466,1465,1464,1463,1462,1461,1568,1675,1782,1889,1888,1887,1886,1885,1884,1991,1990,1989,1988,1987,1986,1985,1984,1983,1982,1981,1980,1979,1978,1977,1976,1975,1974,1973,1972,1971,1970,1969,1968,1967,1966,1965,1964,1963,1962,1961,1960,1959,1958,1957,1956,1955,1954,1847,1846,1845,1844,1843,1842,1735,1628,1521,1414,1307,1200,1093,986,879,772,665,666,667,668,668,668,668,
goal:668,668,668,668,668,668,668,668,668,668,668,668,668,668,668,668,668,668,668,668,668,668,668,668,668,668,668,668,668,668,668,668,668,668,668,668,668,668,668,668,668,668,668,668,668,668,668,668,668,668,668,668,668,668,668,668,668,668,668,668,668,668,668,668,668,668,668,668,668,668,668,668,668,668,668,668,668,
size:73
[agent] id:4
path:2003,2002,1895,1894,1893,1892,1891,1890,1783,1676,1569,1462,1355,1248,1141,1034,1035,1036,1037,1038,1039,1039,1039,1039,1039,1039,1039,1039,1039,1039,1039,1039,1039,1039,1039,1039,1039,1039,1039,1039,1039,1039,1039,1039,1039,1039,1039,1039,1039,1039,1039,1039,1039,1039,1039,1039,1039,1039,1039,1039,1039,1039,1039,1039,1039,1039,1039,1039,1039,1039,1039,1039,1039,1039,1039,1039,1039,
goal:1039,1039,1039,1039,1039,1039,1039,1039,1039,1039,1039,1039,1039,1039,1039,1039,1039,1039,1039,1039,1039,1039,1039,1039,1039,1039,1039,1039,1039,1039,1039,1039,1039,1039,1039,1039,1039,1039,1039,1039,1039,1039,1039,1039,1039,1039,1039,1039,1039,1039,1039,1039,1039,1039,1039,1039,1039,1039,1039,1039,1039,1039,1039,1039,1039,1039,1039,1039,1039,1039,1039,1039,1039,1039,1039,1039,1039,
size:20
[agent] id:5
path:1939,2046,2153,2260,2367,2368,2369,2370,2371,2264,2157,2050,2051,2052,2053,2054,2055,2056,2057,2058,2059,2060,2061,2062,2063,2064,2065,2066,2067,2068,2069,2070,2071,2072,2073,2074,2075,2076,2077,1970,1971,1972,1973,1974,1975,1976,1977,1978,1979,1980,1981,1982,1983,1984,1985,1986,1987,1988,1989,1990,1991,1884,1885,1886,1887,1888,1889,1782,1675,1568,1461,1354,1247,1248,1249,1249,1249,
goal:1249,1249,1249,1249,1249,1249,1249,1249,1249,1249,1249,1249,1249,1249,1249,1249,1249,1249,1249,1249,1249,1249,1249,1249,1249,1249,1249,1249,1249,1249,1249,1249,1249,1249,1249,1249,1249,1249,1249,1249,1249,1249,1249,1249,1249,1249,1249,1249,1249,1249,1249,1249,1249,1249,1249,1249,1249,1249,1249,1249,1249,1249,1249,1249,1249,1249,1249,1249,1249,1249,1249,1249,1249,1249,1249,1249,1249,
size:74
[agent] id:6
path:2702,2703,2704,2705,2706,2707,2708,2709,2710,2711,2712,2713,2714,2715,2716,2717,2718,2719,2720,2721,2722,2723,2724,2725,2726,2727,2728,2729,2730,2731,2732,2733,2734,2735,2736,2737,2738,2739,2740,2741,2742,2743,2744,2745,2746,2747,2748,2749,2750,2751,2752,2753,2754,2755,2756,2757,2758,2759,2760,2761,2762,2763,2764,2765,2766,2767,2660,2661,2662,2663,2664,2665,2772,2879,2880,2881,2882,
goal:2882,2882,2882,2882,2882,2882,2882,2882,2882,2882,2882,2882,2882,2882,2882,2882,2882,2882,2882,2882,2882,2882,2882,2882,2882,2882,2882,2882,2882,2882,2882,2882,2882,2882,2882,2882,2882,2882,2882,2882,2882,2882,2882,2882,2882,2882,2882,2882,2882,2882,2882,2882,2882,2882,2882,2882,2882,2882,2882,2882,2882,2882,2882,2882,2882,2882,2882,2882,2882,2882,2882,2882,2882,2882,2882,2882,2882,
size:76
[agent] id:7
path:2820,2821,2822,2823,2824,2825,2826,2827,2828,2829,2829,2829,2829,2829,2829,2829,2829,2829,2829,2829,2829,2829,2829,2829,2829,2829,2829,2829,2829,2829,2829,2829,2829,2829,2829,2829,2829,2829,2829,2829,2829,2829,2829,2829,2829,2829,2829,2829,2829,2829,2829,2829,2829,2829,2829,2829,2829,2829,2829,2829,2829,2829,2829,2829,2829,2829,2829,2829,2829,2829,2829,2829,2829,2829,2829,2829,2829,
goal:2829,2829,2829,2829,2829,2829,2829,2829,2829,2829,2829,2829,2829,2829,2829,2829,2829,2829,2829,2829,2829,2829,2829,2829,2829,2829,2829,2829,2829,2829,2829,2829,2829,2829,2829,2829,2829,2829,2829,2829,2829,2829,2829,2829,2829,2829,2829,2829,2829,2829,2829,2829,2829,2829,2829,2829,2829,2829,2829,2829,2829,2829,2829,2829,2829,2829,2829,2829,2829,2829,2829,2829,2829,2829,2829,2829,2829,
size:9
[agent] id:8
path:2744,2637,2530,2423,2316,2209,2208,2207,2206,2205,2204,2203,2202,2201,2200,2200,2200,2200,2200,2200,2200,2200,2200,2200,2200,2200,2200,2200,2200,2200,2200,2200,2200,2200,2200,2200,2200,2200,2200,2200,2200,2200,2200,2200,2200,2200,2200,2200,2200,2200,2200,2200,2200,2200,2200,2200,2200,2200,2200,2200,2200,2200,2200,2200,2200,2200,2200,2200,2200,2200,2200,2200,2200,2200,2200,2200,2200,
goal:2200,2200,2200,2200,2200,2200,2200,2200,2200,2200,2200,2200,2200,2200,2200,2200,2200,2200,2200,2200,2200,2200,2200,2200,2200,2200,2200,2200,2200,2200,2200,2200,2200,2200,2200,2200,2200,2200,2200,2200,2200,2200,2200,2200,2200,2200,2200,2200,2200,2200,2200,2200,2200,2200,2200,2200,2200,2200,2200,2200,2200,2200,2200,2200,2200,2200,2200,2200,2200,2200,2200,2200,2200,2200,2200,2200,2200,
size:14
[agent] id:9
path:2911,2912,2913,2914,2915,2916,2917,2918,2919,2920,2921,2922,2923,2924,2925,2926,2927,2928,2929,2930,2931,2932,2933,3040,3041,3042,3043,3044,3045,3046,3047,3048,3049,3050,3051,3052,3053,3054,3055,3056,3057,3058,3059,3060,3061,3062,3169,3170,3171,3172,3173,3280,3387,3494,3601,3708,3815,3922,4029,4136,4137,4138,4139,4140,4140,4140,4140,4140,4140,4140,4140,4140,4140,4140,4140,4140,4140,
goal:4140,4140,4140,4140,4140,4140,4140,4140,4140,4140,4140,4140,4140,4140,4140,4140,4140,4140,4140,4140,4140,4140,4140,4140,4140,4140,4140,4140,4140,4140,4140,4140,4140,4140,4140,4140,4140,4140,4140,4140,4140,4140,4140,4140,4140,4140,4140,4140,4140,4140,4140,4140,4140,4140,4140,4140,4140,4140,4140,4140,4140,4140,4140,4140,4140,4140,4140,4140,4140,4140,4140,4140,4140,4140,4140,4140,4140,
size:63
SolutionCost:440
