[setting] seed:25
[solver] type:ECBS
[solver] w:3.000000
[solver] ID:0
[solver] Lowlevelnode:51666
[solver] solved:1
[solver] elapsed:223
[solver] makespan:87
[problem] timesteplimit:10000
[problem] type:MAPF
[problem] agentnum:30
[graph] width:107
[graph] height:47
[graph] filename:./map/orz601d.map
[task] id:19,start:0,end:0,service time:0,nodes:2434,
[task] id:4,start:0,end:0,service time:0,nodes:3598,
[task] id:25,start:0,end:0,service time:0,nodes:2731,
[task] id:27,start:0,end:0,service time:0,nodes:2931,
[task] id:21,start:0,end:0,service time:0,nodes:3170,
[task] id:8,start:0,end:0,service time:0,nodes:2638,
[task] id:7,start:0,end:0,service time:0,nodes:3076,
[task] id:28,start:0,end:0,service time:0,nodes:2975,
[task] id:18,start:0,end:0,service time:0,nodes:1012,
[task] id:20,start:0,end:0,service time:0,nodes:2113,
[task] id:13,start:0,end:0,service time:0,nodes:1032,
[task] id:1,start:0,end:0,service time:0,nodes:2860,
[task] id:5,start:0,end:0,service time:0,nodes:1197,
[task] id:3,start:0,end:0,service time:0,nodes:768,
[task] id:26,start:0,end:0,service time:0,nodes:4515,
[task] id:14,start:0,end:0,service time:0,nodes:1412,
[task] id:15,start:0,end:0,service time:0,nodes:2077,
[task] id:0,start:0,end:0,service time:0,nodes:1521,
[task] id:29,start:0,end:0,service time:0,nodes:820,
[task] id:22,start:0,end:0,service time:0,nodes:2488,
[task] id:6,start:0,end:0,service time:0,nodes:2119,
[task] id:24,start:0,end:0,service time:0,nodes:878,
[task] id:17,start:0,end:0,service time:0,nodes:1996,
[task] id:16,start:0,end:0,service time:0,nodes:3093,
[task] id:12,start:0,end:0,service time:0,nodes:2474,
[task] id:23,start:0,end:0,service time:0,nodes:1094,
[task] id:2,start:0,end:0,service time:0,nodes:993,
[task] id:9,start:0,end:0,service time:0,nodes:2227,
[task] id:10,start:0,end:0,service time:0,nodes:4627,
[task] id:11,start:0,end:0,service time:0,nodes:4414,
[agent] id:0
path:2415,2308,2201,2094,1987,1986,1985,1984,1983,1982,1981,1980,1979,1978,1977,1976,1975,1974,1973,1972,1971,1970,1969,1968,1967,1966,1965,1964,1963,1962,1961,1960,1959,1958,1957,1956,1955,1954,1847,1846,1845,1844,1843,1842,1735,1628,1521,1521,1521,1521,1521,1521,1521,1521,1521,1521,1521,1521,1521,1521,1521,1521,1521,1521,1521,1521,1521,1521,1521,1521,1521,1521,1521,1521,1521,1521,1521,1521,1521,1521,1521,1521,1521,1521,1521,1521,1521,1521,
goal:1521,1521,1521,1521,1521,1521,1521,1521,1521,1521,1521,1521,1521,1521,1521,1521,1521,1521,1521,1521,1521,1521,1521,1521,1521,1521,1521,1521,1521,1521,1521,1521,1521,1521,1521,1521,1521,1521,1521,1521,1521,1521,1521,1521,1521,1521,1521,1521,1521,1521,1521,1521,1521,1521,1521,1521,1521,1521,1521,1521,1521,1521,1521,1521,1521,1521,1521,1521,1521,1521,1521,1521,1521,1521,1521,1521,1521,1521,1521,1521,1521,1521,1521,1521,1521,1521,1521,1521,
size:46
[agent] id:1
path:707,814,921,1028,1135,1242,1349,1350,1457,1458,1459,1460,1461,1568,1675,1782,1889,1996,2103,2210,2317,2424,2531,2532,2639,2746,2853,2854,2855,2856,2857,2858,2859,2860,2860,2860,2860,2860,2860,2860,2860,2860,2860,2860,2860,2860,2860,2860,2860,2860,2860,2860,2860,2860,2860,2860,2860,2860,2860,2860,2860,2860,2860,2860,2860,2860,2860,2860,2860,2860,2860,2860,2860,2860,2860,2860,2860,2860,2860,2860,2860,2860,2860,2860,2860,2860,2860,2860,
goal:2860,2860,2860,2860,2860,2860,2860,2860,2860,2860,2860,2860,2860,2860,2860,2860,2860,2860,2860,2860,2860,2860,2860,2860,2860,2860,2860,2860,2860,2860,2860,2860,2860,2860,2860,2860,2860,2860,2860,2860,2860,2860,2860,2860,2860,2860,2860,2860,2860,2860,2860,2860,2860,2860,2860,2860,2860,2860,2860,2860,2860,2860,2860,2860,2860,2860,2860,2860,2860,2860,2860,2860,2860,2860,2860,2860,2860,2860,2860,2860,2860,2860,2860,2860,2860,2860,2860,2860,
size:33
[agent] id:2
path:2964,2857,2750,2643,2536,2429,2322,2215,2214,2213,2212,2211,2210,2209,2208,2207,2206,2205,2204,2203,2202,2201,2200,2199,2198,2197,2196,2089,2088,2087,2086,2085,2084,2083,2082,2081,2080,1973,1972,1971,1970,1969,1968,1967,1966,1965,1964,1963,1962,1961,1960,1959,1958,1957,1956,1955,1954,1847,1846,1845,1844,1843,1842,1735,1628,1627,1520,1413,1306,1199,1092,985,986,987,988,989,990,991,992,993,993,993,993,993,993,993,993,993,
goal:993,993,993,993,993,993,993,993,993,993,993,993,993,993,993,993,993,993,993,993,993,993,993,993,993,993,993,993,993,993,993,993,993,993,993,993,993,993,993,993,993,993,993,993,993,993,993,993,993,993,993,993,993,993,993,993,993,993,993,993,993,993,993,993,993,993,993,993,993,993,993,993,993,993,993,993,993,993,993,993,993,993,993,993,993,993,993,993,
size:79
[agent] id:3
path:1864,1863,1862,1861,1860,1967,1966,1965,1964,1963,1962,1961,1960,1959,1958,1957,1956,1955,1954,1847,1846,1845,1844,1843,1842,1735,1628,1521,1414,1307,1200,1093,986,879,772,771,770,769,768,768,768,768,768,768,768,768,768,768,768,768,768,768,768,768,768,768,768,768,768,768,768,768,768,768,768,768,768,768,768,768,768,768,768,768,768,768,768,768,768,768,768,768,768,768,768,768,768,768,
goal:768,768,768,768,768,768,768,768,768,768,768,768,768,768,768,768,768,768,768,768,768,768,768,768,768,768,768,768,768,768,768,768,768,768,768,768,768,768,768,768,768,768,768,768,768,768,768,768,768,768,768,768,768,768,768,768,768,768,768,768,768,768,768,768,768,768,768,768,768,768,768,768,768,768,768,768,768,768,768,768,768,768,768,768,768,768,768,768,
size:38
[agent] id:4
path:3821,3714,3607,3606,3605,3604,3603,3602,3601,3600,3599,3598,3598,3598,3598,3598,3598,3598,3598,3598,3598,3598,3598,3598,3598,3598,3598,3598,3598,3598,3598,3598,3598,3598,3598,3598,3598,3598,3598,3598,3598,3598,3598,3598,3598,3598,3598,3598,3598,3598,3598,3598,3598,3598,3598,3598,3598,3598,3598,3598,3598,3598,3598,3598,3598,3598,3598,3598,3598,3598,3598,3598,3598,3598,3598,3598,3598,3598,3598,3598,3598,3598,3598,3598,3598,3598,3598,3598,
goal:3598,3598,3598,3598,3598,3598,3598,3598,3598,3598,3598,3598,3598,3598,3598,3598,3598,3598,3598,3598,3598,3598,3598,3598,3598,3598,3598,3598,3598,3598,3598,3598,3598,3598,3598,3598,3598,3598,3598,3598,3598,3598,3598,3598,3598,3598,3598,3598,3598,3598,3598,3598,3598,3598,3598,3598,3598,3598,3598,3598,3598,3598,3598,3598,3598,3598,3598,3598,3598,3598,3598,3598,3598,3598,3598,3598,3598,3598,3598,3598,3598,3598,3598,3598,3598,3598,3598,3598,
size:11
[agent] id:5
path:4199,4092,3985,3878,3771,3770,3769,3768,3661,3554,3447,3340,3233,3126,3019,2912,2805,2698,2591,2484,2377,2270,2163,2162,2055,1948,1841,1734,1627,1520,1413,1306,1199,1198,1197,1197,1197,1197,1197,1197,1197,1197,1197,1197,1197,1197,1197,1197,1197,1197,1197,1197,1197,1197,1197,1197,1197,1197,1197,1197,1197,1197,1197,1197,1197,1197,1197,1197,1197,1197,1197,1197,1197,1197,1197,1197,1197,1197,1197,1197,1197,1197,1197,1197,1197,1197,1197,1197,
goal:1197,1197,1197,1197,1197,1197,1197,1197,1197,1197,1197,1197,1197,1197,1197,1197,1197,1197,1197,1197,1197,1197,1197,1197,1197,1197,1197,1197,1197,1197,1197,1197,1197,1197,1197,1197,1197,1197,1197,1197,1197,1197,1197,1197,1197,1197,1197,1197,1197,1197,1197,1197,1197,1197,1197,1197,1197,1197,1197,1197,1197,1197,1197,1197,1197,1197,1197,1197,1197,1197,1197,1197,1197,1197,1197,1197,1197,1197,1197,1197,1197,1197,1197,1197,1197,1197,1197,1197,
size:34
[agent] id:6
path:1124,1231,1338,1337,1336,1443,1442,1441,1440,1439,1438,1545,1652,1759,1866,1973,2080,2081,2082,2083,2084,2085,2086,2087,2088,2089,2090,2091,2092,2093,2094,2095,2096,2097,2098,2099,2100,2101,2102,2103,2104,2105,2106,2107,2108,2109,2110,2111,2112,2005,2006,2007,2114,2115,2116,2117,2118,2119,2119,2119,2119,2119,2119,2119,2119,2119,2119,2119,2119,2119,2119,2119,2119,2119,2119,2119,2119,2119,2119,2119,2119,2119,2119,2119,2119,2119,2119,2119,
goal:2119,2119,2119,2119,2119,2119,2119,2119,2119,2119,2119,2119,2119,2119,2119,2119,2119,2119,2119,2119,2119,2119,2119,2119,2119,2119,2119,2119,2119,2119,2119,2119,2119,2119,2119,2119,2119,2119,2119,2119,2119,2119,2119,2119,2119,2119,2119,2119,2119,2119,2119,2119,2119,2119,2119,2119,2119,2119,2119,2119,2119,2119,2119,2119,2119,2119,2119,2119,2119,2119,2119,2119,2119,2119,2119,2119,2119,2119,2119,2119,2119,2119,2119,2119,2119,2119,2119,2119,
size:57
[agent] id:7
path:2420,2527,2634,2741,2848,2955,2956,2957,2958,2959,2960,2961,2962,2963,2964,2965,2966,3073,3074,3075,3076,3076,3076,3076,3076,3076,3076,3076,3076,3076,3076,3076,3076,3076,3076,3076,3076,3076,3076,3076,3076,3076,3076,3076,3076,3076,3076,3076,3076,3076,3076,3076,3076,3076,3076,3076,3076,3076,3076,3076,3076,3076,3076,3076,3076,3076,3076,3076,3076,3076,3076,3076,3076,3076,3076,3076,3076,3076,3076,3076,3076,3076,3076,3076,3076,3076,3076,3076,
goal:3076,3076,3076,3076,3076,3076,3076,3076,3076,3076,3076,3076,3076,3076,3076,3076,3076,3076,3076,3076,3076,3076,3076,3076,3076,3076,3076,3076,3076,3076,3076,3076,3076,3076,3076,3076,3076,3076,3076,3076,3076,3076,3076,3076,3076,3076,3076,3076,3076,3076,3076,3076,3076,3076,3076,3076,3076,3076,3076,3076,3076,3076,3076,3076,3076,3076,3076,3076,3076,3076,3076,3076,3076,3076,3076,3076,3076,3076,3076,3076,3076,3076,3076,3076,3076,3076,3076,3076,
size:20
[agent] id:8
path:2945,2838,2731,2624,2625,2626,2627,2628,2629,2630,2631,2632,2633,2634,2635,2636,2637,2638,2638,2638,2638,2638,2638,2638,2638,2638,2638,2638,2638,2638,2638,2638,2638,2638,2638,2638,2638,2638,2638,2638,2638,2638,2638,2638,2638,2638,2638,2638,2638,2638,2638,2638,2638,2638,2638,2638,2638,2638,2638,2638,2638,2638,2638,2638,2638,2638,2638,2638,2638,2638,2638,2638,2638,2638,2638,2638,2638,2638,2638,2638,2638,2638,2638,2638,2638,2638,2638,2638,
goal:2638,2638,2638,2638,2638,2638,2638,2638,2638,2638,2638,2638,2638,2638,2638,2638,2638,2638,2638,2638,2638,2638,2638,2638,2638,2638,2638,2638,2638,2638,2638,2638,2638,2638,2638,2638,2638,2638,2638,2638,2638,2638,2638,2638,2638,2638,2638,2638,2638,2638,2638,2638,2638,2638,2638,2638,2638,2638,2638,2638,2638,2638,2638,2638,2638,2638,2638,2638,2638,2638,2638,2638,2638,2638,2638,2638,2638,2638,2638,2638,2638,2638,2638,2638,2638,2638,2638,2638,
size:17
[agent] id:9
path:3880,3773,3772,3771,3770,3769,3768,3661,3554,3447,3340,3233,3126,3019,2912,2805,2698,2591,2484,2377,2270,2163,2164,2165,2166,2167,2168,2169,2170,2171,2172,2173,2174,2175,2176,2177,2178,2179,2180,2181,2182,2183,2184,2185,2186,2187,2188,2189,2190,2191,2192,2193,2194,2195,2196,2197,2198,2199,2200,2201,2202,2203,2204,2205,2206,2207,2208,2209,2210,2211,2212,2213,2214,2215,2216,2217,2218,2219,2220,2221,2222,2223,2224,2225,2226,2227,2227,2227,
goal:2227,2227,2227,2227,2227,2227,2227,2227,2227,2227,2227,2227,2227,2227,2227,2227,2227,2227,2227,2227,2227,2227,2227,2227,2227,2227,2227,2227,2227,2227,2227,2227,2227,2227,2227,2227,2227,2227,2227,2227,2227,2227,2227,2227,2227,2227,2227,2227,2227,2227,2227,2227,2227,2227,2227,2227,2227,2227,2227,2227,2227,2227,2227,2227,2227,2227,2227,2227,2227,2227,2227,2227,2227,2227,2227,2227,2227,2227,2227,2227,2227,2227,2227,2227,2227,2227,2227,2227,
size:85
[agent] id:10
path:2116,2223,2330,2437,2544,2651,2758,2865,2972,3079,3078,3077,3076,3075,3074,3073,3072,3071,3070,3069,3068,3067,3066,3065,3064,3063,3062,3061,3060,3059,3058,3057,3056,3055,3054,3053,3052,3051,3050,3049,3048,3047,3046,3045,3044,3043,3042,3041,3040,3039,3038,3037,3036,3035,3034,3033,3032,3031,3030,3029,3028,3027,3026,3025,3024,3131,3238,3345,3344,3343,3342,3341,3340,3447,3554,3661,3768,3875,3982,4089,4196,4303,4410,4411,4412,4519,4626,4627,
goal:4627,4627,4627,4627,4627,4627,4627,4627,4627,4627,4627,4627,4627,4627,4627,4627,4627,4627,4627,4627,4627,4627,4627,4627,4627,4627,4627,4627,4627,4627,4627,4627,4627,4627,4627,4627,4627,4627,4627,4627,4627,4627,4627,4627,4627,4627,4627,4627,4627,4627,4627,4627,4627,4627,4627,4627,4627,4627,4627,4627,4627,4627,4627,4627,4627,4627,4627,4627,4627,4627,4627,4627,4627,4627,4627,4627,4627,4627,4627,4627,4627,4627,4627,4627,4627,4627,4627,4627,
size:87
[agent] id:11
path:1253,1360,1467,1466,1465,1464,1463,1462,1569,1676,1783,1890,1997,2104,2211,2318,2425,2532,2639,2746,2853,2960,3067,3066,3065,3064,3063,3062,3061,3060,3059,3058,3057,3056,3055,3054,3053,3052,3051,3050,3049,3048,3047,3046,3045,3044,3043,3042,3041,3040,3039,3038,3037,3036,3035,3034,3033,3032,3031,3030,3029,3028,3027,3026,3025,3024,3131,3238,3345,3344,3343,3342,3341,3340,3447,3554,3661,3768,3875,3982,4089,4196,4303,4410,4411,4412,4413,4414,
goal:4414,4414,4414,4414,4414,4414,4414,4414,4414,4414,4414,4414,4414,4414,4414,4414,4414,4414,4414,4414,4414,4414,4414,4414,4414,4414,4414,4414,4414,4414,4414,4414,4414,4414,4414,4414,4414,4414,4414,4414,4414,4414,4414,4414,4414,4414,4414,4414,4414,4414,4414,4414,4414,4414,4414,4414,4414,4414,4414,4414,4414,4414,4414,4414,4414,4414,4414,4414,4414,4414,4414,4414,4414,4414,4414,4414,4414,4414,4414,4414,4414,4414,4414,4414,4414,4414,4414,4414,
size:87
[agent] id:12
path:1362,1361,1360,1467,1466,1465,1464,1463,1462,1569,1676,1783,1890,1997,2104,2211,2318,2317,2316,2315,2314,2313,2312,2311,2310,2309,2308,2307,2306,2305,2412,2411,2410,2409,2408,2407,2406,2405,2404,2403,2402,2401,2400,2399,2398,2397,2396,2395,2394,2393,2392,2391,2390,2389,2388,2387,2386,2385,2384,2383,2382,2381,2380,2487,2486,2485,2484,2483,2482,2481,2480,2479,2478,2477,2476,2475,2474,2474,2474,2474,2474,2474,2474,2474,2474,2474,2474,2474,
goal:2474,2474,2474,2474,2474,2474,2474,2474,2474,2474,2474,2474,2474,2474,2474,2474,2474,2474,2474,2474,2474,2474,2474,2474,2474,2474,2474,2474,2474,2474,2474,2474,2474,2474,2474,2474,2474,2474,2474,2474,2474,2474,2474,2474,2474,2474,2474,2474,2474,2474,2474,2474,2474,2474,2474,2474,2474,2474,2474,2474,2474,2474,2474,2474,2474,2474,2474,2474,2474,2474,2474,2474,2474,2474,2474,2474,2474,2474,2474,2474,2474,2474,2474,2474,2474,2474,2474,2474,
size:76
[agent] id:13
path:2842,2735,2628,2521,2414,2307,2200,2093,1986,1987,1988,1989,1990,1991,1884,1885,1886,1887,1888,1889,1782,1675,1568,1461,1354,1247,1140,1033,1032,1032,1032,1032,1032,1032,1032,1032,1032,1032,1032,1032,1032,1032,1032,1032,1032,1032,1032,1032,1032,1032,1032,1032,1032,1032,1032,1032,1032,1032,1032,1032,1032,1032,1032,1032,1032,1032,1032,1032,1032,1032,1032,1032,1032,1032,1032,1032,1032,1032,1032,1032,1032,1032,1032,1032,1032,1032,1032,1032,
goal:1032,1032,1032,1032,1032,1032,1032,1032,1032,1032,1032,1032,1032,1032,1032,1032,1032,1032,1032,1032,1032,1032,1032,1032,1032,1032,1032,1032,1032,1032,1032,1032,1032,1032,1032,1032,1032,1032,1032,1032,1032,1032,1032,1032,1032,1032,1032,1032,1032,1032,1032,1032,1032,1032,1032,1032,1032,1032,1032,1032,1032,1032,1032,1032,1032,1032,1032,1032,1032,1032,1032,1032,1032,1032,1032,1032,1032,1032,1032,1032,1032,1032,1032,1032,1032,1032,1032,1032,
size:28
[agent] id:14
path:1122,1229,1336,1443,1442,1441,1440,1439,1438,1437,1544,1651,1758,1865,1864,1863,1862,1861,1860,1967,1966,1965,1964,1963,1962,1961,1960,1959,1958,1957,1956,1955,1954,1847,1846,1845,1844,1843,1842,1735,1628,1521,1414,1413,1412,1412,1412,1412,1412,1412,1412,1412,1412,1412,1412,1412,1412,1412,1412,1412,1412,1412,1412,1412,1412,1412,1412,1412,1412,1412,1412,1412,1412,1412,1412,1412,1412,1412,1412,1412,1412,1412,1412,1412,1412,1412,1412,1412,
goal:1412,1412,1412,1412,1412,1412,1412,1412,1412,1412,1412,1412,1412,1412,1412,1412,1412,1412,1412,1412,1412,1412,1412,1412,1412,1412,1412,1412,1412,1412,1412,1412,1412,1412,1412,1412,1412,1412,1412,1412,1412,1412,1412,1412,1412,1412,1412,1412,1412,1412,1412,1412,1412,1412,1412,1412,1412,1412,1412,1412,1412,1412,1412,1412,1412,1412,1412,1412,1412,1412,1412,1412,1412,1412,1412,1412,1412,1412,1412,1412,1412,1412,1412,1412,1412,1412,1412,1412,
size:44
[agent] id:15
path:4193,4086,3979,3872,3765,3766,3767,3660,3553,3446,3339,3232,3125,3018,2911,2804,2697,2590,2483,2376,2269,2162,2055,2056,2057,2058,2059,2060,2061,2062,2063,2064,2065,2066,2067,2068,2069,2070,2071,2072,2073,2074,2075,2076,2077,2077,2077,2077,2077,2077,2077,2077,2077,2077,2077,2077,2077,2077,2077,2077,2077,2077,2077,2077,2077,2077,2077,2077,2077,2077,2077,2077,2077,2077,2077,2077,2077,2077,2077,2077,2077,2077,2077,2077,2077,2077,2077,2077,
goal:2077,2077,2077,2077,2077,2077,2077,2077,2077,2077,2077,2077,2077,2077,2077,2077,2077,2077,2077,2077,2077,2077,2077,2077,2077,2077,2077,2077,2077,2077,2077,2077,2077,2077,2077,2077,2077,2077,2077,2077,2077,2077,2077,2077,2077,2077,2077,2077,2077,2077,2077,2077,2077,2077,2077,2077,2077,2077,2077,2077,2077,2077,2077,2077,2077,2077,2077,2077,2077,2077,2077,2077,2077,2077,2077,2077,2077,2077,2077,2077,2077,2077,2077,2077,2077,2077,2077,2077,
size:44
[agent] id:16
path:1007,1114,1221,1328,1435,1436,1437,1544,1651,1758,1865,1972,2079,2186,2293,2400,2401,2402,2403,2404,2405,2406,2407,2408,2409,2410,2411,2412,2413,2414,2415,2522,2523,2524,2525,2526,2527,2528,2529,2530,2531,2532,2639,2640,2641,2642,2643,2644,2645,2646,2647,2648,2649,2650,2651,2652,2653,2654,2655,2656,2657,2658,2659,2660,2661,2662,2663,2664,2665,2772,2879,2986,3093,3093,3093,3093,3093,3093,3093,3093,3093,3093,3093,3093,3093,3093,3093,3093,
goal:3093,3093,3093,3093,3093,3093,3093,3093,3093,3093,3093,3093,3093,3093,3093,3093,3093,3093,3093,3093,3093,3093,3093,3093,3093,3093,3093,3093,3093,3093,3093,3093,3093,3093,3093,3093,3093,3093,3093,3093,3093,3093,3093,3093,3093,3093,3093,3093,3093,3093,3093,3093,3093,3093,3093,3093,3093,3093,3093,3093,3093,3093,3093,3093,3093,3093,3093,3093,3093,3093,3093,3093,3093,3093,3093,3093,3093,3093,3093,3093,3093,3093,3093,3093,3093,3093,3093,3093,
size:72
[agent] id:17
path:985,1092,1199,1306,1413,1520,1627,1734,1841,1948,1949,1950,1951,1952,1953,1954,1955,2062,2063,2064,2065,2066,2067,2068,2069,2070,2071,2072,2073,2073,2074,2075,2076,2077,2078,2079,2079,2080,2081,1974,1975,1976,1977,1978,1979,1980,1981,1982,1983,1984,1985,1986,1987,1988,1989,1990,1991,1992,1993,1994,1995,1996,1996,1996,1996,1996,1996,1996,1996,1996,1996,1996,1996,1996,1996,1996,1996,1996,1996,1996,1996,1996,1996,1996,1996,1996,1996,1996,
goal:1996,1996,1996,1996,1996,1996,1996,1996,1996,1996,1996,1996,1996,1996,1996,1996,1996,1996,1996,1996,1996,1996,1996,1996,1996,1996,1996,1996,1996,1996,1996,1996,1996,1996,1996,1996,1996,1996,1996,1996,1996,1996,1996,1996,1996,1996,1996,1996,1996,1996,1996,1996,1996,1996,1996,1996,1996,1996,1996,1996,1996,1996,1996,1996,1996,1996,1996,1996,1996,1996,1996,1996,1996,1996,1996,1996,1996,1996,1996,1996,1996,1996,1996,1996,1996,1996,1996,1996,
size:61
[agent] id:18
path:2073,1966,1967,1968,1861,1862,1863,1864,1865,1866,1866,1973,1866,1866,1865,1758,1651,1544,1437,1330,1223,1116,1009,1010,1011,1012,1012,1012,1012,1012,1012,1012,1012,1012,1012,1012,1012,1012,1012,1012,1012,1012,1012,1012,1012,1012,1012,1012,1012,1012,1012,1012,1012,1012,1012,1012,1012,1012,1012,1012,1012,1012,1012,1012,1012,1012,1012,1012,1012,1012,1012,1012,1012,1012,1012,1012,1012,1012,1012,1012,1012,1012,1012,1012,1012,1012,1012,1012,
goal:1012,1012,1012,1012,1012,1012,1012,1012,1012,1012,1012,1012,1012,1012,1012,1012,1012,1012,1012,1012,1012,1012,1012,1012,1012,1012,1012,1012,1012,1012,1012,1012,1012,1012,1012,1012,1012,1012,1012,1012,1012,1012,1012,1012,1012,1012,1012,1012,1012,1012,1012,1012,1012,1012,1012,1012,1012,1012,1012,1012,1012,1012,1012,1012,1012,1012,1012,1012,1012,1012,1012,1012,1012,1012,1012,1012,1012,1012,1012,1012,1012,1012,1012,1012,1012,1012,1012,1012,
size:25
[agent] id:19
path:2444,2443,2442,2441,2440,2439,2438,2437,2436,2435,2434,2434,2434,2434,2434,2434,2434,2434,2434,2434,2434,2434,2434,2434,2434,2434,2434,2434,2434,2434,2434,2434,2434,2434,2434,2434,2434,2434,2434,2434,2434,2434,2434,2434,2434,2434,2434,2434,2434,2434,2434,2434,2434,2434,2434,2434,2434,2434,2434,2434,2434,2434,2434,2434,2434,2434,2434,2434,2434,2434,2434,2434,2434,2434,2434,2434,2434,2434,2434,2434,2434,2434,2434,2434,2434,2434,2434,2434,
goal:2434,2434,2434,2434,2434,2434,2434,2434,2434,2434,2434,2434,2434,2434,2434,2434,2434,2434,2434,2434,2434,2434,2434,2434,2434,2434,2434,2434,2434,2434,2434,2434,2434,2434,2434,2434,2434,2434,2434,2434,2434,2434,2434,2434,2434,2434,2434,2434,2434,2434,2434,2434,2434,2434,2434,2434,2434,2434,2434,2434,2434,2434,2434,2434,2434,2434,2434,2434,2434,2434,2434,2434,2434,2434,2434,2434,2434,2434,2434,2434,2434,2434,2434,2434,2434,2434,2434,2434,
size:10
[agent] id:20
path:2242,2241,2240,2239,2238,2237,2344,2451,2450,2449,2448,2447,2446,2339,2232,2125,2124,2123,2122,2121,2120,2119,2118,2117,2116,2115,2114,2113,2113,2113,2113,2113,2113,2113,2113,2113,2113,2113,2113,2113,2113,2113,2113,2113,2113,2113,2113,2113,2113,2113,2113,2113,2113,2113,2113,2113,2113,2113,2113,2113,2113,2113,2113,2113,2113,2113,2113,2113,2113,2113,2113,2113,2113,2113,2113,2113,2113,2113,2113,2113,2113,2113,2113,2113,2113,2113,2113,2113,
goal:2113,2113,2113,2113,2113,2113,2113,2113,2113,2113,2113,2113,2113,2113,2113,2113,2113,2113,2113,2113,2113,2113,2113,2113,2113,2113,2113,2113,2113,2113,2113,2113,2113,2113,2113,2113,2113,2113,2113,2113,2113,2113,2113,2113,2113,2113,2113,2113,2113,2113,2113,2113,2113,2113,2113,2113,2113,2113,2113,2113,2113,2113,2113,2113,2113,2113,2113,2113,2113,2113,2113,2113,2113,2113,2113,2113,2113,2113,2113,2113,2113,2113,2113,2113,2113,2113,2113,2113,
size:27
[agent] id:21
path:2321,2428,2535,2642,2749,2856,2963,3070,3177,3176,3175,3174,3173,3172,3171,3170,3170,3170,3170,3170,3170,3170,3170,3170,3170,3170,3170,3170,3170,3170,3170,3170,3170,3170,3170,3170,3170,3170,3170,3170,3170,3170,3170,3170,3170,3170,3170,3170,3170,3170,3170,3170,3170,3170,3170,3170,3170,3170,3170,3170,3170,3170,3170,3170,3170,3170,3170,3170,3170,3170,3170,3170,3170,3170,3170,3170,3170,3170,3170,3170,3170,3170,3170,3170,3170,3170,3170,3170,
goal:3170,3170,3170,3170,3170,3170,3170,3170,3170,3170,3170,3170,3170,3170,3170,3170,3170,3170,3170,3170,3170,3170,3170,3170,3170,3170,3170,3170,3170,3170,3170,3170,3170,3170,3170,3170,3170,3170,3170,3170,3170,3170,3170,3170,3170,3170,3170,3170,3170,3170,3170,3170,3170,3170,3170,3170,3170,3170,3170,3170,3170,3170,3170,3170,3170,3170,3170,3170,3170,3170,3170,3170,3170,3170,3170,3170,3170,3170,3170,3170,3170,3170,3170,3170,3170,3170,3170,3170,
size:15
[agent] id:22
path:2217,2324,2431,2538,2537,2536,2535,2534,2533,2532,2531,2530,2529,2528,2527,2526,2525,2524,2523,2522,2521,2520,2519,2518,2517,2516,2515,2514,2513,2512,2511,2510,2509,2508,2507,2506,2505,2504,2503,2502,2501,2500,2499,2498,2497,2496,2495,2494,2493,2492,2491,2490,2489,2488,2488,2488,2488,2488,2488,2488,2488,2488,2488,2488,2488,2488,2488,2488,2488,2488,2488,2488,2488,2488,2488,2488,2488,2488,2488,2488,2488,2488,2488,2488,2488,2488,2488,2488,
goal:2488,2488,2488,2488,2488,2488,2488,2488,2488,2488,2488,2488,2488,2488,2488,2488,2488,2488,2488,2488,2488,2488,2488,2488,2488,2488,2488,2488,2488,2488,2488,2488,2488,2488,2488,2488,2488,2488,2488,2488,2488,2488,2488,2488,2488,2488,2488,2488,2488,2488,2488,2488,2488,2488,2488,2488,2488,2488,2488,2488,2488,2488,2488,2488,2488,2488,2488,2488,2488,2488,2488,2488,2488,2488,2488,2488,2488,2488,2488,2488,2488,2488,2488,2488,2488,2488,2488,2488,
size:53
[agent] id:23
path:1903,2010,2009,2008,2007,2006,2005,2004,2003,2002,2001,2000,1999,1998,1997,1996,1995,1994,1993,1992,1991,1990,1989,1988,1987,2094,2093,1986,1985,1984,1983,1982,1981,1980,1979,1978,1977,1976,1975,1868,1867,1974,1973,1972,1971,1970,1969,1968,1967,1966,1965,1964,1963,1962,1961,1960,1959,1958,1957,1956,1955,1954,1847,1846,1845,1844,1843,1842,1735,1628,1627,1520,1413,1306,1199,1092,1093,1094,1094,1094,1094,1094,1094,1094,1094,1094,1094,1094,
goal:1094,1094,1094,1094,1094,1094,1094,1094,1094,1094,1094,1094,1094,1094,1094,1094,1094,1094,1094,1094,1094,1094,1094,1094,1094,1094,1094,1094,1094,1094,1094,1094,1094,1094,1094,1094,1094,1094,1094,1094,1094,1094,1094,1094,1094,1094,1094,1094,1094,1094,1094,1094,1094,1094,1094,1094,1094,1094,1094,1094,1094,1094,1094,1094,1094,1094,1094,1094,1094,1094,1094,1094,1094,1094,1094,1094,1094,1094,1094,1094,1094,1094,1094,1094,1094,1094,1094,1094,
size:77
[agent] id:24
path:2633,2526,2419,2312,2205,2204,2203,2202,2201,2200,2199,2198,2197,2196,2195,2194,2193,2192,2191,2190,2189,2082,2081,2080,2079,2078,2077,2076,2075,2074,1967,1966,1965,1964,1963,1962,1961,1960,1959,1958,1957,1956,1955,1954,1847,1846,1845,1844,1843,1842,1735,1628,1627,1520,1413,1306,1199,1092,985,878,878,878,878,878,878,878,878,878,878,878,878,878,878,878,878,878,878,878,878,878,878,878,878,878,878,878,878,878,
goal:878,878,878,878,878,878,878,878,878,878,878,878,878,878,878,878,878,878,878,878,878,878,878,878,878,878,878,878,878,878,878,878,878,878,878,878,878,878,878,878,878,878,878,878,878,878,878,878,878,878,878,878,878,878,878,878,878,878,878,878,878,878,878,878,878,878,878,878,878,878,878,878,878,878,878,878,878,878,878,878,878,878,878,878,878,878,878,878,
size:59
[agent] id:25
path:2720,2721,2722,2723,2724,2725,2726,2727,2728,2729,2730,2731,2731,2731,2731,2731,2731,2731,2731,2731,2731,2731,2731,2731,2731,2731,2731,2731,2731,2731,2731,2731,2731,2731,2731,2731,2731,2731,2731,2731,2731,2731,2731,2731,2731,2731,2731,2731,2731,2731,2731,2731,2731,2731,2731,2731,2731,2731,2731,2731,2731,2731,2731,2731,2731,2731,2731,2731,2731,2731,2731,2731,2731,2731,2731,2731,2731,2731,2731,2731,2731,2731,2731,2731,2731,2731,2731,2731,
goal:2731,2731,2731,2731,2731,2731,2731,2731,2731,2731,2731,2731,2731,2731,2731,2731,2731,2731,2731,2731,2731,2731,2731,2731,2731,2731,2731,2731,2731,2731,2731,2731,2731,2731,2731,2731,2731,2731,2731,2731,2731,2731,2731,2731,2731,2731,2731,2731,2731,2731,2731,2731,2731,2731,2731,2731,2731,2731,2731,2731,2731,2731,2731,2731,2731,2731,2731,2731,2731,2731,2731,2731,2731,2731,2731,2731,2731,2731,2731,2731,2731,2731,2731,2731,2731,2731,2731,2731,
size:11
[agent] id:26
path:2041,2148,2255,2362,2469,2470,2471,2472,2473,2474,2475,2476,2477,2478,2585,2692,2799,2906,3013,3014,3121,3228,3335,3336,3337,3338,3339,3446,3553,3660,3767,3874,3981,4088,4195,4302,4409,4408,4515,4515,4515,4515,4515,4515,4515,4515,4515,4515,4515,4515,4515,4515,4515,4515,4515,4515,4515,4515,4515,4515,4515,4515,4515,4515,4515,4515,4515,4515,4515,4515,4515,4515,4515,4515,4515,4515,4515,4515,4515,4515,4515,4515,4515,4515,4515,4515,4515,4515,
goal:4515,4515,4515,4515,4515,4515,4515,4515,4515,4515,4515,4515,4515,4515,4515,4515,4515,4515,4515,4515,4515,4515,4515,4515,4515,4515,4515,4515,4515,4515,4515,4515,4515,4515,4515,4515,4515,4515,4515,4515,4515,4515,4515,4515,4515,4515,4515,4515,4515,4515,4515,4515,4515,4515,4515,4515,4515,4515,4515,4515,4515,4515,4515,4515,4515,4515,4515,4515,4515,4515,4515,4515,4515,4515,4515,4515,4515,4515,4515,4515,4515,4515,4515,4515,4515,4515,4515,4515,
size:38
[agent] id:27
path:2072,2179,2286,2393,2500,2607,2714,2821,2928,2929,2930,2931,2931,2931,2931,2931,2931,2931,2931,2931,2931,2931,2931,2931,2931,2931,2931,2931,2931,2931,2931,2931,2931,2931,2931,2931,2931,2931,2931,2931,2931,2931,2931,2931,2931,2931,2931,2931,2931,2931,2931,2931,2931,2931,2931,2931,2931,2931,2931,2931,2931,2931,2931,2931,2931,2931,2931,2931,2931,2931,2931,2931,2931,2931,2931,2931,2931,2931,2931,2931,2931,2931,2931,2931,2931,2931,2931,2931,
goal:2931,2931,2931,2931,2931,2931,2931,2931,2931,2931,2931,2931,2931,2931,2931,2931,2931,2931,2931,2931,2931,2931,2931,2931,2931,2931,2931,2931,2931,2931,2931,2931,2931,2931,2931,2931,2931,2931,2931,2931,2931,2931,2931,2931,2931,2931,2931,2931,2931,2931,2931,2931,2931,2931,2931,2931,2931,2931,2931,2931,2931,2931,2931,2931,2931,2931,2931,2931,2931,2931,2931,2931,2931,2931,2931,2931,2931,2931,2931,2931,2931,2931,2931,2931,2931,2931,2931,2931,
size:11
[agent] id:28
path:2636,2743,2850,2957,2958,2959,2960,2961,2962,2963,2964,2965,2966,2967,2968,2969,2970,2971,2972,2973,2974,2975,2975,2975,2975,2975,2975,2975,2975,2975,2975,2975,2975,2975,2975,2975,2975,2975,2975,2975,2975,2975,2975,2975,2975,2975,2975,2975,2975,2975,2975,2975,2975,2975,2975,2975,2975,2975,2975,2975,2975,2975,2975,2975,2975,2975,2975,2975,2975,2975,2975,2975,2975,2975,2975,2975,2975,2975,2975,2975,2975,2975,2975,2975,2975,2975,2975,2975,
goal:2975,2975,2975,2975,2975,2975,2975,2975,2975,2975,2975,2975,2975,2975,2975,2975,2975,2975,2975,2975,2975,2975,2975,2975,2975,2975,2975,2975,2975,2975,2975,2975,2975,2975,2975,2975,2975,2975,2975,2975,2975,2975,2975,2975,2975,2975,2975,2975,2975,2975,2975,2975,2975,2975,2975,2975,2975,2975,2975,2975,2975,2975,2975,2975,2975,2975,2975,2975,2975,2975,2975,2975,2975,2975,2975,2975,2975,2975,2975,2975,2975,2975,2975,2975,2975,2975,2975,2975,
size:21
[agent] id:29
path:795,796,903,1010,1117,1224,1331,1438,1545,1652,1759,1866,1867,1868,1869,1870,1871,1978,1979,1980,1981,1982,1983,1984,1985,1986,1987,1988,1989,1990,1991,1884,1885,1886,1887,1888,1889,1782,1675,1568,1461,1354,1247,1140,1033,926,819,820,820,820,820,820,820,820,820,820,820,820,820,820,820,820,820,820,820,820,820,820,820,820,820,820,820,820,820,820,820,820,820,820,820,820,820,820,820,820,820,820,
goal:820,820,820,820,820,820,820,820,820,820,820,820,820,820,820,820,820,820,820,820,820,820,820,820,820,820,820,820,820,820,820,820,820,820,820,820,820,820,820,820,820,820,820,820,820,820,820,820,820,820,820,820,820,820,820,820,820,820,820,820,820,820,820,820,820,820,820,820,820,820,820,820,820,820,820,820,820,820,820,820,820,820,820,820,820,820,820,820,
size:47
SolutionCost:1313
