[setting] seed:25
[solver] type:ECBS
[solver] w:3.000000
[solver] ID:0
[solver] Lowlevelnode:15587
[solver] solved:1
[solver] elapsed:157
[solver] makespan:85
[problem] timesteplimit:10000
[problem] type:MAPF
[problem] agentnum:10
[graph] width:107
[graph] height:47
[graph] filename:./map/orz601d.map
[task] id:4,start:0,end:0,service time:0,nodes:3598,
[task] id:8,start:0,end:0,service time:0,nodes:2638,
[task] id:7,start:0,end:0,service time:0,nodes:3076,
[task] id:1,start:0,end:0,service time:0,nodes:2860,
[task] id:5,start:0,end:0,service time:0,nodes:1197,
[task] id:3,start:0,end:0,service time:0,nodes:768,
[task] id:0,start:0,end:0,service time:0,nodes:1521,
[task] id:6,start:0,end:0,service time:0,nodes:2119,
[task] id:2,start:0,end:0,service time:0,nodes:993,
[task] id:9,start:0,end:0,service time:0,nodes:2227,
[agent] id:0
path:2415,2308,2201,2094,1987,1986,1985,1984,1983,1982,1981,1980,1979,1978,1977,1976,1975,1974,1973,1972,1971,1970,1969,1968,1967,1966,1965,1964,1963,1962,1961,1960,1959,1958,1957,1956,1955,1954,1847,1846,1845,1844,1843,1842,1735,1628,1521,1521,1521,1521,1521,1521,1521,1521,1521,1521,1521,1521,1521,1521,1521,1521,1521,1521,1521,1521,1521,1521,1521,1521,1521,1521,1521,1521,1521,1521,1521,1521,1521,1521,1521,1521,1521,1521,1521,1521,
goal:1521,1521,1521,1521,1521,1521,1521,1521,1521,1521,1521,1521,1521,1521,1521,1521,1521,1521,1521,1521,1521,1521,1521,1521,1521,1521,1521,1521,1521,1521,1521,1521,1521,1521,1521,1521,1521,1521,1521,1521,1521,1521,1521,1521,1521,1521,1521,1521,1521,1521,1521,1521,1521,1521,1521,1521,1521,1521,1521,1521,1521,1521,1521,1521,1521,1521,1521,1521,1521,1521,1521,1521,1521,1521,1521,1521,1521,1521,1521,1521,1521,1521,1521,1521,1521,1521,
size:46
[agent] id:1
path:707,814,921,1028,1135,1242,1349,1350,1457,1458,1459,1460,1461,1568,1675,1782,1889,1996,2103,2210,2317,2424,2531,2532,2639,2746,2853,2854,2855,2856,2857,2858,2859,2860,2860,2860,2860,2860,2860,2860,2860,2860,2860,2860,2860,2860,2860,2860,2860,2860,2860,2860,2860,2860,2860,2860,2860,2860,2860,2860,2860,2860,2860,2860,2860,2860,2860,2860,2860,2860,2860,2860,2860,2860,2860,2860,2860,2860,2860,2860,2860,2860,2860,2860,2860,2860,
goal:2860,2860,2860,2860,2860,2860,2860,2860,2860,2860,2860,2860,2860,2860,2860,2860,2860,2860,2860,2860,2860,2860,2860,2860,2860,2860,2860,2860,2860,2860,2860,2860,2860,2860,2860,2860,2860,2860,2860,2860,2860,2860,2860,2860,2860,2860,2860,2860,2860,2860,2860,2860,2860,2860,2860,2860,2860,2860,2860,2860,2860,2860,2860,2860,2860,2860,2860,2860,2860,2860,2860,2860,2860,2860,2860,2860,2860,2860,2860,2860,2860,2860,2860,2860,2860,2860,
size:33
[agent] id:2
path:2964,2857,2750,2643,2536,2429,2322,2215,2108,2001,2000,1999,1998,1997,1996,1995,1994,1993,1992,1991,1990,1989,1988,1987,1986,1985,1984,1983,1982,1981,1980,1979,1978,1977,1976,1975,1974,1973,1972,1971,1970,1969,1968,1967,1966,1965,1964,1963,1962,1961,1960,1959,1958,1957,1956,1955,1954,1847,1846,1845,1844,1843,1842,1735,1628,1627,1520,1413,1306,1199,1092,985,986,987,988,989,990,991,992,993,993,993,993,993,993,993,
goal:993,993,993,993,993,993,993,993,993,993,993,993,993,993,993,993,993,993,993,993,993,993,993,993,993,993,993,993,993,993,993,993,993,993,993,993,993,993,993,993,993,993,993,993,993,993,993,993,993,993,993,993,993,993,993,993,993,993,993,993,993,993,993,993,993,993,993,993,993,993,993,993,993,993,993,993,993,993,993,993,993,993,993,993,993,993,
size:79
[agent] id:3
path:1864,1863,1862,1861,1860,1967,1966,1965,1964,1963,1962,1961,1960,1959,1958,1957,1956,1955,1954,1847,1846,1845,1844,1843,1842,1735,1628,1521,1414,1307,1200,1093,986,879,772,771,770,769,768,768,768,768,768,768,768,768,768,768,768,768,768,768,768,768,768,768,768,768,768,768,768,768,768,768,768,768,768,768,768,768,768,768,768,768,768,768,768,768,768,768,768,768,768,768,768,768,
goal:768,768,768,768,768,768,768,768,768,768,768,768,768,768,768,768,768,768,768,768,768,768,768,768,768,768,768,768,768,768,768,768,768,768,768,768,768,768,768,768,768,768,768,768,768,768,768,768,768,768,768,768,768,768,768,768,768,768,768,768,768,768,768,768,768,768,768,768,768,768,768,768,768,768,768,768,768,768,768,768,768,768,768,768,768,768,
size:38
[agent] id:4
path:3821,3714,3607,3606,3605,3604,3603,3602,3601,3600,3599,3598,3598,3598,3598,3598,3598,3598,3598,3598,3598,3598,3598,3598,3598,3598,3598,3598,3598,3598,3598,3598,3598,3598,3598,3598,3598,3598,3598,3598,3598,3598,3598,3598,3598,3598,3598,3598,3598,3598,3598,3598,3598,3598,3598,3598,3598,3598,3598,3598,3598,3598,3598,3598,3598,3598,3598,3598,3598,3598,3598,3598,3598,3598,3598,3598,3598,3598,3598,3598,3598,3598,3598,3598,3598,3598,
goal:3598,3598,3598,3598,3598,3598,3598,3598,3598,3598,3598,3598,3598,3598,3598,3598,3598,3598,3598,3598,3598,3598,3598,3598,3598,3598,3598,3598,3598,3598,3598,3598,3598,3598,3598,3598,3598,3598,3598,3598,3598,3598,3598,3598,3598,3598,3598,3598,3598,3598,3598,3598,3598,3598,3598,3598,3598,3598,3598,3598,3598,3598,3598,3598,3598,3598,3598,3598,3598,3598,3598,3598,3598,3598,3598,3598,3598,3598,3598,3598,3598,3598,3598,3598,3598,3598,
size:11
[agent] id:5
path:4199,4092,3985,3878,3771,3770,3769,3768,3661,3554,3447,3340,3233,3126,3019,2912,2805,2698,2591,2484,2377,2270,2163,2056,1949,1842,1735,1628,1521,1414,1307,1200,1199,1198,1197,1197,1197,1197,1197,1197,1197,1197,1197,1197,1197,1197,1197,1197,1197,1197,1197,1197,1197,1197,1197,1197,1197,1197,1197,1197,1197,1197,1197,1197,1197,1197,1197,1197,1197,1197,1197,1197,1197,1197,1197,1197,1197,1197,1197,1197,1197,1197,1197,1197,1197,1197,
goal:1197,1197,1197,1197,1197,1197,1197,1197,1197,1197,1197,1197,1197,1197,1197,1197,1197,1197,1197,1197,1197,1197,1197,1197,1197,1197,1197,1197,1197,1197,1197,1197,1197,1197,1197,1197,1197,1197,1197,1197,1197,1197,1197,1197,1197,1197,1197,1197,1197,1197,1197,1197,1197,1197,1197,1197,1197,1197,1197,1197,1197,1197,1197,1197,1197,1197,1197,1197,1197,1197,1197,1197,1197,1197,1197,1197,1197,1197,1197,1197,1197,1197,1197,1197,1197,1197,
size:34
[agent] id:6
path:1124,1231,1338,1337,1336,1443,1442,1441,1440,1439,1438,1545,1652,1759,1866,1973,2080,2081,2082,2083,2084,2085,2086,2087,2088,2089,2090,2091,2092,2093,2094,2095,2096,2097,2098,2099,2100,2101,2102,2103,2104,2105,2106,2107,2108,2109,2110,2111,2112,2113,2114,2115,2116,2117,2118,2119,2119,2119,2119,2119,2119,2119,2119,2119,2119,2119,2119,2119,2119,2119,2119,2119,2119,2119,2119,2119,2119,2119,2119,2119,2119,2119,2119,2119,2119,2119,
goal:2119,2119,2119,2119,2119,2119,2119,2119,2119,2119,2119,2119,2119,2119,2119,2119,2119,2119,2119,2119,2119,2119,2119,2119,2119,2119,2119,2119,2119,2119,2119,2119,2119,2119,2119,2119,2119,2119,2119,2119,2119,2119,2119,2119,2119,2119,2119,2119,2119,2119,2119,2119,2119,2119,2119,2119,2119,2119,2119,2119,2119,2119,2119,2119,2119,2119,2119,2119,2119,2119,2119,2119,2119,2119,2119,2119,2119,2119,2119,2119,2119,2119,2119,2119,2119,2119,
size:55
[agent] id:7
path:2420,2527,2634,2741,2848,2955,3062,3063,3064,3065,3066,3067,3068,3069,3070,3071,3072,3073,3074,3075,3076,3076,3076,3076,3076,3076,3076,3076,3076,3076,3076,3076,3076,3076,3076,3076,3076,3076,3076,3076,3076,3076,3076,3076,3076,3076,3076,3076,3076,3076,3076,3076,3076,3076,3076,3076,3076,3076,3076,3076,3076,3076,3076,3076,3076,3076,3076,3076,3076,3076,3076,3076,3076,3076,3076,3076,3076,3076,3076,3076,3076,3076,3076,3076,3076,3076,
goal:3076,3076,3076,3076,3076,3076,3076,3076,3076,3076,3076,3076,3076,3076,3076,3076,3076,3076,3076,3076,3076,3076,3076,3076,3076,3076,3076,3076,3076,3076,3076,3076,3076,3076,3076,3076,3076,3076,3076,3076,3076,3076,3076,3076,3076,3076,3076,3076,3076,3076,3076,3076,3076,3076,3076,3076,3076,3076,3076,3076,3076,3076,3076,3076,3076,3076,3076,3076,3076,3076,3076,3076,3076,3076,3076,3076,3076,3076,3076,3076,3076,3076,3076,3076,3076,3076,
size:20
[agent] id:8
path:2945,2838,2731,2624,2625,2626,2627,2628,2629,2630,2631,2632,2633,2634,2635,2636,2637,2638,2638,2638,2638,2638,2638,2638,2638,2638,2638,2638,2638,2638,2638,2638,2638,2638,2638,2638,2638,2638,2638,2638,2638,2638,2638,2638,2638,2638,2638,2638,2638,2638,2638,2638,2638,2638,2638,2638,2638,2638,2638,2638,2638,2638,2638,2638,2638,2638,2638,2638,2638,2638,2638,2638,2638,2638,2638,2638,2638,2638,2638,2638,2638,2638,2638,2638,2638,2638,
goal:2638,2638,2638,2638,2638,2638,2638,2638,2638,2638,2638,2638,2638,2638,2638,2638,2638,2638,2638,2638,2638,2638,2638,2638,2638,2638,2638,2638,2638,2638,2638,2638,2638,2638,2638,2638,2638,2638,2638,2638,2638,2638,2638,2638,2638,2638,2638,2638,2638,2638,2638,2638,2638,2638,2638,2638,2638,2638,2638,2638,2638,2638,2638,2638,2638,2638,2638,2638,2638,2638,2638,2638,2638,2638,2638,2638,2638,2638,2638,2638,2638,2638,2638,2638,2638,2638,
size:17
[agent] id:9
path:3880,3773,3772,3771,3770,3769,3768,3661,3554,3447,3340,3233,3126,3019,2912,2805,2698,2591,2484,2377,2270,2163,2164,2165,2166,2167,2168,2169,2170,2171,2172,2173,2174,2175,2176,2177,2178,2179,2180,2181,2182,2183,2184,2185,2186,2187,2188,2189,2190,2191,2192,2193,2194,2195,2196,2197,2198,2199,2200,2201,2202,2203,2204,2205,2206,2207,2208,2209,2210,2211,2212,2213,2214,2215,2216,2217,2218,2219,2220,2221,2222,2223,2224,2225,2226,2227,
goal:2227,2227,2227,2227,2227,2227,2227,2227,2227,2227,2227,2227,2227,2227,2227,2227,2227,2227,2227,2227,2227,2227,2227,2227,2227,2227,2227,2227,2227,2227,2227,2227,2227,2227,2227,2227,2227,2227,2227,2227,2227,2227,2227,2227,2227,2227,2227,2227,2227,2227,2227,2227,2227,2227,2227,2227,2227,2227,2227,2227,2227,2227,2227,2227,2227,2227,2227,2227,2227,2227,2227,2227,2227,2227,2227,2227,2227,2227,2227,2227,2227,2227,2227,2227,2227,2227,
size:85
SolutionCost:418
