[setting] seed:34
[solver] type:ECBS
[solver] w:3.000000
[solver] ID:0
[solver] Lowlevelnode:6175
[solver] solved:1
[solver] elapsed:77
[solver] makespan:85
[problem] timesteplimit:10000
[problem] type:MAPF
[problem] agentnum:10
[graph] width:107
[graph] height:47
[graph] filename:./map/orz601d.map
[task] id:9,start:0,end:0,service time:0,nodes:2709,
[task] id:6,start:0,end:0,service time:0,nodes:2627,
[task] id:2,start:0,end:0,service time:0,nodes:1964,
[task] id:5,start:0,end:0,service time:0,nodes:3265,
[task] id:7,start:0,end:0,service time:0,nodes:2120,
[task] id:0,start:0,end:0,service time:0,nodes:1006,
[task] id:3,start:0,end:0,service time:0,nodes:2750,
[task] id:1,start:0,end:0,service time:0,nodes:3603,
[task] id:4,start:0,end:0,service time:0,nodes:1203,
[task] id:8,start:0,end:0,service time:0,nodes:2157,
[agent] id:0
path:2908,2801,2694,2587,2480,2373,2266,2159,2052,1945,1946,1947,1948,1949,1950,1951,1952,1953,1954,1955,1956,1957,1958,1959,1960,1961,1962,1963,1964,1965,1966,1967,1860,1861,1862,1863,1864,1865,1758,1651,1544,1437,1330,1223,1116,1009,1008,1007,1006,1006,1006,1006,1006,1006,1006,1006,1006,1006,1006,1006,1006,1006,1006,1006,1006,1006,1006,1006,1006,1006,1006,1006,1006,1006,1006,1006,1006,1006,1006,1006,1006,1006,1006,1006,1006,1006,
goal:1006,1006,1006,1006,1006,1006,1006,1006,1006,1006,1006,1006,1006,1006,1006,1006,1006,1006,1006,1006,1006,1006,1006,1006,1006,1006,1006,1006,1006,1006,1006,1006,1006,1006,1006,1006,1006,1006,1006,1006,1006,1006,1006,1006,1006,1006,1006,1006,1006,1006,1006,1006,1006,1006,1006,1006,1006,1006,1006,1006,1006,1006,1006,1006,1006,1006,1006,1006,1006,1006,1006,1006,1006,1006,1006,1006,1006,1006,1006,1006,1006,1006,1006,1006,1006,1006,
size:48
[agent] id:1
path:3013,3014,3015,3016,3017,3018,3019,3020,3021,3022,3023,3024,3025,3026,3027,3028,3029,3030,3031,3032,3033,3034,3035,3036,3037,3038,3039,3040,3041,3042,3043,3044,3045,3046,3047,3048,3049,3050,3051,3052,3053,3054,3055,3056,3057,3058,3059,3060,3061,3062,3169,3170,3171,3172,3173,3280,3387,3494,3601,3602,3603,3603,3603,3603,3603,3603,3603,3603,3603,3603,3603,3603,3603,3603,3603,3603,3603,3603,3603,3603,3603,3603,3603,3603,3603,3603,
goal:3603,3603,3603,3603,3603,3603,3603,3603,3603,3603,3603,3603,3603,3603,3603,3603,3603,3603,3603,3603,3603,3603,3603,3603,3603,3603,3603,3603,3603,3603,3603,3603,3603,3603,3603,3603,3603,3603,3603,3603,3603,3603,3603,3603,3603,3603,3603,3603,3603,3603,3603,3603,3603,3603,3603,3603,3603,3603,3603,3603,3603,3603,3603,3603,3603,3603,3603,3603,3603,3603,3603,3603,3603,3603,3603,3603,3603,3603,3603,3603,3603,3603,3603,3603,3603,3603,
size:60
[agent] id:2
path:3877,3770,3769,3768,3661,3554,3447,3340,3233,3126,3019,2912,2805,2698,2591,2484,2377,2270,2163,2056,1949,1950,1951,1952,1953,1954,1955,1956,1957,1958,1959,1960,1961,1962,1963,1964,1964,1964,1964,1964,1964,1964,1964,1964,1964,1964,1964,1964,1964,1964,1964,1964,1964,1964,1964,1964,1964,1964,1964,1964,1964,1964,1964,1964,1964,1964,1964,1964,1964,1964,1964,1964,1964,1964,1964,1964,1964,1964,1964,1964,1964,1964,1964,1964,1964,1964,
goal:1964,1964,1964,1964,1964,1964,1964,1964,1964,1964,1964,1964,1964,1964,1964,1964,1964,1964,1964,1964,1964,1964,1964,1964,1964,1964,1964,1964,1964,1964,1964,1964,1964,1964,1964,1964,1964,1964,1964,1964,1964,1964,1964,1964,1964,1964,1964,1964,1964,1964,1964,1964,1964,1964,1964,1964,1964,1964,1964,1964,1964,1964,1964,1964,1964,1964,1964,1964,1964,1964,1964,1964,1964,1964,1964,1964,1964,1964,1964,1964,1964,1964,1964,1964,1964,1964,
size:35
[agent] id:3
path:3235,3128,3021,2914,2807,2808,2809,2810,2811,2812,2813,2814,2815,2816,2817,2710,2711,2712,2713,2714,2715,2716,2717,2718,2719,2720,2721,2722,2723,2724,2725,2726,2727,2728,2729,2730,2731,2732,2733,2734,2735,2736,2737,2738,2739,2740,2741,2742,2743,2744,2745,2746,2747,2748,2749,2750,2750,2750,2750,2750,2750,2750,2750,2750,2750,2750,2750,2750,2750,2750,2750,2750,2750,2750,2750,2750,2750,2750,2750,2750,2750,2750,2750,2750,2750,2750,
goal:2750,2750,2750,2750,2750,2750,2750,2750,2750,2750,2750,2750,2750,2750,2750,2750,2750,2750,2750,2750,2750,2750,2750,2750,2750,2750,2750,2750,2750,2750,2750,2750,2750,2750,2750,2750,2750,2750,2750,2750,2750,2750,2750,2750,2750,2750,2750,2750,2750,2750,2750,2750,2750,2750,2750,2750,2750,2750,2750,2750,2750,2750,2750,2750,2750,2750,2750,2750,2750,2750,2750,2750,2750,2750,2750,2750,2750,2750,2750,2750,2750,2750,2750,2750,2750,2750,
size:55
[agent] id:4
path:3068,2961,2854,2747,2640,2533,2426,2319,2212,2211,2210,2209,2208,2207,2206,2205,2204,2203,2202,2201,2094,2093,2092,2091,2090,2089,2088,2087,2086,2085,2084,2083,2082,2081,2080,2079,2078,2077,2076,2075,2074,2073,2072,2071,2070,1963,1962,1961,1960,1959,1958,1957,1956,1955,1954,1847,1846,1845,1844,1843,1842,1735,1628,1521,1414,1307,1200,1201,1202,1203,1203,1203,1203,1203,1203,1203,1203,1203,1203,1203,1203,1203,1203,1203,1203,1203,
goal:1203,1203,1203,1203,1203,1203,1203,1203,1203,1203,1203,1203,1203,1203,1203,1203,1203,1203,1203,1203,1203,1203,1203,1203,1203,1203,1203,1203,1203,1203,1203,1203,1203,1203,1203,1203,1203,1203,1203,1203,1203,1203,1203,1203,1203,1203,1203,1203,1203,1203,1203,1203,1203,1203,1203,1203,1203,1203,1203,1203,1203,1203,1203,1203,1203,1203,1203,1203,1203,1203,1203,1203,1203,1203,1203,1203,1203,1203,1203,1203,1203,1203,1203,1203,1203,1203,
size:69
[agent] id:5
path:2480,2587,2588,2695,2802,2909,3016,3017,3018,3019,3020,3021,3022,3023,3024,3025,3026,3027,3028,3029,3030,3031,3032,3033,3034,3035,3036,3037,3038,3039,3040,3041,3042,3043,3044,3045,3046,3047,3048,3049,3050,3157,3264,3265,3265,3265,3265,3265,3265,3265,3265,3265,3265,3265,3265,3265,3265,3265,3265,3265,3265,3265,3265,3265,3265,3265,3265,3265,3265,3265,3265,3265,3265,3265,3265,3265,3265,3265,3265,3265,3265,3265,3265,3265,3265,3265,
goal:3265,3265,3265,3265,3265,3265,3265,3265,3265,3265,3265,3265,3265,3265,3265,3265,3265,3265,3265,3265,3265,3265,3265,3265,3265,3265,3265,3265,3265,3265,3265,3265,3265,3265,3265,3265,3265,3265,3265,3265,3265,3265,3265,3265,3265,3265,3265,3265,3265,3265,3265,3265,3265,3265,3265,3265,3265,3265,3265,3265,3265,3265,3265,3265,3265,3265,3265,3265,3265,3265,3265,3265,3265,3265,3265,3265,3265,3265,3265,3265,3265,3265,3265,3265,3265,3265,
size:43
[agent] id:6
path:2939,2832,2725,2618,2619,2620,2621,2622,2623,2624,2625,2626,2627,2627,2627,2627,2627,2627,2627,2627,2627,2627,2627,2627,2627,2627,2627,2627,2627,2627,2627,2627,2627,2627,2627,2627,2627,2627,2627,2627,2627,2627,2627,2627,2627,2627,2627,2627,2627,2627,2627,2627,2627,2627,2627,2627,2627,2627,2627,2627,2627,2627,2627,2627,2627,2627,2627,2627,2627,2627,2627,2627,2627,2627,2627,2627,2627,2627,2627,2627,2627,2627,2627,2627,2627,2627,
goal:2627,2627,2627,2627,2627,2627,2627,2627,2627,2627,2627,2627,2627,2627,2627,2627,2627,2627,2627,2627,2627,2627,2627,2627,2627,2627,2627,2627,2627,2627,2627,2627,2627,2627,2627,2627,2627,2627,2627,2627,2627,2627,2627,2627,2627,2627,2627,2627,2627,2627,2627,2627,2627,2627,2627,2627,2627,2627,2627,2627,2627,2627,2627,2627,2627,2627,2627,2627,2627,2627,2627,2627,2627,2627,2627,2627,2627,2627,2627,2627,2627,2627,2627,2627,2627,2627,
size:12
[agent] id:7
path:3264,3157,3050,2943,2836,2729,2622,2515,2408,2301,2194,2087,2088,2089,2090,2091,2092,2093,2094,2095,2096,2097,2098,2099,2100,2101,2102,2103,2104,2105,2106,2107,2108,2109,2110,2111,2112,2113,2114,2115,2116,2117,2118,2119,2120,2120,2120,2120,2120,2120,2120,2120,2120,2120,2120,2120,2120,2120,2120,2120,2120,2120,2120,2120,2120,2120,2120,2120,2120,2120,2120,2120,2120,2120,2120,2120,2120,2120,2120,2120,2120,2120,2120,2120,2120,2120,
goal:2120,2120,2120,2120,2120,2120,2120,2120,2120,2120,2120,2120,2120,2120,2120,2120,2120,2120,2120,2120,2120,2120,2120,2120,2120,2120,2120,2120,2120,2120,2120,2120,2120,2120,2120,2120,2120,2120,2120,2120,2120,2120,2120,2120,2120,2120,2120,2120,2120,2120,2120,2120,2120,2120,2120,2120,2120,2120,2120,2120,2120,2120,2120,2120,2120,2120,2120,2120,2120,2120,2120,2120,2120,2120,2120,2120,2120,2120,2120,2120,2120,2120,2120,2120,2120,2120,
size:44
[agent] id:8
path:3196,3089,3088,2981,2874,2767,2660,2553,2446,2339,2232,2231,2230,2229,2228,2227,2226,2225,2224,2223,2222,2221,2220,2219,2218,2217,2216,2215,2214,2213,2212,2211,2210,2209,2208,2207,2206,2205,2204,2203,2202,2201,2200,2199,2198,2197,2196,2195,2194,2193,2192,2191,2190,2189,2188,2187,2186,2185,2184,2183,2182,2181,2180,2179,2178,2177,2176,2175,2174,2173,2172,2171,2170,2169,2168,2167,2166,2165,2164,2163,2162,2161,2160,2159,2158,2157,
goal:2157,2157,2157,2157,2157,2157,2157,2157,2157,2157,2157,2157,2157,2157,2157,2157,2157,2157,2157,2157,2157,2157,2157,2157,2157,2157,2157,2157,2157,2157,2157,2157,2157,2157,2157,2157,2157,2157,2157,2157,2157,2157,2157,2157,2157,2157,2157,2157,2157,2157,2157,2157,2157,2157,2157,2157,2157,2157,2157,2157,2157,2157,2157,2157,2157,2157,2157,2157,2157,2157,2157,2157,2157,2157,2157,2157,2157,2157,2157,2157,2157,2157,2157,2157,2157,2157,
size:85
[agent] id:9
path:2920,2813,2706,2707,2708,2709,2709,2709,2709,2709,2709,2709,2709,2709,2709,2709,2709,2709,2709,2709,2709,2709,2709,2709,2709,2709,2709,2709,2709,2709,2709,2709,2709,2709,2709,2709,2709,2709,2709,2709,2709,2709,2709,2709,2709,2709,2709,2709,2709,2709,2709,2709,2709,2709,2709,2709,2709,2709,2709,2709,2709,2709,2709,2709,2709,2709,2709,2709,2709,2709,2709,2709,2709,2709,2709,2709,2709,2709,2709,2709,2709,2709,2709,2709,2709,2709,
goal:2709,2709,2709,2709,2709,2709,2709,2709,2709,2709,2709,2709,2709,2709,2709,2709,2709,2709,2709,2709,2709,2709,2709,2709,2709,2709,2709,2709,2709,2709,2709,2709,2709,2709,2709,2709,2709,2709,2709,2709,2709,2709,2709,2709,2709,2709,2709,2709,2709,2709,2709,2709,2709,2709,2709,2709,2709,2709,2709,2709,2709,2709,2709,2709,2709,2709,2709,2709,2709,2709,2709,2709,2709,2709,2709,2709,2709,2709,2709,2709,2709,2709,2709,2709,2709,2709,
size:5
SolutionCost:456
