[setting] seed:97
[solver] type:ECBS
[solver] w:3.000000
[solver] ID:0
[solver] Lowlevelnode:45791
[solver] solved:1
[solver] elapsed:252
[solver] makespan:86
[problem] timesteplimit:10000
[problem] type:MAPF
[problem] agentnum:20
[graph] width:107
[graph] height:47
[graph] filename:./map/orz601d.map
[task] id:2,start:0,end:0,service time:0,nodes:2825,
[task] id:18,start:0,end:0,service time:0,nodes:2698,
[task] id:14,start:0,end:0,service time:0,nodes:2288,
[task] id:16,start:0,end:0,service time:0,nodes:3710,
[task] id:17,start:0,end:0,service time:0,nodes:2067,
[task] id:19,start:0,end:0,service time:0,nodes:1975,
[task] id:12,start:0,end:0,service time:0,nodes:1986,
[task] id:11,start:0,end:0,service time:0,nodes:3177,
[task] id:10,start:0,end:0,service time:0,nodes:2521,
[task] id:5,start:0,end:0,service time:0,nodes:1089,
[task] id:9,start:0,end:0,service time:0,nodes:1954,
[task] id:13,start:0,end:0,service time:0,nodes:580,
[task] id:6,start:0,end:0,service time:0,nodes:1890,
[task] id:1,start:0,end:0,service time:0,nodes:4138,
[task] id:15,start:0,end:0,service time:0,nodes:2148,
[task] id:3,start:0,end:0,service time:0,nodes:2855,
[task] id:7,start:0,end:0,service time:0,nodes:2254,
[task] id:4,start:0,end:0,service time:0,nodes:2682,
[task] id:8,start:0,end:0,service time:0,nodes:3815,
[task] id:0,start:0,end:0,service time:0,nodes:775,
[agent] id:0
path:2125,2124,2123,2122,2121,2120,2119,2118,2117,2116,2115,2114,2113,2112,2111,2110,2109,2108,2107,2106,2105,2104,2103,2102,2101,2100,2099,2098,2097,2096,2095,2094,2093,2092,2091,2090,2089,2088,2087,2086,2085,2084,2083,2082,2081,1974,1973,1972,1971,1970,1969,1968,1967,1966,1965,1964,1963,1962,1961,1960,1959,1958,1957,1956,1955,2062,2061,2060,1953,1846,1845,1844,1843,1842,1735,1628,1521,1414,1307,1200,1093,986,879,772,773,774,775,
goal:775,775,775,775,775,775,775,775,775,775,775,775,775,775,775,775,775,775,775,775,775,775,775,775,775,775,775,775,775,775,775,775,775,775,775,775,775,775,775,775,775,775,775,775,775,775,775,775,775,775,775,775,775,775,775,775,775,775,775,775,775,775,775,775,775,775,775,775,775,775,775,775,775,775,775,775,775,775,775,775,775,775,775,775,775,775,775,
size:86
[agent] id:1
path:2814,2921,3028,3029,3030,3031,3032,3033,3034,3035,3036,3037,3038,3039,3040,3041,3042,3043,3044,3045,3046,3047,3048,3049,3050,3051,3052,3053,3054,3055,3056,3057,3058,3059,3060,3061,3062,3169,3170,3171,3172,3173,3280,3387,3494,3601,3708,3815,3922,4029,4136,4137,4138,4138,4138,4138,4138,4138,4138,4138,4138,4138,4138,4138,4138,4138,4138,4138,4138,4138,4138,4138,4138,4138,4138,4138,4138,4138,4138,4138,4138,4138,4138,4138,4138,4138,4138,
goal:4138,4138,4138,4138,4138,4138,4138,4138,4138,4138,4138,4138,4138,4138,4138,4138,4138,4138,4138,4138,4138,4138,4138,4138,4138,4138,4138,4138,4138,4138,4138,4138,4138,4138,4138,4138,4138,4138,4138,4138,4138,4138,4138,4138,4138,4138,4138,4138,4138,4138,4138,4138,4138,4138,4138,4138,4138,4138,4138,4138,4138,4138,4138,4138,4138,4138,4138,4138,4138,4138,4138,4138,4138,4138,4138,4138,4138,4138,4138,4138,4138,4138,4138,4138,4138,4138,4138,
size:52
[agent] id:2
path:3041,2934,2827,2826,2825,2825,2825,2825,2825,2825,2825,2825,2825,2825,2825,2825,2825,2825,2825,2825,2825,2825,2825,2825,2825,2825,2825,2825,2825,2825,2825,2825,2825,2825,2825,2825,2825,2825,2825,2825,2825,2825,2825,2825,2825,2825,2825,2825,2825,2825,2825,2825,2825,2825,2825,2825,2825,2825,2825,2825,2825,2825,2825,2825,2825,2825,2825,2825,2825,2825,2825,2825,2825,2825,2825,2825,2825,2825,2825,2825,2825,2825,2825,2825,2825,2825,2825,
goal:2825,2825,2825,2825,2825,2825,2825,2825,2825,2825,2825,2825,2825,2825,2825,2825,2825,2825,2825,2825,2825,2825,2825,2825,2825,2825,2825,2825,2825,2825,2825,2825,2825,2825,2825,2825,2825,2825,2825,2825,2825,2825,2825,2825,2825,2825,2825,2825,2825,2825,2825,2825,2825,2825,2825,2825,2825,2825,2825,2825,2825,2825,2825,2825,2825,2825,2825,2825,2825,2825,2825,2825,2825,2825,2825,2825,2825,2825,2825,2825,2825,2825,2825,2825,2825,2825,2825,
size:4
[agent] id:3
path:2482,2589,2696,2697,2698,2699,2700,2701,2702,2703,2704,2705,2706,2707,2708,2709,2710,2711,2712,2713,2714,2715,2716,2717,2718,2719,2826,2827,2828,2829,2830,2831,2832,2833,2834,2835,2836,2837,2838,2839,2840,2841,2842,2843,2844,2845,2846,2847,2848,2849,2850,2851,2852,2853,2854,2855,2855,2855,2855,2855,2855,2855,2855,2855,2855,2855,2855,2855,2855,2855,2855,2855,2855,2855,2855,2855,2855,2855,2855,2855,2855,2855,2855,2855,2855,2855,2855,
goal:2855,2855,2855,2855,2855,2855,2855,2855,2855,2855,2855,2855,2855,2855,2855,2855,2855,2855,2855,2855,2855,2855,2855,2855,2855,2855,2855,2855,2855,2855,2855,2855,2855,2855,2855,2855,2855,2855,2855,2855,2855,2855,2855,2855,2855,2855,2855,2855,2855,2855,2855,2855,2855,2855,2855,2855,2855,2855,2855,2855,2855,2855,2855,2855,2855,2855,2855,2855,2855,2855,2855,2855,2855,2855,2855,2855,2855,2855,2855,2855,2855,2855,2855,2855,2855,2855,2855,
size:55
[agent] id:4
path:2749,2748,2747,2640,2639,2638,2637,2636,2635,2634,2633,2632,2631,2630,2629,2628,2627,2626,2625,2624,2623,2622,2621,2620,2513,2512,2511,2510,2509,2508,2507,2506,2505,2504,2503,2502,2501,2500,2499,2498,2497,2496,2495,2494,2493,2492,2491,2490,2489,2488,2487,2486,2485,2484,2483,2482,2481,2480,2479,2478,2477,2476,2475,2474,2581,2688,2687,2686,2685,2684,2683,2682,2682,2682,2682,2682,2682,2682,2682,2682,2682,2682,2682,2682,2682,2682,2682,
goal:2682,2682,2682,2682,2682,2682,2682,2682,2682,2682,2682,2682,2682,2682,2682,2682,2682,2682,2682,2682,2682,2682,2682,2682,2682,2682,2682,2682,2682,2682,2682,2682,2682,2682,2682,2682,2682,2682,2682,2682,2682,2682,2682,2682,2682,2682,2682,2682,2682,2682,2682,2682,2682,2682,2682,2682,2682,2682,2682,2682,2682,2682,2682,2682,2682,2682,2682,2682,2682,2682,2682,2682,2682,2682,2682,2682,2682,2682,2682,2682,2682,2682,2682,2682,2682,2682,2682,
size:71
[agent] id:5
path:2042,2043,2044,2045,2046,2153,2260,2367,2368,2369,2370,2371,2264,2157,2050,1943,1836,1837,1838,1839,1840,1841,1734,1627,1520,1413,1306,1199,1092,1091,1090,1089,1089,1089,1089,1089,1089,1089,1089,1089,1089,1089,1089,1089,1089,1089,1089,1089,1089,1089,1089,1089,1089,1089,1089,1089,1089,1089,1089,1089,1089,1089,1089,1089,1089,1089,1089,1089,1089,1089,1089,1089,1089,1089,1089,1089,1089,1089,1089,1089,1089,1089,1089,1089,1089,1089,1089,
goal:1089,1089,1089,1089,1089,1089,1089,1089,1089,1089,1089,1089,1089,1089,1089,1089,1089,1089,1089,1089,1089,1089,1089,1089,1089,1089,1089,1089,1089,1089,1089,1089,1089,1089,1089,1089,1089,1089,1089,1089,1089,1089,1089,1089,1089,1089,1089,1089,1089,1089,1089,1089,1089,1089,1089,1089,1089,1089,1089,1089,1089,1089,1089,1089,1089,1089,1089,1089,1089,1089,1089,1089,1089,1089,1089,1089,1089,1089,1089,1089,1089,1089,1089,1089,1089,1089,1089,
size:31
[agent] id:6
path:2990,2883,2776,2669,2562,2455,2454,2453,2452,2451,2450,2449,2448,2447,2446,2339,2232,2125,2018,2017,2016,2015,2014,2013,2012,2011,2010,2009,2008,2007,2006,2005,2004,2003,2002,1895,1894,1893,1892,1891,1890,1890,1890,1890,1890,1890,1890,1890,1890,1890,1890,1890,1890,1890,1890,1890,1890,1890,1890,1890,1890,1890,1890,1890,1890,1890,1890,1890,1890,1890,1890,1890,1890,1890,1890,1890,1890,1890,1890,1890,1890,1890,1890,1890,1890,1890,1890,
goal:1890,1890,1890,1890,1890,1890,1890,1890,1890,1890,1890,1890,1890,1890,1890,1890,1890,1890,1890,1890,1890,1890,1890,1890,1890,1890,1890,1890,1890,1890,1890,1890,1890,1890,1890,1890,1890,1890,1890,1890,1890,1890,1890,1890,1890,1890,1890,1890,1890,1890,1890,1890,1890,1890,1890,1890,1890,1890,1890,1890,1890,1890,1890,1890,1890,1890,1890,1890,1890,1890,1890,1890,1890,1890,1890,1890,1890,1890,1890,1890,1890,1890,1890,1890,1890,1890,1890,
size:40
[agent] id:7
path:3064,2957,2850,2743,2636,2529,2422,2421,2420,2419,2418,2417,2416,2415,2414,2413,2412,2411,2410,2409,2408,2407,2406,2405,2404,2403,2402,2401,2400,2399,2398,2397,2396,2395,2394,2393,2392,2391,2390,2389,2388,2387,2386,2385,2384,2383,2382,2381,2380,2379,2378,2377,2376,2375,2374,2373,2372,2371,2370,2369,2368,2367,2260,2259,2258,2257,2256,2255,2254,2254,2254,2254,2254,2254,2254,2254,2254,2254,2254,2254,2254,2254,2254,2254,2254,2254,2254,
goal:2254,2254,2254,2254,2254,2254,2254,2254,2254,2254,2254,2254,2254,2254,2254,2254,2254,2254,2254,2254,2254,2254,2254,2254,2254,2254,2254,2254,2254,2254,2254,2254,2254,2254,2254,2254,2254,2254,2254,2254,2254,2254,2254,2254,2254,2254,2254,2254,2254,2254,2254,2254,2254,2254,2254,2254,2254,2254,2254,2254,2254,2254,2254,2254,2254,2254,2254,2254,2254,2254,2254,2254,2254,2254,2254,2254,2254,2254,2254,2254,2254,2254,2254,2254,2254,2254,2254,
size:68
[agent] id:8
path:1416,1415,1414,1521,1628,1735,1842,1949,2056,2163,2270,2377,2484,2591,2592,2699,2806,2913,3020,3021,3022,3023,3024,3025,3026,3027,3028,3029,3030,3031,3032,3033,3034,3035,3036,3037,3038,3039,3040,3041,3042,3043,3044,3045,3046,3047,3048,3049,3050,3051,3052,3053,3054,3055,3056,3057,3058,3059,3060,3061,3062,3169,3170,3171,3172,3173,3280,3387,3494,3601,3708,3815,3815,3815,3815,3815,3815,3815,3815,3815,3815,3815,3815,3815,3815,3815,3815,
goal:3815,3815,3815,3815,3815,3815,3815,3815,3815,3815,3815,3815,3815,3815,3815,3815,3815,3815,3815,3815,3815,3815,3815,3815,3815,3815,3815,3815,3815,3815,3815,3815,3815,3815,3815,3815,3815,3815,3815,3815,3815,3815,3815,3815,3815,3815,3815,3815,3815,3815,3815,3815,3815,3815,3815,3815,3815,3815,3815,3815,3815,3815,3815,3815,3815,3815,3815,3815,3815,3815,3815,3815,3815,3815,3815,3815,3815,3815,3815,3815,3815,3815,3815,3815,3815,3815,3815,
size:71
[agent] id:9
path:4083,3976,3869,3762,3763,3764,3765,3766,3767,3660,3553,3446,3339,3232,3125,3018,2911,2804,2697,2590,2483,2376,2269,2162,2055,1948,1949,1950,1951,1952,1953,1954,1954,1954,1954,1954,1954,1954,1954,1954,1954,1954,1954,1954,1954,1954,1954,1954,1954,1954,1954,1954,1954,1954,1954,1954,1954,1954,1954,1954,1954,1954,1954,1954,1954,1954,1954,1954,1954,1954,1954,1954,1954,1954,1954,1954,1954,1954,1954,1954,1954,1954,1954,1954,1954,1954,1954,
goal:1954,1954,1954,1954,1954,1954,1954,1954,1954,1954,1954,1954,1954,1954,1954,1954,1954,1954,1954,1954,1954,1954,1954,1954,1954,1954,1954,1954,1954,1954,1954,1954,1954,1954,1954,1954,1954,1954,1954,1954,1954,1954,1954,1954,1954,1954,1954,1954,1954,1954,1954,1954,1954,1954,1954,1954,1954,1954,1954,1954,1954,1954,1954,1954,1954,1954,1954,1954,1954,1954,1954,1954,1954,1954,1954,1954,1954,1954,1954,1954,1954,1954,1954,1954,1954,1954,1954,
size:31
[agent] id:10
path:1228,1335,1442,1441,1440,1439,1438,1545,1652,1759,1866,1973,2080,2187,2294,2401,2508,2509,2510,2511,2512,2513,2514,2515,2516,2517,2518,2519,2520,2521,2521,2521,2521,2521,2521,2521,2521,2521,2521,2521,2521,2521,2521,2521,2521,2521,2521,2521,2521,2521,2521,2521,2521,2521,2521,2521,2521,2521,2521,2521,2521,2521,2521,2521,2521,2521,2521,2521,2521,2521,2521,2521,2521,2521,2521,2521,2521,2521,2521,2521,2521,2521,2521,2521,2521,2521,2521,
goal:2521,2521,2521,2521,2521,2521,2521,2521,2521,2521,2521,2521,2521,2521,2521,2521,2521,2521,2521,2521,2521,2521,2521,2521,2521,2521,2521,2521,2521,2521,2521,2521,2521,2521,2521,2521,2521,2521,2521,2521,2521,2521,2521,2521,2521,2521,2521,2521,2521,2521,2521,2521,2521,2521,2521,2521,2521,2521,2521,2521,2521,2521,2521,2521,2521,2521,2521,2521,2521,2521,2521,2521,2521,2521,2521,2521,2521,2521,2521,2521,2521,2521,2521,2521,2521,2521,2521,
size:29
[agent] id:11
path:2232,2339,2446,2553,2660,2767,2874,2981,3088,3087,3086,3085,3084,3083,3082,3081,3080,3079,3078,3077,3076,3075,3074,3073,3072,3179,3178,3177,3177,3177,3177,3177,3177,3177,3177,3177,3177,3177,3177,3177,3177,3177,3177,3177,3177,3177,3177,3177,3177,3177,3177,3177,3177,3177,3177,3177,3177,3177,3177,3177,3177,3177,3177,3177,3177,3177,3177,3177,3177,3177,3177,3177,3177,3177,3177,3177,3177,3177,3177,3177,3177,3177,3177,3177,3177,3177,3177,
goal:3177,3177,3177,3177,3177,3177,3177,3177,3177,3177,3177,3177,3177,3177,3177,3177,3177,3177,3177,3177,3177,3177,3177,3177,3177,3177,3177,3177,3177,3177,3177,3177,3177,3177,3177,3177,3177,3177,3177,3177,3177,3177,3177,3177,3177,3177,3177,3177,3177,3177,3177,3177,3177,3177,3177,3177,3177,3177,3177,3177,3177,3177,3177,3177,3177,3177,3177,3177,3177,3177,3177,3177,3177,3177,3177,3177,3177,3177,3177,3177,3177,3177,3177,3177,3177,3177,3177,
size:27
[agent] id:12
path:1113,1220,1327,1434,1435,1436,1437,1544,1651,1758,1865,1972,1973,1974,1975,1976,1977,1978,1979,1980,1981,1982,1983,1984,1985,1986,1986,1986,1986,1986,1986,1986,1986,1986,1986,1986,1986,1986,1986,1986,1986,1986,1986,1986,1986,1986,1986,1986,1986,1986,1986,1986,1986,1986,1986,1986,1986,1986,1986,1986,1986,1986,1986,1986,1986,1986,1986,1986,1986,1986,1986,1986,1986,1986,1986,1986,1986,1986,1986,1986,1986,1986,1986,1986,1986,1986,1986,
goal:1986,1986,1986,1986,1986,1986,1986,1986,1986,1986,1986,1986,1986,1986,1986,1986,1986,1986,1986,1986,1986,1986,1986,1986,1986,1986,1986,1986,1986,1986,1986,1986,1986,1986,1986,1986,1986,1986,1986,1986,1986,1986,1986,1986,1986,1986,1986,1986,1986,1986,1986,1986,1986,1986,1986,1986,1986,1986,1986,1986,1986,1986,1986,1986,1986,1986,1986,1986,1986,1986,1986,1986,1986,1986,1986,1986,1986,1986,1986,1986,1986,1986,1986,1986,1986,1986,1986,
size:25
[agent] id:13
path:3267,3160,3053,2946,2839,2732,2625,2518,2411,2304,2197,2090,2089,2088,2087,2086,2085,2084,1977,1870,1869,1868,1867,1866,1759,1652,1545,1438,1331,1224,1117,1010,903,796,689,582,581,580,580,580,580,580,580,580,580,580,580,580,580,580,580,580,580,580,580,580,580,580,580,580,580,580,580,580,580,580,580,580,580,580,580,580,580,580,580,580,580,580,580,580,580,580,580,580,580,580,580,
goal:580,580,580,580,580,580,580,580,580,580,580,580,580,580,580,580,580,580,580,580,580,580,580,580,580,580,580,580,580,580,580,580,580,580,580,580,580,580,580,580,580,580,580,580,580,580,580,580,580,580,580,580,580,580,580,580,580,580,580,580,580,580,580,580,580,580,580,580,580,580,580,580,580,580,580,580,580,580,580,580,580,580,580,580,580,580,580,
size:37
[agent] id:14
path:2086,2193,2300,2299,2298,2297,2296,2295,2294,2293,2292,2291,2290,2289,2288,2288,2288,2288,2288,2288,2288,2288,2288,2288,2288,2288,2288,2288,2288,2288,2288,2288,2288,2288,2288,2288,2288,2288,2288,2288,2288,2288,2288,2288,2288,2288,2288,2288,2288,2288,2288,2288,2288,2288,2288,2288,2288,2288,2288,2288,2288,2288,2288,2288,2288,2288,2288,2288,2288,2288,2288,2288,2288,2288,2288,2288,2288,2288,2288,2288,2288,2288,2288,2288,2288,2288,2288,
goal:2288,2288,2288,2288,2288,2288,2288,2288,2288,2288,2288,2288,2288,2288,2288,2288,2288,2288,2288,2288,2288,2288,2288,2288,2288,2288,2288,2288,2288,2288,2288,2288,2288,2288,2288,2288,2288,2288,2288,2288,2288,2288,2288,2288,2288,2288,2288,2288,2288,2288,2288,2288,2288,2288,2288,2288,2288,2288,2288,2288,2288,2288,2288,2288,2288,2288,2288,2288,2288,2288,2288,2288,2288,2288,2288,2288,2288,2288,2288,2288,2288,2288,2288,2288,2288,2288,2288,
size:14
[agent] id:15
path:2305,2412,2411,2410,2409,2408,2407,2406,2405,2404,2403,2402,2401,2400,2399,2398,2397,2396,2395,2394,2393,2392,2391,2390,2389,2388,2387,2386,2385,2384,2383,2382,2381,2380,2379,2378,2377,2376,2375,2374,2373,2372,2371,2370,2369,2368,2367,2260,2153,2152,2151,2150,2149,2148,2148,2148,2148,2148,2148,2148,2148,2148,2148,2148,2148,2148,2148,2148,2148,2148,2148,2148,2148,2148,2148,2148,2148,2148,2148,2148,2148,2148,2148,2148,2148,2148,2148,
goal:2148,2148,2148,2148,2148,2148,2148,2148,2148,2148,2148,2148,2148,2148,2148,2148,2148,2148,2148,2148,2148,2148,2148,2148,2148,2148,2148,2148,2148,2148,2148,2148,2148,2148,2148,2148,2148,2148,2148,2148,2148,2148,2148,2148,2148,2148,2148,2148,2148,2148,2148,2148,2148,2148,2148,2148,2148,2148,2148,2148,2148,2148,2148,2148,2148,2148,2148,2148,2148,2148,2148,2148,2148,2148,2148,2148,2148,2148,2148,2148,2148,2148,2148,2148,2148,2148,2148,
size:53
[agent] id:16
path:2427,2534,2641,2748,2855,2962,3069,3176,3175,3174,3281,3388,3495,3602,3709,3710,3710,3710,3710,3710,3710,3710,3710,3710,3710,3710,3710,3710,3710,3710,3710,3710,3710,3710,3710,3710,3710,3710,3710,3710,3710,3710,3710,3710,3710,3710,3710,3710,3710,3710,3710,3710,3710,3710,3710,3710,3710,3710,3710,3710,3710,3710,3710,3710,3710,3710,3710,3710,3710,3710,3710,3710,3710,3710,3710,3710,3710,3710,3710,3710,3710,3710,3710,3710,3710,3710,3710,
goal:3710,3710,3710,3710,3710,3710,3710,3710,3710,3710,3710,3710,3710,3710,3710,3710,3710,3710,3710,3710,3710,3710,3710,3710,3710,3710,3710,3710,3710,3710,3710,3710,3710,3710,3710,3710,3710,3710,3710,3710,3710,3710,3710,3710,3710,3710,3710,3710,3710,3710,3710,3710,3710,3710,3710,3710,3710,3710,3710,3710,3710,3710,3710,3710,3710,3710,3710,3710,3710,3710,3710,3710,3710,3710,3710,3710,3710,3710,3710,3710,3710,3710,3710,3710,3710,3710,3710,
size:15
[agent] id:17
path:2299,2192,2085,2084,2083,2082,2081,2080,2079,2078,2077,2076,2075,2074,2073,2072,2071,2070,2069,2068,2067,2067,2067,2067,2067,2067,2067,2067,2067,2067,2067,2067,2067,2067,2067,2067,2067,2067,2067,2067,2067,2067,2067,2067,2067,2067,2067,2067,2067,2067,2067,2067,2067,2067,2067,2067,2067,2067,2067,2067,2067,2067,2067,2067,2067,2067,2067,2067,2067,2067,2067,2067,2067,2067,2067,2067,2067,2067,2067,2067,2067,2067,2067,2067,2067,2067,2067,
goal:2067,2067,2067,2067,2067,2067,2067,2067,2067,2067,2067,2067,2067,2067,2067,2067,2067,2067,2067,2067,2067,2067,2067,2067,2067,2067,2067,2067,2067,2067,2067,2067,2067,2067,2067,2067,2067,2067,2067,2067,2067,2067,2067,2067,2067,2067,2067,2067,2067,2067,2067,2067,2067,2067,2067,2067,2067,2067,2067,2067,2067,2067,2067,2067,2067,2067,2067,2067,2067,2067,2067,2067,2067,2067,2067,2067,2067,2067,2067,2067,2067,2067,2067,2067,2067,2067,2067,
size:20
[agent] id:18
path:1947,2054,2161,2268,2375,2482,2589,2696,2697,2698,2698,2698,2698,2698,2698,2698,2698,2698,2698,2698,2698,2698,2698,2698,2698,2698,2698,2698,2698,2698,2698,2698,2698,2698,2698,2698,2698,2698,2698,2698,2698,2698,2698,2698,2698,2698,2698,2698,2698,2698,2698,2698,2698,2698,2698,2698,2698,2698,2698,2698,2698,2698,2698,2698,2698,2698,2698,2698,2698,2698,2698,2698,2698,2698,2698,2698,2698,2698,2698,2698,2698,2698,2698,2698,2698,2698,2698,
goal:2698,2698,2698,2698,2698,2698,2698,2698,2698,2698,2698,2698,2698,2698,2698,2698,2698,2698,2698,2698,2698,2698,2698,2698,2698,2698,2698,2698,2698,2698,2698,2698,2698,2698,2698,2698,2698,2698,2698,2698,2698,2698,2698,2698,2698,2698,2698,2698,2698,2698,2698,2698,2698,2698,2698,2698,2698,2698,2698,2698,2698,2698,2698,2698,2698,2698,2698,2698,2698,2698,2698,2698,2698,2698,2698,2698,2698,2698,2698,2698,2698,2698,2698,2698,2698,2698,2698,
size:9
[agent] id:19
path:2387,2280,2173,2066,1959,1960,1961,1962,1963,1964,1965,1966,1967,1968,1969,1970,1971,1972,1973,1974,1975,1975,1975,1975,1975,1975,1975,1975,1975,1975,1975,1975,1975,1975,1975,1975,1975,1975,1975,1975,1975,1975,1975,1975,1975,1975,1975,1975,1975,1975,1975,1975,1975,1975,1975,1975,1975,1975,1975,1975,1975,1975,1975,1975,1975,1975,1975,1975,1975,1975,1975,1975,1975,1975,1975,1975,1975,1975,1975,1975,1975,1975,1975,1975,1975,1975,1975,
goal:1975,1975,1975,1975,1975,1975,1975,1975,1975,1975,1975,1975,1975,1975,1975,1975,1975,1975,1975,1975,1975,1975,1975,1975,1975,1975,1975,1975,1975,1975,1975,1975,1975,1975,1975,1975,1975,1975,1975,1975,1975,1975,1975,1975,1975,1975,1975,1975,1975,1975,1975,1975,1975,1975,1975,1975,1975,1975,1975,1975,1975,1975,1975,1975,1975,1975,1975,1975,1975,1975,1975,1975,1975,1975,1975,1975,1975,1975,1975,1975,1975,1975,1975,1975,1975,1975,1975,
size:20
SolutionCost:758
