[setting] seed:39
[solver] type:ECBS
[solver] w:3.000000
[solver] ID:0
[solver] Lowlevelnode:27712
[solver] solved:1
[solver] elapsed:210
[solver] makespan:85
[problem] timesteplimit:10000
[problem] type:MAPF
[problem] agentnum:20
[graph] width:107
[graph] height:47
[graph] filename:./map/orz601d.map
[task] id:6,start:0,end:0,service time:0,nodes:2081,
[task] id:7,start:0,end:0,service time:0,nodes:2531,
[task] id:18,start:0,end:0,service time:0,nodes:1198,
[task] id:16,start:0,end:0,service time:0,nodes:2855,
[task] id:3,start:0,end:0,service time:0,nodes:3714,
[task] id:8,start:0,end:0,service time:0,nodes:2074,
[task] id:1,start:0,end:0,service time:0,nodes:3984,
[task] id:17,start:0,end:0,service time:0,nodes:3238,
[task] id:0,start:0,end:0,service time:0,nodes:662,
[task] id:12,start:0,end:0,service time:0,nodes:4131,
[task] id:19,start:0,end:0,service time:0,nodes:2407,
[task] id:2,start:0,end:0,service time:0,nodes:2617,
[task] id:9,start:0,end:0,service time:0,nodes:3074,
[task] id:13,start:0,end:0,service time:0,nodes:497,
[task] id:14,start:0,end:0,service time:0,nodes:3178,
[task] id:11,start:0,end:0,service time:0,nodes:2960,
[task] id:15,start:0,end:0,service time:0,nodes:1984,
[task] id:5,start:0,end:0,service time:0,nodes:2759,
[task] id:4,start:0,end:0,service time:0,nodes:2448,
[task] id:10,start:0,end:0,service time:0,nodes:3980,
[agent] id:0
path:3769,3768,3661,3554,3447,3340,3233,3126,3019,2912,2805,2698,2591,2484,2377,2270,2163,2056,1949,1842,1735,1628,1521,1414,1307,1200,1093,986,879,772,665,664,663,662,662,662,662,662,662,662,662,662,662,662,662,662,662,662,662,662,662,662,662,662,662,662,662,662,662,662,662,662,662,662,662,662,662,662,662,662,662,662,662,662,662,662,662,662,662,662,662,662,662,662,662,662,
goal:662,662,662,662,662,662,662,662,662,662,662,662,662,662,662,662,662,662,662,662,662,662,662,662,662,662,662,662,662,662,662,662,662,662,662,662,662,662,662,662,662,662,662,662,662,662,662,662,662,662,662,662,662,662,662,662,662,662,662,662,662,662,662,662,662,662,662,662,662,662,662,662,662,662,662,662,662,662,662,662,662,662,662,662,662,662,
size:33
[agent] id:1
path:3244,3137,3030,3029,3028,3027,3026,3025,3024,3131,3238,3345,3344,3343,3342,3341,3340,3447,3554,3661,3768,3875,3982,3983,3984,3984,3984,3984,3984,3984,3984,3984,3984,3984,3984,3984,3984,3984,3984,3984,3984,3984,3984,3984,3984,3984,3984,3984,3984,3984,3984,3984,3984,3984,3984,3984,3984,3984,3984,3984,3984,3984,3984,3984,3984,3984,3984,3984,3984,3984,3984,3984,3984,3984,3984,3984,3984,3984,3984,3984,3984,3984,3984,3984,3984,3984,
goal:3984,3984,3984,3984,3984,3984,3984,3984,3984,3984,3984,3984,3984,3984,3984,3984,3984,3984,3984,3984,3984,3984,3984,3984,3984,3984,3984,3984,3984,3984,3984,3984,3984,3984,3984,3984,3984,3984,3984,3984,3984,3984,3984,3984,3984,3984,3984,3984,3984,3984,3984,3984,3984,3984,3984,3984,3984,3984,3984,3984,3984,3984,3984,3984,3984,3984,3984,3984,3984,3984,3984,3984,3984,3984,3984,3984,3984,3984,3984,3984,3984,3984,3984,3984,3984,3984,
size:24
[agent] id:2
path:4459,4352,4245,4138,4031,3924,3817,3710,3603,3602,3495,3388,3281,3174,3067,2960,2853,2746,2639,2638,2637,2636,2635,2634,2633,2632,2631,2630,2629,2628,2627,2626,2625,2624,2623,2622,2621,2620,2619,2618,2617,2617,2617,2617,2617,2617,2617,2617,2617,2617,2617,2617,2617,2617,2617,2617,2617,2617,2617,2617,2617,2617,2617,2617,2617,2617,2617,2617,2617,2617,2617,2617,2617,2617,2617,2617,2617,2617,2617,2617,2617,2617,2617,2617,2617,2617,
goal:2617,2617,2617,2617,2617,2617,2617,2617,2617,2617,2617,2617,2617,2617,2617,2617,2617,2617,2617,2617,2617,2617,2617,2617,2617,2617,2617,2617,2617,2617,2617,2617,2617,2617,2617,2617,2617,2617,2617,2617,2617,2617,2617,2617,2617,2617,2617,2617,2617,2617,2617,2617,2617,2617,2617,2617,2617,2617,2617,2617,2617,2617,2617,2617,2617,2617,2617,2617,2617,2617,2617,2617,2617,2617,2617,2617,2617,2617,2617,2617,2617,2617,2617,2617,2617,2617,
size:40
[agent] id:3
path:3058,3059,3060,3061,3062,3169,3170,3171,3172,3173,3280,3387,3494,3601,3708,3709,3710,3711,3712,3713,3714,3714,3714,3714,3714,3714,3714,3714,3714,3714,3714,3714,3714,3714,3714,3714,3714,3714,3714,3714,3714,3714,3714,3714,3714,3714,3714,3714,3714,3714,3714,3714,3714,3714,3714,3714,3714,3714,3714,3714,3714,3714,3714,3714,3714,3714,3714,3714,3714,3714,3714,3714,3714,3714,3714,3714,3714,3714,3714,3714,3714,3714,3714,3714,3714,3714,
goal:3714,3714,3714,3714,3714,3714,3714,3714,3714,3714,3714,3714,3714,3714,3714,3714,3714,3714,3714,3714,3714,3714,3714,3714,3714,3714,3714,3714,3714,3714,3714,3714,3714,3714,3714,3714,3714,3714,3714,3714,3714,3714,3714,3714,3714,3714,3714,3714,3714,3714,3714,3714,3714,3714,3714,3714,3714,3714,3714,3714,3714,3714,3714,3714,3714,3714,3714,3714,3714,3714,3714,3714,3714,3714,3714,3714,3714,3714,3714,3714,3714,3714,3714,3714,3714,3714,
size:20
[agent] id:4
path:1416,1415,1414,1521,1628,1735,1842,1949,2056,2163,2270,2271,2272,2273,2274,2275,2276,2277,2278,2279,2280,2281,2282,2283,2284,2285,2286,2287,2288,2289,2290,2291,2292,2293,2294,2295,2296,2297,2298,2299,2300,2301,2408,2409,2410,2411,2412,2413,2414,2415,2416,2417,2418,2419,2420,2421,2422,2423,2424,2425,2426,2427,2428,2429,2430,2431,2432,2433,2434,2435,2436,2437,2438,2439,2440,2441,2442,2443,2444,2445,2446,2447,2448,2448,2448,2448,
goal:2448,2448,2448,2448,2448,2448,2448,2448,2448,2448,2448,2448,2448,2448,2448,2448,2448,2448,2448,2448,2448,2448,2448,2448,2448,2448,2448,2448,2448,2448,2448,2448,2448,2448,2448,2448,2448,2448,2448,2448,2448,2448,2448,2448,2448,2448,2448,2448,2448,2448,2448,2448,2448,2448,2448,2448,2448,2448,2448,2448,2448,2448,2448,2448,2448,2448,2448,2448,2448,2448,2448,2448,2448,2448,2448,2448,2448,2448,2448,2448,2448,2448,2448,2448,2448,2448,
size:82
[agent] id:5
path:3446,3339,3232,3125,3018,2911,2804,2697,2698,2699,2700,2701,2702,2703,2704,2705,2706,2707,2708,2709,2710,2711,2712,2713,2714,2715,2716,2717,2718,2719,2720,2721,2722,2723,2724,2725,2726,2727,2728,2729,2730,2731,2732,2733,2734,2735,2736,2737,2738,2739,2740,2741,2742,2743,2744,2745,2746,2747,2748,2749,2750,2751,2752,2753,2754,2755,2756,2757,2758,2759,2759,2759,2759,2759,2759,2759,2759,2759,2759,2759,2759,2759,2759,2759,2759,2759,
goal:2759,2759,2759,2759,2759,2759,2759,2759,2759,2759,2759,2759,2759,2759,2759,2759,2759,2759,2759,2759,2759,2759,2759,2759,2759,2759,2759,2759,2759,2759,2759,2759,2759,2759,2759,2759,2759,2759,2759,2759,2759,2759,2759,2759,2759,2759,2759,2759,2759,2759,2759,2759,2759,2759,2759,2759,2759,2759,2759,2759,2759,2759,2759,2759,2759,2759,2759,2759,2759,2759,2759,2759,2759,2759,2759,2759,2759,2759,2759,2759,2759,2759,2759,2759,2759,2759,
size:69
[agent] id:6
path:2294,2187,2080,2081,2081,2081,2081,2081,2081,2081,2081,2081,2081,2081,2081,2081,2081,2081,2081,2081,2081,2081,2081,2081,2081,2081,2081,2081,2081,2081,2081,2081,2081,2081,2081,2081,2081,2081,2081,2081,2081,2081,2081,2081,2081,2081,2081,2081,2081,2081,2081,2081,2081,2081,2081,2081,2081,2081,2081,2081,2081,2081,2081,2081,2081,2081,2081,2081,2081,2081,2081,2081,2081,2081,2081,2081,2081,2081,2081,2081,2081,2081,2081,2081,2081,2081,
goal:2081,2081,2081,2081,2081,2081,2081,2081,2081,2081,2081,2081,2081,2081,2081,2081,2081,2081,2081,2081,2081,2081,2081,2081,2081,2081,2081,2081,2081,2081,2081,2081,2081,2081,2081,2081,2081,2081,2081,2081,2081,2081,2081,2081,2081,2081,2081,2081,2081,2081,2081,2081,2081,2081,2081,2081,2081,2081,2081,2081,2081,2081,2081,2081,2081,2081,2081,2081,2081,2081,2081,2081,2081,2081,2081,2081,2081,2081,2081,2081,2081,2081,2081,2081,2081,2081,
size:3
[agent] id:7
path:2538,2537,2536,2535,2534,2533,2532,2531,2531,2531,2531,2531,2531,2531,2531,2531,2531,2531,2531,2531,2531,2531,2531,2531,2531,2531,2531,2531,2531,2531,2531,2531,2531,2531,2531,2531,2531,2531,2531,2531,2531,2531,2531,2531,2531,2531,2531,2531,2531,2531,2531,2531,2531,2531,2531,2531,2531,2531,2531,2531,2531,2531,2531,2531,2531,2531,2531,2531,2531,2531,2531,2531,2531,2531,2531,2531,2531,2531,2531,2531,2531,2531,2531,2531,2531,2531,
goal:2531,2531,2531,2531,2531,2531,2531,2531,2531,2531,2531,2531,2531,2531,2531,2531,2531,2531,2531,2531,2531,2531,2531,2531,2531,2531,2531,2531,2531,2531,2531,2531,2531,2531,2531,2531,2531,2531,2531,2531,2531,2531,2531,2531,2531,2531,2531,2531,2531,2531,2531,2531,2531,2531,2531,2531,2531,2531,2531,2531,2531,2531,2531,2531,2531,2531,2531,2531,2531,2531,2531,2531,2531,2531,2531,2531,2531,2531,2531,2531,2531,2531,2531,2531,2531,2531,
size:7
[agent] id:8
path:2093,2092,2091,2090,2089,2088,2087,2086,2085,2084,2083,2082,1975,1974,1973,2080,2079,2078,2077,2076,2075,2074,2074,2074,2074,2074,2074,2074,2074,2074,2074,2074,2074,2074,2074,2074,2074,2074,2074,2074,2074,2074,2074,2074,2074,2074,2074,2074,2074,2074,2074,2074,2074,2074,2074,2074,2074,2074,2074,2074,2074,2074,2074,2074,2074,2074,2074,2074,2074,2074,2074,2074,2074,2074,2074,2074,2074,2074,2074,2074,2074,2074,2074,2074,2074,2074,
goal:2074,2074,2074,2074,2074,2074,2074,2074,2074,2074,2074,2074,2074,2074,2074,2074,2074,2074,2074,2074,2074,2074,2074,2074,2074,2074,2074,2074,2074,2074,2074,2074,2074,2074,2074,2074,2074,2074,2074,2074,2074,2074,2074,2074,2074,2074,2074,2074,2074,2074,2074,2074,2074,2074,2074,2074,2074,2074,2074,2074,2074,2074,2074,2074,2074,2074,2074,2074,2074,2074,2074,2074,2074,2074,2074,2074,2074,2074,2074,2074,2074,2074,2074,2074,2074,2074,
size:21
[agent] id:9
path:2397,2504,2611,2718,2825,2932,3039,3040,3041,3042,3043,3044,3045,3046,3047,3048,3049,3050,3051,3052,3053,3054,3055,3056,3057,3058,3059,3060,3061,3062,3063,3064,3065,3066,3067,3068,3069,3070,3071,3072,3073,3074,3074,3074,3074,3074,3074,3074,3074,3074,3074,3074,3074,3074,3074,3074,3074,3074,3074,3074,3074,3074,3074,3074,3074,3074,3074,3074,3074,3074,3074,3074,3074,3074,3074,3074,3074,3074,3074,3074,3074,3074,3074,3074,3074,3074,
goal:3074,3074,3074,3074,3074,3074,3074,3074,3074,3074,3074,3074,3074,3074,3074,3074,3074,3074,3074,3074,3074,3074,3074,3074,3074,3074,3074,3074,3074,3074,3074,3074,3074,3074,3074,3074,3074,3074,3074,3074,3074,3074,3074,3074,3074,3074,3074,3074,3074,3074,3074,3074,3074,3074,3074,3074,3074,3074,3074,3074,3074,3074,3074,3074,3074,3074,3074,3074,3074,3074,3074,3074,3074,3074,3074,3074,3074,3074,3074,3074,3074,3074,3074,3074,3074,3074,
size:41
[agent] id:10
path:707,814,921,1028,1135,1242,1349,1350,1457,1458,1459,1460,1461,1568,1675,1782,1889,1996,2103,2210,2317,2424,2423,2530,2637,2744,2851,2958,2957,2956,2955,3062,3061,3060,3059,3058,3057,3056,3055,3054,3053,3052,3051,3050,3049,3048,3047,3046,3045,3044,3043,3042,3041,3040,3039,3038,3037,3036,3035,3034,3033,3032,3031,3030,3029,3028,3027,3026,3025,3024,3131,3130,3237,3344,3343,3342,3341,3340,3447,3554,3661,3768,3875,3982,3981,3980,
goal:3980,3980,3980,3980,3980,3980,3980,3980,3980,3980,3980,3980,3980,3980,3980,3980,3980,3980,3980,3980,3980,3980,3980,3980,3980,3980,3980,3980,3980,3980,3980,3980,3980,3980,3980,3980,3980,3980,3980,3980,3980,3980,3980,3980,3980,3980,3980,3980,3980,3980,3980,3980,3980,3980,3980,3980,3980,3980,3980,3980,3980,3980,3980,3980,3980,3980,3980,3980,3980,3980,3980,3980,3980,3980,3980,3980,3980,3980,3980,3980,3980,3980,3980,3980,3980,3980,
size:85
[agent] id:11
path:2279,2386,2493,2600,2707,2814,2921,2922,2923,2924,2925,2926,2927,2928,2929,2930,2931,2932,2933,2934,2935,2936,2937,2938,2939,2940,2941,2942,2943,2944,2945,2946,2947,2948,2949,2950,2951,2952,2953,2954,2955,2956,2957,2958,2959,2960,2960,2960,2960,2960,2960,2960,2960,2960,2960,2960,2960,2960,2960,2960,2960,2960,2960,2960,2960,2960,2960,2960,2960,2960,2960,2960,2960,2960,2960,2960,2960,2960,2960,2960,2960,2960,2960,2960,2960,2960,
goal:2960,2960,2960,2960,2960,2960,2960,2960,2960,2960,2960,2960,2960,2960,2960,2960,2960,2960,2960,2960,2960,2960,2960,2960,2960,2960,2960,2960,2960,2960,2960,2960,2960,2960,2960,2960,2960,2960,2960,2960,2960,2960,2960,2960,2960,2960,2960,2960,2960,2960,2960,2960,2960,2960,2960,2960,2960,2960,2960,2960,2960,2960,2960,2960,2960,2960,2960,2960,2960,2960,2960,2960,2960,2960,2960,2960,2960,2960,2960,2960,2960,2960,2960,2960,2960,2960,
size:45
[agent] id:12
path:2938,3045,3046,3047,3048,3049,3050,3051,3052,3053,3054,3055,3056,3057,3058,3059,3060,3061,3062,3169,3170,3171,3172,3173,3280,3387,3494,3601,3708,3815,3922,4029,4136,4135,4134,4133,4132,4131,4131,4131,4131,4131,4131,4131,4131,4131,4131,4131,4131,4131,4131,4131,4131,4131,4131,4131,4131,4131,4131,4131,4131,4131,4131,4131,4131,4131,4131,4131,4131,4131,4131,4131,4131,4131,4131,4131,4131,4131,4131,4131,4131,4131,4131,4131,4131,4131,
goal:4131,4131,4131,4131,4131,4131,4131,4131,4131,4131,4131,4131,4131,4131,4131,4131,4131,4131,4131,4131,4131,4131,4131,4131,4131,4131,4131,4131,4131,4131,4131,4131,4131,4131,4131,4131,4131,4131,4131,4131,4131,4131,4131,4131,4131,4131,4131,4131,4131,4131,4131,4131,4131,4131,4131,4131,4131,4131,4131,4131,4131,4131,4131,4131,4131,4131,4131,4131,4131,4131,4131,4131,4131,4131,4131,4131,4131,4131,4131,4131,4131,4131,4131,4131,4131,4131,
size:37
[agent] id:13
path:1758,1759,1866,1867,1868,1869,1870,1871,1978,1979,1980,1981,1982,1983,1984,1985,1986,1987,1988,1989,1990,1991,1884,1885,1886,1887,1888,1889,1782,1675,1568,1461,1354,1247,1140,1033,926,819,712,605,498,497,497,497,497,497,497,497,497,497,497,497,497,497,497,497,497,497,497,497,497,497,497,497,497,497,497,497,497,497,497,497,497,497,497,497,497,497,497,497,497,497,497,497,497,497,
goal:497,497,497,497,497,497,497,497,497,497,497,497,497,497,497,497,497,497,497,497,497,497,497,497,497,497,497,497,497,497,497,497,497,497,497,497,497,497,497,497,497,497,497,497,497,497,497,497,497,497,497,497,497,497,497,497,497,497,497,497,497,497,497,497,497,497,497,497,497,497,497,497,497,497,497,497,497,497,497,497,497,497,497,497,497,497,
size:41
[agent] id:14
path:2923,2924,2925,2926,2927,2928,2929,2930,2930,2931,2932,2933,2934,2935,2936,2937,2938,2939,2940,2941,2942,2943,2944,2945,2946,2947,2948,2949,2950,2951,2952,2953,2954,2955,3062,3169,3170,3171,3172,3173,3174,3175,3176,3177,3178,3178,3178,3178,3178,3178,3178,3178,3178,3178,3178,3178,3178,3178,3178,3178,3178,3178,3178,3178,3178,3178,3178,3178,3178,3178,3178,3178,3178,3178,3178,3178,3178,3178,3178,3178,3178,3178,3178,3178,3178,3178,
goal:3178,3178,3178,3178,3178,3178,3178,3178,3178,3178,3178,3178,3178,3178,3178,3178,3178,3178,3178,3178,3178,3178,3178,3178,3178,3178,3178,3178,3178,3178,3178,3178,3178,3178,3178,3178,3178,3178,3178,3178,3178,3178,3178,3178,3178,3178,3178,3178,3178,3178,3178,3178,3178,3178,3178,3178,3178,3178,3178,3178,3178,3178,3178,3178,3178,3178,3178,3178,3178,3178,3178,3178,3178,3178,3178,3178,3178,3178,3178,3178,3178,3178,3178,3178,3178,3178,
size:44
[agent] id:15
path:1830,1937,1938,1939,2046,2153,2260,2367,2368,2369,2370,2371,2264,2157,2050,1943,1944,1945,1946,1947,1948,1949,1950,1951,1952,1953,1954,1955,1956,1957,1958,1959,1960,1961,1962,1963,1964,1965,1966,1967,1968,1969,1970,1971,1972,1973,1974,1975,1976,1977,1978,1979,1980,1981,1982,1983,1984,1984,1984,1984,1984,1984,1984,1984,1984,1984,1984,1984,1984,1984,1984,1984,1984,1984,1984,1984,1984,1984,1984,1984,1984,1984,1984,1984,1984,1984,
goal:1984,1984,1984,1984,1984,1984,1984,1984,1984,1984,1984,1984,1984,1984,1984,1984,1984,1984,1984,1984,1984,1984,1984,1984,1984,1984,1984,1984,1984,1984,1984,1984,1984,1984,1984,1984,1984,1984,1984,1984,1984,1984,1984,1984,1984,1984,1984,1984,1984,1984,1984,1984,1984,1984,1984,1984,1984,1984,1984,1984,1984,1984,1984,1984,1984,1984,1984,1984,1984,1984,1984,1984,1984,1984,1984,1984,1984,1984,1984,1984,1984,1984,1984,1984,1984,1984,
size:56
[agent] id:16
path:2333,2440,2547,2654,2761,2868,2867,2866,2865,2864,2863,2862,2861,2860,2859,2858,2857,2856,2855,2855,2855,2855,2855,2855,2855,2855,2855,2855,2855,2855,2855,2855,2855,2855,2855,2855,2855,2855,2855,2855,2855,2855,2855,2855,2855,2855,2855,2855,2855,2855,2855,2855,2855,2855,2855,2855,2855,2855,2855,2855,2855,2855,2855,2855,2855,2855,2855,2855,2855,2855,2855,2855,2855,2855,2855,2855,2855,2855,2855,2855,2855,2855,2855,2855,2855,2855,
goal:2855,2855,2855,2855,2855,2855,2855,2855,2855,2855,2855,2855,2855,2855,2855,2855,2855,2855,2855,2855,2855,2855,2855,2855,2855,2855,2855,2855,2855,2855,2855,2855,2855,2855,2855,2855,2855,2855,2855,2855,2855,2855,2855,2855,2855,2855,2855,2855,2855,2855,2855,2855,2855,2855,2855,2855,2855,2855,2855,2855,2855,2855,2855,2855,2855,2855,2855,2855,2855,2855,2855,2855,2855,2855,2855,2855,2855,2855,2855,2855,2855,2855,2855,2855,2855,2855,
size:18
[agent] id:17
path:2075,2182,2289,2396,2503,2610,2717,2824,2931,3038,3037,3036,3035,3034,3033,3032,3031,3030,3029,3028,3027,3026,3025,3024,3131,3238,3238,3238,3238,3238,3238,3238,3238,3238,3238,3238,3238,3238,3238,3238,3238,3238,3238,3238,3238,3238,3238,3238,3238,3238,3238,3238,3238,3238,3238,3238,3238,3238,3238,3238,3238,3238,3238,3238,3238,3238,3238,3238,3238,3238,3238,3238,3238,3238,3238,3238,3238,3238,3238,3238,3238,3238,3238,3238,3238,3238,
goal:3238,3238,3238,3238,3238,3238,3238,3238,3238,3238,3238,3238,3238,3238,3238,3238,3238,3238,3238,3238,3238,3238,3238,3238,3238,3238,3238,3238,3238,3238,3238,3238,3238,3238,3238,3238,3238,3238,3238,3238,3238,3238,3238,3238,3238,3238,3238,3238,3238,3238,3238,3238,3238,3238,3238,3238,3238,3238,3238,3238,3238,3238,3238,3238,3238,3238,3238,3238,3238,3238,3238,3238,3238,3238,3238,3238,3238,3238,3238,3238,3238,3238,3238,3238,3238,3238,
size:25
[agent] id:18
path:558,665,772,879,986,1093,1200,1199,1198,1198,1198,1198,1198,1198,1198,1198,1198,1198,1198,1198,1198,1198,1198,1198,1198,1198,1198,1198,1198,1198,1198,1198,1198,1198,1198,1198,1198,1198,1198,1198,1198,1198,1198,1198,1198,1198,1198,1198,1198,1198,1198,1198,1198,1198,1198,1198,1198,1198,1198,1198,1198,1198,1198,1198,1198,1198,1198,1198,1198,1198,1198,1198,1198,1198,1198,1198,1198,1198,1198,1198,1198,1198,1198,1198,1198,1198,
goal:1198,1198,1198,1198,1198,1198,1198,1198,1198,1198,1198,1198,1198,1198,1198,1198,1198,1198,1198,1198,1198,1198,1198,1198,1198,1198,1198,1198,1198,1198,1198,1198,1198,1198,1198,1198,1198,1198,1198,1198,1198,1198,1198,1198,1198,1198,1198,1198,1198,1198,1198,1198,1198,1198,1198,1198,1198,1198,1198,1198,1198,1198,1198,1198,1198,1198,1198,1198,1198,1198,1198,1198,1198,1198,1198,1198,1198,1198,1198,1198,1198,1198,1198,1198,1198,1198,
size:8
[agent] id:19
path:932,1039,1146,1253,1360,1467,1466,1465,1464,1463,1462,1569,1676,1783,1890,1997,2104,2211,2318,2425,2424,2423,2422,2421,2420,2419,2418,2417,2416,2415,2414,2413,2412,2411,2410,2409,2408,2407,2407,2407,2407,2407,2407,2407,2407,2407,2407,2407,2407,2407,2407,2407,2407,2407,2407,2407,2407,2407,2407,2407,2407,2407,2407,2407,2407,2407,2407,2407,2407,2407,2407,2407,2407,2407,2407,2407,2407,2407,2407,2407,2407,2407,2407,2407,2407,2407,
goal:2407,2407,2407,2407,2407,2407,2407,2407,2407,2407,2407,2407,2407,2407,2407,2407,2407,2407,2407,2407,2407,2407,2407,2407,2407,2407,2407,2407,2407,2407,2407,2407,2407,2407,2407,2407,2407,2407,2407,2407,2407,2407,2407,2407,2407,2407,2407,2407,2407,2407,2407,2407,2407,2407,2407,2407,2407,2407,2407,2407,2407,2407,2407,2407,2407,2407,2407,2407,2407,2407,2407,2407,2407,2407,2407,2407,2407,2407,2407,2407,2407,2407,2407,2407,2407,2407,
size:37
SolutionCost:736
