[setting] seed:47
[solver] type:ECBS
[solver] w:3.000000
[solver] ID:0
[solver] Lowlevelnode:8312
[solver] solved:1
[solver] elapsed:65
[solver] makespan:74
[problem] timesteplimit:10000
[problem] type:MAPF
[problem] agentnum:10
[graph] width:107
[graph] height:47
[graph] filename:./map/orz601d.map
[task] id:2,start:0,end:0,service time:0,nodes:2501,
[task] id:5,start:0,end:0,service time:0,nodes:1413,
[task] id:0,start:0,end:0,service time:0,nodes:2918,
[task] id:6,start:0,end:0,service time:0,nodes:479,
[task] id:3,start:0,end:0,service time:0,nodes:4298,
[task] id:1,start:0,end:0,service time:0,nodes:1015,
[task] id:4,start:0,end:0,service time:0,nodes:2536,
[task] id:8,start:0,end:0,service time:0,nodes:2885,
[task] id:9,start:0,end:0,service time:0,nodes:2521,
[task] id:7,start:0,end:0,service time:0,nodes:1123,
[agent] id:0
path:2841,2948,2947,2946,2945,2944,2943,2942,2941,2940,2939,2938,2937,2936,2935,2934,2933,2932,2931,2930,2929,2928,2927,2926,2925,2924,2923,2922,2921,2920,2919,2918,2918,2918,2918,2918,2918,2918,2918,2918,2918,2918,2918,2918,2918,2918,2918,2918,2918,2918,2918,2918,2918,2918,2918,2918,2918,2918,2918,2918,2918,2918,2918,2918,2918,2918,2918,2918,2918,2918,2918,2918,2918,2918,2918,
goal:2918,2918,2918,2918,2918,2918,2918,2918,2918,2918,2918,2918,2918,2918,2918,2918,2918,2918,2918,2918,2918,2918,2918,2918,2918,2918,2918,2918,2918,2918,2918,2918,2918,2918,2918,2918,2918,2918,2918,2918,2918,2918,2918,2918,2918,2918,2918,2918,2918,2918,2918,2918,2918,2918,2918,2918,2918,2918,2918,2918,2918,2918,2918,2918,2918,2918,2918,2918,2918,2918,2918,2918,2918,2918,2918,
size:31
[agent] id:1
path:2011,2010,2009,2008,2007,2006,2005,2004,2003,2002,2001,2000,1999,1998,1997,1996,1995,1994,1993,1992,1991,1990,1989,1988,1987,1986,1985,1984,1983,1982,1981,1980,1979,1978,1871,1870,1869,1868,1867,1866,1759,1652,1545,1438,1331,1224,1117,1010,1011,1012,1013,1014,1015,1015,1015,1015,1015,1015,1015,1015,1015,1015,1015,1015,1015,1015,1015,1015,1015,1015,1015,1015,1015,1015,1015,
goal:1015,1015,1015,1015,1015,1015,1015,1015,1015,1015,1015,1015,1015,1015,1015,1015,1015,1015,1015,1015,1015,1015,1015,1015,1015,1015,1015,1015,1015,1015,1015,1015,1015,1015,1015,1015,1015,1015,1015,1015,1015,1015,1015,1015,1015,1015,1015,1015,1015,1015,1015,1015,1015,1015,1015,1015,1015,1015,1015,1015,1015,1015,1015,1015,1015,1015,1015,1015,1015,1015,1015,1015,1015,1015,1015,
size:52
[agent] id:2
path:3025,2918,2811,2704,2597,2490,2491,2492,2493,2494,2495,2496,2497,2498,2499,2500,2501,2501,2501,2501,2501,2501,2501,2501,2501,2501,2501,2501,2501,2501,2501,2501,2501,2501,2501,2501,2501,2501,2501,2501,2501,2501,2501,2501,2501,2501,2501,2501,2501,2501,2501,2501,2501,2501,2501,2501,2501,2501,2501,2501,2501,2501,2501,2501,2501,2501,2501,2501,2501,2501,2501,2501,2501,2501,2501,
goal:2501,2501,2501,2501,2501,2501,2501,2501,2501,2501,2501,2501,2501,2501,2501,2501,2501,2501,2501,2501,2501,2501,2501,2501,2501,2501,2501,2501,2501,2501,2501,2501,2501,2501,2501,2501,2501,2501,2501,2501,2501,2501,2501,2501,2501,2501,2501,2501,2501,2501,2501,2501,2501,2501,2501,2501,2501,2501,2501,2501,2501,2501,2501,2501,2501,2501,2501,2501,2501,2501,2501,2501,2501,2501,2501,
size:16
[agent] id:3
path:2254,2361,2468,2469,2470,2471,2472,2473,2474,2475,2476,2477,2478,2585,2692,2799,2906,3013,3014,3121,3228,3335,3336,3337,3338,3339,3446,3553,3660,3767,3874,3981,4088,4195,4302,4301,4300,4299,4298,4298,4298,4298,4298,4298,4298,4298,4298,4298,4298,4298,4298,4298,4298,4298,4298,4298,4298,4298,4298,4298,4298,4298,4298,4298,4298,4298,4298,4298,4298,4298,4298,4298,4298,4298,4298,
goal:4298,4298,4298,4298,4298,4298,4298,4298,4298,4298,4298,4298,4298,4298,4298,4298,4298,4298,4298,4298,4298,4298,4298,4298,4298,4298,4298,4298,4298,4298,4298,4298,4298,4298,4298,4298,4298,4298,4298,4298,4298,4298,4298,4298,4298,4298,4298,4298,4298,4298,4298,4298,4298,4298,4298,4298,4298,4298,4298,4298,4298,4298,4298,4298,4298,4298,4298,4298,4298,4298,4298,4298,4298,4298,4298,
size:38
[agent] id:4
path:2591,2592,2593,2594,2595,2596,2597,2598,2599,2600,2601,2602,2603,2604,2605,2606,2607,2608,2609,2502,2503,2504,2505,2506,2507,2508,2509,2510,2511,2512,2513,2514,2515,2516,2517,2518,2519,2520,2521,2522,2523,2524,2525,2526,2527,2528,2529,2530,2531,2532,2533,2534,2535,2536,2536,2536,2536,2536,2536,2536,2536,2536,2536,2536,2536,2536,2536,2536,2536,2536,2536,2536,2536,2536,2536,
goal:2536,2536,2536,2536,2536,2536,2536,2536,2536,2536,2536,2536,2536,2536,2536,2536,2536,2536,2536,2536,2536,2536,2536,2536,2536,2536,2536,2536,2536,2536,2536,2536,2536,2536,2536,2536,2536,2536,2536,2536,2536,2536,2536,2536,2536,2536,2536,2536,2536,2536,2536,2536,2536,2536,2536,2536,2536,2536,2536,2536,2536,2536,2536,2536,2536,2536,2536,2536,2536,2536,2536,2536,2536,2536,2536,
size:53
[agent] id:5
path:2502,2395,2288,2181,2074,1967,1966,1965,1964,1963,1962,1961,1960,1959,1958,1957,1956,1955,1954,1847,1846,1845,1844,1843,1842,1735,1628,1521,1414,1413,1413,1413,1413,1413,1413,1413,1413,1413,1413,1413,1413,1413,1413,1413,1413,1413,1413,1413,1413,1413,1413,1413,1413,1413,1413,1413,1413,1413,1413,1413,1413,1413,1413,1413,1413,1413,1413,1413,1413,1413,1413,1413,1413,1413,1413,
goal:1413,1413,1413,1413,1413,1413,1413,1413,1413,1413,1413,1413,1413,1413,1413,1413,1413,1413,1413,1413,1413,1413,1413,1413,1413,1413,1413,1413,1413,1413,1413,1413,1413,1413,1413,1413,1413,1413,1413,1413,1413,1413,1413,1413,1413,1413,1413,1413,1413,1413,1413,1413,1413,1413,1413,1413,1413,1413,1413,1413,1413,1413,1413,1413,1413,1413,1413,1413,1413,1413,1413,1413,1413,1413,1413,
size:29
[agent] id:6
path:2202,2095,1988,1987,1986,1985,1984,1983,1982,1981,1980,1979,1978,1871,1870,1869,1868,1867,1866,1759,1652,1545,1438,1331,1224,1117,1010,903,796,689,582,475,476,477,478,479,479,479,479,479,479,479,479,479,479,479,479,479,479,479,479,479,479,479,479,479,479,479,479,479,479,479,479,479,479,479,479,479,479,479,479,479,479,479,479,
goal:479,479,479,479,479,479,479,479,479,479,479,479,479,479,479,479,479,479,479,479,479,479,479,479,479,479,479,479,479,479,479,479,479,479,479,479,479,479,479,479,479,479,479,479,479,479,479,479,479,479,479,479,479,479,479,479,479,479,479,479,479,479,479,479,479,479,479,479,479,479,479,479,479,479,479,
size:35
[agent] id:7
path:2775,2668,2561,2454,2453,2452,2451,2450,2449,2448,2447,2446,2339,2232,2125,2018,2017,2016,2015,2014,2013,2012,2011,2010,2009,2008,2007,2006,2005,2004,2003,2002,2001,2000,1999,1998,1997,1996,1995,1994,1993,1992,1991,1990,1989,1988,1987,1986,1985,1984,1983,1982,1981,1980,1979,1978,1871,1870,1869,1868,1867,1866,1759,1652,1545,1438,1331,1224,1117,1118,1119,1120,1121,1122,1123,
goal:1123,1123,1123,1123,1123,1123,1123,1123,1123,1123,1123,1123,1123,1123,1123,1123,1123,1123,1123,1123,1123,1123,1123,1123,1123,1123,1123,1123,1123,1123,1123,1123,1123,1123,1123,1123,1123,1123,1123,1123,1123,1123,1123,1123,1123,1123,1123,1123,1123,1123,1123,1123,1123,1123,1123,1123,1123,1123,1123,1123,1123,1123,1123,1123,1123,1123,1123,1123,1123,1123,1123,1123,1123,1123,1123,
size:74
[agent] id:8
path:4348,4241,4134,4027,3920,3813,3706,3599,3600,3601,3494,3387,3280,3173,3066,2959,2852,2853,2854,2855,2856,2857,2858,2859,2860,2861,2862,2863,2864,2865,2866,2867,2868,2869,2870,2871,2872,2873,2874,2767,2660,2661,2662,2663,2664,2665,2772,2879,2880,2881,2882,2883,2884,2885,2885,2885,2885,2885,2885,2885,2885,2885,2885,2885,2885,2885,2885,2885,2885,2885,2885,2885,2885,2885,2885,
goal:2885,2885,2885,2885,2885,2885,2885,2885,2885,2885,2885,2885,2885,2885,2885,2885,2885,2885,2885,2885,2885,2885,2885,2885,2885,2885,2885,2885,2885,2885,2885,2885,2885,2885,2885,2885,2885,2885,2885,2885,2885,2885,2885,2885,2885,2885,2885,2885,2885,2885,2885,2885,2885,2885,2885,2885,2885,2885,2885,2885,2885,2885,2885,2885,2885,2885,2885,2885,2885,2885,2885,2885,2885,2885,2885,
size:53
[agent] id:9
path:553,660,767,874,981,1088,1195,1302,1409,1410,1411,1412,1413,1520,1627,1734,1841,1948,2055,2162,2269,2376,2377,2378,2379,2380,2381,2382,2383,2384,2385,2386,2387,2388,2389,2390,2391,2392,2393,2394,2395,2502,2503,2504,2505,2506,2507,2508,2509,2510,2511,2512,2513,2514,2515,2516,2517,2518,2519,2520,2521,2521,2521,2521,2521,2521,2521,2521,2521,2521,2521,2521,2521,2521,2521,
goal:2521,2521,2521,2521,2521,2521,2521,2521,2521,2521,2521,2521,2521,2521,2521,2521,2521,2521,2521,2521,2521,2521,2521,2521,2521,2521,2521,2521,2521,2521,2521,2521,2521,2521,2521,2521,2521,2521,2521,2521,2521,2521,2521,2521,2521,2521,2521,2521,2521,2521,2521,2521,2521,2521,2521,2521,2521,2521,2521,2521,2521,2521,2521,2521,2521,2521,2521,2521,2521,2521,2521,2521,2521,2521,2521,
size:60
SolutionCost:441
