[setting] seed:91
[solver] type:ECBS
[solver] w:3.000000
[solver] ID:0
[solver] Lowlevelnode:23086
[solver] solved:1
[solver] elapsed:11
[solver] makespan:75
[problem] timesteplimit:10000
[problem] type:MAPF
[problem] agentnum:10
[graph] width:107
[graph] height:47
[graph] filename:./map/orz601d.map
[task] id:0,start:0,end:0,service time:0,nodes:3056,
[task] id:6,start:0,end:0,service time:0,nodes:1962,
[task] id:2,start:0,end:0,service time:0,nodes:2825,
[task] id:3,start:0,end:0,service time:0,nodes:2314,
[task] id:4,start:0,end:0,service time:0,nodes:2375,
[task] id:8,start:0,end:0,service time:0,nodes:2183,
[task] id:1,start:0,end:0,service time:0,nodes:4458,
[task] id:9,start:0,end:0,service time:0,nodes:3236,
[task] id:7,start:0,end:0,service time:0,nodes:2207,
[task] id:5,start:0,end:0,service time:0,nodes:2108,
[agent] id:0
path:2845,2952,3059,3058,3057,3056,3056,3056,3056,3056,3056,3056,3056,3056,3056,3056,3056,3056,3056,3056,3056,3056,3056,3056,3056,3056,3056,3056,3056,3056,3056,3056,3056,3056,3056,3056,3056,3056,3056,3056,3056,3056,3056,3056,3056,3056,3056,3056,3056,3056,3056,3056,3056,3056,3056,3056,3056,3056,3056,3056,3056,3056,3056,3056,3056,3056,3056,3056,3056,3056,3056,3056,3056,3056,3056,3056,
goal:3056,3056,3056,3056,3056,3056,3056,3056,3056,3056,3056,3056,3056,3056,3056,3056,3056,3056,3056,3056,3056,3056,3056,3056,3056,3056,3056,3056,3056,3056,3056,3056,3056,3056,3056,3056,3056,3056,3056,3056,3056,3056,3056,3056,3056,3056,3056,3056,3056,3056,3056,3056,3056,3056,3056,3056,3056,3056,3056,3056,3056,3056,3056,3056,3056,3056,3056,3056,3056,3056,3056,3056,3056,3056,3056,3056,
size:5
[agent] id:1
path:503,610,717,824,931,1038,1145,1252,1359,1466,1465,1464,1463,1462,1569,1676,1783,1890,1997,2104,2211,2318,2425,2532,2639,2746,2853,2960,3067,3174,3281,3388,3495,3602,3709,3816,3923,4030,4137,4244,4351,4458,4458,4458,4458,4458,4458,4458,4458,4458,4458,4458,4458,4458,4458,4458,4458,4458,4458,4458,4458,4458,4458,4458,4458,4458,4458,4458,4458,4458,4458,4458,4458,4458,4458,4458,
goal:4458,4458,4458,4458,4458,4458,4458,4458,4458,4458,4458,4458,4458,4458,4458,4458,4458,4458,4458,4458,4458,4458,4458,4458,4458,4458,4458,4458,4458,4458,4458,4458,4458,4458,4458,4458,4458,4458,4458,4458,4458,4458,4458,4458,4458,4458,4458,4458,4458,4458,4458,4458,4458,4458,4458,4458,4458,4458,4458,4458,4458,4458,4458,4458,4458,4458,4458,4458,4458,4458,4458,4458,4458,4458,4458,4458,
size:41
[agent] id:2
path:3245,3138,3031,2924,2817,2818,2819,2820,2821,2822,2823,2824,2825,2825,2825,2825,2825,2825,2825,2825,2825,2825,2825,2825,2825,2825,2825,2825,2825,2825,2825,2825,2825,2825,2825,2825,2825,2825,2825,2825,2825,2825,2825,2825,2825,2825,2825,2825,2825,2825,2825,2825,2825,2825,2825,2825,2825,2825,2825,2825,2825,2825,2825,2825,2825,2825,2825,2825,2825,2825,2825,2825,2825,2825,2825,2825,
goal:2825,2825,2825,2825,2825,2825,2825,2825,2825,2825,2825,2825,2825,2825,2825,2825,2825,2825,2825,2825,2825,2825,2825,2825,2825,2825,2825,2825,2825,2825,2825,2825,2825,2825,2825,2825,2825,2825,2825,2825,2825,2825,2825,2825,2825,2825,2825,2825,2825,2825,2825,2825,2825,2825,2825,2825,2825,2825,2825,2825,2825,2825,2825,2825,2825,2825,2825,2825,2825,2825,2825,2825,2825,2825,2825,2825,
size:12
[agent] id:3
path:2557,2450,2449,2448,2447,2446,2339,2338,2337,2336,2335,2334,2333,2332,2331,2330,2329,2328,2327,2326,2325,2324,2323,2322,2321,2320,2319,2318,2317,2316,2315,2314,2314,2314,2314,2314,2314,2314,2314,2314,2314,2314,2314,2314,2314,2314,2314,2314,2314,2314,2314,2314,2314,2314,2314,2314,2314,2314,2314,2314,2314,2314,2314,2314,2314,2314,2314,2314,2314,2314,2314,2314,2314,2314,2314,2314,
goal:2314,2314,2314,2314,2314,2314,2314,2314,2314,2314,2314,2314,2314,2314,2314,2314,2314,2314,2314,2314,2314,2314,2314,2314,2314,2314,2314,2314,2314,2314,2314,2314,2314,2314,2314,2314,2314,2314,2314,2314,2314,2314,2314,2314,2314,2314,2314,2314,2314,2314,2314,2314,2314,2314,2314,2314,2314,2314,2314,2314,2314,2314,2314,2314,2314,2314,2314,2314,2314,2314,2314,2314,2314,2314,2314,2314,
size:31
[agent] id:4
path:2518,2411,2410,2409,2408,2407,2406,2405,2404,2403,2402,2401,2400,2399,2398,2397,2396,2395,2394,2393,2392,2391,2390,2389,2388,2387,2386,2385,2384,2383,2382,2381,2380,2379,2378,2377,2376,2375,2375,2375,2375,2375,2375,2375,2375,2375,2375,2375,2375,2375,2375,2375,2375,2375,2375,2375,2375,2375,2375,2375,2375,2375,2375,2375,2375,2375,2375,2375,2375,2375,2375,2375,2375,2375,2375,2375,
goal:2375,2375,2375,2375,2375,2375,2375,2375,2375,2375,2375,2375,2375,2375,2375,2375,2375,2375,2375,2375,2375,2375,2375,2375,2375,2375,2375,2375,2375,2375,2375,2375,2375,2375,2375,2375,2375,2375,2375,2375,2375,2375,2375,2375,2375,2375,2375,2375,2375,2375,2375,2375,2375,2375,2375,2375,2375,2375,2375,2375,2375,2375,2375,2375,2375,2375,2375,2375,2375,2375,2375,2375,2375,2375,2375,2375,
size:37
[agent] id:5
path:4301,4194,4087,3980,3873,3766,3767,3660,3553,3446,3339,3232,3125,3018,2911,2804,2697,2590,2483,2376,2269,2162,2055,2056,2057,2058,2059,2060,2061,2062,2063,2064,2065,2066,2067,2068,2069,2070,2071,2072,2073,2074,2075,2076,2077,2078,2079,2080,2081,2082,2083,2084,2085,2086,2087,2088,2089,2090,2091,2092,2093,2094,2095,2096,2097,2098,2099,2100,2101,2102,2103,2104,2105,2106,2107,2108,
goal:2108,2108,2108,2108,2108,2108,2108,2108,2108,2108,2108,2108,2108,2108,2108,2108,2108,2108,2108,2108,2108,2108,2108,2108,2108,2108,2108,2108,2108,2108,2108,2108,2108,2108,2108,2108,2108,2108,2108,2108,2108,2108,2108,2108,2108,2108,2108,2108,2108,2108,2108,2108,2108,2108,2108,2108,2108,2108,2108,2108,2108,2108,2108,2108,2108,2108,2108,2108,2108,2108,2108,2108,2108,2108,2108,2108,
size:75
[agent] id:6
path:2499,2392,2285,2178,2071,1964,1963,1962,1962,1962,1962,1962,1962,1962,1962,1962,1962,1962,1962,1962,1962,1962,1962,1962,1962,1962,1962,1962,1962,1962,1962,1962,1962,1962,1962,1962,1962,1962,1962,1962,1962,1962,1962,1962,1962,1962,1962,1962,1962,1962,1962,1962,1962,1962,1962,1962,1962,1962,1962,1962,1962,1962,1962,1962,1962,1962,1962,1962,1962,1962,1962,1962,1962,1962,1962,1962,
goal:1962,1962,1962,1962,1962,1962,1962,1962,1962,1962,1962,1962,1962,1962,1962,1962,1962,1962,1962,1962,1962,1962,1962,1962,1962,1962,1962,1962,1962,1962,1962,1962,1962,1962,1962,1962,1962,1962,1962,1962,1962,1962,1962,1962,1962,1962,1962,1962,1962,1962,1962,1962,1962,1962,1962,1962,1962,1962,1962,1962,1962,1962,1962,1962,1962,1962,1962,1962,1962,1962,1962,1962,1962,1962,1962,1962,
size:7
[agent] id:7
path:2897,2790,2683,2576,2469,2362,2363,2364,2365,2366,2367,2368,2369,2370,2371,2264,2265,2266,2267,2268,2268,2269,2270,2271,2272,2273,2274,2275,2276,2277,2278,2279,2280,2281,2282,2283,2284,2285,2286,2287,2288,2289,2290,2291,2184,2185,2186,2187,2188,2189,2190,2191,2192,2193,2194,2195,2196,2197,2198,2199,2200,2201,2202,2203,2204,2205,2206,2207,2207,2207,2207,2207,2207,2207,2207,2207,
goal:2207,2207,2207,2207,2207,2207,2207,2207,2207,2207,2207,2207,2207,2207,2207,2207,2207,2207,2207,2207,2207,2207,2207,2207,2207,2207,2207,2207,2207,2207,2207,2207,2207,2207,2207,2207,2207,2207,2207,2207,2207,2207,2207,2207,2207,2207,2207,2207,2207,2207,2207,2207,2207,2207,2207,2207,2207,2207,2207,2207,2207,2207,2207,2207,2207,2207,2207,2207,2207,2207,2207,2207,2207,2207,2207,2207,
size:67
[agent] id:8
path:1465,1464,1463,1462,1569,1676,1783,1890,1997,2104,2211,2210,2209,2208,2207,2206,2205,2204,2203,2202,2201,2200,2199,2198,2197,2196,2195,2194,2193,2192,2191,2190,2189,2188,2187,2186,2185,2184,2183,2183,2183,2183,2183,2183,2183,2183,2183,2183,2183,2183,2183,2183,2183,2183,2183,2183,2183,2183,2183,2183,2183,2183,2183,2183,2183,2183,2183,2183,2183,2183,2183,2183,2183,2183,2183,2183,
goal:2183,2183,2183,2183,2183,2183,2183,2183,2183,2183,2183,2183,2183,2183,2183,2183,2183,2183,2183,2183,2183,2183,2183,2183,2183,2183,2183,2183,2183,2183,2183,2183,2183,2183,2183,2183,2183,2183,2183,2183,2183,2183,2183,2183,2183,2183,2183,2183,2183,2183,2183,2183,2183,2183,2183,2183,2183,2183,2183,2183,2183,2183,2183,2183,2183,2183,2183,2183,2183,2183,2183,2183,2183,2183,2183,2183,
size:38
[agent] id:9
path:476,583,690,797,904,1011,1118,1225,1332,1439,1438,1545,1652,1759,1866,1973,2080,2187,2294,2401,2508,2615,2722,2829,2936,3043,3042,3041,3040,3039,3038,3037,3036,3035,3034,3033,3032,3031,3030,3029,3028,3027,3026,3025,3024,3131,3238,3237,3236,3236,3236,3236,3236,3236,3236,3236,3236,3236,3236,3236,3236,3236,3236,3236,3236,3236,3236,3236,3236,3236,3236,3236,3236,3236,3236,3236,
goal:3236,3236,3236,3236,3236,3236,3236,3236,3236,3236,3236,3236,3236,3236,3236,3236,3236,3236,3236,3236,3236,3236,3236,3236,3236,3236,3236,3236,3236,3236,3236,3236,3236,3236,3236,3236,3236,3236,3236,3236,3236,3236,3236,3236,3236,3236,3236,3236,3236,3236,3236,3236,3236,3236,3236,3236,3236,3236,3236,3236,3236,3236,3236,3236,3236,3236,3236,3236,3236,3236,3236,3236,3236,3236,3236,3236,
size:48
SolutionCost:361
