[setting] seed:76
[solver] type:ECBS
[solver] w:3.000000
[solver] ID:0
[solver] Lowlevelnode:90251
[solver] solved:1
[solver] elapsed:585
[solver] makespan:94
[problem] timesteplimit:10000
[problem] type:MAPF
[problem] agentnum:30
[graph] width:107
[graph] height:47
[graph] filename:./map/orz601d.map
[task] id:9,start:0,end:0,service time:0,nodes:4297,
[task] id:11,start:0,end:0,service time:0,nodes:2043,
[task] id:13,start:0,end:0,service time:0,nodes:2812,
[task] id:23,start:0,end:0,service time:0,nodes:2039,
[task] id:5,start:0,end:0,service time:0,nodes:2003,
[task] id:25,start:0,end:0,service time:0,nodes:2966,
[task] id:0,start:0,end:0,service time:0,nodes:874,
[task] id:12,start:0,end:0,service time:0,nodes:2006,
[task] id:2,start:0,end:0,service time:0,nodes:4459,
[task] id:22,start:0,end:0,service time:0,nodes:1092,
[task] id:7,start:0,end:0,service time:0,nodes:2018,
[task] id:21,start:0,end:0,service time:0,nodes:2492,
[task] id:26,start:0,end:0,service time:0,nodes:1100,
[task] id:3,start:0,end:0,service time:0,nodes:661,
[task] id:16,start:0,end:0,service time:0,nodes:2643,
[task] id:18,start:0,end:0,service time:0,nodes:2185,
[task] id:28,start:0,end:0,service time:0,nodes:683,
[task] id:1,start:0,end:0,service time:0,nodes:1735,
[task] id:4,start:0,end:0,service time:0,nodes:1110,
[task] id:6,start:0,end:0,service time:0,nodes:2000,
[task] id:24,start:0,end:0,service time:0,nodes:4201,
[task] id:29,start:0,end:0,service time:0,nodes:2738,
[task] id:14,start:0,end:0,service time:0,nodes:2810,
[task] id:17,start:0,end:0,service time:0,nodes:563,
[task] id:20,start:0,end:0,service time:0,nodes:2159,
[task] id:15,start:0,end:0,service time:0,nodes:4190,
[task] id:8,start:0,end:0,service time:0,nodes:451,
[task] id:10,start:0,end:0,service time:0,nodes:2445,
[task] id:19,start:0,end:0,service time:0,nodes:2665,
[task] id:27,start:0,end:0,service time:0,nodes:2991,
[agent] id:0
path:2377,2270,2163,2056,1949,1842,1735,1628,1521,1414,1307,1200,1093,986,879,878,877,876,875,874,874,874,874,874,874,874,874,874,874,874,874,874,874,874,874,874,874,874,874,874,874,874,874,874,874,874,874,874,874,874,874,874,874,874,874,874,874,874,874,874,874,874,874,874,874,874,874,874,874,874,874,874,874,874,874,874,874,874,874,874,874,874,874,874,874,874,874,874,874,874,874,874,874,874,874,
goal:874,874,874,874,874,874,874,874,874,874,874,874,874,874,874,874,874,874,874,874,874,874,874,874,874,874,874,874,874,874,874,874,874,874,874,874,874,874,874,874,874,874,874,874,874,874,874,874,874,874,874,874,874,874,874,874,874,874,874,874,874,874,874,874,874,874,874,874,874,874,874,874,874,874,874,874,874,874,874,874,874,874,874,874,874,874,874,874,874,874,874,874,874,874,874,
size:19
[agent] id:1
path:3265,3158,3051,2944,2837,2730,2623,2516,2409,2302,2195,2088,1981,1980,1979,1978,1977,1976,1975,1974,1973,1972,1971,1970,1969,1968,1967,1966,1965,1964,1963,1962,1961,1960,1959,1958,1957,1956,1955,1954,1847,1846,1845,1844,1843,1842,1735,1735,1735,1735,1735,1735,1735,1735,1735,1735,1735,1735,1735,1735,1735,1735,1735,1735,1735,1735,1735,1735,1735,1735,1735,1735,1735,1735,1735,1735,1735,1735,1735,1735,1735,1735,1735,1735,1735,1735,1735,1735,1735,1735,1735,1735,1735,1735,1735,
goal:1735,1735,1735,1735,1735,1735,1735,1735,1735,1735,1735,1735,1735,1735,1735,1735,1735,1735,1735,1735,1735,1735,1735,1735,1735,1735,1735,1735,1735,1735,1735,1735,1735,1735,1735,1735,1735,1735,1735,1735,1735,1735,1735,1735,1735,1735,1735,1735,1735,1735,1735,1735,1735,1735,1735,1735,1735,1735,1735,1735,1735,1735,1735,1735,1735,1735,1735,1735,1735,1735,1735,1735,1735,1735,1735,1735,1735,1735,1735,1735,1735,1735,1735,1735,1735,1735,1735,1735,1735,1735,1735,1735,1735,1735,1735,
size:46
[agent] id:2
path:2103,2210,2317,2424,2531,2638,2745,2852,2959,3066,3173,3280,3387,3494,3601,3708,3815,3922,4029,4136,4243,4350,4457,4458,4459,4459,4459,4459,4459,4459,4459,4459,4459,4459,4459,4459,4459,4459,4459,4459,4459,4459,4459,4459,4459,4459,4459,4459,4459,4459,4459,4459,4459,4459,4459,4459,4459,4459,4459,4459,4459,4459,4459,4459,4459,4459,4459,4459,4459,4459,4459,4459,4459,4459,4459,4459,4459,4459,4459,4459,4459,4459,4459,4459,4459,4459,4459,4459,4459,4459,4459,4459,4459,4459,4459,
goal:4459,4459,4459,4459,4459,4459,4459,4459,4459,4459,4459,4459,4459,4459,4459,4459,4459,4459,4459,4459,4459,4459,4459,4459,4459,4459,4459,4459,4459,4459,4459,4459,4459,4459,4459,4459,4459,4459,4459,4459,4459,4459,4459,4459,4459,4459,4459,4459,4459,4459,4459,4459,4459,4459,4459,4459,4459,4459,4459,4459,4459,4459,4459,4459,4459,4459,4459,4459,4459,4459,4459,4459,4459,4459,4459,4459,4459,4459,4459,4459,4459,4459,4459,4459,4459,4459,4459,4459,4459,4459,4459,4459,4459,4459,4459,
size:24
[agent] id:3
path:3343,3236,3129,3022,2915,2914,2807,2700,2593,2486,2379,2272,2165,2058,1951,1950,1949,1948,1948,1841,1734,1627,1520,1413,1306,1199,1198,1091,984,877,770,663,662,661,661,661,661,661,661,661,661,661,661,661,661,661,661,661,661,661,661,661,661,661,661,661,661,661,661,661,661,661,661,661,661,661,661,661,661,661,661,661,661,661,661,661,661,661,661,661,661,661,661,661,661,661,661,661,661,661,661,661,661,661,661,
goal:661,661,661,661,661,661,661,661,661,661,661,661,661,661,661,661,661,661,661,661,661,661,661,661,661,661,661,661,661,661,661,661,661,661,661,661,661,661,661,661,661,661,661,661,661,661,661,661,661,661,661,661,661,661,661,661,661,661,661,661,661,661,661,661,661,661,661,661,661,661,661,661,661,661,661,661,661,661,661,661,661,661,661,661,661,661,661,661,661,661,661,661,661,661,661,
size:33
[agent] id:4
path:556,663,770,877,984,1091,1198,1305,1412,1413,1520,1627,1734,1841,1948,1949,2056,2057,2058,2059,2060,2061,2062,2063,2064,2065,2066,2067,2068,2069,2070,1963,1964,1965,1966,1967,1860,1861,1862,1863,1864,1865,1758,1651,1544,1437,1330,1223,1116,1115,1114,1113,1112,1111,1110,1110,1110,1110,1110,1110,1110,1110,1110,1110,1110,1110,1110,1110,1110,1110,1110,1110,1110,1110,1110,1110,1110,1110,1110,1110,1110,1110,1110,1110,1110,1110,1110,1110,1110,1110,1110,1110,1110,1110,1110,
goal:1110,1110,1110,1110,1110,1110,1110,1110,1110,1110,1110,1110,1110,1110,1110,1110,1110,1110,1110,1110,1110,1110,1110,1110,1110,1110,1110,1110,1110,1110,1110,1110,1110,1110,1110,1110,1110,1110,1110,1110,1110,1110,1110,1110,1110,1110,1110,1110,1110,1110,1110,1110,1110,1110,1110,1110,1110,1110,1110,1110,1110,1110,1110,1110,1110,1110,1110,1110,1110,1110,1110,1110,1110,1110,1110,1110,1110,1110,1110,1110,1110,1110,1110,1110,1110,1110,1110,1110,1110,1110,1110,1110,1110,1110,1110,
size:54
[agent] id:5
path:2742,2635,2528,2421,2314,2207,2100,1993,1994,1995,1996,1997,1998,1999,2000,2001,2002,2003,2003,2003,2003,2003,2003,2003,2003,2003,2003,2003,2003,2003,2003,2003,2003,2003,2003,2003,2003,2003,2003,2003,2003,2003,2003,2003,2003,2003,2003,2003,2003,2003,2003,2003,2003,2003,2003,2003,2003,2003,2003,2003,2003,2003,2003,2003,2003,2003,2003,2003,2003,2003,2003,2003,2003,2003,2003,2003,2003,2003,2003,2003,2003,2003,2003,2003,2003,2003,2003,2003,2003,2003,2003,2003,2003,2003,2003,
goal:2003,2003,2003,2003,2003,2003,2003,2003,2003,2003,2003,2003,2003,2003,2003,2003,2003,2003,2003,2003,2003,2003,2003,2003,2003,2003,2003,2003,2003,2003,2003,2003,2003,2003,2003,2003,2003,2003,2003,2003,2003,2003,2003,2003,2003,2003,2003,2003,2003,2003,2003,2003,2003,2003,2003,2003,2003,2003,2003,2003,2003,2003,2003,2003,2003,2003,2003,2003,2003,2003,2003,2003,2003,2003,2003,2003,2003,2003,2003,2003,2003,2003,2003,2003,2003,2003,2003,2003,2003,2003,2003,2003,2003,2003,2003,
size:17
[agent] id:6
path:2809,2702,2595,2488,2381,2274,2167,2060,2061,2062,2063,2064,2065,2066,2067,2068,2069,2070,2071,2072,2073,2074,2075,2076,2077,2078,2079,2080,2081,2082,2083,2084,2085,2086,2087,1980,1981,1982,1983,1984,1985,1986,1987,1988,1989,1990,1991,1992,1993,1994,1995,1996,1997,1998,1999,2000,2000,2000,2000,2000,2000,2000,2000,2000,2000,2000,2000,2000,2000,2000,2000,2000,2000,2000,2000,2000,2000,2000,2000,2000,2000,2000,2000,2000,2000,2000,2000,2000,2000,2000,2000,2000,2000,2000,2000,
goal:2000,2000,2000,2000,2000,2000,2000,2000,2000,2000,2000,2000,2000,2000,2000,2000,2000,2000,2000,2000,2000,2000,2000,2000,2000,2000,2000,2000,2000,2000,2000,2000,2000,2000,2000,2000,2000,2000,2000,2000,2000,2000,2000,2000,2000,2000,2000,2000,2000,2000,2000,2000,2000,2000,2000,2000,2000,2000,2000,2000,2000,2000,2000,2000,2000,2000,2000,2000,2000,2000,2000,2000,2000,2000,2000,2000,2000,2000,2000,2000,2000,2000,2000,2000,2000,2000,2000,2000,2000,2000,2000,2000,2000,2000,2000,
size:55
[agent] id:7
path:3071,2964,2857,2750,2643,2536,2429,2322,2215,2108,2001,2002,2003,2004,2005,2006,2007,2008,2009,2010,2011,2012,2013,2014,2015,2016,2017,2018,2018,2018,2018,2018,2018,2018,2018,2018,2018,2018,2018,2018,2018,2018,2018,2018,2018,2018,2018,2018,2018,2018,2018,2018,2018,2018,2018,2018,2018,2018,2018,2018,2018,2018,2018,2018,2018,2018,2018,2018,2018,2018,2018,2018,2018,2018,2018,2018,2018,2018,2018,2018,2018,2018,2018,2018,2018,2018,2018,2018,2018,2018,2018,2018,2018,2018,2018,
goal:2018,2018,2018,2018,2018,2018,2018,2018,2018,2018,2018,2018,2018,2018,2018,2018,2018,2018,2018,2018,2018,2018,2018,2018,2018,2018,2018,2018,2018,2018,2018,2018,2018,2018,2018,2018,2018,2018,2018,2018,2018,2018,2018,2018,2018,2018,2018,2018,2018,2018,2018,2018,2018,2018,2018,2018,2018,2018,2018,2018,2018,2018,2018,2018,2018,2018,2018,2018,2018,2018,2018,2018,2018,2018,2018,2018,2018,2018,2018,2018,2018,2018,2018,2018,2018,2018,2018,2018,2018,2018,2018,2018,2018,2018,2018,
size:27
[agent] id:8
path:2331,2224,2117,2116,2115,2114,2113,2112,2111,2110,2109,2108,2107,2106,2105,2104,2103,1996,1995,1994,1993,1992,1991,1990,1989,1988,1987,1986,1985,1984,1983,1982,1981,1980,1979,1978,1977,1976,1975,1974,1973,1972,1971,1970,1969,1968,1967,1966,1965,1964,1963,1962,1961,1960,1959,1958,1957,1956,1955,1954,1847,1846,1845,1844,1843,1842,1841,1734,1627,1520,1413,1306,1199,1200,1093,986,879,772,665,558,451,451,451,451,451,451,451,451,451,451,451,451,451,451,451,
goal:451,451,451,451,451,451,451,451,451,451,451,451,451,451,451,451,451,451,451,451,451,451,451,451,451,451,451,451,451,451,451,451,451,451,451,451,451,451,451,451,451,451,451,451,451,451,451,451,451,451,451,451,451,451,451,451,451,451,451,451,451,451,451,451,451,451,451,451,451,451,451,451,451,451,451,451,451,451,451,451,451,451,451,451,451,451,451,451,451,451,451,451,451,451,451,
size:80
[agent] id:9
path:4086,4193,4300,4299,4298,4297,4297,4297,4297,4297,4297,4297,4297,4297,4297,4297,4297,4297,4297,4297,4297,4297,4297,4297,4297,4297,4297,4297,4297,4297,4297,4297,4297,4297,4297,4297,4297,4297,4297,4297,4297,4297,4297,4297,4297,4297,4297,4297,4297,4297,4297,4297,4297,4297,4297,4297,4297,4297,4297,4297,4297,4297,4297,4297,4297,4297,4297,4297,4297,4297,4297,4297,4297,4297,4297,4297,4297,4297,4297,4297,4297,4297,4297,4297,4297,4297,4297,4297,4297,4297,4297,4297,4297,4297,4297,
goal:4297,4297,4297,4297,4297,4297,4297,4297,4297,4297,4297,4297,4297,4297,4297,4297,4297,4297,4297,4297,4297,4297,4297,4297,4297,4297,4297,4297,4297,4297,4297,4297,4297,4297,4297,4297,4297,4297,4297,4297,4297,4297,4297,4297,4297,4297,4297,4297,4297,4297,4297,4297,4297,4297,4297,4297,4297,4297,4297,4297,4297,4297,4297,4297,4297,4297,4297,4297,4297,4297,4297,4297,4297,4297,4297,4297,4297,4297,4297,4297,4297,4297,4297,4297,4297,4297,4297,4297,4297,4297,4297,4297,4297,4297,4297,
size:5
[agent] id:10
path:2793,2686,2579,2472,2365,2366,2367,2368,2369,2370,2371,2372,2373,2374,2375,2376,2377,2378,2379,2380,2381,2382,2383,2384,2385,2386,2387,2388,2389,2390,2391,2392,2393,2394,2395,2396,2397,2398,2399,2400,2401,2402,2403,2404,2405,2406,2407,2408,2409,2410,2411,2412,2413,2414,2415,2416,2417,2418,2419,2420,2421,2422,2423,2424,2425,2426,2427,2428,2429,2430,2431,2432,2433,2434,2435,2436,2437,2438,2439,2440,2441,2442,2443,2444,2445,2445,2445,2445,2445,2445,2445,2445,2445,2445,2445,
goal:2445,2445,2445,2445,2445,2445,2445,2445,2445,2445,2445,2445,2445,2445,2445,2445,2445,2445,2445,2445,2445,2445,2445,2445,2445,2445,2445,2445,2445,2445,2445,2445,2445,2445,2445,2445,2445,2445,2445,2445,2445,2445,2445,2445,2445,2445,2445,2445,2445,2445,2445,2445,2445,2445,2445,2445,2445,2445,2445,2445,2445,2445,2445,2445,2445,2445,2445,2445,2445,2445,2445,2445,2445,2445,2445,2445,2445,2445,2445,2445,2445,2445,2445,2445,2445,2445,2445,2445,2445,2445,2445,2445,2445,2445,2445,
size:84
[agent] id:11
path:2575,2468,2361,2254,2147,2040,2041,2042,2043,2043,2043,2043,2043,2043,2043,2043,2043,2043,2043,2043,2043,2043,2043,2043,2043,2043,2043,2043,2043,2043,2043,2043,2043,2043,2043,2043,2043,2043,2043,2043,2043,2043,2043,2043,2043,2043,2043,2043,2043,2043,2043,2043,2043,2043,2043,2043,2043,2043,2043,2043,2043,2043,2043,2043,2043,2043,2043,2043,2043,2043,2043,2043,2043,2043,2043,2043,2043,2043,2043,2043,2043,2043,2043,2043,2043,2043,2043,2043,2043,2043,2043,2043,2043,2043,2043,
goal:2043,2043,2043,2043,2043,2043,2043,2043,2043,2043,2043,2043,2043,2043,2043,2043,2043,2043,2043,2043,2043,2043,2043,2043,2043,2043,2043,2043,2043,2043,2043,2043,2043,2043,2043,2043,2043,2043,2043,2043,2043,2043,2043,2043,2043,2043,2043,2043,2043,2043,2043,2043,2043,2043,2043,2043,2043,2043,2043,2043,2043,2043,2043,2043,2043,2043,2043,2043,2043,2043,2043,2043,2043,2043,2043,2043,2043,2043,2043,2043,2043,2043,2043,2043,2043,2043,2043,2043,2043,2043,2043,2043,2043,2043,2043,
size:8
[agent] id:12
path:2957,2850,2743,2636,2529,2422,2315,2208,2209,2210,2211,2212,2213,2214,2107,2108,2109,2110,2111,2004,2005,2006,2006,2006,2006,2006,2006,2006,2006,2006,2006,2006,2006,2006,2006,2006,2006,2006,2006,2006,2006,2006,2006,2006,2006,2006,2006,2006,2006,2006,2006,2006,2006,2006,2006,2006,2006,2006,2006,2006,2006,2006,2006,2006,2006,2006,2006,2006,2006,2006,2006,2006,2006,2006,2006,2006,2006,2006,2006,2006,2006,2006,2006,2006,2006,2006,2006,2006,2006,2006,2006,2006,2006,2006,2006,
goal:2006,2006,2006,2006,2006,2006,2006,2006,2006,2006,2006,2006,2006,2006,2006,2006,2006,2006,2006,2006,2006,2006,2006,2006,2006,2006,2006,2006,2006,2006,2006,2006,2006,2006,2006,2006,2006,2006,2006,2006,2006,2006,2006,2006,2006,2006,2006,2006,2006,2006,2006,2006,2006,2006,2006,2006,2006,2006,2006,2006,2006,2006,2006,2006,2006,2006,2006,2006,2006,2006,2006,2006,2006,2006,2006,2006,2006,2006,2006,2006,2006,2006,2006,2006,2006,2006,2006,2006,2006,2006,2006,2006,2006,2006,2006,
size:21
[agent] id:13
path:2273,2380,2487,2594,2701,2808,2809,2810,2811,2812,2812,2812,2812,2812,2812,2812,2812,2812,2812,2812,2812,2812,2812,2812,2812,2812,2812,2812,2812,2812,2812,2812,2812,2812,2812,2812,2812,2812,2812,2812,2812,2812,2812,2812,2812,2812,2812,2812,2812,2812,2812,2812,2812,2812,2812,2812,2812,2812,2812,2812,2812,2812,2812,2812,2812,2812,2812,2812,2812,2812,2812,2812,2812,2812,2812,2812,2812,2812,2812,2812,2812,2812,2812,2812,2812,2812,2812,2812,2812,2812,2812,2812,2812,2812,2812,
goal:2812,2812,2812,2812,2812,2812,2812,2812,2812,2812,2812,2812,2812,2812,2812,2812,2812,2812,2812,2812,2812,2812,2812,2812,2812,2812,2812,2812,2812,2812,2812,2812,2812,2812,2812,2812,2812,2812,2812,2812,2812,2812,2812,2812,2812,2812,2812,2812,2812,2812,2812,2812,2812,2812,2812,2812,2812,2812,2812,2812,2812,2812,2812,2812,2812,2812,2812,2812,2812,2812,2812,2812,2812,2812,2812,2812,2812,2812,2812,2812,2812,2812,2812,2812,2812,2812,2812,2812,2812,2812,2812,2812,2812,2812,2812,
size:9
[agent] id:14
path:3821,3714,3607,3606,3605,3604,3603,3602,3495,3388,3281,3174,3067,3066,3065,3064,3063,3062,3061,3060,3059,3058,3057,3056,3055,3054,3053,3052,3051,3050,3049,3048,3047,3046,3045,3044,2937,2936,2935,2934,2933,2932,2931,2930,2929,2928,2927,2926,2925,2924,2923,2922,2921,2920,2919,2918,2811,2810,2810,2810,2810,2810,2810,2810,2810,2810,2810,2810,2810,2810,2810,2810,2810,2810,2810,2810,2810,2810,2810,2810,2810,2810,2810,2810,2810,2810,2810,2810,2810,2810,2810,2810,2810,2810,2810,
goal:2810,2810,2810,2810,2810,2810,2810,2810,2810,2810,2810,2810,2810,2810,2810,2810,2810,2810,2810,2810,2810,2810,2810,2810,2810,2810,2810,2810,2810,2810,2810,2810,2810,2810,2810,2810,2810,2810,2810,2810,2810,2810,2810,2810,2810,2810,2810,2810,2810,2810,2810,2810,2810,2810,2810,2810,2810,2810,2810,2810,2810,2810,2810,2810,2810,2810,2810,2810,2810,2810,2810,2810,2810,2810,2810,2810,2810,2810,2810,2810,2810,2810,2810,2810,2810,2810,2810,2810,2810,2810,2810,2810,2810,2810,2810,
size:57
[agent] id:15
path:2645,2752,2859,2966,3073,3072,3071,3070,3069,3068,3067,3066,3065,3064,3063,3062,3061,3060,3059,3058,3057,3056,3055,3054,3053,3052,3051,3050,3049,3048,3047,3046,3045,3044,3043,3042,3041,3040,3039,3038,3037,3036,3035,3034,3033,3032,3031,3030,3029,3028,3027,3026,3025,3024,3131,3238,3345,3344,3343,3342,3341,3340,3447,3554,3661,3768,3875,3982,4089,4196,4195,4194,4193,4192,4191,4190,4190,4190,4190,4190,4190,4190,4190,4190,4190,4190,4190,4190,4190,4190,4190,4190,4190,4190,4190,
goal:4190,4190,4190,4190,4190,4190,4190,4190,4190,4190,4190,4190,4190,4190,4190,4190,4190,4190,4190,4190,4190,4190,4190,4190,4190,4190,4190,4190,4190,4190,4190,4190,4190,4190,4190,4190,4190,4190,4190,4190,4190,4190,4190,4190,4190,4190,4190,4190,4190,4190,4190,4190,4190,4190,4190,4190,4190,4190,4190,4190,4190,4190,4190,4190,4190,4190,4190,4190,4190,4190,4190,4190,4190,4190,4190,4190,4190,4190,4190,4190,4190,4190,4190,4190,4190,4190,4190,4190,4190,4190,4190,4190,4190,4190,4190,
size:75
[agent] id:16
path:2501,2608,2609,2610,2611,2612,2613,2614,2615,2616,2617,2618,2619,2620,2621,2622,2623,2624,2625,2626,2627,2628,2629,2630,2631,2632,2633,2634,2635,2636,2637,2638,2639,2640,2641,2642,2643,2643,2643,2643,2643,2643,2643,2643,2643,2643,2643,2643,2643,2643,2643,2643,2643,2643,2643,2643,2643,2643,2643,2643,2643,2643,2643,2643,2643,2643,2643,2643,2643,2643,2643,2643,2643,2643,2643,2643,2643,2643,2643,2643,2643,2643,2643,2643,2643,2643,2643,2643,2643,2643,2643,2643,2643,2643,2643,
goal:2643,2643,2643,2643,2643,2643,2643,2643,2643,2643,2643,2643,2643,2643,2643,2643,2643,2643,2643,2643,2643,2643,2643,2643,2643,2643,2643,2643,2643,2643,2643,2643,2643,2643,2643,2643,2643,2643,2643,2643,2643,2643,2643,2643,2643,2643,2643,2643,2643,2643,2643,2643,2643,2643,2643,2643,2643,2643,2643,2643,2643,2643,2643,2643,2643,2643,2643,2643,2643,2643,2643,2643,2643,2643,2643,2643,2643,2643,2643,2643,2643,2643,2643,2643,2643,2643,2643,2643,2643,2643,2643,2643,2643,2643,2643,
size:36
[agent] id:17
path:2204,2097,1990,1989,1988,1987,1986,1985,1984,1983,1982,1981,1980,1979,1978,1977,1976,1975,1974,1973,1972,1971,1970,1969,1968,1967,1966,1965,1964,1963,1962,1961,1960,1959,1958,1957,1956,1955,1954,1847,1846,1845,1844,1843,1842,1735,1628,1521,1414,1307,1200,1093,986,879,772,665,558,559,560,561,562,563,563,563,563,563,563,563,563,563,563,563,563,563,563,563,563,563,563,563,563,563,563,563,563,563,563,563,563,563,563,563,563,563,563,
goal:563,563,563,563,563,563,563,563,563,563,563,563,563,563,563,563,563,563,563,563,563,563,563,563,563,563,563,563,563,563,563,563,563,563,563,563,563,563,563,563,563,563,563,563,563,563,563,563,563,563,563,563,563,563,563,563,563,563,563,563,563,563,563,563,563,563,563,563,563,563,563,563,563,563,563,563,563,563,563,563,563,563,563,563,563,563,563,563,563,563,563,563,563,563,563,
size:61
[agent] id:18
path:717,824,931,1038,1145,1252,1359,1466,1465,1464,1463,1462,1569,1676,1783,1890,1997,2104,2211,2210,2209,2208,2207,2206,2205,2204,2203,2202,2201,2200,2199,2198,2197,2196,2195,2194,2193,2192,2191,2190,2189,2188,2187,2186,2185,2185,2185,2185,2185,2185,2185,2185,2185,2185,2185,2185,2185,2185,2185,2185,2185,2185,2185,2185,2185,2185,2185,2185,2185,2185,2185,2185,2185,2185,2185,2185,2185,2185,2185,2185,2185,2185,2185,2185,2185,2185,2185,2185,2185,2185,2185,2185,2185,2185,2185,
goal:2185,2185,2185,2185,2185,2185,2185,2185,2185,2185,2185,2185,2185,2185,2185,2185,2185,2185,2185,2185,2185,2185,2185,2185,2185,2185,2185,2185,2185,2185,2185,2185,2185,2185,2185,2185,2185,2185,2185,2185,2185,2185,2185,2185,2185,2185,2185,2185,2185,2185,2185,2185,2185,2185,2185,2185,2185,2185,2185,2185,2185,2185,2185,2185,2185,2185,2185,2185,2185,2185,2185,2185,2185,2185,2185,2185,2185,2185,2185,2185,2185,2185,2185,2185,2185,2185,2185,2185,2185,2185,2185,2185,2185,2185,2185,
size:44
[agent] id:19
path:2683,2576,2469,2470,2471,2472,2473,2474,2475,2476,2477,2478,2585,2586,2587,2588,2589,2590,2591,2592,2593,2594,2595,2596,2597,2598,2599,2600,2601,2602,2603,2604,2605,2606,2607,2608,2609,2610,2611,2612,2613,2614,2615,2616,2617,2618,2619,2620,2621,2622,2623,2624,2625,2626,2627,2628,2629,2630,2631,2632,2633,2634,2635,2636,2637,2638,2639,2640,2641,2642,2535,2536,2537,2644,2645,2646,2647,2648,2649,2650,2651,2652,2653,2654,2655,2656,2657,2658,2659,2660,2661,2662,2663,2664,2665,
goal:2665,2665,2665,2665,2665,2665,2665,2665,2665,2665,2665,2665,2665,2665,2665,2665,2665,2665,2665,2665,2665,2665,2665,2665,2665,2665,2665,2665,2665,2665,2665,2665,2665,2665,2665,2665,2665,2665,2665,2665,2665,2665,2665,2665,2665,2665,2665,2665,2665,2665,2665,2665,2665,2665,2665,2665,2665,2665,2665,2665,2665,2665,2665,2665,2665,2665,2665,2665,2665,2665,2665,2665,2665,2665,2665,2665,2665,2665,2665,2665,2665,2665,2665,2665,2665,2665,2665,2665,2665,2665,2665,2665,2665,2665,2665,
size:94
[agent] id:20
path:4133,4026,3919,3812,3705,3598,3599,3600,3601,3494,3387,3388,3281,3174,3067,2960,2853,2746,2639,2532,2425,2318,2317,2316,2315,2314,2313,2312,2311,2310,2309,2308,2307,2306,2305,2304,2303,2302,2301,2300,2299,2298,2297,2296,2295,2294,2293,2292,2291,2184,2183,2182,2181,2180,2179,2178,2177,2176,2175,2174,2173,2172,2171,2170,2169,2168,2167,2166,2165,2164,2163,2162,2161,2160,2159,2159,2159,2159,2159,2159,2159,2159,2159,2159,2159,2159,2159,2159,2159,2159,2159,2159,2159,2159,2159,
goal:2159,2159,2159,2159,2159,2159,2159,2159,2159,2159,2159,2159,2159,2159,2159,2159,2159,2159,2159,2159,2159,2159,2159,2159,2159,2159,2159,2159,2159,2159,2159,2159,2159,2159,2159,2159,2159,2159,2159,2159,2159,2159,2159,2159,2159,2159,2159,2159,2159,2159,2159,2159,2159,2159,2159,2159,2159,2159,2159,2159,2159,2159,2159,2159,2159,2159,2159,2159,2159,2159,2159,2159,2159,2159,2159,2159,2159,2159,2159,2159,2159,2159,2159,2159,2159,2159,2159,2159,2159,2159,2159,2159,2159,2159,2159,
size:74
[agent] id:21
path:2089,2196,2303,2410,2517,2516,2515,2514,2513,2512,2511,2510,2509,2508,2507,2506,2505,2504,2503,2502,2501,2500,2499,2498,2497,2496,2495,2494,2493,2492,2492,2492,2492,2492,2492,2492,2492,2492,2492,2492,2492,2492,2492,2492,2492,2492,2492,2492,2492,2492,2492,2492,2492,2492,2492,2492,2492,2492,2492,2492,2492,2492,2492,2492,2492,2492,2492,2492,2492,2492,2492,2492,2492,2492,2492,2492,2492,2492,2492,2492,2492,2492,2492,2492,2492,2492,2492,2492,2492,2492,2492,2492,2492,2492,2492,
goal:2492,2492,2492,2492,2492,2492,2492,2492,2492,2492,2492,2492,2492,2492,2492,2492,2492,2492,2492,2492,2492,2492,2492,2492,2492,2492,2492,2492,2492,2492,2492,2492,2492,2492,2492,2492,2492,2492,2492,2492,2492,2492,2492,2492,2492,2492,2492,2492,2492,2492,2492,2492,2492,2492,2492,2492,2492,2492,2492,2492,2492,2492,2492,2492,2492,2492,2492,2492,2492,2492,2492,2492,2492,2492,2492,2492,2492,2492,2492,2492,2492,2492,2492,2492,2492,2492,2492,2492,2492,2492,2492,2492,2492,2492,2492,
size:29
[agent] id:22
path:2363,2364,2365,2366,2367,2368,2369,2370,2371,2264,2157,2050,1943,1836,1837,1838,1839,1840,1841,1734,1627,1520,1413,1306,1199,1092,1092,1092,1092,1092,1092,1092,1092,1092,1092,1092,1092,1092,1092,1092,1092,1092,1092,1092,1092,1092,1092,1092,1092,1092,1092,1092,1092,1092,1092,1092,1092,1092,1092,1092,1092,1092,1092,1092,1092,1092,1092,1092,1092,1092,1092,1092,1092,1092,1092,1092,1092,1092,1092,1092,1092,1092,1092,1092,1092,1092,1092,1092,1092,1092,1092,1092,1092,1092,1092,
goal:1092,1092,1092,1092,1092,1092,1092,1092,1092,1092,1092,1092,1092,1092,1092,1092,1092,1092,1092,1092,1092,1092,1092,1092,1092,1092,1092,1092,1092,1092,1092,1092,1092,1092,1092,1092,1092,1092,1092,1092,1092,1092,1092,1092,1092,1092,1092,1092,1092,1092,1092,1092,1092,1092,1092,1092,1092,1092,1092,1092,1092,1092,1092,1092,1092,1092,1092,1092,1092,1092,1092,1092,1092,1092,1092,1092,1092,1092,1092,1092,1092,1092,1092,1092,1092,1092,1092,1092,1092,1092,1092,1092,1092,1092,1092,
size:25
[agent] id:23
path:3221,3114,3007,2900,2793,2686,2579,2472,2365,2258,2151,2150,2149,2042,2041,2040,2039,2039,2039,2039,2039,2039,2039,2039,2039,2039,2039,2039,2039,2039,2039,2039,2039,2039,2039,2039,2039,2039,2039,2039,2039,2039,2039,2039,2039,2039,2039,2039,2039,2039,2039,2039,2039,2039,2039,2039,2039,2039,2039,2039,2039,2039,2039,2039,2039,2039,2039,2039,2039,2039,2039,2039,2039,2039,2039,2039,2039,2039,2039,2039,2039,2039,2039,2039,2039,2039,2039,2039,2039,2039,2039,2039,2039,2039,2039,
goal:2039,2039,2039,2039,2039,2039,2039,2039,2039,2039,2039,2039,2039,2039,2039,2039,2039,2039,2039,2039,2039,2039,2039,2039,2039,2039,2039,2039,2039,2039,2039,2039,2039,2039,2039,2039,2039,2039,2039,2039,2039,2039,2039,2039,2039,2039,2039,2039,2039,2039,2039,2039,2039,2039,2039,2039,2039,2039,2039,2039,2039,2039,2039,2039,2039,2039,2039,2039,2039,2039,2039,2039,2039,2039,2039,2039,2039,2039,2039,2039,2039,2039,2039,2039,2039,2039,2039,2039,2039,2039,2039,2039,2039,2039,2039,
size:16
[agent] id:24
path:1436,1437,1544,1651,1758,1865,1972,2079,2186,2293,2400,2507,2614,2721,2828,2935,3042,3041,3040,3039,3038,3037,3036,3035,3034,3033,3032,3031,3030,3029,3028,3027,3026,3025,3024,3131,3238,3345,3344,3343,3342,3341,3340,3447,3554,3661,3768,3875,3982,4089,4196,4197,4198,4199,4200,4201,4201,4201,4201,4201,4201,4201,4201,4201,4201,4201,4201,4201,4201,4201,4201,4201,4201,4201,4201,4201,4201,4201,4201,4201,4201,4201,4201,4201,4201,4201,4201,4201,4201,4201,4201,4201,4201,4201,4201,
goal:4201,4201,4201,4201,4201,4201,4201,4201,4201,4201,4201,4201,4201,4201,4201,4201,4201,4201,4201,4201,4201,4201,4201,4201,4201,4201,4201,4201,4201,4201,4201,4201,4201,4201,4201,4201,4201,4201,4201,4201,4201,4201,4201,4201,4201,4201,4201,4201,4201,4201,4201,4201,4201,4201,4201,4201,4201,4201,4201,4201,4201,4201,4201,4201,4201,4201,4201,4201,4201,4201,4201,4201,4201,4201,4201,4201,4201,4201,4201,4201,4201,4201,4201,4201,4201,4201,4201,4201,4201,4201,4201,4201,4201,4201,4201,
size:55
[agent] id:25
path:4137,4030,3923,3816,3709,3602,3495,3388,3281,3174,3175,3068,2961,2962,2963,2964,2965,2966,2966,2966,2966,2966,2966,2966,2966,2966,2966,2966,2966,2966,2966,2966,2966,2966,2966,2966,2966,2966,2966,2966,2966,2966,2966,2966,2966,2966,2966,2966,2966,2966,2966,2966,2966,2966,2966,2966,2966,2966,2966,2966,2966,2966,2966,2966,2966,2966,2966,2966,2966,2966,2966,2966,2966,2966,2966,2966,2966,2966,2966,2966,2966,2966,2966,2966,2966,2966,2966,2966,2966,2966,2966,2966,2966,2966,2966,
goal:2966,2966,2966,2966,2966,2966,2966,2966,2966,2966,2966,2966,2966,2966,2966,2966,2966,2966,2966,2966,2966,2966,2966,2966,2966,2966,2966,2966,2966,2966,2966,2966,2966,2966,2966,2966,2966,2966,2966,2966,2966,2966,2966,2966,2966,2966,2966,2966,2966,2966,2966,2966,2966,2966,2966,2966,2966,2966,2966,2966,2966,2966,2966,2966,2966,2966,2966,2966,2966,2966,2966,2966,2966,2966,2966,2966,2966,2966,2966,2966,2966,2966,2966,2966,2966,2966,2966,2966,2966,2966,2966,2966,2966,2966,2966,
size:17
[agent] id:26
path:2919,2812,2705,2598,2491,2384,2277,2170,2063,1956,1955,1954,1847,1846,1845,1844,1843,1842,1735,1628,1521,1414,1307,1200,1093,1094,1095,1096,1097,1098,1099,1100,1100,1100,1100,1100,1100,1100,1100,1100,1100,1100,1100,1100,1100,1100,1100,1100,1100,1100,1100,1100,1100,1100,1100,1100,1100,1100,1100,1100,1100,1100,1100,1100,1100,1100,1100,1100,1100,1100,1100,1100,1100,1100,1100,1100,1100,1100,1100,1100,1100,1100,1100,1100,1100,1100,1100,1100,1100,1100,1100,1100,1100,1100,1100,
goal:1100,1100,1100,1100,1100,1100,1100,1100,1100,1100,1100,1100,1100,1100,1100,1100,1100,1100,1100,1100,1100,1100,1100,1100,1100,1100,1100,1100,1100,1100,1100,1100,1100,1100,1100,1100,1100,1100,1100,1100,1100,1100,1100,1100,1100,1100,1100,1100,1100,1100,1100,1100,1100,1100,1100,1100,1100,1100,1100,1100,1100,1100,1100,1100,1100,1100,1100,1100,1100,1100,1100,1100,1100,1100,1100,1100,1100,1100,1100,1100,1100,1100,1100,1100,1100,1100,1100,1100,1100,1100,1100,1100,1100,1100,1100,
size:31
[agent] id:27
path:3875,3768,3661,3554,3447,3340,3233,3126,3019,2912,2805,2698,2699,2700,2701,2702,2703,2704,2705,2706,2707,2708,2709,2710,2711,2712,2713,2714,2715,2716,2717,2718,2719,2720,2721,2722,2723,2724,2725,2726,2727,2728,2729,2730,2731,2732,2733,2734,2735,2736,2737,2738,2739,2740,2741,2742,2743,2744,2745,2746,2747,2748,2749,2750,2751,2644,2645,2646,2647,2648,2649,2650,2651,2652,2653,2654,2655,2656,2657,2658,2659,2660,2661,2662,2663,2664,2665,2772,2879,2986,2987,2988,2989,2990,2991,
goal:2991,2991,2991,2991,2991,2991,2991,2991,2991,2991,2991,2991,2991,2991,2991,2991,2991,2991,2991,2991,2991,2991,2991,2991,2991,2991,2991,2991,2991,2991,2991,2991,2991,2991,2991,2991,2991,2991,2991,2991,2991,2991,2991,2991,2991,2991,2991,2991,2991,2991,2991,2991,2991,2991,2991,2991,2991,2991,2991,2991,2991,2991,2991,2991,2991,2991,2991,2991,2991,2991,2991,2991,2991,2991,2991,2991,2991,2991,2991,2991,2991,2991,2991,2991,2991,2991,2991,2991,2991,2991,2991,2991,2991,2991,2991,
size:94
[agent] id:28
path:3060,2953,2846,2739,2632,2525,2418,2311,2204,2097,1990,1989,1988,1987,1986,1985,1984,1983,1982,1981,1980,1979,1978,1871,1870,1869,1868,1867,1866,1759,1652,1545,1438,1331,1224,1117,1010,903,796,689,688,687,686,685,684,683,683,683,683,683,683,683,683,683,683,683,683,683,683,683,683,683,683,683,683,683,683,683,683,683,683,683,683,683,683,683,683,683,683,683,683,683,683,683,683,683,683,683,683,683,683,683,683,683,683,
goal:683,683,683,683,683,683,683,683,683,683,683,683,683,683,683,683,683,683,683,683,683,683,683,683,683,683,683,683,683,683,683,683,683,683,683,683,683,683,683,683,683,683,683,683,683,683,683,683,683,683,683,683,683,683,683,683,683,683,683,683,683,683,683,683,683,683,683,683,683,683,683,683,683,683,683,683,683,683,683,683,683,683,683,683,683,683,683,683,683,683,683,683,683,683,683,
size:45
[agent] id:29
path:2578,2579,2580,2581,2474,2475,2476,2477,2478,2585,2692,2693,2694,2695,2696,2697,2698,2699,2700,2701,2702,2703,2704,2705,2706,2707,2708,2709,2710,2711,2712,2713,2714,2715,2716,2717,2718,2719,2720,2721,2722,2723,2724,2725,2726,2727,2728,2729,2730,2731,2732,2733,2734,2735,2736,2737,2738,2738,2738,2738,2738,2738,2738,2738,2738,2738,2738,2738,2738,2738,2738,2738,2738,2738,2738,2738,2738,2738,2738,2738,2738,2738,2738,2738,2738,2738,2738,2738,2738,2738,2738,2738,2738,2738,2738,
goal:2738,2738,2738,2738,2738,2738,2738,2738,2738,2738,2738,2738,2738,2738,2738,2738,2738,2738,2738,2738,2738,2738,2738,2738,2738,2738,2738,2738,2738,2738,2738,2738,2738,2738,2738,2738,2738,2738,2738,2738,2738,2738,2738,2738,2738,2738,2738,2738,2738,2738,2738,2738,2738,2738,2738,2738,2738,2738,2738,2738,2738,2738,2738,2738,2738,2738,2738,2738,2738,2738,2738,2738,2738,2738,2738,2738,2738,2738,2738,2738,2738,2738,2738,2738,2738,2738,2738,2738,2738,2738,2738,2738,2738,2738,2738,
size:56
SolutionCost:1291
