[setting] seed:86
[solver] type:ECBS
[solver] w:3.000000
[solver] ID:0
[solver] Lowlevelnode:22418
[solver] solved:1
[solver] elapsed:6
[solver] makespan:65
[problem] timesteplimit:10000
[problem] type:MAPF
[problem] agentnum:10
[graph] width:107
[graph] height:47
[graph] filename:./map/orz601d.map
[task] id:4,start:0,end:0,service time:0,nodes:2664,
[task] id:9,start:0,end:0,service time:0,nodes:2000,
[task] id:2,start:0,end:0,service time:0,nodes:1305,
[task] id:0,start:0,end:0,service time:0,nodes:2395,
[task] id:8,start:0,end:0,service time:0,nodes:3976,
[task] id:3,start:0,end:0,service time:0,nodes:2593,
[task] id:5,start:0,end:0,service time:0,nodes:2943,
[task] id:1,start:0,end:0,service time:0,nodes:2193,
[task] id:6,start:0,end:0,service time:0,nodes:2613,
[task] id:7,start:0,end:0,service time:0,nodes:2636,
[agent] id:0
path:2530,2423,2422,2421,2420,2419,2418,2417,2416,2415,2414,2413,2412,2411,2410,2409,2408,2407,2406,2405,2404,2403,2402,2401,2400,2399,2398,2397,2396,2395,2395,2395,2395,2395,2395,2395,2395,2395,2395,2395,2395,2395,2395,2395,2395,2395,2395,2395,2395,2395,2395,2395,2395,2395,2395,2395,2395,2395,2395,2395,2395,2395,2395,2395,2395,2395,
goal:2395,2395,2395,2395,2395,2395,2395,2395,2395,2395,2395,2395,2395,2395,2395,2395,2395,2395,2395,2395,2395,2395,2395,2395,2395,2395,2395,2395,2395,2395,2395,2395,2395,2395,2395,2395,2395,2395,2395,2395,2395,2395,2395,2395,2395,2395,2395,2395,2395,2395,2395,2395,2395,2395,2395,2395,2395,2395,2395,2395,2395,2395,2395,2395,2395,2395,
size:29
[agent] id:1
path:2348,2347,2346,2345,2344,2451,2450,2449,2448,2447,2446,2339,2232,2231,2230,2229,2228,2227,2226,2225,2224,2223,2222,2221,2220,2219,2218,2217,2216,2215,2214,2213,2212,2211,2210,2209,2208,2207,2206,2205,2204,2203,2202,2201,2200,2199,2198,2197,2196,2195,2194,2193,2193,2193,2193,2193,2193,2193,2193,2193,2193,2193,2193,2193,2193,2193,
goal:2193,2193,2193,2193,2193,2193,2193,2193,2193,2193,2193,2193,2193,2193,2193,2193,2193,2193,2193,2193,2193,2193,2193,2193,2193,2193,2193,2193,2193,2193,2193,2193,2193,2193,2193,2193,2193,2193,2193,2193,2193,2193,2193,2193,2193,2193,2193,2193,2193,2193,2193,2193,2193,2193,2193,2193,2193,2193,2193,2193,2193,2193,2193,2193,2193,2193,
size:51
[agent] id:2
path:1747,1746,1853,1852,1959,1958,1957,1956,1955,1954,1847,1846,1845,1844,1843,1842,1735,1628,1521,1414,1307,1306,1305,1305,1305,1305,1305,1305,1305,1305,1305,1305,1305,1305,1305,1305,1305,1305,1305,1305,1305,1305,1305,1305,1305,1305,1305,1305,1305,1305,1305,1305,1305,1305,1305,1305,1305,1305,1305,1305,1305,1305,1305,1305,1305,1305,
goal:1305,1305,1305,1305,1305,1305,1305,1305,1305,1305,1305,1305,1305,1305,1305,1305,1305,1305,1305,1305,1305,1305,1305,1305,1305,1305,1305,1305,1305,1305,1305,1305,1305,1305,1305,1305,1305,1305,1305,1305,1305,1305,1305,1305,1305,1305,1305,1305,1305,1305,1305,1305,1305,1305,1305,1305,1305,1305,1305,1305,1305,1305,1305,1305,1305,1305,
size:22
[agent] id:3
path:1443,1442,1441,1440,1439,1438,1545,1652,1759,1866,1973,2080,2187,2294,2401,2508,2615,2614,2613,2612,2611,2610,2609,2608,2607,2606,2605,2604,2603,2602,2601,2600,2599,2598,2597,2596,2595,2594,2593,2593,2593,2593,2593,2593,2593,2593,2593,2593,2593,2593,2593,2593,2593,2593,2593,2593,2593,2593,2593,2593,2593,2593,2593,2593,2593,2593,
goal:2593,2593,2593,2593,2593,2593,2593,2593,2593,2593,2593,2593,2593,2593,2593,2593,2593,2593,2593,2593,2593,2593,2593,2593,2593,2593,2593,2593,2593,2593,2593,2593,2593,2593,2593,2593,2593,2593,2593,2593,2593,2593,2593,2593,2593,2593,2593,2593,2593,2593,2593,2593,2593,2593,2593,2593,2593,2593,2593,2593,2593,2593,2593,2593,2593,2593,
size:38
[agent] id:4
path:2879,2772,2665,2664,2664,2664,2664,2664,2664,2664,2664,2664,2664,2664,2664,2664,2664,2664,2664,2664,2664,2664,2664,2664,2664,2664,2664,2664,2664,2664,2664,2664,2664,2664,2664,2664,2664,2664,2664,2664,2664,2664,2664,2664,2664,2664,2664,2664,2664,2664,2664,2664,2664,2664,2664,2664,2664,2664,2664,2664,2664,2664,2664,2664,2664,2664,
goal:2664,2664,2664,2664,2664,2664,2664,2664,2664,2664,2664,2664,2664,2664,2664,2664,2664,2664,2664,2664,2664,2664,2664,2664,2664,2664,2664,2664,2664,2664,2664,2664,2664,2664,2664,2664,2664,2664,2664,2664,2664,2664,2664,2664,2664,2664,2664,2664,2664,2664,2664,2664,2664,2664,2664,2664,2664,2664,2664,2664,2664,2664,2664,2664,2664,2664,
size:3
[agent] id:5
path:1199,1306,1413,1520,1627,1734,1841,1948,2055,2162,2269,2376,2483,2590,2697,2804,2911,2912,2913,2914,2915,2916,2917,2918,2919,2920,2921,2922,2923,2924,2925,2926,2927,2928,2929,2930,2931,2932,2933,2934,2935,2936,2937,2938,2939,2940,2941,2942,2943,2943,2943,2943,2943,2943,2943,2943,2943,2943,2943,2943,2943,2943,2943,2943,2943,2943,
goal:2943,2943,2943,2943,2943,2943,2943,2943,2943,2943,2943,2943,2943,2943,2943,2943,2943,2943,2943,2943,2943,2943,2943,2943,2943,2943,2943,2943,2943,2943,2943,2943,2943,2943,2943,2943,2943,2943,2943,2943,2943,2943,2943,2943,2943,2943,2943,2943,2943,2943,2943,2943,2943,2943,2943,2943,2943,2943,2943,2943,2943,2943,2943,2943,2943,2943,
size:48
[agent] id:6
path:3088,2981,2874,2767,2660,2659,2658,2657,2656,2655,2654,2653,2652,2651,2650,2649,2648,2647,2646,2645,2644,2643,2642,2641,2640,2639,2638,2637,2636,2635,2634,2633,2632,2631,2630,2629,2628,2627,2626,2625,2624,2623,2622,2621,2620,2619,2618,2617,2616,2615,2614,2613,2613,2613,2613,2613,2613,2613,2613,2613,2613,2613,2613,2613,2613,2613,
goal:2613,2613,2613,2613,2613,2613,2613,2613,2613,2613,2613,2613,2613,2613,2613,2613,2613,2613,2613,2613,2613,2613,2613,2613,2613,2613,2613,2613,2613,2613,2613,2613,2613,2613,2613,2613,2613,2613,2613,2613,2613,2613,2613,2613,2613,2613,2613,2613,2613,2613,2613,2613,2613,2613,2613,2613,2613,2613,2613,2613,2613,2613,2613,2613,2613,2613,
size:51
[agent] id:7
path:4515,4408,4301,4194,4087,3980,3873,3766,3767,3660,3553,3446,3339,3232,3125,3018,3019,3020,3021,3022,3023,3024,3025,3026,3027,3028,3029,3030,3031,3032,3033,3034,3035,3036,3037,3038,3039,3040,3041,3042,3043,3044,3045,3046,3047,3048,3049,3050,3051,2944,2837,2730,2623,2624,2625,2626,2627,2628,2629,2630,2631,2632,2633,2634,2635,2636,
goal:2636,2636,2636,2636,2636,2636,2636,2636,2636,2636,2636,2636,2636,2636,2636,2636,2636,2636,2636,2636,2636,2636,2636,2636,2636,2636,2636,2636,2636,2636,2636,2636,2636,2636,2636,2636,2636,2636,2636,2636,2636,2636,2636,2636,2636,2636,2636,2636,2636,2636,2636,2636,2636,2636,2636,2636,2636,2636,2636,2636,2636,2636,2636,2636,2636,2636,
size:65
[agent] id:8
path:2172,2279,2386,2493,2600,2707,2814,2921,3028,3027,3026,3025,3024,3131,3238,3345,3344,3343,3342,3341,3340,3447,3554,3661,3768,3875,3982,3981,3980,3979,3978,3977,3976,3976,3976,3976,3976,3976,3976,3976,3976,3976,3976,3976,3976,3976,3976,3976,3976,3976,3976,3976,3976,3976,3976,3976,3976,3976,3976,3976,3976,3976,3976,3976,3976,3976,
goal:3976,3976,3976,3976,3976,3976,3976,3976,3976,3976,3976,3976,3976,3976,3976,3976,3976,3976,3976,3976,3976,3976,3976,3976,3976,3976,3976,3976,3976,3976,3976,3976,3976,3976,3976,3976,3976,3976,3976,3976,3976,3976,3976,3976,3976,3976,3976,3976,3976,3976,3976,3976,3976,3976,3976,3976,3976,3976,3976,3976,3976,3976,3976,3976,3976,3976,
size:32
[agent] id:9
path:2119,2012,2011,2010,2009,2008,2007,2006,2005,2004,2003,2002,2001,2000,2000,2000,2000,2000,2000,2000,2000,2000,2000,2000,2000,2000,2000,2000,2000,2000,2000,2000,2000,2000,2000,2000,2000,2000,2000,2000,2000,2000,2000,2000,2000,2000,2000,2000,2000,2000,2000,2000,2000,2000,2000,2000,2000,2000,2000,2000,2000,2000,2000,2000,2000,2000,
goal:2000,2000,2000,2000,2000,2000,2000,2000,2000,2000,2000,2000,2000,2000,2000,2000,2000,2000,2000,2000,2000,2000,2000,2000,2000,2000,2000,2000,2000,2000,2000,2000,2000,2000,2000,2000,2000,2000,2000,2000,2000,2000,2000,2000,2000,2000,2000,2000,2000,2000,2000,2000,2000,2000,2000,2000,2000,2000,2000,2000,2000,2000,2000,2000,2000,2000,
size:13
SolutionCost:352
