[setting] seed:19
[solver] type:ECBS
[solver] w:3.000000
[solver] ID:0
[solver] Lowlevelnode:61199
[solver] solved:1
[solver] elapsed:273
[solver] makespan:81
[problem] timesteplimit:10000
[problem] type:MAPF
[problem] agentnum:20
[graph] width:107
[graph] height:47
[graph] filename:./map/orz601d.map
[task] id:16,start:0,end:0,service time:0,nodes:2598,
[task] id:10,start:0,end:0,service time:0,nodes:2438,
[task] id:1,start:0,end:0,service time:0,nodes:2633,
[task] id:15,start:0,end:0,service time:0,nodes:3018,
[task] id:0,start:0,end:0,service time:0,nodes:2824,
[task] id:13,start:0,end:0,service time:0,nodes:2712,
[task] id:7,start:0,end:0,service time:0,nodes:558,
[task] id:17,start:0,end:0,service time:0,nodes:2388,
[task] id:19,start:0,end:0,service time:0,nodes:824,
[task] id:11,start:0,end:0,service time:0,nodes:3042,
[task] id:9,start:0,end:0,service time:0,nodes:3159,
[task] id:18,start:0,end:0,service time:0,nodes:2195,
[task] id:3,start:0,end:0,service time:0,nodes:370,
[task] id:6,start:0,end:0,service time:0,nodes:2419,
[task] id:2,start:0,end:0,service time:0,nodes:3193,
[task] id:12,start:0,end:0,service time:0,nodes:3025,
[task] id:4,start:0,end:0,service time:0,nodes:2018,
[task] id:8,start:0,end:0,service time:0,nodes:2859,
[task] id:5,start:0,end:0,service time:0,nodes:2964,
[task] id:14,start:0,end:0,service time:0,nodes:450,
[agent] id:0
path:1953,2060,2167,2274,2381,2488,2489,2490,2491,2492,2599,2706,2813,2814,2815,2816,2817,2818,2819,2820,2821,2822,2823,2824,2824,2824,2824,2824,2824,2824,2824,2824,2824,2824,2824,2824,2824,2824,2824,2824,2824,2824,2824,2824,2824,2824,2824,2824,2824,2824,2824,2824,2824,2824,2824,2824,2824,2824,2824,2824,2824,2824,2824,2824,2824,2824,2824,2824,2824,2824,2824,2824,2824,2824,2824,2824,2824,2824,2824,2824,2824,2824,
goal:2824,2824,2824,2824,2824,2824,2824,2824,2824,2824,2824,2824,2824,2824,2824,2824,2824,2824,2824,2824,2824,2824,2824,2824,2824,2824,2824,2824,2824,2824,2824,2824,2824,2824,2824,2824,2824,2824,2824,2824,2824,2824,2824,2824,2824,2824,2824,2824,2824,2824,2824,2824,2824,2824,2824,2824,2824,2824,2824,2824,2824,2824,2824,2824,2824,2824,2824,2824,2824,2824,2824,2824,2824,2824,2824,2824,2824,2824,2824,2824,2824,2824,
size:23
[agent] id:1
path:1243,1350,1457,1458,1459,1460,1461,1568,1675,1782,1889,1996,2103,2210,2317,2424,2531,2638,2637,2636,2635,2634,2633,2633,2633,2633,2633,2633,2633,2633,2633,2633,2633,2633,2633,2633,2633,2633,2633,2633,2633,2633,2633,2633,2633,2633,2633,2633,2633,2633,2633,2633,2633,2633,2633,2633,2633,2633,2633,2633,2633,2633,2633,2633,2633,2633,2633,2633,2633,2633,2633,2633,2633,2633,2633,2633,2633,2633,2633,2633,2633,2633,
goal:2633,2633,2633,2633,2633,2633,2633,2633,2633,2633,2633,2633,2633,2633,2633,2633,2633,2633,2633,2633,2633,2633,2633,2633,2633,2633,2633,2633,2633,2633,2633,2633,2633,2633,2633,2633,2633,2633,2633,2633,2633,2633,2633,2633,2633,2633,2633,2633,2633,2633,2633,2633,2633,2633,2633,2633,2633,2633,2633,2633,2633,2633,2633,2633,2633,2633,2633,2633,2633,2633,2633,2633,2633,2633,2633,2633,2633,2633,2633,2633,2633,2633,
size:22
[agent] id:2
path:2176,2283,2390,2497,2604,2711,2818,2925,3032,3033,3034,3035,3036,3037,3038,3039,3040,3041,3042,3043,3044,3045,3046,3047,3048,3049,3050,3051,3052,3053,3054,3055,3056,3057,3058,3059,3060,3061,3062,3063,3064,3065,3066,3067,3068,3069,3070,3071,3072,3073,3074,3075,3076,3077,3078,3079,3080,3081,3082,3083,3084,3085,3086,3193,3193,3193,3193,3193,3193,3193,3193,3193,3193,3193,3193,3193,3193,3193,3193,3193,3193,3193,
goal:3193,3193,3193,3193,3193,3193,3193,3193,3193,3193,3193,3193,3193,3193,3193,3193,3193,3193,3193,3193,3193,3193,3193,3193,3193,3193,3193,3193,3193,3193,3193,3193,3193,3193,3193,3193,3193,3193,3193,3193,3193,3193,3193,3193,3193,3193,3193,3193,3193,3193,3193,3193,3193,3193,3193,3193,3193,3193,3193,3193,3193,3193,3193,3193,3193,3193,3193,3193,3193,3193,3193,3193,3193,3193,3193,3193,3193,3193,3193,3193,3193,3193,
size:63
[agent] id:3
path:2011,2010,2009,2008,2007,2006,2005,2004,2003,2002,2001,2000,1999,1998,1997,1996,1995,1994,1993,1992,1991,1990,1989,1988,1987,1986,1985,1984,1983,1982,1981,1980,1979,1978,1871,1870,1869,1868,1867,1866,1759,1652,1545,1438,1331,1224,1117,1010,903,796,689,582,475,476,477,370,370,370,370,370,370,370,370,370,370,370,370,370,370,370,370,370,370,370,370,370,370,370,370,370,370,370,
goal:370,370,370,370,370,370,370,370,370,370,370,370,370,370,370,370,370,370,370,370,370,370,370,370,370,370,370,370,370,370,370,370,370,370,370,370,370,370,370,370,370,370,370,370,370,370,370,370,370,370,370,370,370,370,370,370,370,370,370,370,370,370,370,370,370,370,370,370,370,370,370,370,370,370,370,370,370,370,370,370,370,370,
size:55
[agent] id:4
path:2702,2595,2488,2381,2382,2275,2168,2061,2062,2063,2064,2065,2066,2067,2068,2069,2070,2071,2072,2073,2074,2075,2076,2077,2078,2079,2080,2081,2082,2083,2084,2085,2086,2087,2088,2089,1982,1983,1984,1985,1986,1987,1988,1989,1990,1991,1992,1993,1994,1995,1996,1997,1998,1999,2000,2001,2002,2003,2004,2005,2006,2007,2008,2009,2010,2011,2012,2013,2014,2015,2016,2017,2018,2018,2018,2018,2018,2018,2018,2018,2018,2018,
goal:2018,2018,2018,2018,2018,2018,2018,2018,2018,2018,2018,2018,2018,2018,2018,2018,2018,2018,2018,2018,2018,2018,2018,2018,2018,2018,2018,2018,2018,2018,2018,2018,2018,2018,2018,2018,2018,2018,2018,2018,2018,2018,2018,2018,2018,2018,2018,2018,2018,2018,2018,2018,2018,2018,2018,2018,2018,2018,2018,2018,2018,2018,2018,2018,2018,2018,2018,2018,2018,2018,2018,2018,2018,2018,2018,2018,2018,2018,2018,2018,2018,2018,
size:72
[agent] id:5
path:454,561,668,775,882,989,1096,1203,1310,1417,1416,1415,1414,1521,1628,1735,1842,1843,1950,2057,2164,2271,2378,2485,2592,2699,2806,2913,2914,2915,2916,2917,2918,2919,2920,2921,2922,2923,2924,2925,2926,2927,2928,2929,2930,2931,2932,2933,2934,2935,2936,2937,2938,2939,2940,2941,2942,2943,2944,2945,2946,2947,2948,2949,2950,2951,2952,2953,2954,2955,2956,2957,2958,2959,2960,2961,2962,2963,2964,2964,2964,2964,
goal:2964,2964,2964,2964,2964,2964,2964,2964,2964,2964,2964,2964,2964,2964,2964,2964,2964,2964,2964,2964,2964,2964,2964,2964,2964,2964,2964,2964,2964,2964,2964,2964,2964,2964,2964,2964,2964,2964,2964,2964,2964,2964,2964,2964,2964,2964,2964,2964,2964,2964,2964,2964,2964,2964,2964,2964,2964,2964,2964,2964,2964,2964,2964,2964,2964,2964,2964,2964,2964,2964,2964,2964,2964,2964,2964,2964,2964,2964,2964,2964,2964,2964,
size:78
[agent] id:6
path:2794,2687,2580,2473,2366,2367,2368,2369,2370,2371,2372,2373,2374,2375,2376,2377,2378,2379,2380,2381,2382,2383,2384,2385,2386,2387,2388,2389,2390,2391,2392,2393,2394,2395,2396,2397,2398,2399,2400,2401,2402,2403,2404,2405,2406,2407,2408,2409,2410,2411,2412,2413,2414,2415,2416,2417,2418,2419,2419,2419,2419,2419,2419,2419,2419,2419,2419,2419,2419,2419,2419,2419,2419,2419,2419,2419,2419,2419,2419,2419,2419,2419,
goal:2419,2419,2419,2419,2419,2419,2419,2419,2419,2419,2419,2419,2419,2419,2419,2419,2419,2419,2419,2419,2419,2419,2419,2419,2419,2419,2419,2419,2419,2419,2419,2419,2419,2419,2419,2419,2419,2419,2419,2419,2419,2419,2419,2419,2419,2419,2419,2419,2419,2419,2419,2419,2419,2419,2419,2419,2419,2419,2419,2419,2419,2419,2419,2419,2419,2419,2419,2419,2419,2419,2419,2419,2419,2419,2419,2419,2419,2419,2419,2419,2419,2419,
size:57
[agent] id:7
path:3661,3554,3447,3340,3233,3126,3019,2912,2805,2698,2591,2484,2377,2270,2163,2056,1949,1842,1735,1628,1521,1414,1307,1200,1093,986,879,772,665,558,558,558,558,558,558,558,558,558,558,558,558,558,558,558,558,558,558,558,558,558,558,558,558,558,558,558,558,558,558,558,558,558,558,558,558,558,558,558,558,558,558,558,558,558,558,558,558,558,558,558,558,558,
goal:558,558,558,558,558,558,558,558,558,558,558,558,558,558,558,558,558,558,558,558,558,558,558,558,558,558,558,558,558,558,558,558,558,558,558,558,558,558,558,558,558,558,558,558,558,558,558,558,558,558,558,558,558,558,558,558,558,558,558,558,558,558,558,558,558,558,558,558,558,558,558,558,558,558,558,558,558,558,558,558,558,558,
size:29
[agent] id:8
path:2896,2789,2682,2575,2468,2469,2470,2471,2472,2473,2474,2475,2476,2477,2478,2479,2480,2481,2482,2483,2484,2485,2486,2487,2488,2489,2490,2491,2492,2599,2600,2601,2602,2603,2604,2605,2606,2713,2714,2715,2716,2717,2718,2825,2826,2827,2828,2829,2830,2831,2832,2833,2834,2835,2836,2837,2838,2839,2840,2841,2842,2843,2844,2845,2846,2847,2848,2849,2850,2851,2852,2853,2854,2855,2856,2857,2858,2859,2859,2859,2859,2859,
goal:2859,2859,2859,2859,2859,2859,2859,2859,2859,2859,2859,2859,2859,2859,2859,2859,2859,2859,2859,2859,2859,2859,2859,2859,2859,2859,2859,2859,2859,2859,2859,2859,2859,2859,2859,2859,2859,2859,2859,2859,2859,2859,2859,2859,2859,2859,2859,2859,2859,2859,2859,2859,2859,2859,2859,2859,2859,2859,2859,2859,2859,2859,2859,2859,2859,2859,2859,2859,2859,2859,2859,2859,2859,2859,2859,2859,2859,2859,2859,2859,2859,2859,
size:77
[agent] id:9
path:607,714,821,928,1035,1142,1249,1356,1463,1462,1569,1676,1783,1890,1889,1888,1887,1886,1885,1884,1884,1991,2098,2205,2312,2419,2526,2525,2632,2739,2846,2953,2952,2951,2950,3057,3056,3163,3162,3161,3160,3159,3159,3159,3159,3159,3159,3159,3159,3159,3159,3159,3159,3159,3159,3159,3159,3159,3159,3159,3159,3159,3159,3159,3159,3159,3159,3159,3159,3159,3159,3159,3159,3159,3159,3159,3159,3159,3159,3159,3159,3159,
goal:3159,3159,3159,3159,3159,3159,3159,3159,3159,3159,3159,3159,3159,3159,3159,3159,3159,3159,3159,3159,3159,3159,3159,3159,3159,3159,3159,3159,3159,3159,3159,3159,3159,3159,3159,3159,3159,3159,3159,3159,3159,3159,3159,3159,3159,3159,3159,3159,3159,3159,3159,3159,3159,3159,3159,3159,3159,3159,3159,3159,3159,3159,3159,3159,3159,3159,3159,3159,3159,3159,3159,3159,3159,3159,3159,3159,3159,3159,3159,3159,3159,3159,
size:41
[agent] id:10
path:1910,2017,2124,2231,2338,2445,2444,2443,2442,2441,2440,2439,2438,2438,2438,2438,2438,2438,2438,2438,2438,2438,2438,2438,2438,2438,2438,2438,2438,2438,2438,2438,2438,2438,2438,2438,2438,2438,2438,2438,2438,2438,2438,2438,2438,2438,2438,2438,2438,2438,2438,2438,2438,2438,2438,2438,2438,2438,2438,2438,2438,2438,2438,2438,2438,2438,2438,2438,2438,2438,2438,2438,2438,2438,2438,2438,2438,2438,2438,2438,2438,2438,
goal:2438,2438,2438,2438,2438,2438,2438,2438,2438,2438,2438,2438,2438,2438,2438,2438,2438,2438,2438,2438,2438,2438,2438,2438,2438,2438,2438,2438,2438,2438,2438,2438,2438,2438,2438,2438,2438,2438,2438,2438,2438,2438,2438,2438,2438,2438,2438,2438,2438,2438,2438,2438,2438,2438,2438,2438,2438,2438,2438,2438,2438,2438,2438,2438,2438,2438,2438,2438,2438,2438,2438,2438,2438,2438,2438,2438,2438,2438,2438,2438,2438,2438,
size:12
[agent] id:11
path:4412,4305,4198,4091,3984,3877,3770,3769,3768,3661,3554,3447,3340,3233,3126,3019,3020,3021,3022,3023,3024,3025,3026,3027,3028,3029,3030,3031,3032,3033,3034,3035,3036,3037,3038,3039,3040,3041,3042,3042,3042,3042,3042,3042,3042,3042,3042,3042,3042,3042,3042,3042,3042,3042,3042,3042,3042,3042,3042,3042,3042,3042,3042,3042,3042,3042,3042,3042,3042,3042,3042,3042,3042,3042,3042,3042,3042,3042,3042,3042,3042,3042,
goal:3042,3042,3042,3042,3042,3042,3042,3042,3042,3042,3042,3042,3042,3042,3042,3042,3042,3042,3042,3042,3042,3042,3042,3042,3042,3042,3042,3042,3042,3042,3042,3042,3042,3042,3042,3042,3042,3042,3042,3042,3042,3042,3042,3042,3042,3042,3042,3042,3042,3042,3042,3042,3042,3042,3042,3042,3042,3042,3042,3042,3042,3042,3042,3042,3042,3042,3042,3042,3042,3042,3042,3042,3042,3042,3042,3042,3042,3042,3042,3042,3042,3042,
size:38
[agent] id:12
path:3087,3086,3085,3084,3083,3082,3081,3080,3079,3078,3077,3076,3075,3074,3073,3072,3071,3070,3069,3068,3067,3066,3065,3064,3063,3062,3061,3060,3059,3058,3057,3056,2949,2948,2947,2946,2945,2944,2943,2942,2941,2940,2939,2938,2937,2936,2935,2934,3041,3040,3039,3038,3037,3036,3035,3034,3033,3032,3031,3030,3029,3028,3027,3026,3025,3025,3025,3025,3025,3025,3025,3025,3025,3025,3025,3025,3025,3025,3025,3025,3025,3025,
goal:3025,3025,3025,3025,3025,3025,3025,3025,3025,3025,3025,3025,3025,3025,3025,3025,3025,3025,3025,3025,3025,3025,3025,3025,3025,3025,3025,3025,3025,3025,3025,3025,3025,3025,3025,3025,3025,3025,3025,3025,3025,3025,3025,3025,3025,3025,3025,3025,3025,3025,3025,3025,3025,3025,3025,3025,3025,3025,3025,3025,3025,3025,3025,3025,3025,3025,3025,3025,3025,3025,3025,3025,3025,3025,3025,3025,3025,3025,3025,3025,3025,3025,
size:64
[agent] id:13
path:3265,3158,3051,2944,2837,2730,2729,2728,2727,2726,2725,2724,2723,2722,2721,2720,2719,2718,2717,2716,2715,2714,2713,2712,2712,2712,2712,2712,2712,2712,2712,2712,2712,2712,2712,2712,2712,2712,2712,2712,2712,2712,2712,2712,2712,2712,2712,2712,2712,2712,2712,2712,2712,2712,2712,2712,2712,2712,2712,2712,2712,2712,2712,2712,2712,2712,2712,2712,2712,2712,2712,2712,2712,2712,2712,2712,2712,2712,2712,2712,2712,2712,
goal:2712,2712,2712,2712,2712,2712,2712,2712,2712,2712,2712,2712,2712,2712,2712,2712,2712,2712,2712,2712,2712,2712,2712,2712,2712,2712,2712,2712,2712,2712,2712,2712,2712,2712,2712,2712,2712,2712,2712,2712,2712,2712,2712,2712,2712,2712,2712,2712,2712,2712,2712,2712,2712,2712,2712,2712,2712,2712,2712,2712,2712,2712,2712,2712,2712,2712,2712,2712,2712,2712,2712,2712,2712,2712,2712,2712,2712,2712,2712,2712,2712,2712,
size:23
[agent] id:14
path:2015,2014,2013,2012,2011,2010,2009,2008,2007,2006,2005,2004,2003,2002,2001,2000,1999,1998,1997,1996,1995,1994,1993,1992,1991,1990,1989,1988,1987,1986,1985,1984,1983,1982,1981,1980,1979,1978,1977,1976,1975,1974,1973,1972,1971,1970,1969,1968,1967,1966,1965,1964,1963,1962,1961,1960,1959,1958,1957,1956,1955,1954,1847,1846,1845,1844,1843,1842,1735,1628,1521,1414,1307,1200,1093,986,879,772,665,664,557,450,
goal:450,450,450,450,450,450,450,450,450,450,450,450,450,450,450,450,450,450,450,450,450,450,450,450,450,450,450,450,450,450,450,450,450,450,450,450,450,450,450,450,450,450,450,450,450,450,450,450,450,450,450,450,450,450,450,450,450,450,450,450,450,450,450,450,450,450,450,450,450,450,450,450,450,450,450,450,450,450,450,450,450,450,
size:81
[agent] id:15
path:1960,2067,2174,2281,2388,2495,2602,2709,2816,2923,2922,2921,2920,2919,2918,2917,2916,2915,2914,3021,3020,3019,3018,3018,3018,3018,3018,3018,3018,3018,3018,3018,3018,3018,3018,3018,3018,3018,3018,3018,3018,3018,3018,3018,3018,3018,3018,3018,3018,3018,3018,3018,3018,3018,3018,3018,3018,3018,3018,3018,3018,3018,3018,3018,3018,3018,3018,3018,3018,3018,3018,3018,3018,3018,3018,3018,3018,3018,3018,3018,3018,3018,
goal:3018,3018,3018,3018,3018,3018,3018,3018,3018,3018,3018,3018,3018,3018,3018,3018,3018,3018,3018,3018,3018,3018,3018,3018,3018,3018,3018,3018,3018,3018,3018,3018,3018,3018,3018,3018,3018,3018,3018,3018,3018,3018,3018,3018,3018,3018,3018,3018,3018,3018,3018,3018,3018,3018,3018,3018,3018,3018,3018,3018,3018,3018,3018,3018,3018,3018,3018,3018,3018,3018,3018,3018,3018,3018,3018,3018,3018,3018,3018,3018,3018,3018,
size:22
[agent] id:16
path:2059,2166,2273,2380,2487,2594,2595,2596,2597,2598,2598,2598,2598,2598,2598,2598,2598,2598,2598,2598,2598,2598,2598,2598,2598,2598,2598,2598,2598,2598,2598,2598,2598,2598,2598,2598,2598,2598,2598,2598,2598,2598,2598,2598,2598,2598,2598,2598,2598,2598,2598,2598,2598,2598,2598,2598,2598,2598,2598,2598,2598,2598,2598,2598,2598,2598,2598,2598,2598,2598,2598,2598,2598,2598,2598,2598,2598,2598,2598,2598,2598,2598,
goal:2598,2598,2598,2598,2598,2598,2598,2598,2598,2598,2598,2598,2598,2598,2598,2598,2598,2598,2598,2598,2598,2598,2598,2598,2598,2598,2598,2598,2598,2598,2598,2598,2598,2598,2598,2598,2598,2598,2598,2598,2598,2598,2598,2598,2598,2598,2598,2598,2598,2598,2598,2598,2598,2598,2598,2598,2598,2598,2598,2598,2598,2598,2598,2598,2598,2598,2598,2598,2598,2598,2598,2598,2598,2598,2598,2598,2598,2598,2598,2598,2598,2598,
size:9
[agent] id:17
path:905,1012,1119,1226,1333,1440,1439,1438,1545,1652,1759,1866,1973,2080,2187,2294,2293,2292,2291,2290,2289,2288,2287,2286,2285,2284,2283,2282,2389,2388,2388,2388,2388,2388,2388,2388,2388,2388,2388,2388,2388,2388,2388,2388,2388,2388,2388,2388,2388,2388,2388,2388,2388,2388,2388,2388,2388,2388,2388,2388,2388,2388,2388,2388,2388,2388,2388,2388,2388,2388,2388,2388,2388,2388,2388,2388,2388,2388,2388,2388,2388,2388,
goal:2388,2388,2388,2388,2388,2388,2388,2388,2388,2388,2388,2388,2388,2388,2388,2388,2388,2388,2388,2388,2388,2388,2388,2388,2388,2388,2388,2388,2388,2388,2388,2388,2388,2388,2388,2388,2388,2388,2388,2388,2388,2388,2388,2388,2388,2388,2388,2388,2388,2388,2388,2388,2388,2388,2388,2388,2388,2388,2388,2388,2388,2388,2388,2388,2388,2388,2388,2388,2388,2388,2388,2388,2388,2388,2388,2388,2388,2388,2388,2388,2388,2388,
size:29
[agent] id:18
path:2683,2576,2469,2362,2363,2364,2365,2366,2367,2368,2369,2370,2371,2264,2157,2158,2159,2160,2161,2162,2163,2164,2165,2166,2167,2168,2169,2170,2171,2172,2173,2174,2175,2176,2177,2178,2179,2180,2181,2182,2183,2184,2185,2186,2187,2188,2189,2190,2191,2192,2193,2194,2195,2195,2195,2195,2195,2195,2195,2195,2195,2195,2195,2195,2195,2195,2195,2195,2195,2195,2195,2195,2195,2195,2195,2195,2195,2195,2195,2195,2195,2195,
goal:2195,2195,2195,2195,2195,2195,2195,2195,2195,2195,2195,2195,2195,2195,2195,2195,2195,2195,2195,2195,2195,2195,2195,2195,2195,2195,2195,2195,2195,2195,2195,2195,2195,2195,2195,2195,2195,2195,2195,2195,2195,2195,2195,2195,2195,2195,2195,2195,2195,2195,2195,2195,2195,2195,2195,2195,2195,2195,2195,2195,2195,2195,2195,2195,2195,2195,2195,2195,2195,2195,2195,2195,2195,2195,2195,2195,2195,2195,2195,2195,2195,2195,
size:52
[agent] id:19
path:4138,4031,3924,3817,3710,3603,3602,3495,3388,3281,3174,3067,2960,2853,2746,2639,2532,2425,2318,2211,2104,1997,1890,1783,1676,1569,1462,1355,1248,1141,1034,927,820,821,822,823,824,824,824,824,824,824,824,824,824,824,824,824,824,824,824,824,824,824,824,824,824,824,824,824,824,824,824,824,824,824,824,824,824,824,824,824,824,824,824,824,824,824,824,824,824,824,
goal:824,824,824,824,824,824,824,824,824,824,824,824,824,824,824,824,824,824,824,824,824,824,824,824,824,824,824,824,824,824,824,824,824,824,824,824,824,824,824,824,824,824,824,824,824,824,824,824,824,824,824,824,824,824,824,824,824,824,824,824,824,824,824,824,824,824,824,824,824,824,824,824,824,824,824,824,824,824,824,824,824,824,
size:36
SolutionCost:883
