[setting] seed:75
[solver] type:ECBS
[solver] w:3.000000
[solver] ID:0
[solver] Lowlevelnode:21891
[solver] solved:1
[solver] elapsed:0
[solver] makespan:89
[problem] timesteplimit:10000
[problem] type:MAPF
[problem] agentnum:10
[graph] width:107
[graph] height:47
[graph] filename:./map/orz601d.map
[task] id:4,start:0,end:0,service time:0,nodes:2841,
[task] id:7,start:0,end:0,service time:0,nodes:2545,
[task] id:9,start:0,end:0,service time:0,nodes:2264,
[task] id:6,start:0,end:0,service time:0,nodes:2183,
[task] id:5,start:0,end:0,service time:0,nodes:1120,
[task] id:3,start:0,end:0,service time:0,nodes:3003,
[task] id:8,start:0,end:0,service time:0,nodes:1886,
[task] id:0,start:0,end:0,service time:0,nodes:2112,
[task] id:2,start:0,end:0,service time:0,nodes:2117,
[task] id:1,start:0,end:0,service time:0,nodes:2669,
[agent] id:0
path:1828,1935,2042,2043,2044,2045,2046,2153,2260,2367,2368,2369,2370,2371,2264,2157,2050,2051,2052,2053,2054,2055,2056,2057,2058,2059,2060,2061,2062,2063,2064,2065,2066,2067,2068,2069,2070,2071,2072,2073,2074,2075,2076,2077,2078,2079,2080,2081,2082,2083,2084,2085,2086,2087,2088,2089,2090,2091,2092,2093,2094,2095,2096,2097,2098,2099,2100,2101,2102,2103,2104,2105,2106,2107,2108,2109,2110,2111,2112,2112,2112,2112,2112,2112,2112,2112,2112,2112,2112,2112,
goal:2112,2112,2112,2112,2112,2112,2112,2112,2112,2112,2112,2112,2112,2112,2112,2112,2112,2112,2112,2112,2112,2112,2112,2112,2112,2112,2112,2112,2112,2112,2112,2112,2112,2112,2112,2112,2112,2112,2112,2112,2112,2112,2112,2112,2112,2112,2112,2112,2112,2112,2112,2112,2112,2112,2112,2112,2112,2112,2112,2112,2112,2112,2112,2112,2112,2112,2112,2112,2112,2112,2112,2112,2112,2112,2112,2112,2112,2112,2112,2112,2112,2112,2112,2112,2112,2112,2112,2112,2112,2112,
size:78
[agent] id:1
path:3228,3121,3014,2907,2800,2693,2586,2587,2588,2589,2590,2591,2592,2593,2594,2595,2596,2597,2598,2599,2600,2601,2602,2603,2604,2605,2606,2607,2608,2609,2610,2611,2612,2613,2614,2615,2616,2617,2618,2619,2620,2621,2622,2623,2624,2625,2626,2627,2628,2629,2630,2631,2632,2633,2634,2635,2636,2637,2638,2639,2640,2641,2642,2643,2644,2645,2646,2647,2648,2649,2650,2651,2652,2653,2654,2655,2656,2657,2658,2659,2660,2661,2662,2663,2664,2665,2666,2667,2668,2669,
goal:2669,2669,2669,2669,2669,2669,2669,2669,2669,2669,2669,2669,2669,2669,2669,2669,2669,2669,2669,2669,2669,2669,2669,2669,2669,2669,2669,2669,2669,2669,2669,2669,2669,2669,2669,2669,2669,2669,2669,2669,2669,2669,2669,2669,2669,2669,2669,2669,2669,2669,2669,2669,2669,2669,2669,2669,2669,2669,2669,2669,2669,2669,2669,2669,2669,2669,2669,2669,2669,2669,2669,2669,2669,2669,2669,2669,2669,2669,2669,2669,2669,2669,2669,2669,2669,2669,2669,2669,2669,2669,
size:89
[agent] id:2
path:3985,3878,3771,3770,3769,3768,3661,3554,3447,3340,3233,3126,3019,2912,2805,2698,2591,2484,2377,2270,2163,2056,2057,2058,2059,2060,2061,2062,2063,2064,2065,2066,2067,2068,2069,2070,2071,2072,2073,2074,2075,2076,2077,2078,2079,2080,2081,2082,2083,2084,2085,2086,2087,2088,2089,2090,2091,2092,2093,2094,2095,2096,2097,2098,2099,2100,2101,2102,2103,2104,2105,2106,2107,2108,2109,2110,2111,2112,2113,2114,2115,2116,2117,2117,2117,2117,2117,2117,2117,2117,
goal:2117,2117,2117,2117,2117,2117,2117,2117,2117,2117,2117,2117,2117,2117,2117,2117,2117,2117,2117,2117,2117,2117,2117,2117,2117,2117,2117,2117,2117,2117,2117,2117,2117,2117,2117,2117,2117,2117,2117,2117,2117,2117,2117,2117,2117,2117,2117,2117,2117,2117,2117,2117,2117,2117,2117,2117,2117,2117,2117,2117,2117,2117,2117,2117,2117,2117,2117,2117,2117,2117,2117,2117,2117,2117,2117,2117,2117,2117,2117,2117,2117,2117,2117,2117,2117,2117,2117,2117,2117,2117,
size:82
[agent] id:3
path:448,555,662,769,876,983,1090,1197,1304,1411,1412,1413,1520,1627,1734,1841,1948,2055,2162,2269,2376,2483,2482,2481,2480,2479,2478,2477,2476,2475,2474,2581,2688,2795,2902,3009,3008,3007,3006,3005,3004,3003,3003,3003,3003,3003,3003,3003,3003,3003,3003,3003,3003,3003,3003,3003,3003,3003,3003,3003,3003,3003,3003,3003,3003,3003,3003,3003,3003,3003,3003,3003,3003,3003,3003,3003,3003,3003,3003,3003,3003,3003,3003,3003,3003,3003,3003,3003,3003,3003,
goal:3003,3003,3003,3003,3003,3003,3003,3003,3003,3003,3003,3003,3003,3003,3003,3003,3003,3003,3003,3003,3003,3003,3003,3003,3003,3003,3003,3003,3003,3003,3003,3003,3003,3003,3003,3003,3003,3003,3003,3003,3003,3003,3003,3003,3003,3003,3003,3003,3003,3003,3003,3003,3003,3003,3003,3003,3003,3003,3003,3003,3003,3003,3003,3003,3003,3003,3003,3003,3003,3003,3003,3003,3003,3003,3003,3003,3003,3003,3003,3003,3003,3003,3003,3003,3003,3003,3003,3003,3003,3003,
size:41
[agent] id:4
path:2621,2728,2835,2836,2837,2838,2839,2840,2841,2841,2841,2841,2841,2841,2841,2841,2841,2841,2841,2841,2841,2841,2841,2841,2841,2841,2841,2841,2841,2841,2841,2841,2841,2841,2841,2841,2841,2841,2841,2841,2841,2841,2841,2841,2841,2841,2841,2841,2841,2841,2841,2841,2841,2841,2841,2841,2841,2841,2841,2841,2841,2841,2841,2841,2841,2841,2841,2841,2841,2841,2841,2841,2841,2841,2841,2841,2841,2841,2841,2841,2841,2841,2841,2841,2841,2841,2841,2841,2841,2841,
goal:2841,2841,2841,2841,2841,2841,2841,2841,2841,2841,2841,2841,2841,2841,2841,2841,2841,2841,2841,2841,2841,2841,2841,2841,2841,2841,2841,2841,2841,2841,2841,2841,2841,2841,2841,2841,2841,2841,2841,2841,2841,2841,2841,2841,2841,2841,2841,2841,2841,2841,2841,2841,2841,2841,2841,2841,2841,2841,2841,2841,2841,2841,2841,2841,2841,2841,2841,2841,2841,2841,2841,2841,2841,2841,2841,2841,2841,2841,2841,2841,2841,2841,2841,2841,2841,2841,2841,2841,2841,2841,
size:8
[agent] id:5
path:3028,2921,2814,2707,2600,2493,2386,2279,2172,2065,1958,1959,1960,1961,1962,1963,1964,1965,1966,1967,1860,1861,1862,1863,1864,1865,1758,1651,1544,1437,1330,1223,1116,1117,1118,1119,1120,1120,1120,1120,1120,1120,1120,1120,1120,1120,1120,1120,1120,1120,1120,1120,1120,1120,1120,1120,1120,1120,1120,1120,1120,1120,1120,1120,1120,1120,1120,1120,1120,1120,1120,1120,1120,1120,1120,1120,1120,1120,1120,1120,1120,1120,1120,1120,1120,1120,1120,1120,1120,1120,
goal:1120,1120,1120,1120,1120,1120,1120,1120,1120,1120,1120,1120,1120,1120,1120,1120,1120,1120,1120,1120,1120,1120,1120,1120,1120,1120,1120,1120,1120,1120,1120,1120,1120,1120,1120,1120,1120,1120,1120,1120,1120,1120,1120,1120,1120,1120,1120,1120,1120,1120,1120,1120,1120,1120,1120,1120,1120,1120,1120,1120,1120,1120,1120,1120,1120,1120,1120,1120,1120,1120,1120,1120,1120,1120,1120,1120,1120,1120,1120,1120,1120,1120,1120,1120,1120,1120,1120,1120,1120,1120,
size:36
[agent] id:6
path:2153,2260,2367,2368,2369,2370,2371,2264,2157,2158,2159,2160,2161,2162,2163,2164,2165,2166,2167,2168,2169,2170,2171,2172,2173,2174,2175,2176,2177,2178,2179,2180,2181,2182,2183,2183,2183,2183,2183,2183,2183,2183,2183,2183,2183,2183,2183,2183,2183,2183,2183,2183,2183,2183,2183,2183,2183,2183,2183,2183,2183,2183,2183,2183,2183,2183,2183,2183,2183,2183,2183,2183,2183,2183,2183,2183,2183,2183,2183,2183,2183,2183,2183,2183,2183,2183,2183,2183,2183,2183,
goal:2183,2183,2183,2183,2183,2183,2183,2183,2183,2183,2183,2183,2183,2183,2183,2183,2183,2183,2183,2183,2183,2183,2183,2183,2183,2183,2183,2183,2183,2183,2183,2183,2183,2183,2183,2183,2183,2183,2183,2183,2183,2183,2183,2183,2183,2183,2183,2183,2183,2183,2183,2183,2183,2183,2183,2183,2183,2183,2183,2183,2183,2183,2183,2183,2183,2183,2183,2183,2183,2183,2183,2183,2183,2183,2183,2183,2183,2183,2183,2183,2183,2183,2183,2183,2183,2183,2183,2183,2183,2183,
size:34
[agent] id:7
path:1999,2106,2213,2320,2427,2534,2535,2536,2537,2538,2539,2540,2541,2542,2543,2544,2545,2545,2545,2545,2545,2545,2545,2545,2545,2545,2545,2545,2545,2545,2545,2545,2545,2545,2545,2545,2545,2545,2545,2545,2545,2545,2545,2545,2545,2545,2545,2545,2545,2545,2545,2545,2545,2545,2545,2545,2545,2545,2545,2545,2545,2545,2545,2545,2545,2545,2545,2545,2545,2545,2545,2545,2545,2545,2545,2545,2545,2545,2545,2545,2545,2545,2545,2545,2545,2545,2545,2545,2545,2545,
goal:2545,2545,2545,2545,2545,2545,2545,2545,2545,2545,2545,2545,2545,2545,2545,2545,2545,2545,2545,2545,2545,2545,2545,2545,2545,2545,2545,2545,2545,2545,2545,2545,2545,2545,2545,2545,2545,2545,2545,2545,2545,2545,2545,2545,2545,2545,2545,2545,2545,2545,2545,2545,2545,2545,2545,2545,2545,2545,2545,2545,2545,2545,2545,2545,2545,2545,2545,2545,2545,2545,2545,2545,2545,2545,2545,2545,2545,2545,2545,2545,2545,2545,2545,2545,2545,2545,2545,2545,2545,2545,
size:16
[agent] id:8
path:1093,1200,1307,1414,1521,1628,1735,1842,1843,1844,1845,1846,1847,1954,1955,1956,1957,1958,1959,1960,1961,1962,1963,1964,1965,1966,1967,1968,1969,1970,1971,1972,1973,1974,1975,1976,1977,1978,1979,1980,1981,1982,1983,1984,1985,1986,1987,1988,1989,1990,1991,1884,1885,1886,1886,1886,1886,1886,1886,1886,1886,1886,1886,1886,1886,1886,1886,1886,1886,1886,1886,1886,1886,1886,1886,1886,1886,1886,1886,1886,1886,1886,1886,1886,1886,1886,1886,1886,1886,1886,
goal:1886,1886,1886,1886,1886,1886,1886,1886,1886,1886,1886,1886,1886,1886,1886,1886,1886,1886,1886,1886,1886,1886,1886,1886,1886,1886,1886,1886,1886,1886,1886,1886,1886,1886,1886,1886,1886,1886,1886,1886,1886,1886,1886,1886,1886,1886,1886,1886,1886,1886,1886,1886,1886,1886,1886,1886,1886,1886,1886,1886,1886,1886,1886,1886,1886,1886,1886,1886,1886,1886,1886,1886,1886,1886,1886,1886,1886,1886,1886,1886,1886,1886,1886,1886,1886,1886,1886,1886,1886,1886,
size:53
[agent] id:9
path:2074,2181,2288,2287,2286,2285,2284,2283,2282,2281,2280,2279,2278,2277,2276,2275,2274,2273,2272,2271,2270,2269,2268,2267,2266,2265,2264,2264,2264,2264,2264,2264,2264,2264,2264,2264,2264,2264,2264,2264,2264,2264,2264,2264,2264,2264,2264,2264,2264,2264,2264,2264,2264,2264,2264,2264,2264,2264,2264,2264,2264,2264,2264,2264,2264,2264,2264,2264,2264,2264,2264,2264,2264,2264,2264,2264,2264,2264,2264,2264,2264,2264,2264,2264,2264,2264,2264,2264,2264,2264,
goal:2264,2264,2264,2264,2264,2264,2264,2264,2264,2264,2264,2264,2264,2264,2264,2264,2264,2264,2264,2264,2264,2264,2264,2264,2264,2264,2264,2264,2264,2264,2264,2264,2264,2264,2264,2264,2264,2264,2264,2264,2264,2264,2264,2264,2264,2264,2264,2264,2264,2264,2264,2264,2264,2264,2264,2264,2264,2264,2264,2264,2264,2264,2264,2264,2264,2264,2264,2264,2264,2264,2264,2264,2264,2264,2264,2264,2264,2264,2264,2264,2264,2264,2264,2264,2264,2264,2264,2264,2264,2264,
size:26
SolutionCost:463
