[setting] seed:1
[solver] type:ECBS
[solver] w:3.000000
[solver] ID:0
[solver] Lowlevelnode:43369
[solver] solved:1
[solver] elapsed:745
[solver] makespan:89
[problem] timesteplimit:10000
[problem] type:MAPF
[problem] agentnum:30
[graph] width:107
[graph] height:47
[graph] filename:./map/orz601d.map
[task] id:1,start:0,end:0,service time:0,nodes:3112,
[task] id:3,start:0,end:0,service time:0,nodes:2696,
[task] id:19,start:0,end:0,service time:0,nodes:2731,
[task] id:9,start:0,end:0,service time:0,nodes:2697,
[task] id:6,start:0,end:0,service time:0,nodes:3339,
[task] id:0,start:0,end:0,service time:0,nodes:2524,
[task] id:20,start:0,end:0,service time:0,nodes:1013,
[task] id:5,start:0,end:0,service time:0,nodes:1309,
[task] id:21,start:0,end:0,service time:0,nodes:3661,
[task] id:27,start:0,end:0,service time:0,nodes:2411,
[task] id:28,start:0,end:0,service time:0,nodes:2076,
[task] id:8,start:0,end:0,service time:0,nodes:2559,
[task] id:12,start:0,end:0,service time:0,nodes:796,
[task] id:2,start:0,end:0,service time:0,nodes:2385,
[task] id:13,start:0,end:0,service time:0,nodes:2936,
[task] id:16,start:0,end:0,service time:0,nodes:4519,
[task] id:14,start:0,end:0,service time:0,nodes:2273,
[task] id:25,start:0,end:0,service time:0,nodes:1014,
[task] id:7,start:0,end:0,service time:0,nodes:2801,
[task] id:22,start:0,end:0,service time:0,nodes:2195,
[task] id:23,start:0,end:0,service time:0,nodes:903,
[task] id:11,start:0,end:0,service time:0,nodes:3055,
[task] id:26,start:0,end:0,service time:0,nodes:772,
[task] id:15,start:0,end:0,service time:0,nodes:3709,
[task] id:29,start:0,end:0,service time:0,nodes:2159,
[task] id:4,start:0,end:0,service time:0,nodes:4456,
[task] id:17,start:0,end:0,service time:0,nodes:663,
[task] id:24,start:0,end:0,service time:0,nodes:718,
[task] id:18,start:0,end:0,service time:0,nodes:4521,
[task] id:10,start:0,end:0,service time:0,nodes:4297,
[agent] id:0
path:2493,2494,2495,2496,2497,2498,2499,2500,2501,2502,2503,2504,2505,2506,2507,2508,2509,2510,2511,2512,2513,2514,2515,2516,2517,2518,2519,2520,2521,2522,2523,2524,2524,2524,2524,2524,2524,2524,2524,2524,2524,2524,2524,2524,2524,2524,2524,2524,2524,2524,2524,2524,2524,2524,2524,2524,2524,2524,2524,2524,2524,2524,2524,2524,2524,2524,2524,2524,2524,2524,2524,2524,2524,2524,2524,2524,2524,2524,2524,2524,2524,2524,2524,2524,2524,2524,2524,2524,2524,2524,
goal:2524,2524,2524,2524,2524,2524,2524,2524,2524,2524,2524,2524,2524,2524,2524,2524,2524,2524,2524,2524,2524,2524,2524,2524,2524,2524,2524,2524,2524,2524,2524,2524,2524,2524,2524,2524,2524,2524,2524,2524,2524,2524,2524,2524,2524,2524,2524,2524,2524,2524,2524,2524,2524,2524,2524,2524,2524,2524,2524,2524,2524,2524,2524,2524,2524,2524,2524,2524,2524,2524,2524,2524,2524,2524,2524,2524,2524,2524,2524,2524,2524,2524,2524,2524,2524,2524,2524,2524,2524,2524,
size:31
[agent] id:1
path:2898,3005,3112,3112,3112,3112,3112,3112,3112,3112,3112,3112,3112,3112,3112,3112,3112,3112,3112,3112,3112,3112,3112,3112,3112,3112,3112,3112,3112,3112,3112,3112,3112,3112,3112,3112,3112,3112,3112,3112,3112,3112,3112,3112,3112,3112,3112,3112,3112,3112,3112,3112,3112,3112,3112,3112,3112,3112,3112,3112,3112,3112,3112,3112,3112,3112,3112,3112,3112,3112,3112,3112,3112,3112,3112,3112,3112,3112,3112,3112,3112,3112,3112,3112,3112,3112,3112,3112,3112,3112,
goal:3112,3112,3112,3112,3112,3112,3112,3112,3112,3112,3112,3112,3112,3112,3112,3112,3112,3112,3112,3112,3112,3112,3112,3112,3112,3112,3112,3112,3112,3112,3112,3112,3112,3112,3112,3112,3112,3112,3112,3112,3112,3112,3112,3112,3112,3112,3112,3112,3112,3112,3112,3112,3112,3112,3112,3112,3112,3112,3112,3112,3112,3112,3112,3112,3112,3112,3112,3112,3112,3112,3112,3112,3112,3112,3112,3112,3112,3112,3112,3112,3112,3112,3112,3112,3112,3112,3112,3112,3112,3112,
size:2
[agent] id:2
path:2854,2747,2640,2533,2426,2425,2424,2423,2422,2421,2420,2419,2418,2417,2416,2415,2414,2413,2412,2411,2410,2409,2408,2407,2406,2405,2404,2403,2402,2401,2400,2399,2398,2397,2396,2395,2394,2393,2392,2391,2390,2389,2388,2387,2386,2385,2385,2385,2385,2385,2385,2385,2385,2385,2385,2385,2385,2385,2385,2385,2385,2385,2385,2385,2385,2385,2385,2385,2385,2385,2385,2385,2385,2385,2385,2385,2385,2385,2385,2385,2385,2385,2385,2385,2385,2385,2385,2385,2385,2385,
goal:2385,2385,2385,2385,2385,2385,2385,2385,2385,2385,2385,2385,2385,2385,2385,2385,2385,2385,2385,2385,2385,2385,2385,2385,2385,2385,2385,2385,2385,2385,2385,2385,2385,2385,2385,2385,2385,2385,2385,2385,2385,2385,2385,2385,2385,2385,2385,2385,2385,2385,2385,2385,2385,2385,2385,2385,2385,2385,2385,2385,2385,2385,2385,2385,2385,2385,2385,2385,2385,2385,2385,2385,2385,2385,2385,2385,2385,2385,2385,2385,2385,2385,2385,2385,2385,2385,2385,2385,2385,2385,
size:45
[agent] id:3
path:2586,2693,2694,2695,2696,2696,2696,2696,2696,2696,2696,2696,2696,2696,2696,2696,2696,2696,2696,2696,2696,2696,2696,2696,2696,2696,2696,2696,2696,2696,2696,2696,2696,2696,2696,2696,2696,2696,2696,2696,2696,2696,2696,2696,2696,2696,2696,2696,2696,2696,2696,2696,2696,2696,2696,2696,2696,2696,2696,2696,2696,2696,2696,2696,2696,2696,2696,2696,2696,2696,2696,2696,2696,2696,2696,2696,2696,2696,2696,2696,2696,2696,2696,2696,2696,2696,2696,2696,2696,2696,
goal:2696,2696,2696,2696,2696,2696,2696,2696,2696,2696,2696,2696,2696,2696,2696,2696,2696,2696,2696,2696,2696,2696,2696,2696,2696,2696,2696,2696,2696,2696,2696,2696,2696,2696,2696,2696,2696,2696,2696,2696,2696,2696,2696,2696,2696,2696,2696,2696,2696,2696,2696,2696,2696,2696,2696,2696,2696,2696,2696,2696,2696,2696,2696,2696,2696,2696,2696,2696,2696,2696,2696,2696,2696,2696,2696,2696,2696,2696,2696,2696,2696,2696,2696,2696,2696,2696,2696,2696,2696,2696,
size:4
[agent] id:4
path:4410,4303,4196,4089,3982,3875,3768,3661,3554,3447,3340,3233,3126,3019,3020,3021,3022,3023,3024,3025,2918,2919,2920,2921,2922,2923,2924,2925,2926,2927,2928,2929,2930,2931,2932,2933,2934,2935,3042,3043,3044,3045,3046,3047,3048,3049,3050,3051,3052,3053,3054,3055,3056,3057,3058,3059,3060,3061,3062,3169,3170,3171,3172,3173,3280,3387,3494,3601,3708,3815,3922,4029,4136,4243,4350,4457,4456,4456,4456,4456,4456,4456,4456,4456,4456,4456,4456,4456,4456,4456,
goal:4456,4456,4456,4456,4456,4456,4456,4456,4456,4456,4456,4456,4456,4456,4456,4456,4456,4456,4456,4456,4456,4456,4456,4456,4456,4456,4456,4456,4456,4456,4456,4456,4456,4456,4456,4456,4456,4456,4456,4456,4456,4456,4456,4456,4456,4456,4456,4456,4456,4456,4456,4456,4456,4456,4456,4456,4456,4456,4456,4456,4456,4456,4456,4456,4456,4456,4456,4456,4456,4456,4456,4456,4456,4456,4456,4456,4456,4456,4456,4456,4456,4456,4456,4456,4456,4456,4456,4456,4456,4456,
size:76
[agent] id:5
path:4084,3977,3870,3763,3764,3765,3766,3767,3660,3553,3446,3339,3232,3125,3018,2911,2804,2805,2698,2591,2484,2377,2270,2163,2056,1949,1842,1735,1628,1521,1414,1307,1308,1309,1309,1309,1309,1309,1309,1309,1309,1309,1309,1309,1309,1309,1309,1309,1309,1309,1309,1309,1309,1309,1309,1309,1309,1309,1309,1309,1309,1309,1309,1309,1309,1309,1309,1309,1309,1309,1309,1309,1309,1309,1309,1309,1309,1309,1309,1309,1309,1309,1309,1309,1309,1309,1309,1309,1309,1309,
goal:1309,1309,1309,1309,1309,1309,1309,1309,1309,1309,1309,1309,1309,1309,1309,1309,1309,1309,1309,1309,1309,1309,1309,1309,1309,1309,1309,1309,1309,1309,1309,1309,1309,1309,1309,1309,1309,1309,1309,1309,1309,1309,1309,1309,1309,1309,1309,1309,1309,1309,1309,1309,1309,1309,1309,1309,1309,1309,1309,1309,1309,1309,1309,1309,1309,1309,1309,1309,1309,1309,1309,1309,1309,1309,1309,1309,1309,1309,1309,1309,1309,1309,1309,1309,1309,1309,1309,1309,1309,1309,
size:33
[agent] id:6
path:2282,2389,2496,2603,2710,2817,2924,3031,3030,3029,3028,3027,3026,3025,3024,3131,3238,3345,3344,3343,3342,3341,3340,3339,3339,3339,3339,3339,3339,3339,3339,3339,3339,3339,3339,3339,3339,3339,3339,3339,3339,3339,3339,3339,3339,3339,3339,3339,3339,3339,3339,3339,3339,3339,3339,3339,3339,3339,3339,3339,3339,3339,3339,3339,3339,3339,3339,3339,3339,3339,3339,3339,3339,3339,3339,3339,3339,3339,3339,3339,3339,3339,3339,3339,3339,3339,3339,3339,3339,3339,
goal:3339,3339,3339,3339,3339,3339,3339,3339,3339,3339,3339,3339,3339,3339,3339,3339,3339,3339,3339,3339,3339,3339,3339,3339,3339,3339,3339,3339,3339,3339,3339,3339,3339,3339,3339,3339,3339,3339,3339,3339,3339,3339,3339,3339,3339,3339,3339,3339,3339,3339,3339,3339,3339,3339,3339,3339,3339,3339,3339,3339,3339,3339,3339,3339,3339,3339,3339,3339,3339,3339,3339,3339,3339,3339,3339,3339,3339,3339,3339,3339,3339,3339,3339,3339,3339,3339,3339,3339,3339,3339,
size:23
[agent] id:7
path:2101,2208,2315,2422,2529,2636,2743,2850,2849,2848,2847,2846,2845,2844,2843,2842,2841,2840,2839,2838,2837,2836,2835,2834,2833,2832,2831,2830,2829,2828,2827,2826,2825,2824,2823,2822,2821,2820,2819,2818,2817,2816,2815,2814,2813,2812,2811,2810,2809,2808,2807,2806,2805,2804,2803,2802,2801,2801,2801,2801,2801,2801,2801,2801,2801,2801,2801,2801,2801,2801,2801,2801,2801,2801,2801,2801,2801,2801,2801,2801,2801,2801,2801,2801,2801,2801,2801,2801,2801,2801,
goal:2801,2801,2801,2801,2801,2801,2801,2801,2801,2801,2801,2801,2801,2801,2801,2801,2801,2801,2801,2801,2801,2801,2801,2801,2801,2801,2801,2801,2801,2801,2801,2801,2801,2801,2801,2801,2801,2801,2801,2801,2801,2801,2801,2801,2801,2801,2801,2801,2801,2801,2801,2801,2801,2801,2801,2801,2801,2801,2801,2801,2801,2801,2801,2801,2801,2801,2801,2801,2801,2801,2801,2801,2801,2801,2801,2801,2801,2801,2801,2801,2801,2801,2801,2801,2801,2801,2801,2801,2801,2801,
size:56
[agent] id:8
path:1465,1464,1463,1462,1569,1676,1783,1890,1997,2104,2211,2318,2425,2532,2533,2534,2535,2536,2537,2538,2539,2540,2541,2542,2543,2544,2545,2546,2547,2548,2549,2550,2551,2552,2553,2554,2555,2556,2557,2558,2559,2559,2559,2559,2559,2559,2559,2559,2559,2559,2559,2559,2559,2559,2559,2559,2559,2559,2559,2559,2559,2559,2559,2559,2559,2559,2559,2559,2559,2559,2559,2559,2559,2559,2559,2559,2559,2559,2559,2559,2559,2559,2559,2559,2559,2559,2559,2559,2559,2559,
goal:2559,2559,2559,2559,2559,2559,2559,2559,2559,2559,2559,2559,2559,2559,2559,2559,2559,2559,2559,2559,2559,2559,2559,2559,2559,2559,2559,2559,2559,2559,2559,2559,2559,2559,2559,2559,2559,2559,2559,2559,2559,2559,2559,2559,2559,2559,2559,2559,2559,2559,2559,2559,2559,2559,2559,2559,2559,2559,2559,2559,2559,2559,2559,2559,2559,2559,2559,2559,2559,2559,2559,2559,2559,2559,2559,2559,2559,2559,2559,2559,2559,2559,2559,2559,2559,2559,2559,2559,2559,2559,
size:40
[agent] id:9
path:3772,3771,3770,3769,3768,3661,3554,3447,3340,3233,3126,3019,2912,2805,2698,2697,2697,2697,2697,2697,2697,2697,2697,2697,2697,2697,2697,2697,2697,2697,2697,2697,2697,2697,2697,2697,2697,2697,2697,2697,2697,2697,2697,2697,2697,2697,2697,2697,2697,2697,2697,2697,2697,2697,2697,2697,2697,2697,2697,2697,2697,2697,2697,2697,2697,2697,2697,2697,2697,2697,2697,2697,2697,2697,2697,2697,2697,2697,2697,2697,2697,2697,2697,2697,2697,2697,2697,2697,2697,2697,
goal:2697,2697,2697,2697,2697,2697,2697,2697,2697,2697,2697,2697,2697,2697,2697,2697,2697,2697,2697,2697,2697,2697,2697,2697,2697,2697,2697,2697,2697,2697,2697,2697,2697,2697,2697,2697,2697,2697,2697,2697,2697,2697,2697,2697,2697,2697,2697,2697,2697,2697,2697,2697,2697,2697,2697,2697,2697,2697,2697,2697,2697,2697,2697,2697,2697,2697,2697,2697,2697,2697,2697,2697,2697,2697,2697,2697,2697,2697,2697,2697,2697,2697,2697,2697,2697,2697,2697,2697,2697,2697,
size:15
[agent] id:10
path:2334,2441,2548,2547,2654,2761,2868,2867,2866,2865,2864,2863,2862,2861,2860,2859,2858,2857,2856,2855,2854,2853,2852,2851,2850,2849,2848,2847,2846,2845,2844,2843,2842,2841,2840,2839,2838,2837,2836,2835,2834,2833,2832,2831,2830,2829,2828,2935,3042,3041,3040,3039,3038,3037,3036,3035,3034,3033,3032,3031,3030,3029,3028,3027,3026,3025,3024,3131,3238,3345,3344,3343,3342,3341,3340,3447,3554,3553,3660,3767,3874,3981,4088,4195,4302,4301,4300,4299,4298,4297,
goal:4297,4297,4297,4297,4297,4297,4297,4297,4297,4297,4297,4297,4297,4297,4297,4297,4297,4297,4297,4297,4297,4297,4297,4297,4297,4297,4297,4297,4297,4297,4297,4297,4297,4297,4297,4297,4297,4297,4297,4297,4297,4297,4297,4297,4297,4297,4297,4297,4297,4297,4297,4297,4297,4297,4297,4297,4297,4297,4297,4297,4297,4297,4297,4297,4297,4297,4297,4297,4297,4297,4297,4297,4297,4297,4297,4297,4297,4297,4297,4297,4297,4297,4297,4297,4297,4297,4297,4297,4297,4297,
size:89
[agent] id:11
path:2792,2793,2794,2795,2688,2581,2474,2475,2476,2477,2478,2585,2692,2799,2906,3013,3014,3015,3016,3017,3018,3019,3020,3021,3022,3023,3024,3025,3026,3027,3028,3029,3030,3031,3032,3033,3034,3035,3036,3037,3038,3039,3040,3041,3042,3043,3044,3045,3046,3047,3048,3049,3050,3051,3052,3053,3054,3055,3055,3055,3055,3055,3055,3055,3055,3055,3055,3055,3055,3055,3055,3055,3055,3055,3055,3055,3055,3055,3055,3055,3055,3055,3055,3055,3055,3055,3055,3055,3055,3055,
goal:3055,3055,3055,3055,3055,3055,3055,3055,3055,3055,3055,3055,3055,3055,3055,3055,3055,3055,3055,3055,3055,3055,3055,3055,3055,3055,3055,3055,3055,3055,3055,3055,3055,3055,3055,3055,3055,3055,3055,3055,3055,3055,3055,3055,3055,3055,3055,3055,3055,3055,3055,3055,3055,3055,3055,3055,3055,3055,3055,3055,3055,3055,3055,3055,3055,3055,3055,3055,3055,3055,3055,3055,3055,3055,3055,3055,3055,3055,3055,3055,3055,3055,3055,3055,3055,3055,3055,3055,3055,3055,
size:57
[agent] id:12
path:3344,3237,3130,3023,2916,2809,2702,2595,2488,2381,2274,2167,2060,1953,1954,1955,1956,1957,1958,1959,1960,1961,1962,1963,1964,1965,1966,1967,1860,1861,1862,1863,1864,1865,1758,1651,1544,1437,1330,1223,1116,1009,902,795,796,796,796,796,796,796,796,796,796,796,796,796,796,796,796,796,796,796,796,796,796,796,796,796,796,796,796,796,796,796,796,796,796,796,796,796,796,796,796,796,796,796,796,796,796,796,
goal:796,796,796,796,796,796,796,796,796,796,796,796,796,796,796,796,796,796,796,796,796,796,796,796,796,796,796,796,796,796,796,796,796,796,796,796,796,796,796,796,796,796,796,796,796,796,796,796,796,796,796,796,796,796,796,796,796,796,796,796,796,796,796,796,796,796,796,796,796,796,796,796,796,796,796,796,796,796,796,796,796,796,796,796,796,796,796,796,796,796,
size:44
[agent] id:13
path:2360,2467,2468,2469,2470,2471,2472,2473,2474,2475,2476,2477,2478,2585,2692,2799,2906,2907,2908,2909,2910,2911,2912,2913,2914,2915,2916,2917,2918,2919,2920,2921,2922,2923,2924,2925,2926,2927,2928,2929,2930,2931,2932,2933,2934,2935,2936,2936,2936,2936,2936,2936,2936,2936,2936,2936,2936,2936,2936,2936,2936,2936,2936,2936,2936,2936,2936,2936,2936,2936,2936,2936,2936,2936,2936,2936,2936,2936,2936,2936,2936,2936,2936,2936,2936,2936,2936,2936,2936,2936,
goal:2936,2936,2936,2936,2936,2936,2936,2936,2936,2936,2936,2936,2936,2936,2936,2936,2936,2936,2936,2936,2936,2936,2936,2936,2936,2936,2936,2936,2936,2936,2936,2936,2936,2936,2936,2936,2936,2936,2936,2936,2936,2936,2936,2936,2936,2936,2936,2936,2936,2936,2936,2936,2936,2936,2936,2936,2936,2936,2936,2936,2936,2936,2936,2936,2936,2936,2936,2936,2936,2936,2936,2936,2936,2936,2936,2936,2936,2936,2936,2936,2936,2936,2936,2936,2936,2936,2936,2936,2936,2936,
size:46
[agent] id:14
path:2428,2321,2320,2319,2318,2317,2316,2315,2314,2313,2312,2311,2310,2309,2308,2307,2306,2305,2304,2303,2302,2301,2300,2299,2298,2297,2296,2295,2294,2293,2292,2291,2290,2289,2288,2287,2286,2285,2284,2283,2282,2281,2280,2279,2278,2277,2276,2275,2274,2273,2273,2273,2273,2273,2273,2273,2273,2273,2273,2273,2273,2273,2273,2273,2273,2273,2273,2273,2273,2273,2273,2273,2273,2273,2273,2273,2273,2273,2273,2273,2273,2273,2273,2273,2273,2273,2273,2273,2273,2273,
goal:2273,2273,2273,2273,2273,2273,2273,2273,2273,2273,2273,2273,2273,2273,2273,2273,2273,2273,2273,2273,2273,2273,2273,2273,2273,2273,2273,2273,2273,2273,2273,2273,2273,2273,2273,2273,2273,2273,2273,2273,2273,2273,2273,2273,2273,2273,2273,2273,2273,2273,2273,2273,2273,2273,2273,2273,2273,2273,2273,2273,2273,2273,2273,2273,2273,2273,2273,2273,2273,2273,2273,2273,2273,2273,2273,2273,2273,2273,2273,2273,2273,2273,2273,2273,2273,2273,2273,2273,2273,2273,
size:49
[agent] id:15
path:3774,3773,3772,3771,3770,3769,3769,3768,3661,3554,3447,3340,3233,3126,3019,3020,3021,3022,3023,3024,3025,2918,2919,2920,2921,2922,2923,2924,2925,2926,2927,2928,2929,2930,2931,2932,2933,2934,2935,3042,3043,3044,3045,3046,3047,3048,3049,3050,3051,3052,3053,3054,3055,3056,3057,3058,3059,3060,3061,3062,3169,3170,3171,3172,3173,3280,3387,3494,3601,3708,3709,3709,3709,3709,3709,3709,3709,3709,3709,3709,3709,3709,3709,3709,3709,3709,3709,3709,3709,3709,
goal:3709,3709,3709,3709,3709,3709,3709,3709,3709,3709,3709,3709,3709,3709,3709,3709,3709,3709,3709,3709,3709,3709,3709,3709,3709,3709,3709,3709,3709,3709,3709,3709,3709,3709,3709,3709,3709,3709,3709,3709,3709,3709,3709,3709,3709,3709,3709,3709,3709,3709,3709,3709,3709,3709,3709,3709,3709,3709,3709,3709,3709,3709,3709,3709,3709,3709,3709,3709,3709,3709,3709,3709,3709,3709,3709,3709,3709,3709,3709,3709,3709,3709,3709,3709,3709,3709,3709,3709,3709,3709,
size:70
[agent] id:16
path:2077,2184,2291,2398,2505,2612,2719,2826,2933,3040,3039,3038,3037,3036,3035,3034,3033,3032,3031,3030,3029,3028,3027,3026,3025,3024,3131,3238,3345,3344,3343,3342,3341,3340,3447,3554,3553,3660,3767,3874,3981,4088,4195,4302,4409,4410,4411,4412,4519,4519,4519,4519,4519,4519,4519,4519,4519,4519,4519,4519,4519,4519,4519,4519,4519,4519,4519,4519,4519,4519,4519,4519,4519,4519,4519,4519,4519,4519,4519,4519,4519,4519,4519,4519,4519,4519,4519,4519,4519,4519,
goal:4519,4519,4519,4519,4519,4519,4519,4519,4519,4519,4519,4519,4519,4519,4519,4519,4519,4519,4519,4519,4519,4519,4519,4519,4519,4519,4519,4519,4519,4519,4519,4519,4519,4519,4519,4519,4519,4519,4519,4519,4519,4519,4519,4519,4519,4519,4519,4519,4519,4519,4519,4519,4519,4519,4519,4519,4519,4519,4519,4519,4519,4519,4519,4519,4519,4519,4519,4519,4519,4519,4519,4519,4519,4519,4519,4519,4519,4519,4519,4519,4519,4519,4519,4519,4519,4519,4519,4519,4519,4519,
size:48
[agent] id:17
path:931,1038,1145,1252,1359,1466,1465,1464,1463,1462,1569,1676,1783,1890,1997,1996,1995,1994,1993,1992,1991,1990,1989,1988,1987,1986,1985,1984,1983,1982,1981,1980,1979,1978,1977,1976,1975,1974,1973,1972,1971,1970,1969,1968,1967,1966,1965,1964,1963,1962,1961,1960,1959,1958,1957,1956,1955,1954,1847,1846,1845,1844,1843,1842,1735,1628,1521,1414,1307,1200,1093,986,879,878,771,664,663,663,663,663,663,663,663,663,663,663,663,663,663,663,
goal:663,663,663,663,663,663,663,663,663,663,663,663,663,663,663,663,663,663,663,663,663,663,663,663,663,663,663,663,663,663,663,663,663,663,663,663,663,663,663,663,663,663,663,663,663,663,663,663,663,663,663,663,663,663,663,663,663,663,663,663,663,663,663,663,663,663,663,663,663,663,663,663,663,663,663,663,663,663,663,663,663,663,663,663,663,663,663,663,663,663,
size:76
[agent] id:18
path:4032,3925,3818,3711,3604,3603,3602,3495,3388,3281,3174,3067,3066,3065,3064,3063,3062,3061,3060,3059,3058,3057,3056,3055,3054,3053,3052,3051,3050,3049,3048,3047,3046,3045,3044,3043,3042,3041,3040,3039,3039,2932,3039,3038,3037,3036,3035,3034,3033,3032,3031,3030,3029,3028,3027,3026,3025,3024,3131,3238,3345,3344,3343,3342,3341,3340,3447,3554,3553,3660,3767,3874,3981,4088,4195,4302,4409,4410,4411,4412,4413,4520,4521,4521,4521,4521,4521,4521,4521,4521,
goal:4521,4521,4521,4521,4521,4521,4521,4521,4521,4521,4521,4521,4521,4521,4521,4521,4521,4521,4521,4521,4521,4521,4521,4521,4521,4521,4521,4521,4521,4521,4521,4521,4521,4521,4521,4521,4521,4521,4521,4521,4521,4521,4521,4521,4521,4521,4521,4521,4521,4521,4521,4521,4521,4521,4521,4521,4521,4521,4521,4521,4521,4521,4521,4521,4521,4521,4521,4521,4521,4521,4521,4521,4521,4521,4521,4521,4521,4521,4521,4521,4521,4521,4521,4521,4521,4521,4521,4521,4521,4521,
size:82
[agent] id:19
path:2298,2405,2512,2619,2726,2727,2728,2729,2730,2731,2731,2731,2731,2731,2731,2731,2731,2731,2731,2731,2731,2731,2731,2731,2731,2731,2731,2731,2731,2731,2731,2731,2731,2731,2731,2731,2731,2731,2731,2731,2731,2731,2731,2731,2731,2731,2731,2731,2731,2731,2731,2731,2731,2731,2731,2731,2731,2731,2731,2731,2731,2731,2731,2731,2731,2731,2731,2731,2731,2731,2731,2731,2731,2731,2731,2731,2731,2731,2731,2731,2731,2731,2731,2731,2731,2731,2731,2731,2731,2731,
goal:2731,2731,2731,2731,2731,2731,2731,2731,2731,2731,2731,2731,2731,2731,2731,2731,2731,2731,2731,2731,2731,2731,2731,2731,2731,2731,2731,2731,2731,2731,2731,2731,2731,2731,2731,2731,2731,2731,2731,2731,2731,2731,2731,2731,2731,2731,2731,2731,2731,2731,2731,2731,2731,2731,2731,2731,2731,2731,2731,2731,2731,2731,2731,2731,2731,2731,2731,2731,2731,2731,2731,2731,2731,2731,2731,2731,2731,2731,2731,2731,2731,2731,2731,2731,2731,2731,2731,2731,2731,2731,
size:9
[agent] id:20
path:1953,1954,1955,1956,1957,1958,1959,1960,1961,1962,1963,1964,1965,1966,1967,1860,1861,1862,1863,1864,1865,1758,1651,1544,1437,1330,1223,1116,1009,1010,1011,1012,1013,1013,1013,1013,1013,1013,1013,1013,1013,1013,1013,1013,1013,1013,1013,1013,1013,1013,1013,1013,1013,1013,1013,1013,1013,1013,1013,1013,1013,1013,1013,1013,1013,1013,1013,1013,1013,1013,1013,1013,1013,1013,1013,1013,1013,1013,1013,1013,1013,1013,1013,1013,1013,1013,1013,1013,1013,1013,
goal:1013,1013,1013,1013,1013,1013,1013,1013,1013,1013,1013,1013,1013,1013,1013,1013,1013,1013,1013,1013,1013,1013,1013,1013,1013,1013,1013,1013,1013,1013,1013,1013,1013,1013,1013,1013,1013,1013,1013,1013,1013,1013,1013,1013,1013,1013,1013,1013,1013,1013,1013,1013,1013,1013,1013,1013,1013,1013,1013,1013,1013,1013,1013,1013,1013,1013,1013,1013,1013,1013,1013,1013,1013,1013,1013,1013,1013,1013,1013,1013,1013,1013,1013,1013,1013,1013,1013,1013,1013,1013,
size:32
[agent] id:21
path:2398,2505,2612,2719,2826,2933,3040,3039,3038,3037,3036,3035,3034,3033,3032,3031,3030,3029,3028,3027,3026,3025,3024,3131,3238,3345,3344,3343,3342,3341,3340,3447,3554,3661,3661,3661,3661,3661,3661,3661,3661,3661,3661,3661,3661,3661,3661,3661,3661,3661,3661,3661,3661,3661,3661,3661,3661,3661,3661,3661,3661,3661,3661,3661,3661,3661,3661,3661,3661,3661,3661,3661,3661,3661,3661,3661,3661,3661,3661,3661,3661,3661,3661,3661,3661,3661,3661,3661,3661,3661,
goal:3661,3661,3661,3661,3661,3661,3661,3661,3661,3661,3661,3661,3661,3661,3661,3661,3661,3661,3661,3661,3661,3661,3661,3661,3661,3661,3661,3661,3661,3661,3661,3661,3661,3661,3661,3661,3661,3661,3661,3661,3661,3661,3661,3661,3661,3661,3661,3661,3661,3661,3661,3661,3661,3661,3661,3661,3661,3661,3661,3661,3661,3661,3661,3661,3661,3661,3661,3661,3661,3661,3661,3661,3661,3661,3661,3661,3661,3661,3661,3661,3661,3661,3661,3661,3661,3661,3661,3661,3661,3661,
size:33
[agent] id:22
path:2679,2572,2465,2358,2359,2360,2361,2362,2363,2364,2365,2366,2367,2368,2369,2370,2371,2264,2157,2158,2159,2160,2161,2162,2163,2164,2165,2166,2167,2168,2169,2170,2171,2172,2173,2174,2175,2176,2177,2178,2179,2180,2181,2182,2183,2184,2185,2186,2187,2188,2189,2190,2191,2192,2193,2194,2195,2195,2195,2195,2195,2195,2195,2195,2195,2195,2195,2195,2195,2195,2195,2195,2195,2195,2195,2195,2195,2195,2195,2195,2195,2195,2195,2195,2195,2195,2195,2195,2195,2195,
goal:2195,2195,2195,2195,2195,2195,2195,2195,2195,2195,2195,2195,2195,2195,2195,2195,2195,2195,2195,2195,2195,2195,2195,2195,2195,2195,2195,2195,2195,2195,2195,2195,2195,2195,2195,2195,2195,2195,2195,2195,2195,2195,2195,2195,2195,2195,2195,2195,2195,2195,2195,2195,2195,2195,2195,2195,2195,2195,2195,2195,2195,2195,2195,2195,2195,2195,2195,2195,2195,2195,2195,2195,2195,2195,2195,2195,2195,2195,2195,2195,2195,2195,2195,2195,2195,2195,2195,2195,2195,2195,
size:56
[agent] id:23
path:4349,4242,4135,4028,3921,3814,3707,3600,3601,3494,3387,3280,3173,3066,2959,2852,2745,2638,2531,2424,2317,2210,2103,1996,1995,1994,1993,1992,1991,1990,1989,1988,1987,1986,1985,1984,1983,1982,1981,1980,1979,1978,1871,1870,1869,1868,1867,1866,1759,1652,1545,1438,1331,1224,1117,1010,903,903,903,903,903,903,903,903,903,903,903,903,903,903,903,903,903,903,903,903,903,903,903,903,903,903,903,903,903,903,903,903,903,903,
goal:903,903,903,903,903,903,903,903,903,903,903,903,903,903,903,903,903,903,903,903,903,903,903,903,903,903,903,903,903,903,903,903,903,903,903,903,903,903,903,903,903,903,903,903,903,903,903,903,903,903,903,903,903,903,903,903,903,903,903,903,903,903,903,903,903,903,903,903,903,903,903,903,903,903,903,903,903,903,903,903,903,903,903,903,903,903,903,903,903,903,
size:56
[agent] id:24
path:1092,1199,1306,1413,1520,1627,1734,1841,1842,1843,1844,1845,1846,1847,1847,1954,1955,1956,1957,1958,1959,1960,1961,1962,1963,1964,1965,1966,1967,1968,1969,1970,1971,1864,1865,1866,1867,1868,1975,1976,1977,1977,1978,1979,1980,1981,1982,1983,1984,1985,1986,1987,1988,1989,1990,1991,1884,1885,1886,1887,1888,1889,1782,1675,1568,1461,1354,1247,1140,1033,926,819,712,713,714,715,716,717,718,718,718,718,718,718,718,718,718,718,718,718,
goal:718,718,718,718,718,718,718,718,718,718,718,718,718,718,718,718,718,718,718,718,718,718,718,718,718,718,718,718,718,718,718,718,718,718,718,718,718,718,718,718,718,718,718,718,718,718,718,718,718,718,718,718,718,718,718,718,718,718,718,718,718,718,718,718,718,718,718,718,718,718,718,718,718,718,718,718,718,718,718,718,718,718,718,718,718,718,718,718,718,718,
size:78
[agent] id:25
path:2580,2473,2366,2367,2368,2369,2370,2371,2264,2157,2050,1943,1944,1945,1946,1947,1948,1949,1950,1951,1952,1953,1954,1955,1956,1957,1958,1959,1960,1961,1962,1963,1964,1965,1966,1967,1860,1861,1862,1863,1864,1865,1758,1651,1544,1437,1330,1223,1116,1117,1118,1119,1120,1121,1014,1014,1014,1014,1014,1014,1014,1014,1014,1014,1014,1014,1014,1014,1014,1014,1014,1014,1014,1014,1014,1014,1014,1014,1014,1014,1014,1014,1014,1014,1014,1014,1014,1014,1014,1014,
goal:1014,1014,1014,1014,1014,1014,1014,1014,1014,1014,1014,1014,1014,1014,1014,1014,1014,1014,1014,1014,1014,1014,1014,1014,1014,1014,1014,1014,1014,1014,1014,1014,1014,1014,1014,1014,1014,1014,1014,1014,1014,1014,1014,1014,1014,1014,1014,1014,1014,1014,1014,1014,1014,1014,1014,1014,1014,1014,1014,1014,1014,1014,1014,1014,1014,1014,1014,1014,1014,1014,1014,1014,1014,1014,1014,1014,1014,1014,1014,1014,1014,1014,1014,1014,1014,1014,1014,1014,1014,1014,
size:54
[agent] id:26
path:2110,2003,2002,2001,2000,1999,1998,1997,1996,1995,1994,1993,1992,1991,1990,1989,1988,1987,1986,1985,1984,1983,1982,1981,1980,1979,1978,1977,1976,1975,1974,1973,1972,1971,1970,1969,1968,1967,1966,1965,1964,1963,1962,1961,1960,1959,1958,1957,1956,1955,1954,1847,1846,1845,1844,1843,1842,1735,1628,1521,1414,1307,1200,1093,986,879,772,772,772,772,772,772,772,772,772,772,772,772,772,772,772,772,772,772,772,772,772,772,772,772,
goal:772,772,772,772,772,772,772,772,772,772,772,772,772,772,772,772,772,772,772,772,772,772,772,772,772,772,772,772,772,772,772,772,772,772,772,772,772,772,772,772,772,772,772,772,772,772,772,772,772,772,772,772,772,772,772,772,772,772,772,772,772,772,772,772,772,772,772,772,772,772,772,772,772,772,772,772,772,772,772,772,772,772,772,772,772,772,772,772,772,772,
size:66
[agent] id:27
path:2013,2120,2227,2334,2441,2440,2439,2438,2437,2436,2435,2434,2433,2432,2431,2430,2429,2428,2427,2426,2425,2424,2423,2422,2421,2420,2419,2418,2417,2416,2415,2414,2413,2412,2411,2411,2411,2411,2411,2411,2411,2411,2411,2411,2411,2411,2411,2411,2411,2411,2411,2411,2411,2411,2411,2411,2411,2411,2411,2411,2411,2411,2411,2411,2411,2411,2411,2411,2411,2411,2411,2411,2411,2411,2411,2411,2411,2411,2411,2411,2411,2411,2411,2411,2411,2411,2411,2411,2411,2411,
goal:2411,2411,2411,2411,2411,2411,2411,2411,2411,2411,2411,2411,2411,2411,2411,2411,2411,2411,2411,2411,2411,2411,2411,2411,2411,2411,2411,2411,2411,2411,2411,2411,2411,2411,2411,2411,2411,2411,2411,2411,2411,2411,2411,2411,2411,2411,2411,2411,2411,2411,2411,2411,2411,2411,2411,2411,2411,2411,2411,2411,2411,2411,2411,2411,2411,2411,2411,2411,2411,2411,2411,2411,2411,2411,2411,2411,2411,2411,2411,2411,2411,2411,2411,2411,2411,2411,2411,2411,2411,2411,
size:34
[agent] id:28
path:2856,2749,2642,2535,2428,2321,2214,2107,2106,2105,2104,2103,2102,2101,2100,2099,2098,2097,2096,2095,2094,2093,2092,2091,2090,2089,2088,2087,2086,2085,2084,2083,2082,2081,2080,2079,2078,2077,2076,2076,2076,2076,2076,2076,2076,2076,2076,2076,2076,2076,2076,2076,2076,2076,2076,2076,2076,2076,2076,2076,2076,2076,2076,2076,2076,2076,2076,2076,2076,2076,2076,2076,2076,2076,2076,2076,2076,2076,2076,2076,2076,2076,2076,2076,2076,2076,2076,2076,2076,2076,
goal:2076,2076,2076,2076,2076,2076,2076,2076,2076,2076,2076,2076,2076,2076,2076,2076,2076,2076,2076,2076,2076,2076,2076,2076,2076,2076,2076,2076,2076,2076,2076,2076,2076,2076,2076,2076,2076,2076,2076,2076,2076,2076,2076,2076,2076,2076,2076,2076,2076,2076,2076,2076,2076,2076,2076,2076,2076,2076,2076,2076,2076,2076,2076,2076,2076,2076,2076,2076,2076,2076,2076,2076,2076,2076,2076,2076,2076,2076,2076,2076,2076,2076,2076,2076,2076,2076,2076,2076,2076,2076,
size:38
[agent] id:29
path:2869,2762,2655,2654,2653,2652,2651,2650,2649,2648,2647,2646,2645,2644,2643,2642,2641,2640,2639,2638,2637,2636,2635,2634,2633,2632,2631,2630,2629,2628,2521,2520,2519,2518,2517,2410,2303,2302,2301,2300,2299,2298,2297,2296,2295,2294,2293,2292,2185,2184,2183,2182,2181,2180,2179,2178,2177,2176,2175,2174,2173,2172,2171,2170,2169,2168,2167,2166,2165,2164,2163,2162,2161,2160,2159,2159,2159,2159,2159,2159,2159,2159,2159,2159,2159,2159,2159,2159,2159,2159,
goal:2159,2159,2159,2159,2159,2159,2159,2159,2159,2159,2159,2159,2159,2159,2159,2159,2159,2159,2159,2159,2159,2159,2159,2159,2159,2159,2159,2159,2159,2159,2159,2159,2159,2159,2159,2159,2159,2159,2159,2159,2159,2159,2159,2159,2159,2159,2159,2159,2159,2159,2159,2159,2159,2159,2159,2159,2159,2159,2159,2159,2159,2159,2159,2159,2159,2159,2159,2159,2159,2159,2159,2159,2159,2159,2159,2159,2159,2159,2159,2159,2159,2159,2159,2159,2159,2159,2159,2159,2159,2159,
size:74
SolutionCost:1416
