[setting] seed:68
[solver] type:ECBS
[solver] w:3.000000
[solver] ID:0
[solver] Lowlevelnode:42431
[solver] solved:1
[solver] elapsed:166
[solver] makespan:101
[problem] timesteplimit:10000
[problem] type:MAPF
[problem] agentnum:30
[graph] width:107
[graph] height:47
[graph] filename:./map/orz601d.map
[task] id:5,start:0,end:0,service time:0,nodes:2756,
[task] id:12,start:0,end:0,service time:0,nodes:2271,
[task] id:3,start:0,end:0,service time:0,nodes:2623,
[task] id:19,start:0,end:0,service time:0,nodes:3977,
[task] id:17,start:0,end:0,service time:0,nodes:662,
[task] id:28,start:0,end:0,service time:0,nodes:2213,
[task] id:24,start:0,end:0,service time:0,nodes:2387,
[task] id:4,start:0,end:0,service time:0,nodes:2428,
[task] id:9,start:0,end:0,service time:0,nodes:1976,
[task] id:25,start:0,end:0,service time:0,nodes:1809,
[task] id:16,start:0,end:0,service time:0,nodes:2531,
[task] id:13,start:0,end:0,service time:0,nodes:2934,
[task] id:0,start:0,end:0,service time:0,nodes:1203,
[task] id:10,start:0,end:0,service time:0,nodes:1903,
[task] id:18,start:0,end:0,service time:0,nodes:3025,
[task] id:6,start:0,end:0,service time:0,nodes:1248,
[task] id:11,start:0,end:0,service time:0,nodes:2593,
[task] id:21,start:0,end:0,service time:0,nodes:3024,
[task] id:15,start:0,end:0,service time:0,nodes:3138,
[task] id:23,start:0,end:0,service time:0,nodes:1217,
[task] id:29,start:0,end:0,service time:0,nodes:3068,
[task] id:14,start:0,end:0,service time:0,nodes:2493,
[task] id:7,start:0,end:0,service time:0,nodes:2092,
[task] id:8,start:0,end:0,service time:0,nodes:3766,
[task] id:26,start:0,end:0,service time:0,nodes:2840,
[task] id:2,start:0,end:0,service time:0,nodes:3079,
[task] id:22,start:0,end:0,service time:0,nodes:3228,
[task] id:27,start:0,end:0,service time:0,nodes:4082,
[task] id:20,start:0,end:0,service time:0,nodes:4248,
[task] id:1,start:0,end:0,service time:0,nodes:2144,
[agent] id:0
path:2079,1972,1971,1970,1969,1968,1967,1966,1965,1964,1963,1962,1961,1960,1959,1958,1957,1956,1955,1954,1847,1846,1845,1844,1843,1842,1735,1628,1521,1414,1307,1200,1201,1202,1203,1203,1203,1203,1203,1203,1203,1203,1203,1203,1203,1203,1203,1203,1203,1203,1203,1203,1203,1203,1203,1203,1203,1203,1203,1203,1203,1203,1203,1203,1203,1203,1203,1203,1203,1203,1203,1203,1203,1203,1203,1203,1203,1203,1203,1203,1203,1203,1203,1203,1203,1203,1203,1203,1203,1203,1203,1203,1203,1203,1203,1203,1203,1203,1203,1203,1203,1203,
goal:1203,1203,1203,1203,1203,1203,1203,1203,1203,1203,1203,1203,1203,1203,1203,1203,1203,1203,1203,1203,1203,1203,1203,1203,1203,1203,1203,1203,1203,1203,1203,1203,1203,1203,1203,1203,1203,1203,1203,1203,1203,1203,1203,1203,1203,1203,1203,1203,1203,1203,1203,1203,1203,1203,1203,1203,1203,1203,1203,1203,1203,1203,1203,1203,1203,1203,1203,1203,1203,1203,1203,1203,1203,1203,1203,1203,1203,1203,1203,1203,1203,1203,1203,1203,1203,1203,1203,1203,1203,1203,1203,1203,1203,1203,1203,1203,1203,1203,1203,1203,1203,1203,
size:34
[agent] id:1
path:2773,2666,2559,2558,2557,2556,2555,2554,2553,2552,2551,2550,2549,2548,2547,2546,2545,2544,2543,2542,2541,2540,2539,2538,2537,2536,2535,2534,2427,2426,2425,2424,2423,2422,2421,2420,2419,2418,2417,2416,2415,2414,2413,2412,2411,2410,2409,2408,2407,2406,2405,2404,2403,2402,2401,2400,2399,2398,2397,2396,2395,2394,2393,2392,2391,2390,2389,2388,2281,2280,2279,2386,2385,2384,2383,2382,2381,2380,2379,2378,2377,2376,2375,2374,2373,2372,2371,2370,2369,2368,2367,2260,2153,2152,2151,2150,2149,2148,2147,2146,2145,2144,
goal:2144,2144,2144,2144,2144,2144,2144,2144,2144,2144,2144,2144,2144,2144,2144,2144,2144,2144,2144,2144,2144,2144,2144,2144,2144,2144,2144,2144,2144,2144,2144,2144,2144,2144,2144,2144,2144,2144,2144,2144,2144,2144,2144,2144,2144,2144,2144,2144,2144,2144,2144,2144,2144,2144,2144,2144,2144,2144,2144,2144,2144,2144,2144,2144,2144,2144,2144,2144,2144,2144,2144,2144,2144,2144,2144,2144,2144,2144,2144,2144,2144,2144,2144,2144,2144,2144,2144,2144,2144,2144,2144,2144,2144,2144,2144,2144,2144,2144,2144,2144,2144,2144,
size:101
[agent] id:2
path:2806,2913,2914,2915,2916,2917,2918,2919,2920,2921,2922,2923,2924,2925,2926,2927,2928,2929,2930,2931,2932,2933,2934,2935,2936,2937,2938,2939,3046,2939,2940,2941,2942,2943,2944,2945,2946,2947,2948,2949,2950,2951,2952,2953,2954,2955,2956,2957,2958,2959,2960,2961,2962,3069,3070,3071,3072,3073,3074,3075,3076,3077,3078,3079,3079,3079,3079,3079,3079,3079,3079,3079,3079,3079,3079,3079,3079,3079,3079,3079,3079,3079,3079,3079,3079,3079,3079,3079,3079,3079,3079,3079,3079,3079,3079,3079,3079,3079,3079,3079,3079,3079,
goal:3079,3079,3079,3079,3079,3079,3079,3079,3079,3079,3079,3079,3079,3079,3079,3079,3079,3079,3079,3079,3079,3079,3079,3079,3079,3079,3079,3079,3079,3079,3079,3079,3079,3079,3079,3079,3079,3079,3079,3079,3079,3079,3079,3079,3079,3079,3079,3079,3079,3079,3079,3079,3079,3079,3079,3079,3079,3079,3079,3079,3079,3079,3079,3079,3079,3079,3079,3079,3079,3079,3079,3079,3079,3079,3079,3079,3079,3079,3079,3079,3079,3079,3079,3079,3079,3079,3079,3079,3079,3079,3079,3079,3079,3079,3079,3079,3079,3079,3079,3079,3079,3079,
size:63
[agent] id:3
path:2294,2401,2508,2615,2616,2617,2618,2619,2620,2621,2622,2623,2623,2623,2623,2623,2623,2623,2623,2623,2623,2623,2623,2623,2623,2623,2623,2623,2623,2623,2623,2623,2623,2623,2623,2623,2623,2623,2623,2623,2623,2623,2623,2623,2623,2623,2623,2623,2623,2623,2623,2623,2623,2623,2623,2623,2623,2623,2623,2623,2623,2623,2623,2623,2623,2623,2623,2623,2623,2623,2623,2623,2623,2623,2623,2623,2623,2623,2623,2623,2623,2623,2623,2623,2623,2623,2623,2623,2623,2623,2623,2623,2623,2623,2623,2623,2623,2623,2623,2623,2623,2623,
goal:2623,2623,2623,2623,2623,2623,2623,2623,2623,2623,2623,2623,2623,2623,2623,2623,2623,2623,2623,2623,2623,2623,2623,2623,2623,2623,2623,2623,2623,2623,2623,2623,2623,2623,2623,2623,2623,2623,2623,2623,2623,2623,2623,2623,2623,2623,2623,2623,2623,2623,2623,2623,2623,2623,2623,2623,2623,2623,2623,2623,2623,2623,2623,2623,2623,2623,2623,2623,2623,2623,2623,2623,2623,2623,2623,2623,2623,2623,2623,2623,2623,2623,2623,2623,2623,2623,2623,2623,2623,2623,2623,2623,2623,2623,2623,2623,2623,2623,2623,2623,2623,2623,
size:11
[agent] id:4
path:2942,2835,2728,2621,2514,2407,2408,2409,2410,2411,2412,2413,2414,2415,2416,2417,2418,2419,2420,2421,2422,2423,2424,2425,2426,2427,2428,2428,2428,2428,2428,2428,2428,2428,2428,2428,2428,2428,2428,2428,2428,2428,2428,2428,2428,2428,2428,2428,2428,2428,2428,2428,2428,2428,2428,2428,2428,2428,2428,2428,2428,2428,2428,2428,2428,2428,2428,2428,2428,2428,2428,2428,2428,2428,2428,2428,2428,2428,2428,2428,2428,2428,2428,2428,2428,2428,2428,2428,2428,2428,2428,2428,2428,2428,2428,2428,2428,2428,2428,2428,2428,2428,
goal:2428,2428,2428,2428,2428,2428,2428,2428,2428,2428,2428,2428,2428,2428,2428,2428,2428,2428,2428,2428,2428,2428,2428,2428,2428,2428,2428,2428,2428,2428,2428,2428,2428,2428,2428,2428,2428,2428,2428,2428,2428,2428,2428,2428,2428,2428,2428,2428,2428,2428,2428,2428,2428,2428,2428,2428,2428,2428,2428,2428,2428,2428,2428,2428,2428,2428,2428,2428,2428,2428,2428,2428,2428,2428,2428,2428,2428,2428,2428,2428,2428,2428,2428,2428,2428,2428,2428,2428,2428,2428,2428,2428,2428,2428,2428,2428,2428,2428,2428,2428,2428,2428,
size:26
[agent] id:5
path:2543,2650,2757,2756,2756,2756,2756,2756,2756,2756,2756,2756,2756,2756,2756,2756,2756,2756,2756,2756,2756,2756,2756,2756,2756,2756,2756,2756,2756,2756,2756,2756,2756,2756,2756,2756,2756,2756,2756,2756,2756,2756,2756,2756,2756,2756,2756,2756,2756,2756,2756,2756,2756,2756,2756,2756,2756,2756,2756,2756,2756,2756,2756,2756,2756,2756,2756,2756,2756,2756,2756,2756,2756,2756,2756,2756,2756,2756,2756,2756,2756,2756,2756,2756,2756,2756,2756,2756,2756,2756,2756,2756,2756,2756,2756,2756,2756,2756,2756,2756,2756,2756,
goal:2756,2756,2756,2756,2756,2756,2756,2756,2756,2756,2756,2756,2756,2756,2756,2756,2756,2756,2756,2756,2756,2756,2756,2756,2756,2756,2756,2756,2756,2756,2756,2756,2756,2756,2756,2756,2756,2756,2756,2756,2756,2756,2756,2756,2756,2756,2756,2756,2756,2756,2756,2756,2756,2756,2756,2756,2756,2756,2756,2756,2756,2756,2756,2756,2756,2756,2756,2756,2756,2756,2756,2756,2756,2756,2756,2756,2756,2756,2756,2756,2756,2756,2756,2756,2756,2756,2756,2756,2756,2756,2756,2756,2756,2756,2756,2756,2756,2756,2756,2756,2756,2756,
size:3
[agent] id:6
path:2718,2611,2504,2397,2290,2183,2076,1969,1970,1971,1972,1973,1974,1975,1976,1977,1978,1979,1980,1981,1982,1983,1984,1985,1986,1987,1988,1989,1990,1991,1884,1885,1886,1887,1888,1889,1782,1675,1568,1461,1354,1247,1248,1248,1248,1248,1248,1248,1248,1248,1248,1248,1248,1248,1248,1248,1248,1248,1248,1248,1248,1248,1248,1248,1248,1248,1248,1248,1248,1248,1248,1248,1248,1248,1248,1248,1248,1248,1248,1248,1248,1248,1248,1248,1248,1248,1248,1248,1248,1248,1248,1248,1248,1248,1248,1248,1248,1248,1248,1248,1248,1248,
goal:1248,1248,1248,1248,1248,1248,1248,1248,1248,1248,1248,1248,1248,1248,1248,1248,1248,1248,1248,1248,1248,1248,1248,1248,1248,1248,1248,1248,1248,1248,1248,1248,1248,1248,1248,1248,1248,1248,1248,1248,1248,1248,1248,1248,1248,1248,1248,1248,1248,1248,1248,1248,1248,1248,1248,1248,1248,1248,1248,1248,1248,1248,1248,1248,1248,1248,1248,1248,1248,1248,1248,1248,1248,1248,1248,1248,1248,1248,1248,1248,1248,1248,1248,1248,1248,1248,1248,1248,1248,1248,1248,1248,1248,1248,1248,1248,1248,1248,1248,1248,1248,1248,
size:42
[agent] id:7
path:3984,3877,3770,3769,3768,3661,3554,3447,3340,3233,3126,3019,2912,2805,2698,2591,2484,2377,2270,2163,2056,2057,2058,2059,2060,2061,2062,2063,2064,2065,2066,2067,2068,2069,2070,2071,2072,2073,2074,2075,2076,2077,2078,2079,2080,2081,2082,2083,2084,2085,2086,2087,2088,2089,2090,2091,2092,2092,2092,2092,2092,2092,2092,2092,2092,2092,2092,2092,2092,2092,2092,2092,2092,2092,2092,2092,2092,2092,2092,2092,2092,2092,2092,2092,2092,2092,2092,2092,2092,2092,2092,2092,2092,2092,2092,2092,2092,2092,2092,2092,2092,2092,
goal:2092,2092,2092,2092,2092,2092,2092,2092,2092,2092,2092,2092,2092,2092,2092,2092,2092,2092,2092,2092,2092,2092,2092,2092,2092,2092,2092,2092,2092,2092,2092,2092,2092,2092,2092,2092,2092,2092,2092,2092,2092,2092,2092,2092,2092,2092,2092,2092,2092,2092,2092,2092,2092,2092,2092,2092,2092,2092,2092,2092,2092,2092,2092,2092,2092,2092,2092,2092,2092,2092,2092,2092,2092,2092,2092,2092,2092,2092,2092,2092,2092,2092,2092,2092,2092,2092,2092,2092,2092,2092,2092,2092,2092,2092,2092,2092,2092,2092,2092,2092,2092,2092,
size:56
[agent] id:8
path:2960,3067,3066,3065,3064,3063,3062,3061,3060,3059,3058,3057,3056,3055,3054,3053,3052,3051,3050,3049,3048,3047,3046,3045,3044,3043,3042,3041,3040,3039,3038,3037,3036,3035,3034,3033,3032,3031,3030,3029,3028,3027,3026,2919,2918,2917,2916,3023,3130,3237,3344,3343,3342,3341,3340,3447,3554,3661,3768,3767,3766,3766,3766,3766,3766,3766,3766,3766,3766,3766,3766,3766,3766,3766,3766,3766,3766,3766,3766,3766,3766,3766,3766,3766,3766,3766,3766,3766,3766,3766,3766,3766,3766,3766,3766,3766,3766,3766,3766,3766,3766,3766,
goal:3766,3766,3766,3766,3766,3766,3766,3766,3766,3766,3766,3766,3766,3766,3766,3766,3766,3766,3766,3766,3766,3766,3766,3766,3766,3766,3766,3766,3766,3766,3766,3766,3766,3766,3766,3766,3766,3766,3766,3766,3766,3766,3766,3766,3766,3766,3766,3766,3766,3766,3766,3766,3766,3766,3766,3766,3766,3766,3766,3766,3766,3766,3766,3766,3766,3766,3766,3766,3766,3766,3766,3766,3766,3766,3766,3766,3766,3766,3766,3766,3766,3766,3766,3766,3766,3766,3766,3766,3766,3766,3766,3766,3766,3766,3766,3766,3766,3766,3766,3766,3766,3766,
size:60
[agent] id:9
path:2382,2275,2168,2061,2062,2063,2064,2065,2066,2067,2068,2069,1962,1963,1964,1965,1966,1967,1968,1969,1970,1971,1972,1973,1974,1975,1976,1976,1976,1976,1976,1976,1976,1976,1976,1976,1976,1976,1976,1976,1976,1976,1976,1976,1976,1976,1976,1976,1976,1976,1976,1976,1976,1976,1976,1976,1976,1976,1976,1976,1976,1976,1976,1976,1976,1976,1976,1976,1976,1976,1976,1976,1976,1976,1976,1976,1976,1976,1976,1976,1976,1976,1976,1976,1976,1976,1976,1976,1976,1976,1976,1976,1976,1976,1976,1976,1976,1976,1976,1976,1976,1976,
goal:1976,1976,1976,1976,1976,1976,1976,1976,1976,1976,1976,1976,1976,1976,1976,1976,1976,1976,1976,1976,1976,1976,1976,1976,1976,1976,1976,1976,1976,1976,1976,1976,1976,1976,1976,1976,1976,1976,1976,1976,1976,1976,1976,1976,1976,1976,1976,1976,1976,1976,1976,1976,1976,1976,1976,1976,1976,1976,1976,1976,1976,1976,1976,1976,1976,1976,1976,1976,1976,1976,1976,1976,1976,1976,1976,1976,1976,1976,1976,1976,1976,1976,1976,1976,1976,1976,1976,1976,1976,1976,1976,1976,1976,1976,1976,1976,1976,1976,1976,1976,1976,1976,
size:26
[agent] id:10
path:2080,1973,1974,1975,1976,1977,1978,1979,1980,1981,1982,1983,1984,1985,1986,1987,1988,1989,1990,1991,1992,1993,1994,1995,1996,1997,1998,1999,2000,2001,2002,2003,2004,2005,2006,2007,1900,1901,1902,1903,1903,1903,1903,1903,1903,1903,1903,1903,1903,1903,1903,1903,1903,1903,1903,1903,1903,1903,1903,1903,1903,1903,1903,1903,1903,1903,1903,1903,1903,1903,1903,1903,1903,1903,1903,1903,1903,1903,1903,1903,1903,1903,1903,1903,1903,1903,1903,1903,1903,1903,1903,1903,1903,1903,1903,1903,1903,1903,1903,1903,1903,1903,
goal:1903,1903,1903,1903,1903,1903,1903,1903,1903,1903,1903,1903,1903,1903,1903,1903,1903,1903,1903,1903,1903,1903,1903,1903,1903,1903,1903,1903,1903,1903,1903,1903,1903,1903,1903,1903,1903,1903,1903,1903,1903,1903,1903,1903,1903,1903,1903,1903,1903,1903,1903,1903,1903,1903,1903,1903,1903,1903,1903,1903,1903,1903,1903,1903,1903,1903,1903,1903,1903,1903,1903,1903,1903,1903,1903,1903,1903,1903,1903,1903,1903,1903,1903,1903,1903,1903,1903,1903,1903,1903,1903,1903,1903,1903,1903,1903,1903,1903,1903,1903,1903,1903,
size:39
[agent] id:11
path:476,583,690,797,904,1011,1118,1225,1332,1439,1438,1545,1652,1759,1866,1973,2080,2187,2294,2401,2508,2615,2614,2613,2612,2611,2610,2609,2608,2607,2606,2605,2604,2603,2602,2601,2600,2599,2598,2597,2596,2595,2594,2593,2593,2593,2593,2593,2593,2593,2593,2593,2593,2593,2593,2593,2593,2593,2593,2593,2593,2593,2593,2593,2593,2593,2593,2593,2593,2593,2593,2593,2593,2593,2593,2593,2593,2593,2593,2593,2593,2593,2593,2593,2593,2593,2593,2593,2593,2593,2593,2593,2593,2593,2593,2593,2593,2593,2593,2593,2593,2593,
goal:2593,2593,2593,2593,2593,2593,2593,2593,2593,2593,2593,2593,2593,2593,2593,2593,2593,2593,2593,2593,2593,2593,2593,2593,2593,2593,2593,2593,2593,2593,2593,2593,2593,2593,2593,2593,2593,2593,2593,2593,2593,2593,2593,2593,2593,2593,2593,2593,2593,2593,2593,2593,2593,2593,2593,2593,2593,2593,2593,2593,2593,2593,2593,2593,2593,2593,2593,2593,2593,2593,2593,2593,2593,2593,2593,2593,2593,2593,2593,2593,2593,2593,2593,2593,2593,2593,2593,2593,2593,2593,2593,2593,2593,2593,2593,2593,2593,2593,2593,2593,2593,2593,
size:43
[agent] id:12
path:2065,2172,2279,2278,2277,2276,2275,2274,2273,2272,2271,2271,2271,2271,2271,2271,2271,2271,2271,2271,2271,2271,2271,2271,2271,2271,2271,2271,2271,2271,2271,2271,2271,2271,2271,2271,2271,2271,2271,2271,2271,2271,2271,2271,2271,2271,2271,2271,2271,2271,2271,2271,2271,2271,2271,2271,2271,2271,2271,2271,2271,2271,2271,2271,2271,2271,2271,2271,2271,2271,2271,2271,2271,2271,2271,2271,2271,2271,2271,2271,2271,2271,2271,2271,2271,2271,2271,2271,2271,2271,2271,2271,2271,2271,2271,2271,2271,2271,2271,2271,2271,2271,
goal:2271,2271,2271,2271,2271,2271,2271,2271,2271,2271,2271,2271,2271,2271,2271,2271,2271,2271,2271,2271,2271,2271,2271,2271,2271,2271,2271,2271,2271,2271,2271,2271,2271,2271,2271,2271,2271,2271,2271,2271,2271,2271,2271,2271,2271,2271,2271,2271,2271,2271,2271,2271,2271,2271,2271,2271,2271,2271,2271,2271,2271,2271,2271,2271,2271,2271,2271,2271,2271,2271,2271,2271,2271,2271,2271,2271,2271,2271,2271,2271,2271,2271,2271,2271,2271,2271,2271,2271,2271,2271,2271,2271,2271,2271,2271,2271,2271,2271,2271,2271,2271,2271,
size:10
[agent] id:13
path:3179,3072,2965,2964,2963,2962,2961,2960,2959,2958,2957,2956,2955,2954,2953,2952,2951,2950,2949,2948,2947,2946,2945,2944,2943,2942,2941,2940,2939,2938,2937,2936,2935,2934,2934,2934,2934,2934,2934,2934,2934,2934,2934,2934,2934,2934,2934,2934,2934,2934,2934,2934,2934,2934,2934,2934,2934,2934,2934,2934,2934,2934,2934,2934,2934,2934,2934,2934,2934,2934,2934,2934,2934,2934,2934,2934,2934,2934,2934,2934,2934,2934,2934,2934,2934,2934,2934,2934,2934,2934,2934,2934,2934,2934,2934,2934,2934,2934,2934,2934,2934,2934,
goal:2934,2934,2934,2934,2934,2934,2934,2934,2934,2934,2934,2934,2934,2934,2934,2934,2934,2934,2934,2934,2934,2934,2934,2934,2934,2934,2934,2934,2934,2934,2934,2934,2934,2934,2934,2934,2934,2934,2934,2934,2934,2934,2934,2934,2934,2934,2934,2934,2934,2934,2934,2934,2934,2934,2934,2934,2934,2934,2934,2934,2934,2934,2934,2934,2934,2934,2934,2934,2934,2934,2934,2934,2934,2934,2934,2934,2934,2934,2934,2934,2934,2934,2934,2934,2934,2934,2934,2934,2934,2934,2934,2934,2934,2934,2934,2934,2934,2934,2934,2934,2934,2934,
size:33
[agent] id:14
path:1462,1569,1676,1783,1890,1997,2104,2211,2318,2425,2532,2531,2530,2529,2528,2527,2526,2525,2524,2523,2522,2521,2520,2519,2518,2517,2516,2515,2514,2513,2512,2511,2510,2509,2508,2507,2506,2505,2504,2503,2502,2501,2500,2499,2498,2497,2496,2495,2494,2493,2493,2493,2493,2493,2493,2493,2493,2493,2493,2493,2493,2493,2493,2493,2493,2493,2493,2493,2493,2493,2493,2493,2493,2493,2493,2493,2493,2493,2493,2493,2493,2493,2493,2493,2493,2493,2493,2493,2493,2493,2493,2493,2493,2493,2493,2493,2493,2493,2493,2493,2493,2493,
goal:2493,2493,2493,2493,2493,2493,2493,2493,2493,2493,2493,2493,2493,2493,2493,2493,2493,2493,2493,2493,2493,2493,2493,2493,2493,2493,2493,2493,2493,2493,2493,2493,2493,2493,2493,2493,2493,2493,2493,2493,2493,2493,2493,2493,2493,2493,2493,2493,2493,2493,2493,2493,2493,2493,2493,2493,2493,2493,2493,2493,2493,2493,2493,2493,2493,2493,2493,2493,2493,2493,2493,2493,2493,2493,2493,2493,2493,2493,2493,2493,2493,2493,2493,2493,2493,2493,2493,2493,2493,2493,2493,2493,2493,2493,2493,2493,2493,2493,2493,2493,2493,2493,
size:49
[agent] id:15
path:2319,2426,2533,2640,2747,2854,2853,2852,2851,2850,2849,2848,2847,2846,2845,2844,2843,2842,2841,2840,2839,2838,2837,2836,2835,2834,2833,2832,2831,2830,2829,2828,2827,2826,2933,2932,2931,2930,2929,2928,2927,2926,2925,2924,2924,3031,3138,3138,3138,3138,3138,3138,3138,3138,3138,3138,3138,3138,3138,3138,3138,3138,3138,3138,3138,3138,3138,3138,3138,3138,3138,3138,3138,3138,3138,3138,3138,3138,3138,3138,3138,3138,3138,3138,3138,3138,3138,3138,3138,3138,3138,3138,3138,3138,3138,3138,3138,3138,3138,3138,3138,3138,
goal:3138,3138,3138,3138,3138,3138,3138,3138,3138,3138,3138,3138,3138,3138,3138,3138,3138,3138,3138,3138,3138,3138,3138,3138,3138,3138,3138,3138,3138,3138,3138,3138,3138,3138,3138,3138,3138,3138,3138,3138,3138,3138,3138,3138,3138,3138,3138,3138,3138,3138,3138,3138,3138,3138,3138,3138,3138,3138,3138,3138,3138,3138,3138,3138,3138,3138,3138,3138,3138,3138,3138,3138,3138,3138,3138,3138,3138,3138,3138,3138,3138,3138,3138,3138,3138,3138,3138,3138,3138,3138,3138,3138,3138,3138,3138,3138,3138,3138,3138,3138,3138,3138,
size:46
[agent] id:16
path:2772,2665,2558,2557,2556,2555,2554,2553,2552,2551,2550,2549,2548,2547,2546,2545,2544,2543,2542,2541,2540,2539,2538,2537,2536,2535,2534,2533,2532,2531,2531,2531,2531,2531,2531,2531,2531,2531,2531,2531,2531,2531,2531,2531,2531,2531,2531,2531,2531,2531,2531,2531,2531,2531,2531,2531,2531,2531,2531,2531,2531,2531,2531,2531,2531,2531,2531,2531,2531,2531,2531,2531,2531,2531,2531,2531,2531,2531,2531,2531,2531,2531,2531,2531,2531,2531,2531,2531,2531,2531,2531,2531,2531,2531,2531,2531,2531,2531,2531,2531,2531,2531,
goal:2531,2531,2531,2531,2531,2531,2531,2531,2531,2531,2531,2531,2531,2531,2531,2531,2531,2531,2531,2531,2531,2531,2531,2531,2531,2531,2531,2531,2531,2531,2531,2531,2531,2531,2531,2531,2531,2531,2531,2531,2531,2531,2531,2531,2531,2531,2531,2531,2531,2531,2531,2531,2531,2531,2531,2531,2531,2531,2531,2531,2531,2531,2531,2531,2531,2531,2531,2531,2531,2531,2531,2531,2531,2531,2531,2531,2531,2531,2531,2531,2531,2531,2531,2531,2531,2531,2531,2531,2531,2531,2531,2531,2531,2531,2531,2531,2531,2531,2531,2531,2531,2531,
size:29
[agent] id:17
path:2485,2378,2271,2164,2057,1950,1843,1842,1735,1628,1521,1414,1307,1200,1093,986,879,772,665,664,663,662,662,662,662,662,662,662,662,662,662,662,662,662,662,662,662,662,662,662,662,662,662,662,662,662,662,662,662,662,662,662,662,662,662,662,662,662,662,662,662,662,662,662,662,662,662,662,662,662,662,662,662,662,662,662,662,662,662,662,662,662,662,662,662,662,662,662,662,662,662,662,662,662,662,662,662,662,662,662,662,662,
goal:662,662,662,662,662,662,662,662,662,662,662,662,662,662,662,662,662,662,662,662,662,662,662,662,662,662,662,662,662,662,662,662,662,662,662,662,662,662,662,662,662,662,662,662,662,662,662,662,662,662,662,662,662,662,662,662,662,662,662,662,662,662,662,662,662,662,662,662,662,662,662,662,662,662,662,662,662,662,662,662,662,662,662,662,662,662,662,662,662,662,662,662,662,662,662,662,662,662,662,662,662,662,
size:21
[agent] id:18
path:1878,1985,2092,2199,2306,2413,2520,2627,2734,2841,2948,3055,3054,3053,3052,3051,3050,3049,3048,3047,3046,3045,3044,3043,3042,3041,3040,3039,3038,3037,3036,3035,3034,3033,3032,3031,3030,3029,3028,3027,3026,3025,3025,3025,3025,3025,3025,3025,3025,3025,3025,3025,3025,3025,3025,3025,3025,3025,3025,3025,3025,3025,3025,3025,3025,3025,3025,3025,3025,3025,3025,3025,3025,3025,3025,3025,3025,3025,3025,3025,3025,3025,3025,3025,3025,3025,3025,3025,3025,3025,3025,3025,3025,3025,3025,3025,3025,3025,3025,3025,3025,3025,
goal:3025,3025,3025,3025,3025,3025,3025,3025,3025,3025,3025,3025,3025,3025,3025,3025,3025,3025,3025,3025,3025,3025,3025,3025,3025,3025,3025,3025,3025,3025,3025,3025,3025,3025,3025,3025,3025,3025,3025,3025,3025,3025,3025,3025,3025,3025,3025,3025,3025,3025,3025,3025,3025,3025,3025,3025,3025,3025,3025,3025,3025,3025,3025,3025,3025,3025,3025,3025,3025,3025,3025,3025,3025,3025,3025,3025,3025,3025,3025,3025,3025,3025,3025,3025,3025,3025,3025,3025,3025,3025,3025,3025,3025,3025,3025,3025,3025,3025,3025,3025,3025,3025,
size:41
[agent] id:19
path:3022,3129,3236,3343,3342,3341,3340,3339,3446,3553,3660,3767,3874,3981,3980,3979,3978,3977,3977,3977,3977,3977,3977,3977,3977,3977,3977,3977,3977,3977,3977,3977,3977,3977,3977,3977,3977,3977,3977,3977,3977,3977,3977,3977,3977,3977,3977,3977,3977,3977,3977,3977,3977,3977,3977,3977,3977,3977,3977,3977,3977,3977,3977,3977,3977,3977,3977,3977,3977,3977,3977,3977,3977,3977,3977,3977,3977,3977,3977,3977,3977,3977,3977,3977,3977,3977,3977,3977,3977,3977,3977,3977,3977,3977,3977,3977,3977,3977,3977,3977,3977,3977,
goal:3977,3977,3977,3977,3977,3977,3977,3977,3977,3977,3977,3977,3977,3977,3977,3977,3977,3977,3977,3977,3977,3977,3977,3977,3977,3977,3977,3977,3977,3977,3977,3977,3977,3977,3977,3977,3977,3977,3977,3977,3977,3977,3977,3977,3977,3977,3977,3977,3977,3977,3977,3977,3977,3977,3977,3977,3977,3977,3977,3977,3977,3977,3977,3977,3977,3977,3977,3977,3977,3977,3977,3977,3977,3977,3977,3977,3977,3977,3977,3977,3977,3977,3977,3977,3977,3977,3977,3977,3977,3977,3977,3977,3977,3977,3977,3977,3977,3977,3977,3977,3977,3977,
size:17
[agent] id:20
path:1936,2043,2150,2257,2364,2471,2472,2473,2474,2475,2476,2477,2478,2585,2692,2799,2800,2801,2802,2803,2804,2805,2806,2807,2808,2809,2810,2811,2812,2813,2814,2815,2816,2817,2818,2819,2820,2821,2822,2823,2930,3037,3038,3039,3040,3041,3042,3043,3044,3045,3046,3047,3048,3049,3050,3051,3052,3053,3054,3055,3056,3057,3058,3059,3060,3061,3062,3169,3170,3171,3172,3173,3280,3387,3494,3601,3708,3815,3922,4029,4136,4243,4244,4245,4246,4247,4248,4248,4248,4248,4248,4248,4248,4248,4248,4248,4248,4248,4248,4248,4248,4248,
goal:4248,4248,4248,4248,4248,4248,4248,4248,4248,4248,4248,4248,4248,4248,4248,4248,4248,4248,4248,4248,4248,4248,4248,4248,4248,4248,4248,4248,4248,4248,4248,4248,4248,4248,4248,4248,4248,4248,4248,4248,4248,4248,4248,4248,4248,4248,4248,4248,4248,4248,4248,4248,4248,4248,4248,4248,4248,4248,4248,4248,4248,4248,4248,4248,4248,4248,4248,4248,4248,4248,4248,4248,4248,4248,4248,4248,4248,4248,4248,4248,4248,4248,4248,4248,4248,4248,4248,4248,4248,4248,4248,4248,4248,4248,4248,4248,4248,4248,4248,4248,4248,4248,
size:86
[agent] id:21
path:2959,3066,3065,3064,3063,3062,3061,3060,3059,3058,3057,3056,3055,3054,3053,3052,3051,3050,3049,3048,3047,3046,3045,3044,3043,3042,3041,3040,3039,3038,3037,3036,3035,3034,3033,3032,3031,3030,3029,3028,3027,3026,2919,2918,2917,3024,3024,3024,3024,3024,3024,3024,3024,3024,3024,3024,3024,3024,3024,3024,3024,3024,3024,3024,3024,3024,3024,3024,3024,3024,3024,3024,3024,3024,3024,3024,3024,3024,3024,3024,3024,3024,3024,3024,3024,3024,3024,3024,3024,3024,3024,3024,3024,3024,3024,3024,3024,3024,3024,3024,3024,3024,
goal:3024,3024,3024,3024,3024,3024,3024,3024,3024,3024,3024,3024,3024,3024,3024,3024,3024,3024,3024,3024,3024,3024,3024,3024,3024,3024,3024,3024,3024,3024,3024,3024,3024,3024,3024,3024,3024,3024,3024,3024,3024,3024,3024,3024,3024,3024,3024,3024,3024,3024,3024,3024,3024,3024,3024,3024,3024,3024,3024,3024,3024,3024,3024,3024,3024,3024,3024,3024,3024,3024,3024,3024,3024,3024,3024,3024,3024,3024,3024,3024,3024,3024,3024,3024,3024,3024,3024,3024,3024,3024,3024,3024,3024,3024,3024,3024,3024,3024,3024,3024,3024,3024,
size:45
[agent] id:22
path:3813,3706,3599,3600,3601,3494,3387,3280,3173,3066,3065,3064,3063,3062,3061,3060,3059,3058,3057,3056,3055,3054,3053,3052,3051,3050,3049,3048,3047,3046,3045,3044,3043,3042,3041,3040,3039,3038,3037,3036,3035,3034,3033,3032,3031,3030,3029,3028,3027,3026,2919,2918,2917,2916,3023,3130,3237,3236,3235,3234,3233,3232,3231,3230,3229,3228,3228,3228,3228,3228,3228,3228,3228,3228,3228,3228,3228,3228,3228,3228,3228,3228,3228,3228,3228,3228,3228,3228,3228,3228,3228,3228,3228,3228,3228,3228,3228,3228,3228,3228,3228,3228,
goal:3228,3228,3228,3228,3228,3228,3228,3228,3228,3228,3228,3228,3228,3228,3228,3228,3228,3228,3228,3228,3228,3228,3228,3228,3228,3228,3228,3228,3228,3228,3228,3228,3228,3228,3228,3228,3228,3228,3228,3228,3228,3228,3228,3228,3228,3228,3228,3228,3228,3228,3228,3228,3228,3228,3228,3228,3228,3228,3228,3228,3228,3228,3228,3228,3228,3228,3228,3228,3228,3228,3228,3228,3228,3228,3228,3228,3228,3228,3228,3228,3228,3228,3228,3228,3228,3228,3228,3228,3228,3228,3228,3228,3228,3228,3228,3228,3228,3228,3228,3228,3228,3228,
size:65
[agent] id:23
path:2218,2111,2110,2109,2108,2107,2106,2105,2104,2103,2102,2101,2100,2099,2098,2097,2096,2095,2094,2093,2092,2091,2090,1983,1982,1981,1980,1979,1978,1871,1870,1869,1868,1867,1866,1759,1652,1545,1438,1331,1224,1223,1222,1221,1220,1219,1218,1217,1217,1217,1217,1217,1217,1217,1217,1217,1217,1217,1217,1217,1217,1217,1217,1217,1217,1217,1217,1217,1217,1217,1217,1217,1217,1217,1217,1217,1217,1217,1217,1217,1217,1217,1217,1217,1217,1217,1217,1217,1217,1217,1217,1217,1217,1217,1217,1217,1217,1217,1217,1217,1217,1217,
goal:1217,1217,1217,1217,1217,1217,1217,1217,1217,1217,1217,1217,1217,1217,1217,1217,1217,1217,1217,1217,1217,1217,1217,1217,1217,1217,1217,1217,1217,1217,1217,1217,1217,1217,1217,1217,1217,1217,1217,1217,1217,1217,1217,1217,1217,1217,1217,1217,1217,1217,1217,1217,1217,1217,1217,1217,1217,1217,1217,1217,1217,1217,1217,1217,1217,1217,1217,1217,1217,1217,1217,1217,1217,1217,1217,1217,1217,1217,1217,1217,1217,1217,1217,1217,1217,1217,1217,1217,1217,1217,1217,1217,1217,1217,1217,1217,1217,1217,1217,1217,1217,1217,
size:47
[agent] id:24
path:2687,2580,2473,2366,2367,2368,2369,2370,2371,2372,2373,2374,2375,2376,2377,2378,2379,2380,2381,2382,2383,2384,2385,2386,2387,2387,2387,2387,2387,2387,2387,2387,2387,2387,2387,2387,2387,2387,2387,2387,2387,2387,2387,2387,2387,2387,2387,2387,2387,2387,2387,2387,2387,2387,2387,2387,2387,2387,2387,2387,2387,2387,2387,2387,2387,2387,2387,2387,2387,2387,2387,2387,2387,2387,2387,2387,2387,2387,2387,2387,2387,2387,2387,2387,2387,2387,2387,2387,2387,2387,2387,2387,2387,2387,2387,2387,2387,2387,2387,2387,2387,2387,
goal:2387,2387,2387,2387,2387,2387,2387,2387,2387,2387,2387,2387,2387,2387,2387,2387,2387,2387,2387,2387,2387,2387,2387,2387,2387,2387,2387,2387,2387,2387,2387,2387,2387,2387,2387,2387,2387,2387,2387,2387,2387,2387,2387,2387,2387,2387,2387,2387,2387,2387,2387,2387,2387,2387,2387,2387,2387,2387,2387,2387,2387,2387,2387,2387,2387,2387,2387,2387,2387,2387,2387,2387,2387,2387,2387,2387,2387,2387,2387,2387,2387,2387,2387,2387,2387,2387,2387,2387,2387,2387,2387,2387,2387,2387,2387,2387,2387,2387,2387,2387,2387,2387,
size:24
[agent] id:25
path:2646,2539,2432,2433,2434,2435,2436,2437,2438,2439,2440,2441,2442,2443,2444,2445,2446,2447,2448,2449,2450,2451,2344,2237,2130,2023,1916,1809,1809,1809,1809,1809,1809,1809,1809,1809,1809,1809,1809,1809,1809,1809,1809,1809,1809,1809,1809,1809,1809,1809,1809,1809,1809,1809,1809,1809,1809,1809,1809,1809,1809,1809,1809,1809,1809,1809,1809,1809,1809,1809,1809,1809,1809,1809,1809,1809,1809,1809,1809,1809,1809,1809,1809,1809,1809,1809,1809,1809,1809,1809,1809,1809,1809,1809,1809,1809,1809,1809,1809,1809,1809,1809,
goal:1809,1809,1809,1809,1809,1809,1809,1809,1809,1809,1809,1809,1809,1809,1809,1809,1809,1809,1809,1809,1809,1809,1809,1809,1809,1809,1809,1809,1809,1809,1809,1809,1809,1809,1809,1809,1809,1809,1809,1809,1809,1809,1809,1809,1809,1809,1809,1809,1809,1809,1809,1809,1809,1809,1809,1809,1809,1809,1809,1809,1809,1809,1809,1809,1809,1809,1809,1809,1809,1809,1809,1809,1809,1809,1809,1809,1809,1809,1809,1809,1809,1809,1809,1809,1809,1809,1809,1809,1809,1809,1809,1809,1809,1809,1809,1809,1809,1809,1809,1809,1809,1809,
size:27
[agent] id:26
path:2143,2144,2251,2358,2465,2466,2467,2468,2469,2470,2471,2472,2473,2474,2475,2476,2477,2478,2585,2692,2799,2800,2801,2802,2803,2804,2805,2806,2807,2808,2809,2810,2811,2812,2813,2814,2815,2816,2817,2818,2819,2820,2821,2822,2823,2824,2825,2826,2827,2828,2829,2830,2831,2832,2833,2834,2835,2836,2837,2838,2839,2840,2840,2840,2840,2840,2840,2840,2840,2840,2840,2840,2840,2840,2840,2840,2840,2840,2840,2840,2840,2840,2840,2840,2840,2840,2840,2840,2840,2840,2840,2840,2840,2840,2840,2840,2840,2840,2840,2840,2840,2840,
goal:2840,2840,2840,2840,2840,2840,2840,2840,2840,2840,2840,2840,2840,2840,2840,2840,2840,2840,2840,2840,2840,2840,2840,2840,2840,2840,2840,2840,2840,2840,2840,2840,2840,2840,2840,2840,2840,2840,2840,2840,2840,2840,2840,2840,2840,2840,2840,2840,2840,2840,2840,2840,2840,2840,2840,2840,2840,2840,2840,2840,2840,2840,2840,2840,2840,2840,2840,2840,2840,2840,2840,2840,2840,2840,2840,2840,2840,2840,2840,2840,2840,2840,2840,2840,2840,2840,2840,2840,2840,2840,2840,2840,2840,2840,2840,2840,2840,2840,2840,2840,2840,2840,
size:61
[agent] id:27
path:3602,3495,3388,3281,3174,3067,3066,3065,3064,3063,3062,3061,3060,3059,3058,3057,3056,3055,3054,3053,3052,3051,3050,3049,3048,3047,3046,3045,3044,3043,3042,3041,3040,3039,3038,3037,3036,3035,3034,3033,3032,3031,3030,3029,3028,3027,3026,2919,2918,2917,2916,3023,3130,3237,3344,3343,3342,3341,3340,3447,3554,3661,3768,3875,3982,4089,4088,4087,4086,4085,4084,4083,4082,4082,4082,4082,4082,4082,4082,4082,4082,4082,4082,4082,4082,4082,4082,4082,4082,4082,4082,4082,4082,4082,4082,4082,4082,4082,4082,4082,4082,4082,
goal:4082,4082,4082,4082,4082,4082,4082,4082,4082,4082,4082,4082,4082,4082,4082,4082,4082,4082,4082,4082,4082,4082,4082,4082,4082,4082,4082,4082,4082,4082,4082,4082,4082,4082,4082,4082,4082,4082,4082,4082,4082,4082,4082,4082,4082,4082,4082,4082,4082,4082,4082,4082,4082,4082,4082,4082,4082,4082,4082,4082,4082,4082,4082,4082,4082,4082,4082,4082,4082,4082,4082,4082,4082,4082,4082,4082,4082,4082,4082,4082,4082,4082,4082,4082,4082,4082,4082,4082,4082,4082,4082,4082,4082,4082,4082,4082,4082,4082,4082,4082,4082,4082,
size:72
[agent] id:28
path:708,815,922,1029,1136,1243,1350,1457,1458,1459,1460,1461,1568,1675,1782,1889,1996,2103,2210,2211,2212,2213,2213,2213,2213,2213,2213,2213,2213,2213,2213,2213,2213,2213,2213,2213,2213,2213,2213,2213,2213,2213,2213,2213,2213,2213,2213,2213,2213,2213,2213,2213,2213,2213,2213,2213,2213,2213,2213,2213,2213,2213,2213,2213,2213,2213,2213,2213,2213,2213,2213,2213,2213,2213,2213,2213,2213,2213,2213,2213,2213,2213,2213,2213,2213,2213,2213,2213,2213,2213,2213,2213,2213,2213,2213,2213,2213,2213,2213,2213,2213,2213,
goal:2213,2213,2213,2213,2213,2213,2213,2213,2213,2213,2213,2213,2213,2213,2213,2213,2213,2213,2213,2213,2213,2213,2213,2213,2213,2213,2213,2213,2213,2213,2213,2213,2213,2213,2213,2213,2213,2213,2213,2213,2213,2213,2213,2213,2213,2213,2213,2213,2213,2213,2213,2213,2213,2213,2213,2213,2213,2213,2213,2213,2213,2213,2213,2213,2213,2213,2213,2213,2213,2213,2213,2213,2213,2213,2213,2213,2213,2213,2213,2213,2213,2213,2213,2213,2213,2213,2213,2213,2213,2213,2213,2213,2213,2213,2213,2213,2213,2213,2213,2213,2213,2213,
size:21
[agent] id:29
path:1007,1114,1221,1328,1435,1436,1437,1544,1651,1758,1865,1972,2079,2186,2293,2400,2507,2614,2721,2722,2723,2724,2725,2726,2727,2728,2835,2942,3049,3050,3051,3052,3053,3054,3055,3056,3057,3058,3059,3060,3061,3062,3063,3064,3065,3066,3067,3068,3068,3068,3068,3068,3068,3068,3068,3068,3068,3068,3068,3068,3068,3068,3068,3068,3068,3068,3068,3068,3068,3068,3068,3068,3068,3068,3068,3068,3068,3068,3068,3068,3068,3068,3068,3068,3068,3068,3068,3068,3068,3068,3068,3068,3068,3068,3068,3068,3068,3068,3068,3068,3068,3068,
goal:3068,3068,3068,3068,3068,3068,3068,3068,3068,3068,3068,3068,3068,3068,3068,3068,3068,3068,3068,3068,3068,3068,3068,3068,3068,3068,3068,3068,3068,3068,3068,3068,3068,3068,3068,3068,3068,3068,3068,3068,3068,3068,3068,3068,3068,3068,3068,3068,3068,3068,3068,3068,3068,3068,3068,3068,3068,3068,3068,3068,3068,3068,3068,3068,3068,3068,3068,3068,3068,3068,3068,3068,3068,3068,3068,3068,3068,3068,3068,3068,3068,3068,3068,3068,3068,3068,3068,3068,3068,3068,3068,3068,3068,3068,3068,3068,3068,3068,3068,3068,3068,3068,
size:47
SolutionCost:1245
