[setting] seed:29
[solver] type:ECBS
[solver] w:3.000000
[solver] ID:0
[solver] Lowlevelnode:23333
[solver] solved:1
[solver] elapsed:22
[solver] makespan:72
[problem] timesteplimit:10000
[problem] type:MAPF
[problem] agentnum:10
[graph] width:107
[graph] height:47
[graph] filename:./map/orz601d.map
[task] id:2,start:0,end:0,service time:0,nodes:3057,
[task] id:9,start:0,end:0,service time:0,nodes:2116,
[task] id:5,start:0,end:0,service time:0,nodes:2952,
[task] id:1,start:0,end:0,service time:0,nodes:2509,
[task] id:7,start:0,end:0,service time:0,nodes:979,
[task] id:6,start:0,end:0,service time:0,nodes:801,
[task] id:4,start:0,end:0,service time:0,nodes:2736,
[task] id:3,start:0,end:0,service time:0,nodes:2683,
[task] id:8,start:0,end:0,service time:0,nodes:2134,
[task] id:0,start:0,end:0,service time:0,nodes:395,
[agent] id:0
path:2375,2268,2161,2054,1947,1948,1949,1950,1951,1952,1953,1954,1955,1956,1957,1958,1959,1960,1961,1962,1963,1964,1965,1966,1967,1968,1969,1970,1971,1972,1973,1974,1975,1976,1977,1978,1979,1980,1981,1982,1983,1984,1985,1986,1987,1988,1989,1990,1991,1884,1885,1886,1887,1888,1889,1782,1675,1568,1461,1354,1247,1140,1033,926,819,712,605,498,499,500,501,394,395,
goal:395,395,395,395,395,395,395,395,395,395,395,395,395,395,395,395,395,395,395,395,395,395,395,395,395,395,395,395,395,395,395,395,395,395,395,395,395,395,395,395,395,395,395,395,395,395,395,395,395,395,395,395,395,395,395,395,395,395,395,395,395,395,395,395,395,395,395,395,395,395,395,395,395,
size:72
[agent] id:1
path:2151,2258,2365,2472,2473,2474,2475,2476,2477,2478,2479,2480,2481,2482,2483,2484,2485,2486,2487,2488,2489,2490,2491,2492,2493,2494,2495,2496,2497,2498,2499,2500,2501,2502,2503,2504,2505,2506,2507,2508,2509,2509,2509,2509,2509,2509,2509,2509,2509,2509,2509,2509,2509,2509,2509,2509,2509,2509,2509,2509,2509,2509,2509,2509,2509,2509,2509,2509,2509,2509,2509,2509,2509,
goal:2509,2509,2509,2509,2509,2509,2509,2509,2509,2509,2509,2509,2509,2509,2509,2509,2509,2509,2509,2509,2509,2509,2509,2509,2509,2509,2509,2509,2509,2509,2509,2509,2509,2509,2509,2509,2509,2509,2509,2509,2509,2509,2509,2509,2509,2509,2509,2509,2509,2509,2509,2509,2509,2509,2509,2509,2509,2509,2509,2509,2509,2509,2509,2509,2509,2509,2509,2509,2509,2509,2509,2509,2509,
size:40
[agent] id:2
path:2291,2398,2505,2612,2719,2826,2933,3040,3041,3042,3043,3044,3045,3046,3047,3048,3049,3050,3051,3052,3053,3054,3055,3056,3057,3057,3057,3057,3057,3057,3057,3057,3057,3057,3057,3057,3057,3057,3057,3057,3057,3057,3057,3057,3057,3057,3057,3057,3057,3057,3057,3057,3057,3057,3057,3057,3057,3057,3057,3057,3057,3057,3057,3057,3057,3057,3057,3057,3057,3057,3057,3057,3057,
goal:3057,3057,3057,3057,3057,3057,3057,3057,3057,3057,3057,3057,3057,3057,3057,3057,3057,3057,3057,3057,3057,3057,3057,3057,3057,3057,3057,3057,3057,3057,3057,3057,3057,3057,3057,3057,3057,3057,3057,3057,3057,3057,3057,3057,3057,3057,3057,3057,3057,3057,3057,3057,3057,3057,3057,3057,3057,3057,3057,3057,3057,3057,3057,3057,3057,3057,3057,3057,3057,3057,3057,3057,3057,
size:24
[agent] id:3
path:2741,2740,2739,2738,2737,2736,2735,2734,2733,2732,2731,2730,2729,2728,2727,2726,2725,2724,2723,2722,2721,2720,2719,2718,2717,2716,2715,2714,2713,2712,2711,2710,2709,2708,2707,2706,2705,2704,2703,2702,2701,2700,2699,2698,2697,2696,2695,2694,2693,2692,2585,2478,2477,2476,2475,2474,2581,2688,2687,2686,2685,2684,2683,2683,2683,2683,2683,2683,2683,2683,2683,2683,2683,
goal:2683,2683,2683,2683,2683,2683,2683,2683,2683,2683,2683,2683,2683,2683,2683,2683,2683,2683,2683,2683,2683,2683,2683,2683,2683,2683,2683,2683,2683,2683,2683,2683,2683,2683,2683,2683,2683,2683,2683,2683,2683,2683,2683,2683,2683,2683,2683,2683,2683,2683,2683,2683,2683,2683,2683,2683,2683,2683,2683,2683,2683,2683,2683,2683,2683,2683,2683,2683,2683,2683,2683,2683,2683,
size:62
[agent] id:4
path:4201,4094,3987,3880,3773,3772,3771,3770,3769,3768,3661,3554,3447,3340,3233,3126,3019,2912,2805,2806,2807,2808,2809,2810,2811,2812,2813,2814,2815,2816,2817,2818,2711,2712,2713,2714,2715,2716,2717,2718,2719,2720,2721,2722,2723,2724,2725,2726,2727,2728,2729,2730,2731,2732,2733,2734,2735,2736,2736,2736,2736,2736,2736,2736,2736,2736,2736,2736,2736,2736,2736,2736,2736,
goal:2736,2736,2736,2736,2736,2736,2736,2736,2736,2736,2736,2736,2736,2736,2736,2736,2736,2736,2736,2736,2736,2736,2736,2736,2736,2736,2736,2736,2736,2736,2736,2736,2736,2736,2736,2736,2736,2736,2736,2736,2736,2736,2736,2736,2736,2736,2736,2736,2736,2736,2736,2736,2736,2736,2736,2736,2736,2736,2736,2736,2736,2736,2736,2736,2736,2736,2736,2736,2736,2736,2736,2736,2736,
size:57
[agent] id:5
path:2765,2872,2979,2978,2977,2976,2975,2974,2973,2972,2971,2970,2969,2968,2967,2966,2965,2964,2963,2962,2961,2960,2959,2958,2957,2956,2955,2954,2953,2952,2952,2952,2952,2952,2952,2952,2952,2952,2952,2952,2952,2952,2952,2952,2952,2952,2952,2952,2952,2952,2952,2952,2952,2952,2952,2952,2952,2952,2952,2952,2952,2952,2952,2952,2952,2952,2952,2952,2952,2952,2952,2952,2952,
goal:2952,2952,2952,2952,2952,2952,2952,2952,2952,2952,2952,2952,2952,2952,2952,2952,2952,2952,2952,2952,2952,2952,2952,2952,2952,2952,2952,2952,2952,2952,2952,2952,2952,2952,2952,2952,2952,2952,2952,2952,2952,2952,2952,2952,2952,2952,2952,2952,2952,2952,2952,2952,2952,2952,2952,2952,2952,2952,2952,2952,2952,2952,2952,2952,2952,2952,2952,2952,2952,2952,2952,2952,2952,
size:29
[agent] id:6
path:979,980,981,982,983,984,985,986,1093,1200,1307,1414,1521,1628,1735,1842,1843,1844,1845,1846,1847,1954,1955,1956,1957,1958,1959,1960,1961,1962,1963,1964,1965,1966,1967,1860,1861,1862,1863,1864,1865,1758,1651,1544,1437,1330,1223,1116,1009,902,795,796,797,798,799,800,801,801,801,801,801,801,801,801,801,801,801,801,801,801,801,801,801,
goal:801,801,801,801,801,801,801,801,801,801,801,801,801,801,801,801,801,801,801,801,801,801,801,801,801,801,801,801,801,801,801,801,801,801,801,801,801,801,801,801,801,801,801,801,801,801,801,801,801,801,801,801,801,801,801,801,801,801,801,801,801,801,801,801,801,801,801,801,801,801,801,801,801,
size:56
[agent] id:7
path:3035,2928,2821,2714,2607,2500,2393,2286,2179,2072,2071,2070,2069,2068,2067,2066,2065,2064,2063,2062,2061,2060,1953,1846,1845,1844,1843,1842,1735,1628,1521,1414,1307,1200,1093,986,985,984,983,982,981,980,979,979,979,979,979,979,979,979,979,979,979,979,979,979,979,979,979,979,979,979,979,979,979,979,979,979,979,979,979,979,979,
goal:979,979,979,979,979,979,979,979,979,979,979,979,979,979,979,979,979,979,979,979,979,979,979,979,979,979,979,979,979,979,979,979,979,979,979,979,979,979,979,979,979,979,979,979,979,979,979,979,979,979,979,979,979,979,979,979,979,979,979,979,979,979,979,979,979,979,979,979,979,979,979,979,979,
size:42
[agent] id:8
path:2929,2822,2715,2608,2501,2394,2395,2396,2397,2398,2399,2400,2401,2402,2403,2404,2405,2406,2407,2408,2409,2410,2411,2412,2413,2414,2415,2416,2417,2418,2419,2420,2421,2422,2423,2424,2425,2426,2427,2428,2429,2430,2431,2432,2433,2434,2435,2436,2437,2438,2439,2440,2441,2442,2443,2444,2445,2446,2447,2448,2449,2450,2451,2344,2237,2130,2131,2132,2133,2134,2134,2134,2134,
goal:2134,2134,2134,2134,2134,2134,2134,2134,2134,2134,2134,2134,2134,2134,2134,2134,2134,2134,2134,2134,2134,2134,2134,2134,2134,2134,2134,2134,2134,2134,2134,2134,2134,2134,2134,2134,2134,2134,2134,2134,2134,2134,2134,2134,2134,2134,2134,2134,2134,2134,2134,2134,2134,2134,2134,2134,2134,2134,2134,2134,2134,2134,2134,2134,2134,2134,2134,2134,2134,2134,2134,2134,2134,
size:69
[agent] id:9
path:1138,1245,1352,1459,1460,1461,1568,1675,1782,1889,1996,2103,2104,2105,2106,2107,2108,2109,2110,2111,2112,2113,2114,2115,2116,2116,2116,2116,2116,2116,2116,2116,2116,2116,2116,2116,2116,2116,2116,2116,2116,2116,2116,2116,2116,2116,2116,2116,2116,2116,2116,2116,2116,2116,2116,2116,2116,2116,2116,2116,2116,2116,2116,2116,2116,2116,2116,2116,2116,2116,2116,2116,2116,
goal:2116,2116,2116,2116,2116,2116,2116,2116,2116,2116,2116,2116,2116,2116,2116,2116,2116,2116,2116,2116,2116,2116,2116,2116,2116,2116,2116,2116,2116,2116,2116,2116,2116,2116,2116,2116,2116,2116,2116,2116,2116,2116,2116,2116,2116,2116,2116,2116,2116,2116,2116,2116,2116,2116,2116,2116,2116,2116,2116,2116,2116,2116,2116,2116,2116,2116,2116,2116,2116,2116,2116,2116,2116,
size:24
SolutionCost:475
