[setting] seed:75
[solver] type:ECBS
[solver] w:3.000000
[solver] ID:0
[solver] Lowlevelnode:25756
[solver] solved:1
[solver] elapsed:140
[solver] makespan:89
[problem] timesteplimit:10000
[problem] type:MAPF
[problem] agentnum:20
[graph] width:107
[graph] height:47
[graph] filename:./map/orz601d.map
[task] id:4,start:0,end:0,service time:0,nodes:2841,
[task] id:19,start:0,end:0,service time:0,nodes:2314,
[task] id:7,start:0,end:0,service time:0,nodes:2545,
[task] id:15,start:0,end:0,service time:0,nodes:3281,
[task] id:9,start:0,end:0,service time:0,nodes:2264,
[task] id:13,start:0,end:0,service time:0,nodes:2937,
[task] id:14,start:0,end:0,service time:0,nodes:2829,
[task] id:16,start:0,end:0,service time:0,nodes:2184,
[task] id:11,start:0,end:0,service time:0,nodes:708,
[task] id:6,start:0,end:0,service time:0,nodes:2183,
[task] id:5,start:0,end:0,service time:0,nodes:1120,
[task] id:3,start:0,end:0,service time:0,nodes:3003,
[task] id:17,start:0,end:0,service time:0,nodes:4414,
[task] id:8,start:0,end:0,service time:0,nodes:1886,
[task] id:18,start:0,end:0,service time:0,nodes:3822,
[task] id:10,start:0,end:0,service time:0,nodes:1137,
[task] id:0,start:0,end:0,service time:0,nodes:2112,
[task] id:12,start:0,end:0,service time:0,nodes:3977,
[task] id:2,start:0,end:0,service time:0,nodes:2117,
[task] id:1,start:0,end:0,service time:0,nodes:2669,
[agent] id:0
path:1828,1935,2042,2043,2044,2045,2046,2153,2260,2367,2368,2369,2370,2371,2264,2157,2050,2051,2052,2053,2054,2055,2056,2057,2058,2059,2060,2061,2062,2063,2064,2065,2066,2067,2068,2069,2070,2071,2072,2073,2074,2075,2076,2077,2078,2079,2080,2081,2082,2083,2084,2085,2086,2087,2088,2089,2090,2091,2092,2093,2094,2095,2096,2097,2098,2099,2100,2101,2102,2103,2104,2105,2106,2107,2108,2109,2110,2111,2112,2112,2112,2112,2112,2112,2112,2112,2112,2112,2112,2112,
goal:2112,2112,2112,2112,2112,2112,2112,2112,2112,2112,2112,2112,2112,2112,2112,2112,2112,2112,2112,2112,2112,2112,2112,2112,2112,2112,2112,2112,2112,2112,2112,2112,2112,2112,2112,2112,2112,2112,2112,2112,2112,2112,2112,2112,2112,2112,2112,2112,2112,2112,2112,2112,2112,2112,2112,2112,2112,2112,2112,2112,2112,2112,2112,2112,2112,2112,2112,2112,2112,2112,2112,2112,2112,2112,2112,2112,2112,2112,2112,2112,2112,2112,2112,2112,2112,2112,2112,2112,2112,2112,
size:78
[agent] id:1
path:3228,3121,3014,2907,2800,2693,2586,2587,2588,2589,2590,2591,2592,2593,2594,2595,2596,2597,2598,2599,2600,2601,2602,2603,2604,2605,2606,2607,2608,2609,2610,2611,2612,2613,2614,2615,2616,2617,2618,2619,2620,2621,2622,2623,2624,2625,2626,2627,2628,2629,2630,2631,2632,2633,2634,2635,2636,2637,2638,2639,2640,2641,2642,2643,2644,2645,2646,2647,2648,2649,2650,2651,2652,2653,2654,2655,2656,2657,2658,2659,2660,2661,2662,2663,2664,2665,2666,2667,2668,2669,
goal:2669,2669,2669,2669,2669,2669,2669,2669,2669,2669,2669,2669,2669,2669,2669,2669,2669,2669,2669,2669,2669,2669,2669,2669,2669,2669,2669,2669,2669,2669,2669,2669,2669,2669,2669,2669,2669,2669,2669,2669,2669,2669,2669,2669,2669,2669,2669,2669,2669,2669,2669,2669,2669,2669,2669,2669,2669,2669,2669,2669,2669,2669,2669,2669,2669,2669,2669,2669,2669,2669,2669,2669,2669,2669,2669,2669,2669,2669,2669,2669,2669,2669,2669,2669,2669,2669,2669,2669,2669,2669,
size:89
[agent] id:2
path:3985,3878,3771,3770,3769,3768,3661,3554,3447,3340,3233,3126,3019,2912,2805,2698,2591,2484,2377,2270,2163,2056,2057,2058,2059,2060,2061,2062,2063,2064,2065,2066,2067,2068,2069,2070,2071,2072,2073,2074,2075,2076,2077,2078,2079,2080,2081,2082,2083,2084,2085,2086,2087,2088,2089,2090,2091,2092,2093,2094,2095,2096,2097,2098,2099,2100,2101,2102,2103,2104,2105,2106,2107,2108,2109,2110,2111,2112,2113,2114,2115,2116,2117,2117,2117,2117,2117,2117,2117,2117,
goal:2117,2117,2117,2117,2117,2117,2117,2117,2117,2117,2117,2117,2117,2117,2117,2117,2117,2117,2117,2117,2117,2117,2117,2117,2117,2117,2117,2117,2117,2117,2117,2117,2117,2117,2117,2117,2117,2117,2117,2117,2117,2117,2117,2117,2117,2117,2117,2117,2117,2117,2117,2117,2117,2117,2117,2117,2117,2117,2117,2117,2117,2117,2117,2117,2117,2117,2117,2117,2117,2117,2117,2117,2117,2117,2117,2117,2117,2117,2117,2117,2117,2117,2117,2117,2117,2117,2117,2117,2117,2117,
size:82
[agent] id:3
path:448,555,662,769,876,983,1090,1197,1304,1411,1412,1413,1520,1627,1734,1841,1948,2055,2162,2269,2376,2483,2482,2481,2480,2479,2478,2477,2476,2475,2474,2581,2688,2795,2902,3009,3008,3007,3006,3005,3004,3003,3003,3003,3003,3003,3003,3003,3003,3003,3003,3003,3003,3003,3003,3003,3003,3003,3003,3003,3003,3003,3003,3003,3003,3003,3003,3003,3003,3003,3003,3003,3003,3003,3003,3003,3003,3003,3003,3003,3003,3003,3003,3003,3003,3003,3003,3003,3003,3003,
goal:3003,3003,3003,3003,3003,3003,3003,3003,3003,3003,3003,3003,3003,3003,3003,3003,3003,3003,3003,3003,3003,3003,3003,3003,3003,3003,3003,3003,3003,3003,3003,3003,3003,3003,3003,3003,3003,3003,3003,3003,3003,3003,3003,3003,3003,3003,3003,3003,3003,3003,3003,3003,3003,3003,3003,3003,3003,3003,3003,3003,3003,3003,3003,3003,3003,3003,3003,3003,3003,3003,3003,3003,3003,3003,3003,3003,3003,3003,3003,3003,3003,3003,3003,3003,3003,3003,3003,3003,3003,3003,
size:41
[agent] id:4
path:2621,2728,2835,2836,2837,2838,2839,2840,2841,2841,2841,2841,2841,2841,2841,2841,2841,2841,2841,2841,2841,2841,2841,2841,2841,2841,2841,2841,2841,2841,2841,2841,2841,2841,2841,2841,2841,2841,2841,2841,2841,2841,2841,2841,2841,2841,2841,2841,2841,2841,2841,2841,2841,2841,2841,2841,2841,2841,2841,2841,2841,2841,2841,2841,2841,2841,2841,2841,2841,2841,2841,2841,2841,2841,2841,2841,2841,2841,2841,2841,2841,2841,2841,2841,2841,2841,2841,2841,2841,2841,
goal:2841,2841,2841,2841,2841,2841,2841,2841,2841,2841,2841,2841,2841,2841,2841,2841,2841,2841,2841,2841,2841,2841,2841,2841,2841,2841,2841,2841,2841,2841,2841,2841,2841,2841,2841,2841,2841,2841,2841,2841,2841,2841,2841,2841,2841,2841,2841,2841,2841,2841,2841,2841,2841,2841,2841,2841,2841,2841,2841,2841,2841,2841,2841,2841,2841,2841,2841,2841,2841,2841,2841,2841,2841,2841,2841,2841,2841,2841,2841,2841,2841,2841,2841,2841,2841,2841,2841,2841,2841,2841,
size:8
[agent] id:5
path:3028,2921,2814,2707,2600,2493,2386,2279,2172,2065,1958,1959,1960,1961,1962,1963,1964,1965,1966,1967,1860,1861,1862,1863,1864,1865,1758,1651,1544,1437,1330,1223,1116,1117,1118,1119,1120,1120,1120,1120,1120,1120,1120,1120,1120,1120,1120,1120,1120,1120,1120,1120,1120,1120,1120,1120,1120,1120,1120,1120,1120,1120,1120,1120,1120,1120,1120,1120,1120,1120,1120,1120,1120,1120,1120,1120,1120,1120,1120,1120,1120,1120,1120,1120,1120,1120,1120,1120,1120,1120,
goal:1120,1120,1120,1120,1120,1120,1120,1120,1120,1120,1120,1120,1120,1120,1120,1120,1120,1120,1120,1120,1120,1120,1120,1120,1120,1120,1120,1120,1120,1120,1120,1120,1120,1120,1120,1120,1120,1120,1120,1120,1120,1120,1120,1120,1120,1120,1120,1120,1120,1120,1120,1120,1120,1120,1120,1120,1120,1120,1120,1120,1120,1120,1120,1120,1120,1120,1120,1120,1120,1120,1120,1120,1120,1120,1120,1120,1120,1120,1120,1120,1120,1120,1120,1120,1120,1120,1120,1120,1120,1120,
size:36
[agent] id:6
path:2153,2260,2367,2368,2369,2370,2371,2264,2157,2158,2159,2160,2161,2162,2163,2164,2165,2166,2167,2168,2169,2170,2171,2172,2173,2174,2175,2176,2177,2178,2179,2180,2181,2182,2183,2183,2183,2183,2183,2183,2183,2183,2183,2183,2183,2183,2183,2183,2183,2183,2183,2183,2183,2183,2183,2183,2183,2183,2183,2183,2183,2183,2183,2183,2183,2183,2183,2183,2183,2183,2183,2183,2183,2183,2183,2183,2183,2183,2183,2183,2183,2183,2183,2183,2183,2183,2183,2183,2183,2183,
goal:2183,2183,2183,2183,2183,2183,2183,2183,2183,2183,2183,2183,2183,2183,2183,2183,2183,2183,2183,2183,2183,2183,2183,2183,2183,2183,2183,2183,2183,2183,2183,2183,2183,2183,2183,2183,2183,2183,2183,2183,2183,2183,2183,2183,2183,2183,2183,2183,2183,2183,2183,2183,2183,2183,2183,2183,2183,2183,2183,2183,2183,2183,2183,2183,2183,2183,2183,2183,2183,2183,2183,2183,2183,2183,2183,2183,2183,2183,2183,2183,2183,2183,2183,2183,2183,2183,2183,2183,2183,2183,
size:34
[agent] id:7
path:1999,2106,2213,2320,2427,2534,2535,2536,2537,2538,2539,2540,2541,2542,2543,2544,2545,2545,2545,2545,2545,2545,2545,2545,2545,2545,2545,2545,2545,2545,2545,2545,2545,2545,2545,2545,2545,2545,2545,2545,2545,2545,2545,2545,2545,2545,2545,2545,2545,2545,2545,2545,2545,2545,2545,2545,2545,2545,2545,2545,2545,2545,2545,2545,2545,2545,2545,2545,2545,2545,2545,2545,2545,2545,2545,2545,2545,2545,2545,2545,2545,2545,2545,2545,2545,2545,2545,2545,2545,2545,
goal:2545,2545,2545,2545,2545,2545,2545,2545,2545,2545,2545,2545,2545,2545,2545,2545,2545,2545,2545,2545,2545,2545,2545,2545,2545,2545,2545,2545,2545,2545,2545,2545,2545,2545,2545,2545,2545,2545,2545,2545,2545,2545,2545,2545,2545,2545,2545,2545,2545,2545,2545,2545,2545,2545,2545,2545,2545,2545,2545,2545,2545,2545,2545,2545,2545,2545,2545,2545,2545,2545,2545,2545,2545,2545,2545,2545,2545,2545,2545,2545,2545,2545,2545,2545,2545,2545,2545,2545,2545,2545,
size:16
[agent] id:8
path:1093,1200,1307,1414,1521,1628,1735,1842,1843,1844,1845,1846,1847,1954,1955,1956,1957,1958,1959,1960,1961,1962,1963,1964,1965,1966,1967,1968,1969,1970,1971,1972,1973,1974,1975,1976,1977,1978,1979,1980,1981,1982,1983,1984,1985,1986,1987,1988,1989,1990,1991,1884,1885,1886,1886,1886,1886,1886,1886,1886,1886,1886,1886,1886,1886,1886,1886,1886,1886,1886,1886,1886,1886,1886,1886,1886,1886,1886,1886,1886,1886,1886,1886,1886,1886,1886,1886,1886,1886,1886,
goal:1886,1886,1886,1886,1886,1886,1886,1886,1886,1886,1886,1886,1886,1886,1886,1886,1886,1886,1886,1886,1886,1886,1886,1886,1886,1886,1886,1886,1886,1886,1886,1886,1886,1886,1886,1886,1886,1886,1886,1886,1886,1886,1886,1886,1886,1886,1886,1886,1886,1886,1886,1886,1886,1886,1886,1886,1886,1886,1886,1886,1886,1886,1886,1886,1886,1886,1886,1886,1886,1886,1886,1886,1886,1886,1886,1886,1886,1886,1886,1886,1886,1886,1886,1886,1886,1886,1886,1886,1886,1886,
size:53
[agent] id:9
path:2074,2181,2288,2287,2286,2285,2284,2283,2282,2281,2280,2279,2278,2277,2276,2275,2274,2273,2272,2271,2270,2269,2268,2267,2266,2265,2264,2264,2264,2264,2264,2264,2264,2264,2264,2264,2264,2264,2264,2264,2264,2264,2264,2264,2264,2264,2264,2264,2264,2264,2264,2264,2264,2264,2264,2264,2264,2264,2264,2264,2264,2264,2264,2264,2264,2264,2264,2264,2264,2264,2264,2264,2264,2264,2264,2264,2264,2264,2264,2264,2264,2264,2264,2264,2264,2264,2264,2264,2264,2264,
goal:2264,2264,2264,2264,2264,2264,2264,2264,2264,2264,2264,2264,2264,2264,2264,2264,2264,2264,2264,2264,2264,2264,2264,2264,2264,2264,2264,2264,2264,2264,2264,2264,2264,2264,2264,2264,2264,2264,2264,2264,2264,2264,2264,2264,2264,2264,2264,2264,2264,2264,2264,2264,2264,2264,2264,2264,2264,2264,2264,2264,2264,2264,2264,2264,2264,2264,2264,2264,2264,2264,2264,2264,2264,2264,2264,2264,2264,2264,2264,2264,2264,2264,2264,2264,2264,2264,2264,2264,2264,2264,
size:26
[agent] id:10
path:3231,3124,3017,2910,2803,2696,2589,2482,2375,2268,2161,2054,1947,1948,1949,1950,1951,1952,1953,1954,1955,1956,1957,1958,1959,1960,1961,1962,1963,1964,1965,1966,1967,1968,1969,1970,1971,1972,1973,1974,1975,1976,1977,1978,1979,1980,1981,1982,1983,1984,1985,1986,1987,1988,1989,1990,1991,1992,1993,1994,1887,1888,1889,1782,1675,1568,1461,1354,1247,1140,1139,1138,1137,1137,1137,1137,1137,1137,1137,1137,1137,1137,1137,1137,1137,1137,1137,1137,1137,1137,
goal:1137,1137,1137,1137,1137,1137,1137,1137,1137,1137,1137,1137,1137,1137,1137,1137,1137,1137,1137,1137,1137,1137,1137,1137,1137,1137,1137,1137,1137,1137,1137,1137,1137,1137,1137,1137,1137,1137,1137,1137,1137,1137,1137,1137,1137,1137,1137,1137,1137,1137,1137,1137,1137,1137,1137,1137,1137,1137,1137,1137,1137,1137,1137,1137,1137,1137,1137,1137,1137,1137,1137,1137,1137,1137,1137,1137,1137,1137,1137,1137,1137,1137,1137,1137,1137,1137,1137,1137,1137,1137,
size:72
[agent] id:11
path:2411,2304,2197,2090,1983,1984,1985,1986,1987,1988,1989,1990,1991,1884,1885,1886,1887,1888,1889,1782,1675,1568,1461,1354,1247,1140,1033,926,819,712,711,710,709,708,708,708,708,708,708,708,708,708,708,708,708,708,708,708,708,708,708,708,708,708,708,708,708,708,708,708,708,708,708,708,708,708,708,708,708,708,708,708,708,708,708,708,708,708,708,708,708,708,708,708,708,708,708,708,708,708,
goal:708,708,708,708,708,708,708,708,708,708,708,708,708,708,708,708,708,708,708,708,708,708,708,708,708,708,708,708,708,708,708,708,708,708,708,708,708,708,708,708,708,708,708,708,708,708,708,708,708,708,708,708,708,708,708,708,708,708,708,708,708,708,708,708,708,708,708,708,708,708,708,708,708,708,708,708,708,708,708,708,708,708,708,708,708,708,708,708,708,708,
size:33
[agent] id:12
path:4131,4024,3917,3810,3703,3596,3597,3598,3599,3600,3601,3494,3387,3280,3173,3066,3065,3064,3063,3062,3061,3060,3059,3058,3057,3056,3055,3054,3053,3052,3051,3050,3049,2942,3049,3048,3047,3046,3045,3044,3043,3042,3041,3040,3039,3038,3037,3036,3035,3034,3033,3032,3031,3030,3029,3028,3027,3026,3025,3024,3131,3238,3345,3344,3343,3342,3341,3340,3447,3554,3661,3768,3875,3982,3981,3980,3979,3978,3977,3977,3977,3977,3977,3977,3977,3977,3977,3977,3977,3977,
goal:3977,3977,3977,3977,3977,3977,3977,3977,3977,3977,3977,3977,3977,3977,3977,3977,3977,3977,3977,3977,3977,3977,3977,3977,3977,3977,3977,3977,3977,3977,3977,3977,3977,3977,3977,3977,3977,3977,3977,3977,3977,3977,3977,3977,3977,3977,3977,3977,3977,3977,3977,3977,3977,3977,3977,3977,3977,3977,3977,3977,3977,3977,3977,3977,3977,3977,3977,3977,3977,3977,3977,3977,3977,3977,3977,3977,3977,3977,3977,3977,3977,3977,3977,3977,3977,3977,3977,3977,3977,3977,
size:78
[agent] id:13
path:2747,2854,2961,2960,2959,2958,2957,2956,2955,2954,2953,2952,2951,2950,2949,2948,2947,2946,2945,2944,2943,2942,2941,2940,2939,2938,2937,2937,2937,2937,2937,2937,2937,2937,2937,2937,2937,2937,2937,2937,2937,2937,2937,2937,2937,2937,2937,2937,2937,2937,2937,2937,2937,2937,2937,2937,2937,2937,2937,2937,2937,2937,2937,2937,2937,2937,2937,2937,2937,2937,2937,2937,2937,2937,2937,2937,2937,2937,2937,2937,2937,2937,2937,2937,2937,2937,2937,2937,2937,2937,
goal:2937,2937,2937,2937,2937,2937,2937,2937,2937,2937,2937,2937,2937,2937,2937,2937,2937,2937,2937,2937,2937,2937,2937,2937,2937,2937,2937,2937,2937,2937,2937,2937,2937,2937,2937,2937,2937,2937,2937,2937,2937,2937,2937,2937,2937,2937,2937,2937,2937,2937,2937,2937,2937,2937,2937,2937,2937,2937,2937,2937,2937,2937,2937,2937,2937,2937,2937,2937,2937,2937,2937,2937,2937,2937,2937,2937,2937,2937,2937,2937,2937,2937,2937,2937,2937,2937,2937,2937,2937,2937,
size:26
[agent] id:14
path:2208,2315,2422,2529,2636,2743,2742,2741,2740,2739,2738,2737,2736,2735,2734,2733,2840,2839,2838,2837,2836,2835,2834,2833,2832,2831,2830,2829,2829,2829,2829,2829,2829,2829,2829,2829,2829,2829,2829,2829,2829,2829,2829,2829,2829,2829,2829,2829,2829,2829,2829,2829,2829,2829,2829,2829,2829,2829,2829,2829,2829,2829,2829,2829,2829,2829,2829,2829,2829,2829,2829,2829,2829,2829,2829,2829,2829,2829,2829,2829,2829,2829,2829,2829,2829,2829,2829,2829,2829,2829,
goal:2829,2829,2829,2829,2829,2829,2829,2829,2829,2829,2829,2829,2829,2829,2829,2829,2829,2829,2829,2829,2829,2829,2829,2829,2829,2829,2829,2829,2829,2829,2829,2829,2829,2829,2829,2829,2829,2829,2829,2829,2829,2829,2829,2829,2829,2829,2829,2829,2829,2829,2829,2829,2829,2829,2829,2829,2829,2829,2829,2829,2829,2829,2829,2829,2829,2829,2829,2829,2829,2829,2829,2829,2829,2829,2829,2829,2829,2829,2829,2829,2829,2829,2829,2829,2829,2829,2829,2829,2829,2829,
size:27
[agent] id:15
path:1990,2097,2204,2311,2418,2525,2632,2739,2846,2953,3060,3061,3062,3169,3170,3171,3172,3173,3280,3281,3281,3281,3281,3281,3281,3281,3281,3281,3281,3281,3281,3281,3281,3281,3281,3281,3281,3281,3281,3281,3281,3281,3281,3281,3281,3281,3281,3281,3281,3281,3281,3281,3281,3281,3281,3281,3281,3281,3281,3281,3281,3281,3281,3281,3281,3281,3281,3281,3281,3281,3281,3281,3281,3281,3281,3281,3281,3281,3281,3281,3281,3281,3281,3281,3281,3281,3281,3281,3281,3281,
goal:3281,3281,3281,3281,3281,3281,3281,3281,3281,3281,3281,3281,3281,3281,3281,3281,3281,3281,3281,3281,3281,3281,3281,3281,3281,3281,3281,3281,3281,3281,3281,3281,3281,3281,3281,3281,3281,3281,3281,3281,3281,3281,3281,3281,3281,3281,3281,3281,3281,3281,3281,3281,3281,3281,3281,3281,3281,3281,3281,3281,3281,3281,3281,3281,3281,3281,3281,3281,3281,3281,3281,3281,3281,3281,3281,3281,3281,3281,3281,3281,3281,3281,3281,3281,3281,3281,3281,3281,3281,3281,
size:19
[agent] id:16
path:1306,1413,1520,1627,1734,1841,1948,2055,2162,2163,2164,2165,2166,2167,2168,2169,2170,2171,2172,2173,2174,2175,2176,2177,2178,2179,2180,2181,2182,2183,2184,2184,2184,2184,2184,2184,2184,2184,2184,2184,2184,2184,2184,2184,2184,2184,2184,2184,2184,2184,2184,2184,2184,2184,2184,2184,2184,2184,2184,2184,2184,2184,2184,2184,2184,2184,2184,2184,2184,2184,2184,2184,2184,2184,2184,2184,2184,2184,2184,2184,2184,2184,2184,2184,2184,2184,2184,2184,2184,2184,
goal:2184,2184,2184,2184,2184,2184,2184,2184,2184,2184,2184,2184,2184,2184,2184,2184,2184,2184,2184,2184,2184,2184,2184,2184,2184,2184,2184,2184,2184,2184,2184,2184,2184,2184,2184,2184,2184,2184,2184,2184,2184,2184,2184,2184,2184,2184,2184,2184,2184,2184,2184,2184,2184,2184,2184,2184,2184,2184,2184,2184,2184,2184,2184,2184,2184,2184,2184,2184,2184,2184,2184,2184,2184,2184,2184,2184,2184,2184,2184,2184,2184,2184,2184,2184,2184,2184,2184,2184,2184,2184,
size:30
[agent] id:17
path:3159,3158,3157,3050,3049,3048,3047,3046,3045,3044,3043,3042,3041,3040,3039,3038,3037,3036,3035,3034,3033,3032,3031,3030,3029,3028,3027,3026,3025,3024,3131,3238,3345,3344,3343,3342,3341,3340,3447,3554,3661,3768,3875,3982,4089,4196,4303,4410,4411,4412,4413,4414,4414,4414,4414,4414,4414,4414,4414,4414,4414,4414,4414,4414,4414,4414,4414,4414,4414,4414,4414,4414,4414,4414,4414,4414,4414,4414,4414,4414,4414,4414,4414,4414,4414,4414,4414,4414,4414,4414,
goal:4414,4414,4414,4414,4414,4414,4414,4414,4414,4414,4414,4414,4414,4414,4414,4414,4414,4414,4414,4414,4414,4414,4414,4414,4414,4414,4414,4414,4414,4414,4414,4414,4414,4414,4414,4414,4414,4414,4414,4414,4414,4414,4414,4414,4414,4414,4414,4414,4414,4414,4414,4414,4414,4414,4414,4414,4414,4414,4414,4414,4414,4414,4414,4414,4414,4414,4414,4414,4414,4414,4414,4414,4414,4414,4414,4414,4414,4414,4414,4414,4414,4414,4414,4414,4414,4414,4414,4414,4414,4414,
size:51
[agent] id:18
path:478,585,692,799,906,1013,1120,1227,1334,1441,1440,1439,1438,1545,1652,1759,1866,1973,2080,2187,2294,2401,2508,2615,2722,2829,2936,3043,3044,3045,3046,3047,3048,3049,3050,3051,3052,3053,3054,3055,3056,3057,3058,3059,3060,3061,3062,3169,3170,3171,3172,3173,3280,3387,3494,3601,3708,3815,3816,3817,3818,3819,3820,3821,3822,3822,3822,3822,3822,3822,3822,3822,3822,3822,3822,3822,3822,3822,3822,3822,3822,3822,3822,3822,3822,3822,3822,3822,3822,3822,
goal:3822,3822,3822,3822,3822,3822,3822,3822,3822,3822,3822,3822,3822,3822,3822,3822,3822,3822,3822,3822,3822,3822,3822,3822,3822,3822,3822,3822,3822,3822,3822,3822,3822,3822,3822,3822,3822,3822,3822,3822,3822,3822,3822,3822,3822,3822,3822,3822,3822,3822,3822,3822,3822,3822,3822,3822,3822,3822,3822,3822,3822,3822,3822,3822,3822,3822,3822,3822,3822,3822,3822,3822,3822,3822,3822,3822,3822,3822,3822,3822,3822,3822,3822,3822,3822,3822,3822,3822,3822,3822,
size:64
[agent] id:19
path:3055,2948,2841,2734,2627,2520,2413,2306,2307,2308,2309,2310,2311,2312,2313,2314,2314,2314,2314,2314,2314,2314,2314,2314,2314,2314,2314,2314,2314,2314,2314,2314,2314,2314,2314,2314,2314,2314,2314,2314,2314,2314,2314,2314,2314,2314,2314,2314,2314,2314,2314,2314,2314,2314,2314,2314,2314,2314,2314,2314,2314,2314,2314,2314,2314,2314,2314,2314,2314,2314,2314,2314,2314,2314,2314,2314,2314,2314,2314,2314,2314,2314,2314,2314,2314,2314,2314,2314,2314,2314,
goal:2314,2314,2314,2314,2314,2314,2314,2314,2314,2314,2314,2314,2314,2314,2314,2314,2314,2314,2314,2314,2314,2314,2314,2314,2314,2314,2314,2314,2314,2314,2314,2314,2314,2314,2314,2314,2314,2314,2314,2314,2314,2314,2314,2314,2314,2314,2314,2314,2314,2314,2314,2314,2314,2314,2314,2314,2314,2314,2314,2314,2314,2314,2314,2314,2314,2314,2314,2314,2314,2314,2314,2314,2314,2314,2314,2314,2314,2314,2314,2314,2314,2314,2314,2314,2314,2314,2314,2314,2314,2314,
size:15
SolutionCost:878
