[setting] seed:83
[solver] type:ECBS
[solver] w:3.000000
[solver] ID:0
[solver] Lowlevelnode:22086
[solver] solved:1
[solver] elapsed:0
[solver] makespan:60
[problem] timesteplimit:10000
[problem] type:MAPF
[problem] agentnum:10
[graph] width:107
[graph] height:47
[graph] filename:./map/orz601d.map
[task] id:2,start:0,end:0,service time:0,nodes:691,
[task] id:0,start:0,end:0,service time:0,nodes:3046,
[task] id:6,start:0,end:0,service time:0,nodes:4135,
[task] id:5,start:0,end:0,service time:0,nodes:884,
[task] id:9,start:0,end:0,service time:0,nodes:2425,
[task] id:8,start:0,end:0,service time:0,nodes:2088,
[task] id:3,start:0,end:0,service time:0,nodes:2774,
[task] id:1,start:0,end:0,service time:0,nodes:2935,
[task] id:7,start:0,end:0,service time:0,nodes:3043,
[task] id:4,start:0,end:0,service time:0,nodes:582,
[agent] id:0
path:2954,3061,3060,3059,3058,3057,3056,3055,3054,3053,3052,3051,3050,3049,3048,3047,3046,3046,3046,3046,3046,3046,3046,3046,3046,3046,3046,3046,3046,3046,3046,3046,3046,3046,3046,3046,3046,3046,3046,3046,3046,3046,3046,3046,3046,3046,3046,3046,3046,3046,3046,3046,3046,3046,3046,3046,3046,3046,3046,3046,3046,
goal:3046,3046,3046,3046,3046,3046,3046,3046,3046,3046,3046,3046,3046,3046,3046,3046,3046,3046,3046,3046,3046,3046,3046,3046,3046,3046,3046,3046,3046,3046,3046,3046,3046,3046,3046,3046,3046,3046,3046,3046,3046,3046,3046,3046,3046,3046,3046,3046,3046,3046,3046,3046,3046,3046,3046,3046,3046,3046,3046,3046,3046,
size:16
[agent] id:1
path:2146,2253,2360,2467,2468,2469,2470,2471,2472,2473,2474,2475,2476,2477,2478,2585,2692,2799,2906,2907,2908,2909,2910,2911,2912,2913,2914,2915,2916,2917,2918,2919,2920,2921,2922,2923,2924,2925,2926,2927,2928,2929,2930,2931,2932,2933,2934,2935,2935,2935,2935,2935,2935,2935,2935,2935,2935,2935,2935,2935,2935,
goal:2935,2935,2935,2935,2935,2935,2935,2935,2935,2935,2935,2935,2935,2935,2935,2935,2935,2935,2935,2935,2935,2935,2935,2935,2935,2935,2935,2935,2935,2935,2935,2935,2935,2935,2935,2935,2935,2935,2935,2935,2935,2935,2935,2935,2935,2935,2935,2935,2935,2935,2935,2935,2935,2935,2935,2935,2935,2935,2935,2935,2935,
size:47
[agent] id:2
path:1119,1012,905,798,691,691,691,691,691,691,691,691,691,691,691,691,691,691,691,691,691,691,691,691,691,691,691,691,691,691,691,691,691,691,691,691,691,691,691,691,691,691,691,691,691,691,691,691,691,691,691,691,691,691,691,691,691,691,691,691,691,
goal:691,691,691,691,691,691,691,691,691,691,691,691,691,691,691,691,691,691,691,691,691,691,691,691,691,691,691,691,691,691,691,691,691,691,691,691,691,691,691,691,691,691,691,691,691,691,691,691,691,691,691,691,691,691,691,691,691,691,691,691,691,
size:4
[agent] id:3
path:1138,1245,1352,1459,1460,1461,1568,1675,1782,1889,1996,2103,2210,2317,2424,2531,2638,2639,2640,2641,2642,2643,2644,2645,2646,2647,2648,2649,2650,2651,2652,2653,2654,2655,2656,2657,2658,2659,2660,2661,2662,2663,2664,2665,2772,2773,2774,2774,2774,2774,2774,2774,2774,2774,2774,2774,2774,2774,2774,2774,2774,
goal:2774,2774,2774,2774,2774,2774,2774,2774,2774,2774,2774,2774,2774,2774,2774,2774,2774,2774,2774,2774,2774,2774,2774,2774,2774,2774,2774,2774,2774,2774,2774,2774,2774,2774,2774,2774,2774,2774,2774,2774,2774,2774,2774,2774,2774,2774,2774,2774,2774,2774,2774,2774,2774,2774,2774,2774,2774,2774,2774,2774,2774,
size:46
[agent] id:4
path:4410,4303,4196,4089,3982,3875,3768,3661,3554,3447,3340,3233,3126,3019,2912,2805,2698,2591,2484,2377,2270,2163,2056,1949,1950,1951,1952,1953,1954,1955,1956,1957,1958,1959,1960,1961,1962,1963,1964,1965,1966,1967,1860,1861,1862,1863,1864,1865,1758,1651,1544,1437,1330,1223,1116,1009,902,795,688,581,582,
goal:582,582,582,582,582,582,582,582,582,582,582,582,582,582,582,582,582,582,582,582,582,582,582,582,582,582,582,582,582,582,582,582,582,582,582,582,582,582,582,582,582,582,582,582,582,582,582,582,582,582,582,582,582,582,582,582,582,582,582,582,582,
size:60
[agent] id:5
path:2152,2153,2260,2367,2368,2369,2370,2371,2264,2157,2050,1943,1836,1837,1838,1839,1840,1841,1734,1627,1520,1413,1306,1199,1092,985,878,879,880,881,882,883,884,884,884,884,884,884,884,884,884,884,884,884,884,884,884,884,884,884,884,884,884,884,884,884,884,884,884,884,884,
goal:884,884,884,884,884,884,884,884,884,884,884,884,884,884,884,884,884,884,884,884,884,884,884,884,884,884,884,884,884,884,884,884,884,884,884,884,884,884,884,884,884,884,884,884,884,884,884,884,884,884,884,884,884,884,884,884,884,884,884,884,884,
size:32
[agent] id:6
path:2634,2741,2848,2955,3062,3169,3170,3171,3172,3173,3280,3387,3494,3601,3708,3815,3922,4029,4136,4135,4135,4135,4135,4135,4135,4135,4135,4135,4135,4135,4135,4135,4135,4135,4135,4135,4135,4135,4135,4135,4135,4135,4135,4135,4135,4135,4135,4135,4135,4135,4135,4135,4135,4135,4135,4135,4135,4135,4135,4135,4135,
goal:4135,4135,4135,4135,4135,4135,4135,4135,4135,4135,4135,4135,4135,4135,4135,4135,4135,4135,4135,4135,4135,4135,4135,4135,4135,4135,4135,4135,4135,4135,4135,4135,4135,4135,4135,4135,4135,4135,4135,4135,4135,4135,4135,4135,4135,4135,4135,4135,4135,4135,4135,4135,4135,4135,4135,4135,4135,4135,4135,4135,4135,
size:19
[agent] id:7
path:2147,2254,2361,2468,2469,2470,2471,2472,2473,2474,2475,2476,2477,2478,2585,2692,2799,2906,3013,3014,3015,3016,3017,3018,3019,3020,3021,3022,3023,3024,3025,3026,3027,3028,3029,3030,3031,3032,3033,3034,3035,3036,3037,3038,3039,3040,3041,3042,3043,3043,3043,3043,3043,3043,3043,3043,3043,3043,3043,3043,3043,
goal:3043,3043,3043,3043,3043,3043,3043,3043,3043,3043,3043,3043,3043,3043,3043,3043,3043,3043,3043,3043,3043,3043,3043,3043,3043,3043,3043,3043,3043,3043,3043,3043,3043,3043,3043,3043,3043,3043,3043,3043,3043,3043,3043,3043,3043,3043,3043,3043,3043,3043,3043,3043,3043,3043,3043,3043,3043,3043,3043,3043,3043,
size:48
[agent] id:8
path:4250,4143,4036,3929,3822,3715,3714,3607,3606,3605,3604,3603,3602,3495,3388,3281,3174,3067,2960,2853,2746,2639,2532,2425,2318,2211,2104,2103,2102,2101,2100,2099,2098,2097,2096,2095,2094,2093,2092,2091,2090,2089,2088,2088,2088,2088,2088,2088,2088,2088,2088,2088,2088,2088,2088,2088,2088,2088,2088,2088,2088,
goal:2088,2088,2088,2088,2088,2088,2088,2088,2088,2088,2088,2088,2088,2088,2088,2088,2088,2088,2088,2088,2088,2088,2088,2088,2088,2088,2088,2088,2088,2088,2088,2088,2088,2088,2088,2088,2088,2088,2088,2088,2088,2088,2088,2088,2088,2088,2088,2088,2088,2088,2088,2088,2088,2088,2088,2088,2088,2088,2088,2088,2088,
size:42
[agent] id:9
path:2072,2179,2286,2393,2394,2395,2396,2397,2398,2399,2400,2401,2402,2403,2404,2405,2406,2407,2408,2409,2410,2411,2412,2413,2414,2415,2416,2417,2418,2419,2420,2421,2422,2423,2424,2425,2425,2425,2425,2425,2425,2425,2425,2425,2425,2425,2425,2425,2425,2425,2425,2425,2425,2425,2425,2425,2425,2425,2425,2425,2425,
goal:2425,2425,2425,2425,2425,2425,2425,2425,2425,2425,2425,2425,2425,2425,2425,2425,2425,2425,2425,2425,2425,2425,2425,2425,2425,2425,2425,2425,2425,2425,2425,2425,2425,2425,2425,2425,2425,2425,2425,2425,2425,2425,2425,2425,2425,2425,2425,2425,2425,2425,2425,2425,2425,2425,2425,2425,2425,2425,2425,2425,2425,
size:35
SolutionCost:349
