[setting] seed:5
[solver] type:ECBS
[solver] w:3.000000
[solver] ID:0
[solver] Lowlevelnode:2813
[solver] solved:1
[solver] elapsed:44
[solver] makespan:76
[problem] timesteplimit:10000
[problem] type:MAPF
[problem] agentnum:20
[graph] width:107
[graph] height:47
[graph] filename:./map/orz601d.map
[task] id:5,start:0,end:0,service time:0,nodes:2437,
[task] id:16,start:0,end:0,service time:0,nodes:2620,
[task] id:10,start:0,end:0,service time:0,nodes:2411,
[task] id:18,start:0,end:0,service time:0,nodes:2339,
[task] id:8,start:0,end:0,service time:0,nodes:1865,
[task] id:9,start:0,end:0,service time:0,nodes:2698,
[task] id:14,start:0,end:0,service time:0,nodes:1720,
[task] id:2,start:0,end:0,service time:0,nodes:2932,
[task] id:15,start:0,end:0,service time:0,nodes:2860,
[task] id:0,start:0,end:0,service time:0,nodes:1302,
[task] id:7,start:0,end:0,service time:0,nodes:4084,
[task] id:1,start:0,end:0,service time:0,nodes:2799,
[task] id:13,start:0,end:0,service time:0,nodes:2777,
[task] id:3,start:0,end:0,service time:0,nodes:2812,
[task] id:6,start:0,end:0,service time:0,nodes:4513,
[task] id:12,start:0,end:0,service time:0,nodes:799,
[task] id:17,start:0,end:0,service time:0,nodes:3605,
[task] id:4,start:0,end:0,service time:0,nodes:2151,
[task] id:11,start:0,end:0,service time:0,nodes:1794,
[task] id:19,start:0,end:0,service time:0,nodes:4141,
[agent] id:0
path:2404,2297,2190,2083,1976,1975,1974,1973,1972,1971,1970,1969,1968,1967,1966,1965,1964,1963,1962,1961,1960,1959,1958,1957,1956,1955,1954,1847,1846,1845,1844,1843,1842,1735,1628,1521,1414,1307,1306,1305,1304,1303,1302,1302,1302,1302,1302,1302,1302,1302,1302,1302,1302,1302,1302,1302,1302,1302,1302,1302,1302,1302,1302,1302,1302,1302,1302,1302,1302,1302,1302,1302,1302,1302,1302,1302,1302,
goal:1302,1302,1302,1302,1302,1302,1302,1302,1302,1302,1302,1302,1302,1302,1302,1302,1302,1302,1302,1302,1302,1302,1302,1302,1302,1302,1302,1302,1302,1302,1302,1302,1302,1302,1302,1302,1302,1302,1302,1302,1302,1302,1302,1302,1302,1302,1302,1302,1302,1302,1302,1302,1302,1302,1302,1302,1302,1302,1302,1302,1302,1302,1302,1302,1302,1302,1302,1302,1302,1302,1302,1302,1302,1302,1302,1302,1302,
size:42
[agent] id:1
path:687,794,901,1008,1115,1222,1329,1436,1437,1544,1651,1758,1865,1972,2079,2186,2293,2400,2507,2614,2721,2828,2827,2826,2825,2824,2823,2822,2821,2820,2819,2818,2817,2816,2815,2814,2813,2812,2811,2810,2809,2808,2807,2806,2805,2804,2803,2802,2801,2800,2799,2799,2799,2799,2799,2799,2799,2799,2799,2799,2799,2799,2799,2799,2799,2799,2799,2799,2799,2799,2799,2799,2799,2799,2799,2799,2799,
goal:2799,2799,2799,2799,2799,2799,2799,2799,2799,2799,2799,2799,2799,2799,2799,2799,2799,2799,2799,2799,2799,2799,2799,2799,2799,2799,2799,2799,2799,2799,2799,2799,2799,2799,2799,2799,2799,2799,2799,2799,2799,2799,2799,2799,2799,2799,2799,2799,2799,2799,2799,2799,2799,2799,2799,2799,2799,2799,2799,2799,2799,2799,2799,2799,2799,2799,2799,2799,2799,2799,2799,2799,2799,2799,2799,2799,2799,
size:50
[agent] id:2
path:2258,2365,2472,2473,2474,2475,2476,2477,2478,2585,2692,2799,2906,2907,2908,2909,2910,2911,2912,2913,2914,2915,2916,2917,2918,2919,2920,2921,2922,2923,2924,2925,2926,2927,2928,2929,2930,2931,2932,2932,2932,2932,2932,2932,2932,2932,2932,2932,2932,2932,2932,2932,2932,2932,2932,2932,2932,2932,2932,2932,2932,2932,2932,2932,2932,2932,2932,2932,2932,2932,2932,2932,2932,2932,2932,2932,2932,
goal:2932,2932,2932,2932,2932,2932,2932,2932,2932,2932,2932,2932,2932,2932,2932,2932,2932,2932,2932,2932,2932,2932,2932,2932,2932,2932,2932,2932,2932,2932,2932,2932,2932,2932,2932,2932,2932,2932,2932,2932,2932,2932,2932,2932,2932,2932,2932,2932,2932,2932,2932,2932,2932,2932,2932,2932,2932,2932,2932,2932,2932,2932,2932,2932,2932,2932,2932,2932,2932,2932,2932,2932,2932,2932,2932,2932,2932,
size:38
[agent] id:3
path:816,923,1030,1137,1244,1351,1458,1459,1460,1461,1568,1675,1782,1889,1996,2103,2210,2317,2424,2531,2638,2745,2744,2743,2742,2741,2740,2847,2846,2845,2844,2843,2842,2841,2840,2839,2838,2837,2836,2835,2834,2833,2832,2831,2830,2829,2828,2827,2826,2825,2824,2823,2822,2821,2820,2819,2818,2817,2816,2815,2814,2813,2812,2812,2812,2812,2812,2812,2812,2812,2812,2812,2812,2812,2812,2812,2812,
goal:2812,2812,2812,2812,2812,2812,2812,2812,2812,2812,2812,2812,2812,2812,2812,2812,2812,2812,2812,2812,2812,2812,2812,2812,2812,2812,2812,2812,2812,2812,2812,2812,2812,2812,2812,2812,2812,2812,2812,2812,2812,2812,2812,2812,2812,2812,2812,2812,2812,2812,2812,2812,2812,2812,2812,2812,2812,2812,2812,2812,2812,2812,2812,2812,2812,2812,2812,2812,2812,2812,2812,2812,2812,2812,2812,2812,2812,
size:62
[agent] id:4
path:1350,1457,1458,1459,1460,1461,1568,1675,1782,1889,1996,2103,2210,2209,2208,2207,2206,2205,2204,2203,2202,2201,2200,2199,2198,2197,2196,2195,2194,2193,2192,2191,2190,2189,2188,2187,2186,2185,2184,2183,2182,2181,2180,2179,2178,2177,2176,2175,2174,2173,2172,2171,2170,2169,2168,2167,2166,2165,2164,2163,2162,2161,2160,2159,2158,2157,2264,2371,2370,2369,2368,2367,2260,2153,2152,2151,2151,
goal:2151,2151,2151,2151,2151,2151,2151,2151,2151,2151,2151,2151,2151,2151,2151,2151,2151,2151,2151,2151,2151,2151,2151,2151,2151,2151,2151,2151,2151,2151,2151,2151,2151,2151,2151,2151,2151,2151,2151,2151,2151,2151,2151,2151,2151,2151,2151,2151,2151,2151,2151,2151,2151,2151,2151,2151,2151,2151,2151,2151,2151,2151,2151,2151,2151,2151,2151,2151,2151,2151,2151,2151,2151,2151,2151,2151,2151,
size:75
[agent] id:5
path:2543,2436,2437,2437,2437,2437,2437,2437,2437,2437,2437,2437,2437,2437,2437,2437,2437,2437,2437,2437,2437,2437,2437,2437,2437,2437,2437,2437,2437,2437,2437,2437,2437,2437,2437,2437,2437,2437,2437,2437,2437,2437,2437,2437,2437,2437,2437,2437,2437,2437,2437,2437,2437,2437,2437,2437,2437,2437,2437,2437,2437,2437,2437,2437,2437,2437,2437,2437,2437,2437,2437,2437,2437,2437,2437,2437,2437,
goal:2437,2437,2437,2437,2437,2437,2437,2437,2437,2437,2437,2437,2437,2437,2437,2437,2437,2437,2437,2437,2437,2437,2437,2437,2437,2437,2437,2437,2437,2437,2437,2437,2437,2437,2437,2437,2437,2437,2437,2437,2437,2437,2437,2437,2437,2437,2437,2437,2437,2437,2437,2437,2437,2437,2437,2437,2437,2437,2437,2437,2437,2437,2437,2437,2437,2437,2437,2437,2437,2437,2437,2437,2437,2437,2437,2437,2437,
size:2
[agent] id:6
path:1007,1114,1221,1328,1435,1436,1437,1544,1651,1758,1865,1972,2079,2186,2293,2400,2507,2614,2721,2828,2935,3042,3041,3040,3039,3038,3037,3036,3035,3034,3033,3032,3031,3030,3029,3028,3027,3026,3025,3024,3131,3238,3345,3344,3343,3342,3341,3340,3447,3554,3661,3768,3875,3982,4089,4196,4303,4410,4409,4408,4515,4514,4513,4513,4513,4513,4513,4513,4513,4513,4513,4513,4513,4513,4513,4513,4513,
goal:4513,4513,4513,4513,4513,4513,4513,4513,4513,4513,4513,4513,4513,4513,4513,4513,4513,4513,4513,4513,4513,4513,4513,4513,4513,4513,4513,4513,4513,4513,4513,4513,4513,4513,4513,4513,4513,4513,4513,4513,4513,4513,4513,4513,4513,4513,4513,4513,4513,4513,4513,4513,4513,4513,4513,4513,4513,4513,4513,4513,4513,4513,4513,4513,4513,4513,4513,4513,4513,4513,4513,4513,4513,4513,4513,4513,4513,
size:62
[agent] id:7
path:2724,2831,2938,3045,3044,3043,3042,3041,3040,3039,3038,3037,3036,3035,3034,3033,3032,3031,3030,3029,3028,3027,3026,3025,3024,3131,3238,3345,3344,3343,3342,3341,3340,3447,3554,3661,3768,3875,3982,4089,4088,4087,4086,4085,4084,4084,4084,4084,4084,4084,4084,4084,4084,4084,4084,4084,4084,4084,4084,4084,4084,4084,4084,4084,4084,4084,4084,4084,4084,4084,4084,4084,4084,4084,4084,4084,4084,
goal:4084,4084,4084,4084,4084,4084,4084,4084,4084,4084,4084,4084,4084,4084,4084,4084,4084,4084,4084,4084,4084,4084,4084,4084,4084,4084,4084,4084,4084,4084,4084,4084,4084,4084,4084,4084,4084,4084,4084,4084,4084,4084,4084,4084,4084,4084,4084,4084,4084,4084,4084,4084,4084,4084,4084,4084,4084,4084,4084,4084,4084,4084,4084,4084,4084,4084,4084,4084,4084,4084,4084,4084,4084,4084,4084,4084,4084,
size:44
[agent] id:8
path:2281,2174,2067,1960,1961,1962,1963,1964,1965,1966,1967,1860,1861,1862,1863,1864,1865,1865,1865,1865,1865,1865,1865,1865,1865,1865,1865,1865,1865,1865,1865,1865,1865,1865,1865,1865,1865,1865,1865,1865,1865,1865,1865,1865,1865,1865,1865,1865,1865,1865,1865,1865,1865,1865,1865,1865,1865,1865,1865,1865,1865,1865,1865,1865,1865,1865,1865,1865,1865,1865,1865,1865,1865,1865,1865,1865,1865,
goal:1865,1865,1865,1865,1865,1865,1865,1865,1865,1865,1865,1865,1865,1865,1865,1865,1865,1865,1865,1865,1865,1865,1865,1865,1865,1865,1865,1865,1865,1865,1865,1865,1865,1865,1865,1865,1865,1865,1865,1865,1865,1865,1865,1865,1865,1865,1865,1865,1865,1865,1865,1865,1865,1865,1865,1865,1865,1865,1865,1865,1865,1865,1865,1865,1865,1865,1865,1865,1865,1865,1865,1865,1865,1865,1865,1865,1865,
size:16
[agent] id:9
path:2792,2685,2686,2687,2688,2581,2474,2475,2476,2477,2478,2585,2692,2693,2694,2695,2696,2697,2698,2698,2698,2698,2698,2698,2698,2698,2698,2698,2698,2698,2698,2698,2698,2698,2698,2698,2698,2698,2698,2698,2698,2698,2698,2698,2698,2698,2698,2698,2698,2698,2698,2698,2698,2698,2698,2698,2698,2698,2698,2698,2698,2698,2698,2698,2698,2698,2698,2698,2698,2698,2698,2698,2698,2698,2698,2698,2698,
goal:2698,2698,2698,2698,2698,2698,2698,2698,2698,2698,2698,2698,2698,2698,2698,2698,2698,2698,2698,2698,2698,2698,2698,2698,2698,2698,2698,2698,2698,2698,2698,2698,2698,2698,2698,2698,2698,2698,2698,2698,2698,2698,2698,2698,2698,2698,2698,2698,2698,2698,2698,2698,2698,2698,2698,2698,2698,2698,2698,2698,2698,2698,2698,2698,2698,2698,2698,2698,2698,2698,2698,2698,2698,2698,2698,2698,2698,
size:18
[agent] id:10
path:2525,2418,2417,2416,2415,2414,2413,2412,2411,2411,2411,2411,2411,2411,2411,2411,2411,2411,2411,2411,2411,2411,2411,2411,2411,2411,2411,2411,2411,2411,2411,2411,2411,2411,2411,2411,2411,2411,2411,2411,2411,2411,2411,2411,2411,2411,2411,2411,2411,2411,2411,2411,2411,2411,2411,2411,2411,2411,2411,2411,2411,2411,2411,2411,2411,2411,2411,2411,2411,2411,2411,2411,2411,2411,2411,2411,2411,
goal:2411,2411,2411,2411,2411,2411,2411,2411,2411,2411,2411,2411,2411,2411,2411,2411,2411,2411,2411,2411,2411,2411,2411,2411,2411,2411,2411,2411,2411,2411,2411,2411,2411,2411,2411,2411,2411,2411,2411,2411,2411,2411,2411,2411,2411,2411,2411,2411,2411,2411,2411,2411,2411,2411,2411,2411,2411,2411,2411,2411,2411,2411,2411,2411,2411,2411,2411,2411,2411,2411,2411,2411,2411,2411,2411,2411,2411,
size:8
[agent] id:11
path:3123,3016,2909,2802,2695,2588,2481,2374,2267,2160,2053,2054,2055,2056,2057,2058,2059,2060,2061,2062,2063,2064,2065,2066,2067,2068,2069,2070,2071,2072,2073,2074,2075,2076,2077,2078,2079,2080,2081,2082,2083,2084,2085,2086,1979,1980,1981,1982,1983,1984,1985,1986,1987,1988,1989,1990,1991,1992,1993,1994,1995,1996,1997,1998,1999,2000,2001,2002,2003,2004,2005,2006,2007,1900,1901,1794,1794,
goal:1794,1794,1794,1794,1794,1794,1794,1794,1794,1794,1794,1794,1794,1794,1794,1794,1794,1794,1794,1794,1794,1794,1794,1794,1794,1794,1794,1794,1794,1794,1794,1794,1794,1794,1794,1794,1794,1794,1794,1794,1794,1794,1794,1794,1794,1794,1794,1794,1794,1794,1794,1794,1794,1794,1794,1794,1794,1794,1794,1794,1794,1794,1794,1794,1794,1794,1794,1794,1794,1794,1794,1794,1794,1794,1794,1794,1794,
size:75
[agent] id:12
path:3081,2974,2867,2760,2653,2546,2439,2332,2225,2118,2011,2010,2009,2008,2007,2006,2005,2004,2003,2002,2001,2000,1999,1998,1997,1996,1995,1994,1993,1992,1991,1990,1989,1988,1987,1986,1985,1984,1983,1982,1981,1980,1979,1978,1871,1870,1869,1868,1867,1866,1759,1652,1545,1438,1331,1224,1117,1010,903,796,797,798,799,799,799,799,799,799,799,799,799,799,799,799,799,799,799,
goal:799,799,799,799,799,799,799,799,799,799,799,799,799,799,799,799,799,799,799,799,799,799,799,799,799,799,799,799,799,799,799,799,799,799,799,799,799,799,799,799,799,799,799,799,799,799,799,799,799,799,799,799,799,799,799,799,799,799,799,799,799,799,799,799,799,799,799,799,799,799,799,799,799,799,799,799,799,
size:62
[agent] id:13
path:1030,1137,1244,1351,1458,1459,1460,1461,1568,1675,1782,1889,1996,2103,2210,2317,2424,2531,2638,2639,2640,2641,2642,2643,2644,2645,2646,2647,2648,2649,2650,2651,2652,2653,2654,2655,2656,2657,2658,2659,2660,2661,2662,2663,2664,2665,2772,2773,2774,2775,2776,2777,2777,2777,2777,2777,2777,2777,2777,2777,2777,2777,2777,2777,2777,2777,2777,2777,2777,2777,2777,2777,2777,2777,2777,2777,2777,
goal:2777,2777,2777,2777,2777,2777,2777,2777,2777,2777,2777,2777,2777,2777,2777,2777,2777,2777,2777,2777,2777,2777,2777,2777,2777,2777,2777,2777,2777,2777,2777,2777,2777,2777,2777,2777,2777,2777,2777,2777,2777,2777,2777,2777,2777,2777,2777,2777,2777,2777,2777,2777,2777,2777,2777,2777,2777,2777,2777,2777,2777,2777,2777,2777,2777,2777,2777,2777,2777,2777,2777,2777,2777,2777,2777,2777,2777,
size:51
[agent] id:14
path:1194,1301,1302,1409,1410,1411,1412,1413,1520,1627,1734,1841,1840,1839,1838,1837,1836,1943,2050,2157,2264,2371,2370,2369,2368,2367,2260,2153,2046,1939,1938,1831,1724,1723,1722,1721,1720,1720,1720,1720,1720,1720,1720,1720,1720,1720,1720,1720,1720,1720,1720,1720,1720,1720,1720,1720,1720,1720,1720,1720,1720,1720,1720,1720,1720,1720,1720,1720,1720,1720,1720,1720,1720,1720,1720,1720,1720,
goal:1720,1720,1720,1720,1720,1720,1720,1720,1720,1720,1720,1720,1720,1720,1720,1720,1720,1720,1720,1720,1720,1720,1720,1720,1720,1720,1720,1720,1720,1720,1720,1720,1720,1720,1720,1720,1720,1720,1720,1720,1720,1720,1720,1720,1720,1720,1720,1720,1720,1720,1720,1720,1720,1720,1720,1720,1720,1720,1720,1720,1720,1720,1720,1720,1720,1720,1720,1720,1720,1720,1720,1720,1720,1720,1720,1720,1720,
size:36
[agent] id:15
path:2503,2610,2717,2824,2825,2826,2827,2828,2829,2830,2831,2832,2833,2834,2835,2836,2837,2838,2839,2840,2841,2842,2843,2844,2845,2846,2847,2848,2849,2850,2851,2852,2853,2854,2855,2856,2857,2858,2859,2860,2860,2860,2860,2860,2860,2860,2860,2860,2860,2860,2860,2860,2860,2860,2860,2860,2860,2860,2860,2860,2860,2860,2860,2860,2860,2860,2860,2860,2860,2860,2860,2860,2860,2860,2860,2860,2860,
goal:2860,2860,2860,2860,2860,2860,2860,2860,2860,2860,2860,2860,2860,2860,2860,2860,2860,2860,2860,2860,2860,2860,2860,2860,2860,2860,2860,2860,2860,2860,2860,2860,2860,2860,2860,2860,2860,2860,2860,2860,2860,2860,2860,2860,2860,2860,2860,2860,2860,2860,2860,2860,2860,2860,2860,2860,2860,2860,2860,2860,2860,2860,2860,2860,2860,2860,2860,2860,2860,2860,2860,2860,2860,2860,2860,2860,2860,
size:39
[agent] id:16
path:2832,2725,2618,2619,2620,2620,2620,2620,2620,2620,2620,2620,2620,2620,2620,2620,2620,2620,2620,2620,2620,2620,2620,2620,2620,2620,2620,2620,2620,2620,2620,2620,2620,2620,2620,2620,2620,2620,2620,2620,2620,2620,2620,2620,2620,2620,2620,2620,2620,2620,2620,2620,2620,2620,2620,2620,2620,2620,2620,2620,2620,2620,2620,2620,2620,2620,2620,2620,2620,2620,2620,2620,2620,2620,2620,2620,2620,
goal:2620,2620,2620,2620,2620,2620,2620,2620,2620,2620,2620,2620,2620,2620,2620,2620,2620,2620,2620,2620,2620,2620,2620,2620,2620,2620,2620,2620,2620,2620,2620,2620,2620,2620,2620,2620,2620,2620,2620,2620,2620,2620,2620,2620,2620,2620,2620,2620,2620,2620,2620,2620,2620,2620,2620,2620,2620,2620,2620,2620,2620,2620,2620,2620,2620,2620,2620,2620,2620,2620,2620,2620,2620,2620,2620,2620,2620,
size:4
[agent] id:17
path:2267,2374,2481,2588,2589,2696,2803,2910,2911,2912,2913,2914,2915,2916,2917,2918,2919,2920,2921,2922,2923,2924,2925,2926,2927,2928,2929,2930,3037,3038,3039,3040,3041,3042,3043,3044,3045,3046,3047,3048,3049,3050,3051,3052,3053,3054,3055,3056,3057,3058,3059,3060,3061,3062,3169,3170,3171,3172,3173,3280,3387,3494,3601,3602,3603,3604,3605,3605,3605,3605,3605,3605,3605,3605,3605,3605,3605,
goal:3605,3605,3605,3605,3605,3605,3605,3605,3605,3605,3605,3605,3605,3605,3605,3605,3605,3605,3605,3605,3605,3605,3605,3605,3605,3605,3605,3605,3605,3605,3605,3605,3605,3605,3605,3605,3605,3605,3605,3605,3605,3605,3605,3605,3605,3605,3605,3605,3605,3605,3605,3605,3605,3605,3605,3605,3605,3605,3605,3605,3605,3605,3605,3605,3605,3605,3605,3605,3605,3605,3605,3605,3605,3605,3605,3605,3605,
size:66
[agent] id:18
path:2542,2435,2328,2329,2330,2331,2332,2333,2334,2335,2336,2337,2338,2339,2339,2339,2339,2339,2339,2339,2339,2339,2339,2339,2339,2339,2339,2339,2339,2339,2339,2339,2339,2339,2339,2339,2339,2339,2339,2339,2339,2339,2339,2339,2339,2339,2339,2339,2339,2339,2339,2339,2339,2339,2339,2339,2339,2339,2339,2339,2339,2339,2339,2339,2339,2339,2339,2339,2339,2339,2339,2339,2339,2339,2339,2339,2339,
goal:2339,2339,2339,2339,2339,2339,2339,2339,2339,2339,2339,2339,2339,2339,2339,2339,2339,2339,2339,2339,2339,2339,2339,2339,2339,2339,2339,2339,2339,2339,2339,2339,2339,2339,2339,2339,2339,2339,2339,2339,2339,2339,2339,2339,2339,2339,2339,2339,2339,2339,2339,2339,2339,2339,2339,2339,2339,2339,2339,2339,2339,2339,2339,2339,2339,2339,2339,2339,2339,2339,2339,2339,2339,2339,2339,2339,2339,
size:13
[agent] id:19
path:2475,2476,2477,2478,2585,2692,2799,2906,2907,2908,2909,2910,2911,2912,2913,2914,2915,2916,2917,2918,2919,2920,2921,2922,2923,2924,2925,2926,2927,2928,3035,3036,3037,3038,3039,3040,3041,3042,3043,3044,3045,3046,3047,3048,3049,3050,3051,3052,3053,3054,3055,3056,3057,3058,3059,3060,3061,3062,3169,3170,3171,3172,3173,3280,3387,3494,3601,3708,3815,3922,4029,4136,4137,4138,4139,4140,4141,
goal:4141,4141,4141,4141,4141,4141,4141,4141,4141,4141,4141,4141,4141,4141,4141,4141,4141,4141,4141,4141,4141,4141,4141,4141,4141,4141,4141,4141,4141,4141,4141,4141,4141,4141,4141,4141,4141,4141,4141,4141,4141,4141,4141,4141,4141,4141,4141,4141,4141,4141,4141,4141,4141,4141,4141,4141,4141,4141,4141,4141,4141,4141,4141,4141,4141,4141,4141,4141,4141,4141,4141,4141,4141,4141,4141,4141,4141,
size:76
SolutionCost:839
