[setting] seed:55
[solver] type:ECBS
[solver] w:3.000000
[solver] ID:0
[solver] Lowlevelnode:42175
[solver] solved:1
[solver] elapsed:318
[solver] makespan:89
[problem] timesteplimit:10000
[problem] type:MAPF
[problem] agentnum:30
[graph] width:107
[graph] height:47
[graph] filename:./map/orz601d.map
[task] id:10,start:0,end:0,service time:0,nodes:982,
[task] id:8,start:0,end:0,service time:0,nodes:1952,
[task] id:19,start:0,end:0,service time:0,nodes:2633,
[task] id:18,start:0,end:0,service time:0,nodes:772,
[task] id:22,start:0,end:0,service time:0,nodes:2929,
[task] id:20,start:0,end:0,service time:0,nodes:2716,
[task] id:17,start:0,end:0,service time:0,nodes:2968,
[task] id:0,start:0,end:0,service time:0,nodes:2880,
[task] id:15,start:0,end:0,service time:0,nodes:2093,
[task] id:11,start:0,end:0,service time:0,nodes:2639,
[task] id:1,start:0,end:0,service time:0,nodes:2242,
[task] id:14,start:0,end:0,service time:0,nodes:1998,
[task] id:24,start:0,end:0,service time:0,nodes:2230,
[task] id:9,start:0,end:0,service time:0,nodes:2108,
[task] id:16,start:0,end:0,service time:0,nodes:1979,
[task] id:7,start:0,end:0,service time:0,nodes:4458,
[task] id:13,start:0,end:0,service time:0,nodes:2606,
[task] id:23,start:0,end:0,service time:0,nodes:2699,
[task] id:3,start:0,end:0,service time:0,nodes:3601,
[task] id:29,start:0,end:0,service time:0,nodes:3187,
[task] id:2,start:0,end:0,service time:0,nodes:2016,
[task] id:4,start:0,end:0,service time:0,nodes:1337,
[task] id:25,start:0,end:0,service time:0,nodes:823,
[task] id:6,start:0,end:0,service time:0,nodes:2045,
[task] id:12,start:0,end:0,service time:0,nodes:2376,
[task] id:21,start:0,end:0,service time:0,nodes:4356,
[task] id:27,start:0,end:0,service time:0,nodes:2044,
[task] id:28,start:0,end:0,service time:0,nodes:394,
[task] id:5,start:0,end:0,service time:0,nodes:2260,
[task] id:26,start:0,end:0,service time:0,nodes:2124,
[agent] id:0
path:2745,2746,2747,2748,2749,2750,2751,2752,2753,2754,2755,2756,2757,2758,2759,2760,2761,2762,2763,2764,2765,2766,2767,2660,2661,2662,2663,2664,2665,2772,2879,2880,2880,2880,2880,2880,2880,2880,2880,2880,2880,2880,2880,2880,2880,2880,2880,2880,2880,2880,2880,2880,2880,2880,2880,2880,2880,2880,2880,2880,2880,2880,2880,2880,2880,2880,2880,2880,2880,2880,2880,2880,2880,2880,2880,2880,2880,2880,2880,2880,2880,2880,2880,2880,2880,2880,2880,2880,2880,2880,
goal:2880,2880,2880,2880,2880,2880,2880,2880,2880,2880,2880,2880,2880,2880,2880,2880,2880,2880,2880,2880,2880,2880,2880,2880,2880,2880,2880,2880,2880,2880,2880,2880,2880,2880,2880,2880,2880,2880,2880,2880,2880,2880,2880,2880,2880,2880,2880,2880,2880,2880,2880,2880,2880,2880,2880,2880,2880,2880,2880,2880,2880,2880,2880,2880,2880,2880,2880,2880,2880,2880,2880,2880,2880,2880,2880,2880,2880,2880,2880,2880,2880,2880,2880,2880,2880,2880,2880,2880,2880,2880,
size:31
[agent] id:1
path:3073,2966,2859,2752,2645,2538,2431,2432,2433,2434,2435,2436,2437,2438,2439,2440,2441,2442,2443,2444,2445,2446,2447,2448,2449,2450,2451,2344,2237,2238,2239,2240,2241,2242,2242,2242,2242,2242,2242,2242,2242,2242,2242,2242,2242,2242,2242,2242,2242,2242,2242,2242,2242,2242,2242,2242,2242,2242,2242,2242,2242,2242,2242,2242,2242,2242,2242,2242,2242,2242,2242,2242,2242,2242,2242,2242,2242,2242,2242,2242,2242,2242,2242,2242,2242,2242,2242,2242,2242,2242,
goal:2242,2242,2242,2242,2242,2242,2242,2242,2242,2242,2242,2242,2242,2242,2242,2242,2242,2242,2242,2242,2242,2242,2242,2242,2242,2242,2242,2242,2242,2242,2242,2242,2242,2242,2242,2242,2242,2242,2242,2242,2242,2242,2242,2242,2242,2242,2242,2242,2242,2242,2242,2242,2242,2242,2242,2242,2242,2242,2242,2242,2242,2242,2242,2242,2242,2242,2242,2242,2242,2242,2242,2242,2242,2242,2242,2242,2242,2242,2242,2242,2242,2242,2242,2242,2242,2242,2242,2242,2242,2242,
size:33
[agent] id:2
path:801,908,1015,1122,1229,1336,1443,1442,1441,1440,1439,1438,1545,1652,1759,1866,1973,1974,1975,1976,1977,1978,1979,1980,1981,1982,1983,1984,1985,1986,1987,1988,1989,1990,1991,1992,1993,1994,1995,1996,1997,2104,2105,2106,1999,2000,2001,2002,2003,2004,2005,2006,2007,2008,2009,2010,2011,2012,2013,2014,2015,2016,2016,2016,2016,2016,2016,2016,2016,2016,2016,2016,2016,2016,2016,2016,2016,2016,2016,2016,2016,2016,2016,2016,2016,2016,2016,2016,2016,2016,
goal:2016,2016,2016,2016,2016,2016,2016,2016,2016,2016,2016,2016,2016,2016,2016,2016,2016,2016,2016,2016,2016,2016,2016,2016,2016,2016,2016,2016,2016,2016,2016,2016,2016,2016,2016,2016,2016,2016,2016,2016,2016,2016,2016,2016,2016,2016,2016,2016,2016,2016,2016,2016,2016,2016,2016,2016,2016,2016,2016,2016,2016,2016,2016,2016,2016,2016,2016,2016,2016,2016,2016,2016,2016,2016,2016,2016,2016,2016,2016,2016,2016,2016,2016,2016,2016,2016,2016,2016,2016,2016,
size:61
[agent] id:3
path:3017,3018,3019,3020,3021,3022,3023,3024,3025,3026,3027,3028,3029,3030,3031,3032,3033,3034,3035,3036,3037,3038,3039,3040,3041,3042,3043,3044,3045,3046,3047,3048,3049,3050,3051,3052,3053,3054,3055,3056,3057,3058,3059,3060,3061,3062,3169,3170,3171,3172,3173,3280,3387,3494,3601,3601,3601,3601,3601,3601,3601,3601,3601,3601,3601,3601,3601,3601,3601,3601,3601,3601,3601,3601,3601,3601,3601,3601,3601,3601,3601,3601,3601,3601,3601,3601,3601,3601,3601,3601,
goal:3601,3601,3601,3601,3601,3601,3601,3601,3601,3601,3601,3601,3601,3601,3601,3601,3601,3601,3601,3601,3601,3601,3601,3601,3601,3601,3601,3601,3601,3601,3601,3601,3601,3601,3601,3601,3601,3601,3601,3601,3601,3601,3601,3601,3601,3601,3601,3601,3601,3601,3601,3601,3601,3601,3601,3601,3601,3601,3601,3601,3601,3601,3601,3601,3601,3601,3601,3601,3601,3601,3601,3601,3601,3601,3601,3601,3601,3601,3601,3601,3601,3601,3601,3601,3601,3601,3601,3601,3601,3601,
size:54
[agent] id:4
path:4562,4455,4348,4241,4134,4027,3920,3813,3706,3599,3600,3601,3494,3387,3280,3173,3066,2959,2852,2745,2638,2531,2530,2423,2316,2209,2208,2207,2206,2205,2204,2203,2202,2201,2200,2199,2092,2091,2090,2089,2088,2087,2086,2085,1978,1871,1870,1869,1868,1867,1866,1759,1652,1545,1438,1331,1332,1333,1334,1335,1336,1337,1337,1337,1337,1337,1337,1337,1337,1337,1337,1337,1337,1337,1337,1337,1337,1337,1337,1337,1337,1337,1337,1337,1337,1337,1337,1337,1337,1337,
goal:1337,1337,1337,1337,1337,1337,1337,1337,1337,1337,1337,1337,1337,1337,1337,1337,1337,1337,1337,1337,1337,1337,1337,1337,1337,1337,1337,1337,1337,1337,1337,1337,1337,1337,1337,1337,1337,1337,1337,1337,1337,1337,1337,1337,1337,1337,1337,1337,1337,1337,1337,1337,1337,1337,1337,1337,1337,1337,1337,1337,1337,1337,1337,1337,1337,1337,1337,1337,1337,1337,1337,1337,1337,1337,1337,1337,1337,1337,1337,1337,1337,1337,1337,1337,1337,1337,1337,1337,1337,1337,
size:61
[agent] id:5
path:2773,2666,2559,2558,2557,2556,2555,2554,2553,2552,2551,2550,2549,2548,2547,2546,2545,2544,2543,2542,2541,2540,2539,2538,2537,2536,2535,2534,2533,2532,2531,2530,2529,2528,2527,2526,2525,2524,2523,2522,2521,2520,2519,2518,2517,2516,2515,2514,2513,2512,2511,2510,2509,2508,2507,2506,2505,2504,2503,2502,2501,2500,2499,2498,2497,2496,2495,2494,2493,2492,2491,2490,2489,2488,2487,2486,2485,2484,2483,2482,2375,2374,2373,2372,2371,2370,2369,2368,2367,2260,
goal:2260,2260,2260,2260,2260,2260,2260,2260,2260,2260,2260,2260,2260,2260,2260,2260,2260,2260,2260,2260,2260,2260,2260,2260,2260,2260,2260,2260,2260,2260,2260,2260,2260,2260,2260,2260,2260,2260,2260,2260,2260,2260,2260,2260,2260,2260,2260,2260,2260,2260,2260,2260,2260,2260,2260,2260,2260,2260,2260,2260,2260,2260,2260,2260,2260,2260,2260,2260,2260,2260,2260,2260,2260,2260,2260,2260,2260,2260,2260,2260,2260,2260,2260,2260,2260,2260,2260,2260,2260,2260,
size:89
[agent] id:6
path:2532,2425,2424,2423,2422,2421,2420,2419,2418,2417,2416,2415,2414,2413,2412,2411,2410,2409,2408,2407,2406,2405,2404,2403,2402,2401,2400,2399,2398,2397,2396,2395,2394,2393,2392,2391,2390,2389,2388,2387,2386,2385,2384,2383,2382,2381,2380,2379,2378,2377,2376,2375,2374,2373,2372,2371,2370,2369,2368,2367,2260,2153,2046,2045,2045,2045,2045,2045,2045,2045,2045,2045,2045,2045,2045,2045,2045,2045,2045,2045,2045,2045,2045,2045,2045,2045,2045,2045,2045,2045,
goal:2045,2045,2045,2045,2045,2045,2045,2045,2045,2045,2045,2045,2045,2045,2045,2045,2045,2045,2045,2045,2045,2045,2045,2045,2045,2045,2045,2045,2045,2045,2045,2045,2045,2045,2045,2045,2045,2045,2045,2045,2045,2045,2045,2045,2045,2045,2045,2045,2045,2045,2045,2045,2045,2045,2045,2045,2045,2045,2045,2045,2045,2045,2045,2045,2045,2045,2045,2045,2045,2045,2045,2045,2045,2045,2045,2045,2045,2045,2045,2045,2045,2045,2045,2045,2045,2045,2045,2045,2045,2045,
size:63
[agent] id:7
path:389,496,603,710,817,924,1031,1138,1245,1352,1459,1460,1461,1568,1675,1782,1889,1996,2103,2210,2317,2424,2531,2638,2745,2852,2959,3066,3173,3280,3387,3494,3601,3708,3815,3922,4029,4136,4243,4350,4457,4458,4458,4458,4458,4458,4458,4458,4458,4458,4458,4458,4458,4458,4458,4458,4458,4458,4458,4458,4458,4458,4458,4458,4458,4458,4458,4458,4458,4458,4458,4458,4458,4458,4458,4458,4458,4458,4458,4458,4458,4458,4458,4458,4458,4458,4458,4458,4458,4458,
goal:4458,4458,4458,4458,4458,4458,4458,4458,4458,4458,4458,4458,4458,4458,4458,4458,4458,4458,4458,4458,4458,4458,4458,4458,4458,4458,4458,4458,4458,4458,4458,4458,4458,4458,4458,4458,4458,4458,4458,4458,4458,4458,4458,4458,4458,4458,4458,4458,4458,4458,4458,4458,4458,4458,4458,4458,4458,4458,4458,4458,4458,4458,4458,4458,4458,4458,4458,4458,4458,4458,4458,4458,4458,4458,4458,4458,4458,4458,4458,4458,4458,4458,4458,4458,4458,4458,4458,4458,4458,4458,
size:41
[agent] id:8
path:2171,2064,1957,1956,1955,1954,1953,1952,1952,1952,1952,1952,1952,1952,1952,1952,1952,1952,1952,1952,1952,1952,1952,1952,1952,1952,1952,1952,1952,1952,1952,1952,1952,1952,1952,1952,1952,1952,1952,1952,1952,1952,1952,1952,1952,1952,1952,1952,1952,1952,1952,1952,1952,1952,1952,1952,1952,1952,1952,1952,1952,1952,1952,1952,1952,1952,1952,1952,1952,1952,1952,1952,1952,1952,1952,1952,1952,1952,1952,1952,1952,1952,1952,1952,1952,1952,1952,1952,1952,1952,
goal:1952,1952,1952,1952,1952,1952,1952,1952,1952,1952,1952,1952,1952,1952,1952,1952,1952,1952,1952,1952,1952,1952,1952,1952,1952,1952,1952,1952,1952,1952,1952,1952,1952,1952,1952,1952,1952,1952,1952,1952,1952,1952,1952,1952,1952,1952,1952,1952,1952,1952,1952,1952,1952,1952,1952,1952,1952,1952,1952,1952,1952,1952,1952,1952,1952,1952,1952,1952,1952,1952,1952,1952,1952,1952,1952,1952,1952,1952,1952,1952,1952,1952,1952,1952,1952,1952,1952,1952,1952,1952,
size:7
[agent] id:9
path:2180,2073,2074,2075,2076,2077,2078,2079,2080,2081,2082,2083,2084,2085,2086,2087,2088,2089,2090,2091,2092,2093,2094,2095,2096,2097,2098,2099,2100,2101,2102,2103,2104,2105,2106,2107,2108,2108,2108,2108,2108,2108,2108,2108,2108,2108,2108,2108,2108,2108,2108,2108,2108,2108,2108,2108,2108,2108,2108,2108,2108,2108,2108,2108,2108,2108,2108,2108,2108,2108,2108,2108,2108,2108,2108,2108,2108,2108,2108,2108,2108,2108,2108,2108,2108,2108,2108,2108,2108,2108,
goal:2108,2108,2108,2108,2108,2108,2108,2108,2108,2108,2108,2108,2108,2108,2108,2108,2108,2108,2108,2108,2108,2108,2108,2108,2108,2108,2108,2108,2108,2108,2108,2108,2108,2108,2108,2108,2108,2108,2108,2108,2108,2108,2108,2108,2108,2108,2108,2108,2108,2108,2108,2108,2108,2108,2108,2108,2108,2108,2108,2108,2108,2108,2108,2108,2108,2108,2108,2108,2108,2108,2108,2108,2108,2108,2108,2108,2108,2108,2108,2108,2108,2108,2108,2108,2108,2108,2108,2108,2108,2108,
size:36
[agent] id:10
path:1306,1199,1092,985,984,983,982,982,982,982,982,982,982,982,982,982,982,982,982,982,982,982,982,982,982,982,982,982,982,982,982,982,982,982,982,982,982,982,982,982,982,982,982,982,982,982,982,982,982,982,982,982,982,982,982,982,982,982,982,982,982,982,982,982,982,982,982,982,982,982,982,982,982,982,982,982,982,982,982,982,982,982,982,982,982,982,982,982,982,982,
goal:982,982,982,982,982,982,982,982,982,982,982,982,982,982,982,982,982,982,982,982,982,982,982,982,982,982,982,982,982,982,982,982,982,982,982,982,982,982,982,982,982,982,982,982,982,982,982,982,982,982,982,982,982,982,982,982,982,982,982,982,982,982,982,982,982,982,982,982,982,982,982,982,982,982,982,982,982,982,982,982,982,982,982,982,982,982,982,982,982,982,
size:6
[agent] id:11
path:2131,2238,2345,2452,2559,2666,2665,2664,2663,2662,2661,2660,2659,2658,2657,2656,2655,2654,2653,2652,2651,2650,2649,2648,2647,2646,2645,2644,2643,2642,2641,2640,2639,2639,2639,2639,2639,2639,2639,2639,2639,2639,2639,2639,2639,2639,2639,2639,2639,2639,2639,2639,2639,2639,2639,2639,2639,2639,2639,2639,2639,2639,2639,2639,2639,2639,2639,2639,2639,2639,2639,2639,2639,2639,2639,2639,2639,2639,2639,2639,2639,2639,2639,2639,2639,2639,2639,2639,2639,2639,
goal:2639,2639,2639,2639,2639,2639,2639,2639,2639,2639,2639,2639,2639,2639,2639,2639,2639,2639,2639,2639,2639,2639,2639,2639,2639,2639,2639,2639,2639,2639,2639,2639,2639,2639,2639,2639,2639,2639,2639,2639,2639,2639,2639,2639,2639,2639,2639,2639,2639,2639,2639,2639,2639,2639,2639,2639,2639,2639,2639,2639,2639,2639,2639,2639,2639,2639,2639,2639,2639,2639,2639,2639,2639,2639,2639,2639,2639,2639,2639,2639,2639,2639,2639,2639,2639,2639,2639,2639,2639,2639,
size:32
[agent] id:12
path:3704,3597,3598,3599,3600,3601,3494,3387,3280,3173,3066,2959,2852,2745,2638,2531,2424,2423,2422,2421,2420,2419,2418,2417,2416,2415,2414,2413,2412,2411,2410,2409,2408,2407,2406,2405,2404,2403,2402,2401,2400,2399,2398,2397,2396,2395,2394,2393,2392,2391,2390,2389,2388,2387,2386,2385,2384,2383,2382,2381,2380,2379,2378,2377,2376,2376,2376,2376,2376,2376,2376,2376,2376,2376,2376,2376,2376,2376,2376,2376,2376,2376,2376,2376,2376,2376,2376,2376,2376,2376,
goal:2376,2376,2376,2376,2376,2376,2376,2376,2376,2376,2376,2376,2376,2376,2376,2376,2376,2376,2376,2376,2376,2376,2376,2376,2376,2376,2376,2376,2376,2376,2376,2376,2376,2376,2376,2376,2376,2376,2376,2376,2376,2376,2376,2376,2376,2376,2376,2376,2376,2376,2376,2376,2376,2376,2376,2376,2376,2376,2376,2376,2376,2376,2376,2376,2376,2376,2376,2376,2376,2376,2376,2376,2376,2376,2376,2376,2376,2376,2376,2376,2376,2376,2376,2376,2376,2376,2376,2376,2376,2376,
size:64
[agent] id:13
path:2859,2858,2857,2856,2855,2748,2747,2746,2745,2744,2743,2742,2741,2740,2739,2632,2631,2630,2629,2628,2627,2626,2625,2624,2623,2622,2621,2620,2619,2618,2617,2616,2615,2614,2613,2612,2611,2610,2609,2608,2607,2606,2606,2606,2606,2606,2606,2606,2606,2606,2606,2606,2606,2606,2606,2606,2606,2606,2606,2606,2606,2606,2606,2606,2606,2606,2606,2606,2606,2606,2606,2606,2606,2606,2606,2606,2606,2606,2606,2606,2606,2606,2606,2606,2606,2606,2606,2606,2606,2606,
goal:2606,2606,2606,2606,2606,2606,2606,2606,2606,2606,2606,2606,2606,2606,2606,2606,2606,2606,2606,2606,2606,2606,2606,2606,2606,2606,2606,2606,2606,2606,2606,2606,2606,2606,2606,2606,2606,2606,2606,2606,2606,2606,2606,2606,2606,2606,2606,2606,2606,2606,2606,2606,2606,2606,2606,2606,2606,2606,2606,2606,2606,2606,2606,2606,2606,2606,2606,2606,2606,2606,2606,2606,2606,2606,2606,2606,2606,2606,2606,2606,2606,2606,2606,2606,2606,2606,2606,2606,2606,2606,
size:41
[agent] id:14
path:2987,2880,2773,2666,2665,2558,2451,2450,2449,2448,2447,2446,2339,2232,2125,2018,2017,2016,2015,2014,2013,2012,2011,2010,2009,2008,2007,2006,2005,2004,2003,2002,2001,2000,1999,1998,1998,1998,1998,1998,1998,1998,1998,1998,1998,1998,1998,1998,1998,1998,1998,1998,1998,1998,1998,1998,1998,1998,1998,1998,1998,1998,1998,1998,1998,1998,1998,1998,1998,1998,1998,1998,1998,1998,1998,1998,1998,1998,1998,1998,1998,1998,1998,1998,1998,1998,1998,1998,1998,1998,
goal:1998,1998,1998,1998,1998,1998,1998,1998,1998,1998,1998,1998,1998,1998,1998,1998,1998,1998,1998,1998,1998,1998,1998,1998,1998,1998,1998,1998,1998,1998,1998,1998,1998,1998,1998,1998,1998,1998,1998,1998,1998,1998,1998,1998,1998,1998,1998,1998,1998,1998,1998,1998,1998,1998,1998,1998,1998,1998,1998,1998,1998,1998,1998,1998,1998,1998,1998,1998,1998,1998,1998,1998,1998,1998,1998,1998,1998,1998,1998,1998,1998,1998,1998,1998,1998,1998,1998,1998,1998,1998,
size:35
[agent] id:15
path:2170,2063,2064,2065,2066,2067,2068,2069,2070,2071,2072,2073,2074,2075,2076,2077,2078,2079,2080,2081,2082,2083,2084,2085,2086,2087,2088,2089,2090,2091,2092,2093,2093,2093,2093,2093,2093,2093,2093,2093,2093,2093,2093,2093,2093,2093,2093,2093,2093,2093,2093,2093,2093,2093,2093,2093,2093,2093,2093,2093,2093,2093,2093,2093,2093,2093,2093,2093,2093,2093,2093,2093,2093,2093,2093,2093,2093,2093,2093,2093,2093,2093,2093,2093,2093,2093,2093,2093,2093,2093,
goal:2093,2093,2093,2093,2093,2093,2093,2093,2093,2093,2093,2093,2093,2093,2093,2093,2093,2093,2093,2093,2093,2093,2093,2093,2093,2093,2093,2093,2093,2093,2093,2093,2093,2093,2093,2093,2093,2093,2093,2093,2093,2093,2093,2093,2093,2093,2093,2093,2093,2093,2093,2093,2093,2093,2093,2093,2093,2093,2093,2093,2093,2093,2093,2093,2093,2093,2093,2093,2093,2093,2093,2093,2093,2093,2093,2093,2093,2093,2093,2093,2093,2093,2093,2093,2093,2093,2093,2093,2093,2093,
size:31
[agent] id:16
path:4139,4032,3925,3818,3711,3604,3603,3602,3495,3388,3281,3174,3067,2960,2853,2746,2639,2532,2425,2318,2211,2210,2209,2208,2207,2206,2205,2204,2203,2202,2201,2200,2199,2092,2091,2090,1983,1982,1981,1980,1979,1979,1979,1979,1979,1979,1979,1979,1979,1979,1979,1979,1979,1979,1979,1979,1979,1979,1979,1979,1979,1979,1979,1979,1979,1979,1979,1979,1979,1979,1979,1979,1979,1979,1979,1979,1979,1979,1979,1979,1979,1979,1979,1979,1979,1979,1979,1979,1979,1979,
goal:1979,1979,1979,1979,1979,1979,1979,1979,1979,1979,1979,1979,1979,1979,1979,1979,1979,1979,1979,1979,1979,1979,1979,1979,1979,1979,1979,1979,1979,1979,1979,1979,1979,1979,1979,1979,1979,1979,1979,1979,1979,1979,1979,1979,1979,1979,1979,1979,1979,1979,1979,1979,1979,1979,1979,1979,1979,1979,1979,1979,1979,1979,1979,1979,1979,1979,1979,1979,1979,1979,1979,1979,1979,1979,1979,1979,1979,1979,1979,1979,1979,1979,1979,1979,1979,1979,1979,1979,1979,1979,
size:40
[agent] id:17
path:2939,2940,2941,2942,2943,2944,2945,2946,2947,2948,2949,2950,2951,2952,2953,2954,2955,2956,2957,2958,2959,2960,2961,2962,2963,2964,2965,2966,2967,2968,2968,2968,2968,2968,2968,2968,2968,2968,2968,2968,2968,2968,2968,2968,2968,2968,2968,2968,2968,2968,2968,2968,2968,2968,2968,2968,2968,2968,2968,2968,2968,2968,2968,2968,2968,2968,2968,2968,2968,2968,2968,2968,2968,2968,2968,2968,2968,2968,2968,2968,2968,2968,2968,2968,2968,2968,2968,2968,2968,2968,
goal:2968,2968,2968,2968,2968,2968,2968,2968,2968,2968,2968,2968,2968,2968,2968,2968,2968,2968,2968,2968,2968,2968,2968,2968,2968,2968,2968,2968,2968,2968,2968,2968,2968,2968,2968,2968,2968,2968,2968,2968,2968,2968,2968,2968,2968,2968,2968,2968,2968,2968,2968,2968,2968,2968,2968,2968,2968,2968,2968,2968,2968,2968,2968,2968,2968,2968,2968,2968,2968,2968,2968,2968,2968,2968,2968,2968,2968,2968,2968,2968,2968,2968,2968,2968,2968,2968,2968,2968,2968,2968,
size:29
[agent] id:18
path:1955,1954,1847,1846,1845,1844,1843,1842,1735,1628,1521,1414,1307,1200,1093,986,879,772,772,772,772,772,772,772,772,772,772,772,772,772,772,772,772,772,772,772,772,772,772,772,772,772,772,772,772,772,772,772,772,772,772,772,772,772,772,772,772,772,772,772,772,772,772,772,772,772,772,772,772,772,772,772,772,772,772,772,772,772,772,772,772,772,772,772,772,772,772,772,772,772,
goal:772,772,772,772,772,772,772,772,772,772,772,772,772,772,772,772,772,772,772,772,772,772,772,772,772,772,772,772,772,772,772,772,772,772,772,772,772,772,772,772,772,772,772,772,772,772,772,772,772,772,772,772,772,772,772,772,772,772,772,772,772,772,772,772,772,772,772,772,772,772,772,772,772,772,772,772,772,772,772,772,772,772,772,772,772,772,772,772,772,772,
size:17
[agent] id:19
path:1888,1995,2102,2209,2316,2423,2530,2637,2636,2635,2634,2633,2633,2633,2633,2633,2633,2633,2633,2633,2633,2633,2633,2633,2633,2633,2633,2633,2633,2633,2633,2633,2633,2633,2633,2633,2633,2633,2633,2633,2633,2633,2633,2633,2633,2633,2633,2633,2633,2633,2633,2633,2633,2633,2633,2633,2633,2633,2633,2633,2633,2633,2633,2633,2633,2633,2633,2633,2633,2633,2633,2633,2633,2633,2633,2633,2633,2633,2633,2633,2633,2633,2633,2633,2633,2633,2633,2633,2633,2633,
goal:2633,2633,2633,2633,2633,2633,2633,2633,2633,2633,2633,2633,2633,2633,2633,2633,2633,2633,2633,2633,2633,2633,2633,2633,2633,2633,2633,2633,2633,2633,2633,2633,2633,2633,2633,2633,2633,2633,2633,2633,2633,2633,2633,2633,2633,2633,2633,2633,2633,2633,2633,2633,2633,2633,2633,2633,2633,2633,2633,2633,2633,2633,2633,2633,2633,2633,2633,2633,2633,2633,2633,2633,2633,2633,2633,2633,2633,2633,2633,2633,2633,2633,2633,2633,2633,2633,2633,2633,2633,2633,
size:11
[agent] id:20
path:3015,2908,2801,2694,2695,2696,2697,2698,2699,2700,2701,2702,2703,2704,2705,2706,2707,2708,2709,2710,2711,2712,2713,2714,2715,2716,2716,2716,2716,2716,2716,2716,2716,2716,2716,2716,2716,2716,2716,2716,2716,2716,2716,2716,2716,2716,2716,2716,2716,2716,2716,2716,2716,2716,2716,2716,2716,2716,2716,2716,2716,2716,2716,2716,2716,2716,2716,2716,2716,2716,2716,2716,2716,2716,2716,2716,2716,2716,2716,2716,2716,2716,2716,2716,2716,2716,2716,2716,2716,2716,
goal:2716,2716,2716,2716,2716,2716,2716,2716,2716,2716,2716,2716,2716,2716,2716,2716,2716,2716,2716,2716,2716,2716,2716,2716,2716,2716,2716,2716,2716,2716,2716,2716,2716,2716,2716,2716,2716,2716,2716,2716,2716,2716,2716,2716,2716,2716,2716,2716,2716,2716,2716,2716,2716,2716,2716,2716,2716,2716,2716,2716,2716,2716,2716,2716,2716,2716,2716,2716,2716,2716,2716,2716,2716,2716,2716,2716,2716,2716,2716,2716,2716,2716,2716,2716,2716,2716,2716,2716,2716,2716,
size:25
[agent] id:21
path:2273,2380,2487,2594,2701,2808,2915,3022,3023,3024,3025,3026,3027,3028,3029,3030,3031,3032,3033,3034,3035,3036,3037,3038,3039,3040,3041,3042,3043,3044,3045,3046,3047,3048,3049,3050,3051,3052,3053,3054,3055,3056,3057,3058,3059,3060,3061,3062,3169,3170,3171,3172,3173,3280,3387,3494,3495,3602,3709,3816,3923,4030,4137,4244,4351,4352,4353,4354,4355,4356,4356,4356,4356,4356,4356,4356,4356,4356,4356,4356,4356,4356,4356,4356,4356,4356,4356,4356,4356,4356,
goal:4356,4356,4356,4356,4356,4356,4356,4356,4356,4356,4356,4356,4356,4356,4356,4356,4356,4356,4356,4356,4356,4356,4356,4356,4356,4356,4356,4356,4356,4356,4356,4356,4356,4356,4356,4356,4356,4356,4356,4356,4356,4356,4356,4356,4356,4356,4356,4356,4356,4356,4356,4356,4356,4356,4356,4356,4356,4356,4356,4356,4356,4356,4356,4356,4356,4356,4356,4356,4356,4356,4356,4356,4356,4356,4356,4356,4356,4356,4356,4356,4356,4356,4356,4356,4356,4356,4356,4356,4356,4356,
size:69
[agent] id:22
path:2840,2839,2838,2837,2836,2943,2942,2941,2940,2939,2938,2937,2936,2935,2934,2933,2932,2931,2930,2929,2929,2929,2929,2929,2929,2929,2929,2929,2929,2929,2929,2929,2929,2929,2929,2929,2929,2929,2929,2929,2929,2929,2929,2929,2929,2929,2929,2929,2929,2929,2929,2929,2929,2929,2929,2929,2929,2929,2929,2929,2929,2929,2929,2929,2929,2929,2929,2929,2929,2929,2929,2929,2929,2929,2929,2929,2929,2929,2929,2929,2929,2929,2929,2929,2929,2929,2929,2929,2929,2929,
goal:2929,2929,2929,2929,2929,2929,2929,2929,2929,2929,2929,2929,2929,2929,2929,2929,2929,2929,2929,2929,2929,2929,2929,2929,2929,2929,2929,2929,2929,2929,2929,2929,2929,2929,2929,2929,2929,2929,2929,2929,2929,2929,2929,2929,2929,2929,2929,2929,2929,2929,2929,2929,2929,2929,2929,2929,2929,2929,2929,2929,2929,2929,2929,2929,2929,2929,2929,2929,2929,2929,2929,2929,2929,2929,2929,2929,2929,2929,2929,2929,2929,2929,2929,2929,2929,2929,2929,2929,2929,2929,
size:19
[agent] id:23
path:2535,2642,2641,2640,2639,2638,2637,2636,2635,2634,2633,2632,2631,2630,2629,2628,2627,2626,2625,2624,2623,2622,2621,2620,2619,2618,2617,2616,2615,2614,2613,2612,2611,2610,2609,2608,2715,2714,2713,2712,2711,2710,2709,2708,2707,2706,2705,2704,2703,2702,2701,2700,2699,2699,2699,2699,2699,2699,2699,2699,2699,2699,2699,2699,2699,2699,2699,2699,2699,2699,2699,2699,2699,2699,2699,2699,2699,2699,2699,2699,2699,2699,2699,2699,2699,2699,2699,2699,2699,2699,
goal:2699,2699,2699,2699,2699,2699,2699,2699,2699,2699,2699,2699,2699,2699,2699,2699,2699,2699,2699,2699,2699,2699,2699,2699,2699,2699,2699,2699,2699,2699,2699,2699,2699,2699,2699,2699,2699,2699,2699,2699,2699,2699,2699,2699,2699,2699,2699,2699,2699,2699,2699,2699,2699,2699,2699,2699,2699,2699,2699,2699,2699,2699,2699,2699,2699,2699,2699,2699,2699,2699,2699,2699,2699,2699,2699,2699,2699,2699,2699,2699,2699,2699,2699,2699,2699,2699,2699,2699,2699,2699,
size:52
[agent] id:24
path:711,818,925,1032,1139,1246,1353,1460,1461,1568,1675,1782,1889,1996,2103,2210,2211,2212,2213,2214,2215,2216,2217,2218,2219,2220,2221,2222,2223,2224,2225,2226,2227,2228,2229,2230,2230,2230,2230,2230,2230,2230,2230,2230,2230,2230,2230,2230,2230,2230,2230,2230,2230,2230,2230,2230,2230,2230,2230,2230,2230,2230,2230,2230,2230,2230,2230,2230,2230,2230,2230,2230,2230,2230,2230,2230,2230,2230,2230,2230,2230,2230,2230,2230,2230,2230,2230,2230,2230,2230,
goal:2230,2230,2230,2230,2230,2230,2230,2230,2230,2230,2230,2230,2230,2230,2230,2230,2230,2230,2230,2230,2230,2230,2230,2230,2230,2230,2230,2230,2230,2230,2230,2230,2230,2230,2230,2230,2230,2230,2230,2230,2230,2230,2230,2230,2230,2230,2230,2230,2230,2230,2230,2230,2230,2230,2230,2230,2230,2230,2230,2230,2230,2230,2230,2230,2230,2230,2230,2230,2230,2230,2230,2230,2230,2230,2230,2230,2230,2230,2230,2230,2230,2230,2230,2230,2230,2230,2230,2230,2230,2230,
size:35
[agent] id:25
path:2814,2707,2600,2493,2386,2279,2172,2065,1958,1959,1960,1961,1962,1963,1964,1965,1966,1967,1968,1969,1970,1971,1972,1973,1974,1975,1976,1977,1978,1979,1980,1981,1982,1983,1984,1985,1986,1987,1988,1989,1990,1991,1884,1885,1886,1887,1888,1889,1782,1675,1568,1461,1354,1247,1140,1033,926,819,820,821,822,823,823,823,823,823,823,823,823,823,823,823,823,823,823,823,823,823,823,823,823,823,823,823,823,823,823,823,823,823,
goal:823,823,823,823,823,823,823,823,823,823,823,823,823,823,823,823,823,823,823,823,823,823,823,823,823,823,823,823,823,823,823,823,823,823,823,823,823,823,823,823,823,823,823,823,823,823,823,823,823,823,823,823,823,823,823,823,823,823,823,823,823,823,823,823,823,823,823,823,823,823,823,823,823,823,823,823,823,823,823,823,823,823,823,823,823,823,823,823,823,823,
size:61
[agent] id:26
path:777,884,991,1098,1205,1312,1419,1418,1417,1416,1415,1415,1415,1414,1521,1628,1735,1842,1949,2056,2057,2058,2059,2060,2061,2062,2063,2064,2065,2066,2067,2068,2069,2070,2071,2072,2073,2074,2075,2076,2077,2078,2079,2080,2081,2082,2083,2084,2085,2086,2087,2088,2089,2090,2091,2092,2199,2200,2201,2202,2203,2204,2205,2206,2207,2208,2209,2210,2211,2212,2213,2214,2215,2216,2109,2110,2111,2112,2113,2114,2115,2116,2117,2118,2119,2120,2121,2122,2123,2124,
goal:2124,2124,2124,2124,2124,2124,2124,2124,2124,2124,2124,2124,2124,2124,2124,2124,2124,2124,2124,2124,2124,2124,2124,2124,2124,2124,2124,2124,2124,2124,2124,2124,2124,2124,2124,2124,2124,2124,2124,2124,2124,2124,2124,2124,2124,2124,2124,2124,2124,2124,2124,2124,2124,2124,2124,2124,2124,2124,2124,2124,2124,2124,2124,2124,2124,2124,2124,2124,2124,2124,2124,2124,2124,2124,2124,2124,2124,2124,2124,2124,2124,2124,2124,2124,2124,2124,2124,2124,2124,2124,
size:89
[agent] id:27
path:3711,3604,3603,3602,3495,3388,3281,3174,3067,2960,2853,2746,2639,2532,2425,2424,2423,2422,2421,2420,2419,2418,2417,2416,2415,2414,2413,2412,2411,2410,2409,2408,2407,2406,2405,2404,2403,2402,2401,2400,2399,2398,2397,2396,2395,2394,2393,2392,2391,2390,2389,2388,2387,2386,2385,2384,2383,2382,2381,2380,2379,2378,2377,2376,2375,2374,2373,2372,2371,2370,2369,2368,2367,2260,2153,2152,2151,2044,2044,2044,2044,2044,2044,2044,2044,2044,2044,2044,2044,2044,
goal:2044,2044,2044,2044,2044,2044,2044,2044,2044,2044,2044,2044,2044,2044,2044,2044,2044,2044,2044,2044,2044,2044,2044,2044,2044,2044,2044,2044,2044,2044,2044,2044,2044,2044,2044,2044,2044,2044,2044,2044,2044,2044,2044,2044,2044,2044,2044,2044,2044,2044,2044,2044,2044,2044,2044,2044,2044,2044,2044,2044,2044,2044,2044,2044,2044,2044,2044,2044,2044,2044,2044,2044,2044,2044,2044,2044,2044,2044,2044,2044,2044,2044,2044,2044,2044,2044,2044,2044,2044,2044,
size:77
[agent] id:28
path:2685,2578,2471,2364,2365,2366,2367,2368,2369,2370,2371,2264,2157,2158,2159,2160,2161,2162,2163,2164,2165,2166,2167,2168,2169,2170,2171,2172,2173,2174,2175,2176,2177,2178,2179,2180,2181,2182,2183,2184,2185,2186,2187,2188,2189,2190,2191,2192,2193,2194,2195,2196,2197,2198,2199,2200,2201,2094,1987,1988,1989,1990,1991,1884,1885,1886,1887,1888,1889,1782,1675,1568,1461,1354,1247,1140,1033,926,819,712,605,498,499,500,501,394,394,394,394,394,
goal:394,394,394,394,394,394,394,394,394,394,394,394,394,394,394,394,394,394,394,394,394,394,394,394,394,394,394,394,394,394,394,394,394,394,394,394,394,394,394,394,394,394,394,394,394,394,394,394,394,394,394,394,394,394,394,394,394,394,394,394,394,394,394,394,394,394,394,394,394,394,394,394,394,394,394,394,394,394,394,394,394,394,394,394,394,394,394,394,394,394,
size:85
[agent] id:29
path:2387,2494,2601,2708,2815,2922,3029,3030,3031,3032,3033,3034,3035,3036,3037,3038,3039,3040,3041,3042,3043,3044,3045,3046,3047,3048,3049,3050,3051,3052,3053,3054,3055,3056,3057,3058,3059,3060,3061,3062,3063,3064,3065,3066,3067,3068,3069,3070,3071,3072,3073,3074,3075,3076,3077,3078,3185,3186,3187,3187,3187,3187,3187,3187,3187,3187,3187,3187,3187,3187,3187,3187,3187,3187,3187,3187,3187,3187,3187,3187,3187,3187,3187,3187,3187,3187,3187,3187,3187,3187,
goal:3187,3187,3187,3187,3187,3187,3187,3187,3187,3187,3187,3187,3187,3187,3187,3187,3187,3187,3187,3187,3187,3187,3187,3187,3187,3187,3187,3187,3187,3187,3187,3187,3187,3187,3187,3187,3187,3187,3187,3187,3187,3187,3187,3187,3187,3187,3187,3187,3187,3187,3187,3187,3187,3187,3187,3187,3187,3187,3187,3187,3187,3187,3187,3187,3187,3187,3187,3187,3187,3187,3187,3187,3187,3187,3187,3187,3187,3187,3187,3187,3187,3187,3187,3187,3187,3187,3187,3187,3187,3187,
size:58
SolutionCost:1352
