[setting] seed:34
[solver] type:ECBS
[solver] w:3.000000
[solver] ID:0
[solver] Lowlevelnode:43119
[solver] solved:1
[solver] elapsed:534
[solver] makespan:97
[problem] timesteplimit:10000
[problem] type:MAPF
[problem] agentnum:30
[graph] width:107
[graph] height:47
[graph] filename:./map/orz601d.map
[task] id:9,start:0,end:0,service time:0,nodes:2709,
[task] id:6,start:0,end:0,service time:0,nodes:2627,
[task] id:18,start:0,end:0,service time:0,nodes:1945,
[task] id:16,start:0,end:0,service time:0,nodes:2654,
[task] id:26,start:0,end:0,service time:0,nodes:3069,
[task] id:28,start:0,end:0,service time:0,nodes:4095,
[task] id:29,start:0,end:0,service time:0,nodes:2392,
[task] id:19,start:0,end:0,service time:0,nodes:2309,
[task] id:24,start:0,end:0,service time:0,nodes:1457,
[task] id:23,start:0,end:0,service time:0,nodes:2091,
[task] id:21,start:0,end:0,service time:0,nodes:1980,
[task] id:14,start:0,end:0,service time:0,nodes:2658,
[task] id:25,start:0,end:0,service time:0,nodes:4406,
[task] id:2,start:0,end:0,service time:0,nodes:1964,
[task] id:20,start:0,end:0,service time:0,nodes:2083,
[task] id:12,start:0,end:0,service time:0,nodes:2720,
[task] id:5,start:0,end:0,service time:0,nodes:3265,
[task] id:7,start:0,end:0,service time:0,nodes:2120,
[task] id:13,start:0,end:0,service time:0,nodes:1437,
[task] id:0,start:0,end:0,service time:0,nodes:1006,
[task] id:3,start:0,end:0,service time:0,nodes:2750,
[task] id:17,start:0,end:0,service time:0,nodes:3203,
[task] id:1,start:0,end:0,service time:0,nodes:3603,
[task] id:22,start:0,end:0,service time:0,nodes:2917,
[task] id:10,start:0,end:0,service time:0,nodes:2952,
[task] id:15,start:0,end:0,service time:0,nodes:2372,
[task] id:4,start:0,end:0,service time:0,nodes:1203,
[task] id:27,start:0,end:0,service time:0,nodes:1417,
[task] id:8,start:0,end:0,service time:0,nodes:2157,
[task] id:11,start:0,end:0,service time:0,nodes:2775,
[agent] id:0
path:2908,2801,2802,2695,2588,2481,2374,2267,2160,2053,2054,2055,2056,2057,1950,1951,1952,1953,1954,1955,1956,1957,1958,1959,1960,1961,1962,1963,1964,1965,1966,1967,1860,1861,1862,1863,1864,1865,1758,1651,1544,1437,1330,1223,1116,1009,1008,1007,1006,1006,1006,1006,1006,1006,1006,1006,1006,1006,1006,1006,1006,1006,1006,1006,1006,1006,1006,1006,1006,1006,1006,1006,1006,1006,1006,1006,1006,1006,1006,1006,1006,1006,1006,1006,1006,1006,1006,1006,1006,1006,1006,1006,1006,1006,1006,1006,1006,1006,
goal:1006,1006,1006,1006,1006,1006,1006,1006,1006,1006,1006,1006,1006,1006,1006,1006,1006,1006,1006,1006,1006,1006,1006,1006,1006,1006,1006,1006,1006,1006,1006,1006,1006,1006,1006,1006,1006,1006,1006,1006,1006,1006,1006,1006,1006,1006,1006,1006,1006,1006,1006,1006,1006,1006,1006,1006,1006,1006,1006,1006,1006,1006,1006,1006,1006,1006,1006,1006,1006,1006,1006,1006,1006,1006,1006,1006,1006,1006,1006,1006,1006,1006,1006,1006,1006,1006,1006,1006,1006,1006,1006,1006,1006,1006,1006,1006,1006,1006,
size:48
[agent] id:1
path:3013,3014,3015,3016,3017,3018,3019,3020,3021,3022,3023,3024,3025,3026,3027,3028,3029,3030,3031,3032,3033,3034,3035,3036,3037,3038,3039,3040,3041,3042,3043,3044,3045,3046,3047,3048,3049,3050,3051,3052,3053,3054,3055,3056,3057,3058,3059,3060,3061,3062,3169,3170,3171,3172,3173,3280,3387,3494,3601,3602,3603,3603,3603,3603,3603,3603,3603,3603,3603,3603,3603,3603,3603,3603,3603,3603,3603,3603,3603,3603,3603,3603,3603,3603,3603,3603,3603,3603,3603,3603,3603,3603,3603,3603,3603,3603,3603,3603,
goal:3603,3603,3603,3603,3603,3603,3603,3603,3603,3603,3603,3603,3603,3603,3603,3603,3603,3603,3603,3603,3603,3603,3603,3603,3603,3603,3603,3603,3603,3603,3603,3603,3603,3603,3603,3603,3603,3603,3603,3603,3603,3603,3603,3603,3603,3603,3603,3603,3603,3603,3603,3603,3603,3603,3603,3603,3603,3603,3603,3603,3603,3603,3603,3603,3603,3603,3603,3603,3603,3603,3603,3603,3603,3603,3603,3603,3603,3603,3603,3603,3603,3603,3603,3603,3603,3603,3603,3603,3603,3603,3603,3603,3603,3603,3603,3603,3603,3603,
size:60
[agent] id:2
path:3877,3770,3769,3768,3661,3554,3447,3340,3233,3126,3019,2912,2805,2698,2591,2484,2377,2270,2163,2056,1949,1950,1951,1952,1953,1954,1955,1956,1957,1958,1959,1960,1961,1962,1963,1964,1964,1964,1964,1964,1964,1964,1964,1964,1964,1964,1964,1964,1964,1964,1964,1964,1964,1964,1964,1964,1964,1964,1964,1964,1964,1964,1964,1964,1964,1964,1964,1964,1964,1964,1964,1964,1964,1964,1964,1964,1964,1964,1964,1964,1964,1964,1964,1964,1964,1964,1964,1964,1964,1964,1964,1964,1964,1964,1964,1964,1964,1964,
goal:1964,1964,1964,1964,1964,1964,1964,1964,1964,1964,1964,1964,1964,1964,1964,1964,1964,1964,1964,1964,1964,1964,1964,1964,1964,1964,1964,1964,1964,1964,1964,1964,1964,1964,1964,1964,1964,1964,1964,1964,1964,1964,1964,1964,1964,1964,1964,1964,1964,1964,1964,1964,1964,1964,1964,1964,1964,1964,1964,1964,1964,1964,1964,1964,1964,1964,1964,1964,1964,1964,1964,1964,1964,1964,1964,1964,1964,1964,1964,1964,1964,1964,1964,1964,1964,1964,1964,1964,1964,1964,1964,1964,1964,1964,1964,1964,1964,1964,
size:35
[agent] id:3
path:3235,3128,3021,2914,2807,2808,2809,2810,2811,2812,2813,2814,2815,2816,2817,2710,2711,2712,2713,2714,2715,2716,2717,2718,2719,2720,2721,2722,2723,2724,2725,2726,2727,2728,2729,2730,2731,2732,2733,2734,2735,2736,2737,2738,2739,2740,2741,2742,2743,2744,2745,2746,2747,2748,2749,2750,2750,2750,2750,2750,2750,2750,2750,2750,2750,2750,2750,2750,2750,2750,2750,2750,2750,2750,2750,2750,2750,2750,2750,2750,2750,2750,2750,2750,2750,2750,2750,2750,2750,2750,2750,2750,2750,2750,2750,2750,2750,2750,
goal:2750,2750,2750,2750,2750,2750,2750,2750,2750,2750,2750,2750,2750,2750,2750,2750,2750,2750,2750,2750,2750,2750,2750,2750,2750,2750,2750,2750,2750,2750,2750,2750,2750,2750,2750,2750,2750,2750,2750,2750,2750,2750,2750,2750,2750,2750,2750,2750,2750,2750,2750,2750,2750,2750,2750,2750,2750,2750,2750,2750,2750,2750,2750,2750,2750,2750,2750,2750,2750,2750,2750,2750,2750,2750,2750,2750,2750,2750,2750,2750,2750,2750,2750,2750,2750,2750,2750,2750,2750,2750,2750,2750,2750,2750,2750,2750,2750,2750,
size:55
[agent] id:4
path:3068,2961,2854,2747,2640,2533,2426,2319,2212,2211,2210,2209,2208,2207,2206,2205,2204,2203,2202,2201,2200,2199,2198,2197,2196,2195,2194,2087,2086,2085,2084,2083,2082,2081,2080,2079,2078,2077,2076,2075,2074,2073,2072,2071,2070,1963,1962,1961,1960,1959,1958,1957,1956,1955,1954,1847,1846,1845,1844,1843,1842,1735,1628,1521,1414,1307,1200,1201,1202,1203,1203,1203,1203,1203,1203,1203,1203,1203,1203,1203,1203,1203,1203,1203,1203,1203,1203,1203,1203,1203,1203,1203,1203,1203,1203,1203,1203,1203,
goal:1203,1203,1203,1203,1203,1203,1203,1203,1203,1203,1203,1203,1203,1203,1203,1203,1203,1203,1203,1203,1203,1203,1203,1203,1203,1203,1203,1203,1203,1203,1203,1203,1203,1203,1203,1203,1203,1203,1203,1203,1203,1203,1203,1203,1203,1203,1203,1203,1203,1203,1203,1203,1203,1203,1203,1203,1203,1203,1203,1203,1203,1203,1203,1203,1203,1203,1203,1203,1203,1203,1203,1203,1203,1203,1203,1203,1203,1203,1203,1203,1203,1203,1203,1203,1203,1203,1203,1203,1203,1203,1203,1203,1203,1203,1203,1203,1203,1203,
size:69
[agent] id:5
path:2480,2587,2694,2801,2908,3015,3016,3017,3018,3019,3020,3021,3022,3023,3024,3025,3026,3027,3028,3029,3030,3031,3032,3033,3034,3035,3036,3037,3038,3039,3040,3041,3042,3043,3044,3045,3046,3047,3048,3049,3050,3157,3264,3265,3265,3265,3265,3265,3265,3265,3265,3265,3265,3265,3265,3265,3265,3265,3265,3265,3265,3265,3265,3265,3265,3265,3265,3265,3265,3265,3265,3265,3265,3265,3265,3265,3265,3265,3265,3265,3265,3265,3265,3265,3265,3265,3265,3265,3265,3265,3265,3265,3265,3265,3265,3265,3265,3265,
goal:3265,3265,3265,3265,3265,3265,3265,3265,3265,3265,3265,3265,3265,3265,3265,3265,3265,3265,3265,3265,3265,3265,3265,3265,3265,3265,3265,3265,3265,3265,3265,3265,3265,3265,3265,3265,3265,3265,3265,3265,3265,3265,3265,3265,3265,3265,3265,3265,3265,3265,3265,3265,3265,3265,3265,3265,3265,3265,3265,3265,3265,3265,3265,3265,3265,3265,3265,3265,3265,3265,3265,3265,3265,3265,3265,3265,3265,3265,3265,3265,3265,3265,3265,3265,3265,3265,3265,3265,3265,3265,3265,3265,3265,3265,3265,3265,3265,3265,
size:43
[agent] id:6
path:2939,2832,2725,2618,2619,2620,2621,2622,2623,2624,2625,2626,2627,2627,2627,2627,2627,2627,2627,2627,2627,2627,2627,2627,2627,2627,2627,2627,2627,2627,2627,2627,2627,2627,2627,2627,2627,2627,2627,2627,2627,2627,2627,2627,2627,2627,2627,2627,2627,2627,2627,2627,2627,2627,2627,2627,2627,2627,2627,2627,2627,2627,2627,2627,2627,2627,2627,2627,2627,2627,2627,2627,2627,2627,2627,2627,2627,2627,2627,2627,2627,2627,2627,2627,2627,2627,2627,2627,2627,2627,2627,2627,2627,2627,2627,2627,2627,2627,
goal:2627,2627,2627,2627,2627,2627,2627,2627,2627,2627,2627,2627,2627,2627,2627,2627,2627,2627,2627,2627,2627,2627,2627,2627,2627,2627,2627,2627,2627,2627,2627,2627,2627,2627,2627,2627,2627,2627,2627,2627,2627,2627,2627,2627,2627,2627,2627,2627,2627,2627,2627,2627,2627,2627,2627,2627,2627,2627,2627,2627,2627,2627,2627,2627,2627,2627,2627,2627,2627,2627,2627,2627,2627,2627,2627,2627,2627,2627,2627,2627,2627,2627,2627,2627,2627,2627,2627,2627,2627,2627,2627,2627,2627,2627,2627,2627,2627,2627,
size:12
[agent] id:7
path:3264,3157,3050,2943,2836,2729,2622,2515,2408,2301,2194,2087,2088,2089,2090,2091,2092,2093,2094,2095,2096,2097,2098,2099,2100,2101,2102,2103,2104,2105,2106,2107,2108,2109,2110,2111,2112,2113,2114,2115,2116,2117,2118,2119,2120,2120,2120,2120,2120,2120,2120,2120,2120,2120,2120,2120,2120,2120,2120,2120,2120,2120,2120,2120,2120,2120,2120,2120,2120,2120,2120,2120,2120,2120,2120,2120,2120,2120,2120,2120,2120,2120,2120,2120,2120,2120,2120,2120,2120,2120,2120,2120,2120,2120,2120,2120,2120,2120,
goal:2120,2120,2120,2120,2120,2120,2120,2120,2120,2120,2120,2120,2120,2120,2120,2120,2120,2120,2120,2120,2120,2120,2120,2120,2120,2120,2120,2120,2120,2120,2120,2120,2120,2120,2120,2120,2120,2120,2120,2120,2120,2120,2120,2120,2120,2120,2120,2120,2120,2120,2120,2120,2120,2120,2120,2120,2120,2120,2120,2120,2120,2120,2120,2120,2120,2120,2120,2120,2120,2120,2120,2120,2120,2120,2120,2120,2120,2120,2120,2120,2120,2120,2120,2120,2120,2120,2120,2120,2120,2120,2120,2120,2120,2120,2120,2120,2120,2120,
size:44
[agent] id:8
path:3196,3089,3088,2981,2874,2767,2660,2553,2446,2339,2232,2231,2230,2229,2228,2227,2226,2225,2224,2223,2222,2221,2220,2219,2218,2217,2216,2215,2214,2213,2212,2211,2210,2209,2208,2207,2206,2205,2204,2203,2202,2201,2200,2199,2198,2197,2196,2195,2194,2193,2192,2191,2190,2189,2188,2187,2186,2185,2184,2183,2182,2181,2180,2179,2178,2177,2176,2175,2174,2173,2172,2171,2170,2169,2168,2167,2166,2165,2164,2163,2162,2161,2160,2159,2158,2157,2157,2157,2157,2157,2157,2157,2157,2157,2157,2157,2157,2157,
goal:2157,2157,2157,2157,2157,2157,2157,2157,2157,2157,2157,2157,2157,2157,2157,2157,2157,2157,2157,2157,2157,2157,2157,2157,2157,2157,2157,2157,2157,2157,2157,2157,2157,2157,2157,2157,2157,2157,2157,2157,2157,2157,2157,2157,2157,2157,2157,2157,2157,2157,2157,2157,2157,2157,2157,2157,2157,2157,2157,2157,2157,2157,2157,2157,2157,2157,2157,2157,2157,2157,2157,2157,2157,2157,2157,2157,2157,2157,2157,2157,2157,2157,2157,2157,2157,2157,2157,2157,2157,2157,2157,2157,2157,2157,2157,2157,2157,2157,
size:85
[agent] id:9
path:2920,2813,2706,2707,2708,2709,2709,2709,2709,2709,2709,2709,2709,2709,2709,2709,2709,2709,2709,2709,2709,2709,2709,2709,2709,2709,2709,2709,2709,2709,2709,2709,2709,2709,2709,2709,2709,2709,2709,2709,2709,2709,2709,2709,2709,2709,2709,2709,2709,2709,2709,2709,2709,2709,2709,2709,2709,2709,2709,2709,2709,2709,2709,2709,2709,2709,2709,2709,2709,2709,2709,2709,2709,2709,2709,2709,2709,2709,2709,2709,2709,2709,2709,2709,2709,2709,2709,2709,2709,2709,2709,2709,2709,2709,2709,2709,2709,2709,
goal:2709,2709,2709,2709,2709,2709,2709,2709,2709,2709,2709,2709,2709,2709,2709,2709,2709,2709,2709,2709,2709,2709,2709,2709,2709,2709,2709,2709,2709,2709,2709,2709,2709,2709,2709,2709,2709,2709,2709,2709,2709,2709,2709,2709,2709,2709,2709,2709,2709,2709,2709,2709,2709,2709,2709,2709,2709,2709,2709,2709,2709,2709,2709,2709,2709,2709,2709,2709,2709,2709,2709,2709,2709,2709,2709,2709,2709,2709,2709,2709,2709,2709,2709,2709,2709,2709,2709,2709,2709,2709,2709,2709,2709,2709,2709,2709,2709,2709,
size:5
[agent] id:10
path:666,773,880,987,1094,1201,1308,1415,1414,1521,1628,1735,1842,1949,2056,2163,2270,2271,2378,2485,2592,2699,2806,2913,2914,2915,2916,2917,2918,2919,2920,2921,2922,2923,2924,2925,2926,2927,2928,2929,2930,2931,2932,2933,2934,2935,2936,2937,2938,2939,2940,2941,2942,2943,2944,2945,2946,2947,2948,2949,2950,2951,2952,2952,2952,2952,2952,2952,2952,2952,2952,2952,2952,2952,2952,2952,2952,2952,2952,2952,2952,2952,2952,2952,2952,2952,2952,2952,2952,2952,2952,2952,2952,2952,2952,2952,2952,2952,
goal:2952,2952,2952,2952,2952,2952,2952,2952,2952,2952,2952,2952,2952,2952,2952,2952,2952,2952,2952,2952,2952,2952,2952,2952,2952,2952,2952,2952,2952,2952,2952,2952,2952,2952,2952,2952,2952,2952,2952,2952,2952,2952,2952,2952,2952,2952,2952,2952,2952,2952,2952,2952,2952,2952,2952,2952,2952,2952,2952,2952,2952,2952,2952,2952,2952,2952,2952,2952,2952,2952,2952,2952,2952,2952,2952,2952,2952,2952,2952,2952,2952,2952,2952,2952,2952,2952,2952,2952,2952,2952,2952,2952,2952,2952,2952,2952,2952,2952,
size:62
[agent] id:11
path:3868,3761,3762,3763,3764,3765,3766,3767,3660,3661,3554,3447,3340,3233,3126,3019,2912,2913,2914,2915,2916,2917,2918,2919,2920,2921,2922,2923,2924,2925,2926,2927,2928,2929,2930,2931,2932,2933,2934,2935,2936,2937,2830,2831,2832,2833,2834,2835,2836,2837,2838,2839,2840,2841,2842,2843,2844,2845,2846,2847,2848,2849,2850,2851,2852,2853,2854,2855,2856,2857,2858,2751,2752,2753,2754,2755,2756,2757,2758,2759,2760,2761,2762,2763,2764,2765,2766,2659,2660,2661,2662,2663,2664,2665,2772,2773,2774,2775,
goal:2775,2775,2775,2775,2775,2775,2775,2775,2775,2775,2775,2775,2775,2775,2775,2775,2775,2775,2775,2775,2775,2775,2775,2775,2775,2775,2775,2775,2775,2775,2775,2775,2775,2775,2775,2775,2775,2775,2775,2775,2775,2775,2775,2775,2775,2775,2775,2775,2775,2775,2775,2775,2775,2775,2775,2775,2775,2775,2775,2775,2775,2775,2775,2775,2775,2775,2775,2775,2775,2775,2775,2775,2775,2775,2775,2775,2775,2775,2775,2775,2775,2775,2775,2775,2775,2775,2775,2775,2775,2775,2775,2775,2775,2775,2775,2775,2775,2775,
size:97
[agent] id:12
path:4027,3920,3813,3706,3599,3600,3600,3601,3494,3387,3280,3173,3066,2959,2852,2851,2850,2849,2848,2847,2846,2845,2844,2843,2842,2841,2840,2839,2838,2837,2836,2835,2834,2833,2832,2831,2830,2829,2828,2827,2827,2827,2720,2720,2720,2720,2720,2720,2720,2720,2720,2720,2720,2720,2720,2720,2720,2720,2720,2720,2720,2720,2720,2720,2720,2720,2720,2720,2720,2720,2720,2720,2720,2720,2720,2720,2720,2720,2720,2720,2720,2720,2720,2720,2720,2720,2720,2720,2720,2720,2720,2720,2720,2720,2720,2720,2720,2720,
goal:2720,2720,2720,2720,2720,2720,2720,2720,2720,2720,2720,2720,2720,2720,2720,2720,2720,2720,2720,2720,2720,2720,2720,2720,2720,2720,2720,2720,2720,2720,2720,2720,2720,2720,2720,2720,2720,2720,2720,2720,2720,2720,2720,2720,2720,2720,2720,2720,2720,2720,2720,2720,2720,2720,2720,2720,2720,2720,2720,2720,2720,2720,2720,2720,2720,2720,2720,2720,2720,2720,2720,2720,2720,2720,2720,2720,2720,2720,2720,2720,2720,2720,2720,2720,2720,2720,2720,2720,2720,2720,2720,2720,2720,2720,2720,2720,2720,2720,
size:42
[agent] id:13
path:3601,3494,3387,3280,3173,3066,2959,2852,2745,2638,2531,2424,2317,2210,2209,2208,2207,2206,2205,2204,2203,2202,2201,2200,2199,2198,2197,2196,2089,2088,2087,2086,1979,1978,1871,1870,1869,1868,1867,1866,1759,1652,1545,1438,1437,1437,1437,1437,1437,1437,1437,1437,1437,1437,1437,1437,1437,1437,1437,1437,1437,1437,1437,1437,1437,1437,1437,1437,1437,1437,1437,1437,1437,1437,1437,1437,1437,1437,1437,1437,1437,1437,1437,1437,1437,1437,1437,1437,1437,1437,1437,1437,1437,1437,1437,1437,1437,1437,
goal:1437,1437,1437,1437,1437,1437,1437,1437,1437,1437,1437,1437,1437,1437,1437,1437,1437,1437,1437,1437,1437,1437,1437,1437,1437,1437,1437,1437,1437,1437,1437,1437,1437,1437,1437,1437,1437,1437,1437,1437,1437,1437,1437,1437,1437,1437,1437,1437,1437,1437,1437,1437,1437,1437,1437,1437,1437,1437,1437,1437,1437,1437,1437,1437,1437,1437,1437,1437,1437,1437,1437,1437,1437,1437,1437,1437,1437,1437,1437,1437,1437,1437,1437,1437,1437,1437,1437,1437,1437,1437,1437,1437,1437,1437,1437,1437,1437,1437,
size:44
[agent] id:14
path:1884,1991,2098,2205,2312,2419,2420,2421,2422,2423,2424,2425,2426,2533,2534,2535,2536,2537,2538,2539,2540,2541,2542,2543,2544,2545,2546,2547,2548,2655,2656,2657,2658,2658,2658,2658,2658,2658,2658,2658,2658,2658,2658,2658,2658,2658,2658,2658,2658,2658,2658,2658,2658,2658,2658,2658,2658,2658,2658,2658,2658,2658,2658,2658,2658,2658,2658,2658,2658,2658,2658,2658,2658,2658,2658,2658,2658,2658,2658,2658,2658,2658,2658,2658,2658,2658,2658,2658,2658,2658,2658,2658,2658,2658,2658,2658,2658,2658,
goal:2658,2658,2658,2658,2658,2658,2658,2658,2658,2658,2658,2658,2658,2658,2658,2658,2658,2658,2658,2658,2658,2658,2658,2658,2658,2658,2658,2658,2658,2658,2658,2658,2658,2658,2658,2658,2658,2658,2658,2658,2658,2658,2658,2658,2658,2658,2658,2658,2658,2658,2658,2658,2658,2658,2658,2658,2658,2658,2658,2658,2658,2658,2658,2658,2658,2658,2658,2658,2658,2658,2658,2658,2658,2658,2658,2658,2658,2658,2658,2658,2658,2658,2658,2658,2658,2658,2658,2658,2658,2658,2658,2658,2658,2658,2658,2658,2658,2658,
size:32
[agent] id:15
path:1249,1356,1463,1462,1569,1676,1783,1890,1997,2104,2211,2210,2209,2316,2315,2314,2313,2312,2311,2310,2309,2308,2307,2306,2305,2304,2303,2302,2301,2300,2299,2298,2297,2296,2295,2294,2293,2292,2291,2290,2289,2288,2287,2286,2285,2284,2391,2390,2389,2388,2387,2386,2385,2384,2383,2382,2381,2380,2379,2378,2377,2376,2375,2374,2373,2372,2372,2372,2372,2372,2372,2372,2372,2372,2372,2372,2372,2372,2372,2372,2372,2372,2372,2372,2372,2372,2372,2372,2372,2372,2372,2372,2372,2372,2372,2372,2372,2372,
goal:2372,2372,2372,2372,2372,2372,2372,2372,2372,2372,2372,2372,2372,2372,2372,2372,2372,2372,2372,2372,2372,2372,2372,2372,2372,2372,2372,2372,2372,2372,2372,2372,2372,2372,2372,2372,2372,2372,2372,2372,2372,2372,2372,2372,2372,2372,2372,2372,2372,2372,2372,2372,2372,2372,2372,2372,2372,2372,2372,2372,2372,2372,2372,2372,2372,2372,2372,2372,2372,2372,2372,2372,2372,2372,2372,2372,2372,2372,2372,2372,2372,2372,2372,2372,2372,2372,2372,2372,2372,2372,2372,2372,2372,2372,2372,2372,2372,2372,
size:65
[agent] id:16
path:2347,2454,2561,2668,2667,2666,2665,2664,2663,2662,2661,2660,2659,2658,2657,2656,2655,2654,2654,2654,2654,2654,2654,2654,2654,2654,2654,2654,2654,2654,2654,2654,2654,2654,2654,2654,2654,2654,2654,2654,2654,2654,2654,2654,2654,2654,2654,2654,2654,2654,2654,2654,2654,2654,2654,2654,2654,2654,2654,2654,2654,2654,2654,2654,2654,2654,2654,2654,2654,2654,2654,2654,2654,2654,2654,2654,2654,2654,2654,2654,2654,2654,2654,2654,2654,2654,2654,2654,2654,2654,2654,2654,2654,2654,2654,2654,2654,2654,
goal:2654,2654,2654,2654,2654,2654,2654,2654,2654,2654,2654,2654,2654,2654,2654,2654,2654,2654,2654,2654,2654,2654,2654,2654,2654,2654,2654,2654,2654,2654,2654,2654,2654,2654,2654,2654,2654,2654,2654,2654,2654,2654,2654,2654,2654,2654,2654,2654,2654,2654,2654,2654,2654,2654,2654,2654,2654,2654,2654,2654,2654,2654,2654,2654,2654,2654,2654,2654,2654,2654,2654,2654,2654,2654,2654,2654,2654,2654,2654,2654,2654,2654,2654,2654,2654,2654,2654,2654,2654,2654,2654,2654,2654,2654,2654,2654,2654,2654,
size:17
[agent] id:17
path:2192,2299,2406,2513,2514,2515,2516,2517,2518,2519,2520,2521,2522,2523,2524,2525,2526,2527,2528,2529,2530,2531,2532,2533,2534,2535,2536,2537,2538,2539,2540,2541,2542,2543,2544,2545,2546,2547,2548,2549,2550,2551,2552,2659,2660,2661,2662,2663,2664,2665,2772,2879,2986,3093,3200,3201,3202,3203,3203,3203,3203,3203,3203,3203,3203,3203,3203,3203,3203,3203,3203,3203,3203,3203,3203,3203,3203,3203,3203,3203,3203,3203,3203,3203,3203,3203,3203,3203,3203,3203,3203,3203,3203,3203,3203,3203,3203,3203,
goal:3203,3203,3203,3203,3203,3203,3203,3203,3203,3203,3203,3203,3203,3203,3203,3203,3203,3203,3203,3203,3203,3203,3203,3203,3203,3203,3203,3203,3203,3203,3203,3203,3203,3203,3203,3203,3203,3203,3203,3203,3203,3203,3203,3203,3203,3203,3203,3203,3203,3203,3203,3203,3203,3203,3203,3203,3203,3203,3203,3203,3203,3203,3203,3203,3203,3203,3203,3203,3203,3203,3203,3203,3203,3203,3203,3203,3203,3203,3203,3203,3203,3203,3203,3203,3203,3203,3203,3203,3203,3203,3203,3203,3203,3203,3203,3203,3203,3203,
size:57
[agent] id:18
path:2577,2470,2363,2364,2365,2366,2367,2368,2369,2370,2371,2264,2157,2050,1943,1944,1945,1945,1945,1945,1945,1945,1945,1945,1945,1945,1945,1945,1945,1945,1945,1945,1945,1945,1945,1945,1945,1945,1945,1945,1945,1945,1945,1945,1945,1945,1945,1945,1945,1945,1945,1945,1945,1945,1945,1945,1945,1945,1945,1945,1945,1945,1945,1945,1945,1945,1945,1945,1945,1945,1945,1945,1945,1945,1945,1945,1945,1945,1945,1945,1945,1945,1945,1945,1945,1945,1945,1945,1945,1945,1945,1945,1945,1945,1945,1945,1945,1945,
goal:1945,1945,1945,1945,1945,1945,1945,1945,1945,1945,1945,1945,1945,1945,1945,1945,1945,1945,1945,1945,1945,1945,1945,1945,1945,1945,1945,1945,1945,1945,1945,1945,1945,1945,1945,1945,1945,1945,1945,1945,1945,1945,1945,1945,1945,1945,1945,1945,1945,1945,1945,1945,1945,1945,1945,1945,1945,1945,1945,1945,1945,1945,1945,1945,1945,1945,1945,1945,1945,1945,1945,1945,1945,1945,1945,1945,1945,1945,1945,1945,1945,1945,1945,1945,1945,1945,1945,1945,1945,1945,1945,1945,1945,1945,1945,1945,1945,1945,
size:16
[agent] id:19
path:4243,4136,4029,3922,3815,3708,3601,3494,3387,3280,3173,3066,2959,2852,2745,2638,2531,2424,2317,2316,2315,2314,2313,2312,2311,2310,2309,2309,2309,2309,2309,2309,2309,2309,2309,2309,2309,2309,2309,2309,2309,2309,2309,2309,2309,2309,2309,2309,2309,2309,2309,2309,2309,2309,2309,2309,2309,2309,2309,2309,2309,2309,2309,2309,2309,2309,2309,2309,2309,2309,2309,2309,2309,2309,2309,2309,2309,2309,2309,2309,2309,2309,2309,2309,2309,2309,2309,2309,2309,2309,2309,2309,2309,2309,2309,2309,2309,2309,
goal:2309,2309,2309,2309,2309,2309,2309,2309,2309,2309,2309,2309,2309,2309,2309,2309,2309,2309,2309,2309,2309,2309,2309,2309,2309,2309,2309,2309,2309,2309,2309,2309,2309,2309,2309,2309,2309,2309,2309,2309,2309,2309,2309,2309,2309,2309,2309,2309,2309,2309,2309,2309,2309,2309,2309,2309,2309,2309,2309,2309,2309,2309,2309,2309,2309,2309,2309,2309,2309,2309,2309,2309,2309,2309,2309,2309,2309,2309,2309,2309,2309,2309,2309,2309,2309,2309,2309,2309,2309,2309,2309,2309,2309,2309,2309,2309,2309,2309,
size:26
[agent] id:20
path:3604,3603,3602,3495,3388,3281,3174,3067,2960,2853,2746,2639,2532,2425,2318,2211,2210,2209,2208,2207,2206,2205,2204,2203,2202,2201,2200,2199,2198,2197,2090,2089,2088,2087,2086,2085,2084,2083,2083,2083,2083,2083,2083,2083,2083,2083,2083,2083,2083,2083,2083,2083,2083,2083,2083,2083,2083,2083,2083,2083,2083,2083,2083,2083,2083,2083,2083,2083,2083,2083,2083,2083,2083,2083,2083,2083,2083,2083,2083,2083,2083,2083,2083,2083,2083,2083,2083,2083,2083,2083,2083,2083,2083,2083,2083,2083,2083,2083,
goal:2083,2083,2083,2083,2083,2083,2083,2083,2083,2083,2083,2083,2083,2083,2083,2083,2083,2083,2083,2083,2083,2083,2083,2083,2083,2083,2083,2083,2083,2083,2083,2083,2083,2083,2083,2083,2083,2083,2083,2083,2083,2083,2083,2083,2083,2083,2083,2083,2083,2083,2083,2083,2083,2083,2083,2083,2083,2083,2083,2083,2083,2083,2083,2083,2083,2083,2083,2083,2083,2083,2083,2083,2083,2083,2083,2083,2083,2083,2083,2083,2083,2083,2083,2083,2083,2083,2083,2083,2083,2083,2083,2083,2083,2083,2083,2083,2083,2083,
size:37
[agent] id:21
path:2058,1951,1952,1953,1954,1955,1956,1957,1958,1959,1960,1961,1962,1963,1964,1965,1966,1967,1968,1969,1970,1971,1972,1973,1974,1975,1976,1977,1978,1979,1980,1980,1980,1980,1980,1980,1980,1980,1980,1980,1980,1980,1980,1980,1980,1980,1980,1980,1980,1980,1980,1980,1980,1980,1980,1980,1980,1980,1980,1980,1980,1980,1980,1980,1980,1980,1980,1980,1980,1980,1980,1980,1980,1980,1980,1980,1980,1980,1980,1980,1980,1980,1980,1980,1980,1980,1980,1980,1980,1980,1980,1980,1980,1980,1980,1980,1980,1980,
goal:1980,1980,1980,1980,1980,1980,1980,1980,1980,1980,1980,1980,1980,1980,1980,1980,1980,1980,1980,1980,1980,1980,1980,1980,1980,1980,1980,1980,1980,1980,1980,1980,1980,1980,1980,1980,1980,1980,1980,1980,1980,1980,1980,1980,1980,1980,1980,1980,1980,1980,1980,1980,1980,1980,1980,1980,1980,1980,1980,1980,1980,1980,1980,1980,1980,1980,1980,1980,1980,1980,1980,1980,1980,1980,1980,1980,1980,1980,1980,1980,1980,1980,1980,1980,1980,1980,1980,1980,1980,1980,1980,1980,1980,1980,1980,1980,1980,1980,
size:30
[agent] id:22
path:2006,2113,2220,2327,2326,2433,2540,2647,2754,2861,2860,2859,2858,2857,2856,2855,2854,2853,2852,2851,2850,2849,2848,2847,2846,2845,2844,2843,2842,2841,2840,2839,2838,2837,2836,2835,2834,2833,2832,2831,2830,2829,2828,2827,2826,2933,2932,2931,2930,2929,2928,2927,2926,2925,2924,2923,2922,2921,2920,2919,2918,2917,2917,2917,2917,2917,2917,2917,2917,2917,2917,2917,2917,2917,2917,2917,2917,2917,2917,2917,2917,2917,2917,2917,2917,2917,2917,2917,2917,2917,2917,2917,2917,2917,2917,2917,2917,2917,
goal:2917,2917,2917,2917,2917,2917,2917,2917,2917,2917,2917,2917,2917,2917,2917,2917,2917,2917,2917,2917,2917,2917,2917,2917,2917,2917,2917,2917,2917,2917,2917,2917,2917,2917,2917,2917,2917,2917,2917,2917,2917,2917,2917,2917,2917,2917,2917,2917,2917,2917,2917,2917,2917,2917,2917,2917,2917,2917,2917,2917,2917,2917,2917,2917,2917,2917,2917,2917,2917,2917,2917,2917,2917,2917,2917,2917,2917,2917,2917,2917,2917,2917,2917,2917,2917,2917,2917,2917,2917,2917,2917,2917,2917,2917,2917,2917,2917,2917,
size:61
[agent] id:23
path:909,1016,1123,1230,1337,1336,1443,1442,1441,1440,1439,1438,1545,1652,1759,1866,1973,2080,2081,2082,2083,2084,2085,2086,2087,2088,2089,2090,2091,2091,2091,2091,2091,2091,2091,2091,2091,2091,2091,2091,2091,2091,2091,2091,2091,2091,2091,2091,2091,2091,2091,2091,2091,2091,2091,2091,2091,2091,2091,2091,2091,2091,2091,2091,2091,2091,2091,2091,2091,2091,2091,2091,2091,2091,2091,2091,2091,2091,2091,2091,2091,2091,2091,2091,2091,2091,2091,2091,2091,2091,2091,2091,2091,2091,2091,2091,2091,2091,
goal:2091,2091,2091,2091,2091,2091,2091,2091,2091,2091,2091,2091,2091,2091,2091,2091,2091,2091,2091,2091,2091,2091,2091,2091,2091,2091,2091,2091,2091,2091,2091,2091,2091,2091,2091,2091,2091,2091,2091,2091,2091,2091,2091,2091,2091,2091,2091,2091,2091,2091,2091,2091,2091,2091,2091,2091,2091,2091,2091,2091,2091,2091,2091,2091,2091,2091,2091,2091,2091,2091,2091,2091,2091,2091,2091,2091,2091,2091,2091,2091,2091,2091,2091,2091,2091,2091,2091,2091,2091,2091,2091,2091,2091,2091,2091,2091,2091,2091,
size:28
[agent] id:24
path:2862,2755,2648,2541,2434,2327,2220,2113,2006,2005,2004,2003,2002,1895,1894,1893,1892,1891,1890,1783,1676,1569,1462,1461,1460,1459,1458,1457,1457,1457,1457,1457,1457,1457,1457,1457,1457,1457,1457,1457,1457,1457,1457,1457,1457,1457,1457,1457,1457,1457,1457,1457,1457,1457,1457,1457,1457,1457,1457,1457,1457,1457,1457,1457,1457,1457,1457,1457,1457,1457,1457,1457,1457,1457,1457,1457,1457,1457,1457,1457,1457,1457,1457,1457,1457,1457,1457,1457,1457,1457,1457,1457,1457,1457,1457,1457,1457,1457,
goal:1457,1457,1457,1457,1457,1457,1457,1457,1457,1457,1457,1457,1457,1457,1457,1457,1457,1457,1457,1457,1457,1457,1457,1457,1457,1457,1457,1457,1457,1457,1457,1457,1457,1457,1457,1457,1457,1457,1457,1457,1457,1457,1457,1457,1457,1457,1457,1457,1457,1457,1457,1457,1457,1457,1457,1457,1457,1457,1457,1457,1457,1457,1457,1457,1457,1457,1457,1457,1457,1457,1457,1457,1457,1457,1457,1457,1457,1457,1457,1457,1457,1457,1457,1457,1457,1457,1457,1457,1457,1457,1457,1457,1457,1457,1457,1457,1457,1457,
size:27
[agent] id:25
path:1198,1305,1412,1413,1520,1627,1734,1841,1948,2055,2162,2269,2376,2483,2590,2697,2804,2911,3018,3125,3232,3339,3446,3553,3660,3767,3874,3981,4088,4195,4302,4409,4408,4407,4406,4406,4406,4406,4406,4406,4406,4406,4406,4406,4406,4406,4406,4406,4406,4406,4406,4406,4406,4406,4406,4406,4406,4406,4406,4406,4406,4406,4406,4406,4406,4406,4406,4406,4406,4406,4406,4406,4406,4406,4406,4406,4406,4406,4406,4406,4406,4406,4406,4406,4406,4406,4406,4406,4406,4406,4406,4406,4406,4406,4406,4406,4406,4406,
goal:4406,4406,4406,4406,4406,4406,4406,4406,4406,4406,4406,4406,4406,4406,4406,4406,4406,4406,4406,4406,4406,4406,4406,4406,4406,4406,4406,4406,4406,4406,4406,4406,4406,4406,4406,4406,4406,4406,4406,4406,4406,4406,4406,4406,4406,4406,4406,4406,4406,4406,4406,4406,4406,4406,4406,4406,4406,4406,4406,4406,4406,4406,4406,4406,4406,4406,4406,4406,4406,4406,4406,4406,4406,4406,4406,4406,4406,4406,4406,4406,4406,4406,4406,4406,4406,4406,4406,4406,4406,4406,4406,4406,4406,4406,4406,4406,4406,4406,
size:34
[agent] id:26
path:3267,3160,3053,3054,3055,3056,3057,3058,3059,3060,3061,3062,3063,3064,3065,3066,3067,3068,3069,3069,3069,3069,3069,3069,3069,3069,3069,3069,3069,3069,3069,3069,3069,3069,3069,3069,3069,3069,3069,3069,3069,3069,3069,3069,3069,3069,3069,3069,3069,3069,3069,3069,3069,3069,3069,3069,3069,3069,3069,3069,3069,3069,3069,3069,3069,3069,3069,3069,3069,3069,3069,3069,3069,3069,3069,3069,3069,3069,3069,3069,3069,3069,3069,3069,3069,3069,3069,3069,3069,3069,3069,3069,3069,3069,3069,3069,3069,3069,
goal:3069,3069,3069,3069,3069,3069,3069,3069,3069,3069,3069,3069,3069,3069,3069,3069,3069,3069,3069,3069,3069,3069,3069,3069,3069,3069,3069,3069,3069,3069,3069,3069,3069,3069,3069,3069,3069,3069,3069,3069,3069,3069,3069,3069,3069,3069,3069,3069,3069,3069,3069,3069,3069,3069,3069,3069,3069,3069,3069,3069,3069,3069,3069,3069,3069,3069,3069,3069,3069,3069,3069,3069,3069,3069,3069,3069,3069,3069,3069,3069,3069,3069,3069,3069,3069,3069,3069,3069,3069,3069,3069,3069,3069,3069,3069,3069,3069,3069,
size:18
[agent] id:27
path:4025,3918,3811,3704,3597,3598,3599,3600,3601,3494,3387,3280,3173,3066,2959,2852,2745,2638,2531,2424,2317,2210,2209,2208,2207,2206,2205,2204,2203,2202,2201,2200,2199,2198,2197,2196,2195,2194,2193,2192,2191,2190,2189,2082,2081,2080,2079,2078,2077,2076,2075,2074,2073,2072,2071,2070,1963,1962,1961,1960,1959,1958,1957,1956,1955,1954,1847,1846,1845,1844,1843,1842,1735,1628,1521,1414,1415,1416,1417,1417,1417,1417,1417,1417,1417,1417,1417,1417,1417,1417,1417,1417,1417,1417,1417,1417,1417,1417,
goal:1417,1417,1417,1417,1417,1417,1417,1417,1417,1417,1417,1417,1417,1417,1417,1417,1417,1417,1417,1417,1417,1417,1417,1417,1417,1417,1417,1417,1417,1417,1417,1417,1417,1417,1417,1417,1417,1417,1417,1417,1417,1417,1417,1417,1417,1417,1417,1417,1417,1417,1417,1417,1417,1417,1417,1417,1417,1417,1417,1417,1417,1417,1417,1417,1417,1417,1417,1417,1417,1417,1417,1417,1417,1417,1417,1417,1417,1417,1417,1417,1417,1417,1417,1417,1417,1417,1417,1417,1417,1417,1417,1417,1417,1417,1417,1417,1417,1417,
size:78
[agent] id:28
path:3015,3122,3229,3336,3337,3338,3339,3446,3553,3660,3767,3874,3981,4088,4089,4090,4091,4092,4093,4094,4095,4095,4095,4095,4095,4095,4095,4095,4095,4095,4095,4095,4095,4095,4095,4095,4095,4095,4095,4095,4095,4095,4095,4095,4095,4095,4095,4095,4095,4095,4095,4095,4095,4095,4095,4095,4095,4095,4095,4095,4095,4095,4095,4095,4095,4095,4095,4095,4095,4095,4095,4095,4095,4095,4095,4095,4095,4095,4095,4095,4095,4095,4095,4095,4095,4095,4095,4095,4095,4095,4095,4095,4095,4095,4095,4095,4095,4095,
goal:4095,4095,4095,4095,4095,4095,4095,4095,4095,4095,4095,4095,4095,4095,4095,4095,4095,4095,4095,4095,4095,4095,4095,4095,4095,4095,4095,4095,4095,4095,4095,4095,4095,4095,4095,4095,4095,4095,4095,4095,4095,4095,4095,4095,4095,4095,4095,4095,4095,4095,4095,4095,4095,4095,4095,4095,4095,4095,4095,4095,4095,4095,4095,4095,4095,4095,4095,4095,4095,4095,4095,4095,4095,4095,4095,4095,4095,4095,4095,4095,4095,4095,4095,4095,4095,4095,4095,4095,4095,4095,4095,4095,4095,4095,4095,4095,4095,4095,
size:20
[agent] id:29
path:1735,1842,1949,2056,2163,2270,2377,2378,2379,2380,2381,2382,2383,2384,2385,2386,2387,2388,2389,2390,2391,2392,2392,2392,2392,2392,2392,2392,2392,2392,2392,2392,2392,2392,2392,2392,2392,2392,2392,2392,2392,2392,2392,2392,2392,2392,2392,2392,2392,2392,2392,2392,2392,2392,2392,2392,2392,2392,2392,2392,2392,2392,2392,2392,2392,2392,2392,2392,2392,2392,2392,2392,2392,2392,2392,2392,2392,2392,2392,2392,2392,2392,2392,2392,2392,2392,2392,2392,2392,2392,2392,2392,2392,2392,2392,2392,2392,2392,
goal:2392,2392,2392,2392,2392,2392,2392,2392,2392,2392,2392,2392,2392,2392,2392,2392,2392,2392,2392,2392,2392,2392,2392,2392,2392,2392,2392,2392,2392,2392,2392,2392,2392,2392,2392,2392,2392,2392,2392,2392,2392,2392,2392,2392,2392,2392,2392,2392,2392,2392,2392,2392,2392,2392,2392,2392,2392,2392,2392,2392,2392,2392,2392,2392,2392,2392,2392,2392,2392,2392,2392,2392,2392,2392,2392,2392,2392,2392,2392,2392,2392,2392,2392,2392,2392,2392,2392,2392,2392,2392,2392,2392,2392,2392,2392,2392,2392,2392,
size:21
SolutionCost:1268
