[setting] seed:57
[solver] type:ECBS
[solver] w:3.000000
[solver] ID:0
[solver] Lowlevelnode:23438
[solver] solved:1
[solver] elapsed:40
[solver] makespan:72
[problem] timesteplimit:10000
[problem] type:MAPF
[problem] agentnum:10
[graph] width:107
[graph] height:47
[graph] filename:./map/orz601d.map
[task] id:3,start:0,end:0,service time:0,nodes:2489,
[task] id:7,start:0,end:0,service time:0,nodes:3816,
[task] id:0,start:0,end:0,service time:0,nodes:2440,
[task] id:8,start:0,end:0,service time:0,nodes:1960,
[task] id:9,start:0,end:0,service time:0,nodes:2183,
[task] id:1,start:0,end:0,service time:0,nodes:2895,
[task] id:2,start:0,end:0,service time:0,nodes:3028,
[task] id:4,start:0,end:0,service time:0,nodes:478,
[task] id:6,start:0,end:0,service time:0,nodes:1996,
[task] id:5,start:0,end:0,service time:0,nodes:3596,
[agent] id:0
path:2616,2509,2402,2403,2404,2405,2406,2407,2408,2409,2410,2411,2412,2413,2414,2415,2416,2417,2418,2419,2420,2421,2422,2423,2424,2425,2426,2427,2428,2429,2430,2431,2432,2433,2434,2435,2436,2437,2438,2439,2440,2440,2440,2440,2440,2440,2440,2440,2440,2440,2440,2440,2440,2440,2440,2440,2440,2440,2440,2440,2440,2440,2440,2440,2440,2440,2440,2440,2440,2440,2440,2440,2440,
goal:2440,2440,2440,2440,2440,2440,2440,2440,2440,2440,2440,2440,2440,2440,2440,2440,2440,2440,2440,2440,2440,2440,2440,2440,2440,2440,2440,2440,2440,2440,2440,2440,2440,2440,2440,2440,2440,2440,2440,2440,2440,2440,2440,2440,2440,2440,2440,2440,2440,2440,2440,2440,2440,2440,2440,2440,2440,2440,2440,2440,2440,2440,2440,2440,2440,2440,2440,2440,2440,2440,2440,2440,2440,
size:40
[agent] id:1
path:2617,2616,2615,2614,2613,2612,2611,2610,2609,2608,2607,2606,2605,2604,2603,2602,2601,2600,2599,2598,2597,2596,2595,2594,2593,2592,2591,2590,2589,2588,2587,2586,2585,2478,2477,2476,2475,2474,2581,2688,2795,2902,2901,2900,2899,2898,2897,2896,2895,2895,2895,2895,2895,2895,2895,2895,2895,2895,2895,2895,2895,2895,2895,2895,2895,2895,2895,2895,2895,2895,2895,2895,2895,
goal:2895,2895,2895,2895,2895,2895,2895,2895,2895,2895,2895,2895,2895,2895,2895,2895,2895,2895,2895,2895,2895,2895,2895,2895,2895,2895,2895,2895,2895,2895,2895,2895,2895,2895,2895,2895,2895,2895,2895,2895,2895,2895,2895,2895,2895,2895,2895,2895,2895,2895,2895,2895,2895,2895,2895,2895,2895,2895,2895,2895,2895,2895,2895,2895,2895,2895,2895,2895,2895,2895,2895,2895,2895,
size:48
[agent] id:2
path:4455,4348,4241,4134,4027,3920,3813,3706,3599,3600,3601,3494,3387,3280,3173,3066,3065,3064,3063,3062,3061,3060,3059,3058,3057,3056,3055,3054,3053,3052,3051,3050,3049,3048,3047,3046,3045,3044,3043,3042,3041,3040,3039,3038,3037,3036,3035,3034,3033,3032,3031,3030,3029,3028,3028,3028,3028,3028,3028,3028,3028,3028,3028,3028,3028,3028,3028,3028,3028,3028,3028,3028,3028,
goal:3028,3028,3028,3028,3028,3028,3028,3028,3028,3028,3028,3028,3028,3028,3028,3028,3028,3028,3028,3028,3028,3028,3028,3028,3028,3028,3028,3028,3028,3028,3028,3028,3028,3028,3028,3028,3028,3028,3028,3028,3028,3028,3028,3028,3028,3028,3028,3028,3028,3028,3028,3028,3028,3028,3028,3028,3028,3028,3028,3028,3028,3028,3028,3028,3028,3028,3028,3028,3028,3028,3028,3028,3028,
size:53
[agent] id:3
path:3219,3112,3005,2898,2791,2684,2577,2470,2471,2472,2473,2474,2475,2476,2477,2478,2479,2480,2481,2482,2483,2484,2485,2486,2487,2488,2489,2489,2489,2489,2489,2489,2489,2489,2489,2489,2489,2489,2489,2489,2489,2489,2489,2489,2489,2489,2489,2489,2489,2489,2489,2489,2489,2489,2489,2489,2489,2489,2489,2489,2489,2489,2489,2489,2489,2489,2489,2489,2489,2489,2489,2489,2489,
goal:2489,2489,2489,2489,2489,2489,2489,2489,2489,2489,2489,2489,2489,2489,2489,2489,2489,2489,2489,2489,2489,2489,2489,2489,2489,2489,2489,2489,2489,2489,2489,2489,2489,2489,2489,2489,2489,2489,2489,2489,2489,2489,2489,2489,2489,2489,2489,2489,2489,2489,2489,2489,2489,2489,2489,2489,2489,2489,2489,2489,2489,2489,2489,2489,2489,2489,2489,2489,2489,2489,2489,2489,2489,
size:26
[agent] id:4
path:2858,2751,2644,2537,2430,2323,2216,2109,2002,2001,2000,1999,1998,1997,1996,1995,1994,1993,1992,1991,1990,1989,1988,1987,1986,1985,1984,1983,1982,1981,1980,1979,1978,1871,1870,1869,1868,1867,1866,1759,1652,1545,1438,1331,1224,1117,1010,903,796,689,582,475,476,477,478,478,478,478,478,478,478,478,478,478,478,478,478,478,478,478,478,478,478,
goal:478,478,478,478,478,478,478,478,478,478,478,478,478,478,478,478,478,478,478,478,478,478,478,478,478,478,478,478,478,478,478,478,478,478,478,478,478,478,478,478,478,478,478,478,478,478,478,478,478,478,478,478,478,478,478,478,478,478,478,478,478,478,478,478,478,478,478,478,478,478,478,478,478,
size:54
[agent] id:5
path:2368,2475,2476,2477,2478,2585,2692,2799,2906,2907,2908,2909,2910,2911,2912,2913,2914,2915,2916,2917,2918,2919,2920,2921,2922,2923,2924,2925,2926,2927,2928,2929,2930,2931,2932,2933,2934,2935,2936,3043,3044,3045,3046,3047,3048,3049,3050,3051,3052,3053,3054,3055,3056,3057,3058,3059,3060,3061,3062,3169,3170,3171,3172,3173,3280,3387,3494,3601,3600,3599,3598,3597,3596,
goal:3596,3596,3596,3596,3596,3596,3596,3596,3596,3596,3596,3596,3596,3596,3596,3596,3596,3596,3596,3596,3596,3596,3596,3596,3596,3596,3596,3596,3596,3596,3596,3596,3596,3596,3596,3596,3596,3596,3596,3596,3596,3596,3596,3596,3596,3596,3596,3596,3596,3596,3596,3596,3596,3596,3596,3596,3596,3596,3596,3596,3596,3596,3596,3596,3596,3596,3596,3596,3596,3596,3596,3596,3596,
size:72
[agent] id:6
path:2577,2470,2363,2364,2365,2366,2367,2368,2369,2370,2371,2264,2157,2050,1943,1944,1945,1946,1947,1948,1949,1950,1951,1952,1953,1954,1955,1956,1957,1958,1959,1960,1961,1962,1963,1964,1965,1966,1967,1968,1969,1970,1971,1972,1973,1974,1975,1976,1977,1978,1979,1980,1981,1982,1983,1984,1985,1986,1987,1988,1989,1990,1991,1992,1993,1994,1995,1996,1996,1996,1996,1996,1996,
goal:1996,1996,1996,1996,1996,1996,1996,1996,1996,1996,1996,1996,1996,1996,1996,1996,1996,1996,1996,1996,1996,1996,1996,1996,1996,1996,1996,1996,1996,1996,1996,1996,1996,1996,1996,1996,1996,1996,1996,1996,1996,1996,1996,1996,1996,1996,1996,1996,1996,1996,1996,1996,1996,1996,1996,1996,1996,1996,1996,1996,1996,1996,1996,1996,1996,1996,1996,1996,1996,1996,1996,1996,1996,
size:67
[agent] id:7
path:712,819,926,1033,1140,1247,1354,1461,1568,1675,1782,1889,1996,2103,2210,2317,2424,2531,2638,2745,2852,2959,3066,3173,3280,3387,3494,3601,3708,3815,3816,3816,3816,3816,3816,3816,3816,3816,3816,3816,3816,3816,3816,3816,3816,3816,3816,3816,3816,3816,3816,3816,3816,3816,3816,3816,3816,3816,3816,3816,3816,3816,3816,3816,3816,3816,3816,3816,3816,3816,3816,3816,3816,
goal:3816,3816,3816,3816,3816,3816,3816,3816,3816,3816,3816,3816,3816,3816,3816,3816,3816,3816,3816,3816,3816,3816,3816,3816,3816,3816,3816,3816,3816,3816,3816,3816,3816,3816,3816,3816,3816,3816,3816,3816,3816,3816,3816,3816,3816,3816,3816,3816,3816,3816,3816,3816,3816,3816,3816,3816,3816,3816,3816,3816,3816,3816,3816,3816,3816,3816,3816,3816,3816,3816,3816,3816,3816,
size:30
[agent] id:8
path:3060,2953,2846,2739,2632,2525,2418,2311,2204,2097,2096,2095,2094,2093,2092,2091,2090,2089,2088,2087,2086,2085,2084,2083,2082,2081,2080,2079,2078,2077,2076,2075,2074,2073,2072,2071,1964,1963,1962,1961,1960,1960,1960,1960,1960,1960,1960,1960,1960,1960,1960,1960,1960,1960,1960,1960,1960,1960,1960,1960,1960,1960,1960,1960,1960,1960,1960,1960,1960,1960,1960,1960,1960,
goal:1960,1960,1960,1960,1960,1960,1960,1960,1960,1960,1960,1960,1960,1960,1960,1960,1960,1960,1960,1960,1960,1960,1960,1960,1960,1960,1960,1960,1960,1960,1960,1960,1960,1960,1960,1960,1960,1960,1960,1960,1960,1960,1960,1960,1960,1960,1960,1960,1960,1960,1960,1960,1960,1960,1960,1960,1960,1960,1960,1960,1960,1960,1960,1960,1960,1960,1960,1960,1960,1960,1960,1960,1960,
size:40
[agent] id:9
path:4031,3924,3817,3710,3603,3602,3495,3388,3281,3174,3067,2960,2853,2746,2639,2532,2425,2318,2211,2210,2209,2208,2207,2206,2205,2204,2203,2202,2201,2200,2199,2198,2197,2196,2195,2194,2193,2192,2191,2190,2189,2188,2187,2186,2185,2184,2183,2183,2183,2183,2183,2183,2183,2183,2183,2183,2183,2183,2183,2183,2183,2183,2183,2183,2183,2183,2183,2183,2183,2183,2183,2183,2183,
goal:2183,2183,2183,2183,2183,2183,2183,2183,2183,2183,2183,2183,2183,2183,2183,2183,2183,2183,2183,2183,2183,2183,2183,2183,2183,2183,2183,2183,2183,2183,2183,2183,2183,2183,2183,2183,2183,2183,2183,2183,2183,2183,2183,2183,2183,2183,2183,2183,2183,2183,2183,2183,2183,2183,2183,2183,2183,2183,2183,2183,2183,2183,2183,2183,2183,2183,2183,2183,2183,2183,2183,2183,2183,
size:46
SolutionCost:476
