[setting] seed:37
[solver] type:ECBS
[solver] w:3.000000
[solver] ID:0
[solver] Lowlevelnode:2982
[solver] solved:1
[solver] elapsed:113
[solver] makespan:71
[problem] timesteplimit:10000
[problem] type:MAPF
[problem] agentnum:10
[graph] width:107
[graph] height:47
[graph] filename:./map/orz601d.map
[task] id:2,start:0,end:0,service time:0,nodes:2697,
[task] id:0,start:0,end:0,service time:0,nodes:2934,
[task] id:7,start:0,end:0,service time:0,nodes:2158,
[task] id:5,start:0,end:0,service time:0,nodes:584,
[task] id:1,start:0,end:0,service time:0,nodes:3158,
[task] id:9,start:0,end:0,service time:0,nodes:3929,
[task] id:3,start:0,end:0,service time:0,nodes:3177,
[task] id:6,start:0,end:0,service time:0,nodes:2840,
[task] id:4,start:0,end:0,service time:0,nodes:4301,
[task] id:8,start:0,end:0,service time:0,nodes:2688,
[agent] id:0
path:3055,2948,2947,2946,2945,2944,2943,2942,2941,2940,2939,2938,2937,2936,2935,2934,2934,2934,2934,2934,2934,2934,2934,2934,2934,2934,2934,2934,2934,2934,2934,2934,2934,2934,2934,2934,2934,2934,2934,2934,2934,2934,2934,2934,2934,2934,2934,2934,2934,2934,2934,2934,2934,2934,2934,2934,2934,2934,2934,2934,2934,2934,2934,2934,2934,2934,2934,2934,2934,2934,2934,2934,
goal:2934,2934,2934,2934,2934,2934,2934,2934,2934,2934,2934,2934,2934,2934,2934,2934,2934,2934,2934,2934,2934,2934,2934,2934,2934,2934,2934,2934,2934,2934,2934,2934,2934,2934,2934,2934,2934,2934,2934,2934,2934,2934,2934,2934,2934,2934,2934,2934,2934,2934,2934,2934,2934,2934,2934,2934,2934,2934,2934,2934,2934,2934,2934,2934,2934,2934,2934,2934,2934,2934,2934,2934,
size:15
[agent] id:1
path:1852,1959,2066,2173,2280,2387,2494,2601,2708,2815,2922,3029,3030,3031,3032,3033,3034,3035,3036,3037,3038,3039,3040,3041,3042,3043,3044,3045,3046,3047,3048,3049,3050,3157,3158,3158,3158,3158,3158,3158,3158,3158,3158,3158,3158,3158,3158,3158,3158,3158,3158,3158,3158,3158,3158,3158,3158,3158,3158,3158,3158,3158,3158,3158,3158,3158,3158,3158,3158,3158,3158,3158,
goal:3158,3158,3158,3158,3158,3158,3158,3158,3158,3158,3158,3158,3158,3158,3158,3158,3158,3158,3158,3158,3158,3158,3158,3158,3158,3158,3158,3158,3158,3158,3158,3158,3158,3158,3158,3158,3158,3158,3158,3158,3158,3158,3158,3158,3158,3158,3158,3158,3158,3158,3158,3158,3158,3158,3158,3158,3158,3158,3158,3158,3158,3158,3158,3158,3158,3158,3158,3158,3158,3158,3158,3158,
size:34
[agent] id:2
path:2483,2590,2697,2697,2697,2697,2697,2697,2697,2697,2697,2697,2697,2697,2697,2697,2697,2697,2697,2697,2697,2697,2697,2697,2697,2697,2697,2697,2697,2697,2697,2697,2697,2697,2697,2697,2697,2697,2697,2697,2697,2697,2697,2697,2697,2697,2697,2697,2697,2697,2697,2697,2697,2697,2697,2697,2697,2697,2697,2697,2697,2697,2697,2697,2697,2697,2697,2697,2697,2697,2697,2697,
goal:2697,2697,2697,2697,2697,2697,2697,2697,2697,2697,2697,2697,2697,2697,2697,2697,2697,2697,2697,2697,2697,2697,2697,2697,2697,2697,2697,2697,2697,2697,2697,2697,2697,2697,2697,2697,2697,2697,2697,2697,2697,2697,2697,2697,2697,2697,2697,2697,2697,2697,2697,2697,2697,2697,2697,2697,2697,2697,2697,2697,2697,2697,2697,2697,2697,2697,2697,2697,2697,2697,2697,2697,
size:2
[agent] id:3
path:583,690,797,904,1011,1118,1225,1332,1439,1438,1545,1652,1759,1866,1973,2080,2187,2294,2401,2508,2615,2722,2829,2936,3043,3044,3045,3046,3047,3048,3049,3050,3051,3052,3053,3054,3055,3056,3057,3058,3059,3060,3061,3062,3169,3170,3171,3172,3173,3174,3175,3176,3177,3177,3177,3177,3177,3177,3177,3177,3177,3177,3177,3177,3177,3177,3177,3177,3177,3177,3177,3177,
goal:3177,3177,3177,3177,3177,3177,3177,3177,3177,3177,3177,3177,3177,3177,3177,3177,3177,3177,3177,3177,3177,3177,3177,3177,3177,3177,3177,3177,3177,3177,3177,3177,3177,3177,3177,3177,3177,3177,3177,3177,3177,3177,3177,3177,3177,3177,3177,3177,3177,3177,3177,3177,3177,3177,3177,3177,3177,3177,3177,3177,3177,3177,3177,3177,3177,3177,3177,3177,3177,3177,3177,3177,
size:52
[agent] id:4
path:2966,2965,2964,2963,2962,2961,2960,2959,2958,2957,2956,2955,2954,2953,2952,2951,2950,2949,2948,2947,2946,2945,2944,2943,2942,2941,2940,2939,2938,3045,3044,3043,3042,3041,3040,3039,3038,3037,3036,3035,3034,3033,3032,3031,3030,3029,3028,3027,3026,3025,3024,3131,3238,3345,3344,3343,3342,3341,3340,3447,3554,3661,3768,3875,3982,4089,4196,4303,4302,4301,4301,4301,
goal:4301,4301,4301,4301,4301,4301,4301,4301,4301,4301,4301,4301,4301,4301,4301,4301,4301,4301,4301,4301,4301,4301,4301,4301,4301,4301,4301,4301,4301,4301,4301,4301,4301,4301,4301,4301,4301,4301,4301,4301,4301,4301,4301,4301,4301,4301,4301,4301,4301,4301,4301,4301,4301,4301,4301,4301,4301,4301,4301,4301,4301,4301,4301,4301,4301,4301,4301,4301,4301,4301,4301,4301,
size:69
[agent] id:5
path:2070,1963,1964,1965,1966,1967,1860,1861,1862,1863,1864,1865,1758,1651,1544,1437,1330,1223,1116,1009,902,795,688,581,582,583,584,584,584,584,584,584,584,584,584,584,584,584,584,584,584,584,584,584,584,584,584,584,584,584,584,584,584,584,584,584,584,584,584,584,584,584,584,584,584,584,584,584,584,584,584,584,
goal:584,584,584,584,584,584,584,584,584,584,584,584,584,584,584,584,584,584,584,584,584,584,584,584,584,584,584,584,584,584,584,584,584,584,584,584,584,584,584,584,584,584,584,584,584,584,584,584,584,584,584,584,584,584,584,584,584,584,584,584,584,584,584,584,584,584,584,584,584,584,584,584,
size:26
[agent] id:6
path:1087,1194,1301,1302,1409,1410,1411,1412,1413,1520,1627,1734,1841,1948,2055,2162,2269,2376,2483,2590,2591,2698,2805,2806,2807,2808,2809,2810,2811,2812,2813,2814,2815,2816,2817,2818,2819,2820,2821,2822,2823,2824,2825,2826,2827,2828,2829,2830,2831,2832,2833,2834,2835,2836,2837,2838,2839,2840,2840,2840,2840,2840,2840,2840,2840,2840,2840,2840,2840,2840,2840,2840,
goal:2840,2840,2840,2840,2840,2840,2840,2840,2840,2840,2840,2840,2840,2840,2840,2840,2840,2840,2840,2840,2840,2840,2840,2840,2840,2840,2840,2840,2840,2840,2840,2840,2840,2840,2840,2840,2840,2840,2840,2840,2840,2840,2840,2840,2840,2840,2840,2840,2840,2840,2840,2840,2840,2840,2840,2840,2840,2840,2840,2840,2840,2840,2840,2840,2840,2840,2840,2840,2840,2840,2840,2840,
size:57
[agent] id:7
path:986,1093,1200,1307,1414,1521,1628,1735,1842,1949,2056,2163,2162,2161,2160,2159,2158,2158,2158,2158,2158,2158,2158,2158,2158,2158,2158,2158,2158,2158,2158,2158,2158,2158,2158,2158,2158,2158,2158,2158,2158,2158,2158,2158,2158,2158,2158,2158,2158,2158,2158,2158,2158,2158,2158,2158,2158,2158,2158,2158,2158,2158,2158,2158,2158,2158,2158,2158,2158,2158,2158,2158,
goal:2158,2158,2158,2158,2158,2158,2158,2158,2158,2158,2158,2158,2158,2158,2158,2158,2158,2158,2158,2158,2158,2158,2158,2158,2158,2158,2158,2158,2158,2158,2158,2158,2158,2158,2158,2158,2158,2158,2158,2158,2158,2158,2158,2158,2158,2158,2158,2158,2158,2158,2158,2158,2158,2158,2158,2158,2158,2158,2158,2158,2158,2158,2158,2158,2158,2158,2158,2158,2158,2158,2158,2158,
size:16
[agent] id:8
path:2543,2542,2541,2540,2539,2538,2537,2536,2535,2534,2533,2532,2531,2530,2529,2528,2527,2526,2525,2524,2523,2522,2521,2520,2519,2518,2517,2516,2515,2514,2513,2512,2511,2510,2509,2508,2507,2506,2505,2504,2503,2502,2501,2500,2499,2498,2497,2496,2495,2494,2493,2492,2491,2490,2489,2488,2487,2486,2485,2484,2483,2482,2481,2480,2479,2478,2477,2476,2475,2474,2581,2688,
goal:2688,2688,2688,2688,2688,2688,2688,2688,2688,2688,2688,2688,2688,2688,2688,2688,2688,2688,2688,2688,2688,2688,2688,2688,2688,2688,2688,2688,2688,2688,2688,2688,2688,2688,2688,2688,2688,2688,2688,2688,2688,2688,2688,2688,2688,2688,2688,2688,2688,2688,2688,2688,2688,2688,2688,2688,2688,2688,2688,2688,2688,2688,2688,2688,2688,2688,2688,2688,2688,2688,2688,2688,
size:71
[agent] id:9
path:2828,2935,3042,3043,3044,3045,3046,3047,3048,3049,3050,3051,3052,3053,3054,3055,3056,3057,3058,3059,3060,3061,3062,3169,3170,3171,3172,3173,3280,3387,3494,3601,3708,3815,3922,3923,3924,3925,3926,3927,3928,3929,3929,3929,3929,3929,3929,3929,3929,3929,3929,3929,3929,3929,3929,3929,3929,3929,3929,3929,3929,3929,3929,3929,3929,3929,3929,3929,3929,3929,3929,3929,
goal:3929,3929,3929,3929,3929,3929,3929,3929,3929,3929,3929,3929,3929,3929,3929,3929,3929,3929,3929,3929,3929,3929,3929,3929,3929,3929,3929,3929,3929,3929,3929,3929,3929,3929,3929,3929,3929,3929,3929,3929,3929,3929,3929,3929,3929,3929,3929,3929,3929,3929,3929,3929,3929,3929,3929,3929,3929,3929,3929,3929,3929,3929,3929,3929,3929,3929,3929,3929,3929,3929,3929,3929,
size:41
SolutionCost:383
