[setting] seed:70
[solver] type:ECBS
[solver] w:3.000000
[solver] ID:0
[solver] Lowlevelnode:50427
[solver] solved:1
[solver] elapsed:297
[solver] makespan:96
[problem] timesteplimit:10000
[problem] type:MAPF
[problem] agentnum:30
[graph] width:107
[graph] height:47
[graph] filename:./map/orz601d.map
[task] id:1,start:0,end:0,service time:0,nodes:3203,
[task] id:3,start:0,end:0,service time:0,nodes:2302,
[task] id:12,start:0,end:0,service time:0,nodes:2473,
[task] id:2,start:0,end:0,service time:0,nodes:1027,
[task] id:16,start:0,end:0,service time:0,nodes:2005,
[task] id:4,start:0,end:0,service time:0,nodes:3064,
[task] id:9,start:0,end:0,service time:0,nodes:1995,
[task] id:26,start:0,end:0,service time:0,nodes:1864,
[task] id:8,start:0,end:0,service time:0,nodes:2705,
[task] id:10,start:0,end:0,service time:0,nodes:2454,
[task] id:28,start:0,end:0,service time:0,nodes:2338,
[task] id:13,start:0,end:0,service time:0,nodes:2507,
[task] id:17,start:0,end:0,service time:0,nodes:1434,
[task] id:14,start:0,end:0,service time:0,nodes:2830,
[task] id:7,start:0,end:0,service time:0,nodes:1963,
[task] id:5,start:0,end:0,service time:0,nodes:3033,
[task] id:23,start:0,end:0,service time:0,nodes:4242,
[task] id:29,start:0,end:0,service time:0,nodes:2218,
[task] id:22,start:0,end:0,service time:0,nodes:453,
[task] id:0,start:0,end:0,service time:0,nodes:4032,
[task] id:15,start:0,end:0,service time:0,nodes:717,
[task] id:21,start:0,end:0,service time:0,nodes:1795,
[task] id:20,start:0,end:0,service time:0,nodes:1748,
[task] id:11,start:0,end:0,service time:0,nodes:3882,
[task] id:27,start:0,end:0,service time:0,nodes:2004,
[task] id:18,start:0,end:0,service time:0,nodes:2652,
[task] id:25,start:0,end:0,service time:0,nodes:3930,
[task] id:19,start:0,end:0,service time:0,nodes:2448,
[task] id:6,start:0,end:0,service time:0,nodes:3085,
[task] id:24,start:0,end:0,service time:0,nodes:2150,
[agent] id:0
path:2373,2480,2587,2694,2801,2908,2909,2910,2911,2912,2913,2914,2915,2916,2917,2918,2919,2920,2921,2922,2923,2924,2925,2926,2927,2928,2929,2930,2931,2932,2933,2934,2935,2936,2937,2938,2939,3046,3047,3048,3049,3050,3051,3052,3053,3054,3055,3056,3057,3058,3059,3060,3061,3062,3169,3170,3171,3172,3173,3280,3387,3494,3601,3708,3815,3922,4029,4030,4031,4032,4032,4032,4032,4032,4032,4032,4032,4032,4032,4032,4032,4032,4032,4032,4032,4032,4032,4032,4032,4032,4032,4032,4032,4032,4032,4032,4032,
goal:4032,4032,4032,4032,4032,4032,4032,4032,4032,4032,4032,4032,4032,4032,4032,4032,4032,4032,4032,4032,4032,4032,4032,4032,4032,4032,4032,4032,4032,4032,4032,4032,4032,4032,4032,4032,4032,4032,4032,4032,4032,4032,4032,4032,4032,4032,4032,4032,4032,4032,4032,4032,4032,4032,4032,4032,4032,4032,4032,4032,4032,4032,4032,4032,4032,4032,4032,4032,4032,4032,4032,4032,4032,4032,4032,4032,4032,4032,4032,4032,4032,4032,4032,4032,4032,4032,4032,4032,4032,4032,4032,4032,4032,4032,4032,4032,4032,
size:69
[agent] id:1
path:2450,2557,2664,2665,2772,2879,2986,3093,3200,3201,3202,3203,3203,3203,3203,3203,3203,3203,3203,3203,3203,3203,3203,3203,3203,3203,3203,3203,3203,3203,3203,3203,3203,3203,3203,3203,3203,3203,3203,3203,3203,3203,3203,3203,3203,3203,3203,3203,3203,3203,3203,3203,3203,3203,3203,3203,3203,3203,3203,3203,3203,3203,3203,3203,3203,3203,3203,3203,3203,3203,3203,3203,3203,3203,3203,3203,3203,3203,3203,3203,3203,3203,3203,3203,3203,3203,3203,3203,3203,3203,3203,3203,3203,3203,3203,3203,3203,
goal:3203,3203,3203,3203,3203,3203,3203,3203,3203,3203,3203,3203,3203,3203,3203,3203,3203,3203,3203,3203,3203,3203,3203,3203,3203,3203,3203,3203,3203,3203,3203,3203,3203,3203,3203,3203,3203,3203,3203,3203,3203,3203,3203,3203,3203,3203,3203,3203,3203,3203,3203,3203,3203,3203,3203,3203,3203,3203,3203,3203,3203,3203,3203,3203,3203,3203,3203,3203,3203,3203,3203,3203,3203,3203,3203,3203,3203,3203,3203,3203,3203,3203,3203,3203,3203,3203,3203,3203,3203,3203,3203,3203,3203,3203,3203,3203,3203,
size:11
[agent] id:2
path:608,715,822,929,1036,1035,1034,1033,1032,1031,1030,1029,1028,1027,1027,1027,1027,1027,1027,1027,1027,1027,1027,1027,1027,1027,1027,1027,1027,1027,1027,1027,1027,1027,1027,1027,1027,1027,1027,1027,1027,1027,1027,1027,1027,1027,1027,1027,1027,1027,1027,1027,1027,1027,1027,1027,1027,1027,1027,1027,1027,1027,1027,1027,1027,1027,1027,1027,1027,1027,1027,1027,1027,1027,1027,1027,1027,1027,1027,1027,1027,1027,1027,1027,1027,1027,1027,1027,1027,1027,1027,1027,1027,1027,1027,1027,1027,
goal:1027,1027,1027,1027,1027,1027,1027,1027,1027,1027,1027,1027,1027,1027,1027,1027,1027,1027,1027,1027,1027,1027,1027,1027,1027,1027,1027,1027,1027,1027,1027,1027,1027,1027,1027,1027,1027,1027,1027,1027,1027,1027,1027,1027,1027,1027,1027,1027,1027,1027,1027,1027,1027,1027,1027,1027,1027,1027,1027,1027,1027,1027,1027,1027,1027,1027,1027,1027,1027,1027,1027,1027,1027,1027,1027,1027,1027,1027,1027,1027,1027,1027,1027,1027,1027,1027,1027,1027,1027,1027,1027,1027,1027,1027,1027,1027,1027,
size:13
[agent] id:3
path:2313,2312,2311,2310,2309,2308,2307,2306,2305,2304,2303,2302,2302,2302,2302,2302,2302,2302,2302,2302,2302,2302,2302,2302,2302,2302,2302,2302,2302,2302,2302,2302,2302,2302,2302,2302,2302,2302,2302,2302,2302,2302,2302,2302,2302,2302,2302,2302,2302,2302,2302,2302,2302,2302,2302,2302,2302,2302,2302,2302,2302,2302,2302,2302,2302,2302,2302,2302,2302,2302,2302,2302,2302,2302,2302,2302,2302,2302,2302,2302,2302,2302,2302,2302,2302,2302,2302,2302,2302,2302,2302,2302,2302,2302,2302,2302,2302,
goal:2302,2302,2302,2302,2302,2302,2302,2302,2302,2302,2302,2302,2302,2302,2302,2302,2302,2302,2302,2302,2302,2302,2302,2302,2302,2302,2302,2302,2302,2302,2302,2302,2302,2302,2302,2302,2302,2302,2302,2302,2302,2302,2302,2302,2302,2302,2302,2302,2302,2302,2302,2302,2302,2302,2302,2302,2302,2302,2302,2302,2302,2302,2302,2302,2302,2302,2302,2302,2302,2302,2302,2302,2302,2302,2302,2302,2302,2302,2302,2302,2302,2302,2302,2302,2302,2302,2302,2302,2302,2302,2302,2302,2302,2302,2302,2302,2302,
size:11
[agent] id:4
path:1357,1464,1463,1462,1569,1676,1783,1890,1997,2104,2211,2318,2425,2532,2639,2746,2853,2960,3067,3066,3065,3064,3064,3064,3064,3064,3064,3064,3064,3064,3064,3064,3064,3064,3064,3064,3064,3064,3064,3064,3064,3064,3064,3064,3064,3064,3064,3064,3064,3064,3064,3064,3064,3064,3064,3064,3064,3064,3064,3064,3064,3064,3064,3064,3064,3064,3064,3064,3064,3064,3064,3064,3064,3064,3064,3064,3064,3064,3064,3064,3064,3064,3064,3064,3064,3064,3064,3064,3064,3064,3064,3064,3064,3064,3064,3064,3064,
goal:3064,3064,3064,3064,3064,3064,3064,3064,3064,3064,3064,3064,3064,3064,3064,3064,3064,3064,3064,3064,3064,3064,3064,3064,3064,3064,3064,3064,3064,3064,3064,3064,3064,3064,3064,3064,3064,3064,3064,3064,3064,3064,3064,3064,3064,3064,3064,3064,3064,3064,3064,3064,3064,3064,3064,3064,3064,3064,3064,3064,3064,3064,3064,3064,3064,3064,3064,3064,3064,3064,3064,3064,3064,3064,3064,3064,3064,3064,3064,3064,3064,3064,3064,3064,3064,3064,3064,3064,3064,3064,3064,3064,3064,3064,3064,3064,3064,
size:21
[agent] id:5
path:2109,2216,2323,2430,2537,2644,2751,2858,2965,3072,3071,3070,3069,3068,3067,3066,3065,3064,3063,3062,3061,3060,3059,3058,3057,3056,3055,3054,3053,3052,3051,3050,3049,3048,3047,3046,3045,3044,3043,3042,3041,3040,3039,3038,3037,3036,3035,3034,3033,3033,3033,3033,3033,3033,3033,3033,3033,3033,3033,3033,3033,3033,3033,3033,3033,3033,3033,3033,3033,3033,3033,3033,3033,3033,3033,3033,3033,3033,3033,3033,3033,3033,3033,3033,3033,3033,3033,3033,3033,3033,3033,3033,3033,3033,3033,3033,3033,
goal:3033,3033,3033,3033,3033,3033,3033,3033,3033,3033,3033,3033,3033,3033,3033,3033,3033,3033,3033,3033,3033,3033,3033,3033,3033,3033,3033,3033,3033,3033,3033,3033,3033,3033,3033,3033,3033,3033,3033,3033,3033,3033,3033,3033,3033,3033,3033,3033,3033,3033,3033,3033,3033,3033,3033,3033,3033,3033,3033,3033,3033,3033,3033,3033,3033,3033,3033,3033,3033,3033,3033,3033,3033,3033,3033,3033,3033,3033,3033,3033,3033,3033,3033,3033,3033,3033,3033,3033,3033,3033,3033,3033,3033,3033,3033,3033,3033,
size:48
[agent] id:6
path:2790,2683,2576,2577,2578,2579,2580,2581,2474,2474,2367,2368,2369,2370,2371,2372,2373,2374,2375,2376,2377,2378,2379,2380,2381,2382,2383,2384,2385,2386,2387,2388,2389,2390,2391,2392,2393,2394,2395,2396,2397,2398,2399,2400,2401,2508,2509,2510,2511,2512,2513,2514,2515,2516,2517,2518,2519,2520,2521,2522,2523,2524,2525,2526,2527,2528,2529,2530,2531,2532,2533,2534,2535,2536,2537,2538,2539,2540,2541,2542,2543,2544,2545,2546,2653,2760,2867,2974,3081,3082,3083,3084,3085,3085,3085,3085,3085,
goal:3085,3085,3085,3085,3085,3085,3085,3085,3085,3085,3085,3085,3085,3085,3085,3085,3085,3085,3085,3085,3085,3085,3085,3085,3085,3085,3085,3085,3085,3085,3085,3085,3085,3085,3085,3085,3085,3085,3085,3085,3085,3085,3085,3085,3085,3085,3085,3085,3085,3085,3085,3085,3085,3085,3085,3085,3085,3085,3085,3085,3085,3085,3085,3085,3085,3085,3085,3085,3085,3085,3085,3085,3085,3085,3085,3085,3085,3085,3085,3085,3085,3085,3085,3085,3085,3085,3085,3085,3085,3085,3085,3085,3085,3085,3085,3085,3085,
size:92
[agent] id:7
path:2433,2326,2325,2324,2323,2322,2321,2320,2319,2318,2317,2210,2209,2208,2207,2206,2205,2204,2097,2096,2095,2094,2093,2092,2091,2090,2089,2088,2087,2086,2085,2084,2083,2082,2081,2080,1973,1972,1971,1970,1969,1968,1967,1966,1965,1964,1963,1963,1963,1963,1963,1963,1963,1963,1963,1963,1963,1963,1963,1963,1963,1963,1963,1963,1963,1963,1963,1963,1963,1963,1963,1963,1963,1963,1963,1963,1963,1963,1963,1963,1963,1963,1963,1963,1963,1963,1963,1963,1963,1963,1963,1963,1963,1963,1963,1963,1963,
goal:1963,1963,1963,1963,1963,1963,1963,1963,1963,1963,1963,1963,1963,1963,1963,1963,1963,1963,1963,1963,1963,1963,1963,1963,1963,1963,1963,1963,1963,1963,1963,1963,1963,1963,1963,1963,1963,1963,1963,1963,1963,1963,1963,1963,1963,1963,1963,1963,1963,1963,1963,1963,1963,1963,1963,1963,1963,1963,1963,1963,1963,1963,1963,1963,1963,1963,1963,1963,1963,1963,1963,1963,1963,1963,1963,1963,1963,1963,1963,1963,1963,1963,1963,1963,1963,1963,1963,1963,1963,1963,1963,1963,1963,1963,1963,1963,1963,
size:46
[agent] id:8
path:1010,1117,1224,1331,1438,1545,1652,1759,1866,1973,2080,2187,2294,2401,2508,2615,2722,2721,2720,2719,2718,2717,2716,2715,2714,2713,2712,2711,2710,2709,2708,2707,2706,2705,2705,2705,2705,2705,2705,2705,2705,2705,2705,2705,2705,2705,2705,2705,2705,2705,2705,2705,2705,2705,2705,2705,2705,2705,2705,2705,2705,2705,2705,2705,2705,2705,2705,2705,2705,2705,2705,2705,2705,2705,2705,2705,2705,2705,2705,2705,2705,2705,2705,2705,2705,2705,2705,2705,2705,2705,2705,2705,2705,2705,2705,2705,2705,
goal:2705,2705,2705,2705,2705,2705,2705,2705,2705,2705,2705,2705,2705,2705,2705,2705,2705,2705,2705,2705,2705,2705,2705,2705,2705,2705,2705,2705,2705,2705,2705,2705,2705,2705,2705,2705,2705,2705,2705,2705,2705,2705,2705,2705,2705,2705,2705,2705,2705,2705,2705,2705,2705,2705,2705,2705,2705,2705,2705,2705,2705,2705,2705,2705,2705,2705,2705,2705,2705,2705,2705,2705,2705,2705,2705,2705,2705,2705,2705,2705,2705,2705,2705,2705,2705,2705,2705,2705,2705,2705,2705,2705,2705,2705,2705,2705,2705,
size:33
[agent] id:9
path:1870,1977,1978,1979,1980,1981,1982,1983,1984,1985,1986,1987,1988,1989,2096,2097,2098,2099,2100,1993,1994,1995,1995,1995,1995,1995,1995,1995,1995,1995,1995,1995,1995,1995,1995,1995,1995,1995,1995,1995,1995,1995,1995,1995,1995,1995,1995,1995,1995,1995,1995,1995,1995,1995,1995,1995,1995,1995,1995,1995,1995,1995,1995,1995,1995,1995,1995,1995,1995,1995,1995,1995,1995,1995,1995,1995,1995,1995,1995,1995,1995,1995,1995,1995,1995,1995,1995,1995,1995,1995,1995,1995,1995,1995,1995,1995,1995,
goal:1995,1995,1995,1995,1995,1995,1995,1995,1995,1995,1995,1995,1995,1995,1995,1995,1995,1995,1995,1995,1995,1995,1995,1995,1995,1995,1995,1995,1995,1995,1995,1995,1995,1995,1995,1995,1995,1995,1995,1995,1995,1995,1995,1995,1995,1995,1995,1995,1995,1995,1995,1995,1995,1995,1995,1995,1995,1995,1995,1995,1995,1995,1995,1995,1995,1995,1995,1995,1995,1995,1995,1995,1995,1995,1995,1995,1995,1995,1995,1995,1995,1995,1995,1995,1995,1995,1995,1995,1995,1995,1995,1995,1995,1995,1995,1995,1995,
size:21
[agent] id:10
path:2957,2850,2743,2636,2529,2422,2423,2424,2425,2426,2427,2428,2429,2430,2431,2432,2433,2434,2435,2436,2437,2438,2439,2440,2441,2442,2443,2444,2445,2446,2447,2448,2449,2450,2451,2452,2453,2454,2454,2454,2454,2454,2454,2454,2454,2454,2454,2454,2454,2454,2454,2454,2454,2454,2454,2454,2454,2454,2454,2454,2454,2454,2454,2454,2454,2454,2454,2454,2454,2454,2454,2454,2454,2454,2454,2454,2454,2454,2454,2454,2454,2454,2454,2454,2454,2454,2454,2454,2454,2454,2454,2454,2454,2454,2454,2454,2454,
goal:2454,2454,2454,2454,2454,2454,2454,2454,2454,2454,2454,2454,2454,2454,2454,2454,2454,2454,2454,2454,2454,2454,2454,2454,2454,2454,2454,2454,2454,2454,2454,2454,2454,2454,2454,2454,2454,2454,2454,2454,2454,2454,2454,2454,2454,2454,2454,2454,2454,2454,2454,2454,2454,2454,2454,2454,2454,2454,2454,2454,2454,2454,2454,2454,2454,2454,2454,2454,2454,2454,2454,2454,2454,2454,2454,2454,2454,2454,2454,2454,2454,2454,2454,2454,2454,2454,2454,2454,2454,2454,2454,2454,2454,2454,2454,2454,2454,
size:37
[agent] id:11
path:4349,4242,4135,4028,3921,3814,3707,3600,3601,3494,3387,3280,3173,3172,3171,3170,3169,3062,3061,3060,3059,3058,3057,3056,3055,3054,3053,3052,3051,3050,3049,3048,3047,3046,3045,3044,3043,3042,3041,3040,3039,3038,3037,3036,3035,3034,3033,3032,3031,3030,3029,3028,3027,3026,3025,3024,3131,3238,3345,3344,3343,3342,3341,3340,3447,3554,3661,3768,3875,3876,3877,3878,3879,3880,3881,3882,3882,3882,3882,3882,3882,3882,3882,3882,3882,3882,3882,3882,3882,3882,3882,3882,3882,3882,3882,3882,3882,
goal:3882,3882,3882,3882,3882,3882,3882,3882,3882,3882,3882,3882,3882,3882,3882,3882,3882,3882,3882,3882,3882,3882,3882,3882,3882,3882,3882,3882,3882,3882,3882,3882,3882,3882,3882,3882,3882,3882,3882,3882,3882,3882,3882,3882,3882,3882,3882,3882,3882,3882,3882,3882,3882,3882,3882,3882,3882,3882,3882,3882,3882,3882,3882,3882,3882,3882,3882,3882,3882,3882,3882,3882,3882,3882,3882,3882,3882,3882,3882,3882,3882,3882,3882,3882,3882,3882,3882,3882,3882,3882,3882,3882,3882,3882,3882,3882,3882,
size:75
[agent] id:12
path:2591,2484,2483,2482,2481,2480,2479,2478,2477,2476,2475,2474,2473,2473,2473,2473,2473,2473,2473,2473,2473,2473,2473,2473,2473,2473,2473,2473,2473,2473,2473,2473,2473,2473,2473,2473,2473,2473,2473,2473,2473,2473,2473,2473,2473,2473,2473,2473,2473,2473,2473,2473,2473,2473,2473,2473,2473,2473,2473,2473,2473,2473,2473,2473,2473,2473,2473,2473,2473,2473,2473,2473,2473,2473,2473,2473,2473,2473,2473,2473,2473,2473,2473,2473,2473,2473,2473,2473,2473,2473,2473,2473,2473,2473,2473,2473,2473,
goal:2473,2473,2473,2473,2473,2473,2473,2473,2473,2473,2473,2473,2473,2473,2473,2473,2473,2473,2473,2473,2473,2473,2473,2473,2473,2473,2473,2473,2473,2473,2473,2473,2473,2473,2473,2473,2473,2473,2473,2473,2473,2473,2473,2473,2473,2473,2473,2473,2473,2473,2473,2473,2473,2473,2473,2473,2473,2473,2473,2473,2473,2473,2473,2473,2473,2473,2473,2473,2473,2473,2473,2473,2473,2473,2473,2473,2473,2473,2473,2473,2473,2473,2473,2473,2473,2473,2473,2473,2473,2473,2473,2473,2473,2473,2473,2473,2473,
size:12
[agent] id:13
path:1313,1312,1419,1418,1417,1416,1415,1414,1521,1628,1735,1842,1949,2056,2163,2270,2377,2484,2485,2486,2487,2488,2489,2490,2491,2492,2493,2494,2495,2496,2497,2498,2499,2500,2501,2502,2503,2504,2505,2506,2507,2507,2507,2507,2507,2507,2507,2507,2507,2507,2507,2507,2507,2507,2507,2507,2507,2507,2507,2507,2507,2507,2507,2507,2507,2507,2507,2507,2507,2507,2507,2507,2507,2507,2507,2507,2507,2507,2507,2507,2507,2507,2507,2507,2507,2507,2507,2507,2507,2507,2507,2507,2507,2507,2507,2507,2507,
goal:2507,2507,2507,2507,2507,2507,2507,2507,2507,2507,2507,2507,2507,2507,2507,2507,2507,2507,2507,2507,2507,2507,2507,2507,2507,2507,2507,2507,2507,2507,2507,2507,2507,2507,2507,2507,2507,2507,2507,2507,2507,2507,2507,2507,2507,2507,2507,2507,2507,2507,2507,2507,2507,2507,2507,2507,2507,2507,2507,2507,2507,2507,2507,2507,2507,2507,2507,2507,2507,2507,2507,2507,2507,2507,2507,2507,2507,2507,2507,2507,2507,2507,2507,2507,2507,2507,2507,2507,2507,2507,2507,2507,2507,2507,2507,2507,2507,
size:40
[agent] id:14
path:1251,1358,1465,1464,1463,1462,1569,1676,1783,1890,1997,2104,2211,2318,2425,2532,2639,2746,2853,2852,2851,2850,2849,2848,2847,2846,2845,2844,2843,2842,2841,2840,2839,2838,2837,2836,2835,2834,2833,2832,2831,2830,2830,2830,2830,2830,2830,2830,2830,2830,2830,2830,2830,2830,2830,2830,2830,2830,2830,2830,2830,2830,2830,2830,2830,2830,2830,2830,2830,2830,2830,2830,2830,2830,2830,2830,2830,2830,2830,2830,2830,2830,2830,2830,2830,2830,2830,2830,2830,2830,2830,2830,2830,2830,2830,2830,2830,
goal:2830,2830,2830,2830,2830,2830,2830,2830,2830,2830,2830,2830,2830,2830,2830,2830,2830,2830,2830,2830,2830,2830,2830,2830,2830,2830,2830,2830,2830,2830,2830,2830,2830,2830,2830,2830,2830,2830,2830,2830,2830,2830,2830,2830,2830,2830,2830,2830,2830,2830,2830,2830,2830,2830,2830,2830,2830,2830,2830,2830,2830,2830,2830,2830,2830,2830,2830,2830,2830,2830,2830,2830,2830,2830,2830,2830,2830,2830,2830,2830,2830,2830,2830,2830,2830,2830,2830,2830,2830,2830,2830,2830,2830,2830,2830,2830,2830,
size:41
[agent] id:15
path:2698,2591,2484,2377,2270,2163,2056,1949,1950,1951,1952,1953,1954,1955,1956,1957,1958,1959,1960,1961,1962,1963,1964,1965,1966,1967,1968,1969,1970,1971,1972,1973,1974,1975,1976,1977,1978,1979,1980,1981,1982,1983,1984,1985,1986,1987,1988,1989,1990,1991,1884,1885,1886,1887,1888,1889,1782,1675,1568,1461,1354,1247,1140,1033,926,819,712,713,714,715,716,717,717,717,717,717,717,717,717,717,717,717,717,717,717,717,717,717,717,717,717,717,717,717,717,717,717,
goal:717,717,717,717,717,717,717,717,717,717,717,717,717,717,717,717,717,717,717,717,717,717,717,717,717,717,717,717,717,717,717,717,717,717,717,717,717,717,717,717,717,717,717,717,717,717,717,717,717,717,717,717,717,717,717,717,717,717,717,717,717,717,717,717,717,717,717,717,717,717,717,717,717,717,717,717,717,717,717,717,717,717,717,717,717,717,717,717,717,717,717,717,717,717,717,717,717,
size:71
[agent] id:16
path:2959,2852,2745,2638,2531,2424,2317,2210,2211,2212,2105,2106,1999,2000,2001,2002,2003,2004,2005,2005,2005,2005,2005,2005,2005,2005,2005,2005,2005,2005,2005,2005,2005,2005,2005,2005,2005,2005,2005,2005,2005,2005,2005,2005,2005,2005,2005,2005,2005,2005,2005,2005,2005,2005,2005,2005,2005,2005,2005,2005,2005,2005,2005,2005,2005,2005,2005,2005,2005,2005,2005,2005,2005,2005,2005,2005,2005,2005,2005,2005,2005,2005,2005,2005,2005,2005,2005,2005,2005,2005,2005,2005,2005,2005,2005,2005,2005,
goal:2005,2005,2005,2005,2005,2005,2005,2005,2005,2005,2005,2005,2005,2005,2005,2005,2005,2005,2005,2005,2005,2005,2005,2005,2005,2005,2005,2005,2005,2005,2005,2005,2005,2005,2005,2005,2005,2005,2005,2005,2005,2005,2005,2005,2005,2005,2005,2005,2005,2005,2005,2005,2005,2005,2005,2005,2005,2005,2005,2005,2005,2005,2005,2005,2005,2005,2005,2005,2005,2005,2005,2005,2005,2005,2005,2005,2005,2005,2005,2005,2005,2005,2005,2005,2005,2005,2005,2005,2005,2005,2005,2005,2005,2005,2005,2005,2005,
size:18
[agent] id:17
path:2852,2745,2638,2531,2424,2317,2210,2103,1996,1995,1994,1993,1992,1991,1990,1989,1988,1987,1986,1985,1984,1983,1982,1981,1980,1979,1978,1871,1870,1869,1868,1867,1866,1759,1652,1545,1438,1437,1436,1435,1434,1434,1434,1434,1434,1434,1434,1434,1434,1434,1434,1434,1434,1434,1434,1434,1434,1434,1434,1434,1434,1434,1434,1434,1434,1434,1434,1434,1434,1434,1434,1434,1434,1434,1434,1434,1434,1434,1434,1434,1434,1434,1434,1434,1434,1434,1434,1434,1434,1434,1434,1434,1434,1434,1434,1434,1434,
goal:1434,1434,1434,1434,1434,1434,1434,1434,1434,1434,1434,1434,1434,1434,1434,1434,1434,1434,1434,1434,1434,1434,1434,1434,1434,1434,1434,1434,1434,1434,1434,1434,1434,1434,1434,1434,1434,1434,1434,1434,1434,1434,1434,1434,1434,1434,1434,1434,1434,1434,1434,1434,1434,1434,1434,1434,1434,1434,1434,1434,1434,1434,1434,1434,1434,1434,1434,1434,1434,1434,1434,1434,1434,1434,1434,1434,1434,1434,1434,1434,1434,1434,1434,1434,1434,1434,1434,1434,1434,1434,1434,1434,1434,1434,1434,1434,1434,
size:40
[agent] id:18
path:2039,2146,2253,2360,2361,2362,2363,2364,2365,2366,2366,2367,2368,2475,2476,2477,2478,2585,2586,2587,2588,2589,2590,2591,2592,2593,2594,2595,2596,2597,2598,2599,2600,2601,2602,2603,2604,2605,2606,2607,2608,2609,2610,2611,2612,2613,2614,2615,2616,2617,2618,2619,2620,2621,2622,2623,2624,2625,2626,2627,2628,2629,2630,2631,2632,2633,2634,2635,2636,2637,2638,2639,2640,2641,2642,2643,2644,2645,2646,2647,2648,2649,2650,2651,2652,2652,2652,2652,2652,2652,2652,2652,2652,2652,2652,2652,2652,
goal:2652,2652,2652,2652,2652,2652,2652,2652,2652,2652,2652,2652,2652,2652,2652,2652,2652,2652,2652,2652,2652,2652,2652,2652,2652,2652,2652,2652,2652,2652,2652,2652,2652,2652,2652,2652,2652,2652,2652,2652,2652,2652,2652,2652,2652,2652,2652,2652,2652,2652,2652,2652,2652,2652,2652,2652,2652,2652,2652,2652,2652,2652,2652,2652,2652,2652,2652,2652,2652,2652,2652,2652,2652,2652,2652,2652,2652,2652,2652,2652,2652,2652,2652,2652,2652,2652,2652,2652,2652,2652,2652,2652,2652,2652,2652,2652,2652,
size:84
[agent] id:19
path:2147,2254,2361,2362,2363,2364,2365,2366,2367,2368,2369,2370,2371,2372,2373,2374,2375,2376,2377,2378,2379,2380,2381,2382,2383,2384,2385,2386,2387,2388,2389,2390,2391,2392,2393,2394,2395,2396,2397,2398,2399,2400,2401,2402,2403,2404,2405,2406,2407,2408,2409,2410,2411,2412,2413,2414,2415,2416,2417,2418,2419,2420,2421,2422,2423,2424,2425,2426,2427,2428,2429,2430,2431,2432,2433,2434,2435,2436,2437,2438,2439,2440,2441,2442,2443,2444,2445,2446,2447,2448,2448,2448,2448,2448,2448,2448,2448,
goal:2448,2448,2448,2448,2448,2448,2448,2448,2448,2448,2448,2448,2448,2448,2448,2448,2448,2448,2448,2448,2448,2448,2448,2448,2448,2448,2448,2448,2448,2448,2448,2448,2448,2448,2448,2448,2448,2448,2448,2448,2448,2448,2448,2448,2448,2448,2448,2448,2448,2448,2448,2448,2448,2448,2448,2448,2448,2448,2448,2448,2448,2448,2448,2448,2448,2448,2448,2448,2448,2448,2448,2448,2448,2448,2448,2448,2448,2448,2448,2448,2448,2448,2448,2448,2448,2448,2448,2448,2448,2448,2448,2448,2448,2448,2448,2448,2448,
size:89
[agent] id:20
path:2455,2454,2453,2452,2451,2450,2449,2448,2447,2446,2339,2232,2125,2124,2123,2122,2121,2120,2119,2118,2117,2116,2115,2114,2113,2112,2111,2110,2109,2108,2107,2106,2105,2104,2103,2102,2101,2100,2099,2098,2097,2096,2095,2094,2093,2092,2091,1984,1983,1982,1981,1980,1979,1978,1977,1976,1975,1974,1973,1972,1971,1970,1969,1968,1967,1966,1965,1964,2071,2070,2069,1962,1855,1748,1748,1748,1748,1748,1748,1748,1748,1748,1748,1748,1748,1748,1748,1748,1748,1748,1748,1748,1748,1748,1748,1748,1748,
goal:1748,1748,1748,1748,1748,1748,1748,1748,1748,1748,1748,1748,1748,1748,1748,1748,1748,1748,1748,1748,1748,1748,1748,1748,1748,1748,1748,1748,1748,1748,1748,1748,1748,1748,1748,1748,1748,1748,1748,1748,1748,1748,1748,1748,1748,1748,1748,1748,1748,1748,1748,1748,1748,1748,1748,1748,1748,1748,1748,1748,1748,1748,1748,1748,1748,1748,1748,1748,1748,1748,1748,1748,1748,1748,1748,1748,1748,1748,1748,1748,1748,1748,1748,1748,1748,1748,1748,1748,1748,1748,1748,1748,1748,1748,1748,1748,1748,
size:73
[agent] id:21
path:2371,2372,2373,2374,2375,2376,2377,2378,2379,2380,2381,2382,2383,2384,2385,2386,2387,2388,2389,2390,2391,2392,2393,2394,2395,2396,2397,2398,2399,2400,2401,2402,2403,2404,2405,2406,2407,2408,2409,2410,2303,2304,2305,2306,2307,2308,2309,2310,2311,2312,2313,2314,2315,2316,2317,2318,2319,2320,2321,2322,2323,2324,2325,2326,2219,2112,2113,2006,2007,1900,1901,1794,1795,1795,1795,1795,1795,1795,1795,1795,1795,1795,1795,1795,1795,1795,1795,1795,1795,1795,1795,1795,1795,1795,1795,1795,1795,
goal:1795,1795,1795,1795,1795,1795,1795,1795,1795,1795,1795,1795,1795,1795,1795,1795,1795,1795,1795,1795,1795,1795,1795,1795,1795,1795,1795,1795,1795,1795,1795,1795,1795,1795,1795,1795,1795,1795,1795,1795,1795,1795,1795,1795,1795,1795,1795,1795,1795,1795,1795,1795,1795,1795,1795,1795,1795,1795,1795,1795,1795,1795,1795,1795,1795,1795,1795,1795,1795,1795,1795,1795,1795,1795,1795,1795,1795,1795,1795,1795,1795,1795,1795,1795,1795,1795,1795,1795,1795,1795,1795,1795,1795,1795,1795,1795,1795,
size:72
[agent] id:22
path:2318,2211,2104,2103,2102,2101,2100,2099,2098,2097,2096,2095,2094,2093,2092,2091,2090,2089,2088,2087,2086,2085,2084,2083,2082,2081,2080,2079,2078,2077,2076,2075,1968,1967,1966,1965,1964,1963,1962,1961,1960,1959,1958,1957,1956,1955,1954,1847,1846,1845,1844,1843,1842,1735,1628,1521,1414,1307,1200,1093,986,879,772,665,558,451,452,453,453,453,453,453,453,453,453,453,453,453,453,453,453,453,453,453,453,453,453,453,453,453,453,453,453,453,453,453,453,
goal:453,453,453,453,453,453,453,453,453,453,453,453,453,453,453,453,453,453,453,453,453,453,453,453,453,453,453,453,453,453,453,453,453,453,453,453,453,453,453,453,453,453,453,453,453,453,453,453,453,453,453,453,453,453,453,453,453,453,453,453,453,453,453,453,453,453,453,453,453,453,453,453,453,453,453,453,453,453,453,453,453,453,453,453,453,453,453,453,453,453,453,453,453,453,453,453,453,
size:67
[agent] id:23
path:583,690,797,904,1011,1118,1225,1332,1439,1438,1545,1652,1759,1866,1973,2080,2187,2294,2401,2508,2615,2722,2829,2936,2937,2938,2939,2940,2941,2942,2943,2944,3051,3052,3053,3054,3055,3056,3057,3058,3059,3060,3061,3062,3169,3170,3171,3172,3173,3280,3387,3494,3601,3708,3815,3922,4029,4136,4243,4242,4242,4242,4242,4242,4242,4242,4242,4242,4242,4242,4242,4242,4242,4242,4242,4242,4242,4242,4242,4242,4242,4242,4242,4242,4242,4242,4242,4242,4242,4242,4242,4242,4242,4242,4242,4242,4242,
goal:4242,4242,4242,4242,4242,4242,4242,4242,4242,4242,4242,4242,4242,4242,4242,4242,4242,4242,4242,4242,4242,4242,4242,4242,4242,4242,4242,4242,4242,4242,4242,4242,4242,4242,4242,4242,4242,4242,4242,4242,4242,4242,4242,4242,4242,4242,4242,4242,4242,4242,4242,4242,4242,4242,4242,4242,4242,4242,4242,4242,4242,4242,4242,4242,4242,4242,4242,4242,4242,4242,4242,4242,4242,4242,4242,4242,4242,4242,4242,4242,4242,4242,4242,4242,4242,4242,4242,4242,4242,4242,4242,4242,4242,4242,4242,4242,4242,
size:59
[agent] id:24
path:2348,2455,2454,2453,2452,2451,2450,2449,2448,2447,2446,2445,2444,2443,2442,2441,2440,2439,2438,2437,2544,2543,2542,2541,2540,2539,2538,2537,2536,2535,2534,2533,2532,2531,2530,2529,2528,2527,2526,2525,2524,2523,2522,2521,2520,2519,2518,2517,2516,2515,2514,2407,2406,2405,2404,2403,2402,2401,2400,2399,2398,2397,2396,2395,2394,2393,2392,2391,2390,2389,2388,2387,2386,2385,2384,2383,2382,2381,2380,2379,2378,2377,2376,2375,2374,2373,2372,2371,2370,2369,2368,2367,2260,2153,2152,2151,2150,
goal:2150,2150,2150,2150,2150,2150,2150,2150,2150,2150,2150,2150,2150,2150,2150,2150,2150,2150,2150,2150,2150,2150,2150,2150,2150,2150,2150,2150,2150,2150,2150,2150,2150,2150,2150,2150,2150,2150,2150,2150,2150,2150,2150,2150,2150,2150,2150,2150,2150,2150,2150,2150,2150,2150,2150,2150,2150,2150,2150,2150,2150,2150,2150,2150,2150,2150,2150,2150,2150,2150,2150,2150,2150,2150,2150,2150,2150,2150,2150,2150,2150,2150,2150,2150,2150,2150,2150,2150,2150,2150,2150,2150,2150,2150,2150,2150,2150,
size:96
[agent] id:25
path:875,982,1089,1196,1303,1410,1411,1412,1413,1520,1627,1734,1841,1948,2055,2162,2163,2164,2165,2166,2167,2168,2169,2170,2171,2172,2173,2174,2175,2176,2177,2178,2179,2180,2181,2182,2183,2184,2185,2186,2187,2188,2189,2190,2191,2192,2193,2194,2195,2196,2303,2304,2305,2306,2307,2308,2309,2310,2311,2312,2313,2314,2315,2316,2317,2318,2318,2425,2532,2639,2746,2853,2960,3067,3174,3281,3388,3495,3602,3709,3816,3923,3924,3925,3926,3927,3928,3929,3930,3930,3930,3930,3930,3930,3930,3930,3930,
goal:3930,3930,3930,3930,3930,3930,3930,3930,3930,3930,3930,3930,3930,3930,3930,3930,3930,3930,3930,3930,3930,3930,3930,3930,3930,3930,3930,3930,3930,3930,3930,3930,3930,3930,3930,3930,3930,3930,3930,3930,3930,3930,3930,3930,3930,3930,3930,3930,3930,3930,3930,3930,3930,3930,3930,3930,3930,3930,3930,3930,3930,3930,3930,3930,3930,3930,3930,3930,3930,3930,3930,3930,3930,3930,3930,3930,3930,3930,3930,3930,3930,3930,3930,3930,3930,3930,3930,3930,3930,3930,3930,3930,3930,3930,3930,3930,3930,
size:88
[agent] id:26
path:2162,2055,1948,1949,1950,1951,1952,1953,1954,1955,1956,1957,1958,1959,1960,1961,1962,1963,1964,1965,1966,1967,1860,1861,1862,1863,1864,1864,1864,1864,1864,1864,1864,1864,1864,1864,1864,1864,1864,1864,1864,1864,1864,1864,1864,1864,1864,1864,1864,1864,1864,1864,1864,1864,1864,1864,1864,1864,1864,1864,1864,1864,1864,1864,1864,1864,1864,1864,1864,1864,1864,1864,1864,1864,1864,1864,1864,1864,1864,1864,1864,1864,1864,1864,1864,1864,1864,1864,1864,1864,1864,1864,1864,1864,1864,1864,1864,
goal:1864,1864,1864,1864,1864,1864,1864,1864,1864,1864,1864,1864,1864,1864,1864,1864,1864,1864,1864,1864,1864,1864,1864,1864,1864,1864,1864,1864,1864,1864,1864,1864,1864,1864,1864,1864,1864,1864,1864,1864,1864,1864,1864,1864,1864,1864,1864,1864,1864,1864,1864,1864,1864,1864,1864,1864,1864,1864,1864,1864,1864,1864,1864,1864,1864,1864,1864,1864,1864,1864,1864,1864,1864,1864,1864,1864,1864,1864,1864,1864,1864,1864,1864,1864,1864,1864,1864,1864,1864,1864,1864,1864,1864,1864,1864,1864,1864,
size:26
[agent] id:27
path:2791,2684,2577,2470,2471,2472,2473,2473,2366,2367,2368,2369,2370,2371,2264,2157,2050,2051,2052,2053,2054,2055,2056,2057,2058,2059,2060,2061,2062,2063,2064,2065,2066,2067,2068,2069,2070,2071,2072,2073,2074,2075,2076,2077,2078,2079,2080,2081,2082,2083,2084,2085,2086,2087,2088,2089,2090,2091,2092,2093,2094,2095,2096,2097,2098,2099,2100,2101,2102,2103,1996,1997,1998,1999,2000,2001,2002,2003,2004,2004,2004,2004,2004,2004,2004,2004,2004,2004,2004,2004,2004,2004,2004,2004,2004,2004,2004,
goal:2004,2004,2004,2004,2004,2004,2004,2004,2004,2004,2004,2004,2004,2004,2004,2004,2004,2004,2004,2004,2004,2004,2004,2004,2004,2004,2004,2004,2004,2004,2004,2004,2004,2004,2004,2004,2004,2004,2004,2004,2004,2004,2004,2004,2004,2004,2004,2004,2004,2004,2004,2004,2004,2004,2004,2004,2004,2004,2004,2004,2004,2004,2004,2004,2004,2004,2004,2004,2004,2004,2004,2004,2004,2004,2004,2004,2004,2004,2004,2004,2004,2004,2004,2004,2004,2004,2004,2004,2004,2004,2004,2004,2004,2004,2004,2004,2004,
size:78
[agent] id:28
path:2087,2194,2195,2196,2197,2198,2199,2200,2307,2308,2309,2310,2311,2312,2313,2314,2315,2316,2317,2318,2319,2320,2321,2322,2323,2324,2325,2326,2327,2328,2329,2330,2331,2332,2333,2334,2335,2336,2337,2338,2338,2338,2338,2338,2338,2338,2338,2338,2338,2338,2338,2338,2338,2338,2338,2338,2338,2338,2338,2338,2338,2338,2338,2338,2338,2338,2338,2338,2338,2338,2338,2338,2338,2338,2338,2338,2338,2338,2338,2338,2338,2338,2338,2338,2338,2338,2338,2338,2338,2338,2338,2338,2338,2338,2338,2338,2338,
goal:2338,2338,2338,2338,2338,2338,2338,2338,2338,2338,2338,2338,2338,2338,2338,2338,2338,2338,2338,2338,2338,2338,2338,2338,2338,2338,2338,2338,2338,2338,2338,2338,2338,2338,2338,2338,2338,2338,2338,2338,2338,2338,2338,2338,2338,2338,2338,2338,2338,2338,2338,2338,2338,2338,2338,2338,2338,2338,2338,2338,2338,2338,2338,2338,2338,2338,2338,2338,2338,2338,2338,2338,2338,2338,2338,2338,2338,2338,2338,2338,2338,2338,2338,2338,2338,2338,2338,2338,2338,2338,2338,2338,2338,2338,2338,2338,2338,
size:39
[agent] id:29
path:1413,1520,1627,1734,1841,1948,2055,2162,2163,2164,2165,2166,2167,2168,2169,2170,2171,2172,2173,2174,2175,2176,2177,2178,2179,2180,2181,2182,2183,2184,2185,2186,2187,2188,2189,2190,2191,2192,2193,2194,2195,2196,2197,2198,2199,2200,2201,2202,2203,2204,2205,2206,2207,2208,2209,2210,2211,2212,2213,2214,2215,2216,2217,2218,2218,2218,2218,2218,2218,2218,2218,2218,2218,2218,2218,2218,2218,2218,2218,2218,2218,2218,2218,2218,2218,2218,2218,2218,2218,2218,2218,2218,2218,2218,2218,2218,2218,
goal:2218,2218,2218,2218,2218,2218,2218,2218,2218,2218,2218,2218,2218,2218,2218,2218,2218,2218,2218,2218,2218,2218,2218,2218,2218,2218,2218,2218,2218,2218,2218,2218,2218,2218,2218,2218,2218,2218,2218,2218,2218,2218,2218,2218,2218,2218,2218,2218,2218,2218,2218,2218,2218,2218,2218,2218,2218,2218,2218,2218,2218,2218,2218,2218,2218,2218,2218,2218,2218,2218,2218,2218,2218,2218,2218,2218,2218,2218,2218,2218,2218,2218,2218,2218,2218,2218,2218,2218,2218,2218,2218,2218,2218,2218,2218,2218,2218,
size:63
SolutionCost:1533
