[setting] seed:46
[solver] type:ECBS
[solver] w:3.000000
[solver] ID:0
[solver] Lowlevelnode:47096
[solver] solved:1
[solver] elapsed:207
[solver] makespan:90
[problem] timesteplimit:10000
[problem] type:MAPF
[problem] agentnum:30
[graph] width:107
[graph] height:47
[graph] filename:./map/orz601d.map
[task] id:8,start:0,end:0,service time:0,nodes:3044,
[task] id:7,start:0,end:0,service time:0,nodes:449,
[task] id:5,start:0,end:0,service time:0,nodes:1888,
[task] id:20,start:0,end:0,service time:0,nodes:3714,
[task] id:18,start:0,end:0,service time:0,nodes:2986,
[task] id:10,start:0,end:0,service time:0,nodes:2024,
[task] id:22,start:0,end:0,service time:0,nodes:2711,
[task] id:6,start:0,end:0,service time:0,nodes:2577,
[task] id:25,start:0,end:0,service time:0,nodes:3073,
[task] id:26,start:0,end:0,service time:0,nodes:2206,
[task] id:27,start:0,end:0,service time:0,nodes:2448,
[task] id:12,start:0,end:0,service time:0,nodes:4305,
[task] id:14,start:0,end:0,service time:0,nodes:2515,
[task] id:15,start:0,end:0,service time:0,nodes:1971,
[task] id:2,start:0,end:0,service time:0,nodes:2502,
[task] id:21,start:0,end:0,service time:0,nodes:2871,
[task] id:29,start:0,end:0,service time:0,nodes:2257,
[task] id:4,start:0,end:0,service time:0,nodes:1113,
[task] id:9,start:0,end:0,service time:0,nodes:1308,
[task] id:23,start:0,end:0,service time:0,nodes:1877,
[task] id:11,start:0,end:0,service time:0,nodes:4457,
[task] id:16,start:0,end:0,service time:0,nodes:906,
[task] id:17,start:0,end:0,service time:0,nodes:2752,
[task] id:19,start:0,end:0,service time:0,nodes:2114,
[task] id:13,start:0,end:0,service time:0,nodes:1250,
[task] id:28,start:0,end:0,service time:0,nodes:980,
[task] id:0,start:0,end:0,service time:0,nodes:2232,
[task] id:1,start:0,end:0,service time:0,nodes:2906,
[task] id:24,start:0,end:0,service time:0,nodes:880,
[task] id:3,start:0,end:0,service time:0,nodes:4297,
[agent] id:0
path:2054,2055,2056,2057,2058,2059,2060,2061,2062,2063,2064,2065,2066,2067,2068,2069,2070,2071,2072,2073,2074,2075,2076,2077,2078,2079,2080,2081,2082,2083,2084,2085,2086,2087,2088,2089,2090,2091,2092,2093,2094,2095,2096,2097,2098,2099,2100,2207,2208,2209,2210,2211,2212,2213,2214,2215,2216,2217,2218,2219,2220,2221,2222,2223,2224,2225,2226,2227,2228,2229,2230,2231,2232,2232,2232,2232,2232,2232,2232,2232,2232,2232,2232,2232,2232,2232,2232,2232,2232,2232,2232,
goal:2232,2232,2232,2232,2232,2232,2232,2232,2232,2232,2232,2232,2232,2232,2232,2232,2232,2232,2232,2232,2232,2232,2232,2232,2232,2232,2232,2232,2232,2232,2232,2232,2232,2232,2232,2232,2232,2232,2232,2232,2232,2232,2232,2232,2232,2232,2232,2232,2232,2232,2232,2232,2232,2232,2232,2232,2232,2232,2232,2232,2232,2232,2232,2232,2232,2232,2232,2232,2232,2232,2232,2232,2232,2232,2232,2232,2232,2232,2232,2232,2232,2232,2232,2232,2232,2232,2232,2232,2232,2232,2232,
size:72
[agent] id:1
path:2658,2765,2872,2979,2978,2977,2976,2975,2974,2973,2972,2971,2970,2969,2968,2967,2966,2965,2964,2963,2962,2961,2960,2959,2958,2957,2956,2955,2954,2953,2952,2951,2950,2949,2948,2947,2946,2945,2944,2943,2942,2941,2940,2939,2938,2937,2936,2935,2934,2933,2932,2931,2930,2929,2928,2927,2926,2925,2924,2923,2922,2921,2920,2919,2918,2917,2916,2915,2914,2913,2912,2911,2910,2909,2908,2907,2906,2906,2906,2906,2906,2906,2906,2906,2906,2906,2906,2906,2906,2906,2906,
goal:2906,2906,2906,2906,2906,2906,2906,2906,2906,2906,2906,2906,2906,2906,2906,2906,2906,2906,2906,2906,2906,2906,2906,2906,2906,2906,2906,2906,2906,2906,2906,2906,2906,2906,2906,2906,2906,2906,2906,2906,2906,2906,2906,2906,2906,2906,2906,2906,2906,2906,2906,2906,2906,2906,2906,2906,2906,2906,2906,2906,2906,2906,2906,2906,2906,2906,2906,2906,2906,2906,2906,2906,2906,2906,2906,2906,2906,2906,2906,2906,2906,2906,2906,2906,2906,2906,2906,2906,2906,2906,2906,
size:76
[agent] id:2
path:670,777,884,991,1098,1205,1312,1419,1418,1417,1416,1415,1414,1521,1628,1735,1842,1949,2056,2163,2270,2377,2484,2485,2486,2487,2488,2489,2490,2491,2492,2493,2494,2495,2496,2497,2498,2499,2500,2501,2502,2502,2502,2502,2502,2502,2502,2502,2502,2502,2502,2502,2502,2502,2502,2502,2502,2502,2502,2502,2502,2502,2502,2502,2502,2502,2502,2502,2502,2502,2502,2502,2502,2502,2502,2502,2502,2502,2502,2502,2502,2502,2502,2502,2502,2502,2502,2502,2502,2502,2502,
goal:2502,2502,2502,2502,2502,2502,2502,2502,2502,2502,2502,2502,2502,2502,2502,2502,2502,2502,2502,2502,2502,2502,2502,2502,2502,2502,2502,2502,2502,2502,2502,2502,2502,2502,2502,2502,2502,2502,2502,2502,2502,2502,2502,2502,2502,2502,2502,2502,2502,2502,2502,2502,2502,2502,2502,2502,2502,2502,2502,2502,2502,2502,2502,2502,2502,2502,2502,2502,2502,2502,2502,2502,2502,2502,2502,2502,2502,2502,2502,2502,2502,2502,2502,2502,2502,2502,2502,2502,2502,2502,2502,
size:40
[agent] id:3
path:1903,2010,2117,2224,2331,2438,2545,2652,2759,2866,2973,2972,2971,2970,2969,2968,2967,2966,2965,2964,2963,2962,2961,2960,2959,2958,2957,2956,2955,2954,2953,2952,2951,2950,2949,2948,2947,2946,2945,2944,2943,2942,2941,2940,2939,2938,2937,2936,3043,3042,3041,3040,3039,3038,3037,3036,3035,3034,3033,3032,3031,3030,3029,3028,3027,3026,3025,3024,3131,3238,3345,3344,3343,3342,3341,3340,3447,3554,3661,3768,3875,3982,4089,4196,4303,4302,4301,4300,4299,4298,4297,
goal:4297,4297,4297,4297,4297,4297,4297,4297,4297,4297,4297,4297,4297,4297,4297,4297,4297,4297,4297,4297,4297,4297,4297,4297,4297,4297,4297,4297,4297,4297,4297,4297,4297,4297,4297,4297,4297,4297,4297,4297,4297,4297,4297,4297,4297,4297,4297,4297,4297,4297,4297,4297,4297,4297,4297,4297,4297,4297,4297,4297,4297,4297,4297,4297,4297,4297,4297,4297,4297,4297,4297,4297,4297,4297,4297,4297,4297,4297,4297,4297,4297,4297,4297,4297,4297,4297,4297,4297,4297,4297,4297,
size:90
[agent] id:4
path:3925,3818,3711,3604,3603,3602,3495,3388,3281,3280,3173,3066,2959,2852,2745,2638,2531,2424,2317,2316,2315,2314,2313,2312,2311,2310,2309,2308,2307,2306,2305,2304,2303,2302,2301,2300,2193,2192,2191,2084,1977,1870,1869,1868,1867,1866,1759,1652,1545,1438,1331,1224,1117,1116,1115,1114,1113,1113,1113,1113,1113,1113,1113,1113,1113,1113,1113,1113,1113,1113,1113,1113,1113,1113,1113,1113,1113,1113,1113,1113,1113,1113,1113,1113,1113,1113,1113,1113,1113,1113,1113,
goal:1113,1113,1113,1113,1113,1113,1113,1113,1113,1113,1113,1113,1113,1113,1113,1113,1113,1113,1113,1113,1113,1113,1113,1113,1113,1113,1113,1113,1113,1113,1113,1113,1113,1113,1113,1113,1113,1113,1113,1113,1113,1113,1113,1113,1113,1113,1113,1113,1113,1113,1113,1113,1113,1113,1113,1113,1113,1113,1113,1113,1113,1113,1113,1113,1113,1113,1113,1113,1113,1113,1113,1113,1113,1113,1113,1113,1113,1113,1113,1113,1113,1113,1113,1113,1113,1113,1113,1113,1113,1113,1113,
size:56
[agent] id:5
path:2222,2115,2008,2007,2006,2005,2004,2003,2002,1895,1894,1893,1892,1891,1890,1889,1888,1888,1888,1888,1888,1888,1888,1888,1888,1888,1888,1888,1888,1888,1888,1888,1888,1888,1888,1888,1888,1888,1888,1888,1888,1888,1888,1888,1888,1888,1888,1888,1888,1888,1888,1888,1888,1888,1888,1888,1888,1888,1888,1888,1888,1888,1888,1888,1888,1888,1888,1888,1888,1888,1888,1888,1888,1888,1888,1888,1888,1888,1888,1888,1888,1888,1888,1888,1888,1888,1888,1888,1888,1888,1888,
goal:1888,1888,1888,1888,1888,1888,1888,1888,1888,1888,1888,1888,1888,1888,1888,1888,1888,1888,1888,1888,1888,1888,1888,1888,1888,1888,1888,1888,1888,1888,1888,1888,1888,1888,1888,1888,1888,1888,1888,1888,1888,1888,1888,1888,1888,1888,1888,1888,1888,1888,1888,1888,1888,1888,1888,1888,1888,1888,1888,1888,1888,1888,1888,1888,1888,1888,1888,1888,1888,1888,1888,1888,1888,1888,1888,1888,1888,1888,1888,1888,1888,1888,1888,1888,1888,1888,1888,1888,1888,1888,1888,
size:16
[agent] id:6
path:1852,1959,2066,2173,2280,2387,2494,2493,2492,2491,2490,2489,2488,2487,2486,2485,2484,2483,2482,2481,2480,2479,2478,2477,2476,2475,2474,2581,2580,2579,2578,2577,2577,2577,2577,2577,2577,2577,2577,2577,2577,2577,2577,2577,2577,2577,2577,2577,2577,2577,2577,2577,2577,2577,2577,2577,2577,2577,2577,2577,2577,2577,2577,2577,2577,2577,2577,2577,2577,2577,2577,2577,2577,2577,2577,2577,2577,2577,2577,2577,2577,2577,2577,2577,2577,2577,2577,2577,2577,2577,2577,
goal:2577,2577,2577,2577,2577,2577,2577,2577,2577,2577,2577,2577,2577,2577,2577,2577,2577,2577,2577,2577,2577,2577,2577,2577,2577,2577,2577,2577,2577,2577,2577,2577,2577,2577,2577,2577,2577,2577,2577,2577,2577,2577,2577,2577,2577,2577,2577,2577,2577,2577,2577,2577,2577,2577,2577,2577,2577,2577,2577,2577,2577,2577,2577,2577,2577,2577,2577,2577,2577,2577,2577,2577,2577,2577,2577,2577,2577,2577,2577,2577,2577,2577,2577,2577,2577,2577,2577,2577,2577,2577,2577,
size:31
[agent] id:7
path:778,671,670,563,562,455,454,453,452,451,450,449,449,449,449,449,449,449,449,449,449,449,449,449,449,449,449,449,449,449,449,449,449,449,449,449,449,449,449,449,449,449,449,449,449,449,449,449,449,449,449,449,449,449,449,449,449,449,449,449,449,449,449,449,449,449,449,449,449,449,449,449,449,449,449,449,449,449,449,449,449,449,449,449,449,449,449,449,449,449,449,
goal:449,449,449,449,449,449,449,449,449,449,449,449,449,449,449,449,449,449,449,449,449,449,449,449,449,449,449,449,449,449,449,449,449,449,449,449,449,449,449,449,449,449,449,449,449,449,449,449,449,449,449,449,449,449,449,449,449,449,449,449,449,449,449,449,449,449,449,449,449,449,449,449,449,449,449,449,449,449,449,449,449,449,449,449,449,449,449,449,449,449,449,
size:11
[agent] id:8
path:2943,3050,3049,3048,3047,3046,3045,3044,3044,3044,3044,3044,3044,3044,3044,3044,3044,3044,3044,3044,3044,3044,3044,3044,3044,3044,3044,3044,3044,3044,3044,3044,3044,3044,3044,3044,3044,3044,3044,3044,3044,3044,3044,3044,3044,3044,3044,3044,3044,3044,3044,3044,3044,3044,3044,3044,3044,3044,3044,3044,3044,3044,3044,3044,3044,3044,3044,3044,3044,3044,3044,3044,3044,3044,3044,3044,3044,3044,3044,3044,3044,3044,3044,3044,3044,3044,3044,3044,3044,3044,3044,
goal:3044,3044,3044,3044,3044,3044,3044,3044,3044,3044,3044,3044,3044,3044,3044,3044,3044,3044,3044,3044,3044,3044,3044,3044,3044,3044,3044,3044,3044,3044,3044,3044,3044,3044,3044,3044,3044,3044,3044,3044,3044,3044,3044,3044,3044,3044,3044,3044,3044,3044,3044,3044,3044,3044,3044,3044,3044,3044,3044,3044,3044,3044,3044,3044,3044,3044,3044,3044,3044,3044,3044,3044,3044,3044,3044,3044,3044,3044,3044,3044,3044,3044,3044,3044,3044,3044,3044,3044,3044,3044,3044,
size:7
[agent] id:9
path:2530,2423,2316,2209,2102,1995,1994,1993,1992,1991,1990,1989,1988,1987,1986,1985,1984,1983,1982,1981,1980,1979,1978,1977,1976,1975,1974,1973,1972,1971,1970,1969,1968,1967,1966,1965,1964,1963,1962,1961,1960,1959,1958,1957,1956,1955,1954,1847,1846,1845,1844,1843,1842,1735,1628,1521,1414,1307,1308,1308,1308,1308,1308,1308,1308,1308,1308,1308,1308,1308,1308,1308,1308,1308,1308,1308,1308,1308,1308,1308,1308,1308,1308,1308,1308,1308,1308,1308,1308,1308,1308,
goal:1308,1308,1308,1308,1308,1308,1308,1308,1308,1308,1308,1308,1308,1308,1308,1308,1308,1308,1308,1308,1308,1308,1308,1308,1308,1308,1308,1308,1308,1308,1308,1308,1308,1308,1308,1308,1308,1308,1308,1308,1308,1308,1308,1308,1308,1308,1308,1308,1308,1308,1308,1308,1308,1308,1308,1308,1308,1308,1308,1308,1308,1308,1308,1308,1308,1308,1308,1308,1308,1308,1308,1308,1308,1308,1308,1308,1308,1308,1308,1308,1308,1308,1308,1308,1308,1308,1308,1308,1308,1308,1308,
size:58
[agent] id:10
path:2752,2645,2538,2431,2432,2433,2434,2435,2436,2437,2438,2439,2440,2441,2442,2443,2444,2445,2446,2447,2448,2449,2450,2451,2344,2237,2130,2023,2024,2024,2024,2024,2024,2024,2024,2024,2024,2024,2024,2024,2024,2024,2024,2024,2024,2024,2024,2024,2024,2024,2024,2024,2024,2024,2024,2024,2024,2024,2024,2024,2024,2024,2024,2024,2024,2024,2024,2024,2024,2024,2024,2024,2024,2024,2024,2024,2024,2024,2024,2024,2024,2024,2024,2024,2024,2024,2024,2024,2024,2024,2024,
goal:2024,2024,2024,2024,2024,2024,2024,2024,2024,2024,2024,2024,2024,2024,2024,2024,2024,2024,2024,2024,2024,2024,2024,2024,2024,2024,2024,2024,2024,2024,2024,2024,2024,2024,2024,2024,2024,2024,2024,2024,2024,2024,2024,2024,2024,2024,2024,2024,2024,2024,2024,2024,2024,2024,2024,2024,2024,2024,2024,2024,2024,2024,2024,2024,2024,2024,2024,2024,2024,2024,2024,2024,2024,2024,2024,2024,2024,2024,2024,2024,2024,2024,2024,2024,2024,2024,2024,2024,2024,2024,2024,
size:28
[agent] id:11
path:3020,3021,3022,3023,3024,3025,3026,3027,3028,3029,3030,2923,2924,2925,2926,2927,2928,2929,2930,2931,2932,2933,2934,2935,2936,2937,2938,3045,3046,3047,3048,3049,3050,3051,3052,3053,3054,2947,3054,3055,3056,3057,3058,3059,3060,3061,3062,3169,3170,3171,3172,3173,3280,3387,3494,3601,3708,3815,3922,4029,4136,4243,4350,4457,4457,4457,4457,4457,4457,4457,4457,4457,4457,4457,4457,4457,4457,4457,4457,4457,4457,4457,4457,4457,4457,4457,4457,4457,4457,4457,4457,
goal:4457,4457,4457,4457,4457,4457,4457,4457,4457,4457,4457,4457,4457,4457,4457,4457,4457,4457,4457,4457,4457,4457,4457,4457,4457,4457,4457,4457,4457,4457,4457,4457,4457,4457,4457,4457,4457,4457,4457,4457,4457,4457,4457,4457,4457,4457,4457,4457,4457,4457,4457,4457,4457,4457,4457,4457,4457,4457,4457,4457,4457,4457,4457,4457,4457,4457,4457,4457,4457,4457,4457,4457,4457,4457,4457,4457,4457,4457,4457,4457,4457,4457,4457,4457,4457,4457,4457,4457,4457,4457,4457,
size:63
[agent] id:12
path:3042,3041,3040,3039,3038,3037,3036,3035,3034,3033,3032,3031,3030,3029,3028,3027,3026,3025,3024,3131,3238,3345,3344,3343,3342,3341,3340,3447,3554,3661,3768,3875,3982,4089,4196,4303,4304,4305,4305,4305,4305,4305,4305,4305,4305,4305,4305,4305,4305,4305,4305,4305,4305,4305,4305,4305,4305,4305,4305,4305,4305,4305,4305,4305,4305,4305,4305,4305,4305,4305,4305,4305,4305,4305,4305,4305,4305,4305,4305,4305,4305,4305,4305,4305,4305,4305,4305,4305,4305,4305,4305,
goal:4305,4305,4305,4305,4305,4305,4305,4305,4305,4305,4305,4305,4305,4305,4305,4305,4305,4305,4305,4305,4305,4305,4305,4305,4305,4305,4305,4305,4305,4305,4305,4305,4305,4305,4305,4305,4305,4305,4305,4305,4305,4305,4305,4305,4305,4305,4305,4305,4305,4305,4305,4305,4305,4305,4305,4305,4305,4305,4305,4305,4305,4305,4305,4305,4305,4305,4305,4305,4305,4305,4305,4305,4305,4305,4305,4305,4305,4305,4305,4305,4305,4305,4305,4305,4305,4305,4305,4305,4305,4305,4305,
size:37
[agent] id:13
path:3127,3020,2913,2806,2699,2592,2485,2378,2271,2164,2057,2058,2059,2060,2061,2062,2063,2064,2065,2066,2067,2068,2069,2070,2071,2072,2073,2074,2075,2076,2077,2078,2079,2080,2081,2082,2083,2084,2085,2086,2087,1980,1981,1982,1983,1984,1985,1986,1987,1988,1989,1990,1991,1992,1993,1994,1995,1996,1889,1782,1675,1568,1461,1354,1247,1248,1249,1250,1250,1250,1250,1250,1250,1250,1250,1250,1250,1250,1250,1250,1250,1250,1250,1250,1250,1250,1250,1250,1250,1250,1250,
goal:1250,1250,1250,1250,1250,1250,1250,1250,1250,1250,1250,1250,1250,1250,1250,1250,1250,1250,1250,1250,1250,1250,1250,1250,1250,1250,1250,1250,1250,1250,1250,1250,1250,1250,1250,1250,1250,1250,1250,1250,1250,1250,1250,1250,1250,1250,1250,1250,1250,1250,1250,1250,1250,1250,1250,1250,1250,1250,1250,1250,1250,1250,1250,1250,1250,1250,1250,1250,1250,1250,1250,1250,1250,1250,1250,1250,1250,1250,1250,1250,1250,1250,1250,1250,1250,1250,1250,1250,1250,1250,1250,
size:67
[agent] id:14
path:3082,2975,2868,2761,2654,2547,2546,2545,2544,2543,2542,2541,2540,2539,2538,2537,2536,2535,2534,2533,2532,2531,2530,2529,2528,2527,2526,2525,2524,2523,2522,2521,2520,2519,2518,2517,2516,2515,2515,2515,2515,2515,2515,2515,2515,2515,2515,2515,2515,2515,2515,2515,2515,2515,2515,2515,2515,2515,2515,2515,2515,2515,2515,2515,2515,2515,2515,2515,2515,2515,2515,2515,2515,2515,2515,2515,2515,2515,2515,2515,2515,2515,2515,2515,2515,2515,2515,2515,2515,2515,2515,
goal:2515,2515,2515,2515,2515,2515,2515,2515,2515,2515,2515,2515,2515,2515,2515,2515,2515,2515,2515,2515,2515,2515,2515,2515,2515,2515,2515,2515,2515,2515,2515,2515,2515,2515,2515,2515,2515,2515,2515,2515,2515,2515,2515,2515,2515,2515,2515,2515,2515,2515,2515,2515,2515,2515,2515,2515,2515,2515,2515,2515,2515,2515,2515,2515,2515,2515,2515,2515,2515,2515,2515,2515,2515,2515,2515,2515,2515,2515,2515,2515,2515,2515,2515,2515,2515,2515,2515,2515,2515,2515,2515,
size:37
[agent] id:15
path:2751,2644,2537,2430,2323,2216,2109,2002,2001,2000,1999,1998,1997,1996,1995,1994,1993,1992,1991,1990,1989,1988,1987,1986,1985,1984,1983,1982,1981,1980,1979,1978,1977,1976,1975,1974,1973,1972,1971,1971,1971,1971,1971,1971,1971,1971,1971,1971,1971,1971,1971,1971,1971,1971,1971,1971,1971,1971,1971,1971,1971,1971,1971,1971,1971,1971,1971,1971,1971,1971,1971,1971,1971,1971,1971,1971,1971,1971,1971,1971,1971,1971,1971,1971,1971,1971,1971,1971,1971,1971,1971,
goal:1971,1971,1971,1971,1971,1971,1971,1971,1971,1971,1971,1971,1971,1971,1971,1971,1971,1971,1971,1971,1971,1971,1971,1971,1971,1971,1971,1971,1971,1971,1971,1971,1971,1971,1971,1971,1971,1971,1971,1971,1971,1971,1971,1971,1971,1971,1971,1971,1971,1971,1971,1971,1971,1971,1971,1971,1971,1971,1971,1971,1971,1971,1971,1971,1971,1971,1971,1971,1971,1971,1971,1971,1971,1971,1971,1971,1971,1971,1971,1971,1971,1971,1971,1971,1971,1971,1971,1971,1971,1971,1971,
size:38
[agent] id:16
path:4520,4413,4306,4199,4092,3985,3878,3771,3770,3769,3768,3661,3554,3447,3340,3233,3126,3019,2912,2805,2698,2591,2592,2593,2594,2595,2596,2597,2598,2599,2600,2601,2602,2603,2604,2605,2606,2607,2608,2609,2610,2503,2396,2289,2182,2075,1968,1861,1862,1863,1864,1865,1758,1651,1544,1437,1330,1223,1116,1009,902,903,904,905,906,906,906,906,906,906,906,906,906,906,906,906,906,906,906,906,906,906,906,906,906,906,906,906,906,906,906,
goal:906,906,906,906,906,906,906,906,906,906,906,906,906,906,906,906,906,906,906,906,906,906,906,906,906,906,906,906,906,906,906,906,906,906,906,906,906,906,906,906,906,906,906,906,906,906,906,906,906,906,906,906,906,906,906,906,906,906,906,906,906,906,906,906,906,906,906,906,906,906,906,906,906,906,906,906,906,906,906,906,906,906,906,906,906,906,906,906,906,906,906,
size:64
[agent] id:17
path:3874,3767,3660,3553,3446,3339,3232,3125,3018,2911,2804,2697,2698,2699,2700,2701,2702,2703,2704,2705,2706,2707,2708,2709,2710,2711,2712,2713,2714,2715,2716,2717,2718,2719,2720,2721,2722,2723,2724,2725,2726,2727,2728,2729,2730,2731,2732,2733,2734,2735,2736,2737,2738,2739,2740,2741,2742,2743,2744,2745,2746,2747,2748,2749,2750,2751,2752,2752,2752,2752,2752,2752,2752,2752,2752,2752,2752,2752,2752,2752,2752,2752,2752,2752,2752,2752,2752,2752,2752,2752,2752,
goal:2752,2752,2752,2752,2752,2752,2752,2752,2752,2752,2752,2752,2752,2752,2752,2752,2752,2752,2752,2752,2752,2752,2752,2752,2752,2752,2752,2752,2752,2752,2752,2752,2752,2752,2752,2752,2752,2752,2752,2752,2752,2752,2752,2752,2752,2752,2752,2752,2752,2752,2752,2752,2752,2752,2752,2752,2752,2752,2752,2752,2752,2752,2752,2752,2752,2752,2752,2752,2752,2752,2752,2752,2752,2752,2752,2752,2752,2752,2752,2752,2752,2752,2752,2752,2752,2752,2752,2752,2752,2752,2752,
size:66
[agent] id:18
path:2118,2225,2332,2439,2546,2653,2654,2655,2656,2657,2658,2659,2660,2661,2662,2663,2664,2665,2772,2879,2986,2986,2986,2986,2986,2986,2986,2986,2986,2986,2986,2986,2986,2986,2986,2986,2986,2986,2986,2986,2986,2986,2986,2986,2986,2986,2986,2986,2986,2986,2986,2986,2986,2986,2986,2986,2986,2986,2986,2986,2986,2986,2986,2986,2986,2986,2986,2986,2986,2986,2986,2986,2986,2986,2986,2986,2986,2986,2986,2986,2986,2986,2986,2986,2986,2986,2986,2986,2986,2986,2986,
goal:2986,2986,2986,2986,2986,2986,2986,2986,2986,2986,2986,2986,2986,2986,2986,2986,2986,2986,2986,2986,2986,2986,2986,2986,2986,2986,2986,2986,2986,2986,2986,2986,2986,2986,2986,2986,2986,2986,2986,2986,2986,2986,2986,2986,2986,2986,2986,2986,2986,2986,2986,2986,2986,2986,2986,2986,2986,2986,2986,2986,2986,2986,2986,2986,2986,2986,2986,2986,2986,2986,2986,2986,2986,2986,2986,2986,2986,2986,2986,2986,2986,2986,2986,2986,2986,2986,2986,2986,2986,2986,2986,
size:20
[agent] id:19
path:1412,1413,1520,1627,1734,1841,1948,2055,2056,2057,2058,2059,2060,2061,2062,2063,2064,2065,2066,2067,2068,2069,2070,2071,2072,2073,2074,2075,2076,2077,2078,2079,2080,2081,2082,2083,2084,2085,2086,2087,2088,2089,2090,2091,2092,2093,2094,2095,2096,2097,2098,2099,2100,2101,2102,2103,2104,2105,2106,2107,2108,2109,2110,2111,2112,2113,2114,2114,2114,2114,2114,2114,2114,2114,2114,2114,2114,2114,2114,2114,2114,2114,2114,2114,2114,2114,2114,2114,2114,2114,2114,
goal:2114,2114,2114,2114,2114,2114,2114,2114,2114,2114,2114,2114,2114,2114,2114,2114,2114,2114,2114,2114,2114,2114,2114,2114,2114,2114,2114,2114,2114,2114,2114,2114,2114,2114,2114,2114,2114,2114,2114,2114,2114,2114,2114,2114,2114,2114,2114,2114,2114,2114,2114,2114,2114,2114,2114,2114,2114,2114,2114,2114,2114,2114,2114,2114,2114,2114,2114,2114,2114,2114,2114,2114,2114,2114,2114,2114,2114,2114,2114,2114,2114,2114,2114,2114,2114,2114,2114,2114,2114,2114,2114,
size:66
[agent] id:20
path:2319,2426,2533,2640,2747,2854,2961,3068,3175,3174,3281,3388,3495,3602,3709,3710,3711,3712,3713,3714,3714,3714,3714,3714,3714,3714,3714,3714,3714,3714,3714,3714,3714,3714,3714,3714,3714,3714,3714,3714,3714,3714,3714,3714,3714,3714,3714,3714,3714,3714,3714,3714,3714,3714,3714,3714,3714,3714,3714,3714,3714,3714,3714,3714,3714,3714,3714,3714,3714,3714,3714,3714,3714,3714,3714,3714,3714,3714,3714,3714,3714,3714,3714,3714,3714,3714,3714,3714,3714,3714,3714,
goal:3714,3714,3714,3714,3714,3714,3714,3714,3714,3714,3714,3714,3714,3714,3714,3714,3714,3714,3714,3714,3714,3714,3714,3714,3714,3714,3714,3714,3714,3714,3714,3714,3714,3714,3714,3714,3714,3714,3714,3714,3714,3714,3714,3714,3714,3714,3714,3714,3714,3714,3714,3714,3714,3714,3714,3714,3714,3714,3714,3714,3714,3714,3714,3714,3714,3714,3714,3714,3714,3714,3714,3714,3714,3714,3714,3714,3714,3714,3714,3714,3714,3714,3714,3714,3714,3714,3714,3714,3714,3714,3714,
size:19
[agent] id:21
path:3039,2932,2825,2826,2827,2828,2829,2830,2831,2832,2833,2834,2835,2836,2837,2838,2839,2840,2841,2842,2843,2844,2845,2846,2847,2848,2849,2850,2851,2852,2853,2854,2855,2856,2857,2858,2859,2860,2861,2862,2863,2864,2865,2866,2867,2868,2869,2870,2871,2871,2871,2871,2871,2871,2871,2871,2871,2871,2871,2871,2871,2871,2871,2871,2871,2871,2871,2871,2871,2871,2871,2871,2871,2871,2871,2871,2871,2871,2871,2871,2871,2871,2871,2871,2871,2871,2871,2871,2871,2871,2871,
goal:2871,2871,2871,2871,2871,2871,2871,2871,2871,2871,2871,2871,2871,2871,2871,2871,2871,2871,2871,2871,2871,2871,2871,2871,2871,2871,2871,2871,2871,2871,2871,2871,2871,2871,2871,2871,2871,2871,2871,2871,2871,2871,2871,2871,2871,2871,2871,2871,2871,2871,2871,2871,2871,2871,2871,2871,2871,2871,2871,2871,2871,2871,2871,2871,2871,2871,2871,2871,2871,2871,2871,2871,2871,2871,2871,2871,2871,2871,2871,2871,2871,2871,2871,2871,2871,2871,2871,2871,2871,2871,2871,
size:48
[agent] id:22
path:1011,1118,1225,1332,1439,1438,1545,1652,1759,1866,1973,2080,2187,2294,2401,2508,2615,2614,2613,2612,2611,2610,2609,2608,2607,2606,2605,2712,2711,2711,2711,2711,2711,2711,2711,2711,2711,2711,2711,2711,2711,2711,2711,2711,2711,2711,2711,2711,2711,2711,2711,2711,2711,2711,2711,2711,2711,2711,2711,2711,2711,2711,2711,2711,2711,2711,2711,2711,2711,2711,2711,2711,2711,2711,2711,2711,2711,2711,2711,2711,2711,2711,2711,2711,2711,2711,2711,2711,2711,2711,2711,
goal:2711,2711,2711,2711,2711,2711,2711,2711,2711,2711,2711,2711,2711,2711,2711,2711,2711,2711,2711,2711,2711,2711,2711,2711,2711,2711,2711,2711,2711,2711,2711,2711,2711,2711,2711,2711,2711,2711,2711,2711,2711,2711,2711,2711,2711,2711,2711,2711,2711,2711,2711,2711,2711,2711,2711,2711,2711,2711,2711,2711,2711,2711,2711,2711,2711,2711,2711,2711,2711,2711,2711,2711,2711,2711,2711,2711,2711,2711,2711,2711,2711,2711,2711,2711,2711,2711,2711,2711,2711,2711,2711,
size:28
[agent] id:23
path:3986,3879,3772,3771,3770,3769,3768,3661,3554,3447,3340,3233,3126,3019,2912,2805,2698,2591,2484,2377,2378,2271,2164,2057,2058,2059,2060,2061,2062,2063,2064,2065,2066,2067,2068,2069,2070,2071,2072,2073,2074,2075,2076,2077,2078,2079,2080,1973,1974,1975,1976,1977,1978,1979,1980,1981,1982,1983,1876,1877,1877,1877,1877,1877,1877,1877,1877,1877,1877,1877,1877,1877,1877,1877,1877,1877,1877,1877,1877,1877,1877,1877,1877,1877,1877,1877,1877,1877,1877,1877,1877,
goal:1877,1877,1877,1877,1877,1877,1877,1877,1877,1877,1877,1877,1877,1877,1877,1877,1877,1877,1877,1877,1877,1877,1877,1877,1877,1877,1877,1877,1877,1877,1877,1877,1877,1877,1877,1877,1877,1877,1877,1877,1877,1877,1877,1877,1877,1877,1877,1877,1877,1877,1877,1877,1877,1877,1877,1877,1877,1877,1877,1877,1877,1877,1877,1877,1877,1877,1877,1877,1877,1877,1877,1877,1877,1877,1877,1877,1877,1877,1877,1877,1877,1877,1877,1877,1877,1877,1877,1877,1877,1877,1877,
size:59
[agent] id:24
path:3702,3703,3596,3597,3598,3599,3600,3601,3494,3387,3280,3173,3066,2959,2852,2745,2638,2531,2424,2317,2316,2315,2314,2313,2312,2311,2310,2309,2308,2307,2200,2199,2198,2197,2196,2195,2194,2193,2192,2191,2190,2189,2188,2187,2186,2185,2078,2077,1970,1969,1968,1967,1966,1965,1964,1963,1962,1961,1960,1959,1958,1957,1956,1955,1954,1847,1846,1845,1844,1843,1842,1735,1628,1521,1414,1307,1200,1093,986,879,880,880,880,880,880,880,880,880,880,880,880,
goal:880,880,880,880,880,880,880,880,880,880,880,880,880,880,880,880,880,880,880,880,880,880,880,880,880,880,880,880,880,880,880,880,880,880,880,880,880,880,880,880,880,880,880,880,880,880,880,880,880,880,880,880,880,880,880,880,880,880,880,880,880,880,880,880,880,880,880,880,880,880,880,880,880,880,880,880,880,880,880,880,880,880,880,880,880,880,880,880,880,880,880,
size:80
[agent] id:25
path:2348,2455,2562,2561,2560,2559,2558,2557,2556,2555,2554,2553,2552,2659,2766,2873,2980,3087,3086,3085,3084,3083,3082,3081,3080,3079,3078,3077,3076,3075,3074,3073,3073,3073,3073,3073,3073,3073,3073,3073,3073,3073,3073,3073,3073,3073,3073,3073,3073,3073,3073,3073,3073,3073,3073,3073,3073,3073,3073,3073,3073,3073,3073,3073,3073,3073,3073,3073,3073,3073,3073,3073,3073,3073,3073,3073,3073,3073,3073,3073,3073,3073,3073,3073,3073,3073,3073,3073,3073,3073,3073,
goal:3073,3073,3073,3073,3073,3073,3073,3073,3073,3073,3073,3073,3073,3073,3073,3073,3073,3073,3073,3073,3073,3073,3073,3073,3073,3073,3073,3073,3073,3073,3073,3073,3073,3073,3073,3073,3073,3073,3073,3073,3073,3073,3073,3073,3073,3073,3073,3073,3073,3073,3073,3073,3073,3073,3073,3073,3073,3073,3073,3073,3073,3073,3073,3073,3073,3073,3073,3073,3073,3073,3073,3073,3073,3073,3073,3073,3073,3073,3073,3073,3073,3073,3073,3073,3073,3073,3073,3073,3073,3073,3073,
size:31
[agent] id:26
path:2280,2173,2174,2175,2176,2177,2178,2179,2180,2181,2182,2183,2184,2185,2186,2187,2188,2189,2190,2191,2192,2193,2194,2195,2196,2197,2198,2199,2200,2201,2202,2203,2204,2205,2206,2206,2206,2206,2206,2206,2206,2206,2206,2206,2206,2206,2206,2206,2206,2206,2206,2206,2206,2206,2206,2206,2206,2206,2206,2206,2206,2206,2206,2206,2206,2206,2206,2206,2206,2206,2206,2206,2206,2206,2206,2206,2206,2206,2206,2206,2206,2206,2206,2206,2206,2206,2206,2206,2206,2206,2206,
goal:2206,2206,2206,2206,2206,2206,2206,2206,2206,2206,2206,2206,2206,2206,2206,2206,2206,2206,2206,2206,2206,2206,2206,2206,2206,2206,2206,2206,2206,2206,2206,2206,2206,2206,2206,2206,2206,2206,2206,2206,2206,2206,2206,2206,2206,2206,2206,2206,2206,2206,2206,2206,2206,2206,2206,2206,2206,2206,2206,2206,2206,2206,2206,2206,2206,2206,2206,2206,2206,2206,2206,2206,2206,2206,2206,2206,2206,2206,2206,2206,2206,2206,2206,2206,2206,2206,2206,2206,2206,2206,2206,
size:34
[agent] id:27
path:1250,1357,1464,1463,1462,1569,1676,1783,1890,1997,2104,2211,2318,2425,2426,2427,2428,2429,2430,2431,2432,2433,2434,2435,2436,2437,2438,2439,2440,2441,2442,2443,2444,2445,2446,2447,2448,2448,2448,2448,2448,2448,2448,2448,2448,2448,2448,2448,2448,2448,2448,2448,2448,2448,2448,2448,2448,2448,2448,2448,2448,2448,2448,2448,2448,2448,2448,2448,2448,2448,2448,2448,2448,2448,2448,2448,2448,2448,2448,2448,2448,2448,2448,2448,2448,2448,2448,2448,2448,2448,2448,
goal:2448,2448,2448,2448,2448,2448,2448,2448,2448,2448,2448,2448,2448,2448,2448,2448,2448,2448,2448,2448,2448,2448,2448,2448,2448,2448,2448,2448,2448,2448,2448,2448,2448,2448,2448,2448,2448,2448,2448,2448,2448,2448,2448,2448,2448,2448,2448,2448,2448,2448,2448,2448,2448,2448,2448,2448,2448,2448,2448,2448,2448,2448,2448,2448,2448,2448,2448,2448,2448,2448,2448,2448,2448,2448,2448,2448,2448,2448,2448,2448,2448,2448,2448,2448,2448,2448,2448,2448,2448,2448,2448,
size:36
[agent] id:28
path:1248,1247,1354,1461,1568,1675,1782,1889,1888,1887,1886,1885,1884,1991,1990,1989,1988,1987,1986,1985,1984,1983,1982,1981,1980,1979,1978,1977,1976,1975,1974,1973,1972,1971,1970,1969,1968,1967,1966,1965,1964,1963,1962,1961,1960,1959,1958,1957,1956,1955,1954,1847,1846,1845,1844,1843,1842,1735,1628,1521,1414,1307,1200,1093,986,985,984,983,982,981,980,980,980,980,980,980,980,980,980,980,980,980,980,980,980,980,980,980,980,980,980,
goal:980,980,980,980,980,980,980,980,980,980,980,980,980,980,980,980,980,980,980,980,980,980,980,980,980,980,980,980,980,980,980,980,980,980,980,980,980,980,980,980,980,980,980,980,980,980,980,980,980,980,980,980,980,980,980,980,980,980,980,980,980,980,980,980,980,980,980,980,980,980,980,980,980,980,980,980,980,980,980,980,980,980,980,980,980,980,980,980,980,980,980,
size:70
[agent] id:29
path:2524,2417,2416,2415,2414,2413,2412,2411,2410,2409,2408,2407,2406,2405,2404,2403,2402,2401,2400,2399,2398,2397,2396,2395,2394,2393,2392,2391,2390,2389,2388,2387,2386,2385,2384,2383,2382,2381,2380,2379,2378,2377,2376,2375,2374,2373,2372,2371,2370,2369,2368,2367,2260,2259,2258,2257,2257,2257,2257,2257,2257,2257,2257,2257,2257,2257,2257,2257,2257,2257,2257,2257,2257,2257,2257,2257,2257,2257,2257,2257,2257,2257,2257,2257,2257,2257,2257,2257,2257,2257,2257,
goal:2257,2257,2257,2257,2257,2257,2257,2257,2257,2257,2257,2257,2257,2257,2257,2257,2257,2257,2257,2257,2257,2257,2257,2257,2257,2257,2257,2257,2257,2257,2257,2257,2257,2257,2257,2257,2257,2257,2257,2257,2257,2257,2257,2257,2257,2257,2257,2257,2257,2257,2257,2257,2257,2257,2257,2257,2257,2257,2257,2257,2257,2257,2257,2257,2257,2257,2257,2257,2257,2257,2257,2257,2257,2257,2257,2257,2257,2257,2257,2257,2257,2257,2257,2257,2257,2257,2257,2257,2257,2257,2257,
size:55
SolutionCost:1403
