[setting] seed:36
[solver] type:ECBS
[solver] w:3.000000
[solver] ID:0
[solver] Lowlevelnode:37964
[solver] solved:1
[solver] elapsed:150
[solver] makespan:104
[problem] timesteplimit:10000
[problem] type:MAPF
[problem] agentnum:30
[graph] width:107
[graph] height:47
[graph] filename:./map/orz601d.map
[task] id:28,start:0,end:0,service time:0,nodes:1007,
[task] id:11,start:0,end:0,service time:0,nodes:2645,
[task] id:8,start:0,end:0,service time:0,nodes:2190,
[task] id:26,start:0,end:0,service time:0,nodes:2418,
[task] id:17,start:0,end:0,service time:0,nodes:3123,
[task] id:27,start:0,end:0,service time:0,nodes:2988,
[task] id:23,start:0,end:0,service time:0,nodes:2791,
[task] id:12,start:0,end:0,service time:0,nodes:2201,
[task] id:2,start:0,end:0,service time:0,nodes:4675,
[task] id:18,start:0,end:0,service time:0,nodes:2091,
[task] id:7,start:0,end:0,service time:0,nodes:2664,
[task] id:16,start:0,end:0,service time:0,nodes:4347,
[task] id:10,start:0,end:0,service time:0,nodes:1901,
[task] id:9,start:0,end:0,service time:0,nodes:2360,
[task] id:13,start:0,end:0,service time:0,nodes:3771,
[task] id:14,start:0,end:0,service time:0,nodes:1782,
[task] id:1,start:0,end:0,service time:0,nodes:2042,
[task] id:24,start:0,end:0,service time:0,nodes:2729,
[task] id:3,start:0,end:0,service time:0,nodes:2397,
[task] id:20,start:0,end:0,service time:0,nodes:2549,
[task] id:6,start:0,end:0,service time:0,nodes:3193,
[task] id:0,start:0,end:0,service time:0,nodes:1003,
[task] id:15,start:0,end:0,service time:0,nodes:1805,
[task] id:29,start:0,end:0,service time:0,nodes:3233,
[task] id:25,start:0,end:0,service time:0,nodes:921,
[task] id:22,start:0,end:0,service time:0,nodes:3343,
[task] id:4,start:0,end:0,service time:0,nodes:560,
[task] id:19,start:0,end:0,service time:0,nodes:3083,
[task] id:5,start:0,end:0,service time:0,nodes:1808,
[task] id:21,start:0,end:0,service time:0,nodes:671,
[agent] id:0
path:603,710,817,924,1031,1138,1245,1352,1459,1460,1461,1568,1675,1782,1889,1996,1995,1994,1993,1992,1991,1990,1989,1988,1987,1986,2093,2092,2091,2090,1983,1982,1981,1980,1979,1978,1871,1870,1869,1868,1867,1866,1759,1652,1545,1438,1331,1224,1117,1116,1115,1114,1113,1006,1005,1004,1003,1003,1003,1003,1003,1003,1003,1003,1003,1003,1003,1003,1003,1003,1003,1003,1003,1003,1003,1003,1003,1003,1003,1003,1003,1003,1003,1003,1003,1003,1003,1003,1003,1003,1003,1003,1003,1003,1003,1003,1003,1003,1003,1003,1003,1003,1003,1003,1003,
goal:1003,1003,1003,1003,1003,1003,1003,1003,1003,1003,1003,1003,1003,1003,1003,1003,1003,1003,1003,1003,1003,1003,1003,1003,1003,1003,1003,1003,1003,1003,1003,1003,1003,1003,1003,1003,1003,1003,1003,1003,1003,1003,1003,1003,1003,1003,1003,1003,1003,1003,1003,1003,1003,1003,1003,1003,1003,1003,1003,1003,1003,1003,1003,1003,1003,1003,1003,1003,1003,1003,1003,1003,1003,1003,1003,1003,1003,1003,1003,1003,1003,1003,1003,1003,1003,1003,1003,1003,1003,1003,1003,1003,1003,1003,1003,1003,1003,1003,1003,1003,1003,1003,1003,1003,1003,
size:56
[agent] id:1
path:3043,2936,2829,2722,2615,2508,2401,2400,2399,2398,2397,2396,2395,2394,2393,2392,2391,2390,2389,2388,2387,2386,2385,2384,2383,2382,2381,2380,2379,2378,2377,2376,2375,2374,2373,2372,2371,2370,2369,2368,2367,2260,2153,2046,2045,2044,2043,2042,2042,2042,2042,2042,2042,2042,2042,2042,2042,2042,2042,2042,2042,2042,2042,2042,2042,2042,2042,2042,2042,2042,2042,2042,2042,2042,2042,2042,2042,2042,2042,2042,2042,2042,2042,2042,2042,2042,2042,2042,2042,2042,2042,2042,2042,2042,2042,2042,2042,2042,2042,2042,2042,2042,2042,2042,2042,
goal:2042,2042,2042,2042,2042,2042,2042,2042,2042,2042,2042,2042,2042,2042,2042,2042,2042,2042,2042,2042,2042,2042,2042,2042,2042,2042,2042,2042,2042,2042,2042,2042,2042,2042,2042,2042,2042,2042,2042,2042,2042,2042,2042,2042,2042,2042,2042,2042,2042,2042,2042,2042,2042,2042,2042,2042,2042,2042,2042,2042,2042,2042,2042,2042,2042,2042,2042,2042,2042,2042,2042,2042,2042,2042,2042,2042,2042,2042,2042,2042,2042,2042,2042,2042,2042,2042,2042,2042,2042,2042,2042,2042,2042,2042,2042,2042,2042,2042,2042,2042,2042,2042,2042,2042,2042,
size:47
[agent] id:2
path:2539,2646,2753,2860,2967,3074,3073,3072,3179,3178,3177,3176,3175,3174,3281,3388,3495,3602,3709,3816,3923,4030,4137,4244,4351,4458,4459,4460,4567,4674,4675,4675,4675,4675,4675,4675,4675,4675,4675,4675,4675,4675,4675,4675,4675,4675,4675,4675,4675,4675,4675,4675,4675,4675,4675,4675,4675,4675,4675,4675,4675,4675,4675,4675,4675,4675,4675,4675,4675,4675,4675,4675,4675,4675,4675,4675,4675,4675,4675,4675,4675,4675,4675,4675,4675,4675,4675,4675,4675,4675,4675,4675,4675,4675,4675,4675,4675,4675,4675,4675,4675,4675,4675,4675,4675,
goal:4675,4675,4675,4675,4675,4675,4675,4675,4675,4675,4675,4675,4675,4675,4675,4675,4675,4675,4675,4675,4675,4675,4675,4675,4675,4675,4675,4675,4675,4675,4675,4675,4675,4675,4675,4675,4675,4675,4675,4675,4675,4675,4675,4675,4675,4675,4675,4675,4675,4675,4675,4675,4675,4675,4675,4675,4675,4675,4675,4675,4675,4675,4675,4675,4675,4675,4675,4675,4675,4675,4675,4675,4675,4675,4675,4675,4675,4675,4675,4675,4675,4675,4675,4675,4675,4675,4675,4675,4675,4675,4675,4675,4675,4675,4675,4675,4675,4675,4675,4675,4675,4675,4675,4675,4675,
size:30
[agent] id:3
path:4250,4143,4036,3929,3822,3715,3714,3607,3606,3605,3604,3603,3602,3495,3388,3387,3280,3173,3066,2959,2852,2851,2744,2637,2636,2635,2634,2633,2632,2631,2524,2417,2416,2415,2414,2413,2412,2411,2410,2409,2408,2407,2406,2405,2404,2403,2402,2401,2400,2399,2398,2397,2397,2397,2397,2397,2397,2397,2397,2397,2397,2397,2397,2397,2397,2397,2397,2397,2397,2397,2397,2397,2397,2397,2397,2397,2397,2397,2397,2397,2397,2397,2397,2397,2397,2397,2397,2397,2397,2397,2397,2397,2397,2397,2397,2397,2397,2397,2397,2397,2397,2397,2397,2397,2397,
goal:2397,2397,2397,2397,2397,2397,2397,2397,2397,2397,2397,2397,2397,2397,2397,2397,2397,2397,2397,2397,2397,2397,2397,2397,2397,2397,2397,2397,2397,2397,2397,2397,2397,2397,2397,2397,2397,2397,2397,2397,2397,2397,2397,2397,2397,2397,2397,2397,2397,2397,2397,2397,2397,2397,2397,2397,2397,2397,2397,2397,2397,2397,2397,2397,2397,2397,2397,2397,2397,2397,2397,2397,2397,2397,2397,2397,2397,2397,2397,2397,2397,2397,2397,2397,2397,2397,2397,2397,2397,2397,2397,2397,2397,2397,2397,2397,2397,2397,2397,2397,2397,2397,2397,2397,2397,
size:51
[agent] id:4
path:4138,4031,3924,3817,3710,3603,3602,3495,3388,3281,3174,3067,2960,2853,2853,2852,2745,2638,2637,2530,2423,2316,2315,2314,2313,2312,2311,2310,2309,2308,2307,2200,2199,2198,2197,2090,2089,2088,2087,2086,2085,2084,2083,1976,1975,1974,1973,1972,1971,1970,1969,1968,1967,1966,1965,1964,1963,1962,1961,1960,1959,1958,1957,1956,1955,1954,1847,1846,1845,1844,1843,1842,1735,1628,1521,1414,1307,1200,1093,986,879,772,665,558,559,560,560,560,560,560,560,560,560,560,560,560,560,560,560,560,560,560,560,560,560,
goal:560,560,560,560,560,560,560,560,560,560,560,560,560,560,560,560,560,560,560,560,560,560,560,560,560,560,560,560,560,560,560,560,560,560,560,560,560,560,560,560,560,560,560,560,560,560,560,560,560,560,560,560,560,560,560,560,560,560,560,560,560,560,560,560,560,560,560,560,560,560,560,560,560,560,560,560,560,560,560,560,560,560,560,560,560,560,560,560,560,560,560,560,560,560,560,560,560,560,560,560,560,560,560,560,560,
size:85
[agent] id:5
path:1087,1194,1301,1302,1409,1410,1411,1412,1413,1520,1627,1734,1735,1842,1843,1844,1845,1846,1847,1954,1955,1956,1957,1958,1959,1960,1961,1962,1963,1964,1965,1966,1967,1968,1969,1970,1971,1972,1973,1974,1975,1976,1977,1978,1979,1980,1981,1982,1983,1984,1985,1986,1987,1988,1989,1990,1991,1992,1993,1994,1995,1996,1997,1998,1999,2000,2001,2002,2003,2004,2005,2006,2007,2008,2009,2010,2011,2012,2013,2014,2015,2016,2017,2018,2125,2232,2339,2446,2447,2448,2449,2450,2451,2344,2237,2130,2023,1916,1809,1808,1808,1808,1808,1808,1808,
goal:1808,1808,1808,1808,1808,1808,1808,1808,1808,1808,1808,1808,1808,1808,1808,1808,1808,1808,1808,1808,1808,1808,1808,1808,1808,1808,1808,1808,1808,1808,1808,1808,1808,1808,1808,1808,1808,1808,1808,1808,1808,1808,1808,1808,1808,1808,1808,1808,1808,1808,1808,1808,1808,1808,1808,1808,1808,1808,1808,1808,1808,1808,1808,1808,1808,1808,1808,1808,1808,1808,1808,1808,1808,1808,1808,1808,1808,1808,1808,1808,1808,1808,1808,1808,1808,1808,1808,1808,1808,1808,1808,1808,1808,1808,1808,1808,1808,1808,1808,1808,1808,1808,1808,1808,1808,
size:99
[agent] id:6
path:2927,2928,2929,2930,2931,2932,2933,2934,2935,2936,2937,2938,2939,2940,2941,2942,2943,2944,2945,2946,2947,2948,2949,2950,2951,2952,2953,2954,2955,2956,2957,2958,2959,2960,2961,3068,3069,3070,3071,3072,3073,3074,3075,3076,3077,3078,3079,3080,3081,3082,3083,3084,3085,3086,3193,3193,3193,3193,3193,3193,3193,3193,3193,3193,3193,3193,3193,3193,3193,3193,3193,3193,3193,3193,3193,3193,3193,3193,3193,3193,3193,3193,3193,3193,3193,3193,3193,3193,3193,3193,3193,3193,3193,3193,3193,3193,3193,3193,3193,3193,3193,3193,3193,3193,3193,
goal:3193,3193,3193,3193,3193,3193,3193,3193,3193,3193,3193,3193,3193,3193,3193,3193,3193,3193,3193,3193,3193,3193,3193,3193,3193,3193,3193,3193,3193,3193,3193,3193,3193,3193,3193,3193,3193,3193,3193,3193,3193,3193,3193,3193,3193,3193,3193,3193,3193,3193,3193,3193,3193,3193,3193,3193,3193,3193,3193,3193,3193,3193,3193,3193,3193,3193,3193,3193,3193,3193,3193,3193,3193,3193,3193,3193,3193,3193,3193,3193,3193,3193,3193,3193,3193,3193,3193,3193,3193,3193,3193,3193,3193,3193,3193,3193,3193,3193,3193,3193,3193,3193,3193,3193,3193,
size:54
[agent] id:7
path:1994,2101,2208,2315,2422,2529,2530,2531,2532,2533,2534,2535,2536,2537,2538,2539,2646,2647,2648,2649,2650,2651,2652,2653,2654,2655,2656,2657,2658,2659,2660,2661,2662,2663,2664,2664,2664,2664,2664,2664,2664,2664,2664,2664,2664,2664,2664,2664,2664,2664,2664,2664,2664,2664,2664,2664,2664,2664,2664,2664,2664,2664,2664,2664,2664,2664,2664,2664,2664,2664,2664,2664,2664,2664,2664,2664,2664,2664,2664,2664,2664,2664,2664,2664,2664,2664,2664,2664,2664,2664,2664,2664,2664,2664,2664,2664,2664,2664,2664,2664,2664,2664,2664,2664,2664,
goal:2664,2664,2664,2664,2664,2664,2664,2664,2664,2664,2664,2664,2664,2664,2664,2664,2664,2664,2664,2664,2664,2664,2664,2664,2664,2664,2664,2664,2664,2664,2664,2664,2664,2664,2664,2664,2664,2664,2664,2664,2664,2664,2664,2664,2664,2664,2664,2664,2664,2664,2664,2664,2664,2664,2664,2664,2664,2664,2664,2664,2664,2664,2664,2664,2664,2664,2664,2664,2664,2664,2664,2664,2664,2664,2664,2664,2664,2664,2664,2664,2664,2664,2664,2664,2664,2664,2664,2664,2664,2664,2664,2664,2664,2664,2664,2664,2664,2664,2664,2664,2664,2664,2664,2664,2664,
size:34
[agent] id:8
path:1651,1758,1865,1972,2079,2186,2187,2188,2189,2190,2190,2190,2190,2190,2190,2190,2190,2190,2190,2190,2190,2190,2190,2190,2190,2190,2190,2190,2190,2190,2190,2190,2190,2190,2190,2190,2190,2190,2190,2190,2190,2190,2190,2190,2190,2190,2190,2190,2190,2190,2190,2190,2190,2190,2190,2190,2190,2190,2190,2190,2190,2190,2190,2190,2190,2190,2190,2190,2190,2190,2190,2190,2190,2190,2190,2190,2190,2190,2190,2190,2190,2190,2190,2190,2190,2190,2190,2190,2190,2190,2190,2190,2190,2190,2190,2190,2190,2190,2190,2190,2190,2190,2190,2190,2190,
goal:2190,2190,2190,2190,2190,2190,2190,2190,2190,2190,2190,2190,2190,2190,2190,2190,2190,2190,2190,2190,2190,2190,2190,2190,2190,2190,2190,2190,2190,2190,2190,2190,2190,2190,2190,2190,2190,2190,2190,2190,2190,2190,2190,2190,2190,2190,2190,2190,2190,2190,2190,2190,2190,2190,2190,2190,2190,2190,2190,2190,2190,2190,2190,2190,2190,2190,2190,2190,2190,2190,2190,2190,2190,2190,2190,2190,2190,2190,2190,2190,2190,2190,2190,2190,2190,2190,2190,2190,2190,2190,2190,2190,2190,2190,2190,2190,2190,2190,2190,2190,2190,2190,2190,2190,2190,
size:9
[agent] id:9
path:2180,2287,2394,2393,2392,2391,2390,2389,2388,2387,2386,2385,2384,2383,2382,2381,2380,2379,2378,2377,2376,2375,2374,2373,2372,2371,2370,2369,2368,2367,2366,2365,2364,2363,2362,2361,2360,2360,2360,2360,2360,2360,2360,2360,2360,2360,2360,2360,2360,2360,2360,2360,2360,2360,2360,2360,2360,2360,2360,2360,2360,2360,2360,2360,2360,2360,2360,2360,2360,2360,2360,2360,2360,2360,2360,2360,2360,2360,2360,2360,2360,2360,2360,2360,2360,2360,2360,2360,2360,2360,2360,2360,2360,2360,2360,2360,2360,2360,2360,2360,2360,2360,2360,2360,2360,
goal:2360,2360,2360,2360,2360,2360,2360,2360,2360,2360,2360,2360,2360,2360,2360,2360,2360,2360,2360,2360,2360,2360,2360,2360,2360,2360,2360,2360,2360,2360,2360,2360,2360,2360,2360,2360,2360,2360,2360,2360,2360,2360,2360,2360,2360,2360,2360,2360,2360,2360,2360,2360,2360,2360,2360,2360,2360,2360,2360,2360,2360,2360,2360,2360,2360,2360,2360,2360,2360,2360,2360,2360,2360,2360,2360,2360,2360,2360,2360,2360,2360,2360,2360,2360,2360,2360,2360,2360,2360,2360,2360,2360,2360,2360,2360,2360,2360,2360,2360,2360,2360,2360,2360,2360,2360,
size:36
[agent] id:10
path:4134,4027,3920,3813,3706,3599,3600,3601,3494,3387,3280,3173,3066,2959,2852,2745,2638,2531,2424,2317,2210,2103,1996,1997,1998,1999,2000,2001,2002,2003,2004,2005,2006,2007,1900,1901,1901,1901,1901,1901,1901,1901,1901,1901,1901,1901,1901,1901,1901,1901,1901,1901,1901,1901,1901,1901,1901,1901,1901,1901,1901,1901,1901,1901,1901,1901,1901,1901,1901,1901,1901,1901,1901,1901,1901,1901,1901,1901,1901,1901,1901,1901,1901,1901,1901,1901,1901,1901,1901,1901,1901,1901,1901,1901,1901,1901,1901,1901,1901,1901,1901,1901,1901,1901,1901,
goal:1901,1901,1901,1901,1901,1901,1901,1901,1901,1901,1901,1901,1901,1901,1901,1901,1901,1901,1901,1901,1901,1901,1901,1901,1901,1901,1901,1901,1901,1901,1901,1901,1901,1901,1901,1901,1901,1901,1901,1901,1901,1901,1901,1901,1901,1901,1901,1901,1901,1901,1901,1901,1901,1901,1901,1901,1901,1901,1901,1901,1901,1901,1901,1901,1901,1901,1901,1901,1901,1901,1901,1901,1901,1901,1901,1901,1901,1901,1901,1901,1901,1901,1901,1901,1901,1901,1901,1901,1901,1901,1901,1901,1901,1901,1901,1901,1901,1901,1901,1901,1901,1901,1901,1901,1901,
size:35
[agent] id:11
path:2637,2638,2639,2640,2641,2642,2643,2644,2645,2645,2645,2645,2645,2645,2645,2645,2645,2645,2645,2645,2645,2645,2645,2645,2645,2645,2645,2645,2645,2645,2645,2645,2645,2645,2645,2645,2645,2645,2645,2645,2645,2645,2645,2645,2645,2645,2645,2645,2645,2645,2645,2645,2645,2645,2645,2645,2645,2645,2645,2645,2645,2645,2645,2645,2645,2645,2645,2645,2645,2645,2645,2645,2645,2645,2645,2645,2645,2645,2645,2645,2645,2645,2645,2645,2645,2645,2645,2645,2645,2645,2645,2645,2645,2645,2645,2645,2645,2645,2645,2645,2645,2645,2645,2645,2645,
goal:2645,2645,2645,2645,2645,2645,2645,2645,2645,2645,2645,2645,2645,2645,2645,2645,2645,2645,2645,2645,2645,2645,2645,2645,2645,2645,2645,2645,2645,2645,2645,2645,2645,2645,2645,2645,2645,2645,2645,2645,2645,2645,2645,2645,2645,2645,2645,2645,2645,2645,2645,2645,2645,2645,2645,2645,2645,2645,2645,2645,2645,2645,2645,2645,2645,2645,2645,2645,2645,2645,2645,2645,2645,2645,2645,2645,2645,2645,2645,2645,2645,2645,2645,2645,2645,2645,2645,2645,2645,2645,2645,2645,2645,2645,2645,2645,2645,2645,2645,2645,2645,2645,2645,2645,2645,
size:8
[agent] id:12
path:1041,1148,1255,1362,1361,1360,1467,1466,1465,1464,1463,1462,1569,1676,1783,1890,1997,2104,2211,2210,2209,2208,2207,2206,2205,2204,2203,2202,2201,2201,2201,2201,2201,2201,2201,2201,2201,2201,2201,2201,2201,2201,2201,2201,2201,2201,2201,2201,2201,2201,2201,2201,2201,2201,2201,2201,2201,2201,2201,2201,2201,2201,2201,2201,2201,2201,2201,2201,2201,2201,2201,2201,2201,2201,2201,2201,2201,2201,2201,2201,2201,2201,2201,2201,2201,2201,2201,2201,2201,2201,2201,2201,2201,2201,2201,2201,2201,2201,2201,2201,2201,2201,2201,2201,2201,
goal:2201,2201,2201,2201,2201,2201,2201,2201,2201,2201,2201,2201,2201,2201,2201,2201,2201,2201,2201,2201,2201,2201,2201,2201,2201,2201,2201,2201,2201,2201,2201,2201,2201,2201,2201,2201,2201,2201,2201,2201,2201,2201,2201,2201,2201,2201,2201,2201,2201,2201,2201,2201,2201,2201,2201,2201,2201,2201,2201,2201,2201,2201,2201,2201,2201,2201,2201,2201,2201,2201,2201,2201,2201,2201,2201,2201,2201,2201,2201,2201,2201,2201,2201,2201,2201,2201,2201,2201,2201,2201,2201,2201,2201,2201,2201,2201,2201,2201,2201,2201,2201,2201,2201,2201,2201,
size:28
[agent] id:13
path:3157,3050,3049,3048,3047,3046,3045,3044,3043,3042,3041,3040,3039,3038,3037,3036,3035,3034,3033,3032,3031,3030,3029,3028,3027,3026,3025,3024,3131,3238,3345,3344,3343,3342,3341,3340,3447,3554,3661,3768,3769,3770,3771,3771,3771,3771,3771,3771,3771,3771,3771,3771,3771,3771,3771,3771,3771,3771,3771,3771,3771,3771,3771,3771,3771,3771,3771,3771,3771,3771,3771,3771,3771,3771,3771,3771,3771,3771,3771,3771,3771,3771,3771,3771,3771,3771,3771,3771,3771,3771,3771,3771,3771,3771,3771,3771,3771,3771,3771,3771,3771,3771,3771,3771,3771,
goal:3771,3771,3771,3771,3771,3771,3771,3771,3771,3771,3771,3771,3771,3771,3771,3771,3771,3771,3771,3771,3771,3771,3771,3771,3771,3771,3771,3771,3771,3771,3771,3771,3771,3771,3771,3771,3771,3771,3771,3771,3771,3771,3771,3771,3771,3771,3771,3771,3771,3771,3771,3771,3771,3771,3771,3771,3771,3771,3771,3771,3771,3771,3771,3771,3771,3771,3771,3771,3771,3771,3771,3771,3771,3771,3771,3771,3771,3771,3771,3771,3771,3771,3771,3771,3771,3771,3771,3771,3771,3771,3771,3771,3771,3771,3771,3771,3771,3771,3771,3771,3771,3771,3771,3771,3771,
size:42
[agent] id:14
path:2280,2173,2066,1959,1960,1961,1962,1963,1964,1965,1966,1967,1968,1969,1970,1971,1972,1973,1974,1975,1976,1977,1978,1979,1980,1981,1982,1983,1984,1985,1986,1987,1988,1989,1990,1991,1884,1885,1886,1887,1888,1889,1782,1782,1782,1782,1782,1782,1782,1782,1782,1782,1782,1782,1782,1782,1782,1782,1782,1782,1782,1782,1782,1782,1782,1782,1782,1782,1782,1782,1782,1782,1782,1782,1782,1782,1782,1782,1782,1782,1782,1782,1782,1782,1782,1782,1782,1782,1782,1782,1782,1782,1782,1782,1782,1782,1782,1782,1782,1782,1782,1782,1782,1782,1782,
goal:1782,1782,1782,1782,1782,1782,1782,1782,1782,1782,1782,1782,1782,1782,1782,1782,1782,1782,1782,1782,1782,1782,1782,1782,1782,1782,1782,1782,1782,1782,1782,1782,1782,1782,1782,1782,1782,1782,1782,1782,1782,1782,1782,1782,1782,1782,1782,1782,1782,1782,1782,1782,1782,1782,1782,1782,1782,1782,1782,1782,1782,1782,1782,1782,1782,1782,1782,1782,1782,1782,1782,1782,1782,1782,1782,1782,1782,1782,1782,1782,1782,1782,1782,1782,1782,1782,1782,1782,1782,1782,1782,1782,1782,1782,1782,1782,1782,1782,1782,1782,1782,1782,1782,1782,1782,
size:42
[agent] id:15
path:906,1013,1120,1227,1334,1441,1440,1439,1438,1545,1652,1759,1866,1867,1868,1869,1870,1871,1978,1979,1980,1981,1982,1983,1984,1985,1986,1987,1988,1989,1990,1991,1992,1993,1994,1995,1996,1997,1998,1999,2000,2001,2002,2003,2004,2005,2006,2007,2008,2009,2010,2011,2012,2013,2014,2015,1908,1909,1802,1803,1804,1805,1805,1805,1805,1805,1805,1805,1805,1805,1805,1805,1805,1805,1805,1805,1805,1805,1805,1805,1805,1805,1805,1805,1805,1805,1805,1805,1805,1805,1805,1805,1805,1805,1805,1805,1805,1805,1805,1805,1805,1805,1805,1805,1805,
goal:1805,1805,1805,1805,1805,1805,1805,1805,1805,1805,1805,1805,1805,1805,1805,1805,1805,1805,1805,1805,1805,1805,1805,1805,1805,1805,1805,1805,1805,1805,1805,1805,1805,1805,1805,1805,1805,1805,1805,1805,1805,1805,1805,1805,1805,1805,1805,1805,1805,1805,1805,1805,1805,1805,1805,1805,1805,1805,1805,1805,1805,1805,1805,1805,1805,1805,1805,1805,1805,1805,1805,1805,1805,1805,1805,1805,1805,1805,1805,1805,1805,1805,1805,1805,1805,1805,1805,1805,1805,1805,1805,1805,1805,1805,1805,1805,1805,1805,1805,1805,1805,1805,1805,1805,1805,
size:61
[agent] id:16
path:1465,1464,1463,1462,1569,1676,1783,1890,1997,2104,2211,2318,2425,2532,2639,2746,2853,2960,3067,3174,3281,3388,3495,3602,3709,3816,3923,4030,4137,4244,4351,4350,4349,4348,4347,4347,4347,4347,4347,4347,4347,4347,4347,4347,4347,4347,4347,4347,4347,4347,4347,4347,4347,4347,4347,4347,4347,4347,4347,4347,4347,4347,4347,4347,4347,4347,4347,4347,4347,4347,4347,4347,4347,4347,4347,4347,4347,4347,4347,4347,4347,4347,4347,4347,4347,4347,4347,4347,4347,4347,4347,4347,4347,4347,4347,4347,4347,4347,4347,4347,4347,4347,4347,4347,4347,
goal:4347,4347,4347,4347,4347,4347,4347,4347,4347,4347,4347,4347,4347,4347,4347,4347,4347,4347,4347,4347,4347,4347,4347,4347,4347,4347,4347,4347,4347,4347,4347,4347,4347,4347,4347,4347,4347,4347,4347,4347,4347,4347,4347,4347,4347,4347,4347,4347,4347,4347,4347,4347,4347,4347,4347,4347,4347,4347,4347,4347,4347,4347,4347,4347,4347,4347,4347,4347,4347,4347,4347,4347,4347,4347,4347,4347,4347,4347,4347,4347,4347,4347,4347,4347,4347,4347,4347,4347,4347,4347,4347,4347,4347,4347,4347,4347,4347,4347,4347,4347,4347,4347,4347,4347,4347,
size:34
[agent] id:17
path:2923,3030,3029,3028,3027,3026,3025,3024,3131,3130,3129,3128,3127,3126,3125,3124,3123,3123,3123,3123,3123,3123,3123,3123,3123,3123,3123,3123,3123,3123,3123,3123,3123,3123,3123,3123,3123,3123,3123,3123,3123,3123,3123,3123,3123,3123,3123,3123,3123,3123,3123,3123,3123,3123,3123,3123,3123,3123,3123,3123,3123,3123,3123,3123,3123,3123,3123,3123,3123,3123,3123,3123,3123,3123,3123,3123,3123,3123,3123,3123,3123,3123,3123,3123,3123,3123,3123,3123,3123,3123,3123,3123,3123,3123,3123,3123,3123,3123,3123,3123,3123,3123,3123,3123,3123,
goal:3123,3123,3123,3123,3123,3123,3123,3123,3123,3123,3123,3123,3123,3123,3123,3123,3123,3123,3123,3123,3123,3123,3123,3123,3123,3123,3123,3123,3123,3123,3123,3123,3123,3123,3123,3123,3123,3123,3123,3123,3123,3123,3123,3123,3123,3123,3123,3123,3123,3123,3123,3123,3123,3123,3123,3123,3123,3123,3123,3123,3123,3123,3123,3123,3123,3123,3123,3123,3123,3123,3123,3123,3123,3123,3123,3123,3123,3123,3123,3123,3123,3123,3123,3123,3123,3123,3123,3123,3123,3123,3123,3123,3123,3123,3123,3123,3123,3123,3123,3123,3123,3123,3123,3123,3123,
size:16
[agent] id:18
path:2382,2275,2168,2061,2062,2063,2064,2065,2066,2067,2068,2069,2070,2071,2072,2073,2074,2075,2076,2077,2078,2079,2080,2081,2082,2083,2084,2085,2086,2087,2088,2089,2090,2091,2091,2091,2091,2091,2091,2091,2091,2091,2091,2091,2091,2091,2091,2091,2091,2091,2091,2091,2091,2091,2091,2091,2091,2091,2091,2091,2091,2091,2091,2091,2091,2091,2091,2091,2091,2091,2091,2091,2091,2091,2091,2091,2091,2091,2091,2091,2091,2091,2091,2091,2091,2091,2091,2091,2091,2091,2091,2091,2091,2091,2091,2091,2091,2091,2091,2091,2091,2091,2091,2091,2091,
goal:2091,2091,2091,2091,2091,2091,2091,2091,2091,2091,2091,2091,2091,2091,2091,2091,2091,2091,2091,2091,2091,2091,2091,2091,2091,2091,2091,2091,2091,2091,2091,2091,2091,2091,2091,2091,2091,2091,2091,2091,2091,2091,2091,2091,2091,2091,2091,2091,2091,2091,2091,2091,2091,2091,2091,2091,2091,2091,2091,2091,2091,2091,2091,2091,2091,2091,2091,2091,2091,2091,2091,2091,2091,2091,2091,2091,2091,2091,2091,2091,2091,2091,2091,2091,2091,2091,2091,2091,2091,2091,2091,2091,2091,2091,2091,2091,2091,2091,2091,2091,2091,2091,2091,2091,2091,
size:33
[agent] id:19
path:770,877,984,1091,1198,1305,1412,1413,1520,1627,1734,1841,1948,2055,2162,2269,2376,2483,2590,2697,2804,2911,3018,3019,3020,3021,3022,3023,3024,3025,3026,3027,3028,3029,3030,3031,3032,3033,3034,3035,3036,3037,3038,3039,3040,3041,3042,3043,3044,3045,3046,3047,3048,3049,3050,3051,3052,3053,3054,3055,3056,3057,3058,3059,3060,3061,3062,3063,3064,3065,3066,3067,3068,3069,3070,3071,3072,3073,3074,3075,3076,3077,3078,3079,3080,3081,3082,3083,3083,3083,3083,3083,3083,3083,3083,3083,3083,3083,3083,3083,3083,3083,3083,3083,3083,
goal:3083,3083,3083,3083,3083,3083,3083,3083,3083,3083,3083,3083,3083,3083,3083,3083,3083,3083,3083,3083,3083,3083,3083,3083,3083,3083,3083,3083,3083,3083,3083,3083,3083,3083,3083,3083,3083,3083,3083,3083,3083,3083,3083,3083,3083,3083,3083,3083,3083,3083,3083,3083,3083,3083,3083,3083,3083,3083,3083,3083,3083,3083,3083,3083,3083,3083,3083,3083,3083,3083,3083,3083,3083,3083,3083,3083,3083,3083,3083,3083,3083,3083,3083,3083,3083,3083,3083,3083,3083,3083,3083,3083,3083,3083,3083,3083,3083,3083,3083,3083,3083,3083,3083,3083,3083,
size:87
[agent] id:20
path:1330,1437,1544,1651,1758,1865,1972,2079,2186,2293,2400,2507,2508,2509,2510,2511,2512,2513,2514,2515,2516,2517,2518,2519,2520,2521,2522,2523,2524,2525,2526,2527,2528,2529,2530,2531,2532,2533,2534,2535,2536,2537,2538,2539,2540,2541,2542,2543,2544,2545,2546,2547,2548,2549,2549,2549,2549,2549,2549,2549,2549,2549,2549,2549,2549,2549,2549,2549,2549,2549,2549,2549,2549,2549,2549,2549,2549,2549,2549,2549,2549,2549,2549,2549,2549,2549,2549,2549,2549,2549,2549,2549,2549,2549,2549,2549,2549,2549,2549,2549,2549,2549,2549,2549,2549,
goal:2549,2549,2549,2549,2549,2549,2549,2549,2549,2549,2549,2549,2549,2549,2549,2549,2549,2549,2549,2549,2549,2549,2549,2549,2549,2549,2549,2549,2549,2549,2549,2549,2549,2549,2549,2549,2549,2549,2549,2549,2549,2549,2549,2549,2549,2549,2549,2549,2549,2549,2549,2549,2549,2549,2549,2549,2549,2549,2549,2549,2549,2549,2549,2549,2549,2549,2549,2549,2549,2549,2549,2549,2549,2549,2549,2549,2549,2549,2549,2549,2549,2549,2549,2549,2549,2549,2549,2549,2549,2549,2549,2549,2549,2549,2549,2549,2549,2549,2549,2549,2549,2549,2549,2549,2549,
size:53
[agent] id:21
path:2989,2882,2775,2668,2561,2454,2453,2452,2451,2450,2449,2448,2447,2446,2339,2338,2337,2336,2335,2334,2333,2332,2331,2330,2329,2328,2327,2326,2325,2324,2323,2322,2321,2320,2319,2318,2317,2316,2315,2314,2313,2312,2311,2310,2309,2308,2307,2200,2199,2198,2197,2090,1983,1982,1981,1980,1979,1978,1977,1976,1975,1974,1973,1972,1971,1970,1969,1968,1967,1966,1965,1964,1963,1962,1961,1960,1959,1958,1957,1956,1955,1954,1847,1846,1845,1844,1843,1842,1735,1628,1521,1414,1307,1200,1093,986,879,772,665,666,667,668,669,670,671,
goal:671,671,671,671,671,671,671,671,671,671,671,671,671,671,671,671,671,671,671,671,671,671,671,671,671,671,671,671,671,671,671,671,671,671,671,671,671,671,671,671,671,671,671,671,671,671,671,671,671,671,671,671,671,671,671,671,671,671,671,671,671,671,671,671,671,671,671,671,671,671,671,671,671,671,671,671,671,671,671,671,671,671,671,671,671,671,671,671,671,671,671,671,671,671,671,671,671,671,671,671,671,671,671,671,671,
size:104
[agent] id:22
path:2881,2774,2667,2666,2665,2664,2663,2662,2661,2660,2767,2874,2873,2872,2871,2870,2869,2868,2867,2866,2865,2864,2863,2862,2861,2860,2859,2858,2857,2856,2855,2854,2853,2852,2959,2958,2957,2956,2955,2954,2953,2952,2951,2950,2949,2948,2947,2946,2945,2944,2943,2942,2941,2940,3047,3046,3045,3044,3043,3042,3041,3040,3039,3038,3037,3036,3035,3034,3033,3032,3031,3030,3029,3028,3027,3026,3025,3024,3131,3238,3345,3344,3343,3343,3343,3343,3343,3343,3343,3343,3343,3343,3343,3343,3343,3343,3343,3343,3343,3343,3343,3343,3343,3343,3343,
goal:3343,3343,3343,3343,3343,3343,3343,3343,3343,3343,3343,3343,3343,3343,3343,3343,3343,3343,3343,3343,3343,3343,3343,3343,3343,3343,3343,3343,3343,3343,3343,3343,3343,3343,3343,3343,3343,3343,3343,3343,3343,3343,3343,3343,3343,3343,3343,3343,3343,3343,3343,3343,3343,3343,3343,3343,3343,3343,3343,3343,3343,3343,3343,3343,3343,3343,3343,3343,3343,3343,3343,3343,3343,3343,3343,3343,3343,3343,3343,3343,3343,3343,3343,3343,3343,3343,3343,3343,3343,3343,3343,3343,3343,3343,3343,3343,3343,3343,3343,3343,3343,3343,3343,3343,3343,
size:82
[agent] id:23
path:3022,2915,2808,2807,2806,2805,2804,2803,2802,2801,2800,2799,2692,2585,2478,2477,2476,2475,2474,2581,2688,2795,2794,2793,2792,2791,2791,2791,2791,2791,2791,2791,2791,2791,2791,2791,2791,2791,2791,2791,2791,2791,2791,2791,2791,2791,2791,2791,2791,2791,2791,2791,2791,2791,2791,2791,2791,2791,2791,2791,2791,2791,2791,2791,2791,2791,2791,2791,2791,2791,2791,2791,2791,2791,2791,2791,2791,2791,2791,2791,2791,2791,2791,2791,2791,2791,2791,2791,2791,2791,2791,2791,2791,2791,2791,2791,2791,2791,2791,2791,2791,2791,2791,2791,2791,
goal:2791,2791,2791,2791,2791,2791,2791,2791,2791,2791,2791,2791,2791,2791,2791,2791,2791,2791,2791,2791,2791,2791,2791,2791,2791,2791,2791,2791,2791,2791,2791,2791,2791,2791,2791,2791,2791,2791,2791,2791,2791,2791,2791,2791,2791,2791,2791,2791,2791,2791,2791,2791,2791,2791,2791,2791,2791,2791,2791,2791,2791,2791,2791,2791,2791,2791,2791,2791,2791,2791,2791,2791,2791,2791,2791,2791,2791,2791,2791,2791,2791,2791,2791,2791,2791,2791,2791,2791,2791,2791,2791,2791,2791,2791,2791,2791,2791,2791,2791,2791,2791,2791,2791,2791,2791,
size:25
[agent] id:24
path:4199,4092,3985,3878,3771,3770,3769,3768,3661,3554,3447,3340,3233,3234,3127,3020,2913,2806,2699,2700,2701,2702,2703,2704,2705,2706,2707,2708,2709,2710,2711,2712,2713,2714,2715,2716,2717,2718,2719,2720,2721,2722,2723,2724,2725,2726,2727,2728,2729,2729,2729,2729,2729,2729,2729,2729,2729,2729,2729,2729,2729,2729,2729,2729,2729,2729,2729,2729,2729,2729,2729,2729,2729,2729,2729,2729,2729,2729,2729,2729,2729,2729,2729,2729,2729,2729,2729,2729,2729,2729,2729,2729,2729,2729,2729,2729,2729,2729,2729,2729,2729,2729,2729,2729,2729,
goal:2729,2729,2729,2729,2729,2729,2729,2729,2729,2729,2729,2729,2729,2729,2729,2729,2729,2729,2729,2729,2729,2729,2729,2729,2729,2729,2729,2729,2729,2729,2729,2729,2729,2729,2729,2729,2729,2729,2729,2729,2729,2729,2729,2729,2729,2729,2729,2729,2729,2729,2729,2729,2729,2729,2729,2729,2729,2729,2729,2729,2729,2729,2729,2729,2729,2729,2729,2729,2729,2729,2729,2729,2729,2729,2729,2729,2729,2729,2729,2729,2729,2729,2729,2729,2729,2729,2729,2729,2729,2729,2729,2729,2729,2729,2729,2729,2729,2729,2729,2729,2729,2729,2729,2729,2729,
size:48
[agent] id:25
path:2588,2481,2374,2267,2160,2053,1946,1947,1948,1949,1950,1951,1952,1953,1954,1955,1956,1957,1958,1959,1960,1961,1962,1963,1964,1965,1966,1967,1968,1969,1970,1971,1972,1973,1974,1975,1976,1977,1978,1979,1980,1981,1982,1983,1984,1985,1986,1987,1988,1989,1990,1991,1884,1885,1886,1887,1888,1889,1890,1783,1676,1569,1462,1355,1248,1141,1034,927,926,925,924,923,922,921,921,921,921,921,921,921,921,921,921,921,921,921,921,921,921,921,921,921,921,921,921,921,921,921,921,921,921,921,921,921,921,
goal:921,921,921,921,921,921,921,921,921,921,921,921,921,921,921,921,921,921,921,921,921,921,921,921,921,921,921,921,921,921,921,921,921,921,921,921,921,921,921,921,921,921,921,921,921,921,921,921,921,921,921,921,921,921,921,921,921,921,921,921,921,921,921,921,921,921,921,921,921,921,921,921,921,921,921,921,921,921,921,921,921,921,921,921,921,921,921,921,921,921,921,921,921,921,921,921,921,921,921,921,921,921,921,921,921,
size:73
[agent] id:26
path:1879,1986,2093,2200,2307,2414,2415,2416,2417,2418,2418,2418,2418,2418,2418,2418,2418,2418,2418,2418,2418,2418,2418,2418,2418,2418,2418,2418,2418,2418,2418,2418,2418,2418,2418,2418,2418,2418,2418,2418,2418,2418,2418,2418,2418,2418,2418,2418,2418,2418,2418,2418,2418,2418,2418,2418,2418,2418,2418,2418,2418,2418,2418,2418,2418,2418,2418,2418,2418,2418,2418,2418,2418,2418,2418,2418,2418,2418,2418,2418,2418,2418,2418,2418,2418,2418,2418,2418,2418,2418,2418,2418,2418,2418,2418,2418,2418,2418,2418,2418,2418,2418,2418,2418,2418,
goal:2418,2418,2418,2418,2418,2418,2418,2418,2418,2418,2418,2418,2418,2418,2418,2418,2418,2418,2418,2418,2418,2418,2418,2418,2418,2418,2418,2418,2418,2418,2418,2418,2418,2418,2418,2418,2418,2418,2418,2418,2418,2418,2418,2418,2418,2418,2418,2418,2418,2418,2418,2418,2418,2418,2418,2418,2418,2418,2418,2418,2418,2418,2418,2418,2418,2418,2418,2418,2418,2418,2418,2418,2418,2418,2418,2418,2418,2418,2418,2418,2418,2418,2418,2418,2418,2418,2418,2418,2418,2418,2418,2418,2418,2418,2418,2418,2418,2418,2418,2418,2418,2418,2418,2418,2418,
size:9
[agent] id:27
path:3078,2971,2972,2973,2974,2975,2976,2977,2978,2979,2980,2981,2874,2767,2660,2661,2662,2663,2664,2665,2772,2879,2986,2987,2988,2988,2988,2988,2988,2988,2988,2988,2988,2988,2988,2988,2988,2988,2988,2988,2988,2988,2988,2988,2988,2988,2988,2988,2988,2988,2988,2988,2988,2988,2988,2988,2988,2988,2988,2988,2988,2988,2988,2988,2988,2988,2988,2988,2988,2988,2988,2988,2988,2988,2988,2988,2988,2988,2988,2988,2988,2988,2988,2988,2988,2988,2988,2988,2988,2988,2988,2988,2988,2988,2988,2988,2988,2988,2988,2988,2988,2988,2988,2988,2988,
goal:2988,2988,2988,2988,2988,2988,2988,2988,2988,2988,2988,2988,2988,2988,2988,2988,2988,2988,2988,2988,2988,2988,2988,2988,2988,2988,2988,2988,2988,2988,2988,2988,2988,2988,2988,2988,2988,2988,2988,2988,2988,2988,2988,2988,2988,2988,2988,2988,2988,2988,2988,2988,2988,2988,2988,2988,2988,2988,2988,2988,2988,2988,2988,2988,2988,2988,2988,2988,2988,2988,2988,2988,2988,2988,2988,2988,2988,2988,2988,2988,2988,2988,2988,2988,2988,2988,2988,2988,2988,2988,2988,2988,2988,2988,2988,2988,2988,2988,2988,2988,2988,2988,2988,2988,2988,
size:24
[agent] id:28
path:1005,1006,1007,1007,1007,1007,1007,1007,1007,1007,1007,1007,1007,1007,1007,1007,1007,1007,1007,1007,1007,1007,1007,1007,1007,1007,1007,1007,1007,1007,1007,1007,1007,1007,1007,1007,1007,1007,1007,1007,1007,1007,1007,1007,1007,1007,1007,1007,1007,1007,1007,1007,1007,1007,1007,1007,1007,1007,1007,1007,1007,1007,1007,1007,1007,1007,1007,1007,1007,1007,1007,1007,1007,1007,1007,1007,1007,1007,1007,1007,1007,1007,1007,1007,1007,1007,1007,1007,1007,1007,1007,1007,1007,1007,1007,1007,1007,1007,1007,1007,1007,1007,1007,1007,1007,
goal:1007,1007,1007,1007,1007,1007,1007,1007,1007,1007,1007,1007,1007,1007,1007,1007,1007,1007,1007,1007,1007,1007,1007,1007,1007,1007,1007,1007,1007,1007,1007,1007,1007,1007,1007,1007,1007,1007,1007,1007,1007,1007,1007,1007,1007,1007,1007,1007,1007,1007,1007,1007,1007,1007,1007,1007,1007,1007,1007,1007,1007,1007,1007,1007,1007,1007,1007,1007,1007,1007,1007,1007,1007,1007,1007,1007,1007,1007,1007,1007,1007,1007,1007,1007,1007,1007,1007,1007,1007,1007,1007,1007,1007,1007,1007,1007,1007,1007,1007,1007,1007,1007,1007,1007,1007,
size:2
[agent] id:29
path:923,1030,1137,1244,1351,1458,1459,1460,1461,1568,1675,1782,1889,1996,2103,2210,2317,2424,2423,2422,2529,2636,2743,2850,2849,2848,2847,2846,2953,2952,2951,2950,2949,2948,2947,2946,2945,2944,2943,2942,2941,2940,2939,2938,2937,2936,2935,2934,3041,3040,3039,3038,3037,3036,3035,3034,3033,3032,3031,3030,3029,3028,3027,3026,3025,3024,3131,3238,3237,3236,3235,3234,3233,3233,3233,3233,3233,3233,3233,3233,3233,3233,3233,3233,3233,3233,3233,3233,3233,3233,3233,3233,3233,3233,3233,3233,3233,3233,3233,3233,3233,3233,3233,3233,3233,
goal:3233,3233,3233,3233,3233,3233,3233,3233,3233,3233,3233,3233,3233,3233,3233,3233,3233,3233,3233,3233,3233,3233,3233,3233,3233,3233,3233,3233,3233,3233,3233,3233,3233,3233,3233,3233,3233,3233,3233,3233,3233,3233,3233,3233,3233,3233,3233,3233,3233,3233,3233,3233,3233,3233,3233,3233,3233,3233,3233,3233,3233,3233,3233,3233,3233,3233,3233,3233,3233,3233,3233,3233,3233,3233,3233,3233,3233,3233,3233,3233,3233,3233,3233,3233,3233,3233,3233,3233,3233,3233,3233,3233,3233,3233,3233,3233,3233,3233,3233,3233,3233,3233,3233,3233,3233,
size:72
SolutionCost:1379
