[setting] seed:22
[solver] type:ECBS
[solver] w:3.000000
[solver] ID:0
[solver] Lowlevelnode:41702
[solver] solved:1
[solver] elapsed:150
[solver] makespan:88
[problem] timesteplimit:10000
[problem] type:MAPF
[problem] agentnum:30
[graph] width:107
[graph] height:47
[graph] filename:./map/orz601d.map
[task] id:10,start:0,end:0,service time:0,nodes:3141,
[task] id:8,start:0,end:0,service time:0,nodes:1931,
[task] id:4,start:0,end:0,service time:0,nodes:3270,
[task] id:17,start:0,end:0,service time:0,nodes:2143,
[task] id:24,start:0,end:0,service time:0,nodes:2051,
[task] id:5,start:0,end:0,service time:0,nodes:2276,
[task] id:11,start:0,end:0,service time:0,nodes:2108,
[task] id:16,start:0,end:0,service time:0,nodes:3076,
[task] id:2,start:0,end:0,service time:0,nodes:2315,
[task] id:26,start:0,end:0,service time:0,nodes:2212,
[task] id:3,start:0,end:0,service time:0,nodes:1036,
[task] id:7,start:0,end:0,service time:0,nodes:2385,
[task] id:23,start:0,end:0,service time:0,nodes:2650,
[task] id:14,start:0,end:0,service time:0,nodes:777,
[task] id:21,start:0,end:0,service time:0,nodes:2549,
[task] id:6,start:0,end:0,service time:0,nodes:2513,
[task] id:1,start:0,end:0,service time:0,nodes:2521,
[task] id:20,start:0,end:0,service time:0,nodes:1004,
[task] id:22,start:0,end:0,service time:0,nodes:2488,
[task] id:9,start:0,end:0,service time:0,nodes:3127,
[task] id:18,start:0,end:0,service time:0,nodes:1722,
[task] id:25,start:0,end:0,service time:0,nodes:2493,
[task] id:15,start:0,end:0,service time:0,nodes:1652,
[task] id:19,start:0,end:0,service time:0,nodes:2738,
[task] id:28,start:0,end:0,service time:0,nodes:2652,
[task] id:0,start:0,end:0,service time:0,nodes:3986,
[task] id:12,start:0,end:0,service time:0,nodes:4083,
[task] id:29,start:0,end:0,service time:0,nodes:2636,
[task] id:13,start:0,end:0,service time:0,nodes:2163,
[task] id:27,start:0,end:0,service time:0,nodes:2442,
[agent] id:0
path:3494,3387,3280,3173,3172,3171,3170,3169,3062,3061,3060,3059,3058,3057,3056,3055,3054,3053,3052,3051,3050,3049,3048,3047,3046,3045,3044,3043,3042,3041,3040,3039,3038,3037,3036,3035,3034,3033,3032,3031,3030,3029,3028,3027,3026,3025,3024,3131,3238,3345,3344,3343,3342,3341,3340,3447,3554,3661,3768,3875,3982,3983,3984,3985,3986,3986,3986,3986,3986,3986,3986,3986,3986,3986,3986,3986,3986,3986,3986,3986,3986,3986,3986,3986,3986,3986,3986,3986,3986,
goal:3986,3986,3986,3986,3986,3986,3986,3986,3986,3986,3986,3986,3986,3986,3986,3986,3986,3986,3986,3986,3986,3986,3986,3986,3986,3986,3986,3986,3986,3986,3986,3986,3986,3986,3986,3986,3986,3986,3986,3986,3986,3986,3986,3986,3986,3986,3986,3986,3986,3986,3986,3986,3986,3986,3986,3986,3986,3986,3986,3986,3986,3986,3986,3986,3986,3986,3986,3986,3986,3986,3986,3986,3986,3986,3986,3986,3986,3986,3986,3986,3986,3986,3986,3986,3986,3986,3986,3986,3986,
size:64
[agent] id:1
path:2474,2475,2476,2477,2478,2479,2480,2481,2482,2483,2484,2485,2486,2487,2488,2489,2490,2491,2492,2493,2494,2495,2496,2497,2498,2499,2500,2501,2502,2503,2504,2505,2506,2507,2508,2509,2510,2511,2512,2513,2514,2515,2516,2517,2518,2519,2520,2521,2521,2521,2521,2521,2521,2521,2521,2521,2521,2521,2521,2521,2521,2521,2521,2521,2521,2521,2521,2521,2521,2521,2521,2521,2521,2521,2521,2521,2521,2521,2521,2521,2521,2521,2521,2521,2521,2521,2521,2521,2521,
goal:2521,2521,2521,2521,2521,2521,2521,2521,2521,2521,2521,2521,2521,2521,2521,2521,2521,2521,2521,2521,2521,2521,2521,2521,2521,2521,2521,2521,2521,2521,2521,2521,2521,2521,2521,2521,2521,2521,2521,2521,2521,2521,2521,2521,2521,2521,2521,2521,2521,2521,2521,2521,2521,2521,2521,2521,2521,2521,2521,2521,2521,2521,2521,2521,2521,2521,2521,2521,2521,2521,2521,2521,2521,2521,2521,2521,2521,2521,2521,2521,2521,2521,2521,2521,2521,2521,2521,2521,2521,
size:47
[agent] id:2
path:4036,3929,3822,3715,3714,3607,3606,3605,3604,3603,3602,3495,3388,3281,3174,3067,2960,2853,2746,2639,2639,2638,2531,2424,2317,2316,2315,2315,2315,2315,2315,2315,2315,2315,2315,2315,2315,2315,2315,2315,2315,2315,2315,2315,2315,2315,2315,2315,2315,2315,2315,2315,2315,2315,2315,2315,2315,2315,2315,2315,2315,2315,2315,2315,2315,2315,2315,2315,2315,2315,2315,2315,2315,2315,2315,2315,2315,2315,2315,2315,2315,2315,2315,2315,2315,2315,2315,2315,2315,
goal:2315,2315,2315,2315,2315,2315,2315,2315,2315,2315,2315,2315,2315,2315,2315,2315,2315,2315,2315,2315,2315,2315,2315,2315,2315,2315,2315,2315,2315,2315,2315,2315,2315,2315,2315,2315,2315,2315,2315,2315,2315,2315,2315,2315,2315,2315,2315,2315,2315,2315,2315,2315,2315,2315,2315,2315,2315,2315,2315,2315,2315,2315,2315,2315,2315,2315,2315,2315,2315,2315,2315,2315,2315,2315,2315,2315,2315,2315,2315,2315,2315,2315,2315,2315,2315,2315,2315,2315,2315,
size:26
[agent] id:3
path:2332,2225,2118,2011,2010,2009,2008,2007,2006,2005,2004,2003,2002,1895,1894,1893,1892,1891,1890,1783,1676,1569,1462,1355,1248,1141,1034,1035,1036,1036,1036,1036,1036,1036,1036,1036,1036,1036,1036,1036,1036,1036,1036,1036,1036,1036,1036,1036,1036,1036,1036,1036,1036,1036,1036,1036,1036,1036,1036,1036,1036,1036,1036,1036,1036,1036,1036,1036,1036,1036,1036,1036,1036,1036,1036,1036,1036,1036,1036,1036,1036,1036,1036,1036,1036,1036,1036,1036,1036,
goal:1036,1036,1036,1036,1036,1036,1036,1036,1036,1036,1036,1036,1036,1036,1036,1036,1036,1036,1036,1036,1036,1036,1036,1036,1036,1036,1036,1036,1036,1036,1036,1036,1036,1036,1036,1036,1036,1036,1036,1036,1036,1036,1036,1036,1036,1036,1036,1036,1036,1036,1036,1036,1036,1036,1036,1036,1036,1036,1036,1036,1036,1036,1036,1036,1036,1036,1036,1036,1036,1036,1036,1036,1036,1036,1036,1036,1036,1036,1036,1036,1036,1036,1036,1036,1036,1036,1036,1036,1036,
size:28
[agent] id:4
path:2838,2945,3052,3159,3266,3267,3268,3269,3270,3270,3270,3270,3270,3270,3270,3270,3270,3270,3270,3270,3270,3270,3270,3270,3270,3270,3270,3270,3270,3270,3270,3270,3270,3270,3270,3270,3270,3270,3270,3270,3270,3270,3270,3270,3270,3270,3270,3270,3270,3270,3270,3270,3270,3270,3270,3270,3270,3270,3270,3270,3270,3270,3270,3270,3270,3270,3270,3270,3270,3270,3270,3270,3270,3270,3270,3270,3270,3270,3270,3270,3270,3270,3270,3270,3270,3270,3270,3270,3270,
goal:3270,3270,3270,3270,3270,3270,3270,3270,3270,3270,3270,3270,3270,3270,3270,3270,3270,3270,3270,3270,3270,3270,3270,3270,3270,3270,3270,3270,3270,3270,3270,3270,3270,3270,3270,3270,3270,3270,3270,3270,3270,3270,3270,3270,3270,3270,3270,3270,3270,3270,3270,3270,3270,3270,3270,3270,3270,3270,3270,3270,3270,3270,3270,3270,3270,3270,3270,3270,3270,3270,3270,3270,3270,3270,3270,3270,3270,3270,3270,3270,3270,3270,3270,3270,3270,3270,3270,3270,3270,
size:8
[agent] id:5
path:1193,1300,1301,1302,1409,1410,1411,1412,1413,1520,1627,1734,1841,1948,1949,2056,2163,2270,2271,2272,2273,2274,2275,2276,2276,2276,2276,2276,2276,2276,2276,2276,2276,2276,2276,2276,2276,2276,2276,2276,2276,2276,2276,2276,2276,2276,2276,2276,2276,2276,2276,2276,2276,2276,2276,2276,2276,2276,2276,2276,2276,2276,2276,2276,2276,2276,2276,2276,2276,2276,2276,2276,2276,2276,2276,2276,2276,2276,2276,2276,2276,2276,2276,2276,2276,2276,2276,2276,2276,
goal:2276,2276,2276,2276,2276,2276,2276,2276,2276,2276,2276,2276,2276,2276,2276,2276,2276,2276,2276,2276,2276,2276,2276,2276,2276,2276,2276,2276,2276,2276,2276,2276,2276,2276,2276,2276,2276,2276,2276,2276,2276,2276,2276,2276,2276,2276,2276,2276,2276,2276,2276,2276,2276,2276,2276,2276,2276,2276,2276,2276,2276,2276,2276,2276,2276,2276,2276,2276,2276,2276,2276,2276,2276,2276,2276,2276,2276,2276,2276,2276,2276,2276,2276,2276,2276,2276,2276,2276,2276,
size:23
[agent] id:6
path:2468,2469,2470,2471,2472,2473,2474,2475,2476,2477,2478,2479,2480,2481,2482,2483,2484,2485,2486,2487,2488,2489,2490,2491,2492,2493,2494,2495,2496,2497,2498,2499,2500,2501,2502,2503,2504,2505,2506,2507,2508,2509,2510,2511,2512,2513,2513,2513,2513,2513,2513,2513,2513,2513,2513,2513,2513,2513,2513,2513,2513,2513,2513,2513,2513,2513,2513,2513,2513,2513,2513,2513,2513,2513,2513,2513,2513,2513,2513,2513,2513,2513,2513,2513,2513,2513,2513,2513,2513,
goal:2513,2513,2513,2513,2513,2513,2513,2513,2513,2513,2513,2513,2513,2513,2513,2513,2513,2513,2513,2513,2513,2513,2513,2513,2513,2513,2513,2513,2513,2513,2513,2513,2513,2513,2513,2513,2513,2513,2513,2513,2513,2513,2513,2513,2513,2513,2513,2513,2513,2513,2513,2513,2513,2513,2513,2513,2513,2513,2513,2513,2513,2513,2513,2513,2513,2513,2513,2513,2513,2513,2513,2513,2513,2513,2513,2513,2513,2513,2513,2513,2513,2513,2513,2513,2513,2513,2513,2513,2513,
size:45
[agent] id:7
path:899,1006,1113,1220,1327,1434,1435,1436,1437,1544,1651,1758,1865,1972,2079,2186,2293,2400,2399,2398,2397,2396,2395,2394,2393,2392,2391,2390,2389,2388,2387,2386,2385,2385,2385,2385,2385,2385,2385,2385,2385,2385,2385,2385,2385,2385,2385,2385,2385,2385,2385,2385,2385,2385,2385,2385,2385,2385,2385,2385,2385,2385,2385,2385,2385,2385,2385,2385,2385,2385,2385,2385,2385,2385,2385,2385,2385,2385,2385,2385,2385,2385,2385,2385,2385,2385,2385,2385,2385,
goal:2385,2385,2385,2385,2385,2385,2385,2385,2385,2385,2385,2385,2385,2385,2385,2385,2385,2385,2385,2385,2385,2385,2385,2385,2385,2385,2385,2385,2385,2385,2385,2385,2385,2385,2385,2385,2385,2385,2385,2385,2385,2385,2385,2385,2385,2385,2385,2385,2385,2385,2385,2385,2385,2385,2385,2385,2385,2385,2385,2385,2385,2385,2385,2385,2385,2385,2385,2385,2385,2385,2385,2385,2385,2385,2385,2385,2385,2385,2385,2385,2385,2385,2385,2385,2385,2385,2385,2385,2385,
size:32
[agent] id:8
path:2145,2038,1931,1931,1931,1931,1931,1931,1931,1931,1931,1931,1931,1931,1931,1931,1931,1931,1931,1931,1931,1931,1931,1931,1931,1931,1931,1931,1931,1931,1931,1931,1931,1931,1931,1931,1931,1931,1931,1931,1931,1931,1931,1931,1931,1931,1931,1931,1931,1931,1931,1931,1931,1931,1931,1931,1931,1931,1931,1931,1931,1931,1931,1931,1931,1931,1931,1931,1931,1931,1931,1931,1931,1931,1931,1931,1931,1931,1931,1931,1931,1931,1931,1931,1931,1931,1931,1931,1931,
goal:1931,1931,1931,1931,1931,1931,1931,1931,1931,1931,1931,1931,1931,1931,1931,1931,1931,1931,1931,1931,1931,1931,1931,1931,1931,1931,1931,1931,1931,1931,1931,1931,1931,1931,1931,1931,1931,1931,1931,1931,1931,1931,1931,1931,1931,1931,1931,1931,1931,1931,1931,1931,1931,1931,1931,1931,1931,1931,1931,1931,1931,1931,1931,1931,1931,1931,1931,1931,1931,1931,1931,1931,1931,1931,1931,1931,1931,1931,1931,1931,1931,1931,1931,1931,1931,1931,1931,1931,1931,
size:2
[agent] id:9
path:4243,4136,4029,3922,3815,3708,3601,3494,3387,3280,3173,3172,3171,3170,3169,3062,3061,3060,3059,3058,3057,3056,3055,3054,3053,3052,3051,3050,3049,3048,3047,3046,3045,3044,3043,3042,3041,3040,3039,3038,3037,3036,3035,3034,3033,3032,3031,3030,3029,3028,3027,3026,3025,3024,3131,3130,3129,3128,3127,3127,3127,3127,3127,3127,3127,3127,3127,3127,3127,3127,3127,3127,3127,3127,3127,3127,3127,3127,3127,3127,3127,3127,3127,3127,3127,3127,3127,3127,3127,
goal:3127,3127,3127,3127,3127,3127,3127,3127,3127,3127,3127,3127,3127,3127,3127,3127,3127,3127,3127,3127,3127,3127,3127,3127,3127,3127,3127,3127,3127,3127,3127,3127,3127,3127,3127,3127,3127,3127,3127,3127,3127,3127,3127,3127,3127,3127,3127,3127,3127,3127,3127,3127,3127,3127,3127,3127,3127,3127,3127,3127,3127,3127,3127,3127,3127,3127,3127,3127,3127,3127,3127,3127,3127,3127,3127,3127,3127,3127,3127,3127,3127,3127,3127,3127,3127,3127,3127,3127,3127,
size:58
[agent] id:10
path:3140,3141,3141,3141,3141,3141,3141,3141,3141,3141,3141,3141,3141,3141,3141,3141,3141,3141,3141,3141,3141,3141,3141,3141,3141,3141,3141,3141,3141,3141,3141,3141,3141,3141,3141,3141,3141,3141,3141,3141,3141,3141,3141,3141,3141,3141,3141,3141,3141,3141,3141,3141,3141,3141,3141,3141,3141,3141,3141,3141,3141,3141,3141,3141,3141,3141,3141,3141,3141,3141,3141,3141,3141,3141,3141,3141,3141,3141,3141,3141,3141,3141,3141,3141,3141,3141,3141,3141,3141,
goal:3141,3141,3141,3141,3141,3141,3141,3141,3141,3141,3141,3141,3141,3141,3141,3141,3141,3141,3141,3141,3141,3141,3141,3141,3141,3141,3141,3141,3141,3141,3141,3141,3141,3141,3141,3141,3141,3141,3141,3141,3141,3141,3141,3141,3141,3141,3141,3141,3141,3141,3141,3141,3141,3141,3141,3141,3141,3141,3141,3141,3141,3141,3141,3141,3141,3141,3141,3141,3141,3141,3141,3141,3141,3141,3141,3141,3141,3141,3141,3141,3141,3141,3141,3141,3141,3141,3141,3141,3141,
size:1
[agent] id:11
path:719,826,933,1040,1147,1254,1361,1360,1467,1466,1465,1464,1463,1462,1569,1676,1783,1890,1997,2104,2105,2106,2107,2108,2108,2108,2108,2108,2108,2108,2108,2108,2108,2108,2108,2108,2108,2108,2108,2108,2108,2108,2108,2108,2108,2108,2108,2108,2108,2108,2108,2108,2108,2108,2108,2108,2108,2108,2108,2108,2108,2108,2108,2108,2108,2108,2108,2108,2108,2108,2108,2108,2108,2108,2108,2108,2108,2108,2108,2108,2108,2108,2108,2108,2108,2108,2108,2108,2108,
goal:2108,2108,2108,2108,2108,2108,2108,2108,2108,2108,2108,2108,2108,2108,2108,2108,2108,2108,2108,2108,2108,2108,2108,2108,2108,2108,2108,2108,2108,2108,2108,2108,2108,2108,2108,2108,2108,2108,2108,2108,2108,2108,2108,2108,2108,2108,2108,2108,2108,2108,2108,2108,2108,2108,2108,2108,2108,2108,2108,2108,2108,2108,2108,2108,2108,2108,2108,2108,2108,2108,2108,2108,2108,2108,2108,2108,2108,2108,2108,2108,2108,2108,2108,2108,2108,2108,2108,2108,2108,
size:23
[agent] id:12
path:1772,1879,1986,2093,2200,2307,2414,2521,2628,2735,2842,2949,3056,3055,3054,3053,3052,3051,3050,3049,3048,3047,3046,3045,3044,3043,3042,3041,3040,3039,3038,3037,3036,3035,3034,3033,3032,3031,3030,3029,3028,3027,3026,3025,3024,3131,3238,3345,3344,3343,3342,3341,3340,3447,3554,3661,3768,3875,3982,4089,4088,4087,4086,4085,4084,4083,4083,4083,4083,4083,4083,4083,4083,4083,4083,4083,4083,4083,4083,4083,4083,4083,4083,4083,4083,4083,4083,4083,4083,
goal:4083,4083,4083,4083,4083,4083,4083,4083,4083,4083,4083,4083,4083,4083,4083,4083,4083,4083,4083,4083,4083,4083,4083,4083,4083,4083,4083,4083,4083,4083,4083,4083,4083,4083,4083,4083,4083,4083,4083,4083,4083,4083,4083,4083,4083,4083,4083,4083,4083,4083,4083,4083,4083,4083,4083,4083,4083,4083,4083,4083,4083,4083,4083,4083,4083,4083,4083,4083,4083,4083,4083,4083,4083,4083,4083,4083,4083,4083,4083,4083,4083,4083,4083,4083,4083,4083,4083,4083,4083,
size:65
[agent] id:13
path:3306,3199,3092,3093,2986,2879,2772,2665,2558,2451,2450,2449,2448,2447,2446,2339,2338,2337,2336,2335,2334,2333,2332,2331,2330,2329,2328,2327,2326,2325,2324,2323,2322,2321,2320,2319,2318,2211,2210,2209,2208,2207,2206,2205,2204,2203,2202,2201,2200,2199,2198,2197,2196,2195,2194,2193,2192,2191,2190,2189,2188,2187,2186,2185,2184,2183,2182,2181,2180,2179,2178,2177,2176,2175,2174,2173,2172,2171,2170,2169,2168,2167,2166,2165,2164,2163,2163,2163,2163,
goal:2163,2163,2163,2163,2163,2163,2163,2163,2163,2163,2163,2163,2163,2163,2163,2163,2163,2163,2163,2163,2163,2163,2163,2163,2163,2163,2163,2163,2163,2163,2163,2163,2163,2163,2163,2163,2163,2163,2163,2163,2163,2163,2163,2163,2163,2163,2163,2163,2163,2163,2163,2163,2163,2163,2163,2163,2163,2163,2163,2163,2163,2163,2163,2163,2163,2163,2163,2163,2163,2163,2163,2163,2163,2163,2163,2163,2163,2163,2163,2163,2163,2163,2163,2163,2163,2163,2163,2163,2163,
size:85
[agent] id:14
path:2787,2680,2573,2466,2359,2360,2361,2362,2363,2364,2365,2366,2367,2368,2369,2370,2371,2264,2157,2050,1943,1836,1837,1838,1839,1840,1841,1734,1627,1520,1413,1306,1199,1092,985,878,771,772,773,774,775,776,777,777,777,777,777,777,777,777,777,777,777,777,777,777,777,777,777,777,777,777,777,777,777,777,777,777,777,777,777,777,777,777,777,777,777,777,777,777,777,777,777,777,777,777,777,777,777,
goal:777,777,777,777,777,777,777,777,777,777,777,777,777,777,777,777,777,777,777,777,777,777,777,777,777,777,777,777,777,777,777,777,777,777,777,777,777,777,777,777,777,777,777,777,777,777,777,777,777,777,777,777,777,777,777,777,777,777,777,777,777,777,777,777,777,777,777,777,777,777,777,777,777,777,777,777,777,777,777,777,777,777,777,777,777,777,777,777,777,
size:42
[agent] id:15
path:2024,2023,2130,2237,2344,2451,2450,2449,2448,2447,2446,2339,2232,2125,2018,2017,2016,2015,2014,2013,2012,2011,2010,2009,2008,2007,2006,2005,2004,2003,2002,2001,2000,1999,1998,1997,1996,1995,1994,1993,1992,1991,1990,1989,1988,1987,1986,1985,1984,1983,1982,1981,1980,1979,1978,1871,1870,1869,1868,1867,1866,1759,1652,1652,1652,1652,1652,1652,1652,1652,1652,1652,1652,1652,1652,1652,1652,1652,1652,1652,1652,1652,1652,1652,1652,1652,1652,1652,1652,
goal:1652,1652,1652,1652,1652,1652,1652,1652,1652,1652,1652,1652,1652,1652,1652,1652,1652,1652,1652,1652,1652,1652,1652,1652,1652,1652,1652,1652,1652,1652,1652,1652,1652,1652,1652,1652,1652,1652,1652,1652,1652,1652,1652,1652,1652,1652,1652,1652,1652,1652,1652,1652,1652,1652,1652,1652,1652,1652,1652,1652,1652,1652,1652,1652,1652,1652,1652,1652,1652,1652,1652,1652,1652,1652,1652,1652,1652,1652,1652,1652,1652,1652,1652,1652,1652,1652,1652,1652,1652,
size:62
[agent] id:16
path:2881,2880,2879,2772,2665,2664,2663,2662,2661,2660,2767,2874,2981,3088,3087,3086,3085,3084,3083,3082,3081,3080,3079,3078,3077,3076,3076,3076,3076,3076,3076,3076,3076,3076,3076,3076,3076,3076,3076,3076,3076,3076,3076,3076,3076,3076,3076,3076,3076,3076,3076,3076,3076,3076,3076,3076,3076,3076,3076,3076,3076,3076,3076,3076,3076,3076,3076,3076,3076,3076,3076,3076,3076,3076,3076,3076,3076,3076,3076,3076,3076,3076,3076,3076,3076,3076,3076,3076,3076,
goal:3076,3076,3076,3076,3076,3076,3076,3076,3076,3076,3076,3076,3076,3076,3076,3076,3076,3076,3076,3076,3076,3076,3076,3076,3076,3076,3076,3076,3076,3076,3076,3076,3076,3076,3076,3076,3076,3076,3076,3076,3076,3076,3076,3076,3076,3076,3076,3076,3076,3076,3076,3076,3076,3076,3076,3076,3076,3076,3076,3076,3076,3076,3076,3076,3076,3076,3076,3076,3076,3076,3076,3076,3076,3076,3076,3076,3076,3076,3076,3076,3076,3076,3076,3076,3076,3076,3076,3076,3076,
size:25
[agent] id:17
path:2043,2150,2149,2148,2147,2146,2145,2144,2143,2143,2143,2143,2143,2143,2143,2143,2143,2143,2143,2143,2143,2143,2143,2143,2143,2143,2143,2143,2143,2143,2143,2143,2143,2143,2143,2143,2143,2143,2143,2143,2143,2143,2143,2143,2143,2143,2143,2143,2143,2143,2143,2143,2143,2143,2143,2143,2143,2143,2143,2143,2143,2143,2143,2143,2143,2143,2143,2143,2143,2143,2143,2143,2143,2143,2143,2143,2143,2143,2143,2143,2143,2143,2143,2143,2143,2143,2143,2143,2143,
goal:2143,2143,2143,2143,2143,2143,2143,2143,2143,2143,2143,2143,2143,2143,2143,2143,2143,2143,2143,2143,2143,2143,2143,2143,2143,2143,2143,2143,2143,2143,2143,2143,2143,2143,2143,2143,2143,2143,2143,2143,2143,2143,2143,2143,2143,2143,2143,2143,2143,2143,2143,2143,2143,2143,2143,2143,2143,2143,2143,2143,2143,2143,2143,2143,2143,2143,2143,2143,2143,2143,2143,2143,2143,2143,2143,2143,2143,2143,2143,2143,2143,2143,2143,2143,2143,2143,2143,2143,2143,
size:8
[agent] id:18
path:2628,2521,2414,2413,2412,2411,2410,2409,2408,2407,2406,2405,2404,2403,2402,2401,2400,2399,2398,2397,2396,2395,2394,2393,2392,2391,2390,2389,2388,2387,2386,2385,2384,2383,2382,2381,2380,2379,2378,2377,2376,2375,2374,2373,2372,2371,2370,2369,2368,2367,2260,2153,2046,1939,1938,1831,1724,1723,1722,1722,1722,1722,1722,1722,1722,1722,1722,1722,1722,1722,1722,1722,1722,1722,1722,1722,1722,1722,1722,1722,1722,1722,1722,1722,1722,1722,1722,1722,1722,
goal:1722,1722,1722,1722,1722,1722,1722,1722,1722,1722,1722,1722,1722,1722,1722,1722,1722,1722,1722,1722,1722,1722,1722,1722,1722,1722,1722,1722,1722,1722,1722,1722,1722,1722,1722,1722,1722,1722,1722,1722,1722,1722,1722,1722,1722,1722,1722,1722,1722,1722,1722,1722,1722,1722,1722,1722,1722,1722,1722,1722,1722,1722,1722,1722,1722,1722,1722,1722,1722,1722,1722,1722,1722,1722,1722,1722,1722,1722,1722,1722,1722,1722,1722,1722,1722,1722,1722,1722,1722,
size:58
[agent] id:19
path:873,980,1087,1194,1301,1302,1409,1410,1411,1412,1413,1520,1627,1734,1841,1948,2055,2162,2269,2376,2483,2590,2697,2698,2699,2700,2701,2702,2703,2704,2705,2706,2707,2708,2709,2710,2711,2712,2713,2714,2715,2716,2717,2718,2719,2720,2721,2722,2723,2724,2725,2726,2727,2728,2729,2730,2731,2732,2733,2734,2735,2736,2737,2738,2738,2738,2738,2738,2738,2738,2738,2738,2738,2738,2738,2738,2738,2738,2738,2738,2738,2738,2738,2738,2738,2738,2738,2738,2738,
goal:2738,2738,2738,2738,2738,2738,2738,2738,2738,2738,2738,2738,2738,2738,2738,2738,2738,2738,2738,2738,2738,2738,2738,2738,2738,2738,2738,2738,2738,2738,2738,2738,2738,2738,2738,2738,2738,2738,2738,2738,2738,2738,2738,2738,2738,2738,2738,2738,2738,2738,2738,2738,2738,2738,2738,2738,2738,2738,2738,2738,2738,2738,2738,2738,2738,2738,2738,2738,2738,2738,2738,2738,2738,2738,2738,2738,2738,2738,2738,2738,2738,2738,2738,2738,2738,2738,2738,2738,2738,
size:63
[agent] id:20
path:2365,2366,2367,2368,2369,2370,2371,2264,2157,2158,2159,2160,2161,2162,2163,2164,2057,1950,1951,1952,1953,1954,1955,1956,1957,1958,1959,1960,1961,1962,1963,1964,1965,1966,1967,1860,1861,1862,1863,1864,1865,1758,1651,1544,1437,1330,1223,1116,1009,1008,1007,1006,1005,1004,1004,1004,1004,1004,1004,1004,1004,1004,1004,1004,1004,1004,1004,1004,1004,1004,1004,1004,1004,1004,1004,1004,1004,1004,1004,1004,1004,1004,1004,1004,1004,1004,1004,1004,1004,
goal:1004,1004,1004,1004,1004,1004,1004,1004,1004,1004,1004,1004,1004,1004,1004,1004,1004,1004,1004,1004,1004,1004,1004,1004,1004,1004,1004,1004,1004,1004,1004,1004,1004,1004,1004,1004,1004,1004,1004,1004,1004,1004,1004,1004,1004,1004,1004,1004,1004,1004,1004,1004,1004,1004,1004,1004,1004,1004,1004,1004,1004,1004,1004,1004,1004,1004,1004,1004,1004,1004,1004,1004,1004,1004,1004,1004,1004,1004,1004,1004,1004,1004,1004,1004,1004,1004,1004,1004,1004,
size:53
[agent] id:21
path:2082,2189,2296,2403,2510,2511,2512,2513,2514,2515,2516,2517,2518,2519,2520,2521,2522,2523,2524,2525,2526,2527,2528,2529,2530,2531,2532,2533,2534,2535,2536,2537,2538,2539,2540,2541,2542,2543,2544,2545,2546,2547,2548,2549,2549,2549,2549,2549,2549,2549,2549,2549,2549,2549,2549,2549,2549,2549,2549,2549,2549,2549,2549,2549,2549,2549,2549,2549,2549,2549,2549,2549,2549,2549,2549,2549,2549,2549,2549,2549,2549,2549,2549,2549,2549,2549,2549,2549,2549,
goal:2549,2549,2549,2549,2549,2549,2549,2549,2549,2549,2549,2549,2549,2549,2549,2549,2549,2549,2549,2549,2549,2549,2549,2549,2549,2549,2549,2549,2549,2549,2549,2549,2549,2549,2549,2549,2549,2549,2549,2549,2549,2549,2549,2549,2549,2549,2549,2549,2549,2549,2549,2549,2549,2549,2549,2549,2549,2549,2549,2549,2549,2549,2549,2549,2549,2549,2549,2549,2549,2549,2549,2549,2549,2549,2549,2549,2549,2549,2549,2549,2549,2549,2549,2549,2549,2549,2549,2549,2549,
size:43
[agent] id:22
path:1458,1459,1460,1461,1568,1675,1782,1889,1996,2103,2210,2317,2424,2423,2422,2421,2420,2419,2418,2417,2416,2415,2414,2413,2412,2411,2410,2409,2408,2407,2406,2405,2404,2403,2402,2401,2400,2399,2398,2505,2504,2503,2502,2501,2500,2499,2498,2497,2496,2495,2494,2493,2492,2491,2490,2489,2488,2488,2488,2488,2488,2488,2488,2488,2488,2488,2488,2488,2488,2488,2488,2488,2488,2488,2488,2488,2488,2488,2488,2488,2488,2488,2488,2488,2488,2488,2488,2488,2488,
goal:2488,2488,2488,2488,2488,2488,2488,2488,2488,2488,2488,2488,2488,2488,2488,2488,2488,2488,2488,2488,2488,2488,2488,2488,2488,2488,2488,2488,2488,2488,2488,2488,2488,2488,2488,2488,2488,2488,2488,2488,2488,2488,2488,2488,2488,2488,2488,2488,2488,2488,2488,2488,2488,2488,2488,2488,2488,2488,2488,2488,2488,2488,2488,2488,2488,2488,2488,2488,2488,2488,2488,2488,2488,2488,2488,2488,2488,2488,2488,2488,2488,2488,2488,2488,2488,2488,2488,2488,2488,
size:56
[agent] id:23
path:933,1040,1147,1254,1361,1360,1467,1466,1465,1464,1463,1462,1569,1676,1783,1890,1997,2104,2211,2318,2425,2532,2639,2640,2641,2642,2643,2644,2645,2646,2647,2648,2649,2650,2650,2650,2650,2650,2650,2650,2650,2650,2650,2650,2650,2650,2650,2650,2650,2650,2650,2650,2650,2650,2650,2650,2650,2650,2650,2650,2650,2650,2650,2650,2650,2650,2650,2650,2650,2650,2650,2650,2650,2650,2650,2650,2650,2650,2650,2650,2650,2650,2650,2650,2650,2650,2650,2650,2650,
goal:2650,2650,2650,2650,2650,2650,2650,2650,2650,2650,2650,2650,2650,2650,2650,2650,2650,2650,2650,2650,2650,2650,2650,2650,2650,2650,2650,2650,2650,2650,2650,2650,2650,2650,2650,2650,2650,2650,2650,2650,2650,2650,2650,2650,2650,2650,2650,2650,2650,2650,2650,2650,2650,2650,2650,2650,2650,2650,2650,2650,2650,2650,2650,2650,2650,2650,2650,2650,2650,2650,2650,2650,2650,2650,2650,2650,2650,2650,2650,2650,2650,2650,2650,2650,2650,2650,2650,2650,2650,
size:33
[agent] id:24
path:1961,2068,2067,2066,2065,2064,2063,2062,2061,2060,2059,2058,2057,2056,2055,2054,2053,2052,2051,2051,2051,2051,2051,2051,2051,2051,2051,2051,2051,2051,2051,2051,2051,2051,2051,2051,2051,2051,2051,2051,2051,2051,2051,2051,2051,2051,2051,2051,2051,2051,2051,2051,2051,2051,2051,2051,2051,2051,2051,2051,2051,2051,2051,2051,2051,2051,2051,2051,2051,2051,2051,2051,2051,2051,2051,2051,2051,2051,2051,2051,2051,2051,2051,2051,2051,2051,2051,2051,2051,
goal:2051,2051,2051,2051,2051,2051,2051,2051,2051,2051,2051,2051,2051,2051,2051,2051,2051,2051,2051,2051,2051,2051,2051,2051,2051,2051,2051,2051,2051,2051,2051,2051,2051,2051,2051,2051,2051,2051,2051,2051,2051,2051,2051,2051,2051,2051,2051,2051,2051,2051,2051,2051,2051,2051,2051,2051,2051,2051,2051,2051,2051,2051,2051,2051,2051,2051,2051,2051,2051,2051,2051,2051,2051,2051,2051,2051,2051,2051,2051,2051,2051,2051,2051,2051,2051,2051,2051,2051,2051,
size:18
[agent] id:25
path:815,922,1029,1136,1243,1350,1457,1458,1459,1460,1461,1568,1675,1782,1889,1996,2103,2210,2317,2424,2423,2422,2421,2420,2419,2418,2417,2416,2415,2414,2413,2412,2411,2410,2409,2408,2407,2406,2405,2404,2403,2402,2401,2508,2507,2506,2505,2504,2503,2502,2501,2500,2499,2498,2497,2496,2495,2494,2493,2493,2493,2493,2493,2493,2493,2493,2493,2493,2493,2493,2493,2493,2493,2493,2493,2493,2493,2493,2493,2493,2493,2493,2493,2493,2493,2493,2493,2493,2493,
goal:2493,2493,2493,2493,2493,2493,2493,2493,2493,2493,2493,2493,2493,2493,2493,2493,2493,2493,2493,2493,2493,2493,2493,2493,2493,2493,2493,2493,2493,2493,2493,2493,2493,2493,2493,2493,2493,2493,2493,2493,2493,2493,2493,2493,2493,2493,2493,2493,2493,2493,2493,2493,2493,2493,2493,2493,2493,2493,2493,2493,2493,2493,2493,2493,2493,2493,2493,2493,2493,2493,2493,2493,2493,2493,2493,2493,2493,2493,2493,2493,2493,2493,2493,2493,2493,2493,2493,2493,2493,
size:58
[agent] id:26
path:4454,4347,4240,4133,4026,3919,3812,3705,3598,3599,3600,3601,3494,3387,3280,3173,3066,2959,2852,2745,2638,2531,2424,2317,2210,2211,2212,2212,2212,2212,2212,2212,2212,2212,2212,2212,2212,2212,2212,2212,2212,2212,2212,2212,2212,2212,2212,2212,2212,2212,2212,2212,2212,2212,2212,2212,2212,2212,2212,2212,2212,2212,2212,2212,2212,2212,2212,2212,2212,2212,2212,2212,2212,2212,2212,2212,2212,2212,2212,2212,2212,2212,2212,2212,2212,2212,2212,2212,2212,
goal:2212,2212,2212,2212,2212,2212,2212,2212,2212,2212,2212,2212,2212,2212,2212,2212,2212,2212,2212,2212,2212,2212,2212,2212,2212,2212,2212,2212,2212,2212,2212,2212,2212,2212,2212,2212,2212,2212,2212,2212,2212,2212,2212,2212,2212,2212,2212,2212,2212,2212,2212,2212,2212,2212,2212,2212,2212,2212,2212,2212,2212,2212,2212,2212,2212,2212,2212,2212,2212,2212,2212,2212,2212,2212,2212,2212,2212,2212,2212,2212,2212,2212,2212,2212,2212,2212,2212,2212,2212,
size:26
[agent] id:27
path:2895,2788,2681,2574,2467,2468,2469,2470,2471,2472,2473,2474,2475,2476,2477,2478,2479,2480,2481,2482,2482,2483,2484,2485,2486,2487,2488,2489,2490,2491,2492,2493,2386,2387,2388,2389,2390,2391,2392,2393,2394,2395,2396,2397,2398,2399,2400,2401,2402,2403,2404,2405,2406,2407,2408,2409,2410,2411,2412,2413,2414,2415,2416,2417,2418,2419,2420,2421,2422,2423,2424,2425,2426,2427,2428,2429,2430,2431,2432,2433,2434,2435,2436,2437,2438,2439,2440,2441,2442,
goal:2442,2442,2442,2442,2442,2442,2442,2442,2442,2442,2442,2442,2442,2442,2442,2442,2442,2442,2442,2442,2442,2442,2442,2442,2442,2442,2442,2442,2442,2442,2442,2442,2442,2442,2442,2442,2442,2442,2442,2442,2442,2442,2442,2442,2442,2442,2442,2442,2442,2442,2442,2442,2442,2442,2442,2442,2442,2442,2442,2442,2442,2442,2442,2442,2442,2442,2442,2442,2442,2442,2442,2442,2442,2442,2442,2442,2442,2442,2442,2442,2442,2442,2442,2442,2442,2442,2442,2442,2442,
size:88
[agent] id:28
path:3345,3238,3131,3024,2917,2810,2703,2704,2705,2706,2707,2708,2709,2710,2711,2712,2713,2714,2715,2716,2717,2718,2719,2720,2721,2722,2723,2724,2725,2726,2727,2728,2729,2730,2731,2732,2733,2734,2735,2736,2737,2738,2739,2740,2741,2742,2743,2744,2745,2746,2747,2748,2749,2750,2751,2752,2753,2754,2755,2756,2757,2758,2651,2652,2652,2652,2652,2652,2652,2652,2652,2652,2652,2652,2652,2652,2652,2652,2652,2652,2652,2652,2652,2652,2652,2652,2652,2652,2652,
goal:2652,2652,2652,2652,2652,2652,2652,2652,2652,2652,2652,2652,2652,2652,2652,2652,2652,2652,2652,2652,2652,2652,2652,2652,2652,2652,2652,2652,2652,2652,2652,2652,2652,2652,2652,2652,2652,2652,2652,2652,2652,2652,2652,2652,2652,2652,2652,2652,2652,2652,2652,2652,2652,2652,2652,2652,2652,2652,2652,2652,2652,2652,2652,2652,2652,2652,2652,2652,2652,2652,2652,2652,2652,2652,2652,2652,2652,2652,2652,2652,2652,2652,2652,2652,2652,2652,2652,2652,2652,
size:63
[agent] id:29
path:4202,4095,3988,3881,3774,3773,3772,3771,3770,3769,3768,3661,3554,3447,3340,3233,3126,3019,2912,2805,2698,2591,2592,2593,2594,2595,2596,2597,2598,2599,2600,2601,2602,2603,2604,2605,2606,2607,2608,2609,2610,2611,2612,2613,2614,2615,2616,2617,2618,2619,2620,2621,2622,2623,2624,2625,2626,2627,2628,2629,2630,2631,2632,2633,2634,2635,2636,2636,2636,2636,2636,2636,2636,2636,2636,2636,2636,2636,2636,2636,2636,2636,2636,2636,2636,2636,2636,2636,2636,
goal:2636,2636,2636,2636,2636,2636,2636,2636,2636,2636,2636,2636,2636,2636,2636,2636,2636,2636,2636,2636,2636,2636,2636,2636,2636,2636,2636,2636,2636,2636,2636,2636,2636,2636,2636,2636,2636,2636,2636,2636,2636,2636,2636,2636,2636,2636,2636,2636,2636,2636,2636,2636,2636,2636,2636,2636,2636,2636,2636,2636,2636,2636,2636,2636,2636,2636,2636,2636,2636,2636,2636,2636,2636,2636,2636,2636,2636,2636,2636,2636,2636,2636,2636,2636,2636,2636,2636,2636,2636,
size:66
SolutionCost:1269
