[setting] seed:69
[solver] type:ECBS
[solver] w:3.000000
[solver] ID:0
[solver] Lowlevelnode:67348
[solver] solved:1
[solver] elapsed:328
[solver] makespan:86
[problem] timesteplimit:10000
[problem] type:MAPF
[problem] agentnum:30
[graph] width:107
[graph] height:47
[graph] filename:./map/orz601d.map
[task] id:5,start:0,end:0,service time:0,nodes:3143,
[task] id:12,start:0,end:0,service time:0,nodes:1463,
[task] id:25,start:0,end:0,service time:0,nodes:2332,
[task] id:26,start:0,end:0,service time:0,nodes:2265,
[task] id:20,start:0,end:0,service time:0,nodes:3335,
[task] id:2,start:0,end:0,service time:0,nodes:3708,
[task] id:14,start:0,end:0,service time:0,nodes:3705,
[task] id:23,start:0,end:0,service time:0,nodes:1012,
[task] id:27,start:0,end:0,service time:0,nodes:2962,
[task] id:17,start:0,end:0,service time:0,nodes:3006,
[task] id:0,start:0,end:0,service time:0,nodes:1006,
[task] id:6,start:0,end:0,service time:0,nodes:2403,
[task] id:15,start:0,end:0,service time:0,nodes:3661,
[task] id:9,start:0,end:0,service time:0,nodes:3036,
[task] id:22,start:0,end:0,service time:0,nodes:2633,
[task] id:13,start:0,end:0,service time:0,nodes:903,
[task] id:3,start:0,end:0,service time:0,nodes:497,
[task] id:18,start:0,end:0,service time:0,nodes:1955,
[task] id:4,start:0,end:0,service time:0,nodes:1912,
[task] id:28,start:0,end:0,service time:0,nodes:2800,
[task] id:8,start:0,end:0,service time:0,nodes:2733,
[task] id:10,start:0,end:0,service time:0,nodes:985,
[task] id:19,start:0,end:0,service time:0,nodes:2153,
[task] id:1,start:0,end:0,service time:0,nodes:3178,
[task] id:29,start:0,end:0,service time:0,nodes:770,
[task] id:11,start:0,end:0,service time:0,nodes:3553,
[task] id:7,start:0,end:0,service time:0,nodes:2259,
[task] id:21,start:0,end:0,service time:0,nodes:4247,
[task] id:16,start:0,end:0,service time:0,nodes:2653,
[task] id:24,start:0,end:0,service time:0,nodes:4351,
[agent] id:0
path:1989,1988,1987,1986,1985,1984,1983,1982,1981,1980,1979,1978,1871,1870,1869,1868,1867,1866,1759,1652,1545,1438,1331,1224,1117,1010,1009,1008,1007,1006,1006,1006,1006,1006,1006,1006,1006,1006,1006,1006,1006,1006,1006,1006,1006,1006,1006,1006,1006,1006,1006,1006,1006,1006,1006,1006,1006,1006,1006,1006,1006,1006,1006,1006,1006,1006,1006,1006,1006,1006,1006,1006,1006,1006,1006,1006,1006,1006,1006,1006,1006,1006,1006,1006,1006,1006,1006,
goal:1006,1006,1006,1006,1006,1006,1006,1006,1006,1006,1006,1006,1006,1006,1006,1006,1006,1006,1006,1006,1006,1006,1006,1006,1006,1006,1006,1006,1006,1006,1006,1006,1006,1006,1006,1006,1006,1006,1006,1006,1006,1006,1006,1006,1006,1006,1006,1006,1006,1006,1006,1006,1006,1006,1006,1006,1006,1006,1006,1006,1006,1006,1006,1006,1006,1006,1006,1006,1006,1006,1006,1006,1006,1006,1006,1006,1006,1006,1006,1006,1006,1006,1006,1006,1006,1006,1006,
size:29
[agent] id:1
path:2163,2270,2377,2378,2485,2592,2699,2806,2913,2914,2915,2916,2917,2918,2919,2920,2921,2922,2923,2924,2925,2926,2927,2928,2929,2930,2931,2932,2933,2934,2935,2936,2937,2938,2939,3046,3047,3048,3049,3050,3051,3052,3053,3054,3055,3056,3057,3058,3059,3060,3061,3062,3169,3170,3171,3172,3173,3174,3175,3176,3177,3178,3178,3178,3178,3178,3178,3178,3178,3178,3178,3178,3178,3178,3178,3178,3178,3178,3178,3178,3178,3178,3178,3178,3178,3178,3178,
goal:3178,3178,3178,3178,3178,3178,3178,3178,3178,3178,3178,3178,3178,3178,3178,3178,3178,3178,3178,3178,3178,3178,3178,3178,3178,3178,3178,3178,3178,3178,3178,3178,3178,3178,3178,3178,3178,3178,3178,3178,3178,3178,3178,3178,3178,3178,3178,3178,3178,3178,3178,3178,3178,3178,3178,3178,3178,3178,3178,3178,3178,3178,3178,3178,3178,3178,3178,3178,3178,3178,3178,3178,3178,3178,3178,3178,3178,3178,3178,3178,3178,3178,3178,3178,3178,3178,3178,
size:61
[agent] id:2
path:3187,3080,3079,3078,3077,3076,3075,3074,3073,3072,3179,3178,3177,3176,3175,3174,3173,3280,3387,3494,3601,3708,3708,3708,3708,3708,3708,3708,3708,3708,3708,3708,3708,3708,3708,3708,3708,3708,3708,3708,3708,3708,3708,3708,3708,3708,3708,3708,3708,3708,3708,3708,3708,3708,3708,3708,3708,3708,3708,3708,3708,3708,3708,3708,3708,3708,3708,3708,3708,3708,3708,3708,3708,3708,3708,3708,3708,3708,3708,3708,3708,3708,3708,3708,3708,3708,3708,
goal:3708,3708,3708,3708,3708,3708,3708,3708,3708,3708,3708,3708,3708,3708,3708,3708,3708,3708,3708,3708,3708,3708,3708,3708,3708,3708,3708,3708,3708,3708,3708,3708,3708,3708,3708,3708,3708,3708,3708,3708,3708,3708,3708,3708,3708,3708,3708,3708,3708,3708,3708,3708,3708,3708,3708,3708,3708,3708,3708,3708,3708,3708,3708,3708,3708,3708,3708,3708,3708,3708,3708,3708,3708,3708,3708,3708,3708,3708,3708,3708,3708,3708,3708,3708,3708,3708,3708,
size:21
[agent] id:3
path:2297,2190,2083,2084,2085,2086,2087,2088,2089,2090,2091,2092,2093,2094,1987,1988,1989,1990,1991,1884,1885,1886,1887,1888,1889,1782,1675,1568,1461,1354,1247,1140,1033,926,819,712,605,498,497,497,497,497,497,497,497,497,497,497,497,497,497,497,497,497,497,497,497,497,497,497,497,497,497,497,497,497,497,497,497,497,497,497,497,497,497,497,497,497,497,497,497,497,497,497,497,497,497,
goal:497,497,497,497,497,497,497,497,497,497,497,497,497,497,497,497,497,497,497,497,497,497,497,497,497,497,497,497,497,497,497,497,497,497,497,497,497,497,497,497,497,497,497,497,497,497,497,497,497,497,497,497,497,497,497,497,497,497,497,497,497,497,497,497,497,497,497,497,497,497,497,497,497,497,497,497,497,497,497,497,497,497,497,497,497,497,497,
size:38
[agent] id:4
path:389,496,603,710,817,924,1031,1138,1245,1352,1459,1460,1461,1568,1675,1782,1889,1890,1891,1892,1893,1894,1895,2002,2003,2004,2005,2006,2007,2008,2009,2010,2011,2012,2013,2014,2015,1908,1909,1910,1911,1912,1912,1912,1912,1912,1912,1912,1912,1912,1912,1912,1912,1912,1912,1912,1912,1912,1912,1912,1912,1912,1912,1912,1912,1912,1912,1912,1912,1912,1912,1912,1912,1912,1912,1912,1912,1912,1912,1912,1912,1912,1912,1912,1912,1912,1912,
goal:1912,1912,1912,1912,1912,1912,1912,1912,1912,1912,1912,1912,1912,1912,1912,1912,1912,1912,1912,1912,1912,1912,1912,1912,1912,1912,1912,1912,1912,1912,1912,1912,1912,1912,1912,1912,1912,1912,1912,1912,1912,1912,1912,1912,1912,1912,1912,1912,1912,1912,1912,1912,1912,1912,1912,1912,1912,1912,1912,1912,1912,1912,1912,1912,1912,1912,1912,1912,1912,1912,1912,1912,1912,1912,1912,1912,1912,1912,1912,1912,1912,1912,1912,1912,1912,1912,1912,
size:41
[agent] id:5
path:2935,3042,3041,3040,3039,3038,3037,3036,3143,3143,3143,3143,3143,3143,3143,3143,3143,3143,3143,3143,3143,3143,3143,3143,3143,3143,3143,3143,3143,3143,3143,3143,3143,3143,3143,3143,3143,3143,3143,3143,3143,3143,3143,3143,3143,3143,3143,3143,3143,3143,3143,3143,3143,3143,3143,3143,3143,3143,3143,3143,3143,3143,3143,3143,3143,3143,3143,3143,3143,3143,3143,3143,3143,3143,3143,3143,3143,3143,3143,3143,3143,3143,3143,3143,3143,3143,3143,
goal:3143,3143,3143,3143,3143,3143,3143,3143,3143,3143,3143,3143,3143,3143,3143,3143,3143,3143,3143,3143,3143,3143,3143,3143,3143,3143,3143,3143,3143,3143,3143,3143,3143,3143,3143,3143,3143,3143,3143,3143,3143,3143,3143,3143,3143,3143,3143,3143,3143,3143,3143,3143,3143,3143,3143,3143,3143,3143,3143,3143,3143,3143,3143,3143,3143,3143,3143,3143,3143,3143,3143,3143,3143,3143,3143,3143,3143,3143,3143,3143,3143,3143,3143,3143,3143,3143,3143,
size:8
[agent] id:6
path:2805,2698,2591,2484,2377,2378,2379,2380,2381,2382,2383,2384,2385,2386,2387,2388,2389,2390,2391,2392,2393,2394,2395,2396,2397,2398,2399,2400,2401,2402,2403,2403,2403,2403,2403,2403,2403,2403,2403,2403,2403,2403,2403,2403,2403,2403,2403,2403,2403,2403,2403,2403,2403,2403,2403,2403,2403,2403,2403,2403,2403,2403,2403,2403,2403,2403,2403,2403,2403,2403,2403,2403,2403,2403,2403,2403,2403,2403,2403,2403,2403,2403,2403,2403,2403,2403,2403,
goal:2403,2403,2403,2403,2403,2403,2403,2403,2403,2403,2403,2403,2403,2403,2403,2403,2403,2403,2403,2403,2403,2403,2403,2403,2403,2403,2403,2403,2403,2403,2403,2403,2403,2403,2403,2403,2403,2403,2403,2403,2403,2403,2403,2403,2403,2403,2403,2403,2403,2403,2403,2403,2403,2403,2403,2403,2403,2403,2403,2403,2403,2403,2403,2403,2403,2403,2403,2403,2403,2403,2403,2403,2403,2403,2403,2403,2403,2403,2403,2403,2403,2403,2403,2403,2403,2403,2403,
size:30
[agent] id:7
path:2325,2324,2323,2322,2321,2320,2319,2318,2317,2316,2315,2314,2313,2312,2311,2310,2309,2308,2307,2306,2305,2304,2303,2302,2301,2300,2299,2298,2297,2296,2295,2402,2401,2400,2399,2398,2397,2396,2395,2394,2393,2392,2391,2390,2389,2388,2387,2386,2385,2384,2383,2382,2381,2380,2379,2378,2377,2376,2375,2374,2373,2372,2371,2370,2369,2368,2367,2260,2259,2259,2259,2259,2259,2259,2259,2259,2259,2259,2259,2259,2259,2259,2259,2259,2259,2259,2259,
goal:2259,2259,2259,2259,2259,2259,2259,2259,2259,2259,2259,2259,2259,2259,2259,2259,2259,2259,2259,2259,2259,2259,2259,2259,2259,2259,2259,2259,2259,2259,2259,2259,2259,2259,2259,2259,2259,2259,2259,2259,2259,2259,2259,2259,2259,2259,2259,2259,2259,2259,2259,2259,2259,2259,2259,2259,2259,2259,2259,2259,2259,2259,2259,2259,2259,2259,2259,2259,2259,2259,2259,2259,2259,2259,2259,2259,2259,2259,2259,2259,2259,2259,2259,2259,2259,2259,2259,
size:68
[agent] id:8
path:1947,2054,2161,2268,2375,2482,2589,2696,2697,2698,2699,2700,2701,2702,2703,2704,2705,2706,2707,2708,2709,2710,2711,2712,2713,2714,2715,2716,2717,2718,2719,2720,2721,2722,2723,2724,2725,2726,2727,2728,2729,2730,2731,2732,2733,2733,2733,2733,2733,2733,2733,2733,2733,2733,2733,2733,2733,2733,2733,2733,2733,2733,2733,2733,2733,2733,2733,2733,2733,2733,2733,2733,2733,2733,2733,2733,2733,2733,2733,2733,2733,2733,2733,2733,2733,2733,2733,
goal:2733,2733,2733,2733,2733,2733,2733,2733,2733,2733,2733,2733,2733,2733,2733,2733,2733,2733,2733,2733,2733,2733,2733,2733,2733,2733,2733,2733,2733,2733,2733,2733,2733,2733,2733,2733,2733,2733,2733,2733,2733,2733,2733,2733,2733,2733,2733,2733,2733,2733,2733,2733,2733,2733,2733,2733,2733,2733,2733,2733,2733,2733,2733,2733,2733,2733,2733,2733,2733,2733,2733,2733,2733,2733,2733,2733,2733,2733,2733,2733,2733,2733,2733,2733,2733,2733,2733,
size:44
[agent] id:9
path:1990,2097,2204,2311,2418,2525,2632,2739,2846,2953,3060,3059,3058,3057,3056,3055,3054,3053,3052,3051,3050,3049,3048,3047,3046,3045,3044,3043,3042,3041,3040,3039,3038,3037,3036,3036,3036,3036,3036,3036,3036,3036,3036,3036,3036,3036,3036,3036,3036,3036,3036,3036,3036,3036,3036,3036,3036,3036,3036,3036,3036,3036,3036,3036,3036,3036,3036,3036,3036,3036,3036,3036,3036,3036,3036,3036,3036,3036,3036,3036,3036,3036,3036,3036,3036,3036,3036,
goal:3036,3036,3036,3036,3036,3036,3036,3036,3036,3036,3036,3036,3036,3036,3036,3036,3036,3036,3036,3036,3036,3036,3036,3036,3036,3036,3036,3036,3036,3036,3036,3036,3036,3036,3036,3036,3036,3036,3036,3036,3036,3036,3036,3036,3036,3036,3036,3036,3036,3036,3036,3036,3036,3036,3036,3036,3036,3036,3036,3036,3036,3036,3036,3036,3036,3036,3036,3036,3036,3036,3036,3036,3036,3036,3036,3036,3036,3036,3036,3036,3036,3036,3036,3036,3036,3036,3036,
size:34
[agent] id:10
path:2306,2199,2092,1985,1984,1983,1982,1981,1980,1979,1978,1977,1976,1975,1974,1973,1972,1971,1970,1969,1968,1967,1966,1965,1964,1963,1962,1961,1960,1959,1958,1957,1956,1955,1954,1847,1846,1845,1844,1843,1842,1735,1628,1521,1414,1307,1200,1093,986,985,985,985,985,985,985,985,985,985,985,985,985,985,985,985,985,985,985,985,985,985,985,985,985,985,985,985,985,985,985,985,985,985,985,985,985,985,985,
goal:985,985,985,985,985,985,985,985,985,985,985,985,985,985,985,985,985,985,985,985,985,985,985,985,985,985,985,985,985,985,985,985,985,985,985,985,985,985,985,985,985,985,985,985,985,985,985,985,985,985,985,985,985,985,985,985,985,985,985,985,985,985,985,985,985,985,985,985,985,985,985,985,985,985,985,985,985,985,985,985,985,985,985,985,985,985,985,
size:49
[agent] id:11
path:1783,1890,1997,2104,2211,2318,2425,2532,2639,2746,2853,2852,2851,2850,2849,2848,2847,2846,2845,2844,2843,2842,2841,2840,2839,2838,2837,2836,2835,2834,2833,2832,2831,2830,2829,2828,2827,2826,2825,2824,2823,2822,2821,2928,3035,3034,3033,3032,3031,3030,3029,3028,3027,3026,3025,3024,3131,3238,3345,3344,3343,3342,3341,3340,3447,3554,3553,3553,3553,3553,3553,3553,3553,3553,3553,3553,3553,3553,3553,3553,3553,3553,3553,3553,3553,3553,3553,
goal:3553,3553,3553,3553,3553,3553,3553,3553,3553,3553,3553,3553,3553,3553,3553,3553,3553,3553,3553,3553,3553,3553,3553,3553,3553,3553,3553,3553,3553,3553,3553,3553,3553,3553,3553,3553,3553,3553,3553,3553,3553,3553,3553,3553,3553,3553,3553,3553,3553,3553,3553,3553,3553,3553,3553,3553,3553,3553,3553,3553,3553,3553,3553,3553,3553,3553,3553,3553,3553,3553,3553,3553,3553,3553,3553,3553,3553,3553,3553,3553,3553,3553,3553,3553,3553,3553,3553,
size:66
[agent] id:12
path:2533,2426,2319,2212,2105,1998,1891,1890,1783,1676,1569,1462,1463,1463,1463,1463,1463,1463,1463,1463,1463,1463,1463,1463,1463,1463,1463,1463,1463,1463,1463,1463,1463,1463,1463,1463,1463,1463,1463,1463,1463,1463,1463,1463,1463,1463,1463,1463,1463,1463,1463,1463,1463,1463,1463,1463,1463,1463,1463,1463,1463,1463,1463,1463,1463,1463,1463,1463,1463,1463,1463,1463,1463,1463,1463,1463,1463,1463,1463,1463,1463,1463,1463,1463,1463,1463,1463,
goal:1463,1463,1463,1463,1463,1463,1463,1463,1463,1463,1463,1463,1463,1463,1463,1463,1463,1463,1463,1463,1463,1463,1463,1463,1463,1463,1463,1463,1463,1463,1463,1463,1463,1463,1463,1463,1463,1463,1463,1463,1463,1463,1463,1463,1463,1463,1463,1463,1463,1463,1463,1463,1463,1463,1463,1463,1463,1463,1463,1463,1463,1463,1463,1463,1463,1463,1463,1463,1463,1463,1463,1463,1463,1463,1463,1463,1463,1463,1463,1463,1463,1463,1463,1463,1463,1463,1463,
size:12
[agent] id:13
path:2106,1999,1998,1997,1996,1995,1994,1993,1992,1991,1990,1989,1988,1987,1986,1985,1984,1983,1982,1981,1980,1979,1978,1871,1870,1869,1868,1867,1866,1759,1652,1545,1438,1331,1224,1117,1010,903,903,903,903,903,903,903,903,903,903,903,903,903,903,903,903,903,903,903,903,903,903,903,903,903,903,903,903,903,903,903,903,903,903,903,903,903,903,903,903,903,903,903,903,903,903,903,903,903,903,
goal:903,903,903,903,903,903,903,903,903,903,903,903,903,903,903,903,903,903,903,903,903,903,903,903,903,903,903,903,903,903,903,903,903,903,903,903,903,903,903,903,903,903,903,903,903,903,903,903,903,903,903,903,903,903,903,903,903,903,903,903,903,903,903,903,903,903,903,903,903,903,903,903,903,903,903,903,903,903,903,903,903,903,903,903,903,903,903,
size:37
[agent] id:14
path:2630,2737,2844,2951,3058,3059,3060,3061,3062,3169,3170,3171,3172,3173,3280,3387,3494,3601,3708,3707,3706,3705,3705,3705,3705,3705,3705,3705,3705,3705,3705,3705,3705,3705,3705,3705,3705,3705,3705,3705,3705,3705,3705,3705,3705,3705,3705,3705,3705,3705,3705,3705,3705,3705,3705,3705,3705,3705,3705,3705,3705,3705,3705,3705,3705,3705,3705,3705,3705,3705,3705,3705,3705,3705,3705,3705,3705,3705,3705,3705,3705,3705,3705,3705,3705,3705,3705,
goal:3705,3705,3705,3705,3705,3705,3705,3705,3705,3705,3705,3705,3705,3705,3705,3705,3705,3705,3705,3705,3705,3705,3705,3705,3705,3705,3705,3705,3705,3705,3705,3705,3705,3705,3705,3705,3705,3705,3705,3705,3705,3705,3705,3705,3705,3705,3705,3705,3705,3705,3705,3705,3705,3705,3705,3705,3705,3705,3705,3705,3705,3705,3705,3705,3705,3705,3705,3705,3705,3705,3705,3705,3705,3705,3705,3705,3705,3705,3705,3705,3705,3705,3705,3705,3705,3705,3705,
size:21
[agent] id:15
path:2898,2791,2684,2577,2470,2471,2472,2473,2474,2475,2476,2477,2370,2371,2478,2585,2692,2799,2906,3013,3014,3121,3228,3229,3336,3337,3338,3339,3446,3553,3660,3661,3661,3661,3661,3661,3661,3661,3661,3661,3661,3661,3661,3661,3661,3661,3661,3661,3661,3661,3661,3661,3661,3661,3661,3661,3661,3661,3661,3661,3661,3661,3661,3661,3661,3661,3661,3661,3661,3661,3661,3661,3661,3661,3661,3661,3661,3661,3661,3661,3661,3661,3661,3661,3661,3661,3661,
goal:3661,3661,3661,3661,3661,3661,3661,3661,3661,3661,3661,3661,3661,3661,3661,3661,3661,3661,3661,3661,3661,3661,3661,3661,3661,3661,3661,3661,3661,3661,3661,3661,3661,3661,3661,3661,3661,3661,3661,3661,3661,3661,3661,3661,3661,3661,3661,3661,3661,3661,3661,3661,3661,3661,3661,3661,3661,3661,3661,3661,3661,3661,3661,3661,3661,3661,3661,3661,3661,3661,3661,3661,3661,3661,3661,3661,3661,3661,3661,3661,3661,3661,3661,3661,3661,3661,3661,
size:31
[agent] id:16
path:4411,4304,4197,4090,3983,3876,3769,3768,3661,3554,3447,3340,3233,3126,3019,2912,2913,2914,2915,2916,2917,2918,2919,2920,2921,2922,2923,2924,2925,2926,2927,2928,2929,2930,2931,2932,2933,2934,2827,2828,2829,2830,2831,2832,2833,2834,2835,2836,2837,2838,2839,2840,2841,2734,2735,2736,2737,2738,2739,2740,2741,2634,2635,2636,2637,2638,2639,2640,2641,2642,2643,2644,2645,2646,2647,2648,2649,2650,2651,2652,2653,2653,2653,2653,2653,2653,2653,
goal:2653,2653,2653,2653,2653,2653,2653,2653,2653,2653,2653,2653,2653,2653,2653,2653,2653,2653,2653,2653,2653,2653,2653,2653,2653,2653,2653,2653,2653,2653,2653,2653,2653,2653,2653,2653,2653,2653,2653,2653,2653,2653,2653,2653,2653,2653,2653,2653,2653,2653,2653,2653,2653,2653,2653,2653,2653,2653,2653,2653,2653,2653,2653,2653,2653,2653,2653,2653,2653,2653,2653,2653,2653,2653,2653,2653,2653,2653,2653,2653,2653,2653,2653,2653,2653,2653,2653,
size:80
[agent] id:17
path:3126,3019,3018,3017,3016,3015,3014,3013,2906,2799,2692,2585,2478,2477,2476,2475,2474,2581,2688,2795,2902,3009,3008,3007,3006,3006,3006,3006,3006,3006,3006,3006,3006,3006,3006,3006,3006,3006,3006,3006,3006,3006,3006,3006,3006,3006,3006,3006,3006,3006,3006,3006,3006,3006,3006,3006,3006,3006,3006,3006,3006,3006,3006,3006,3006,3006,3006,3006,3006,3006,3006,3006,3006,3006,3006,3006,3006,3006,3006,3006,3006,3006,3006,3006,3006,3006,3006,
goal:3006,3006,3006,3006,3006,3006,3006,3006,3006,3006,3006,3006,3006,3006,3006,3006,3006,3006,3006,3006,3006,3006,3006,3006,3006,3006,3006,3006,3006,3006,3006,3006,3006,3006,3006,3006,3006,3006,3006,3006,3006,3006,3006,3006,3006,3006,3006,3006,3006,3006,3006,3006,3006,3006,3006,3006,3006,3006,3006,3006,3006,3006,3006,3006,3006,3006,3006,3006,3006,3006,3006,3006,3006,3006,3006,3006,3006,3006,3006,3006,3006,3006,3006,3006,3006,3006,3006,
size:24
[agent] id:18
path:2631,2524,2417,2310,2203,2096,1989,1988,1987,1986,1985,1984,1983,1982,1981,1980,1979,1978,1977,1976,1975,1974,1973,1972,1971,1970,1969,1968,1967,1966,1965,1964,1963,1962,1961,1960,1959,1958,1957,1956,1955,1955,1955,1955,1955,1955,1955,1955,1955,1955,1955,1955,1955,1955,1955,1955,1955,1955,1955,1955,1955,1955,1955,1955,1955,1955,1955,1955,1955,1955,1955,1955,1955,1955,1955,1955,1955,1955,1955,1955,1955,1955,1955,1955,1955,1955,1955,
goal:1955,1955,1955,1955,1955,1955,1955,1955,1955,1955,1955,1955,1955,1955,1955,1955,1955,1955,1955,1955,1955,1955,1955,1955,1955,1955,1955,1955,1955,1955,1955,1955,1955,1955,1955,1955,1955,1955,1955,1955,1955,1955,1955,1955,1955,1955,1955,1955,1955,1955,1955,1955,1955,1955,1955,1955,1955,1955,1955,1955,1955,1955,1955,1955,1955,1955,1955,1955,1955,1955,1955,1955,1955,1955,1955,1955,1955,1955,1955,1955,1955,1955,1955,1955,1955,1955,1955,
size:40
[agent] id:19
path:2521,2520,2519,2518,2517,2516,2515,2514,2513,2512,2511,2510,2509,2508,2507,2506,2505,2504,2503,2502,2501,2500,2393,2392,2391,2390,2389,2388,2387,2386,2385,2384,2383,2382,2381,2380,2379,2378,2377,2376,2375,2374,2373,2372,2371,2370,2369,2368,2367,2260,2153,2153,2153,2153,2153,2153,2153,2153,2153,2153,2153,2153,2153,2153,2153,2153,2153,2153,2153,2153,2153,2153,2153,2153,2153,2153,2153,2153,2153,2153,2153,2153,2153,2153,2153,2153,2153,
goal:2153,2153,2153,2153,2153,2153,2153,2153,2153,2153,2153,2153,2153,2153,2153,2153,2153,2153,2153,2153,2153,2153,2153,2153,2153,2153,2153,2153,2153,2153,2153,2153,2153,2153,2153,2153,2153,2153,2153,2153,2153,2153,2153,2153,2153,2153,2153,2153,2153,2153,2153,2153,2153,2153,2153,2153,2153,2153,2153,2153,2153,2153,2153,2153,2153,2153,2153,2153,2153,2153,2153,2153,2153,2153,2153,2153,2153,2153,2153,2153,2153,2153,2153,2153,2153,2153,2153,
size:50
[agent] id:20
path:2382,2489,2596,2703,2810,2917,3024,3131,3238,3345,3344,3343,3342,3341,3340,3339,3338,3337,3336,3335,3335,3335,3335,3335,3335,3335,3335,3335,3335,3335,3335,3335,3335,3335,3335,3335,3335,3335,3335,3335,3335,3335,3335,3335,3335,3335,3335,3335,3335,3335,3335,3335,3335,3335,3335,3335,3335,3335,3335,3335,3335,3335,3335,3335,3335,3335,3335,3335,3335,3335,3335,3335,3335,3335,3335,3335,3335,3335,3335,3335,3335,3335,3335,3335,3335,3335,3335,
goal:3335,3335,3335,3335,3335,3335,3335,3335,3335,3335,3335,3335,3335,3335,3335,3335,3335,3335,3335,3335,3335,3335,3335,3335,3335,3335,3335,3335,3335,3335,3335,3335,3335,3335,3335,3335,3335,3335,3335,3335,3335,3335,3335,3335,3335,3335,3335,3335,3335,3335,3335,3335,3335,3335,3335,3335,3335,3335,3335,3335,3335,3335,3335,3335,3335,3335,3335,3335,3335,3335,3335,3335,3335,3335,3335,3335,3335,3335,3335,3335,3335,3335,3335,3335,3335,3335,3335,
size:19
[agent] id:21
path:3870,3763,3764,3765,3766,3767,3660,3553,3446,3339,3232,3125,3018,3019,3020,3021,3022,3023,3024,3025,3026,3027,3028,3029,3030,3031,3032,3033,3034,3035,3036,3037,2930,2931,2932,2933,2934,2935,2936,3043,3044,3045,3046,3047,3048,3049,3050,3051,3052,3053,3054,3055,3056,3057,3058,3059,3060,3061,3062,3169,3170,3171,3172,3173,3280,3387,3494,3601,3602,3709,3816,3923,4030,4137,4244,4245,4246,4247,4247,4247,4247,4247,4247,4247,4247,4247,4247,
goal:4247,4247,4247,4247,4247,4247,4247,4247,4247,4247,4247,4247,4247,4247,4247,4247,4247,4247,4247,4247,4247,4247,4247,4247,4247,4247,4247,4247,4247,4247,4247,4247,4247,4247,4247,4247,4247,4247,4247,4247,4247,4247,4247,4247,4247,4247,4247,4247,4247,4247,4247,4247,4247,4247,4247,4247,4247,4247,4247,4247,4247,4247,4247,4247,4247,4247,4247,4247,4247,4247,4247,4247,4247,4247,4247,4247,4247,4247,4247,4247,4247,4247,4247,4247,4247,4247,4247,
size:77
[agent] id:22
path:2921,2814,2707,2600,2601,2602,2603,2604,2605,2606,2607,2608,2609,2610,2611,2612,2613,2614,2615,2616,2617,2618,2619,2620,2621,2622,2623,2624,2625,2626,2627,2628,2629,2630,2631,2632,2633,2633,2633,2633,2633,2633,2633,2633,2633,2633,2633,2633,2633,2633,2633,2633,2633,2633,2633,2633,2633,2633,2633,2633,2633,2633,2633,2633,2633,2633,2633,2633,2633,2633,2633,2633,2633,2633,2633,2633,2633,2633,2633,2633,2633,2633,2633,2633,2633,2633,2633,
goal:2633,2633,2633,2633,2633,2633,2633,2633,2633,2633,2633,2633,2633,2633,2633,2633,2633,2633,2633,2633,2633,2633,2633,2633,2633,2633,2633,2633,2633,2633,2633,2633,2633,2633,2633,2633,2633,2633,2633,2633,2633,2633,2633,2633,2633,2633,2633,2633,2633,2633,2633,2633,2633,2633,2633,2633,2633,2633,2633,2633,2633,2633,2633,2633,2633,2633,2633,2633,2633,2633,2633,2633,2633,2633,2633,2633,2633,2633,2633,2633,2633,2633,2633,2633,2633,2633,2633,
size:36
[agent] id:23
path:2503,2396,2289,2182,2075,1968,1861,1862,1863,1864,1865,1758,1651,1544,1437,1330,1223,1116,1009,1010,1011,1012,1012,1012,1012,1012,1012,1012,1012,1012,1012,1012,1012,1012,1012,1012,1012,1012,1012,1012,1012,1012,1012,1012,1012,1012,1012,1012,1012,1012,1012,1012,1012,1012,1012,1012,1012,1012,1012,1012,1012,1012,1012,1012,1012,1012,1012,1012,1012,1012,1012,1012,1012,1012,1012,1012,1012,1012,1012,1012,1012,1012,1012,1012,1012,1012,1012,
goal:1012,1012,1012,1012,1012,1012,1012,1012,1012,1012,1012,1012,1012,1012,1012,1012,1012,1012,1012,1012,1012,1012,1012,1012,1012,1012,1012,1012,1012,1012,1012,1012,1012,1012,1012,1012,1012,1012,1012,1012,1012,1012,1012,1012,1012,1012,1012,1012,1012,1012,1012,1012,1012,1012,1012,1012,1012,1012,1012,1012,1012,1012,1012,1012,1012,1012,1012,1012,1012,1012,1012,1012,1012,1012,1012,1012,1012,1012,1012,1012,1012,1012,1012,1012,1012,1012,1012,
size:21
[agent] id:24
path:1721,1828,1935,2042,2149,2256,2363,2364,2365,2366,2367,2368,2369,2370,2477,2478,2585,2692,2799,2906,2907,2908,2909,2910,2911,2912,2913,2914,2915,2916,2917,2918,2919,2920,2921,2922,2923,2924,2925,2926,2927,2928,2929,2930,3037,3038,3039,3040,3041,3042,3043,3044,3045,3046,3047,3048,3049,3050,3051,3052,3053,3054,3055,3056,3057,3058,3059,3060,3061,3062,3169,3170,3171,3172,3173,3280,3387,3494,3601,3602,3709,3816,3923,4030,4137,4244,4351,
goal:4351,4351,4351,4351,4351,4351,4351,4351,4351,4351,4351,4351,4351,4351,4351,4351,4351,4351,4351,4351,4351,4351,4351,4351,4351,4351,4351,4351,4351,4351,4351,4351,4351,4351,4351,4351,4351,4351,4351,4351,4351,4351,4351,4351,4351,4351,4351,4351,4351,4351,4351,4351,4351,4351,4351,4351,4351,4351,4351,4351,4351,4351,4351,4351,4351,4351,4351,4351,4351,4351,4351,4351,4351,4351,4351,4351,4351,4351,4351,4351,4351,4351,4351,4351,4351,4351,4351,
size:86
[agent] id:25
path:2105,2212,2213,2214,2215,2322,2323,2324,2325,2326,2327,2328,2329,2330,2331,2332,2332,2332,2332,2332,2332,2332,2332,2332,2332,2332,2332,2332,2332,2332,2332,2332,2332,2332,2332,2332,2332,2332,2332,2332,2332,2332,2332,2332,2332,2332,2332,2332,2332,2332,2332,2332,2332,2332,2332,2332,2332,2332,2332,2332,2332,2332,2332,2332,2332,2332,2332,2332,2332,2332,2332,2332,2332,2332,2332,2332,2332,2332,2332,2332,2332,2332,2332,2332,2332,2332,2332,
goal:2332,2332,2332,2332,2332,2332,2332,2332,2332,2332,2332,2332,2332,2332,2332,2332,2332,2332,2332,2332,2332,2332,2332,2332,2332,2332,2332,2332,2332,2332,2332,2332,2332,2332,2332,2332,2332,2332,2332,2332,2332,2332,2332,2332,2332,2332,2332,2332,2332,2332,2332,2332,2332,2332,2332,2332,2332,2332,2332,2332,2332,2332,2332,2332,2332,2332,2332,2332,2332,2332,2332,2332,2332,2332,2332,2332,2332,2332,2332,2332,2332,2332,2332,2332,2332,2332,2332,
size:15
[agent] id:26
path:2174,2281,2280,2279,2278,2277,2276,2275,2274,2273,2272,2271,2270,2269,2268,2267,2266,2265,2265,2265,2265,2265,2265,2265,2265,2265,2265,2265,2265,2265,2265,2265,2265,2265,2265,2265,2265,2265,2265,2265,2265,2265,2265,2265,2265,2265,2265,2265,2265,2265,2265,2265,2265,2265,2265,2265,2265,2265,2265,2265,2265,2265,2265,2265,2265,2265,2265,2265,2265,2265,2265,2265,2265,2265,2265,2265,2265,2265,2265,2265,2265,2265,2265,2265,2265,2265,2265,
goal:2265,2265,2265,2265,2265,2265,2265,2265,2265,2265,2265,2265,2265,2265,2265,2265,2265,2265,2265,2265,2265,2265,2265,2265,2265,2265,2265,2265,2265,2265,2265,2265,2265,2265,2265,2265,2265,2265,2265,2265,2265,2265,2265,2265,2265,2265,2265,2265,2265,2265,2265,2265,2265,2265,2265,2265,2265,2265,2265,2265,2265,2265,2265,2265,2265,2265,2265,2265,2265,2265,2265,2265,2265,2265,2265,2265,2265,2265,2265,2265,2265,2265,2265,2265,2265,2265,2265,
size:17
[agent] id:27
path:4675,4568,4461,4354,4247,4140,4033,3926,3819,3712,3605,3604,3603,3602,3495,3388,3281,3174,3067,2960,2961,2962,2962,2962,2962,2962,2962,2962,2962,2962,2962,2962,2962,2962,2962,2962,2962,2962,2962,2962,2962,2962,2962,2962,2962,2962,2962,2962,2962,2962,2962,2962,2962,2962,2962,2962,2962,2962,2962,2962,2962,2962,2962,2962,2962,2962,2962,2962,2962,2962,2962,2962,2962,2962,2962,2962,2962,2962,2962,2962,2962,2962,2962,2962,2962,2962,2962,
goal:2962,2962,2962,2962,2962,2962,2962,2962,2962,2962,2962,2962,2962,2962,2962,2962,2962,2962,2962,2962,2962,2962,2962,2962,2962,2962,2962,2962,2962,2962,2962,2962,2962,2962,2962,2962,2962,2962,2962,2962,2962,2962,2962,2962,2962,2962,2962,2962,2962,2962,2962,2962,2962,2962,2962,2962,2962,2962,2962,2962,2962,2962,2962,2962,2962,2962,2962,2962,2962,2962,2962,2962,2962,2962,2962,2962,2962,2962,2962,2962,2962,2962,2962,2962,2962,2962,2962,
size:21
[agent] id:28
path:2841,2840,2839,2838,2837,2836,2835,2834,2833,2832,2831,2830,2829,2828,2827,2826,2825,2824,2823,2822,2821,2820,2819,2818,2817,2816,2815,2814,2813,2812,2811,2810,2809,2808,2807,2806,2805,2804,2803,2802,2801,2800,2800,2800,2800,2800,2800,2800,2800,2800,2800,2800,2800,2800,2800,2800,2800,2800,2800,2800,2800,2800,2800,2800,2800,2800,2800,2800,2800,2800,2800,2800,2800,2800,2800,2800,2800,2800,2800,2800,2800,2800,2800,2800,2800,2800,2800,
goal:2800,2800,2800,2800,2800,2800,2800,2800,2800,2800,2800,2800,2800,2800,2800,2800,2800,2800,2800,2800,2800,2800,2800,2800,2800,2800,2800,2800,2800,2800,2800,2800,2800,2800,2800,2800,2800,2800,2800,2800,2800,2800,2800,2800,2800,2800,2800,2800,2800,2800,2800,2800,2800,2800,2800,2800,2800,2800,2800,2800,2800,2800,2800,2800,2800,2800,2800,2800,2800,2800,2800,2800,2800,2800,2800,2800,2800,2800,2800,2800,2800,2800,2800,2800,2800,2800,2800,
size:41
[agent] id:29
path:2528,2421,2314,2207,2206,2205,2204,2203,2202,2201,2200,2199,2198,2091,2090,2089,2088,2087,2086,2085,2084,2083,2082,2081,2080,2079,2078,2077,2076,2075,2074,2073,2072,2071,2070,2069,2068,2067,2066,2065,2064,2063,2062,2061,1954,1847,1846,1845,1844,1843,1842,1735,1628,1521,1414,1307,1200,1093,986,879,772,771,770,770,770,770,770,770,770,770,770,770,770,770,770,770,770,770,770,770,770,770,770,770,770,770,770,
goal:770,770,770,770,770,770,770,770,770,770,770,770,770,770,770,770,770,770,770,770,770,770,770,770,770,770,770,770,770,770,770,770,770,770,770,770,770,770,770,770,770,770,770,770,770,770,770,770,770,770,770,770,770,770,770,770,770,770,770,770,770,770,770,770,770,770,770,770,770,770,770,770,770,770,770,770,770,770,770,770,770,770,770,770,770,770,770,
size:62
SolutionCost:1179
