[setting] seed:93
[solver] type:ECBS
[solver] w:3.000000
[solver] ID:0
[solver] Lowlevelnode:28283
[solver] solved:1
[solver] elapsed:76
[solver] makespan:87
[problem] timesteplimit:10000
[problem] type:MAPF
[problem] agentnum:20
[graph] width:107
[graph] height:47
[graph] filename:./map/orz601d.map
[task] id:0,start:0,end:0,service time:0,nodes:3976,
[task] id:12,start:0,end:0,service time:0,nodes:2096,
[task] id:16,start:0,end:0,service time:0,nodes:2385,
[task] id:11,start:0,end:0,service time:0,nodes:2292,
[task] id:1,start:0,end:0,service time:0,nodes:1466,
[task] id:14,start:0,end:0,service time:0,nodes:3162,
[task] id:13,start:0,end:0,service time:0,nodes:472,
[task] id:17,start:0,end:0,service time:0,nodes:2335,
[task] id:4,start:0,end:0,service time:0,nodes:2640,
[task] id:5,start:0,end:0,service time:0,nodes:3922,
[task] id:18,start:0,end:0,service time:0,nodes:3816,
[task] id:2,start:0,end:0,service time:0,nodes:2949,
[task] id:8,start:0,end:0,service time:0,nodes:2368,
[task] id:15,start:0,end:0,service time:0,nodes:447,
[task] id:19,start:0,end:0,service time:0,nodes:3058,
[task] id:10,start:0,end:0,service time:0,nodes:1981,
[task] id:9,start:0,end:0,service time:0,nodes:2526,
[task] id:6,start:0,end:0,service time:0,nodes:3185,
[task] id:7,start:0,end:0,service time:0,nodes:3880,
[task] id:3,start:0,end:0,service time:0,nodes:718,
[agent] id:0
path:4084,3977,3976,3976,3976,3976,3976,3976,3976,3976,3976,3976,3976,3976,3976,3976,3976,3976,3976,3976,3976,3976,3976,3976,3976,3976,3976,3976,3976,3976,3976,3976,3976,3976,3976,3976,3976,3976,3976,3976,3976,3976,3976,3976,3976,3976,3976,3976,3976,3976,3976,3976,3976,3976,3976,3976,3976,3976,3976,3976,3976,3976,3976,3976,3976,3976,3976,3976,3976,3976,3976,3976,3976,3976,3976,3976,3976,3976,3976,3976,3976,3976,3976,3976,3976,3976,3976,3976,
goal:3976,3976,3976,3976,3976,3976,3976,3976,3976,3976,3976,3976,3976,3976,3976,3976,3976,3976,3976,3976,3976,3976,3976,3976,3976,3976,3976,3976,3976,3976,3976,3976,3976,3976,3976,3976,3976,3976,3976,3976,3976,3976,3976,3976,3976,3976,3976,3976,3976,3976,3976,3976,3976,3976,3976,3976,3976,3976,3976,3976,3976,3976,3976,3976,3976,3976,3976,3976,3976,3976,3976,3976,3976,3976,3976,3976,3976,3976,3976,3976,3976,3976,3976,3976,3976,3976,3976,3976,
size:2
[agent] id:1
path:1997,1890,1783,1676,1675,1568,1461,1462,1463,1464,1465,1466,1466,1466,1466,1466,1466,1466,1466,1466,1466,1466,1466,1466,1466,1466,1466,1466,1466,1466,1466,1466,1466,1466,1466,1466,1466,1466,1466,1466,1466,1466,1466,1466,1466,1466,1466,1466,1466,1466,1466,1466,1466,1466,1466,1466,1466,1466,1466,1466,1466,1466,1466,1466,1466,1466,1466,1466,1466,1466,1466,1466,1466,1466,1466,1466,1466,1466,1466,1466,1466,1466,1466,1466,1466,1466,1466,1466,
goal:1466,1466,1466,1466,1466,1466,1466,1466,1466,1466,1466,1466,1466,1466,1466,1466,1466,1466,1466,1466,1466,1466,1466,1466,1466,1466,1466,1466,1466,1466,1466,1466,1466,1466,1466,1466,1466,1466,1466,1466,1466,1466,1466,1466,1466,1466,1466,1466,1466,1466,1466,1466,1466,1466,1466,1466,1466,1466,1466,1466,1466,1466,1466,1466,1466,1466,1466,1466,1466,1466,1466,1466,1466,1466,1466,1466,1466,1466,1466,1466,1466,1466,1466,1466,1466,1466,1466,1466,
size:11
[agent] id:2
path:2175,2282,2389,2496,2603,2710,2817,2924,2925,2926,2927,2928,2929,2930,2931,2932,2933,2934,2935,2936,2937,2938,2939,2940,2941,2942,2943,2944,2945,2946,2947,2948,2949,2949,2949,2949,2949,2949,2949,2949,2949,2949,2949,2949,2949,2949,2949,2949,2949,2949,2949,2949,2949,2949,2949,2949,2949,2949,2949,2949,2949,2949,2949,2949,2949,2949,2949,2949,2949,2949,2949,2949,2949,2949,2949,2949,2949,2949,2949,2949,2949,2949,2949,2949,2949,2949,2949,2949,
goal:2949,2949,2949,2949,2949,2949,2949,2949,2949,2949,2949,2949,2949,2949,2949,2949,2949,2949,2949,2949,2949,2949,2949,2949,2949,2949,2949,2949,2949,2949,2949,2949,2949,2949,2949,2949,2949,2949,2949,2949,2949,2949,2949,2949,2949,2949,2949,2949,2949,2949,2949,2949,2949,2949,2949,2949,2949,2949,2949,2949,2949,2949,2949,2949,2949,2949,2949,2949,2949,2949,2949,2949,2949,2949,2949,2949,2949,2949,2949,2949,2949,2949,2949,2949,2949,2949,2949,2949,
size:32
[agent] id:3
path:4195,4088,3981,3874,3767,3660,3553,3446,3339,3232,3125,3018,2911,2804,2697,2590,2483,2376,2269,2162,2055,2056,2057,2058,2059,2060,2061,2062,2063,2064,2065,2066,2067,2068,2069,2070,2071,2072,2073,2074,2075,2076,2077,2078,2079,2080,2081,2082,2083,2084,2085,2086,2087,2088,2089,1982,1983,1984,1985,1986,1987,1988,1989,1990,1991,1884,1885,1886,1887,1888,1889,1782,1675,1568,1461,1354,1247,1140,1033,926,819,712,713,714,715,716,717,718,
goal:718,718,718,718,718,718,718,718,718,718,718,718,718,718,718,718,718,718,718,718,718,718,718,718,718,718,718,718,718,718,718,718,718,718,718,718,718,718,718,718,718,718,718,718,718,718,718,718,718,718,718,718,718,718,718,718,718,718,718,718,718,718,718,718,718,718,718,718,718,718,718,718,718,718,718,718,718,718,718,718,718,718,718,718,718,718,718,718,
size:87
[agent] id:4
path:1252,1359,1466,1465,1464,1463,1462,1569,1676,1783,1890,1997,2104,2211,2318,2425,2532,2639,2640,2640,2640,2640,2640,2640,2640,2640,2640,2640,2640,2640,2640,2640,2640,2640,2640,2640,2640,2640,2640,2640,2640,2640,2640,2640,2640,2640,2640,2640,2640,2640,2640,2640,2640,2640,2640,2640,2640,2640,2640,2640,2640,2640,2640,2640,2640,2640,2640,2640,2640,2640,2640,2640,2640,2640,2640,2640,2640,2640,2640,2640,2640,2640,2640,2640,2640,2640,2640,2640,
goal:2640,2640,2640,2640,2640,2640,2640,2640,2640,2640,2640,2640,2640,2640,2640,2640,2640,2640,2640,2640,2640,2640,2640,2640,2640,2640,2640,2640,2640,2640,2640,2640,2640,2640,2640,2640,2640,2640,2640,2640,2640,2640,2640,2640,2640,2640,2640,2640,2640,2640,2640,2640,2640,2640,2640,2640,2640,2640,2640,2640,2640,2640,2640,2640,2640,2640,2640,2640,2640,2640,2640,2640,2640,2640,2640,2640,2640,2640,2640,2640,2640,2640,2640,2640,2640,2640,2640,2640,
size:18
[agent] id:5
path:1464,1463,1462,1569,1676,1783,1890,1997,2104,2211,2318,2425,2532,2639,2746,2853,2960,3067,3174,3281,3388,3495,3602,3709,3816,3923,3922,3922,3922,3922,3922,3922,3922,3922,3922,3922,3922,3922,3922,3922,3922,3922,3922,3922,3922,3922,3922,3922,3922,3922,3922,3922,3922,3922,3922,3922,3922,3922,3922,3922,3922,3922,3922,3922,3922,3922,3922,3922,3922,3922,3922,3922,3922,3922,3922,3922,3922,3922,3922,3922,3922,3922,3922,3922,3922,3922,3922,3922,
goal:3922,3922,3922,3922,3922,3922,3922,3922,3922,3922,3922,3922,3922,3922,3922,3922,3922,3922,3922,3922,3922,3922,3922,3922,3922,3922,3922,3922,3922,3922,3922,3922,3922,3922,3922,3922,3922,3922,3922,3922,3922,3922,3922,3922,3922,3922,3922,3922,3922,3922,3922,3922,3922,3922,3922,3922,3922,3922,3922,3922,3922,3922,3922,3922,3922,3922,3922,3922,3922,3922,3922,3922,3922,3922,3922,3922,3922,3922,3922,3922,3922,3922,3922,3922,3922,3922,3922,3922,
size:26
[agent] id:6
path:2378,2485,2592,2699,2806,2807,2808,2809,2810,2811,2812,2813,2814,2815,2816,2817,2818,2819,2820,2821,2822,2823,2824,2825,2826,2827,2828,2829,2830,2831,2832,2833,2834,2835,2836,2837,2838,2839,2840,2841,2842,2843,2950,2951,2952,3059,3060,3061,3062,3063,3064,3065,3066,3067,3068,3069,3070,3071,3072,3073,3074,3075,3076,3077,3078,3185,3185,3185,3185,3185,3185,3185,3185,3185,3185,3185,3185,3185,3185,3185,3185,3185,3185,3185,3185,3185,3185,3185,
goal:3185,3185,3185,3185,3185,3185,3185,3185,3185,3185,3185,3185,3185,3185,3185,3185,3185,3185,3185,3185,3185,3185,3185,3185,3185,3185,3185,3185,3185,3185,3185,3185,3185,3185,3185,3185,3185,3185,3185,3185,3185,3185,3185,3185,3185,3185,3185,3185,3185,3185,3185,3185,3185,3185,3185,3185,3185,3185,3185,3185,3185,3185,3185,3185,3185,3185,3185,3185,3185,3185,3185,3185,3185,3185,3185,3185,3185,3185,3185,3185,3185,3185,3185,3185,3185,3185,3185,3185,
size:65
[agent] id:7
path:4131,4024,3917,3810,3703,3596,3597,3598,3599,3600,3601,3494,3387,3280,3173,3066,3065,3064,3063,3062,3061,3060,3059,3058,3057,3056,3055,3054,3053,3052,3051,3050,2943,2942,2941,2940,3047,3046,3045,3044,3043,3042,3041,3040,3039,3038,3037,3036,3035,3034,3033,3032,3031,3030,3029,3028,3027,3026,3025,3024,3131,3238,3345,3344,3343,3342,3341,3340,3447,3554,3661,3768,3875,3876,3877,3878,3879,3880,3880,3880,3880,3880,3880,3880,3880,3880,3880,3880,
goal:3880,3880,3880,3880,3880,3880,3880,3880,3880,3880,3880,3880,3880,3880,3880,3880,3880,3880,3880,3880,3880,3880,3880,3880,3880,3880,3880,3880,3880,3880,3880,3880,3880,3880,3880,3880,3880,3880,3880,3880,3880,3880,3880,3880,3880,3880,3880,3880,3880,3880,3880,3880,3880,3880,3880,3880,3880,3880,3880,3880,3880,3880,3880,3880,3880,3880,3880,3880,3880,3880,3880,3880,3880,3880,3880,3880,3880,3880,3880,3880,3880,3880,3880,3880,3880,3880,3880,3880,
size:77
[agent] id:8
path:2405,2404,2403,2402,2401,2401,2400,2399,2398,2397,2396,2395,2394,2393,2392,2391,2390,2389,2388,2387,2386,2493,2492,2491,2384,2383,2382,2381,2380,2379,2378,2377,2376,2375,2374,2373,2372,2371,2370,2369,2368,2368,2368,2368,2368,2368,2368,2368,2368,2368,2368,2368,2368,2368,2368,2368,2368,2368,2368,2368,2368,2368,2368,2368,2368,2368,2368,2368,2368,2368,2368,2368,2368,2368,2368,2368,2368,2368,2368,2368,2368,2368,2368,2368,2368,2368,2368,2368,
goal:2368,2368,2368,2368,2368,2368,2368,2368,2368,2368,2368,2368,2368,2368,2368,2368,2368,2368,2368,2368,2368,2368,2368,2368,2368,2368,2368,2368,2368,2368,2368,2368,2368,2368,2368,2368,2368,2368,2368,2368,2368,2368,2368,2368,2368,2368,2368,2368,2368,2368,2368,2368,2368,2368,2368,2368,2368,2368,2368,2368,2368,2368,2368,2368,2368,2368,2368,2368,2368,2368,2368,2368,2368,2368,2368,2368,2368,2368,2368,2368,2368,2368,2368,2368,2368,2368,2368,2368,
size:40
[agent] id:9
path:3554,3447,3340,3233,3126,3019,2912,2805,2698,2591,2484,2485,2486,2487,2488,2489,2490,2491,2492,2493,2494,2495,2496,2497,2498,2499,2500,2501,2502,2503,2504,2505,2506,2507,2508,2509,2510,2511,2512,2513,2514,2515,2516,2517,2518,2519,2520,2521,2522,2523,2524,2525,2526,2526,2526,2526,2526,2526,2526,2526,2526,2526,2526,2526,2526,2526,2526,2526,2526,2526,2526,2526,2526,2526,2526,2526,2526,2526,2526,2526,2526,2526,2526,2526,2526,2526,2526,2526,
goal:2526,2526,2526,2526,2526,2526,2526,2526,2526,2526,2526,2526,2526,2526,2526,2526,2526,2526,2526,2526,2526,2526,2526,2526,2526,2526,2526,2526,2526,2526,2526,2526,2526,2526,2526,2526,2526,2526,2526,2526,2526,2526,2526,2526,2526,2526,2526,2526,2526,2526,2526,2526,2526,2526,2526,2526,2526,2526,2526,2526,2526,2526,2526,2526,2526,2526,2526,2526,2526,2526,2526,2526,2526,2526,2526,2526,2526,2526,2526,2526,2526,2526,2526,2526,2526,2526,2526,2526,
size:52
[agent] id:10
path:766,873,980,1087,1194,1301,1302,1409,1410,1411,1412,1413,1520,1627,1734,1841,1948,1949,1950,1951,1952,1953,1954,1955,1956,1957,1958,1959,1960,1961,1962,1963,1964,1965,1966,1967,1968,1969,1970,1971,1972,1973,1974,1975,1976,1977,1978,1979,1980,1981,1981,1981,1981,1981,1981,1981,1981,1981,1981,1981,1981,1981,1981,1981,1981,1981,1981,1981,1981,1981,1981,1981,1981,1981,1981,1981,1981,1981,1981,1981,1981,1981,1981,1981,1981,1981,1981,1981,
goal:1981,1981,1981,1981,1981,1981,1981,1981,1981,1981,1981,1981,1981,1981,1981,1981,1981,1981,1981,1981,1981,1981,1981,1981,1981,1981,1981,1981,1981,1981,1981,1981,1981,1981,1981,1981,1981,1981,1981,1981,1981,1981,1981,1981,1981,1981,1981,1981,1981,1981,1981,1981,1981,1981,1981,1981,1981,1981,1981,1981,1981,1981,1981,1981,1981,1981,1981,1981,1981,1981,1981,1981,1981,1981,1981,1981,1981,1981,1981,1981,1981,1981,1981,1981,1981,1981,1981,1981,
size:49
[agent] id:11
path:2935,2828,2721,2614,2507,2400,2293,2292,2292,2292,2292,2292,2292,2292,2292,2292,2292,2292,2292,2292,2292,2292,2292,2292,2292,2292,2292,2292,2292,2292,2292,2292,2292,2292,2292,2292,2292,2292,2292,2292,2292,2292,2292,2292,2292,2292,2292,2292,2292,2292,2292,2292,2292,2292,2292,2292,2292,2292,2292,2292,2292,2292,2292,2292,2292,2292,2292,2292,2292,2292,2292,2292,2292,2292,2292,2292,2292,2292,2292,2292,2292,2292,2292,2292,2292,2292,2292,2292,
goal:2292,2292,2292,2292,2292,2292,2292,2292,2292,2292,2292,2292,2292,2292,2292,2292,2292,2292,2292,2292,2292,2292,2292,2292,2292,2292,2292,2292,2292,2292,2292,2292,2292,2292,2292,2292,2292,2292,2292,2292,2292,2292,2292,2292,2292,2292,2292,2292,2292,2292,2292,2292,2292,2292,2292,2292,2292,2292,2292,2292,2292,2292,2292,2292,2292,2292,2292,2292,2292,2292,2292,2292,2292,2292,2292,2292,2292,2292,2292,2292,2292,2292,2292,2292,2292,2292,2292,2292,
size:7
[agent] id:12
path:1987,2094,2095,2096,2096,2096,2096,2096,2096,2096,2096,2096,2096,2096,2096,2096,2096,2096,2096,2096,2096,2096,2096,2096,2096,2096,2096,2096,2096,2096,2096,2096,2096,2096,2096,2096,2096,2096,2096,2096,2096,2096,2096,2096,2096,2096,2096,2096,2096,2096,2096,2096,2096,2096,2096,2096,2096,2096,2096,2096,2096,2096,2096,2096,2096,2096,2096,2096,2096,2096,2096,2096,2096,2096,2096,2096,2096,2096,2096,2096,2096,2096,2096,2096,2096,2096,2096,2096,
goal:2096,2096,2096,2096,2096,2096,2096,2096,2096,2096,2096,2096,2096,2096,2096,2096,2096,2096,2096,2096,2096,2096,2096,2096,2096,2096,2096,2096,2096,2096,2096,2096,2096,2096,2096,2096,2096,2096,2096,2096,2096,2096,2096,2096,2096,2096,2096,2096,2096,2096,2096,2096,2096,2096,2096,2096,2096,2096,2096,2096,2096,2096,2096,2096,2096,2096,2096,2096,2096,2096,2096,2096,2096,2096,2096,2096,2096,2096,2096,2096,2096,2096,2096,2096,2096,2096,2096,2096,
size:3
[agent] id:13
path:1866,1759,1652,1545,1438,1331,1224,1117,1010,903,796,689,582,475,474,473,472,472,472,472,472,472,472,472,472,472,472,472,472,472,472,472,472,472,472,472,472,472,472,472,472,472,472,472,472,472,472,472,472,472,472,472,472,472,472,472,472,472,472,472,472,472,472,472,472,472,472,472,472,472,472,472,472,472,472,472,472,472,472,472,472,472,472,472,472,472,472,472,
goal:472,472,472,472,472,472,472,472,472,472,472,472,472,472,472,472,472,472,472,472,472,472,472,472,472,472,472,472,472,472,472,472,472,472,472,472,472,472,472,472,472,472,472,472,472,472,472,472,472,472,472,472,472,472,472,472,472,472,472,472,472,472,472,472,472,472,472,472,472,472,472,472,472,472,472,472,472,472,472,472,472,472,472,472,472,472,472,472,
size:16
[agent] id:14
path:1876,1983,2090,2197,2304,2411,2518,2625,2732,2839,2946,3053,3160,3161,3162,3162,3162,3162,3162,3162,3162,3162,3162,3162,3162,3162,3162,3162,3162,3162,3162,3162,3162,3162,3162,3162,3162,3162,3162,3162,3162,3162,3162,3162,3162,3162,3162,3162,3162,3162,3162,3162,3162,3162,3162,3162,3162,3162,3162,3162,3162,3162,3162,3162,3162,3162,3162,3162,3162,3162,3162,3162,3162,3162,3162,3162,3162,3162,3162,3162,3162,3162,3162,3162,3162,3162,3162,3162,
goal:3162,3162,3162,3162,3162,3162,3162,3162,3162,3162,3162,3162,3162,3162,3162,3162,3162,3162,3162,3162,3162,3162,3162,3162,3162,3162,3162,3162,3162,3162,3162,3162,3162,3162,3162,3162,3162,3162,3162,3162,3162,3162,3162,3162,3162,3162,3162,3162,3162,3162,3162,3162,3162,3162,3162,3162,3162,3162,3162,3162,3162,3162,3162,3162,3162,3162,3162,3162,3162,3162,3162,3162,3162,3162,3162,3162,3162,3162,3162,3162,3162,3162,3162,3162,3162,3162,3162,3162,
size:14
[agent] id:15
path:2289,2182,2075,1968,1967,1966,1965,1964,1963,1962,1961,1960,1959,1958,1957,1956,1955,1954,1847,1846,1845,1844,1843,1842,1735,1628,1521,1414,1307,1200,1093,986,879,772,665,558,451,450,449,448,447,447,447,447,447,447,447,447,447,447,447,447,447,447,447,447,447,447,447,447,447,447,447,447,447,447,447,447,447,447,447,447,447,447,447,447,447,447,447,447,447,447,447,447,447,447,447,447,
goal:447,447,447,447,447,447,447,447,447,447,447,447,447,447,447,447,447,447,447,447,447,447,447,447,447,447,447,447,447,447,447,447,447,447,447,447,447,447,447,447,447,447,447,447,447,447,447,447,447,447,447,447,447,447,447,447,447,447,447,447,447,447,447,447,447,447,447,447,447,447,447,447,447,447,447,447,447,447,447,447,447,447,447,447,447,447,447,447,
size:40
[agent] id:16
path:2061,2168,2275,2382,2383,2384,2385,2385,2385,2385,2385,2385,2385,2385,2385,2385,2385,2385,2385,2385,2385,2385,2385,2385,2385,2385,2385,2385,2385,2385,2385,2385,2385,2385,2385,2385,2385,2385,2385,2385,2385,2385,2385,2385,2385,2385,2385,2385,2385,2385,2385,2385,2385,2385,2385,2385,2385,2385,2385,2385,2385,2385,2385,2385,2385,2385,2385,2385,2385,2385,2385,2385,2385,2385,2385,2385,2385,2385,2385,2385,2385,2385,2385,2385,2385,2385,2385,2385,
goal:2385,2385,2385,2385,2385,2385,2385,2385,2385,2385,2385,2385,2385,2385,2385,2385,2385,2385,2385,2385,2385,2385,2385,2385,2385,2385,2385,2385,2385,2385,2385,2385,2385,2385,2385,2385,2385,2385,2385,2385,2385,2385,2385,2385,2385,2385,2385,2385,2385,2385,2385,2385,2385,2385,2385,2385,2385,2385,2385,2385,2385,2385,2385,2385,2385,2385,2385,2385,2385,2385,2385,2385,2385,2385,2385,2385,2385,2385,2385,2385,2385,2385,2385,2385,2385,2385,2385,2385,
size:6
[agent] id:17
path:2349,2348,2347,2346,2345,2344,2451,2450,2449,2448,2447,2446,2339,2338,2337,2336,2335,2335,2335,2335,2335,2335,2335,2335,2335,2335,2335,2335,2335,2335,2335,2335,2335,2335,2335,2335,2335,2335,2335,2335,2335,2335,2335,2335,2335,2335,2335,2335,2335,2335,2335,2335,2335,2335,2335,2335,2335,2335,2335,2335,2335,2335,2335,2335,2335,2335,2335,2335,2335,2335,2335,2335,2335,2335,2335,2335,2335,2335,2335,2335,2335,2335,2335,2335,2335,2335,2335,2335,
goal:2335,2335,2335,2335,2335,2335,2335,2335,2335,2335,2335,2335,2335,2335,2335,2335,2335,2335,2335,2335,2335,2335,2335,2335,2335,2335,2335,2335,2335,2335,2335,2335,2335,2335,2335,2335,2335,2335,2335,2335,2335,2335,2335,2335,2335,2335,2335,2335,2335,2335,2335,2335,2335,2335,2335,2335,2335,2335,2335,2335,2335,2335,2335,2335,2335,2335,2335,2335,2335,2335,2335,2335,2335,2335,2335,2335,2335,2335,2335,2335,2335,2335,2335,2335,2335,2335,2335,2335,
size:16
[agent] id:18
path:1902,2009,2116,2223,2330,2437,2544,2651,2758,2865,2972,3079,3078,3077,3076,3075,3074,3073,3072,3179,3178,3177,3176,3175,3174,3281,3388,3495,3602,3709,3816,3816,3816,3816,3816,3816,3816,3816,3816,3816,3816,3816,3816,3816,3816,3816,3816,3816,3816,3816,3816,3816,3816,3816,3816,3816,3816,3816,3816,3816,3816,3816,3816,3816,3816,3816,3816,3816,3816,3816,3816,3816,3816,3816,3816,3816,3816,3816,3816,3816,3816,3816,3816,3816,3816,3816,3816,3816,
goal:3816,3816,3816,3816,3816,3816,3816,3816,3816,3816,3816,3816,3816,3816,3816,3816,3816,3816,3816,3816,3816,3816,3816,3816,3816,3816,3816,3816,3816,3816,3816,3816,3816,3816,3816,3816,3816,3816,3816,3816,3816,3816,3816,3816,3816,3816,3816,3816,3816,3816,3816,3816,3816,3816,3816,3816,3816,3816,3816,3816,3816,3816,3816,3816,3816,3816,3816,3816,3816,3816,3816,3816,3816,3816,3816,3816,3816,3816,3816,3816,3816,3816,3816,3816,3816,3816,3816,3816,
size:30
[agent] id:19
path:2594,2701,2808,2915,3022,3023,3024,3025,3026,3027,3028,3029,3030,3031,3032,3033,3034,3035,3036,3037,3038,3039,3040,3041,3042,3043,3044,3045,3046,3047,3048,3049,3050,3051,3052,3053,3054,3055,3056,3057,3058,3058,3058,3058,3058,3058,3058,3058,3058,3058,3058,3058,3058,3058,3058,3058,3058,3058,3058,3058,3058,3058,3058,3058,3058,3058,3058,3058,3058,3058,3058,3058,3058,3058,3058,3058,3058,3058,3058,3058,3058,3058,3058,3058,3058,3058,3058,3058,
goal:3058,3058,3058,3058,3058,3058,3058,3058,3058,3058,3058,3058,3058,3058,3058,3058,3058,3058,3058,3058,3058,3058,3058,3058,3058,3058,3058,3058,3058,3058,3058,3058,3058,3058,3058,3058,3058,3058,3058,3058,3058,3058,3058,3058,3058,3058,3058,3058,3058,3058,3058,3058,3058,3058,3058,3058,3058,3058,3058,3058,3058,3058,3058,3058,3058,3058,3058,3058,3058,3058,3058,3058,3058,3058,3058,3058,3058,3058,3058,3058,3058,3058,3058,3058,3058,3058,3058,3058,
size:40
SolutionCost:631
