[setting] seed:35
[solver] type:ECBS
[solver] w:3.000000
[solver] ID:0
[solver] Lowlevelnode:44407
[solver] solved:1
[solver] elapsed:196
[solver] makespan:83
[problem] timesteplimit:10000
[problem] type:MAPF
[problem] agentnum:30
[graph] width:107
[graph] height:47
[graph] filename:./map/orz601d.map
[task] id:19,start:0,end:0,service time:0,nodes:2588,
[task] id:11,start:0,end:0,service time:0,nodes:2473,
[task] id:2,start:0,end:0,service time:0,nodes:2397,
[task] id:6,start:0,end:0,service time:0,nodes:1861,
[task] id:21,start:0,end:0,service time:0,nodes:607,
[task] id:13,start:0,end:0,service time:0,nodes:1870,
[task] id:18,start:0,end:0,service time:0,nodes:1910,
[task] id:4,start:0,end:0,service time:0,nodes:3228,
[task] id:14,start:0,end:0,service time:0,nodes:2321,
[task] id:29,start:0,end:0,service time:0,nodes:1096,
[task] id:17,start:0,end:0,service time:0,nodes:4355,
[task] id:12,start:0,end:0,service time:0,nodes:2644,
[task] id:1,start:0,end:0,service time:0,nodes:2073,
[task] id:15,start:0,end:0,service time:0,nodes:2324,
[task] id:25,start:0,end:0,service time:0,nodes:2851,
[task] id:28,start:0,end:0,service time:0,nodes:2825,
[task] id:27,start:0,end:0,service time:0,nodes:3921,
[task] id:5,start:0,end:0,service time:0,nodes:3387,
[task] id:16,start:0,end:0,service time:0,nodes:2113,
[task] id:20,start:0,end:0,service time:0,nodes:2172,
[task] id:0,start:0,end:0,service time:0,nodes:3220,
[task] id:8,start:0,end:0,service time:0,nodes:1417,
[task] id:3,start:0,end:0,service time:0,nodes:2167,
[task] id:10,start:0,end:0,service time:0,nodes:3130,
[task] id:9,start:0,end:0,service time:0,nodes:2901,
[task] id:22,start:0,end:0,service time:0,nodes:1846,
[task] id:24,start:0,end:0,service time:0,nodes:2160,
[task] id:26,start:0,end:0,service time:0,nodes:2476,
[task] id:7,start:0,end:0,service time:0,nodes:2267,
[task] id:23,start:0,end:0,service time:0,nodes:4130,
[agent] id:0
path:1223,1330,1437,1544,1651,1758,1865,1972,2079,2186,2293,2400,2507,2506,2505,2504,2503,2502,2501,2500,2499,2498,2497,2496,2495,2494,2493,2492,2491,2490,2489,2488,2487,2486,2485,2484,2483,2482,2481,2480,2479,2478,2477,2476,2475,2474,2581,2688,2795,2902,3009,3008,3115,3222,3221,3220,3220,3220,3220,3220,3220,3220,3220,3220,3220,3220,3220,3220,3220,3220,3220,3220,3220,3220,3220,3220,3220,3220,3220,3220,3220,3220,3220,3220,
goal:3220,3220,3220,3220,3220,3220,3220,3220,3220,3220,3220,3220,3220,3220,3220,3220,3220,3220,3220,3220,3220,3220,3220,3220,3220,3220,3220,3220,3220,3220,3220,3220,3220,3220,3220,3220,3220,3220,3220,3220,3220,3220,3220,3220,3220,3220,3220,3220,3220,3220,3220,3220,3220,3220,3220,3220,3220,3220,3220,3220,3220,3220,3220,3220,3220,3220,3220,3220,3220,3220,3220,3220,3220,3220,3220,3220,3220,3220,3220,3220,3220,3220,3220,3220,
size:55
[agent] id:1
path:1463,1462,1569,1676,1783,1890,1997,1996,1995,1994,1993,1992,1991,1990,1989,1988,1987,1986,1985,1984,1983,1982,1981,1980,1979,2086,2085,2084,2083,2082,2081,2080,2079,2078,2077,2076,2075,2074,2073,2073,2073,2073,2073,2073,2073,2073,2073,2073,2073,2073,2073,2073,2073,2073,2073,2073,2073,2073,2073,2073,2073,2073,2073,2073,2073,2073,2073,2073,2073,2073,2073,2073,2073,2073,2073,2073,2073,2073,2073,2073,2073,2073,2073,2073,
goal:2073,2073,2073,2073,2073,2073,2073,2073,2073,2073,2073,2073,2073,2073,2073,2073,2073,2073,2073,2073,2073,2073,2073,2073,2073,2073,2073,2073,2073,2073,2073,2073,2073,2073,2073,2073,2073,2073,2073,2073,2073,2073,2073,2073,2073,2073,2073,2073,2073,2073,2073,2073,2073,2073,2073,2073,2073,2073,2073,2073,2073,2073,2073,2073,2073,2073,2073,2073,2073,2073,2073,2073,2073,2073,2073,2073,2073,2073,2073,2073,2073,2073,2073,2073,
size:38
[agent] id:2
path:2604,2497,2390,2391,2392,2393,2394,2395,2396,2397,2397,2397,2397,2397,2397,2397,2397,2397,2397,2397,2397,2397,2397,2397,2397,2397,2397,2397,2397,2397,2397,2397,2397,2397,2397,2397,2397,2397,2397,2397,2397,2397,2397,2397,2397,2397,2397,2397,2397,2397,2397,2397,2397,2397,2397,2397,2397,2397,2397,2397,2397,2397,2397,2397,2397,2397,2397,2397,2397,2397,2397,2397,2397,2397,2397,2397,2397,2397,2397,2397,2397,2397,2397,2397,
goal:2397,2397,2397,2397,2397,2397,2397,2397,2397,2397,2397,2397,2397,2397,2397,2397,2397,2397,2397,2397,2397,2397,2397,2397,2397,2397,2397,2397,2397,2397,2397,2397,2397,2397,2397,2397,2397,2397,2397,2397,2397,2397,2397,2397,2397,2397,2397,2397,2397,2397,2397,2397,2397,2397,2397,2397,2397,2397,2397,2397,2397,2397,2397,2397,2397,2397,2397,2397,2397,2397,2397,2397,2397,2397,2397,2397,2397,2397,2397,2397,2397,2397,2397,2397,
size:9
[agent] id:3
path:1039,1146,1253,1360,1467,1466,1465,1464,1463,1462,1569,1676,1783,1890,1997,1996,1995,1994,1993,1992,1991,1990,1989,1988,1987,1986,1985,1984,1983,1982,1981,1980,1979,1978,1977,1976,1975,1974,1973,1972,1971,1970,1969,1968,1967,1966,1965,2072,2071,2070,2069,2068,2067,2066,2065,2064,2171,2170,2169,2168,2167,2167,2167,2167,2167,2167,2167,2167,2167,2167,2167,2167,2167,2167,2167,2167,2167,2167,2167,2167,2167,2167,2167,2167,
goal:2167,2167,2167,2167,2167,2167,2167,2167,2167,2167,2167,2167,2167,2167,2167,2167,2167,2167,2167,2167,2167,2167,2167,2167,2167,2167,2167,2167,2167,2167,2167,2167,2167,2167,2167,2167,2167,2167,2167,2167,2167,2167,2167,2167,2167,2167,2167,2167,2167,2167,2167,2167,2167,2167,2167,2167,2167,2167,2167,2167,2167,2167,2167,2167,2167,2167,2167,2167,2167,2167,2167,2167,2167,2167,2167,2167,2167,2167,2167,2167,2167,2167,2167,2167,
size:60
[agent] id:4
path:2923,3030,3029,3028,3027,3026,3025,3024,3131,3238,3237,3236,3235,3234,3233,3232,3231,3230,3229,3228,3228,3228,3228,3228,3228,3228,3228,3228,3228,3228,3228,3228,3228,3228,3228,3228,3228,3228,3228,3228,3228,3228,3228,3228,3228,3228,3228,3228,3228,3228,3228,3228,3228,3228,3228,3228,3228,3228,3228,3228,3228,3228,3228,3228,3228,3228,3228,3228,3228,3228,3228,3228,3228,3228,3228,3228,3228,3228,3228,3228,3228,3228,3228,3228,
goal:3228,3228,3228,3228,3228,3228,3228,3228,3228,3228,3228,3228,3228,3228,3228,3228,3228,3228,3228,3228,3228,3228,3228,3228,3228,3228,3228,3228,3228,3228,3228,3228,3228,3228,3228,3228,3228,3228,3228,3228,3228,3228,3228,3228,3228,3228,3228,3228,3228,3228,3228,3228,3228,3228,3228,3228,3228,3228,3228,3228,3228,3228,3228,3228,3228,3228,3228,3228,3228,3228,3228,3228,3228,3228,3228,3228,3228,3228,3228,3228,3228,3228,3228,3228,
size:19
[agent] id:5
path:2809,2810,2811,2812,2813,2814,2815,2816,2817,2818,2819,2820,2821,2822,2823,2824,2825,2826,2827,2828,2829,2830,2937,2938,2939,2940,2941,2942,2943,2944,2945,2946,2947,3054,3055,3056,3057,3058,3059,3060,3061,3062,3169,3170,3171,3172,3173,3280,3387,3387,3387,3387,3387,3387,3387,3387,3387,3387,3387,3387,3387,3387,3387,3387,3387,3387,3387,3387,3387,3387,3387,3387,3387,3387,3387,3387,3387,3387,3387,3387,3387,3387,3387,3387,
goal:3387,3387,3387,3387,3387,3387,3387,3387,3387,3387,3387,3387,3387,3387,3387,3387,3387,3387,3387,3387,3387,3387,3387,3387,3387,3387,3387,3387,3387,3387,3387,3387,3387,3387,3387,3387,3387,3387,3387,3387,3387,3387,3387,3387,3387,3387,3387,3387,3387,3387,3387,3387,3387,3387,3387,3387,3387,3387,3387,3387,3387,3387,3387,3387,3387,3387,3387,3387,3387,3387,3387,3387,3387,3387,3387,3387,3387,3387,3387,3387,3387,3387,3387,3387,
size:48
[agent] id:6
path:2507,2400,2293,2186,2079,1972,1971,1970,1969,1968,1861,1861,1861,1861,1861,1861,1861,1861,1861,1861,1861,1861,1861,1861,1861,1861,1861,1861,1861,1861,1861,1861,1861,1861,1861,1861,1861,1861,1861,1861,1861,1861,1861,1861,1861,1861,1861,1861,1861,1861,1861,1861,1861,1861,1861,1861,1861,1861,1861,1861,1861,1861,1861,1861,1861,1861,1861,1861,1861,1861,1861,1861,1861,1861,1861,1861,1861,1861,1861,1861,1861,1861,1861,1861,
goal:1861,1861,1861,1861,1861,1861,1861,1861,1861,1861,1861,1861,1861,1861,1861,1861,1861,1861,1861,1861,1861,1861,1861,1861,1861,1861,1861,1861,1861,1861,1861,1861,1861,1861,1861,1861,1861,1861,1861,1861,1861,1861,1861,1861,1861,1861,1861,1861,1861,1861,1861,1861,1861,1861,1861,1861,1861,1861,1861,1861,1861,1861,1861,1861,1861,1861,1861,1861,1861,1861,1861,1861,1861,1861,1861,1861,1861,1861,1861,1861,1861,1861,1861,1861,
size:10
[agent] id:7
path:4240,4133,4026,3919,3812,3705,3598,3599,3600,3601,3494,3387,3388,3281,3174,3067,2960,2853,2746,2639,2532,2425,2424,2423,2422,2421,2420,2419,2312,2311,2310,2309,2308,2307,2306,2305,2304,2303,2302,2301,2300,2299,2298,2297,2296,2295,2294,2293,2292,2291,2290,2289,2288,2287,2286,2285,2284,2283,2282,2281,2280,2279,2278,2277,2276,2275,2274,2273,2272,2271,2270,2269,2268,2267,2267,2267,2267,2267,2267,2267,2267,2267,2267,2267,
goal:2267,2267,2267,2267,2267,2267,2267,2267,2267,2267,2267,2267,2267,2267,2267,2267,2267,2267,2267,2267,2267,2267,2267,2267,2267,2267,2267,2267,2267,2267,2267,2267,2267,2267,2267,2267,2267,2267,2267,2267,2267,2267,2267,2267,2267,2267,2267,2267,2267,2267,2267,2267,2267,2267,2267,2267,2267,2267,2267,2267,2267,2267,2267,2267,2267,2267,2267,2267,2267,2267,2267,2267,2267,2267,2267,2267,2267,2267,2267,2267,2267,2267,2267,2267,
size:73
[agent] id:8
path:1998,1997,1996,1995,1994,1993,1992,1991,1990,1989,1988,1987,1986,1985,1984,1983,1982,1981,1980,1979,1978,1977,1976,1975,1974,1973,1972,1971,1970,1969,1968,1967,1966,1965,1964,1963,1962,1961,1960,1959,1958,1957,1956,1955,1954,1847,1846,1845,1844,1843,1842,1735,1628,1521,1414,1415,1416,1417,1417,1417,1417,1417,1417,1417,1417,1417,1417,1417,1417,1417,1417,1417,1417,1417,1417,1417,1417,1417,1417,1417,1417,1417,1417,1417,
goal:1417,1417,1417,1417,1417,1417,1417,1417,1417,1417,1417,1417,1417,1417,1417,1417,1417,1417,1417,1417,1417,1417,1417,1417,1417,1417,1417,1417,1417,1417,1417,1417,1417,1417,1417,1417,1417,1417,1417,1417,1417,1417,1417,1417,1417,1417,1417,1417,1417,1417,1417,1417,1417,1417,1417,1417,1417,1417,1417,1417,1417,1417,1417,1417,1417,1417,1417,1417,1417,1417,1417,1417,1417,1417,1417,1417,1417,1417,1417,1417,1417,1417,1417,1417,
size:57
[agent] id:9
path:3063,2956,2955,2954,2953,2952,2951,2950,2949,2948,2947,2946,2945,2944,2943,2942,2941,2940,2939,2938,2937,2936,2935,2934,2933,2932,2931,2930,2929,2928,2927,2926,2925,2924,2923,2922,2921,2920,2919,2918,2917,2916,2915,2914,2913,2912,2911,2910,2909,2908,2907,2906,2799,2692,2585,2478,2477,2476,2475,2474,2581,2688,2795,2902,2901,2901,2901,2901,2901,2901,2901,2901,2901,2901,2901,2901,2901,2901,2901,2901,2901,2901,2901,2901,
goal:2901,2901,2901,2901,2901,2901,2901,2901,2901,2901,2901,2901,2901,2901,2901,2901,2901,2901,2901,2901,2901,2901,2901,2901,2901,2901,2901,2901,2901,2901,2901,2901,2901,2901,2901,2901,2901,2901,2901,2901,2901,2901,2901,2901,2901,2901,2901,2901,2901,2901,2901,2901,2901,2901,2901,2901,2901,2901,2901,2901,2901,2901,2901,2901,2901,2901,2901,2901,2901,2901,2901,2901,2901,2901,2901,2901,2901,2901,2901,2901,2901,2901,2901,2901,
size:64
[agent] id:10
path:1352,1459,1460,1461,1568,1675,1782,1889,1996,2103,2210,2209,2208,2207,2206,2205,2204,2203,2202,2201,2200,2199,2306,2305,2304,2303,2302,2301,2300,2299,2298,2297,2296,2295,2294,2293,2292,2291,2290,2289,2396,2395,2394,2393,2392,2391,2390,2389,2388,2387,2386,2385,2384,2383,2382,2381,2381,2488,2595,2702,2809,2916,3023,3130,3130,3130,3130,3130,3130,3130,3130,3130,3130,3130,3130,3130,3130,3130,3130,3130,3130,3130,3130,3130,
goal:3130,3130,3130,3130,3130,3130,3130,3130,3130,3130,3130,3130,3130,3130,3130,3130,3130,3130,3130,3130,3130,3130,3130,3130,3130,3130,3130,3130,3130,3130,3130,3130,3130,3130,3130,3130,3130,3130,3130,3130,3130,3130,3130,3130,3130,3130,3130,3130,3130,3130,3130,3130,3130,3130,3130,3130,3130,3130,3130,3130,3130,3130,3130,3130,3130,3130,3130,3130,3130,3130,3130,3130,3130,3130,3130,3130,3130,3130,3130,3130,3130,3130,3130,3130,
size:63
[agent] id:11
path:3008,2901,2794,2687,2580,2473,2473,2473,2473,2473,2473,2473,2473,2473,2473,2473,2473,2473,2473,2473,2473,2473,2473,2473,2473,2473,2473,2473,2473,2473,2473,2473,2473,2473,2473,2473,2473,2473,2473,2473,2473,2473,2473,2473,2473,2473,2473,2473,2473,2473,2473,2473,2473,2473,2473,2473,2473,2473,2473,2473,2473,2473,2473,2473,2473,2473,2473,2473,2473,2473,2473,2473,2473,2473,2473,2473,2473,2473,2473,2473,2473,2473,2473,2473,
goal:2473,2473,2473,2473,2473,2473,2473,2473,2473,2473,2473,2473,2473,2473,2473,2473,2473,2473,2473,2473,2473,2473,2473,2473,2473,2473,2473,2473,2473,2473,2473,2473,2473,2473,2473,2473,2473,2473,2473,2473,2473,2473,2473,2473,2473,2473,2473,2473,2473,2473,2473,2473,2473,2473,2473,2473,2473,2473,2473,2473,2473,2473,2473,2473,2473,2473,2473,2473,2473,2473,2473,2473,2473,2473,2473,2473,2473,2473,2473,2473,2473,2473,2473,2473,
size:5
[agent] id:12
path:2717,2610,2611,2612,2613,2614,2615,2616,2617,2618,2619,2620,2621,2622,2623,2624,2625,2626,2627,2628,2629,2630,2631,2632,2633,2634,2635,2636,2637,2638,2639,2640,2641,2642,2643,2644,2644,2644,2644,2644,2644,2644,2644,2644,2644,2644,2644,2644,2644,2644,2644,2644,2644,2644,2644,2644,2644,2644,2644,2644,2644,2644,2644,2644,2644,2644,2644,2644,2644,2644,2644,2644,2644,2644,2644,2644,2644,2644,2644,2644,2644,2644,2644,2644,
goal:2644,2644,2644,2644,2644,2644,2644,2644,2644,2644,2644,2644,2644,2644,2644,2644,2644,2644,2644,2644,2644,2644,2644,2644,2644,2644,2644,2644,2644,2644,2644,2644,2644,2644,2644,2644,2644,2644,2644,2644,2644,2644,2644,2644,2644,2644,2644,2644,2644,2644,2644,2644,2644,2644,2644,2644,2644,2644,2644,2644,2644,2644,2644,2644,2644,2644,2644,2644,2644,2644,2644,2644,2644,2644,2644,2644,2644,2644,2644,2644,2644,2644,2644,2644,
size:35
[agent] id:13
path:1962,1963,1964,1965,1966,1967,1860,1861,1862,1863,1864,1865,1866,1867,1868,1869,1870,1870,1870,1870,1870,1870,1870,1870,1870,1870,1870,1870,1870,1870,1870,1870,1870,1870,1870,1870,1870,1870,1870,1870,1870,1870,1870,1870,1870,1870,1870,1870,1870,1870,1870,1870,1870,1870,1870,1870,1870,1870,1870,1870,1870,1870,1870,1870,1870,1870,1870,1870,1870,1870,1870,1870,1870,1870,1870,1870,1870,1870,1870,1870,1870,1870,1870,1870,
goal:1870,1870,1870,1870,1870,1870,1870,1870,1870,1870,1870,1870,1870,1870,1870,1870,1870,1870,1870,1870,1870,1870,1870,1870,1870,1870,1870,1870,1870,1870,1870,1870,1870,1870,1870,1870,1870,1870,1870,1870,1870,1870,1870,1870,1870,1870,1870,1870,1870,1870,1870,1870,1870,1870,1870,1870,1870,1870,1870,1870,1870,1870,1870,1870,1870,1870,1870,1870,1870,1870,1870,1870,1870,1870,1870,1870,1870,1870,1870,1870,1870,1870,1870,1870,
size:16
[agent] id:14
path:4028,3921,3814,3707,3600,3601,3494,3387,3280,3173,3066,2959,2852,2745,2638,2531,2424,2317,2318,2319,2320,2321,2321,2321,2321,2321,2321,2321,2321,2321,2321,2321,2321,2321,2321,2321,2321,2321,2321,2321,2321,2321,2321,2321,2321,2321,2321,2321,2321,2321,2321,2321,2321,2321,2321,2321,2321,2321,2321,2321,2321,2321,2321,2321,2321,2321,2321,2321,2321,2321,2321,2321,2321,2321,2321,2321,2321,2321,2321,2321,2321,2321,2321,2321,
goal:2321,2321,2321,2321,2321,2321,2321,2321,2321,2321,2321,2321,2321,2321,2321,2321,2321,2321,2321,2321,2321,2321,2321,2321,2321,2321,2321,2321,2321,2321,2321,2321,2321,2321,2321,2321,2321,2321,2321,2321,2321,2321,2321,2321,2321,2321,2321,2321,2321,2321,2321,2321,2321,2321,2321,2321,2321,2321,2321,2321,2321,2321,2321,2321,2321,2321,2321,2321,2321,2321,2321,2321,2321,2321,2321,2321,2321,2321,2321,2321,2321,2321,2321,2321,
size:21
[agent] id:15
path:2075,2076,2077,2078,2078,2079,2080,2081,2082,2083,2084,2085,2086,2087,2088,2089,2090,2091,2092,2093,2094,2095,2096,2097,2204,2205,2206,2207,2208,2209,2210,2211,2212,2213,2214,2215,2322,2323,2324,2324,2324,2324,2324,2324,2324,2324,2324,2324,2324,2324,2324,2324,2324,2324,2324,2324,2324,2324,2324,2324,2324,2324,2324,2324,2324,2324,2324,2324,2324,2324,2324,2324,2324,2324,2324,2324,2324,2324,2324,2324,2324,2324,2324,2324,
goal:2324,2324,2324,2324,2324,2324,2324,2324,2324,2324,2324,2324,2324,2324,2324,2324,2324,2324,2324,2324,2324,2324,2324,2324,2324,2324,2324,2324,2324,2324,2324,2324,2324,2324,2324,2324,2324,2324,2324,2324,2324,2324,2324,2324,2324,2324,2324,2324,2324,2324,2324,2324,2324,2324,2324,2324,2324,2324,2324,2324,2324,2324,2324,2324,2324,2324,2324,2324,2324,2324,2324,2324,2324,2324,2324,2324,2324,2324,2324,2324,2324,2324,2324,2324,
size:38
[agent] id:16
path:585,692,799,906,1013,1120,1227,1334,1441,1440,1439,1438,1545,1652,1759,1866,1973,2080,2081,2082,2083,2084,2085,2086,2087,2088,2089,2090,2091,2092,2093,2094,2095,2096,2097,2098,2099,2100,2101,2102,2103,2104,2105,2106,2107,2108,2109,2110,2111,2112,2113,2113,2113,2113,2113,2113,2113,2113,2113,2113,2113,2113,2113,2113,2113,2113,2113,2113,2113,2113,2113,2113,2113,2113,2113,2113,2113,2113,2113,2113,2113,2113,2113,2113,
goal:2113,2113,2113,2113,2113,2113,2113,2113,2113,2113,2113,2113,2113,2113,2113,2113,2113,2113,2113,2113,2113,2113,2113,2113,2113,2113,2113,2113,2113,2113,2113,2113,2113,2113,2113,2113,2113,2113,2113,2113,2113,2113,2113,2113,2113,2113,2113,2113,2113,2113,2113,2113,2113,2113,2113,2113,2113,2113,2113,2113,2113,2113,2113,2113,2113,2113,2113,2113,2113,2113,2113,2113,2113,2113,2113,2113,2113,2113,2113,2113,2113,2113,2113,2113,
size:50
[agent] id:17
path:2738,2845,2952,3059,3060,3061,3062,3169,3170,3171,3172,3173,3280,3387,3494,3601,3708,3815,3922,4029,4136,4243,4350,4351,4352,4353,4354,4355,4355,4355,4355,4355,4355,4355,4355,4355,4355,4355,4355,4355,4355,4355,4355,4355,4355,4355,4355,4355,4355,4355,4355,4355,4355,4355,4355,4355,4355,4355,4355,4355,4355,4355,4355,4355,4355,4355,4355,4355,4355,4355,4355,4355,4355,4355,4355,4355,4355,4355,4355,4355,4355,4355,4355,4355,
goal:4355,4355,4355,4355,4355,4355,4355,4355,4355,4355,4355,4355,4355,4355,4355,4355,4355,4355,4355,4355,4355,4355,4355,4355,4355,4355,4355,4355,4355,4355,4355,4355,4355,4355,4355,4355,4355,4355,4355,4355,4355,4355,4355,4355,4355,4355,4355,4355,4355,4355,4355,4355,4355,4355,4355,4355,4355,4355,4355,4355,4355,4355,4355,4355,4355,4355,4355,4355,4355,4355,4355,4355,4355,4355,4355,4355,4355,4355,4355,4355,4355,4355,4355,4355,
size:27
[agent] id:18
path:2881,2774,2667,2560,2453,2452,2451,2450,2449,2448,2447,2446,2339,2232,2125,2018,1911,1910,1910,1910,1910,1910,1910,1910,1910,1910,1910,1910,1910,1910,1910,1910,1910,1910,1910,1910,1910,1910,1910,1910,1910,1910,1910,1910,1910,1910,1910,1910,1910,1910,1910,1910,1910,1910,1910,1910,1910,1910,1910,1910,1910,1910,1910,1910,1910,1910,1910,1910,1910,1910,1910,1910,1910,1910,1910,1910,1910,1910,1910,1910,1910,1910,1910,1910,
goal:1910,1910,1910,1910,1910,1910,1910,1910,1910,1910,1910,1910,1910,1910,1910,1910,1910,1910,1910,1910,1910,1910,1910,1910,1910,1910,1910,1910,1910,1910,1910,1910,1910,1910,1910,1910,1910,1910,1910,1910,1910,1910,1910,1910,1910,1910,1910,1910,1910,1910,1910,1910,1910,1910,1910,1910,1910,1910,1910,1910,1910,1910,1910,1910,1910,1910,1910,1910,1910,1910,1910,1910,1910,1910,1910,1910,1910,1910,1910,1910,1910,1910,1910,1910,
size:17
[agent] id:19
path:2591,2590,2589,2588,2588,2588,2588,2588,2588,2588,2588,2588,2588,2588,2588,2588,2588,2588,2588,2588,2588,2588,2588,2588,2588,2588,2588,2588,2588,2588,2588,2588,2588,2588,2588,2588,2588,2588,2588,2588,2588,2588,2588,2588,2588,2588,2588,2588,2588,2588,2588,2588,2588,2588,2588,2588,2588,2588,2588,2588,2588,2588,2588,2588,2588,2588,2588,2588,2588,2588,2588,2588,2588,2588,2588,2588,2588,2588,2588,2588,2588,2588,2588,2588,
goal:2588,2588,2588,2588,2588,2588,2588,2588,2588,2588,2588,2588,2588,2588,2588,2588,2588,2588,2588,2588,2588,2588,2588,2588,2588,2588,2588,2588,2588,2588,2588,2588,2588,2588,2588,2588,2588,2588,2588,2588,2588,2588,2588,2588,2588,2588,2588,2588,2588,2588,2588,2588,2588,2588,2588,2588,2588,2588,2588,2588,2588,2588,2588,2588,2588,2588,2588,2588,2588,2588,2588,2588,2588,2588,2588,2588,2588,2588,2588,2588,2588,2588,2588,2588,
size:3
[agent] id:20
path:604,711,818,925,1032,1139,1246,1353,1460,1461,1568,1675,1782,1889,1996,2103,2210,2209,2208,2207,2206,2205,2204,2203,2202,2201,2200,2199,2198,2197,2196,2195,2194,2193,2192,2191,2190,2189,2188,2187,2186,2185,2184,2183,2182,2181,2180,2179,2178,2177,2176,2175,2174,2173,2172,2172,2172,2172,2172,2172,2172,2172,2172,2172,2172,2172,2172,2172,2172,2172,2172,2172,2172,2172,2172,2172,2172,2172,2172,2172,2172,2172,2172,2172,
goal:2172,2172,2172,2172,2172,2172,2172,2172,2172,2172,2172,2172,2172,2172,2172,2172,2172,2172,2172,2172,2172,2172,2172,2172,2172,2172,2172,2172,2172,2172,2172,2172,2172,2172,2172,2172,2172,2172,2172,2172,2172,2172,2172,2172,2172,2172,2172,2172,2172,2172,2172,2172,2172,2172,2172,2172,2172,2172,2172,2172,2172,2172,2172,2172,2172,2172,2172,2172,2172,2172,2172,2172,2172,2172,2172,2172,2172,2172,2172,2172,2172,2172,2172,2172,
size:54
[agent] id:21
path:921,814,707,708,601,602,603,604,605,606,607,607,607,607,607,607,607,607,607,607,607,607,607,607,607,607,607,607,607,607,607,607,607,607,607,607,607,607,607,607,607,607,607,607,607,607,607,607,607,607,607,607,607,607,607,607,607,607,607,607,607,607,607,607,607,607,607,607,607,607,607,607,607,607,607,607,607,607,607,607,607,607,607,607,
goal:607,607,607,607,607,607,607,607,607,607,607,607,607,607,607,607,607,607,607,607,607,607,607,607,607,607,607,607,607,607,607,607,607,607,607,607,607,607,607,607,607,607,607,607,607,607,607,607,607,607,607,607,607,607,607,607,607,607,607,607,607,607,607,607,607,607,607,607,607,607,607,607,607,607,607,607,607,607,607,607,607,607,607,607,
size:10
[agent] id:22
path:3703,3596,3597,3598,3599,3600,3601,3494,3387,3280,3173,3066,2959,2852,2745,2638,2531,2424,2317,2210,2103,1996,1995,1994,1993,1992,1991,1990,1989,1988,1987,1986,1985,1984,1983,1982,1981,1980,1979,1978,1977,1976,1975,1974,1973,1972,1971,1970,1969,1968,1967,1966,1965,1964,1963,1962,1961,1960,1959,1958,1957,1956,1955,1954,1847,1846,1846,1846,1846,1846,1846,1846,1846,1846,1846,1846,1846,1846,1846,1846,1846,1846,1846,1846,
goal:1846,1846,1846,1846,1846,1846,1846,1846,1846,1846,1846,1846,1846,1846,1846,1846,1846,1846,1846,1846,1846,1846,1846,1846,1846,1846,1846,1846,1846,1846,1846,1846,1846,1846,1846,1846,1846,1846,1846,1846,1846,1846,1846,1846,1846,1846,1846,1846,1846,1846,1846,1846,1846,1846,1846,1846,1846,1846,1846,1846,1846,1846,1846,1846,1846,1846,1846,1846,1846,1846,1846,1846,1846,1846,1846,1846,1846,1846,1846,1846,1846,1846,1846,1846,
size:65
[agent] id:23
path:2795,2688,2581,2474,2475,2476,2477,2478,2585,2692,2799,2906,3013,3014,3015,3016,3017,3018,3019,3020,3021,3022,3023,3024,3025,3026,3027,3028,3029,3030,3031,3032,3033,3034,3035,3036,3037,3038,3039,3040,3041,3042,3043,3044,3045,3046,3047,3048,3049,3050,3051,3052,3053,3054,3055,3056,3057,3058,3059,3060,3061,3062,3169,3170,3171,3172,3173,3280,3281,3388,3495,3602,3709,3816,3923,4030,4137,4136,4135,4134,4133,4132,4131,4130,
goal:4130,4130,4130,4130,4130,4130,4130,4130,4130,4130,4130,4130,4130,4130,4130,4130,4130,4130,4130,4130,4130,4130,4130,4130,4130,4130,4130,4130,4130,4130,4130,4130,4130,4130,4130,4130,4130,4130,4130,4130,4130,4130,4130,4130,4130,4130,4130,4130,4130,4130,4130,4130,4130,4130,4130,4130,4130,4130,4130,4130,4130,4130,4130,4130,4130,4130,4130,4130,4130,4130,4130,4130,4130,4130,4130,4130,4130,4130,4130,4130,4130,4130,4130,4130,
size:83
[agent] id:24
path:923,1030,1137,1244,1351,1458,1459,1460,1461,1568,1675,1782,1889,1996,2103,2210,2209,2208,2207,2206,2205,2204,2203,2202,2201,2200,2199,2198,2197,2196,2195,2194,2193,2192,2191,2190,2189,2188,2187,2186,2185,2184,2183,2182,2181,2180,2179,2178,2177,2176,2175,2174,2173,2172,2171,2170,2169,2168,2167,2166,2165,2164,2163,2162,2161,2160,2160,2160,2160,2160,2160,2160,2160,2160,2160,2160,2160,2160,2160,2160,2160,2160,2160,2160,
goal:2160,2160,2160,2160,2160,2160,2160,2160,2160,2160,2160,2160,2160,2160,2160,2160,2160,2160,2160,2160,2160,2160,2160,2160,2160,2160,2160,2160,2160,2160,2160,2160,2160,2160,2160,2160,2160,2160,2160,2160,2160,2160,2160,2160,2160,2160,2160,2160,2160,2160,2160,2160,2160,2160,2160,2160,2160,2160,2160,2160,2160,2160,2160,2160,2160,2160,2160,2160,2160,2160,2160,2160,2160,2160,2160,2160,2160,2160,2160,2160,2160,2160,2160,2160,
size:65
[agent] id:25
path:1119,1226,1333,1440,1439,1438,1545,1652,1759,1866,1973,2080,2187,2294,2401,2508,2615,2722,2829,2830,2831,2832,2833,2834,2835,2836,2837,2838,2839,2840,2841,2842,2843,2844,2845,2846,2847,2848,2849,2850,2851,2851,2851,2851,2851,2851,2851,2851,2851,2851,2851,2851,2851,2851,2851,2851,2851,2851,2851,2851,2851,2851,2851,2851,2851,2851,2851,2851,2851,2851,2851,2851,2851,2851,2851,2851,2851,2851,2851,2851,2851,2851,2851,2851,
goal:2851,2851,2851,2851,2851,2851,2851,2851,2851,2851,2851,2851,2851,2851,2851,2851,2851,2851,2851,2851,2851,2851,2851,2851,2851,2851,2851,2851,2851,2851,2851,2851,2851,2851,2851,2851,2851,2851,2851,2851,2851,2851,2851,2851,2851,2851,2851,2851,2851,2851,2851,2851,2851,2851,2851,2851,2851,2851,2851,2851,2851,2851,2851,2851,2851,2851,2851,2851,2851,2851,2851,2851,2851,2851,2851,2851,2851,2851,2851,2851,2851,2851,2851,2851,
size:40
[agent] id:26
path:2756,2649,2542,2541,2540,2539,2538,2537,2536,2535,2534,2533,2532,2531,2530,2529,2528,2527,2526,2525,2524,2523,2522,2521,2520,2519,2518,2517,2516,2515,2514,2513,2512,2511,2510,2509,2508,2507,2506,2505,2504,2503,2502,2501,2500,2499,2498,2497,2496,2495,2494,2493,2492,2491,2490,2489,2488,2487,2486,2485,2484,2483,2482,2481,2480,2479,2478,2477,2476,2476,2476,2476,2476,2476,2476,2476,2476,2476,2476,2476,2476,2476,2476,2476,
goal:2476,2476,2476,2476,2476,2476,2476,2476,2476,2476,2476,2476,2476,2476,2476,2476,2476,2476,2476,2476,2476,2476,2476,2476,2476,2476,2476,2476,2476,2476,2476,2476,2476,2476,2476,2476,2476,2476,2476,2476,2476,2476,2476,2476,2476,2476,2476,2476,2476,2476,2476,2476,2476,2476,2476,2476,2476,2476,2476,2476,2476,2476,2476,2476,2476,2476,2476,2476,2476,2476,2476,2476,2476,2476,2476,2476,2476,2476,2476,2476,2476,2476,2476,2476,
size:68
[agent] id:27
path:2180,2287,2394,2501,2608,2715,2822,2929,3036,3037,3038,3039,3040,3041,3042,3043,3044,3045,3046,3047,3048,3049,3050,3051,3052,3053,3054,3055,3056,3057,3058,3059,3060,3061,3062,3169,3170,3171,3172,3173,3280,3387,3494,3601,3708,3815,3922,3921,3921,3921,3921,3921,3921,3921,3921,3921,3921,3921,3921,3921,3921,3921,3921,3921,3921,3921,3921,3921,3921,3921,3921,3921,3921,3921,3921,3921,3921,3921,3921,3921,3921,3921,3921,3921,
goal:3921,3921,3921,3921,3921,3921,3921,3921,3921,3921,3921,3921,3921,3921,3921,3921,3921,3921,3921,3921,3921,3921,3921,3921,3921,3921,3921,3921,3921,3921,3921,3921,3921,3921,3921,3921,3921,3921,3921,3921,3921,3921,3921,3921,3921,3921,3921,3921,3921,3921,3921,3921,3921,3921,3921,3921,3921,3921,3921,3921,3921,3921,3921,3921,3921,3921,3921,3921,3921,3921,3921,3921,3921,3921,3921,3921,3921,3921,3921,3921,3921,3921,3921,3921,
size:47
[agent] id:28
path:2763,2762,2761,2760,2759,2758,2757,2756,2755,2754,2753,2752,2751,2750,2749,2748,2747,2746,2745,2744,2743,2742,2741,2740,2739,2738,2737,2736,2735,2734,2733,2840,2839,2838,2837,2836,2835,2834,2833,2832,2831,2830,2829,2828,2827,2826,2825,2825,2825,2825,2825,2825,2825,2825,2825,2825,2825,2825,2825,2825,2825,2825,2825,2825,2825,2825,2825,2825,2825,2825,2825,2825,2825,2825,2825,2825,2825,2825,2825,2825,2825,2825,2825,2825,
goal:2825,2825,2825,2825,2825,2825,2825,2825,2825,2825,2825,2825,2825,2825,2825,2825,2825,2825,2825,2825,2825,2825,2825,2825,2825,2825,2825,2825,2825,2825,2825,2825,2825,2825,2825,2825,2825,2825,2825,2825,2825,2825,2825,2825,2825,2825,2825,2825,2825,2825,2825,2825,2825,2825,2825,2825,2825,2825,2825,2825,2825,2825,2825,2825,2825,2825,2825,2825,2825,2825,2825,2825,2825,2825,2825,2825,2825,2825,2825,2825,2825,2825,2825,2825,
size:46
[agent] id:29
path:2475,2368,2369,2370,2371,2264,2157,2050,1943,1836,1837,1838,1839,1840,1841,1734,1627,1520,1413,1306,1199,1092,1093,1094,1095,1096,1096,1096,1096,1096,1096,1096,1096,1096,1096,1096,1096,1096,1096,1096,1096,1096,1096,1096,1096,1096,1096,1096,1096,1096,1096,1096,1096,1096,1096,1096,1096,1096,1096,1096,1096,1096,1096,1096,1096,1096,1096,1096,1096,1096,1096,1096,1096,1096,1096,1096,1096,1096,1096,1096,1096,1096,1096,1096,
goal:1096,1096,1096,1096,1096,1096,1096,1096,1096,1096,1096,1096,1096,1096,1096,1096,1096,1096,1096,1096,1096,1096,1096,1096,1096,1096,1096,1096,1096,1096,1096,1096,1096,1096,1096,1096,1096,1096,1096,1096,1096,1096,1096,1096,1096,1096,1096,1096,1096,1096,1096,1096,1096,1096,1096,1096,1096,1096,1096,1096,1096,1096,1096,1096,1096,1096,1096,1096,1096,1096,1096,1096,1096,1096,1096,1096,1096,1096,1096,1096,1096,1096,1096,1096,
size:25
SolutionCost:1211
