[setting] seed:27
[solver] type:ECBS
[solver] w:3.000000
[solver] ID:0
[solver] Lowlevelnode:27691
[solver] solved:1
[solver] elapsed:30
[solver] makespan:52
[problem] timesteplimit:10000
[problem] type:MAPF
[problem] agentnum:10
[graph] width:107
[graph] height:47
[graph] filename:./map/orz601d.map
[task] id:3,start:0,end:0,service time:0,nodes:4196,
[task] id:4,start:0,end:0,service time:0,nodes:2735,
[task] id:2,start:0,end:0,service time:0,nodes:2738,
[task] id:8,start:0,end:0,service time:0,nodes:585,
[task] id:9,start:0,end:0,service time:0,nodes:1029,
[task] id:6,start:0,end:0,service time:0,nodes:2500,
[task] id:0,start:0,end:0,service time:0,nodes:560,
[task] id:5,start:0,end:0,service time:0,nodes:2337,
[task] id:7,start:0,end:0,service time:0,nodes:4190,
[task] id:1,start:0,end:0,service time:0,nodes:4084,
[agent] id:0
path:3987,3880,3773,3772,3771,3770,3769,3768,3661,3554,3447,3340,3233,3126,3019,2912,2805,2698,2591,2484,2377,2270,2163,2056,1949,1842,1735,1628,1521,1414,1307,1200,1093,986,879,772,665,558,559,560,560,560,560,560,560,560,560,560,560,560,560,560,560,
goal:560,560,560,560,560,560,560,560,560,560,560,560,560,560,560,560,560,560,560,560,560,560,560,560,560,560,560,560,560,560,560,560,560,560,560,560,560,560,560,560,560,560,560,560,560,560,560,560,560,560,560,560,560,
size:39
[agent] id:1
path:2732,2839,2946,3053,3052,3051,3050,3049,3048,3047,3046,3045,3044,3043,3042,3041,3040,3039,3038,3037,3036,3035,3034,3033,3032,3031,3030,3029,3028,3027,3026,3025,3024,3131,3238,3345,3344,3343,3342,3341,3340,3447,3554,3661,3768,3875,3982,4089,4088,4087,4086,4085,4084,
goal:4084,4084,4084,4084,4084,4084,4084,4084,4084,4084,4084,4084,4084,4084,4084,4084,4084,4084,4084,4084,4084,4084,4084,4084,4084,4084,4084,4084,4084,4084,4084,4084,4084,4084,4084,4084,4084,4084,4084,4084,4084,4084,4084,4084,4084,4084,4084,4084,4084,4084,4084,4084,4084,
size:52
[agent] id:2
path:2595,2596,2597,2598,2599,2600,2601,2602,2603,2604,2605,2606,2607,2608,2609,2610,2611,2612,2613,2614,2615,2616,2617,2618,2619,2620,2621,2622,2623,2624,2625,2626,2627,2628,2629,2736,2737,2738,2738,2738,2738,2738,2738,2738,2738,2738,2738,2738,2738,2738,2738,2738,2738,
goal:2738,2738,2738,2738,2738,2738,2738,2738,2738,2738,2738,2738,2738,2738,2738,2738,2738,2738,2738,2738,2738,2738,2738,2738,2738,2738,2738,2738,2738,2738,2738,2738,2738,2738,2738,2738,2738,2738,2738,2738,2738,2738,2738,2738,2738,2738,2738,2738,2738,2738,2738,2738,2738,
size:37
[agent] id:3
path:3021,3128,3235,3342,3341,3340,3447,3554,3553,3660,3767,3874,3981,4088,4195,4196,4196,4196,4196,4196,4196,4196,4196,4196,4196,4196,4196,4196,4196,4196,4196,4196,4196,4196,4196,4196,4196,4196,4196,4196,4196,4196,4196,4196,4196,4196,4196,4196,4196,4196,4196,4196,4196,
goal:4196,4196,4196,4196,4196,4196,4196,4196,4196,4196,4196,4196,4196,4196,4196,4196,4196,4196,4196,4196,4196,4196,4196,4196,4196,4196,4196,4196,4196,4196,4196,4196,4196,4196,4196,4196,4196,4196,4196,4196,4196,4196,4196,4196,4196,4196,4196,4196,4196,4196,4196,4196,4196,
size:15
[agent] id:4
path:1227,1334,1441,1440,1439,1438,1545,1652,1759,1866,1973,2080,2187,2294,2401,2508,2615,2722,2723,2724,2725,2726,2727,2728,2729,2730,2731,2732,2733,2734,2735,2735,2735,2735,2735,2735,2735,2735,2735,2735,2735,2735,2735,2735,2735,2735,2735,2735,2735,2735,2735,2735,2735,
goal:2735,2735,2735,2735,2735,2735,2735,2735,2735,2735,2735,2735,2735,2735,2735,2735,2735,2735,2735,2735,2735,2735,2735,2735,2735,2735,2735,2735,2735,2735,2735,2735,2735,2735,2735,2735,2735,2735,2735,2735,2735,2735,2735,2735,2735,2735,2735,2735,2735,2735,2735,2735,2735,
size:30
[agent] id:5
path:4034,3927,3820,3713,3606,3605,3604,3603,3602,3495,3388,3281,3174,3067,2960,2853,2746,2639,2532,2425,2318,2319,2320,2321,2322,2323,2324,2325,2326,2327,2328,2329,2330,2331,2332,2333,2334,2335,2336,2337,2337,2337,2337,2337,2337,2337,2337,2337,2337,2337,2337,2337,2337,
goal:2337,2337,2337,2337,2337,2337,2337,2337,2337,2337,2337,2337,2337,2337,2337,2337,2337,2337,2337,2337,2337,2337,2337,2337,2337,2337,2337,2337,2337,2337,2337,2337,2337,2337,2337,2337,2337,2337,2337,2337,2337,2337,2337,2337,2337,2337,2337,2337,2337,2337,2337,2337,2337,
size:39
[agent] id:6
path:1998,2105,2212,2319,2426,2533,2532,2531,2530,2529,2528,2527,2526,2525,2524,2523,2522,2521,2520,2519,2518,2517,2516,2515,2514,2513,2512,2511,2510,2509,2508,2507,2506,2505,2504,2503,2502,2501,2500,2500,2500,2500,2500,2500,2500,2500,2500,2500,2500,2500,2500,2500,2500,
goal:2500,2500,2500,2500,2500,2500,2500,2500,2500,2500,2500,2500,2500,2500,2500,2500,2500,2500,2500,2500,2500,2500,2500,2500,2500,2500,2500,2500,2500,2500,2500,2500,2500,2500,2500,2500,2500,2500,2500,2500,2500,2500,2500,2500,2500,2500,2500,2500,2500,2500,2500,2500,2500,
size:38
[agent] id:7
path:2825,2932,3039,3038,3037,3036,3035,3034,3033,3032,3031,3030,3029,3028,3027,3026,3025,3024,3131,3238,3345,3344,3343,3342,3341,3340,3447,3554,3661,3768,3875,3982,4089,4088,4195,4194,4193,4192,4191,4190,4190,4190,4190,4190,4190,4190,4190,4190,4190,4190,4190,4190,4190,
goal:4190,4190,4190,4190,4190,4190,4190,4190,4190,4190,4190,4190,4190,4190,4190,4190,4190,4190,4190,4190,4190,4190,4190,4190,4190,4190,4190,4190,4190,4190,4190,4190,4190,4190,4190,4190,4190,4190,4190,4190,4190,4190,4190,4190,4190,4190,4190,4190,4190,4190,4190,4190,4190,
size:39
[agent] id:8
path:2206,2099,1992,1991,1990,1989,1988,1987,1986,1985,1984,1983,1982,1981,1980,1979,1978,1871,1870,1869,1868,1867,1866,1759,1652,1545,1438,1331,1224,1117,1010,903,796,689,582,583,584,585,585,585,585,585,585,585,585,585,585,585,585,585,585,585,585,
goal:585,585,585,585,585,585,585,585,585,585,585,585,585,585,585,585,585,585,585,585,585,585,585,585,585,585,585,585,585,585,585,585,585,585,585,585,585,585,585,585,585,585,585,585,585,585,585,585,585,585,585,585,585,
size:37
[agent] id:9
path:4456,4349,4242,4135,4028,3921,3814,3707,3600,3601,3494,3387,3280,3173,3066,2959,2852,2745,2638,2531,2424,2317,2210,2103,1996,1889,1782,1675,1568,1461,1354,1247,1140,1033,1032,1031,1030,1029,1029,1029,1029,1029,1029,1029,1029,1029,1029,1029,1029,1029,1029,1029,1029,
goal:1029,1029,1029,1029,1029,1029,1029,1029,1029,1029,1029,1029,1029,1029,1029,1029,1029,1029,1029,1029,1029,1029,1029,1029,1029,1029,1029,1029,1029,1029,1029,1029,1029,1029,1029,1029,1029,1029,1029,1029,1029,1029,1029,1029,1029,1029,1029,1029,1029,1029,1029,1029,1029,
size:37
SolutionCost:363
