[setting] seed:79
[solver] type:ECBS
[solver] w:3.000000
[solver] ID:0
[solver] Lowlevelnode:25915
[solver] solved:1
[solver] elapsed:69
[solver] makespan:89
[problem] timesteplimit:10000
[problem] type:MAPF
[problem] agentnum:20
[graph] width:107
[graph] height:47
[graph] filename:./map/orz601d.map
[task] id:14,start:0,end:0,service time:0,nodes:2434,
[task] id:5,start:0,end:0,service time:0,nodes:3250,
[task] id:1,start:0,end:0,service time:0,nodes:2396,
[task] id:11,start:0,end:0,service time:0,nodes:2297,
[task] id:16,start:0,end:0,service time:0,nodes:3345,
[task] id:10,start:0,end:0,service time:0,nodes:2079,
[task] id:17,start:0,end:0,service time:0,nodes:3110,
[task] id:0,start:0,end:0,service time:0,nodes:1086,
[task] id:4,start:0,end:0,service time:0,nodes:2065,
[task] id:19,start:0,end:0,service time:0,nodes:3245,
[task] id:3,start:0,end:0,service time:0,nodes:2083,
[task] id:12,start:0,end:0,service time:0,nodes:4090,
[task] id:18,start:0,end:0,service time:0,nodes:3163,
[task] id:13,start:0,end:0,service time:0,nodes:1720,
[task] id:7,start:0,end:0,service time:0,nodes:1332,
[task] id:9,start:0,end:0,service time:0,nodes:2113,
[task] id:8,start:0,end:0,service time:0,nodes:4297,
[task] id:15,start:0,end:0,service time:0,nodes:711,
[task] id:6,start:0,end:0,service time:0,nodes:3080,
[task] id:2,start:0,end:0,service time:0,nodes:1796,
[agent] id:0
path:2467,2360,2361,2362,2363,2364,2365,2366,2367,2368,2369,2370,2371,2264,2157,2050,1943,1836,1837,1838,1839,1840,1841,1734,1627,1520,1413,1306,1199,1092,1091,1090,1089,1088,1087,1086,1086,1086,1086,1086,1086,1086,1086,1086,1086,1086,1086,1086,1086,1086,1086,1086,1086,1086,1086,1086,1086,1086,1086,1086,1086,1086,1086,1086,1086,1086,1086,1086,1086,1086,1086,1086,1086,1086,1086,1086,1086,1086,1086,1086,1086,1086,1086,1086,1086,1086,1086,1086,1086,1086,
goal:1086,1086,1086,1086,1086,1086,1086,1086,1086,1086,1086,1086,1086,1086,1086,1086,1086,1086,1086,1086,1086,1086,1086,1086,1086,1086,1086,1086,1086,1086,1086,1086,1086,1086,1086,1086,1086,1086,1086,1086,1086,1086,1086,1086,1086,1086,1086,1086,1086,1086,1086,1086,1086,1086,1086,1086,1086,1086,1086,1086,1086,1086,1086,1086,1086,1086,1086,1086,1086,1086,1086,1086,1086,1086,1086,1086,1086,1086,1086,1086,1086,1086,1086,1086,1086,1086,1086,1086,1086,1086,
size:35
[agent] id:1
path:3138,3031,2924,2817,2710,2603,2496,2389,2390,2391,2392,2393,2394,2395,2396,2396,2396,2396,2396,2396,2396,2396,2396,2396,2396,2396,2396,2396,2396,2396,2396,2396,2396,2396,2396,2396,2396,2396,2396,2396,2396,2396,2396,2396,2396,2396,2396,2396,2396,2396,2396,2396,2396,2396,2396,2396,2396,2396,2396,2396,2396,2396,2396,2396,2396,2396,2396,2396,2396,2396,2396,2396,2396,2396,2396,2396,2396,2396,2396,2396,2396,2396,2396,2396,2396,2396,2396,2396,2396,2396,
goal:2396,2396,2396,2396,2396,2396,2396,2396,2396,2396,2396,2396,2396,2396,2396,2396,2396,2396,2396,2396,2396,2396,2396,2396,2396,2396,2396,2396,2396,2396,2396,2396,2396,2396,2396,2396,2396,2396,2396,2396,2396,2396,2396,2396,2396,2396,2396,2396,2396,2396,2396,2396,2396,2396,2396,2396,2396,2396,2396,2396,2396,2396,2396,2396,2396,2396,2396,2396,2396,2396,2396,2396,2396,2396,2396,2396,2396,2396,2396,2396,2396,2396,2396,2396,2396,2396,2396,2396,2396,2396,
size:14
[agent] id:2
path:3219,3112,3005,2898,2791,2684,2577,2470,2363,2364,2365,2366,2367,2368,2369,2370,2371,2264,2157,2050,1943,1944,1945,1946,1947,1948,1949,1950,1951,1952,1953,1954,1955,1956,1957,1958,1959,1960,1961,1962,1963,1964,1965,1966,1967,1968,1969,1970,1971,1972,1973,1974,1975,1976,1977,1978,1979,1980,1981,1982,1983,1984,1985,1986,1987,1988,1989,1990,1991,1992,1993,1994,1995,1996,1997,1998,1999,2000,2001,2002,2003,2004,2005,2006,2007,1900,1901,1794,1795,1796,
goal:1796,1796,1796,1796,1796,1796,1796,1796,1796,1796,1796,1796,1796,1796,1796,1796,1796,1796,1796,1796,1796,1796,1796,1796,1796,1796,1796,1796,1796,1796,1796,1796,1796,1796,1796,1796,1796,1796,1796,1796,1796,1796,1796,1796,1796,1796,1796,1796,1796,1796,1796,1796,1796,1796,1796,1796,1796,1796,1796,1796,1796,1796,1796,1796,1796,1796,1796,1796,1796,1796,1796,1796,1796,1796,1796,1796,1796,1796,1796,1796,1796,1796,1796,1796,1796,1796,1796,1796,1796,1796,
size:89
[agent] id:3
path:2547,2440,2333,2226,2119,2118,2117,2116,2115,2114,2113,2112,2111,2110,2109,2108,2107,2106,2105,2104,2103,2102,2101,2100,2099,2098,2097,2096,2095,2094,2093,2092,2091,2090,2089,2088,2087,2086,2085,2084,2083,2083,2083,2083,2083,2083,2083,2083,2083,2083,2083,2083,2083,2083,2083,2083,2083,2083,2083,2083,2083,2083,2083,2083,2083,2083,2083,2083,2083,2083,2083,2083,2083,2083,2083,2083,2083,2083,2083,2083,2083,2083,2083,2083,2083,2083,2083,2083,2083,2083,
goal:2083,2083,2083,2083,2083,2083,2083,2083,2083,2083,2083,2083,2083,2083,2083,2083,2083,2083,2083,2083,2083,2083,2083,2083,2083,2083,2083,2083,2083,2083,2083,2083,2083,2083,2083,2083,2083,2083,2083,2083,2083,2083,2083,2083,2083,2083,2083,2083,2083,2083,2083,2083,2083,2083,2083,2083,2083,2083,2083,2083,2083,2083,2083,2083,2083,2083,2083,2083,2083,2083,2083,2083,2083,2083,2083,2083,2083,2083,2083,2083,2083,2083,2083,2083,2083,2083,2083,2083,2083,2083,
size:40
[agent] id:4
path:4514,4407,4300,4193,4086,3979,3872,3765,3766,3767,3660,3553,3446,3339,3232,3125,3018,2911,2804,2697,2590,2483,2376,2269,2162,2055,2056,2057,2058,2059,2060,2061,2062,2063,2064,2065,2065,2065,2065,2065,2065,2065,2065,2065,2065,2065,2065,2065,2065,2065,2065,2065,2065,2065,2065,2065,2065,2065,2065,2065,2065,2065,2065,2065,2065,2065,2065,2065,2065,2065,2065,2065,2065,2065,2065,2065,2065,2065,2065,2065,2065,2065,2065,2065,2065,2065,2065,2065,2065,2065,
goal:2065,2065,2065,2065,2065,2065,2065,2065,2065,2065,2065,2065,2065,2065,2065,2065,2065,2065,2065,2065,2065,2065,2065,2065,2065,2065,2065,2065,2065,2065,2065,2065,2065,2065,2065,2065,2065,2065,2065,2065,2065,2065,2065,2065,2065,2065,2065,2065,2065,2065,2065,2065,2065,2065,2065,2065,2065,2065,2065,2065,2065,2065,2065,2065,2065,2065,2065,2065,2065,2065,2065,2065,2065,2065,2065,2065,2065,2065,2065,2065,2065,2065,2065,2065,2065,2065,2065,2065,2065,2065,
size:35
[agent] id:5
path:2815,2922,3029,3030,3137,3244,3245,3246,3247,3248,3249,3250,3250,3250,3250,3250,3250,3250,3250,3250,3250,3250,3250,3250,3250,3250,3250,3250,3250,3250,3250,3250,3250,3250,3250,3250,3250,3250,3250,3250,3250,3250,3250,3250,3250,3250,3250,3250,3250,3250,3250,3250,3250,3250,3250,3250,3250,3250,3250,3250,3250,3250,3250,3250,3250,3250,3250,3250,3250,3250,3250,3250,3250,3250,3250,3250,3250,3250,3250,3250,3250,3250,3250,3250,3250,3250,3250,3250,3250,3250,
goal:3250,3250,3250,3250,3250,3250,3250,3250,3250,3250,3250,3250,3250,3250,3250,3250,3250,3250,3250,3250,3250,3250,3250,3250,3250,3250,3250,3250,3250,3250,3250,3250,3250,3250,3250,3250,3250,3250,3250,3250,3250,3250,3250,3250,3250,3250,3250,3250,3250,3250,3250,3250,3250,3250,3250,3250,3250,3250,3250,3250,3250,3250,3250,3250,3250,3250,3250,3250,3250,3250,3250,3250,3250,3250,3250,3250,3250,3250,3250,3250,3250,3250,3250,3250,3250,3250,3250,3250,3250,3250,
size:11
[agent] id:6
path:2252,2359,2466,2467,2468,2469,2470,2471,2472,2473,2474,2475,2476,2477,2478,2585,2692,2799,2906,3013,3014,3015,3016,3017,3018,3019,3020,3021,3022,3023,3024,3025,3026,3027,3028,3029,3030,3031,3032,3033,3034,3035,3036,3037,3038,3039,3040,3041,3042,3043,3044,3045,3046,3047,3048,3049,3050,3051,3052,3053,3054,3055,3056,3057,3058,3059,3060,3061,3062,3063,3064,3065,3066,3067,3068,3069,3070,3071,3072,3073,3074,3075,3076,3077,3078,3079,3080,3080,3080,3080,
goal:3080,3080,3080,3080,3080,3080,3080,3080,3080,3080,3080,3080,3080,3080,3080,3080,3080,3080,3080,3080,3080,3080,3080,3080,3080,3080,3080,3080,3080,3080,3080,3080,3080,3080,3080,3080,3080,3080,3080,3080,3080,3080,3080,3080,3080,3080,3080,3080,3080,3080,3080,3080,3080,3080,3080,3080,3080,3080,3080,3080,3080,3080,3080,3080,3080,3080,3080,3080,3080,3080,3080,3080,3080,3080,3080,3080,3080,3080,3080,3080,3080,3080,3080,3080,3080,3080,3080,3080,3080,3080,
size:86
[agent] id:7
path:3768,3661,3554,3447,3340,3233,3126,3019,2912,2805,2698,2591,2484,2377,2270,2163,2056,1949,1950,1951,1952,1953,1954,1955,1956,1957,1958,1959,1960,1961,1962,1963,1964,1965,1966,1967,1860,1861,1862,1863,1864,1865,1758,1651,1544,1437,1330,1331,1332,1332,1332,1332,1332,1332,1332,1332,1332,1332,1332,1332,1332,1332,1332,1332,1332,1332,1332,1332,1332,1332,1332,1332,1332,1332,1332,1332,1332,1332,1332,1332,1332,1332,1332,1332,1332,1332,1332,1332,1332,1332,
goal:1332,1332,1332,1332,1332,1332,1332,1332,1332,1332,1332,1332,1332,1332,1332,1332,1332,1332,1332,1332,1332,1332,1332,1332,1332,1332,1332,1332,1332,1332,1332,1332,1332,1332,1332,1332,1332,1332,1332,1332,1332,1332,1332,1332,1332,1332,1332,1332,1332,1332,1332,1332,1332,1332,1332,1332,1332,1332,1332,1332,1332,1332,1332,1332,1332,1332,1332,1332,1332,1332,1332,1332,1332,1332,1332,1332,1332,1332,1332,1332,1332,1332,1332,1332,1332,1332,1332,1332,1332,1332,
size:48
[agent] id:8
path:581,688,795,902,1009,1116,1223,1330,1437,1544,1651,1758,1865,1972,2079,2186,2293,2400,2507,2614,2721,2828,2827,2826,2825,2824,2823,2822,2821,2820,2819,2818,2817,2816,2815,2922,3029,3028,3027,3026,3025,3024,3131,3238,3237,3344,3343,3342,3341,3340,3447,3554,3661,3768,3875,3982,4089,4196,4303,4302,4301,4300,4299,4298,4297,4297,4297,4297,4297,4297,4297,4297,4297,4297,4297,4297,4297,4297,4297,4297,4297,4297,4297,4297,4297,4297,4297,4297,4297,4297,
goal:4297,4297,4297,4297,4297,4297,4297,4297,4297,4297,4297,4297,4297,4297,4297,4297,4297,4297,4297,4297,4297,4297,4297,4297,4297,4297,4297,4297,4297,4297,4297,4297,4297,4297,4297,4297,4297,4297,4297,4297,4297,4297,4297,4297,4297,4297,4297,4297,4297,4297,4297,4297,4297,4297,4297,4297,4297,4297,4297,4297,4297,4297,4297,4297,4297,4297,4297,4297,4297,4297,4297,4297,4297,4297,4297,4297,4297,4297,4297,4297,4297,4297,4297,4297,4297,4297,4297,4297,4297,4297,
size:64
[agent] id:9
path:1839,1946,1947,1948,1949,1950,1951,1952,1953,1954,1955,1956,1957,1958,1959,1960,1961,1962,1963,1964,1965,1966,1967,1968,1969,1970,1971,1972,1973,1974,1975,1976,1977,1978,1979,1980,1981,2088,2089,2090,2091,2092,2093,2094,2095,2096,2097,2098,2099,2100,2101,2102,2103,2104,2105,2106,2107,2108,2109,2110,2111,2112,2113,2113,2113,2113,2113,2113,2113,2113,2113,2113,2113,2113,2113,2113,2113,2113,2113,2113,2113,2113,2113,2113,2113,2113,2113,2113,2113,2113,
goal:2113,2113,2113,2113,2113,2113,2113,2113,2113,2113,2113,2113,2113,2113,2113,2113,2113,2113,2113,2113,2113,2113,2113,2113,2113,2113,2113,2113,2113,2113,2113,2113,2113,2113,2113,2113,2113,2113,2113,2113,2113,2113,2113,2113,2113,2113,2113,2113,2113,2113,2113,2113,2113,2113,2113,2113,2113,2113,2113,2113,2113,2113,2113,2113,2113,2113,2113,2113,2113,2113,2113,2113,2113,2113,2113,2113,2113,2113,2113,2113,2113,2113,2113,2113,2113,2113,2113,2113,2113,2113,
size:62
[agent] id:10
path:2959,2852,2745,2638,2531,2424,2317,2210,2103,2102,2101,2100,2099,2098,2097,2096,2095,2094,2093,2092,2091,2090,2089,2088,2087,2086,2085,2084,2083,2082,2081,2080,2079,2079,2079,2079,2079,2079,2079,2079,2079,2079,2079,2079,2079,2079,2079,2079,2079,2079,2079,2079,2079,2079,2079,2079,2079,2079,2079,2079,2079,2079,2079,2079,2079,2079,2079,2079,2079,2079,2079,2079,2079,2079,2079,2079,2079,2079,2079,2079,2079,2079,2079,2079,2079,2079,2079,2079,2079,2079,
goal:2079,2079,2079,2079,2079,2079,2079,2079,2079,2079,2079,2079,2079,2079,2079,2079,2079,2079,2079,2079,2079,2079,2079,2079,2079,2079,2079,2079,2079,2079,2079,2079,2079,2079,2079,2079,2079,2079,2079,2079,2079,2079,2079,2079,2079,2079,2079,2079,2079,2079,2079,2079,2079,2079,2079,2079,2079,2079,2079,2079,2079,2079,2079,2079,2079,2079,2079,2079,2079,2079,2079,2079,2079,2079,2079,2079,2079,2079,2079,2079,2079,2079,2079,2079,2079,2079,2079,2079,2079,2079,
size:32
[agent] id:11
path:2644,2537,2430,2323,2322,2321,2320,2319,2318,2317,2316,2315,2314,2313,2312,2311,2310,2309,2308,2307,2306,2305,2304,2303,2302,2301,2300,2299,2298,2297,2297,2297,2297,2297,2297,2297,2297,2297,2297,2297,2297,2297,2297,2297,2297,2297,2297,2297,2297,2297,2297,2297,2297,2297,2297,2297,2297,2297,2297,2297,2297,2297,2297,2297,2297,2297,2297,2297,2297,2297,2297,2297,2297,2297,2297,2297,2297,2297,2297,2297,2297,2297,2297,2297,2297,2297,2297,2297,2297,2297,
goal:2297,2297,2297,2297,2297,2297,2297,2297,2297,2297,2297,2297,2297,2297,2297,2297,2297,2297,2297,2297,2297,2297,2297,2297,2297,2297,2297,2297,2297,2297,2297,2297,2297,2297,2297,2297,2297,2297,2297,2297,2297,2297,2297,2297,2297,2297,2297,2297,2297,2297,2297,2297,2297,2297,2297,2297,2297,2297,2297,2297,2297,2297,2297,2297,2297,2297,2297,2297,2297,2297,2297,2297,2297,2297,2297,2297,2297,2297,2297,2297,2297,2297,2297,2297,2297,2297,2297,2297,2297,2297,
size:29
[agent] id:12
path:3158,3051,3050,3049,3048,3047,3046,3045,3044,3043,3042,3041,3040,3039,3038,3037,3036,3035,3034,3033,3032,3031,3030,3029,3028,3027,3026,3025,3024,3131,3238,3237,3344,3343,3342,3341,3340,3447,3554,3661,3768,3875,3982,4089,4090,4090,4090,4090,4090,4090,4090,4090,4090,4090,4090,4090,4090,4090,4090,4090,4090,4090,4090,4090,4090,4090,4090,4090,4090,4090,4090,4090,4090,4090,4090,4090,4090,4090,4090,4090,4090,4090,4090,4090,4090,4090,4090,4090,4090,4090,
goal:4090,4090,4090,4090,4090,4090,4090,4090,4090,4090,4090,4090,4090,4090,4090,4090,4090,4090,4090,4090,4090,4090,4090,4090,4090,4090,4090,4090,4090,4090,4090,4090,4090,4090,4090,4090,4090,4090,4090,4090,4090,4090,4090,4090,4090,4090,4090,4090,4090,4090,4090,4090,4090,4090,4090,4090,4090,4090,4090,4090,4090,4090,4090,4090,4090,4090,4090,4090,4090,4090,4090,4090,4090,4090,4090,4090,4090,4090,4090,4090,4090,4090,4090,4090,4090,4090,4090,4090,4090,4090,
size:44
[agent] id:13
path:2933,2826,2719,2612,2505,2504,2503,2502,2501,2500,2499,2392,2391,2390,2389,2388,2387,2386,2385,2384,2383,2382,2381,2380,2379,2378,2377,2376,2375,2374,2373,2372,2371,2370,2369,2368,2367,2260,2153,2046,1939,1938,1831,1724,1723,1722,1721,1720,1720,1720,1720,1720,1720,1720,1720,1720,1720,1720,1720,1720,1720,1720,1720,1720,1720,1720,1720,1720,1720,1720,1720,1720,1720,1720,1720,1720,1720,1720,1720,1720,1720,1720,1720,1720,1720,1720,1720,1720,1720,1720,
goal:1720,1720,1720,1720,1720,1720,1720,1720,1720,1720,1720,1720,1720,1720,1720,1720,1720,1720,1720,1720,1720,1720,1720,1720,1720,1720,1720,1720,1720,1720,1720,1720,1720,1720,1720,1720,1720,1720,1720,1720,1720,1720,1720,1720,1720,1720,1720,1720,1720,1720,1720,1720,1720,1720,1720,1720,1720,1720,1720,1720,1720,1720,1720,1720,1720,1720,1720,1720,1720,1720,1720,1720,1720,1720,1720,1720,1720,1720,1720,1720,1720,1720,1720,1720,1720,1720,1720,1720,1720,1720,
size:47
[agent] id:14
path:2968,2861,2754,2647,2540,2433,2434,2434,2434,2434,2434,2434,2434,2434,2434,2434,2434,2434,2434,2434,2434,2434,2434,2434,2434,2434,2434,2434,2434,2434,2434,2434,2434,2434,2434,2434,2434,2434,2434,2434,2434,2434,2434,2434,2434,2434,2434,2434,2434,2434,2434,2434,2434,2434,2434,2434,2434,2434,2434,2434,2434,2434,2434,2434,2434,2434,2434,2434,2434,2434,2434,2434,2434,2434,2434,2434,2434,2434,2434,2434,2434,2434,2434,2434,2434,2434,2434,2434,2434,2434,
goal:2434,2434,2434,2434,2434,2434,2434,2434,2434,2434,2434,2434,2434,2434,2434,2434,2434,2434,2434,2434,2434,2434,2434,2434,2434,2434,2434,2434,2434,2434,2434,2434,2434,2434,2434,2434,2434,2434,2434,2434,2434,2434,2434,2434,2434,2434,2434,2434,2434,2434,2434,2434,2434,2434,2434,2434,2434,2434,2434,2434,2434,2434,2434,2434,2434,2434,2434,2434,2434,2434,2434,2434,2434,2434,2434,2434,2434,2434,2434,2434,2434,2434,2434,2434,2434,2434,2434,2434,2434,2434,
size:6
[agent] id:15
path:2159,2052,1945,1946,1947,1948,1949,1950,1951,1952,1953,1954,1955,1956,1957,1958,1959,1960,1961,1962,1963,1964,1965,1966,1967,1968,1969,1970,1971,1972,1973,1974,1975,1976,1977,1978,1979,1980,1981,1982,1983,1984,1985,1986,1987,1988,1989,1990,1991,1884,1885,1886,1887,1888,1889,1782,1675,1568,1461,1354,1247,1140,1033,926,819,712,711,711,711,711,711,711,711,711,711,711,711,711,711,711,711,711,711,711,711,711,711,711,711,711,
goal:711,711,711,711,711,711,711,711,711,711,711,711,711,711,711,711,711,711,711,711,711,711,711,711,711,711,711,711,711,711,711,711,711,711,711,711,711,711,711,711,711,711,711,711,711,711,711,711,711,711,711,711,711,711,711,711,711,711,711,711,711,711,711,711,711,711,711,711,711,711,711,711,711,711,711,711,711,711,711,711,711,711,711,711,711,711,711,711,711,711,
size:66
[agent] id:16
path:2186,2293,2400,2507,2614,2721,2828,2935,3042,3041,3040,3039,3038,3037,3036,3035,3034,3033,3032,3031,3030,3029,3028,3027,3026,3025,3024,3131,3238,3345,3345,3345,3345,3345,3345,3345,3345,3345,3345,3345,3345,3345,3345,3345,3345,3345,3345,3345,3345,3345,3345,3345,3345,3345,3345,3345,3345,3345,3345,3345,3345,3345,3345,3345,3345,3345,3345,3345,3345,3345,3345,3345,3345,3345,3345,3345,3345,3345,3345,3345,3345,3345,3345,3345,3345,3345,3345,3345,3345,3345,
goal:3345,3345,3345,3345,3345,3345,3345,3345,3345,3345,3345,3345,3345,3345,3345,3345,3345,3345,3345,3345,3345,3345,3345,3345,3345,3345,3345,3345,3345,3345,3345,3345,3345,3345,3345,3345,3345,3345,3345,3345,3345,3345,3345,3345,3345,3345,3345,3345,3345,3345,3345,3345,3345,3345,3345,3345,3345,3345,3345,3345,3345,3345,3345,3345,3345,3345,3345,3345,3345,3345,3345,3345,3345,3345,3345,3345,3345,3345,3345,3345,3345,3345,3345,3345,3345,3345,3345,3345,3345,3345,
size:29
[agent] id:17
path:2172,2279,2386,2385,2384,2383,2382,2381,2380,2379,2378,2377,2376,2483,2482,2481,2480,2479,2478,2477,2476,2475,2474,2581,2688,2795,2902,3009,3008,3115,3114,3113,3112,3111,3110,3110,3110,3110,3110,3110,3110,3110,3110,3110,3110,3110,3110,3110,3110,3110,3110,3110,3110,3110,3110,3110,3110,3110,3110,3110,3110,3110,3110,3110,3110,3110,3110,3110,3110,3110,3110,3110,3110,3110,3110,3110,3110,3110,3110,3110,3110,3110,3110,3110,3110,3110,3110,3110,3110,3110,
goal:3110,3110,3110,3110,3110,3110,3110,3110,3110,3110,3110,3110,3110,3110,3110,3110,3110,3110,3110,3110,3110,3110,3110,3110,3110,3110,3110,3110,3110,3110,3110,3110,3110,3110,3110,3110,3110,3110,3110,3110,3110,3110,3110,3110,3110,3110,3110,3110,3110,3110,3110,3110,3110,3110,3110,3110,3110,3110,3110,3110,3110,3110,3110,3110,3110,3110,3110,3110,3110,3110,3110,3110,3110,3110,3110,3110,3110,3110,3110,3110,3110,3110,3110,3110,3110,3110,3110,3110,3110,3110,
size:34
[agent] id:18
path:1803,1910,2017,2124,2231,2338,2445,2552,2659,2766,2873,2980,3087,3086,3085,3084,3083,3082,3081,3080,3079,3078,3077,3076,3075,3074,3073,3072,3071,3070,3069,3068,3067,3066,3065,3064,3063,3062,3061,3060,3059,3058,3057,3056,3163,3163,3163,3163,3163,3163,3163,3163,3163,3163,3163,3163,3163,3163,3163,3163,3163,3163,3163,3163,3163,3163,3163,3163,3163,3163,3163,3163,3163,3163,3163,3163,3163,3163,3163,3163,3163,3163,3163,3163,3163,3163,3163,3163,3163,3163,
goal:3163,3163,3163,3163,3163,3163,3163,3163,3163,3163,3163,3163,3163,3163,3163,3163,3163,3163,3163,3163,3163,3163,3163,3163,3163,3163,3163,3163,3163,3163,3163,3163,3163,3163,3163,3163,3163,3163,3163,3163,3163,3163,3163,3163,3163,3163,3163,3163,3163,3163,3163,3163,3163,3163,3163,3163,3163,3163,3163,3163,3163,3163,3163,3163,3163,3163,3163,3163,3163,3163,3163,3163,3163,3163,3163,3163,3163,3163,3163,3163,3163,3163,3163,3163,3163,3163,3163,3163,3163,3163,
size:44
[agent] id:19
path:981,1088,1195,1302,1409,1410,1411,1412,1413,1520,1627,1734,1841,1948,2055,2162,2269,2376,2483,2590,2591,2698,2805,2912,2913,2914,2915,2916,2917,2918,2919,2920,2921,2922,2923,2924,3031,3138,3245,3245,3245,3245,3245,3245,3245,3245,3245,3245,3245,3245,3245,3245,3245,3245,3245,3245,3245,3245,3245,3245,3245,3245,3245,3245,3245,3245,3245,3245,3245,3245,3245,3245,3245,3245,3245,3245,3245,3245,3245,3245,3245,3245,3245,3245,3245,3245,3245,3245,3245,3245,
goal:3245,3245,3245,3245,3245,3245,3245,3245,3245,3245,3245,3245,3245,3245,3245,3245,3245,3245,3245,3245,3245,3245,3245,3245,3245,3245,3245,3245,3245,3245,3245,3245,3245,3245,3245,3245,3245,3245,3245,3245,3245,3245,3245,3245,3245,3245,3245,3245,3245,3245,3245,3245,3245,3245,3245,3245,3245,3245,3245,3245,3245,3245,3245,3245,3245,3245,3245,3245,3245,3245,3245,3245,3245,3245,3245,3245,3245,3245,3245,3245,3245,3245,3245,3245,3245,3245,3245,3245,3245,3245,
size:38
SolutionCost:853
