[setting] seed:73
[solver] type:ECBS
[solver] w:3.000000
[solver] ID:0
[solver] Lowlevelnode:41326
[solver] solved:1
[solver] elapsed:155
[solver] makespan:89
[problem] timesteplimit:10000
[problem] type:MAPF
[problem] agentnum:30
[graph] width:107
[graph] height:47
[graph] filename:./map/orz601d.map
[task] id:11,start:0,end:0,service time:0,nodes:2940,
[task] id:10,start:0,end:0,service time:0,nodes:3607,
[task] id:23,start:0,end:0,service time:0,nodes:1300,
[task] id:20,start:0,end:0,service time:0,nodes:2744,
[task] id:19,start:0,end:0,service time:0,nodes:2069,
[task] id:1,start:0,end:0,service time:0,nodes:2900,
[task] id:12,start:0,end:0,service time:0,nodes:2709,
[task] id:13,start:0,end:0,service time:0,nodes:2806,
[task] id:4,start:0,end:0,service time:0,nodes:1138,
[task] id:2,start:0,end:0,service time:0,nodes:1990,
[task] id:7,start:0,end:0,service time:0,nodes:1350,
[task] id:8,start:0,end:0,service time:0,nodes:2224,
[task] id:21,start:0,end:0,service time:0,nodes:909,
[task] id:22,start:0,end:0,service time:0,nodes:718,
[task] id:25,start:0,end:0,service time:0,nodes:2817,
[task] id:0,start:0,end:0,service time:0,nodes:2144,
[task] id:15,start:0,end:0,service time:0,nodes:341,
[task] id:30,start:0,end:0,service time:0,nodes:1990,
[task] id:9,start:0,end:0,service time:0,nodes:716,
[task] id:17,start:0,end:0,service time:0,nodes:3269,
[task] id:16,start:0,end:0,service time:0,nodes:4406,
[task] id:24,start:0,end:0,service time:0,nodes:878,
[task] id:3,start:0,end:0,service time:0,nodes:797,
[task] id:18,start:0,end:0,service time:0,nodes:2853,
[task] id:29,start:0,end:0,service time:0,nodes:2441,
[task] id:6,start:0,end:0,service time:0,nodes:1901,
[task] id:27,start:0,end:0,service time:0,nodes:3811,
[task] id:26,start:0,end:0,service time:0,nodes:2012,
[task] id:5,start:0,end:0,service time:0,nodes:3772,
[task] id:14,start:0,end:0,service time:0,nodes:2439,
[task] id:28,start:0,end:0,service time:0,nodes:2337,
[agent] id:0
path:1544,1651,1758,1865,1972,2079,2186,2185,2184,2183,2182,2181,2180,2179,2178,2177,2176,2175,2174,2173,2172,2171,2170,2169,2168,2167,2166,2165,2164,2163,2162,2161,2160,2159,2158,2157,2264,2371,2370,2369,2368,2367,2260,2153,2152,2151,2150,2149,2148,2147,2146,2145,2144,2144,2144,2144,2144,2144,2144,2144,2144,2144,2144,2144,2144,2144,2144,2144,2144,2144,2144,2144,2144,2144,2144,2144,2144,2144,2144,2144,2144,2144,2144,2144,2144,2144,2144,2144,2144,2144,
goal:2144,2144,2144,2144,2144,2144,2144,2144,2144,2144,2144,2144,2144,2144,2144,2144,2144,2144,2144,2144,2144,2144,2144,2144,2144,2144,2144,2144,2144,2144,2144,2144,2144,2144,2144,2144,2144,2144,2144,2144,2144,2144,2144,2144,2144,2144,2144,2144,2144,2144,2144,2144,2144,2144,2144,2144,2144,2144,2144,2144,2144,2144,2144,2144,2144,2144,2144,2144,2144,2144,2144,2144,2144,2144,2144,2144,2144,2144,2144,2144,2144,2144,2144,2144,2144,2144,2144,2144,2144,2144,
size:52
[agent] id:1
path:2387,2494,2493,2492,2491,2490,2489,2488,2487,2486,2485,2484,2483,2482,2481,2480,2479,2478,2477,2476,2475,2474,2581,2688,2795,2902,2901,2900,2900,2900,2900,2900,2900,2900,2900,2900,2900,2900,2900,2900,2900,2900,2900,2900,2900,2900,2900,2900,2900,2900,2900,2900,2900,2900,2900,2900,2900,2900,2900,2900,2900,2900,2900,2900,2900,2900,2900,2900,2900,2900,2900,2900,2900,2900,2900,2900,2900,2900,2900,2900,2900,2900,2900,2900,2900,2900,2900,2900,2900,2900,
goal:2900,2900,2900,2900,2900,2900,2900,2900,2900,2900,2900,2900,2900,2900,2900,2900,2900,2900,2900,2900,2900,2900,2900,2900,2900,2900,2900,2900,2900,2900,2900,2900,2900,2900,2900,2900,2900,2900,2900,2900,2900,2900,2900,2900,2900,2900,2900,2900,2900,2900,2900,2900,2900,2900,2900,2900,2900,2900,2900,2900,2900,2900,2900,2900,2900,2900,2900,2900,2900,2900,2900,2900,2900,2900,2900,2900,2900,2900,2900,2900,2900,2900,2900,2900,2900,2900,2900,2900,2900,2900,
size:27
[agent] id:2
path:2709,2602,2495,2388,2281,2174,2067,1960,1961,1962,1963,1964,1965,1966,1967,1968,1969,1970,1971,1972,1973,1974,1975,1976,1977,1978,1979,1980,1981,1982,1983,1984,1985,1986,1987,1988,1989,1990,1990,1990,1990,1990,1990,1990,1990,1990,1990,1990,1990,1990,1990,1990,1990,1990,1990,1990,2097,2097,1990,1990,1990,1990,1990,1990,1990,1990,1990,1990,1990,1990,1990,1990,1990,1990,1990,1990,1990,1990,1990,1990,1990,1990,1990,1990,1990,1990,1990,1990,1990,1990,
goal:1990,1990,1990,1990,1990,1990,1990,1990,1990,1990,1990,1990,1990,1990,1990,1990,1990,1990,1990,1990,1990,1990,1990,1990,1990,1990,1990,1990,1990,1990,1990,1990,1990,1990,1990,1990,1990,1990,1990,1990,1990,1990,1990,1990,1990,1990,1990,1990,1990,1990,1990,1990,1990,1990,1990,1990,1990,1990,1990,1990,1990,1990,1990,1990,1990,1990,1990,1990,1990,1990,1990,1990,1990,1990,1990,1990,1990,1990,1990,1990,1990,1990,1990,1990,1990,1990,1990,1990,1990,1990,
size:58
[agent] id:3
path:3195,3088,2981,2874,2767,2660,2553,2446,2339,2338,2337,2336,2335,2334,2333,2332,2331,2330,2329,2328,2327,2326,2325,2324,2323,2322,2321,2320,2319,2318,2317,2316,2209,2208,2207,2206,2205,2204,2097,2096,2095,2094,2093,2092,2091,2090,2089,2088,2087,1980,1979,1978,1871,1870,1869,1868,1867,1866,1759,1652,1545,1438,1331,1224,1117,1010,903,796,797,797,797,797,797,797,797,797,797,797,797,797,797,797,797,797,797,797,797,797,797,797,
goal:797,797,797,797,797,797,797,797,797,797,797,797,797,797,797,797,797,797,797,797,797,797,797,797,797,797,797,797,797,797,797,797,797,797,797,797,797,797,797,797,797,797,797,797,797,797,797,797,797,797,797,797,797,797,797,797,797,797,797,797,797,797,797,797,797,797,797,797,797,797,797,797,797,797,797,797,797,797,797,797,797,797,797,797,797,797,797,797,797,797,
size:68
[agent] id:4
path:2760,2653,2546,2439,2332,2225,2118,2011,2010,2009,2008,2007,2006,2005,2004,2003,2002,1895,1894,1893,1892,1891,1890,1783,1676,1569,1462,1355,1248,1141,1140,1139,1138,1138,1138,1138,1138,1138,1138,1138,1138,1138,1138,1138,1138,1138,1138,1138,1138,1138,1138,1138,1138,1138,1138,1138,1138,1138,1138,1138,1138,1138,1138,1138,1138,1138,1138,1138,1138,1138,1138,1138,1138,1138,1138,1138,1138,1138,1138,1138,1138,1138,1138,1138,1138,1138,1138,1138,1138,1138,
goal:1138,1138,1138,1138,1138,1138,1138,1138,1138,1138,1138,1138,1138,1138,1138,1138,1138,1138,1138,1138,1138,1138,1138,1138,1138,1138,1138,1138,1138,1138,1138,1138,1138,1138,1138,1138,1138,1138,1138,1138,1138,1138,1138,1138,1138,1138,1138,1138,1138,1138,1138,1138,1138,1138,1138,1138,1138,1138,1138,1138,1138,1138,1138,1138,1138,1138,1138,1138,1138,1138,1138,1138,1138,1138,1138,1138,1138,1138,1138,1138,1138,1138,1138,1138,1138,1138,1138,1138,1138,1138,
size:32
[agent] id:5
path:1253,1360,1467,1466,1465,1464,1463,1462,1569,1676,1783,1890,1997,2104,2211,2318,2425,2532,2639,2746,2853,2960,3067,3066,3065,3064,3063,3062,3061,3060,3059,3058,3057,3056,3055,3054,3053,3052,3051,3050,3049,3048,3047,3046,3045,3044,3043,3042,3041,3040,3039,3038,3037,3036,3035,3034,3033,3032,3031,3030,3029,3028,3027,3026,3025,3024,3131,3238,3345,3344,3343,3342,3341,3340,3447,3554,3661,3768,3769,3770,3771,3772,3772,3772,3772,3772,3772,3772,3772,3772,
goal:3772,3772,3772,3772,3772,3772,3772,3772,3772,3772,3772,3772,3772,3772,3772,3772,3772,3772,3772,3772,3772,3772,3772,3772,3772,3772,3772,3772,3772,3772,3772,3772,3772,3772,3772,3772,3772,3772,3772,3772,3772,3772,3772,3772,3772,3772,3772,3772,3772,3772,3772,3772,3772,3772,3772,3772,3772,3772,3772,3772,3772,3772,3772,3772,3772,3772,3772,3772,3772,3772,3772,3772,3772,3772,3772,3772,3772,3772,3772,3772,3772,3772,3772,3772,3772,3772,3772,3772,3772,3772,
size:81
[agent] id:6
path:3446,3339,3232,3125,3018,2911,2804,2697,2590,2483,2376,2269,2162,2055,1948,1949,1950,1951,1952,1953,1954,1955,1956,1957,1958,1959,1960,1961,1962,1963,1964,1965,1966,1967,1968,1969,1970,1971,1972,1973,1974,1975,1976,1977,1978,1979,1980,1981,1982,1983,1984,1985,1986,1987,1988,1989,1990,1991,1992,1993,1994,1995,1996,1997,1998,1999,2000,2001,2002,2003,2004,2005,2006,2007,1900,1901,1901,1901,1901,1901,1901,1901,1901,1901,1901,1901,1901,1901,1901,1901,
goal:1901,1901,1901,1901,1901,1901,1901,1901,1901,1901,1901,1901,1901,1901,1901,1901,1901,1901,1901,1901,1901,1901,1901,1901,1901,1901,1901,1901,1901,1901,1901,1901,1901,1901,1901,1901,1901,1901,1901,1901,1901,1901,1901,1901,1901,1901,1901,1901,1901,1901,1901,1901,1901,1901,1901,1901,1901,1901,1901,1901,1901,1901,1901,1901,1901,1901,1901,1901,1901,1901,1901,1901,1901,1901,1901,1901,1901,1901,1901,1901,1901,1901,1901,1901,1901,1901,1901,1901,1901,1901,
size:75
[agent] id:7
path:2935,2828,2721,2614,2507,2400,2293,2186,2079,1972,1973,1974,1975,1976,1977,1978,1979,1980,1981,1982,1983,1984,1985,1986,1987,1988,1989,1990,1991,1884,1885,1886,1887,1888,1889,1782,1675,1568,1461,1354,1353,1352,1351,1350,1350,1350,1350,1350,1350,1350,1350,1350,1350,1350,1350,1350,1350,1350,1350,1350,1350,1350,1350,1350,1350,1350,1350,1350,1350,1350,1350,1350,1350,1350,1350,1350,1350,1350,1350,1350,1350,1350,1350,1350,1350,1350,1350,1350,1350,1350,
goal:1350,1350,1350,1350,1350,1350,1350,1350,1350,1350,1350,1350,1350,1350,1350,1350,1350,1350,1350,1350,1350,1350,1350,1350,1350,1350,1350,1350,1350,1350,1350,1350,1350,1350,1350,1350,1350,1350,1350,1350,1350,1350,1350,1350,1350,1350,1350,1350,1350,1350,1350,1350,1350,1350,1350,1350,1350,1350,1350,1350,1350,1350,1350,1350,1350,1350,1350,1350,1350,1350,1350,1350,1350,1350,1350,1350,1350,1350,1350,1350,1350,1350,1350,1350,1350,1350,1350,1350,1350,1350,
size:43
[agent] id:8
path:2504,2397,2290,2291,2292,2293,2294,2187,2188,2189,2190,2191,2192,2193,2194,2195,2196,2197,2198,2199,2200,2201,2202,2203,2204,2205,2206,2207,2208,2209,2210,2211,2212,2213,2214,2215,2216,2217,2218,2219,2220,2221,2222,2223,2224,2224,2224,2224,2224,2224,2224,2224,2224,2224,2224,2224,2224,2224,2224,2224,2224,2224,2224,2224,2224,2224,2224,2224,2224,2224,2224,2224,2224,2224,2224,2224,2224,2224,2224,2224,2224,2224,2224,2224,2224,2224,2224,2224,2224,2224,
goal:2224,2224,2224,2224,2224,2224,2224,2224,2224,2224,2224,2224,2224,2224,2224,2224,2224,2224,2224,2224,2224,2224,2224,2224,2224,2224,2224,2224,2224,2224,2224,2224,2224,2224,2224,2224,2224,2224,2224,2224,2224,2224,2224,2224,2224,2224,2224,2224,2224,2224,2224,2224,2224,2224,2224,2224,2224,2224,2224,2224,2224,2224,2224,2224,2224,2224,2224,2224,2224,2224,2224,2224,2224,2224,2224,2224,2224,2224,2224,2224,2224,2224,2224,2224,2224,2224,2224,2224,2224,2224,
size:44
[agent] id:9
path:3033,2926,2819,2712,2605,2498,2391,2284,2285,2286,2287,2288,2289,2182,2183,2184,2185,2186,2079,2080,2081,2082,2083,2084,2085,2086,2087,2088,2089,2090,2091,2092,2093,2094,2095,2096,2097,2098,2099,1992,1885,1886,1887,1888,1889,1782,1675,1568,1461,1354,1247,1140,1033,926,819,712,713,714,715,716,716,716,716,716,716,716,716,716,716,716,716,716,716,716,716,716,716,716,716,716,716,716,716,716,716,716,716,716,716,716,
goal:716,716,716,716,716,716,716,716,716,716,716,716,716,716,716,716,716,716,716,716,716,716,716,716,716,716,716,716,716,716,716,716,716,716,716,716,716,716,716,716,716,716,716,716,716,716,716,716,716,716,716,716,716,716,716,716,716,716,716,716,716,716,716,716,716,716,716,716,716,716,716,716,716,716,716,716,716,716,716,716,716,716,716,716,716,716,716,716,716,716,
size:59
[agent] id:10
path:3822,3715,3714,3607,3607,3607,3607,3607,3607,3607,3607,3607,3607,3607,3607,3607,3607,3607,3607,3607,3607,3607,3607,3607,3607,3607,3607,3607,3607,3607,3607,3607,3607,3607,3607,3607,3607,3607,3607,3607,3607,3607,3607,3607,3607,3607,3607,3607,3607,3607,3607,3607,3607,3607,3607,3607,3607,3607,3607,3607,3607,3607,3607,3607,3607,3607,3607,3607,3607,3607,3607,3607,3607,3607,3607,3607,3607,3607,3607,3607,3607,3607,3607,3607,3607,3607,3607,3607,3607,3607,
goal:3607,3607,3607,3607,3607,3607,3607,3607,3607,3607,3607,3607,3607,3607,3607,3607,3607,3607,3607,3607,3607,3607,3607,3607,3607,3607,3607,3607,3607,3607,3607,3607,3607,3607,3607,3607,3607,3607,3607,3607,3607,3607,3607,3607,3607,3607,3607,3607,3607,3607,3607,3607,3607,3607,3607,3607,3607,3607,3607,3607,3607,3607,3607,3607,3607,3607,3607,3607,3607,3607,3607,3607,3607,3607,3607,3607,3607,3607,3607,3607,3607,3607,3607,3607,3607,3607,3607,3607,3607,3607,
size:3
[agent] id:11
path:3047,2940,2940,2940,2940,2940,2940,2940,2940,2940,2940,2940,2940,2940,2940,2940,2940,2940,2940,2940,2940,2940,2940,2940,2940,2940,2940,2940,2940,2940,2940,2940,2940,2940,2940,2940,2940,2940,2940,2940,2940,2940,2940,2940,2940,2940,2940,2940,2940,2940,2940,2940,2940,2940,2940,2940,2940,2940,2940,2940,2940,2940,2940,2940,2940,2940,2940,2940,2940,2940,2940,2940,2940,2940,2940,2940,2940,2940,2940,2940,2940,2940,2940,2940,2940,2940,2940,2940,2940,2940,
goal:2940,2940,2940,2940,2940,2940,2940,2940,2940,2940,2940,2940,2940,2940,2940,2940,2940,2940,2940,2940,2940,2940,2940,2940,2940,2940,2940,2940,2940,2940,2940,2940,2940,2940,2940,2940,2940,2940,2940,2940,2940,2940,2940,2940,2940,2940,2940,2940,2940,2940,2940,2940,2940,2940,2940,2940,2940,2940,2940,2940,2940,2940,2940,2940,2940,2940,2940,2940,2940,2940,2940,2940,2940,2940,2940,2940,2940,2940,2940,2940,2940,2940,2940,2940,2940,2940,2940,2940,2940,2940,
size:1
[agent] id:12
path:796,903,1010,1117,1224,1331,1438,1545,1652,1759,1866,1973,2080,2187,2294,2401,2508,2615,2722,2721,2720,2719,2718,2717,2716,2715,2714,2713,2712,2711,2710,2709,2709,2709,2709,2709,2709,2709,2709,2709,2709,2709,2709,2709,2709,2709,2709,2709,2709,2709,2709,2709,2709,2709,2709,2709,2709,2709,2709,2709,2709,2709,2709,2709,2709,2709,2709,2709,2709,2709,2709,2709,2709,2709,2709,2709,2709,2709,2709,2709,2709,2709,2709,2709,2709,2709,2709,2709,2709,2709,
goal:2709,2709,2709,2709,2709,2709,2709,2709,2709,2709,2709,2709,2709,2709,2709,2709,2709,2709,2709,2709,2709,2709,2709,2709,2709,2709,2709,2709,2709,2709,2709,2709,2709,2709,2709,2709,2709,2709,2709,2709,2709,2709,2709,2709,2709,2709,2709,2709,2709,2709,2709,2709,2709,2709,2709,2709,2709,2709,2709,2709,2709,2709,2709,2709,2709,2709,2709,2709,2709,2709,2709,2709,2709,2709,2709,2709,2709,2709,2709,2709,2709,2709,2709,2709,2709,2709,2709,2709,2709,2709,
size:31
[agent] id:13
path:2189,2296,2403,2510,2617,2724,2831,2830,2829,2828,2827,2826,2825,2824,2823,2822,2821,2820,2819,2818,2817,2816,2815,2814,2813,2812,2811,2810,2809,2808,2807,2806,2806,2806,2806,2806,2806,2806,2806,2806,2806,2806,2806,2806,2806,2806,2806,2806,2806,2806,2806,2806,2806,2806,2806,2806,2806,2806,2806,2806,2806,2806,2806,2806,2806,2806,2806,2806,2806,2806,2806,2806,2806,2806,2806,2806,2806,2806,2806,2806,2806,2806,2806,2806,2806,2806,2806,2806,2806,2806,
goal:2806,2806,2806,2806,2806,2806,2806,2806,2806,2806,2806,2806,2806,2806,2806,2806,2806,2806,2806,2806,2806,2806,2806,2806,2806,2806,2806,2806,2806,2806,2806,2806,2806,2806,2806,2806,2806,2806,2806,2806,2806,2806,2806,2806,2806,2806,2806,2806,2806,2806,2806,2806,2806,2806,2806,2806,2806,2806,2806,2806,2806,2806,2806,2806,2806,2806,2806,2806,2806,2806,2806,2806,2806,2806,2806,2806,2806,2806,2806,2806,2806,2806,2806,2806,2806,2806,2806,2806,2806,2806,
size:31
[agent] id:14
path:3868,3761,3762,3763,3764,3765,3766,3767,3660,3553,3446,3339,3232,3125,3018,2911,2804,2697,2590,2483,2376,2377,2378,2379,2380,2381,2382,2383,2384,2385,2386,2387,2388,2389,2390,2391,2392,2393,2394,2395,2396,2397,2398,2399,2400,2401,2402,2403,2404,2405,2406,2407,2408,2409,2410,2411,2412,2413,2414,2415,2416,2417,2418,2419,2420,2421,2422,2423,2424,2425,2426,2427,2428,2429,2430,2431,2432,2433,2434,2435,2436,2437,2438,2439,2439,2439,2439,2439,2439,2439,
goal:2439,2439,2439,2439,2439,2439,2439,2439,2439,2439,2439,2439,2439,2439,2439,2439,2439,2439,2439,2439,2439,2439,2439,2439,2439,2439,2439,2439,2439,2439,2439,2439,2439,2439,2439,2439,2439,2439,2439,2439,2439,2439,2439,2439,2439,2439,2439,2439,2439,2439,2439,2439,2439,2439,2439,2439,2439,2439,2439,2439,2439,2439,2439,2439,2439,2439,2439,2439,2439,2439,2439,2439,2439,2439,2439,2439,2439,2439,2439,2439,2439,2439,2439,2439,2439,2439,2439,2439,2439,2439,
size:83
[agent] id:15
path:2514,2407,2300,2193,2086,2085,2084,2083,2082,2081,2080,2079,2078,2077,2076,2075,2074,2073,2072,2071,2070,2069,2068,2067,2066,2065,1958,1957,1956,1955,1954,1847,1846,1845,1844,1843,1842,1735,1628,1521,1414,1307,1200,1093,986,879,772,665,558,451,450,449,448,341,341,341,341,341,341,341,341,341,341,341,341,341,341,341,341,341,341,341,341,341,341,341,341,341,341,341,341,341,341,341,341,341,341,341,341,341,
goal:341,341,341,341,341,341,341,341,341,341,341,341,341,341,341,341,341,341,341,341,341,341,341,341,341,341,341,341,341,341,341,341,341,341,341,341,341,341,341,341,341,341,341,341,341,341,341,341,341,341,341,341,341,341,341,341,341,341,341,341,341,341,341,341,341,341,341,341,341,341,341,341,341,341,341,341,341,341,341,341,341,341,341,341,341,341,341,341,341,341,
size:53
[agent] id:16
path:2959,3066,3065,3064,3063,3062,3061,3060,3059,3058,3057,3056,3055,3054,3053,3052,3051,3050,3049,3048,3047,3046,3045,3044,3043,3042,3041,3040,3039,3038,3037,3036,3035,3034,3033,3032,3031,3030,3029,3028,3027,3026,3025,3024,3131,3238,3345,3344,3343,3342,3341,3340,3447,3554,3661,3768,3875,3982,4089,4196,4303,4410,4409,4408,4407,4406,4406,4406,4406,4406,4406,4406,4406,4406,4406,4406,4406,4406,4406,4406,4406,4406,4406,4406,4406,4406,4406,4406,4406,4406,
goal:4406,4406,4406,4406,4406,4406,4406,4406,4406,4406,4406,4406,4406,4406,4406,4406,4406,4406,4406,4406,4406,4406,4406,4406,4406,4406,4406,4406,4406,4406,4406,4406,4406,4406,4406,4406,4406,4406,4406,4406,4406,4406,4406,4406,4406,4406,4406,4406,4406,4406,4406,4406,4406,4406,4406,4406,4406,4406,4406,4406,4406,4406,4406,4406,4406,4406,4406,4406,4406,4406,4406,4406,4406,4406,4406,4406,4406,4406,4406,4406,4406,4406,4406,4406,4406,4406,4406,4406,4406,4406,
size:65
[agent] id:17
path:1936,2043,2150,2257,2364,2471,2472,2473,2474,2475,2476,2477,2478,2585,2692,2799,2906,2907,2908,2909,2910,2911,2912,2913,2914,2915,2916,2917,2918,2919,2920,2921,2922,2923,2924,2925,2926,2927,2928,2929,2930,2931,2932,2933,2934,2935,2936,2937,3044,3045,3046,3047,3048,3049,3050,3157,3264,3265,3266,3267,3268,3269,3269,3269,3269,3269,3269,3269,3269,3269,3269,3269,3269,3269,3269,3269,3269,3269,3269,3269,3269,3269,3269,3269,3269,3269,3269,3269,3269,3269,
goal:3269,3269,3269,3269,3269,3269,3269,3269,3269,3269,3269,3269,3269,3269,3269,3269,3269,3269,3269,3269,3269,3269,3269,3269,3269,3269,3269,3269,3269,3269,3269,3269,3269,3269,3269,3269,3269,3269,3269,3269,3269,3269,3269,3269,3269,3269,3269,3269,3269,3269,3269,3269,3269,3269,3269,3269,3269,3269,3269,3269,3269,3269,3269,3269,3269,3269,3269,3269,3269,3269,3269,3269,3269,3269,3269,3269,3269,3269,3269,3269,3269,3269,3269,3269,3269,3269,3269,3269,3269,3269,
size:61
[agent] id:18
path:1098,1205,1312,1419,1418,1417,1416,1415,1414,1521,1628,1735,1842,1949,2056,2163,2270,2377,2484,2591,2592,2593,2594,2595,2596,2597,2598,2599,2600,2601,2602,2603,2710,2711,2712,2713,2714,2715,2716,2717,2718,2719,2720,2827,2828,2829,2830,2831,2832,2833,2834,2835,2836,2837,2838,2839,2840,2841,2842,2843,2844,2845,2846,2847,2848,2849,2850,2851,2852,2853,2853,2853,2853,2853,2853,2853,2853,2853,2853,2853,2853,2853,2853,2853,2853,2853,2853,2853,2853,2853,
goal:2853,2853,2853,2853,2853,2853,2853,2853,2853,2853,2853,2853,2853,2853,2853,2853,2853,2853,2853,2853,2853,2853,2853,2853,2853,2853,2853,2853,2853,2853,2853,2853,2853,2853,2853,2853,2853,2853,2853,2853,2853,2853,2853,2853,2853,2853,2853,2853,2853,2853,2853,2853,2853,2853,2853,2853,2853,2853,2853,2853,2853,2853,2853,2853,2853,2853,2853,2853,2853,2853,2853,2853,2853,2853,2853,2853,2853,2853,2853,2853,2853,2853,2853,2853,2853,2853,2853,2853,2853,2853,
size:69
[agent] id:19
path:2306,2199,2092,2091,2090,2089,2088,2087,2086,2085,2084,2083,2082,2081,2080,2079,2078,2077,2076,2075,2074,2073,2072,2071,2070,2069,2069,2069,2069,2069,2069,2069,2069,2069,2069,2069,2069,2069,2069,2069,2069,2069,2069,2069,2069,2069,2069,2069,2069,2069,2069,2069,2069,2069,2069,2069,2069,2069,2069,2069,2069,2069,2069,2069,2069,2069,2069,2069,2069,2069,2069,2069,2069,2069,2069,2069,2069,2069,2069,2069,2069,2069,2069,2069,2069,2069,2069,2069,2069,2069,
goal:2069,2069,2069,2069,2069,2069,2069,2069,2069,2069,2069,2069,2069,2069,2069,2069,2069,2069,2069,2069,2069,2069,2069,2069,2069,2069,2069,2069,2069,2069,2069,2069,2069,2069,2069,2069,2069,2069,2069,2069,2069,2069,2069,2069,2069,2069,2069,2069,2069,2069,2069,2069,2069,2069,2069,2069,2069,2069,2069,2069,2069,2069,2069,2069,2069,2069,2069,2069,2069,2069,2069,2069,2069,2069,2069,2069,2069,2069,2069,2069,2069,2069,2069,2069,2069,2069,2069,2069,2069,2069,
size:25
[agent] id:20
path:4023,3916,3809,3702,3703,3596,3597,3598,3599,3600,3601,3494,3387,3280,3173,3066,2959,2852,2745,2744,2744,2744,2744,2744,2744,2744,2744,2744,2744,2744,2744,2744,2744,2744,2744,2744,2744,2744,2744,2744,2744,2744,2744,2744,2744,2744,2744,2744,2744,2744,2744,2744,2744,2744,2744,2744,2744,2744,2744,2744,2744,2744,2744,2744,2744,2744,2744,2744,2744,2744,2744,2744,2744,2744,2744,2744,2744,2744,2744,2744,2744,2744,2744,2744,2744,2744,2744,2744,2744,2744,
goal:2744,2744,2744,2744,2744,2744,2744,2744,2744,2744,2744,2744,2744,2744,2744,2744,2744,2744,2744,2744,2744,2744,2744,2744,2744,2744,2744,2744,2744,2744,2744,2744,2744,2744,2744,2744,2744,2744,2744,2744,2744,2744,2744,2744,2744,2744,2744,2744,2744,2744,2744,2744,2744,2744,2744,2744,2744,2744,2744,2744,2744,2744,2744,2744,2744,2744,2744,2744,2744,2744,2744,2744,2744,2744,2744,2744,2744,2744,2744,2744,2744,2744,2744,2744,2744,2744,2744,2744,2744,2744,
size:19
[agent] id:21
path:1945,1946,1947,1948,1949,1950,1951,1952,1953,1954,1955,1956,1957,1958,1959,1960,1961,1962,1963,1964,1965,1966,1967,1860,1861,1862,1863,1864,1865,1758,1651,1544,1437,1330,1223,1116,1009,902,903,904,905,906,907,908,909,909,909,909,909,909,909,909,909,909,909,909,909,909,909,909,909,909,909,909,909,909,909,909,909,909,909,909,909,909,909,909,909,909,909,909,909,909,909,909,909,909,909,909,909,909,
goal:909,909,909,909,909,909,909,909,909,909,909,909,909,909,909,909,909,909,909,909,909,909,909,909,909,909,909,909,909,909,909,909,909,909,909,909,909,909,909,909,909,909,909,909,909,909,909,909,909,909,909,909,909,909,909,909,909,909,909,909,909,909,909,909,909,909,909,909,909,909,909,909,909,909,909,909,909,909,909,909,909,909,909,909,909,909,909,909,909,909,
size:44
[agent] id:22
path:4463,4356,4249,4142,4035,3928,3821,3714,3713,3606,3605,3604,3603,3602,3495,3388,3281,3174,3067,2960,2959,2852,2745,2638,2531,2424,2317,2210,2103,1996,1889,1782,1675,1568,1461,1354,1247,1140,1033,926,819,712,713,714,715,716,717,718,718,718,718,718,718,718,718,718,718,718,718,718,718,718,718,718,718,718,718,718,718,718,718,718,718,718,718,718,718,718,718,718,718,718,718,718,718,718,718,718,718,718,
goal:718,718,718,718,718,718,718,718,718,718,718,718,718,718,718,718,718,718,718,718,718,718,718,718,718,718,718,718,718,718,718,718,718,718,718,718,718,718,718,718,718,718,718,718,718,718,718,718,718,718,718,718,718,718,718,718,718,718,718,718,718,718,718,718,718,718,718,718,718,718,718,718,718,718,718,718,718,718,718,718,718,718,718,718,718,718,718,718,718,718,
size:47
[agent] id:23
path:2054,1947,1840,1841,1734,1627,1520,1413,1306,1305,1304,1303,1302,1301,1300,1300,1300,1300,1300,1300,1300,1300,1300,1300,1300,1300,1300,1300,1300,1300,1300,1300,1300,1300,1300,1300,1300,1300,1300,1300,1300,1300,1300,1300,1300,1300,1300,1300,1300,1300,1300,1300,1300,1300,1300,1300,1300,1300,1300,1300,1300,1300,1300,1300,1300,1300,1300,1300,1300,1300,1300,1300,1300,1300,1300,1300,1300,1300,1300,1300,1300,1300,1300,1300,1300,1300,1300,1300,1300,1300,
goal:1300,1300,1300,1300,1300,1300,1300,1300,1300,1300,1300,1300,1300,1300,1300,1300,1300,1300,1300,1300,1300,1300,1300,1300,1300,1300,1300,1300,1300,1300,1300,1300,1300,1300,1300,1300,1300,1300,1300,1300,1300,1300,1300,1300,1300,1300,1300,1300,1300,1300,1300,1300,1300,1300,1300,1300,1300,1300,1300,1300,1300,1300,1300,1300,1300,1300,1300,1300,1300,1300,1300,1300,1300,1300,1300,1300,1300,1300,1300,1300,1300,1300,1300,1300,1300,1300,1300,1300,1300,1300,
size:14
[agent] id:24
path:2213,2106,2105,2104,2103,2102,2101,2100,2099,2098,2097,2096,2095,2094,2093,2092,2091,2090,2089,2088,1981,1980,1979,1978,1871,1870,1869,1868,1867,1866,1865,1864,1863,1862,1861,1860,1967,1966,1965,1964,1963,1962,1961,1960,1959,1958,1957,1956,1955,1954,1847,1846,1845,1844,1843,1842,1735,1628,1521,1414,1307,1200,1093,986,879,878,878,878,878,878,878,878,878,878,878,878,878,878,878,878,878,878,878,878,878,878,878,878,878,878,
goal:878,878,878,878,878,878,878,878,878,878,878,878,878,878,878,878,878,878,878,878,878,878,878,878,878,878,878,878,878,878,878,878,878,878,878,878,878,878,878,878,878,878,878,878,878,878,878,878,878,878,878,878,878,878,878,878,878,878,878,878,878,878,878,878,878,878,878,878,878,878,878,878,878,878,878,878,878,878,878,878,878,878,878,878,878,878,878,878,878,878,
size:65
[agent] id:25
path:3809,3702,3703,3596,3597,3598,3599,3600,3601,3494,3387,3280,3173,3066,2959,2852,2851,2850,2849,2848,2847,2846,2845,2844,2843,2842,2841,2840,2839,2838,2837,2836,2835,2834,2833,2832,2831,2830,2829,2828,2827,2826,2825,2824,2823,2822,2821,2820,2819,2818,2817,2817,2817,2817,2817,2817,2817,2817,2817,2817,2817,2817,2817,2817,2817,2817,2817,2817,2817,2817,2817,2817,2817,2817,2817,2817,2817,2817,2817,2817,2817,2817,2817,2817,2817,2817,2817,2817,2817,2817,
goal:2817,2817,2817,2817,2817,2817,2817,2817,2817,2817,2817,2817,2817,2817,2817,2817,2817,2817,2817,2817,2817,2817,2817,2817,2817,2817,2817,2817,2817,2817,2817,2817,2817,2817,2817,2817,2817,2817,2817,2817,2817,2817,2817,2817,2817,2817,2817,2817,2817,2817,2817,2817,2817,2817,2817,2817,2817,2817,2817,2817,2817,2817,2817,2817,2817,2817,2817,2817,2817,2817,2817,2817,2817,2817,2817,2817,2817,2817,2817,2817,2817,2817,2817,2817,2817,2817,2817,2817,2817,2817,
size:50
[agent] id:26
path:561,668,775,882,989,1096,1203,1310,1417,1416,1415,1414,1521,1628,1735,1842,1949,1950,1951,1952,1953,1954,1955,1956,1957,1958,1959,1960,1961,1962,1963,1964,1965,1966,1967,1968,1969,1970,1971,1972,1973,1974,1975,1976,1977,1978,1979,1980,1981,1982,1983,1984,1985,1986,1987,1988,1989,1990,1991,1992,1993,1994,1995,1996,1997,1998,1999,2000,2001,2002,2003,2004,2005,2006,2007,2008,2009,2010,2011,2012,2012,2012,2012,2012,2012,2012,2012,2012,2012,2012,
goal:2012,2012,2012,2012,2012,2012,2012,2012,2012,2012,2012,2012,2012,2012,2012,2012,2012,2012,2012,2012,2012,2012,2012,2012,2012,2012,2012,2012,2012,2012,2012,2012,2012,2012,2012,2012,2012,2012,2012,2012,2012,2012,2012,2012,2012,2012,2012,2012,2012,2012,2012,2012,2012,2012,2012,2012,2012,2012,2012,2012,2012,2012,2012,2012,2012,2012,2012,2012,2012,2012,2012,2012,2012,2012,2012,2012,2012,2012,2012,2012,2012,2012,2012,2012,2012,2012,2012,2012,2012,2012,
size:79
[agent] id:27
path:3989,3882,3775,3774,3773,3772,3771,3770,3769,3768,3661,3554,3447,3340,3233,3126,3019,3020,3021,3022,3023,3024,3025,3026,3027,3028,3029,3030,3031,3032,3033,3034,2927,2928,2929,2930,2931,2932,2933,2934,2935,2936,2937,2938,2939,3046,3047,3048,3049,3050,3051,3052,3053,3054,3055,3056,3057,3058,3059,3060,3061,3062,3169,3170,3171,3172,3173,3280,3387,3494,3601,3708,3815,3814,3813,3812,3811,3811,3811,3811,3811,3811,3811,3811,3811,3811,3811,3811,3811,3811,
goal:3811,3811,3811,3811,3811,3811,3811,3811,3811,3811,3811,3811,3811,3811,3811,3811,3811,3811,3811,3811,3811,3811,3811,3811,3811,3811,3811,3811,3811,3811,3811,3811,3811,3811,3811,3811,3811,3811,3811,3811,3811,3811,3811,3811,3811,3811,3811,3811,3811,3811,3811,3811,3811,3811,3811,3811,3811,3811,3811,3811,3811,3811,3811,3811,3811,3811,3811,3811,3811,3811,3811,3811,3811,3811,3811,3811,3811,3811,3811,3811,3811,3811,3811,3811,3811,3811,3811,3811,3811,3811,
size:76
[agent] id:28
path:1932,2039,2146,2253,2254,2255,2256,2257,2258,2259,2260,2367,2368,2369,2370,2371,2264,2265,2266,2267,2268,2269,2270,2271,2272,2273,2274,2275,2276,2277,2278,2279,2280,2281,2282,2283,2284,2285,2286,2287,2288,2289,2290,2291,2292,2293,2294,2295,2296,2297,2298,2299,2300,2301,2302,2303,2304,2305,2306,2307,2308,2309,2310,2311,2312,2313,2314,2315,2316,2317,2318,2319,2320,2321,2322,2323,2324,2325,2326,2327,2328,2329,2330,2331,2332,2333,2334,2335,2336,2337,
goal:2337,2337,2337,2337,2337,2337,2337,2337,2337,2337,2337,2337,2337,2337,2337,2337,2337,2337,2337,2337,2337,2337,2337,2337,2337,2337,2337,2337,2337,2337,2337,2337,2337,2337,2337,2337,2337,2337,2337,2337,2337,2337,2337,2337,2337,2337,2337,2337,2337,2337,2337,2337,2337,2337,2337,2337,2337,2337,2337,2337,2337,2337,2337,2337,2337,2337,2337,2337,2337,2337,2337,2337,2337,2337,2337,2337,2337,2337,2337,2337,2337,2337,2337,2337,2337,2337,2337,2337,2337,2337,
size:89
[agent] id:29
path:2588,2481,2374,2375,2376,2377,2378,2379,2380,2381,2382,2383,2384,2385,2386,2387,2388,2389,2390,2391,2392,2393,2394,2395,2396,2397,2398,2399,2400,2401,2402,2403,2404,2405,2406,2407,2408,2409,2410,2411,2412,2413,2414,2415,2416,2417,2418,2419,2420,2421,2422,2423,2424,2425,2426,2427,2428,2429,2430,2431,2432,2433,2434,2435,2436,2437,2438,2439,2440,2441,2441,2441,2441,2441,2441,2441,2441,2441,2441,2441,2441,2441,2441,2441,2441,2441,2441,2441,2441,2441,
goal:2441,2441,2441,2441,2441,2441,2441,2441,2441,2441,2441,2441,2441,2441,2441,2441,2441,2441,2441,2441,2441,2441,2441,2441,2441,2441,2441,2441,2441,2441,2441,2441,2441,2441,2441,2441,2441,2441,2441,2441,2441,2441,2441,2441,2441,2441,2441,2441,2441,2441,2441,2441,2441,2441,2441,2441,2441,2441,2441,2441,2441,2441,2441,2441,2441,2441,2441,2441,2441,2441,2441,2441,2441,2441,2441,2441,2441,2441,2441,2441,2441,2441,2441,2441,2441,2441,2441,2441,2441,2441,
size:69
SolutionCost:1513
