[setting] seed:19
[solver] type:ECBS
[solver] w:3.000000
[solver] ID:0
[solver] Lowlevelnode:30922
[solver] solved:1
[solver] elapsed:103
[solver] makespan:78
[problem] timesteplimit:10000
[problem] type:MAPF
[problem] agentnum:10
[graph] width:107
[graph] height:47
[graph] filename:./map/orz601d.map
[task] id:1,start:0,end:0,service time:0,nodes:2633,
[task] id:0,start:0,end:0,service time:0,nodes:2824,
[task] id:7,start:0,end:0,service time:0,nodes:558,
[task] id:9,start:0,end:0,service time:0,nodes:3159,
[task] id:3,start:0,end:0,service time:0,nodes:370,
[task] id:6,start:0,end:0,service time:0,nodes:2419,
[task] id:2,start:0,end:0,service time:0,nodes:3193,
[task] id:4,start:0,end:0,service time:0,nodes:2018,
[task] id:8,start:0,end:0,service time:0,nodes:2859,
[task] id:5,start:0,end:0,service time:0,nodes:2964,
[agent] id:0
path:1953,2060,2167,2274,2381,2488,2595,2702,2809,2810,2811,2812,2813,2814,2815,2816,2817,2818,2819,2820,2821,2822,2823,2824,2824,2824,2824,2824,2824,2824,2824,2824,2824,2824,2824,2824,2824,2824,2824,2824,2824,2824,2824,2824,2824,2824,2824,2824,2824,2824,2824,2824,2824,2824,2824,2824,2824,2824,2824,2824,2824,2824,2824,2824,2824,2824,2824,2824,2824,2824,2824,2824,2824,2824,2824,2824,2824,2824,2824,
goal:2824,2824,2824,2824,2824,2824,2824,2824,2824,2824,2824,2824,2824,2824,2824,2824,2824,2824,2824,2824,2824,2824,2824,2824,2824,2824,2824,2824,2824,2824,2824,2824,2824,2824,2824,2824,2824,2824,2824,2824,2824,2824,2824,2824,2824,2824,2824,2824,2824,2824,2824,2824,2824,2824,2824,2824,2824,2824,2824,2824,2824,2824,2824,2824,2824,2824,2824,2824,2824,2824,2824,2824,2824,2824,2824,2824,2824,2824,2824,
size:23
[agent] id:1
path:1243,1350,1457,1458,1459,1460,1461,1568,1675,1782,1889,1996,2103,2210,2317,2424,2531,2638,2637,2636,2635,2634,2633,2633,2633,2633,2633,2633,2633,2633,2633,2633,2633,2633,2633,2633,2633,2633,2633,2633,2633,2633,2633,2633,2633,2633,2633,2633,2633,2633,2633,2633,2633,2633,2633,2633,2633,2633,2633,2633,2633,2633,2633,2633,2633,2633,2633,2633,2633,2633,2633,2633,2633,2633,2633,2633,2633,2633,2633,
goal:2633,2633,2633,2633,2633,2633,2633,2633,2633,2633,2633,2633,2633,2633,2633,2633,2633,2633,2633,2633,2633,2633,2633,2633,2633,2633,2633,2633,2633,2633,2633,2633,2633,2633,2633,2633,2633,2633,2633,2633,2633,2633,2633,2633,2633,2633,2633,2633,2633,2633,2633,2633,2633,2633,2633,2633,2633,2633,2633,2633,2633,2633,2633,2633,2633,2633,2633,2633,2633,2633,2633,2633,2633,2633,2633,2633,2633,2633,2633,
size:22
[agent] id:2
path:2176,2283,2390,2497,2604,2711,2818,2925,3032,3033,3034,3035,3036,3037,3038,3039,3040,3041,3042,3043,3044,3045,3046,3047,3048,3049,3050,3051,3052,3053,3054,3055,3056,3057,3058,3059,3060,3061,3062,3063,3064,3065,3066,3067,3068,3069,3070,3071,3072,3073,3074,3075,3076,3077,3078,3079,3080,3081,3082,3083,3084,3085,3086,3193,3193,3193,3193,3193,3193,3193,3193,3193,3193,3193,3193,3193,3193,3193,3193,
goal:3193,3193,3193,3193,3193,3193,3193,3193,3193,3193,3193,3193,3193,3193,3193,3193,3193,3193,3193,3193,3193,3193,3193,3193,3193,3193,3193,3193,3193,3193,3193,3193,3193,3193,3193,3193,3193,3193,3193,3193,3193,3193,3193,3193,3193,3193,3193,3193,3193,3193,3193,3193,3193,3193,3193,3193,3193,3193,3193,3193,3193,3193,3193,3193,3193,3193,3193,3193,3193,3193,3193,3193,3193,3193,3193,3193,3193,3193,3193,
size:63
[agent] id:3
path:2011,2010,2009,2008,2007,2006,2005,2004,2003,2002,2001,2000,1999,1998,1997,1996,1995,1994,1993,1992,1991,1990,1989,1988,1987,1986,1985,1984,1983,1982,1981,1980,1979,1978,1871,1870,1869,1868,1867,1866,1759,1652,1545,1438,1331,1224,1117,1010,903,796,689,582,475,476,477,370,370,370,370,370,370,370,370,370,370,370,370,370,370,370,370,370,370,370,370,370,370,370,370,
goal:370,370,370,370,370,370,370,370,370,370,370,370,370,370,370,370,370,370,370,370,370,370,370,370,370,370,370,370,370,370,370,370,370,370,370,370,370,370,370,370,370,370,370,370,370,370,370,370,370,370,370,370,370,370,370,370,370,370,370,370,370,370,370,370,370,370,370,370,370,370,370,370,370,370,370,370,370,370,370,
size:55
[agent] id:4
path:2702,2595,2488,2381,2382,2275,2168,2061,2062,2063,2064,2065,2066,2067,2068,2069,2070,2071,2072,2073,2074,2075,2076,2077,2078,2079,2080,2081,2082,2083,2084,2085,2086,2087,1980,1981,1982,1983,1984,1985,1986,1987,1988,1989,1990,1991,1992,1993,1994,1995,1996,1997,1998,1999,2000,2001,2002,2003,2004,2005,2006,2007,2008,2009,2010,2011,2012,2013,2014,2015,2016,2017,2018,2018,2018,2018,2018,2018,2018,
goal:2018,2018,2018,2018,2018,2018,2018,2018,2018,2018,2018,2018,2018,2018,2018,2018,2018,2018,2018,2018,2018,2018,2018,2018,2018,2018,2018,2018,2018,2018,2018,2018,2018,2018,2018,2018,2018,2018,2018,2018,2018,2018,2018,2018,2018,2018,2018,2018,2018,2018,2018,2018,2018,2018,2018,2018,2018,2018,2018,2018,2018,2018,2018,2018,2018,2018,2018,2018,2018,2018,2018,2018,2018,2018,2018,2018,2018,2018,2018,
size:72
[agent] id:5
path:454,561,668,775,882,989,1096,1203,1310,1417,1416,1415,1414,1521,1628,1735,1842,1843,1950,2057,2164,2271,2378,2485,2592,2699,2806,2913,2914,2915,2916,2917,2918,2919,2920,2921,2922,2923,2924,2925,2926,2927,2928,2929,2930,2931,2932,2933,2934,2935,2936,2937,2938,2939,2940,2941,2942,2943,2944,2945,2946,2947,2948,2949,2950,2951,2952,2953,2954,2955,2956,2957,2958,2959,2960,2961,2962,2963,2964,
goal:2964,2964,2964,2964,2964,2964,2964,2964,2964,2964,2964,2964,2964,2964,2964,2964,2964,2964,2964,2964,2964,2964,2964,2964,2964,2964,2964,2964,2964,2964,2964,2964,2964,2964,2964,2964,2964,2964,2964,2964,2964,2964,2964,2964,2964,2964,2964,2964,2964,2964,2964,2964,2964,2964,2964,2964,2964,2964,2964,2964,2964,2964,2964,2964,2964,2964,2964,2964,2964,2964,2964,2964,2964,2964,2964,2964,2964,2964,2964,
size:78
[agent] id:6
path:2794,2687,2580,2473,2366,2367,2368,2369,2370,2371,2372,2373,2374,2375,2376,2377,2378,2379,2380,2381,2382,2383,2384,2385,2386,2387,2388,2389,2390,2391,2392,2393,2394,2395,2396,2397,2398,2399,2400,2401,2402,2403,2404,2405,2406,2407,2408,2409,2410,2411,2412,2413,2414,2415,2416,2417,2418,2419,2419,2419,2419,2419,2419,2419,2419,2419,2419,2419,2419,2419,2419,2419,2419,2419,2419,2419,2419,2419,2419,
goal:2419,2419,2419,2419,2419,2419,2419,2419,2419,2419,2419,2419,2419,2419,2419,2419,2419,2419,2419,2419,2419,2419,2419,2419,2419,2419,2419,2419,2419,2419,2419,2419,2419,2419,2419,2419,2419,2419,2419,2419,2419,2419,2419,2419,2419,2419,2419,2419,2419,2419,2419,2419,2419,2419,2419,2419,2419,2419,2419,2419,2419,2419,2419,2419,2419,2419,2419,2419,2419,2419,2419,2419,2419,2419,2419,2419,2419,2419,2419,
size:57
[agent] id:7
path:3661,3554,3447,3340,3233,3126,3019,2912,2805,2698,2591,2484,2377,2270,2163,2056,1949,1842,1735,1628,1521,1414,1307,1200,1093,986,879,772,665,558,558,558,558,558,558,558,558,558,558,558,558,558,558,558,558,558,558,558,558,558,558,558,558,558,558,558,558,558,558,558,558,558,558,558,558,558,558,558,558,558,558,558,558,558,558,558,558,558,558,
goal:558,558,558,558,558,558,558,558,558,558,558,558,558,558,558,558,558,558,558,558,558,558,558,558,558,558,558,558,558,558,558,558,558,558,558,558,558,558,558,558,558,558,558,558,558,558,558,558,558,558,558,558,558,558,558,558,558,558,558,558,558,558,558,558,558,558,558,558,558,558,558,558,558,558,558,558,558,558,558,
size:29
[agent] id:8
path:2896,2789,2682,2575,2468,2469,2470,2471,2472,2473,2474,2475,2476,2477,2478,2585,2692,2693,2694,2695,2696,2697,2698,2699,2700,2701,2702,2703,2704,2705,2706,2707,2708,2709,2710,2711,2712,2713,2714,2715,2716,2717,2718,2825,2826,2827,2828,2829,2830,2831,2832,2833,2834,2835,2836,2837,2838,2839,2840,2841,2842,2843,2844,2845,2846,2847,2848,2849,2850,2851,2852,2853,2854,2855,2856,2857,2858,2859,2859,
goal:2859,2859,2859,2859,2859,2859,2859,2859,2859,2859,2859,2859,2859,2859,2859,2859,2859,2859,2859,2859,2859,2859,2859,2859,2859,2859,2859,2859,2859,2859,2859,2859,2859,2859,2859,2859,2859,2859,2859,2859,2859,2859,2859,2859,2859,2859,2859,2859,2859,2859,2859,2859,2859,2859,2859,2859,2859,2859,2859,2859,2859,2859,2859,2859,2859,2859,2859,2859,2859,2859,2859,2859,2859,2859,2859,2859,2859,2859,2859,
size:77
[agent] id:9
path:607,714,821,928,1035,1142,1249,1356,1463,1462,1569,1676,1783,1890,1889,1888,1887,1886,1885,1884,1884,1991,2098,2205,2312,2419,2526,2525,2632,2739,2846,2953,2952,2951,2950,3057,3056,3163,3162,3161,3160,3159,3159,3159,3159,3159,3159,3159,3159,3159,3159,3159,3159,3159,3159,3159,3159,3159,3159,3159,3159,3159,3159,3159,3159,3159,3159,3159,3159,3159,3159,3159,3159,3159,3159,3159,3159,3159,3159,
goal:3159,3159,3159,3159,3159,3159,3159,3159,3159,3159,3159,3159,3159,3159,3159,3159,3159,3159,3159,3159,3159,3159,3159,3159,3159,3159,3159,3159,3159,3159,3159,3159,3159,3159,3159,3159,3159,3159,3159,3159,3159,3159,3159,3159,3159,3159,3159,3159,3159,3159,3159,3159,3159,3159,3159,3159,3159,3159,3159,3159,3159,3159,3159,3159,3159,3159,3159,3159,3159,3159,3159,3159,3159,3159,3159,3159,3159,3159,3159,
size:41
SolutionCost:517
