[setting] seed:14
[solver] type:ECBS
[solver] w:3.000000
[solver] ID:0
[solver] Lowlevelnode:22001
[solver] solved:1
[solver] elapsed:0
[solver] makespan:69
[problem] timesteplimit:10000
[problem] type:MAPF
[problem] agentnum:10
[graph] width:107
[graph] height:47
[graph] filename:./map/orz601d.map
[task] id:1,start:0,end:0,service time:0,nodes:1901,
[task] id:3,start:0,end:0,service time:0,nodes:1802,
[task] id:6,start:0,end:0,service time:0,nodes:2562,
[task] id:0,start:0,end:0,service time:0,nodes:2378,
[task] id:5,start:0,end:0,service time:0,nodes:3162,
[task] id:9,start:0,end:0,service time:0,nodes:2936,
[task] id:2,start:0,end:0,service time:0,nodes:2928,
[task] id:7,start:0,end:0,service time:0,nodes:2787,
[task] id:8,start:0,end:0,service time:0,nodes:2605,
[task] id:4,start:0,end:0,service time:0,nodes:2385,
[agent] id:0
path:4190,4083,3976,3869,3762,3763,3764,3765,3766,3767,3660,3553,3446,3339,3232,3125,3018,2911,2804,2697,2590,2483,2376,2377,2378,2378,2378,2378,2378,2378,2378,2378,2378,2378,2378,2378,2378,2378,2378,2378,2378,2378,2378,2378,2378,2378,2378,2378,2378,2378,2378,2378,2378,2378,2378,2378,2378,2378,2378,2378,2378,2378,2378,2378,2378,2378,2378,2378,2378,2378,
goal:2378,2378,2378,2378,2378,2378,2378,2378,2378,2378,2378,2378,2378,2378,2378,2378,2378,2378,2378,2378,2378,2378,2378,2378,2378,2378,2378,2378,2378,2378,2378,2378,2378,2378,2378,2378,2378,2378,2378,2378,2378,2378,2378,2378,2378,2378,2378,2378,2378,2378,2378,2378,2378,2378,2378,2378,2378,2378,2378,2378,2378,2378,2378,2378,2378,2378,2378,2378,2378,2378,
size:24
[agent] id:1
path:2225,2118,2117,2116,2009,1902,1901,1901,1901,1901,1901,1901,1901,1901,1901,1901,1901,1901,1901,1901,1901,1901,1901,1901,1901,1901,1901,1901,1901,1901,1901,1901,1901,1901,1901,1901,1901,1901,1901,1901,1901,1901,1901,1901,1901,1901,1901,1901,1901,1901,1901,1901,1901,1901,1901,1901,1901,1901,1901,1901,1901,1901,1901,1901,1901,1901,1901,1901,1901,1901,
goal:1901,1901,1901,1901,1901,1901,1901,1901,1901,1901,1901,1901,1901,1901,1901,1901,1901,1901,1901,1901,1901,1901,1901,1901,1901,1901,1901,1901,1901,1901,1901,1901,1901,1901,1901,1901,1901,1901,1901,1901,1901,1901,1901,1901,1901,1901,1901,1901,1901,1901,1901,1901,1901,1901,1901,1901,1901,1901,1901,1901,1901,1901,1901,1901,1901,1901,1901,1901,1901,1901,
size:6
[agent] id:2
path:558,665,772,879,986,1093,1200,1307,1414,1521,1628,1735,1842,1949,2056,2163,2270,2377,2484,2591,2698,2805,2912,2913,2914,2915,2916,2917,2918,2919,2920,2921,2922,2923,2924,2925,2926,2927,2928,2928,2928,2928,2928,2928,2928,2928,2928,2928,2928,2928,2928,2928,2928,2928,2928,2928,2928,2928,2928,2928,2928,2928,2928,2928,2928,2928,2928,2928,2928,2928,
goal:2928,2928,2928,2928,2928,2928,2928,2928,2928,2928,2928,2928,2928,2928,2928,2928,2928,2928,2928,2928,2928,2928,2928,2928,2928,2928,2928,2928,2928,2928,2928,2928,2928,2928,2928,2928,2928,2928,2928,2928,2928,2928,2928,2928,2928,2928,2928,2928,2928,2928,2928,2928,2928,2928,2928,2928,2928,2928,2928,2928,2928,2928,2928,2928,2928,2928,2928,2928,2928,2928,
size:38
[agent] id:3
path:1795,1796,1903,2010,2011,2012,2013,2014,2015,1908,1909,1802,1802,1802,1802,1802,1802,1802,1802,1802,1802,1802,1802,1802,1802,1802,1802,1802,1802,1802,1802,1802,1802,1802,1802,1802,1802,1802,1802,1802,1802,1802,1802,1802,1802,1802,1802,1802,1802,1802,1802,1802,1802,1802,1802,1802,1802,1802,1802,1802,1802,1802,1802,1802,1802,1802,1802,1802,1802,1802,
goal:1802,1802,1802,1802,1802,1802,1802,1802,1802,1802,1802,1802,1802,1802,1802,1802,1802,1802,1802,1802,1802,1802,1802,1802,1802,1802,1802,1802,1802,1802,1802,1802,1802,1802,1802,1802,1802,1802,1802,1802,1802,1802,1802,1802,1802,1802,1802,1802,1802,1802,1802,1802,1802,1802,1802,1802,1802,1802,1802,1802,1802,1802,1802,1802,1802,1802,1802,1802,1802,1802,
size:11
[agent] id:4
path:2560,2453,2452,2451,2450,2449,2448,2447,2446,2445,2444,2443,2442,2441,2440,2439,2438,2437,2436,2435,2434,2433,2432,2431,2430,2429,2428,2427,2426,2425,2424,2423,2422,2421,2420,2419,2418,2417,2416,2415,2414,2413,2412,2411,2410,2409,2408,2407,2406,2405,2404,2403,2402,2401,2400,2399,2398,2397,2396,2395,2394,2393,2392,2391,2390,2389,2388,2387,2386,2385,
goal:2385,2385,2385,2385,2385,2385,2385,2385,2385,2385,2385,2385,2385,2385,2385,2385,2385,2385,2385,2385,2385,2385,2385,2385,2385,2385,2385,2385,2385,2385,2385,2385,2385,2385,2385,2385,2385,2385,2385,2385,2385,2385,2385,2385,2385,2385,2385,2385,2385,2385,2385,2385,2385,2385,2385,2385,2385,2385,2385,2385,2385,2385,2385,2385,2385,2385,2385,2385,2385,2385,
size:69
[agent] id:5
path:3078,3077,3076,3075,3074,3073,3072,3071,3070,3069,3068,3067,3066,3065,3064,3063,3062,3061,3060,3059,3058,3057,3056,3163,3162,3162,3162,3162,3162,3162,3162,3162,3162,3162,3162,3162,3162,3162,3162,3162,3162,3162,3162,3162,3162,3162,3162,3162,3162,3162,3162,3162,3162,3162,3162,3162,3162,3162,3162,3162,3162,3162,3162,3162,3162,3162,3162,3162,3162,3162,
goal:3162,3162,3162,3162,3162,3162,3162,3162,3162,3162,3162,3162,3162,3162,3162,3162,3162,3162,3162,3162,3162,3162,3162,3162,3162,3162,3162,3162,3162,3162,3162,3162,3162,3162,3162,3162,3162,3162,3162,3162,3162,3162,3162,3162,3162,3162,3162,3162,3162,3162,3162,3162,3162,3162,3162,3162,3162,3162,3162,3162,3162,3162,3162,3162,3162,3162,3162,3162,3162,3162,
size:24
[agent] id:6
path:2338,2445,2552,2553,2554,2555,2556,2557,2558,2559,2560,2561,2562,2562,2562,2562,2562,2562,2562,2562,2562,2562,2562,2562,2562,2562,2562,2562,2562,2562,2562,2562,2562,2562,2562,2562,2562,2562,2562,2562,2562,2562,2562,2562,2562,2562,2562,2562,2562,2562,2562,2562,2562,2562,2562,2562,2562,2562,2562,2562,2562,2562,2562,2562,2562,2562,2562,2562,2562,2562,
goal:2562,2562,2562,2562,2562,2562,2562,2562,2562,2562,2562,2562,2562,2562,2562,2562,2562,2562,2562,2562,2562,2562,2562,2562,2562,2562,2562,2562,2562,2562,2562,2562,2562,2562,2562,2562,2562,2562,2562,2562,2562,2562,2562,2562,2562,2562,2562,2562,2562,2562,2562,2562,2562,2562,2562,2562,2562,2562,2562,2562,2562,2562,2562,2562,2562,2562,2562,2562,2562,2562,
size:12
[agent] id:7
path:1747,1854,1961,2068,2175,2282,2389,2496,2495,2494,2493,2492,2491,2490,2489,2488,2487,2486,2485,2484,2483,2482,2481,2480,2479,2478,2477,2476,2475,2474,2581,2688,2795,2794,2793,2792,2791,2790,2789,2788,2787,2787,2787,2787,2787,2787,2787,2787,2787,2787,2787,2787,2787,2787,2787,2787,2787,2787,2787,2787,2787,2787,2787,2787,2787,2787,2787,2787,2787,2787,
goal:2787,2787,2787,2787,2787,2787,2787,2787,2787,2787,2787,2787,2787,2787,2787,2787,2787,2787,2787,2787,2787,2787,2787,2787,2787,2787,2787,2787,2787,2787,2787,2787,2787,2787,2787,2787,2787,2787,2787,2787,2787,2787,2787,2787,2787,2787,2787,2787,2787,2787,2787,2787,2787,2787,2787,2787,2787,2787,2787,2787,2787,2787,2787,2787,2787,2787,2787,2787,2787,2787,
size:40
[agent] id:8
path:2237,2344,2451,2558,2665,2664,2663,2662,2661,2660,2659,2658,2657,2656,2655,2654,2653,2652,2651,2650,2649,2648,2647,2646,2645,2644,2643,2642,2641,2640,2639,2638,2637,2636,2635,2634,2633,2632,2631,2630,2629,2628,2627,2626,2625,2624,2623,2622,2621,2620,2619,2618,2617,2616,2615,2614,2613,2612,2611,2610,2609,2608,2607,2606,2605,2605,2605,2605,2605,2605,
goal:2605,2605,2605,2605,2605,2605,2605,2605,2605,2605,2605,2605,2605,2605,2605,2605,2605,2605,2605,2605,2605,2605,2605,2605,2605,2605,2605,2605,2605,2605,2605,2605,2605,2605,2605,2605,2605,2605,2605,2605,2605,2605,2605,2605,2605,2605,2605,2605,2605,2605,2605,2605,2605,2605,2605,2605,2605,2605,2605,2605,2605,2605,2605,2605,2605,2605,2605,2605,2605,2605,
size:64
[agent] id:9
path:2001,2108,2215,2322,2429,2536,2643,2750,2857,2964,2963,2962,2961,2960,2959,2958,2957,2956,2955,2954,2953,2952,2951,2950,2949,2948,2947,2946,2945,2944,2943,2942,2941,2940,2939,2938,2937,2936,2936,2936,2936,2936,2936,2936,2936,2936,2936,2936,2936,2936,2936,2936,2936,2936,2936,2936,2936,2936,2936,2936,2936,2936,2936,2936,2936,2936,2936,2936,2936,2936,
goal:2936,2936,2936,2936,2936,2936,2936,2936,2936,2936,2936,2936,2936,2936,2936,2936,2936,2936,2936,2936,2936,2936,2936,2936,2936,2936,2936,2936,2936,2936,2936,2936,2936,2936,2936,2936,2936,2936,2936,2936,2936,2936,2936,2936,2936,2936,2936,2936,2936,2936,2936,2936,2936,2936,2936,2936,2936,2936,2936,2936,2936,2936,2936,2936,2936,2936,2936,2936,2936,2936,
size:37
SolutionCost:325
