[setting] seed:86
[solver] type:ECBS
[solver] w:3.000000
[solver] ID:0
[solver] Lowlevelnode:29244
[solver] solved:1
[solver] elapsed:103
[solver] makespan:99
[problem] timesteplimit:10000
[problem] type:MAPF
[problem] agentnum:30
[graph] width:107
[graph] height:47
[graph] filename:./map/orz601d.map
[task] id:4,start:0,end:0,service time:0,nodes:2664,
[task] id:17,start:0,end:0,service time:0,nodes:2957,
[task] id:22,start:0,end:0,service time:0,nodes:2287,
[task] id:9,start:0,end:0,service time:0,nodes:2000,
[task] id:27,start:0,end:0,service time:0,nodes:3121,
[task] id:20,start:0,end:0,service time:0,nodes:3869,
[task] id:2,start:0,end:0,service time:0,nodes:1305,
[task] id:25,start:0,end:0,service time:0,nodes:3077,
[task] id:13,start:0,end:0,service time:0,nodes:2115,
[task] id:11,start:0,end:0,service time:0,nodes:3235,
[task] id:0,start:0,end:0,service time:0,nodes:2395,
[task] id:18,start:0,end:0,service time:0,nodes:2208,
[task] id:8,start:0,end:0,service time:0,nodes:3976,
[task] id:29,start:0,end:0,service time:0,nodes:993,
[task] id:3,start:0,end:0,service time:0,nodes:2593,
[task] id:16,start:0,end:0,service time:0,nodes:447,
[task] id:24,start:0,end:0,service time:0,nodes:1122,
[task] id:23,start:0,end:0,service time:0,nodes:3769,
[task] id:21,start:0,end:0,service time:0,nodes:3173,
[task] id:5,start:0,end:0,service time:0,nodes:2943,
[task] id:1,start:0,end:0,service time:0,nodes:2193,
[task] id:6,start:0,end:0,service time:0,nodes:2613,
[task] id:10,start:0,end:0,service time:0,nodes:1722,
[task] id:28,start:0,end:0,service time:0,nodes:2822,
[task] id:7,start:0,end:0,service time:0,nodes:2636,
[task] id:19,start:0,end:0,service time:0,nodes:607,
[task] id:12,start:0,end:0,service time:0,nodes:2481,
[task] id:15,start:0,end:0,service time:0,nodes:3335,
[task] id:14,start:0,end:0,service time:0,nodes:1095,
[task] id:26,start:0,end:0,service time:0,nodes:4304,
[agent] id:0
path:2530,2423,2422,2421,2420,2419,2418,2417,2416,2415,2414,2413,2412,2411,2410,2409,2408,2407,2406,2405,2404,2403,2402,2401,2400,2399,2398,2397,2396,2395,2395,2395,2395,2395,2395,2395,2395,2395,2395,2395,2395,2395,2395,2395,2395,2395,2395,2395,2395,2395,2395,2395,2395,2395,2395,2395,2395,2395,2395,2395,2395,2395,2395,2395,2395,2395,2395,2395,2395,2395,2395,2395,2395,2395,2395,2395,2395,2395,2395,2395,2395,2395,2395,2395,2395,2395,2395,2395,2395,2395,2395,2395,2395,2395,2395,2395,2395,2395,2395,2395,
goal:2395,2395,2395,2395,2395,2395,2395,2395,2395,2395,2395,2395,2395,2395,2395,2395,2395,2395,2395,2395,2395,2395,2395,2395,2395,2395,2395,2395,2395,2395,2395,2395,2395,2395,2395,2395,2395,2395,2395,2395,2395,2395,2395,2395,2395,2395,2395,2395,2395,2395,2395,2395,2395,2395,2395,2395,2395,2395,2395,2395,2395,2395,2395,2395,2395,2395,2395,2395,2395,2395,2395,2395,2395,2395,2395,2395,2395,2395,2395,2395,2395,2395,2395,2395,2395,2395,2395,2395,2395,2395,2395,2395,2395,2395,2395,2395,2395,2395,2395,2395,
size:29
[agent] id:1
path:2348,2455,2454,2453,2452,2451,2450,2449,2448,2447,2446,2339,2338,2337,2336,2335,2334,2333,2332,2331,2330,2329,2328,2327,2326,2325,2324,2323,2322,2321,2320,2319,2318,2317,2316,2315,2314,2207,2206,2205,2204,2203,2202,2201,2200,2199,2198,2197,2196,2195,2194,2193,2193,2193,2193,2193,2193,2193,2193,2193,2193,2193,2193,2193,2193,2193,2193,2193,2193,2193,2193,2193,2193,2193,2193,2193,2193,2193,2193,2193,2193,2193,2193,2193,2193,2193,2193,2193,2193,2193,2193,2193,2193,2193,2193,2193,2193,2193,2193,2193,
goal:2193,2193,2193,2193,2193,2193,2193,2193,2193,2193,2193,2193,2193,2193,2193,2193,2193,2193,2193,2193,2193,2193,2193,2193,2193,2193,2193,2193,2193,2193,2193,2193,2193,2193,2193,2193,2193,2193,2193,2193,2193,2193,2193,2193,2193,2193,2193,2193,2193,2193,2193,2193,2193,2193,2193,2193,2193,2193,2193,2193,2193,2193,2193,2193,2193,2193,2193,2193,2193,2193,2193,2193,2193,2193,2193,2193,2193,2193,2193,2193,2193,2193,2193,2193,2193,2193,2193,2193,2193,2193,2193,2193,2193,2193,2193,2193,2193,2193,2193,2193,
size:51
[agent] id:2
path:1747,1746,1853,1852,1959,1958,1957,1956,1955,1954,1847,1846,1845,1844,1843,1842,1735,1628,1521,1414,1307,1306,1305,1305,1305,1305,1305,1305,1305,1305,1305,1305,1305,1305,1305,1305,1305,1305,1305,1305,1305,1305,1305,1305,1305,1305,1305,1305,1305,1305,1305,1305,1305,1305,1305,1305,1305,1305,1305,1305,1305,1305,1305,1305,1305,1305,1305,1305,1305,1305,1305,1305,1305,1305,1305,1305,1305,1305,1305,1305,1305,1305,1305,1305,1305,1305,1305,1305,1305,1305,1305,1305,1305,1305,1305,1305,1305,1305,1305,1305,
goal:1305,1305,1305,1305,1305,1305,1305,1305,1305,1305,1305,1305,1305,1305,1305,1305,1305,1305,1305,1305,1305,1305,1305,1305,1305,1305,1305,1305,1305,1305,1305,1305,1305,1305,1305,1305,1305,1305,1305,1305,1305,1305,1305,1305,1305,1305,1305,1305,1305,1305,1305,1305,1305,1305,1305,1305,1305,1305,1305,1305,1305,1305,1305,1305,1305,1305,1305,1305,1305,1305,1305,1305,1305,1305,1305,1305,1305,1305,1305,1305,1305,1305,1305,1305,1305,1305,1305,1305,1305,1305,1305,1305,1305,1305,1305,1305,1305,1305,1305,1305,
size:22
[agent] id:3
path:1443,1442,1441,1440,1439,1438,1545,1652,1759,1866,1973,2080,2187,2294,2401,2508,2615,2614,2613,2612,2611,2610,2609,2608,2607,2606,2605,2604,2603,2602,2601,2600,2599,2598,2597,2596,2595,2594,2593,2593,2593,2593,2593,2593,2593,2593,2593,2593,2593,2593,2593,2593,2593,2593,2593,2593,2593,2593,2593,2593,2593,2593,2593,2593,2593,2593,2593,2593,2593,2593,2593,2593,2593,2593,2593,2593,2593,2593,2593,2593,2593,2593,2593,2593,2593,2593,2593,2593,2593,2593,2593,2593,2593,2593,2593,2593,2593,2593,2593,2593,
goal:2593,2593,2593,2593,2593,2593,2593,2593,2593,2593,2593,2593,2593,2593,2593,2593,2593,2593,2593,2593,2593,2593,2593,2593,2593,2593,2593,2593,2593,2593,2593,2593,2593,2593,2593,2593,2593,2593,2593,2593,2593,2593,2593,2593,2593,2593,2593,2593,2593,2593,2593,2593,2593,2593,2593,2593,2593,2593,2593,2593,2593,2593,2593,2593,2593,2593,2593,2593,2593,2593,2593,2593,2593,2593,2593,2593,2593,2593,2593,2593,2593,2593,2593,2593,2593,2593,2593,2593,2593,2593,2593,2593,2593,2593,2593,2593,2593,2593,2593,2593,
size:38
[agent] id:4
path:2879,2772,2665,2664,2664,2664,2664,2664,2664,2664,2664,2664,2664,2664,2664,2664,2664,2664,2664,2664,2664,2664,2664,2664,2664,2664,2664,2664,2664,2664,2664,2664,2664,2664,2664,2664,2664,2664,2664,2664,2664,2664,2664,2664,2664,2664,2664,2664,2664,2664,2664,2664,2664,2664,2664,2664,2664,2664,2664,2664,2664,2664,2664,2664,2664,2664,2664,2664,2664,2664,2664,2664,2664,2664,2664,2664,2664,2664,2664,2664,2664,2664,2664,2664,2664,2664,2664,2664,2664,2664,2664,2664,2664,2664,2664,2664,2664,2664,2664,2664,
goal:2664,2664,2664,2664,2664,2664,2664,2664,2664,2664,2664,2664,2664,2664,2664,2664,2664,2664,2664,2664,2664,2664,2664,2664,2664,2664,2664,2664,2664,2664,2664,2664,2664,2664,2664,2664,2664,2664,2664,2664,2664,2664,2664,2664,2664,2664,2664,2664,2664,2664,2664,2664,2664,2664,2664,2664,2664,2664,2664,2664,2664,2664,2664,2664,2664,2664,2664,2664,2664,2664,2664,2664,2664,2664,2664,2664,2664,2664,2664,2664,2664,2664,2664,2664,2664,2664,2664,2664,2664,2664,2664,2664,2664,2664,2664,2664,2664,2664,2664,2664,
size:3
[agent] id:5
path:1199,1306,1413,1520,1627,1734,1841,1948,2055,2162,2269,2270,2377,2484,2591,2698,2805,2912,2913,2914,2915,2916,2917,2918,2919,2920,2921,2922,2923,2924,2925,2926,2927,2928,2929,2930,2931,2932,2933,2934,2935,2936,2937,2938,2939,2940,2941,2942,2943,2943,2943,2943,2943,2943,2943,2943,2943,2943,2943,2943,2943,2943,2943,2943,2943,2943,2943,2943,2943,2943,2943,2943,2943,2943,2943,2943,2943,2943,2943,2943,2943,2943,2943,2943,2943,2943,2943,2943,2943,2943,2943,2943,2943,2943,2943,2943,2943,2943,2943,2943,
goal:2943,2943,2943,2943,2943,2943,2943,2943,2943,2943,2943,2943,2943,2943,2943,2943,2943,2943,2943,2943,2943,2943,2943,2943,2943,2943,2943,2943,2943,2943,2943,2943,2943,2943,2943,2943,2943,2943,2943,2943,2943,2943,2943,2943,2943,2943,2943,2943,2943,2943,2943,2943,2943,2943,2943,2943,2943,2943,2943,2943,2943,2943,2943,2943,2943,2943,2943,2943,2943,2943,2943,2943,2943,2943,2943,2943,2943,2943,2943,2943,2943,2943,2943,2943,2943,2943,2943,2943,2943,2943,2943,2943,2943,2943,2943,2943,2943,2943,2943,2943,
size:48
[agent] id:6
path:3088,2981,2874,2767,2660,2659,2658,2657,2656,2655,2654,2653,2652,2651,2650,2649,2648,2647,2646,2645,2644,2643,2642,2641,2640,2639,2638,2637,2636,2635,2634,2633,2632,2631,2630,2629,2628,2627,2626,2625,2624,2623,2622,2621,2620,2619,2618,2617,2616,2615,2614,2613,2613,2613,2613,2613,2613,2613,2613,2613,2613,2613,2613,2613,2613,2613,2613,2613,2613,2613,2613,2613,2613,2613,2613,2613,2613,2613,2613,2613,2613,2613,2613,2613,2613,2613,2613,2613,2613,2613,2613,2613,2613,2613,2613,2613,2613,2613,2613,2613,
goal:2613,2613,2613,2613,2613,2613,2613,2613,2613,2613,2613,2613,2613,2613,2613,2613,2613,2613,2613,2613,2613,2613,2613,2613,2613,2613,2613,2613,2613,2613,2613,2613,2613,2613,2613,2613,2613,2613,2613,2613,2613,2613,2613,2613,2613,2613,2613,2613,2613,2613,2613,2613,2613,2613,2613,2613,2613,2613,2613,2613,2613,2613,2613,2613,2613,2613,2613,2613,2613,2613,2613,2613,2613,2613,2613,2613,2613,2613,2613,2613,2613,2613,2613,2613,2613,2613,2613,2613,2613,2613,2613,2613,2613,2613,2613,2613,2613,2613,2613,2613,
size:51
[agent] id:7
path:4515,4408,4301,4194,4087,3980,3873,3766,3767,3660,3553,3446,3339,3232,3125,3018,2911,2804,2697,2698,2699,2700,2701,2702,2703,2704,2705,2706,2707,2708,2709,2710,2711,2712,2713,2714,2715,2716,2717,2718,2719,2720,2721,2722,2723,2724,2725,2726,2619,2620,2621,2622,2623,2624,2625,2626,2627,2628,2629,2630,2631,2632,2633,2634,2635,2636,2636,2636,2636,2636,2636,2636,2636,2636,2636,2636,2636,2636,2636,2636,2636,2636,2636,2636,2636,2636,2636,2636,2636,2636,2636,2636,2636,2636,2636,2636,2636,2636,2636,2636,
goal:2636,2636,2636,2636,2636,2636,2636,2636,2636,2636,2636,2636,2636,2636,2636,2636,2636,2636,2636,2636,2636,2636,2636,2636,2636,2636,2636,2636,2636,2636,2636,2636,2636,2636,2636,2636,2636,2636,2636,2636,2636,2636,2636,2636,2636,2636,2636,2636,2636,2636,2636,2636,2636,2636,2636,2636,2636,2636,2636,2636,2636,2636,2636,2636,2636,2636,2636,2636,2636,2636,2636,2636,2636,2636,2636,2636,2636,2636,2636,2636,2636,2636,2636,2636,2636,2636,2636,2636,2636,2636,2636,2636,2636,2636,2636,2636,2636,2636,2636,2636,
size:65
[agent] id:8
path:2172,2279,2386,2493,2600,2707,2814,2921,3028,3027,3026,3025,3024,3131,3238,3345,3344,3343,3342,3341,3340,3447,3554,3661,3768,3875,3982,3981,3980,3979,3978,3977,3976,3976,3976,3976,3976,3976,3976,3976,3976,3976,3976,3976,3976,3976,3976,3976,3976,3976,3976,3976,3976,3976,3976,3976,3976,3976,3976,3976,3976,3976,3976,3976,3976,3976,3976,3976,3976,3976,3976,3976,3976,3976,3976,3976,3976,3976,3976,3976,3976,3976,3976,3976,3976,3976,3976,3976,3976,3976,3976,3976,3976,3976,3976,3976,3976,3976,3976,3976,
goal:3976,3976,3976,3976,3976,3976,3976,3976,3976,3976,3976,3976,3976,3976,3976,3976,3976,3976,3976,3976,3976,3976,3976,3976,3976,3976,3976,3976,3976,3976,3976,3976,3976,3976,3976,3976,3976,3976,3976,3976,3976,3976,3976,3976,3976,3976,3976,3976,3976,3976,3976,3976,3976,3976,3976,3976,3976,3976,3976,3976,3976,3976,3976,3976,3976,3976,3976,3976,3976,3976,3976,3976,3976,3976,3976,3976,3976,3976,3976,3976,3976,3976,3976,3976,3976,3976,3976,3976,3976,3976,3976,3976,3976,3976,3976,3976,3976,3976,3976,3976,
size:32
[agent] id:9
path:2119,2012,2011,2010,2009,2008,2007,2006,2005,2004,2003,2002,2001,2000,2000,2000,2000,2000,2000,2000,2000,2000,2000,2000,2000,2000,2000,2000,2000,2000,2000,2000,2000,2000,2000,2000,2000,2000,2000,2000,2000,2000,2000,2000,2000,2000,2000,2000,2000,2000,2000,2000,2000,2000,2000,2000,2000,2000,2000,2000,2000,2000,2000,2000,2000,2000,2000,2000,2000,2000,2000,2000,2000,2000,2000,2000,2000,2000,2000,2000,2000,2000,2000,2000,2000,2000,2000,2000,2000,2000,2000,2000,2000,2000,2000,2000,2000,2000,2000,2000,
goal:2000,2000,2000,2000,2000,2000,2000,2000,2000,2000,2000,2000,2000,2000,2000,2000,2000,2000,2000,2000,2000,2000,2000,2000,2000,2000,2000,2000,2000,2000,2000,2000,2000,2000,2000,2000,2000,2000,2000,2000,2000,2000,2000,2000,2000,2000,2000,2000,2000,2000,2000,2000,2000,2000,2000,2000,2000,2000,2000,2000,2000,2000,2000,2000,2000,2000,2000,2000,2000,2000,2000,2000,2000,2000,2000,2000,2000,2000,2000,2000,2000,2000,2000,2000,2000,2000,2000,2000,2000,2000,2000,2000,2000,2000,2000,2000,2000,2000,2000,2000,
size:13
[agent] id:10
path:901,1008,1115,1222,1329,1436,1437,1544,1651,1758,1865,1864,1863,1862,1861,1860,1967,1966,1965,1964,1963,1962,1961,1960,1959,1958,1957,1956,1955,1954,1953,1952,1951,1950,1949,1948,1947,1946,1945,1944,1943,2050,2157,2264,2371,2370,2369,2368,2367,2260,2153,2046,1939,1938,1831,1724,1723,1722,1722,1722,1722,1722,1722,1722,1722,1722,1722,1722,1722,1722,1722,1722,1722,1722,1722,1722,1722,1722,1722,1722,1722,1722,1722,1722,1722,1722,1722,1722,1722,1722,1722,1722,1722,1722,1722,1722,1722,1722,1722,1722,
goal:1722,1722,1722,1722,1722,1722,1722,1722,1722,1722,1722,1722,1722,1722,1722,1722,1722,1722,1722,1722,1722,1722,1722,1722,1722,1722,1722,1722,1722,1722,1722,1722,1722,1722,1722,1722,1722,1722,1722,1722,1722,1722,1722,1722,1722,1722,1722,1722,1722,1722,1722,1722,1722,1722,1722,1722,1722,1722,1722,1722,1722,1722,1722,1722,1722,1722,1722,1722,1722,1722,1722,1722,1722,1722,1722,1722,1722,1722,1722,1722,1722,1722,1722,1722,1722,1722,1722,1722,1722,1722,1722,1722,1722,1722,1722,1722,1722,1722,1722,1722,
size:57
[agent] id:11
path:558,665,772,879,986,1093,1200,1307,1414,1521,1628,1735,1842,1949,2056,2163,2270,2377,2484,2591,2698,2805,2912,3019,3126,3233,3234,3235,3235,3235,3235,3235,3235,3235,3235,3235,3235,3235,3235,3235,3235,3235,3235,3235,3235,3235,3235,3235,3235,3235,3235,3235,3235,3235,3235,3235,3235,3235,3235,3235,3235,3235,3235,3235,3235,3235,3235,3235,3235,3235,3235,3235,3235,3235,3235,3235,3235,3235,3235,3235,3235,3235,3235,3235,3235,3235,3235,3235,3235,3235,3235,3235,3235,3235,3235,3235,3235,3235,3235,3235,
goal:3235,3235,3235,3235,3235,3235,3235,3235,3235,3235,3235,3235,3235,3235,3235,3235,3235,3235,3235,3235,3235,3235,3235,3235,3235,3235,3235,3235,3235,3235,3235,3235,3235,3235,3235,3235,3235,3235,3235,3235,3235,3235,3235,3235,3235,3235,3235,3235,3235,3235,3235,3235,3235,3235,3235,3235,3235,3235,3235,3235,3235,3235,3235,3235,3235,3235,3235,3235,3235,3235,3235,3235,3235,3235,3235,3235,3235,3235,3235,3235,3235,3235,3235,3235,3235,3235,3235,3235,3235,3235,3235,3235,3235,3235,3235,3235,3235,3235,3235,3235,
size:27
[agent] id:12
path:611,718,825,932,1039,1146,1253,1360,1467,1466,1465,1464,1463,1462,1569,1676,1783,1890,1997,2104,2211,2318,2425,2424,2531,2530,2529,2528,2527,2526,2525,2524,2523,2522,2521,2520,2519,2518,2517,2516,2515,2514,2513,2512,2511,2510,2509,2508,2507,2506,2505,2504,2503,2502,2501,2500,2499,2498,2497,2496,2495,2494,2493,2492,2491,2490,2489,2488,2487,2486,2485,2484,2483,2482,2481,2481,2481,2481,2481,2481,2481,2481,2481,2481,2481,2481,2481,2481,2481,2481,2481,2481,2481,2481,2481,2481,2481,2481,2481,2481,
goal:2481,2481,2481,2481,2481,2481,2481,2481,2481,2481,2481,2481,2481,2481,2481,2481,2481,2481,2481,2481,2481,2481,2481,2481,2481,2481,2481,2481,2481,2481,2481,2481,2481,2481,2481,2481,2481,2481,2481,2481,2481,2481,2481,2481,2481,2481,2481,2481,2481,2481,2481,2481,2481,2481,2481,2481,2481,2481,2481,2481,2481,2481,2481,2481,2481,2481,2481,2481,2481,2481,2481,2481,2481,2481,2481,2481,2481,2481,2481,2481,2481,2481,2481,2481,2481,2481,2481,2481,2481,2481,2481,2481,2481,2481,2481,2481,2481,2481,2481,2481,
size:74
[agent] id:13
path:3495,3388,3281,3174,3067,2960,2853,2746,2639,2532,2425,2318,2211,2104,2105,2106,2107,2108,2109,2110,2111,2112,2113,2114,2115,2115,2115,2115,2115,2115,2115,2115,2115,2115,2115,2115,2115,2115,2115,2115,2115,2115,2115,2115,2115,2115,2115,2115,2115,2115,2115,2115,2115,2115,2115,2115,2115,2115,2115,2115,2115,2115,2115,2115,2115,2115,2115,2115,2115,2115,2115,2115,2115,2115,2115,2115,2115,2115,2115,2115,2115,2115,2115,2115,2115,2115,2115,2115,2115,2115,2115,2115,2115,2115,2115,2115,2115,2115,2115,2115,
goal:2115,2115,2115,2115,2115,2115,2115,2115,2115,2115,2115,2115,2115,2115,2115,2115,2115,2115,2115,2115,2115,2115,2115,2115,2115,2115,2115,2115,2115,2115,2115,2115,2115,2115,2115,2115,2115,2115,2115,2115,2115,2115,2115,2115,2115,2115,2115,2115,2115,2115,2115,2115,2115,2115,2115,2115,2115,2115,2115,2115,2115,2115,2115,2115,2115,2115,2115,2115,2115,2115,2115,2115,2115,2115,2115,2115,2115,2115,2115,2115,2115,2115,2115,2115,2115,2115,2115,2115,2115,2115,2115,2115,2115,2115,2115,2115,2115,2115,2115,2115,
size:24
[agent] id:14
path:4569,4462,4355,4248,4141,4034,3927,3820,3713,3606,3605,3604,3603,3602,3495,3388,3281,3174,3067,2960,2853,2746,2639,2532,2425,2318,2211,2104,1997,1996,1995,1994,1993,1992,1991,1990,1989,1988,1987,1986,1985,1984,1983,1982,1981,1980,1979,1978,1977,1976,1975,1974,1973,1972,1971,1970,1969,1968,1967,1966,1965,1964,1963,1962,1961,1960,1959,1958,1957,1956,1955,1954,1847,1846,1845,1844,1843,1842,1735,1628,1521,1414,1307,1200,1093,1094,1095,1095,1095,1095,1095,1095,1095,1095,1095,1095,1095,1095,1095,1095,
goal:1095,1095,1095,1095,1095,1095,1095,1095,1095,1095,1095,1095,1095,1095,1095,1095,1095,1095,1095,1095,1095,1095,1095,1095,1095,1095,1095,1095,1095,1095,1095,1095,1095,1095,1095,1095,1095,1095,1095,1095,1095,1095,1095,1095,1095,1095,1095,1095,1095,1095,1095,1095,1095,1095,1095,1095,1095,1095,1095,1095,1095,1095,1095,1095,1095,1095,1095,1095,1095,1095,1095,1095,1095,1095,1095,1095,1095,1095,1095,1095,1095,1095,1095,1095,1095,1095,1095,1095,1095,1095,1095,1095,1095,1095,1095,1095,1095,1095,1095,1095,
size:86
[agent] id:15
path:3300,3193,3086,3085,3084,3083,3082,3081,3080,3079,3078,3077,3076,3075,3074,3073,3072,3179,3072,3071,3070,3069,3068,3067,3066,3065,3064,3063,3062,3061,3060,3059,3058,3057,2950,2949,3056,3055,3054,3053,3052,3051,3050,3049,3048,3047,3046,3045,3044,3043,3042,3041,3040,3039,3038,3037,3036,3035,3034,3033,3032,3031,3030,3029,3028,3027,3026,3025,3024,3131,3238,3345,3344,3343,3342,3341,3340,3339,3338,3337,3336,3335,3335,3335,3335,3335,3335,3335,3335,3335,3335,3335,3335,3335,3335,3335,3335,3335,3335,3335,
goal:3335,3335,3335,3335,3335,3335,3335,3335,3335,3335,3335,3335,3335,3335,3335,3335,3335,3335,3335,3335,3335,3335,3335,3335,3335,3335,3335,3335,3335,3335,3335,3335,3335,3335,3335,3335,3335,3335,3335,3335,3335,3335,3335,3335,3335,3335,3335,3335,3335,3335,3335,3335,3335,3335,3335,3335,3335,3335,3335,3335,3335,3335,3335,3335,3335,3335,3335,3335,3335,3335,3335,3335,3335,3335,3335,3335,3335,3335,3335,3335,3335,3335,3335,3335,3335,3335,3335,3335,3335,3335,3335,3335,3335,3335,3335,3335,3335,3335,3335,3335,
size:81
[agent] id:16
path:2817,2710,2603,2496,2389,2282,2175,2068,1961,1960,1959,1958,1957,1956,1955,1954,1847,1846,1845,1844,1843,1842,1735,1628,1521,1414,1307,1200,1093,986,879,772,665,558,451,450,449,448,447,447,447,447,447,447,447,447,447,447,447,447,447,447,447,447,447,447,447,447,447,447,447,447,447,447,447,447,447,447,447,447,447,447,447,447,447,447,447,447,447,447,447,447,447,447,447,447,447,447,447,447,447,447,447,447,447,447,447,447,447,447,
goal:447,447,447,447,447,447,447,447,447,447,447,447,447,447,447,447,447,447,447,447,447,447,447,447,447,447,447,447,447,447,447,447,447,447,447,447,447,447,447,447,447,447,447,447,447,447,447,447,447,447,447,447,447,447,447,447,447,447,447,447,447,447,447,447,447,447,447,447,447,447,447,447,447,447,447,447,447,447,447,447,447,447,447,447,447,447,447,447,447,447,447,447,447,447,447,447,447,447,447,447,
size:38
[agent] id:17
path:2317,2424,2531,2638,2745,2852,2959,2958,2957,2957,2957,2957,2957,2957,2957,2957,2957,2957,2957,2957,2957,2957,2957,2957,2957,2957,2957,2957,2957,2957,2957,2957,2957,2957,2957,2957,2957,2957,2957,2957,2957,2957,2957,2957,2957,2957,2957,2957,2957,2957,2957,2957,2957,2957,2957,2957,2957,2957,2957,2957,2957,2957,2957,2957,2957,2957,2957,2957,2957,2957,2957,2957,2957,2957,2957,2957,2957,2957,2957,2957,2957,2957,2957,2957,2957,2957,2957,2957,2957,2957,2957,2957,2957,2957,2957,2957,2957,2957,2957,2957,
goal:2957,2957,2957,2957,2957,2957,2957,2957,2957,2957,2957,2957,2957,2957,2957,2957,2957,2957,2957,2957,2957,2957,2957,2957,2957,2957,2957,2957,2957,2957,2957,2957,2957,2957,2957,2957,2957,2957,2957,2957,2957,2957,2957,2957,2957,2957,2957,2957,2957,2957,2957,2957,2957,2957,2957,2957,2957,2957,2957,2957,2957,2957,2957,2957,2957,2957,2957,2957,2957,2957,2957,2957,2957,2957,2957,2957,2957,2957,2957,2957,2957,2957,2957,2957,2957,2957,2957,2957,2957,2957,2957,2957,2957,2957,2957,2957,2957,2957,2957,2957,
size:8
[agent] id:18
path:1965,2072,2179,2180,2181,2182,2183,2184,2185,2186,2187,2188,2189,2190,2191,2192,2193,2194,2195,2196,2197,2198,2199,2200,2201,2202,2203,2204,2205,2206,2207,2208,2208,2208,2208,2208,2208,2208,2208,2208,2208,2208,2208,2208,2208,2208,2208,2208,2208,2208,2208,2208,2208,2208,2208,2208,2208,2208,2208,2208,2208,2208,2208,2208,2208,2208,2208,2208,2208,2208,2208,2208,2208,2208,2208,2208,2208,2208,2208,2208,2208,2208,2208,2208,2208,2208,2208,2208,2208,2208,2208,2208,2208,2208,2208,2208,2208,2208,2208,2208,
goal:2208,2208,2208,2208,2208,2208,2208,2208,2208,2208,2208,2208,2208,2208,2208,2208,2208,2208,2208,2208,2208,2208,2208,2208,2208,2208,2208,2208,2208,2208,2208,2208,2208,2208,2208,2208,2208,2208,2208,2208,2208,2208,2208,2208,2208,2208,2208,2208,2208,2208,2208,2208,2208,2208,2208,2208,2208,2208,2208,2208,2208,2208,2208,2208,2208,2208,2208,2208,2208,2208,2208,2208,2208,2208,2208,2208,2208,2208,2208,2208,2208,2208,2208,2208,2208,2208,2208,2208,2208,2208,2208,2208,2208,2208,2208,2208,2208,2208,2208,2208,
size:31
[agent] id:19
path:2586,2479,2372,2265,2158,2051,2052,2053,2054,2055,2056,2057,2058,2059,2060,2061,2062,2063,2064,2065,2066,2067,2068,2069,2070,2071,2072,2073,2074,2075,2076,2077,2078,2079,2080,2081,2082,2083,2084,2085,2086,2087,2088,2089,2090,1983,1984,1985,1986,1987,1988,1989,1990,1991,1884,1885,1886,1887,1888,1889,1782,1675,1568,1461,1354,1247,1140,1033,926,819,712,605,606,607,607,607,607,607,607,607,607,607,607,607,607,607,607,607,607,607,607,607,607,607,607,607,607,607,607,607,
goal:607,607,607,607,607,607,607,607,607,607,607,607,607,607,607,607,607,607,607,607,607,607,607,607,607,607,607,607,607,607,607,607,607,607,607,607,607,607,607,607,607,607,607,607,607,607,607,607,607,607,607,607,607,607,607,607,607,607,607,607,607,607,607,607,607,607,607,607,607,607,607,607,607,607,607,607,607,607,607,607,607,607,607,607,607,607,607,607,607,607,607,607,607,607,607,607,607,607,607,607,
size:73
[agent] id:20
path:3017,3124,3231,3338,3339,3446,3447,3554,3661,3768,3875,3874,3873,3872,3871,3870,3869,3869,3869,3869,3869,3869,3869,3869,3869,3869,3869,3869,3869,3869,3869,3869,3869,3869,3869,3869,3869,3869,3869,3869,3869,3869,3869,3869,3869,3869,3869,3869,3869,3869,3869,3869,3869,3869,3869,3869,3869,3869,3869,3869,3869,3869,3869,3869,3869,3869,3869,3869,3869,3869,3869,3869,3869,3869,3869,3869,3869,3869,3869,3869,3869,3869,3869,3869,3869,3869,3869,3869,3869,3869,3869,3869,3869,3869,3869,3869,3869,3869,3869,3869,
goal:3869,3869,3869,3869,3869,3869,3869,3869,3869,3869,3869,3869,3869,3869,3869,3869,3869,3869,3869,3869,3869,3869,3869,3869,3869,3869,3869,3869,3869,3869,3869,3869,3869,3869,3869,3869,3869,3869,3869,3869,3869,3869,3869,3869,3869,3869,3869,3869,3869,3869,3869,3869,3869,3869,3869,3869,3869,3869,3869,3869,3869,3869,3869,3869,3869,3869,3869,3869,3869,3869,3869,3869,3869,3869,3869,3869,3869,3869,3869,3869,3869,3869,3869,3869,3869,3869,3869,3869,3869,3869,3869,3869,3869,3869,3869,3869,3869,3869,3869,3869,
size:16
[agent] id:21
path:2492,2599,2706,2813,2920,3027,3028,3029,3030,3031,3032,3033,3034,3035,3036,3037,3038,3039,3040,3041,3042,3043,3044,3045,3046,3047,3048,3049,3050,3051,3052,3053,3054,3055,3056,3057,3058,3059,3060,3061,3062,3169,3170,3171,3172,3173,3173,3173,3173,3173,3173,3173,3173,3173,3173,3173,3173,3173,3173,3173,3173,3173,3173,3173,3173,3173,3173,3173,3173,3173,3173,3173,3173,3173,3173,3173,3173,3173,3173,3173,3173,3173,3173,3173,3173,3173,3173,3173,3173,3173,3173,3173,3173,3173,3173,3173,3173,3173,3173,3173,
goal:3173,3173,3173,3173,3173,3173,3173,3173,3173,3173,3173,3173,3173,3173,3173,3173,3173,3173,3173,3173,3173,3173,3173,3173,3173,3173,3173,3173,3173,3173,3173,3173,3173,3173,3173,3173,3173,3173,3173,3173,3173,3173,3173,3173,3173,3173,3173,3173,3173,3173,3173,3173,3173,3173,3173,3173,3173,3173,3173,3173,3173,3173,3173,3173,3173,3173,3173,3173,3173,3173,3173,3173,3173,3173,3173,3173,3173,3173,3173,3173,3173,3173,3173,3173,3173,3173,3173,3173,3173,3173,3173,3173,3173,3173,3173,3173,3173,3173,3173,3173,
size:45
[agent] id:22
path:1854,1961,2068,2175,2282,2283,2284,2285,2286,2287,2287,2287,2287,2287,2287,2287,2287,2287,2287,2287,2287,2287,2287,2287,2287,2287,2287,2287,2287,2287,2287,2287,2287,2287,2287,2287,2287,2287,2287,2287,2287,2287,2287,2287,2287,2287,2287,2287,2287,2287,2287,2287,2287,2287,2287,2287,2287,2287,2287,2287,2287,2287,2287,2287,2287,2287,2287,2287,2287,2287,2287,2287,2287,2287,2287,2287,2287,2287,2287,2287,2287,2287,2287,2287,2287,2287,2287,2287,2287,2287,2287,2287,2287,2287,2287,2287,2287,2287,2287,2287,
goal:2287,2287,2287,2287,2287,2287,2287,2287,2287,2287,2287,2287,2287,2287,2287,2287,2287,2287,2287,2287,2287,2287,2287,2287,2287,2287,2287,2287,2287,2287,2287,2287,2287,2287,2287,2287,2287,2287,2287,2287,2287,2287,2287,2287,2287,2287,2287,2287,2287,2287,2287,2287,2287,2287,2287,2287,2287,2287,2287,2287,2287,2287,2287,2287,2287,2287,2287,2287,2287,2287,2287,2287,2287,2287,2287,2287,2287,2287,2287,2287,2287,2287,2287,2287,2287,2287,2287,2287,2287,2287,2287,2287,2287,2287,2287,2287,2287,2287,2287,2287,
size:9
[agent] id:23
path:2947,2946,2945,2944,2943,2942,2941,2940,2939,2938,2937,2936,2935,2934,2933,2932,2931,3038,3037,3036,3035,3034,3033,3032,3031,3030,3029,3028,3027,3026,3025,3024,3131,3238,3345,3344,3343,3342,3341,3340,3447,3554,3661,3768,3769,3769,3769,3769,3769,3769,3769,3769,3769,3769,3769,3769,3769,3769,3769,3769,3769,3769,3769,3769,3769,3769,3769,3769,3769,3769,3769,3769,3769,3769,3769,3769,3769,3769,3769,3769,3769,3769,3769,3769,3769,3769,3769,3769,3769,3769,3769,3769,3769,3769,3769,3769,3769,3769,3769,3769,
goal:3769,3769,3769,3769,3769,3769,3769,3769,3769,3769,3769,3769,3769,3769,3769,3769,3769,3769,3769,3769,3769,3769,3769,3769,3769,3769,3769,3769,3769,3769,3769,3769,3769,3769,3769,3769,3769,3769,3769,3769,3769,3769,3769,3769,3769,3769,3769,3769,3769,3769,3769,3769,3769,3769,3769,3769,3769,3769,3769,3769,3769,3769,3769,3769,3769,3769,3769,3769,3769,3769,3769,3769,3769,3769,3769,3769,3769,3769,3769,3769,3769,3769,3769,3769,3769,3769,3769,3769,3769,3769,3769,3769,3769,3769,3769,3769,3769,3769,3769,3769,
size:44
[agent] id:24
path:2531,2530,2423,2316,2209,2102,1995,1994,1993,1992,1991,1990,1989,1988,1987,1986,1985,1984,1983,1982,1981,1980,1979,1978,1871,1870,1869,1868,1867,1866,1759,1652,1545,1438,1331,1224,1117,1118,1119,1120,1121,1122,1122,1122,1122,1122,1122,1122,1122,1122,1122,1122,1122,1122,1122,1122,1122,1122,1122,1122,1122,1122,1122,1122,1122,1122,1122,1122,1122,1122,1122,1122,1122,1122,1122,1122,1122,1122,1122,1122,1122,1122,1122,1122,1122,1122,1122,1122,1122,1122,1122,1122,1122,1122,1122,1122,1122,1122,1122,1122,
goal:1122,1122,1122,1122,1122,1122,1122,1122,1122,1122,1122,1122,1122,1122,1122,1122,1122,1122,1122,1122,1122,1122,1122,1122,1122,1122,1122,1122,1122,1122,1122,1122,1122,1122,1122,1122,1122,1122,1122,1122,1122,1122,1122,1122,1122,1122,1122,1122,1122,1122,1122,1122,1122,1122,1122,1122,1122,1122,1122,1122,1122,1122,1122,1122,1122,1122,1122,1122,1122,1122,1122,1122,1122,1122,1122,1122,1122,1122,1122,1122,1122,1122,1122,1122,1122,1122,1122,1122,1122,1122,1122,1122,1122,1122,1122,1122,1122,1122,1122,1122,
size:41
[agent] id:25
path:4033,3926,3819,3712,3605,3604,3603,3602,3495,3388,3281,3174,3067,3068,3069,3070,3071,3072,3073,3074,3075,3076,3077,3077,3077,3077,3077,3077,3077,3077,3077,3077,3077,3077,3077,3077,3077,3077,3077,3077,3077,3077,3077,3077,3077,3077,3077,3077,3077,3077,3077,3077,3077,3077,3077,3077,3077,3077,3077,3077,3077,3077,3077,3077,3077,3077,3077,3077,3077,3077,3077,3077,3077,3077,3077,3077,3077,3077,3077,3077,3077,3077,3077,3077,3077,3077,3077,3077,3077,3077,3077,3077,3077,3077,3077,3077,3077,3077,3077,3077,
goal:3077,3077,3077,3077,3077,3077,3077,3077,3077,3077,3077,3077,3077,3077,3077,3077,3077,3077,3077,3077,3077,3077,3077,3077,3077,3077,3077,3077,3077,3077,3077,3077,3077,3077,3077,3077,3077,3077,3077,3077,3077,3077,3077,3077,3077,3077,3077,3077,3077,3077,3077,3077,3077,3077,3077,3077,3077,3077,3077,3077,3077,3077,3077,3077,3077,3077,3077,3077,3077,3077,3077,3077,3077,3077,3077,3077,3077,3077,3077,3077,3077,3077,3077,3077,3077,3077,3077,3077,3077,3077,3077,3077,3077,3077,3077,3077,3077,3077,3077,3077,
size:22
[agent] id:26
path:1916,2023,2130,2237,2237,2344,2451,2558,2557,2556,2663,2662,2661,2660,2767,2874,2981,2980,2979,2978,2977,2976,2975,2974,2973,2972,2971,2970,2969,3076,3075,3074,3073,3072,3071,3070,3069,3068,3067,3066,3065,3064,3063,3062,3061,3060,3059,3058,3057,3056,3055,3054,3053,3052,3051,3050,3049,3048,3047,3046,3045,3044,3043,3042,3041,3040,3039,3038,3037,3036,3035,3034,3033,3032,3031,3030,3029,3028,3027,3026,3025,3024,3131,3238,3345,3344,3343,3342,3341,3340,3447,3554,3661,3768,3875,3982,4089,4196,4303,4304,
goal:4304,4304,4304,4304,4304,4304,4304,4304,4304,4304,4304,4304,4304,4304,4304,4304,4304,4304,4304,4304,4304,4304,4304,4304,4304,4304,4304,4304,4304,4304,4304,4304,4304,4304,4304,4304,4304,4304,4304,4304,4304,4304,4304,4304,4304,4304,4304,4304,4304,4304,4304,4304,4304,4304,4304,4304,4304,4304,4304,4304,4304,4304,4304,4304,4304,4304,4304,4304,4304,4304,4304,4304,4304,4304,4304,4304,4304,4304,4304,4304,4304,4304,4304,4304,4304,4304,4304,4304,4304,4304,4304,4304,4304,4304,4304,4304,4304,4304,4304,4304,
size:99
[agent] id:27
path:3872,3765,3766,3767,3660,3553,3446,3339,3232,3125,3124,3123,3122,3121,3121,3121,3121,3121,3121,3121,3121,3121,3121,3121,3121,3121,3121,3121,3121,3121,3121,3121,3121,3121,3121,3121,3121,3121,3121,3121,3121,3121,3121,3121,3121,3121,3121,3121,3121,3121,3121,3121,3121,3121,3121,3121,3121,3121,3121,3121,3121,3121,3121,3121,3121,3121,3121,3121,3121,3121,3121,3121,3121,3121,3121,3121,3121,3121,3121,3121,3121,3121,3121,3121,3121,3121,3121,3121,3121,3121,3121,3121,3121,3121,3121,3121,3121,3121,3121,3121,
goal:3121,3121,3121,3121,3121,3121,3121,3121,3121,3121,3121,3121,3121,3121,3121,3121,3121,3121,3121,3121,3121,3121,3121,3121,3121,3121,3121,3121,3121,3121,3121,3121,3121,3121,3121,3121,3121,3121,3121,3121,3121,3121,3121,3121,3121,3121,3121,3121,3121,3121,3121,3121,3121,3121,3121,3121,3121,3121,3121,3121,3121,3121,3121,3121,3121,3121,3121,3121,3121,3121,3121,3121,3121,3121,3121,3121,3121,3121,3121,3121,3121,3121,3121,3121,3121,3121,3121,3121,3121,3121,3121,3121,3121,3121,3121,3121,3121,3121,3121,3121,
size:13
[agent] id:28
path:1909,2016,2123,2230,2337,2444,2551,2658,2765,2872,2871,2870,2869,2868,2867,2866,2865,2864,2863,2862,2861,2860,2859,2858,2857,2856,2855,2854,2853,2852,2851,2850,2849,2848,2847,2846,2845,2844,2843,2842,2841,2840,2839,2838,2837,2836,2835,2834,2833,2832,2831,2830,2829,2828,2827,2826,2825,2824,2823,2822,2822,2822,2822,2822,2822,2822,2822,2822,2822,2822,2822,2822,2822,2822,2822,2822,2822,2822,2822,2822,2822,2822,2822,2822,2822,2822,2822,2822,2822,2822,2822,2822,2822,2822,2822,2822,2822,2822,2822,2822,
goal:2822,2822,2822,2822,2822,2822,2822,2822,2822,2822,2822,2822,2822,2822,2822,2822,2822,2822,2822,2822,2822,2822,2822,2822,2822,2822,2822,2822,2822,2822,2822,2822,2822,2822,2822,2822,2822,2822,2822,2822,2822,2822,2822,2822,2822,2822,2822,2822,2822,2822,2822,2822,2822,2822,2822,2822,2822,2822,2822,2822,2822,2822,2822,2822,2822,2822,2822,2822,2822,2822,2822,2822,2822,2822,2822,2822,2822,2822,2822,2822,2822,2822,2822,2822,2822,2822,2822,2822,2822,2822,2822,2822,2822,2822,2822,2822,2822,2822,2822,2822,
size:59
[agent] id:29
path:3553,3446,3339,3232,3125,3018,2911,2804,2697,2590,2483,2376,2269,2162,2055,1948,1841,1734,1627,1520,1413,1414,1307,1200,1093,986,987,988,989,990,991,992,993,993,993,993,993,993,993,993,993,993,993,993,993,993,993,993,993,993,993,993,993,993,993,993,993,993,993,993,993,993,993,993,993,993,993,993,993,993,993,993,993,993,993,993,993,993,993,993,993,993,993,993,993,993,993,993,993,993,993,993,993,993,993,993,993,993,993,993,
goal:993,993,993,993,993,993,993,993,993,993,993,993,993,993,993,993,993,993,993,993,993,993,993,993,993,993,993,993,993,993,993,993,993,993,993,993,993,993,993,993,993,993,993,993,993,993,993,993,993,993,993,993,993,993,993,993,993,993,993,993,993,993,993,993,993,993,993,993,993,993,993,993,993,993,993,993,993,993,993,993,993,993,993,993,993,993,993,993,993,993,993,993,993,993,993,993,993,993,993,993,
size:32
SolutionCost:1231
