[setting] seed:61
[solver] type:ECBS
[solver] w:3.000000
[solver] ID:0
[solver] Lowlevelnode:24690
[solver] solved:1
[solver] elapsed:221
[solver] makespan:82
[problem] timesteplimit:10000
[problem] type:MAPF
[problem] agentnum:10
[graph] width:107
[graph] height:47
[graph] filename:./map/orz601d.map
[task] id:1,start:0,end:0,service time:0,nodes:2739,
[task] id:7,start:0,end:0,service time:0,nodes:2829,
[task] id:9,start:0,end:0,service time:0,nodes:2761,
[task] id:4,start:0,end:0,service time:0,nodes:1409,
[task] id:3,start:0,end:0,service time:0,nodes:3341,
[task] id:2,start:0,end:0,service time:0,nodes:2265,
[task] id:5,start:0,end:0,service time:0,nodes:4142,
[task] id:0,start:0,end:0,service time:0,nodes:3554,
[task] id:6,start:0,end:0,service time:0,nodes:609,
[task] id:8,start:0,end:0,service time:0,nodes:4197,
[agent] id:0
path:4347,4240,4133,4026,3919,3812,3705,3598,3599,3600,3601,3494,3387,3280,3173,3066,3065,3064,3063,3062,3061,3060,3059,3058,3057,3056,3055,3054,3053,3052,3051,3050,3049,3048,3047,3046,3045,3044,3043,3042,3041,3040,3039,3038,3037,3036,3035,3034,3033,3032,3031,3030,3029,3028,3027,3026,3025,3024,3131,3238,3237,3236,3235,3234,3233,3340,3447,3554,3554,3554,3554,3554,3554,3554,3554,3554,3554,3554,3554,3554,3554,3554,3554,
goal:3554,3554,3554,3554,3554,3554,3554,3554,3554,3554,3554,3554,3554,3554,3554,3554,3554,3554,3554,3554,3554,3554,3554,3554,3554,3554,3554,3554,3554,3554,3554,3554,3554,3554,3554,3554,3554,3554,3554,3554,3554,3554,3554,3554,3554,3554,3554,3554,3554,3554,3554,3554,3554,3554,3554,3554,3554,3554,3554,3554,3554,3554,3554,3554,3554,3554,3554,3554,3554,3554,3554,3554,3554,3554,3554,3554,3554,3554,3554,3554,3554,3554,3554,
size:67
[agent] id:1
path:2847,2740,2739,2739,2739,2739,2739,2739,2739,2739,2739,2739,2739,2739,2739,2739,2739,2739,2739,2739,2739,2739,2739,2739,2739,2739,2739,2739,2739,2739,2739,2739,2739,2739,2739,2739,2739,2739,2739,2739,2739,2739,2739,2739,2739,2739,2739,2739,2739,2739,2739,2739,2739,2739,2739,2739,2739,2739,2739,2739,2739,2739,2739,2739,2739,2739,2739,2739,2739,2739,2739,2739,2739,2739,2739,2739,2739,2739,2739,2739,2739,2739,2739,
goal:2739,2739,2739,2739,2739,2739,2739,2739,2739,2739,2739,2739,2739,2739,2739,2739,2739,2739,2739,2739,2739,2739,2739,2739,2739,2739,2739,2739,2739,2739,2739,2739,2739,2739,2739,2739,2739,2739,2739,2739,2739,2739,2739,2739,2739,2739,2739,2739,2739,2739,2739,2739,2739,2739,2739,2739,2739,2739,2739,2739,2739,2739,2739,2739,2739,2739,2739,2739,2739,2739,2739,2739,2739,2739,2739,2739,2739,2739,2739,2739,2739,2739,2739,
size:2
[agent] id:2
path:2002,2109,2216,2323,2322,2321,2320,2319,2318,2317,2316,2315,2314,2313,2312,2311,2310,2309,2308,2307,2306,2305,2304,2303,2302,2301,2300,2299,2298,2297,2296,2295,2294,2293,2292,2291,2290,2289,2288,2287,2286,2285,2284,2283,2282,2281,2280,2279,2278,2277,2276,2275,2274,2273,2272,2271,2270,2269,2268,2267,2266,2265,2265,2265,2265,2265,2265,2265,2265,2265,2265,2265,2265,2265,2265,2265,2265,2265,2265,2265,2265,2265,2265,
goal:2265,2265,2265,2265,2265,2265,2265,2265,2265,2265,2265,2265,2265,2265,2265,2265,2265,2265,2265,2265,2265,2265,2265,2265,2265,2265,2265,2265,2265,2265,2265,2265,2265,2265,2265,2265,2265,2265,2265,2265,2265,2265,2265,2265,2265,2265,2265,2265,2265,2265,2265,2265,2265,2265,2265,2265,2265,2265,2265,2265,2265,2265,2265,2265,2265,2265,2265,2265,2265,2265,2265,2265,2265,2265,2265,2265,2265,2265,2265,2265,2265,2265,2265,
size:61
[agent] id:3
path:685,792,899,1006,1113,1220,1327,1434,1435,1436,1437,1544,1651,1758,1865,1972,2079,2186,2293,2400,2507,2614,2721,2828,2935,3042,3041,3040,3039,3038,3037,3036,3035,3034,3033,3032,3031,3030,3029,3028,3027,3026,3025,3024,3131,3238,3345,3344,3343,3342,3341,3341,3341,3341,3341,3341,3341,3341,3341,3341,3341,3341,3341,3341,3341,3341,3341,3341,3341,3341,3341,3341,3341,3341,3341,3341,3341,3341,3341,3341,3341,3341,3341,
goal:3341,3341,3341,3341,3341,3341,3341,3341,3341,3341,3341,3341,3341,3341,3341,3341,3341,3341,3341,3341,3341,3341,3341,3341,3341,3341,3341,3341,3341,3341,3341,3341,3341,3341,3341,3341,3341,3341,3341,3341,3341,3341,3341,3341,3341,3341,3341,3341,3341,3341,3341,3341,3341,3341,3341,3341,3341,3341,3341,3341,3341,3341,3341,3341,3341,3341,3341,3341,3341,3341,3341,3341,3341,3341,3341,3341,3341,3341,3341,3341,3341,3341,3341,
size:50
[agent] id:4
path:4304,4197,4090,3983,3876,3769,3768,3661,3554,3447,3340,3233,3126,3019,2912,2805,2698,2591,2484,2377,2270,2163,2056,1949,1842,1735,1628,1521,1414,1413,1412,1411,1410,1409,1409,1409,1409,1409,1409,1409,1409,1409,1409,1409,1409,1409,1409,1409,1409,1409,1409,1409,1409,1409,1409,1409,1409,1409,1409,1409,1409,1409,1409,1409,1409,1409,1409,1409,1409,1409,1409,1409,1409,1409,1409,1409,1409,1409,1409,1409,1409,1409,1409,
goal:1409,1409,1409,1409,1409,1409,1409,1409,1409,1409,1409,1409,1409,1409,1409,1409,1409,1409,1409,1409,1409,1409,1409,1409,1409,1409,1409,1409,1409,1409,1409,1409,1409,1409,1409,1409,1409,1409,1409,1409,1409,1409,1409,1409,1409,1409,1409,1409,1409,1409,1409,1409,1409,1409,1409,1409,1409,1409,1409,1409,1409,1409,1409,1409,1409,1409,1409,1409,1409,1409,1409,1409,1409,1409,1409,1409,1409,1409,1409,1409,1409,1409,1409,
size:33
[agent] id:5
path:3126,3019,3020,3021,3022,3023,3024,3025,3026,3027,3028,3029,3030,3031,3032,3033,3034,3035,3036,3037,3038,3039,3040,3041,3042,3043,3044,3045,3046,3047,3048,3049,2942,2943,2944,2945,2946,3053,3054,3055,3056,3057,3058,3059,3060,3061,3062,3169,3170,3171,3172,3173,3280,3387,3494,3601,3708,3815,3922,4029,4136,4137,4138,4139,4140,4141,4142,4142,4142,4142,4142,4142,4142,4142,4142,4142,4142,4142,4142,4142,4142,4142,4142,
goal:4142,4142,4142,4142,4142,4142,4142,4142,4142,4142,4142,4142,4142,4142,4142,4142,4142,4142,4142,4142,4142,4142,4142,4142,4142,4142,4142,4142,4142,4142,4142,4142,4142,4142,4142,4142,4142,4142,4142,4142,4142,4142,4142,4142,4142,4142,4142,4142,4142,4142,4142,4142,4142,4142,4142,4142,4142,4142,4142,4142,4142,4142,4142,4142,4142,4142,4142,4142,4142,4142,4142,4142,4142,4142,4142,4142,4142,4142,4142,4142,4142,4142,4142,
size:66
[agent] id:6
path:3016,2909,2802,2695,2588,2481,2374,2267,2160,2053,1946,1947,1948,1949,1950,1951,1952,1953,1954,1955,1956,1957,1958,1959,1960,1961,1962,1963,1964,1965,1966,1967,1968,1969,1970,1971,1972,1973,1974,1975,1976,1977,1978,1979,1980,1981,1982,1983,1984,1985,1986,1987,1988,1989,1990,1991,1884,1885,1886,1887,1888,1889,1782,1675,1568,1461,1354,1247,1140,1033,926,819,712,605,606,607,608,609,609,609,609,609,609,
goal:609,609,609,609,609,609,609,609,609,609,609,609,609,609,609,609,609,609,609,609,609,609,609,609,609,609,609,609,609,609,609,609,609,609,609,609,609,609,609,609,609,609,609,609,609,609,609,609,609,609,609,609,609,609,609,609,609,609,609,609,609,609,609,609,609,609,609,609,609,609,609,609,609,609,609,609,609,609,609,609,609,609,609,
size:77
[agent] id:7
path:2712,2819,2820,2821,2822,2823,2824,2825,2826,2827,2828,2829,2829,2829,2829,2829,2829,2829,2829,2829,2829,2829,2829,2829,2829,2829,2829,2829,2829,2829,2829,2829,2829,2829,2829,2829,2829,2829,2829,2829,2829,2829,2829,2829,2829,2829,2829,2829,2829,2829,2829,2829,2829,2829,2829,2829,2829,2829,2829,2829,2829,2829,2829,2829,2829,2829,2829,2829,2829,2829,2829,2829,2829,2829,2829,2829,2829,2829,2829,2829,2829,2829,2829,
goal:2829,2829,2829,2829,2829,2829,2829,2829,2829,2829,2829,2829,2829,2829,2829,2829,2829,2829,2829,2829,2829,2829,2829,2829,2829,2829,2829,2829,2829,2829,2829,2829,2829,2829,2829,2829,2829,2829,2829,2829,2829,2829,2829,2829,2829,2829,2829,2829,2829,2829,2829,2829,2829,2829,2829,2829,2829,2829,2829,2829,2829,2829,2829,2829,2829,2829,2829,2829,2829,2829,2829,2829,2829,2829,2829,2829,2829,2829,2829,2829,2829,2829,2829,
size:11
[agent] id:8
path:2655,2762,2869,2976,3083,3082,3081,3080,3079,3078,3077,3076,3075,3074,3073,3072,3071,3070,3069,3068,3067,3066,3065,3064,3063,3062,3061,3060,3059,3058,3057,3056,3055,3054,3053,3052,3051,3050,3049,3048,3047,3046,3045,3044,3043,3042,3041,3040,3039,3038,3037,3036,3035,3034,3033,3032,3031,3030,3029,3028,3027,3026,3025,3024,3131,3238,3237,3236,3235,3234,3233,3340,3447,3446,3553,3660,3767,3874,3981,4088,4195,4196,4197,
goal:4197,4197,4197,4197,4197,4197,4197,4197,4197,4197,4197,4197,4197,4197,4197,4197,4197,4197,4197,4197,4197,4197,4197,4197,4197,4197,4197,4197,4197,4197,4197,4197,4197,4197,4197,4197,4197,4197,4197,4197,4197,4197,4197,4197,4197,4197,4197,4197,4197,4197,4197,4197,4197,4197,4197,4197,4197,4197,4197,4197,4197,4197,4197,4197,4197,4197,4197,4197,4197,4197,4197,4197,4197,4197,4197,4197,4197,4197,4197,4197,4197,4197,4197,
size:82
[agent] id:9
path:3713,3606,3605,3604,3603,3602,3495,3388,3281,3174,3067,2960,2853,2746,2747,2748,2749,2750,2751,2752,2753,2754,2755,2756,2757,2758,2759,2760,2761,2761,2761,2761,2761,2761,2761,2761,2761,2761,2761,2761,2761,2761,2761,2761,2761,2761,2761,2761,2761,2761,2761,2761,2761,2761,2761,2761,2761,2761,2761,2761,2761,2761,2761,2761,2761,2761,2761,2761,2761,2761,2761,2761,2761,2761,2761,2761,2761,2761,2761,2761,2761,2761,2761,
goal:2761,2761,2761,2761,2761,2761,2761,2761,2761,2761,2761,2761,2761,2761,2761,2761,2761,2761,2761,2761,2761,2761,2761,2761,2761,2761,2761,2761,2761,2761,2761,2761,2761,2761,2761,2761,2761,2761,2761,2761,2761,2761,2761,2761,2761,2761,2761,2761,2761,2761,2761,2761,2761,2761,2761,2761,2761,2761,2761,2761,2761,2761,2761,2761,2761,2761,2761,2761,2761,2761,2761,2761,2761,2761,2761,2761,2761,2761,2761,2761,2761,2761,2761,
size:28
SolutionCost:477
