[setting] seed:96
[solver] type:ECBS
[solver] w:3.000000
[solver] ID:0
[solver] Lowlevelnode:1129
[solver] solved:1
[solver] elapsed:23
[solver] makespan:65
[problem] timesteplimit:10000
[problem] type:MAPF
[problem] agentnum:10
[graph] width:107
[graph] height:47
[graph] filename:./map/orz601d.map
[task] id:0,start:0,end:0,service time:0,nodes:3126,
[task] id:1,start:0,end:0,service time:0,nodes:1982,
[task] id:6,start:0,end:0,service time:0,nodes:2527,
[task] id:7,start:0,end:0,service time:0,nodes:2012,
[task] id:3,start:0,end:0,service time:0,nodes:2693,
[task] id:4,start:0,end:0,service time:0,nodes:1207,
[task] id:2,start:0,end:0,service time:0,nodes:2951,
[task] id:5,start:0,end:0,service time:0,nodes:1747,
[task] id:9,start:0,end:0,service time:0,nodes:4241,
[task] id:8,start:0,end:0,service time:0,nodes:2906,
[agent] id:0
path:2360,2467,2468,2469,2470,2471,2472,2473,2474,2475,2476,2477,2478,2585,2692,2799,2906,3013,3014,3121,3122,3123,3124,3125,3126,3126,3126,3126,3126,3126,3126,3126,3126,3126,3126,3126,3126,3126,3126,3126,3126,3126,3126,3126,3126,3126,3126,3126,3126,3126,3126,3126,3126,3126,3126,3126,3126,3126,3126,3126,3126,3126,3126,3126,3126,3126,
goal:3126,3126,3126,3126,3126,3126,3126,3126,3126,3126,3126,3126,3126,3126,3126,3126,3126,3126,3126,3126,3126,3126,3126,3126,3126,3126,3126,3126,3126,3126,3126,3126,3126,3126,3126,3126,3126,3126,3126,3126,3126,3126,3126,3126,3126,3126,3126,3126,3126,3126,3126,3126,3126,3126,3126,3126,3126,3126,3126,3126,3126,3126,3126,3126,3126,3126,
size:24
[agent] id:1
path:802,909,1016,1123,1230,1337,1336,1443,1442,1441,1440,1439,1438,1545,1652,1759,1866,1973,1974,1975,1976,1977,1978,1979,1980,1981,1982,1982,1982,1982,1982,1982,1982,1982,1982,1982,1982,1982,1982,1982,1982,1982,1982,1982,1982,1982,1982,1982,1982,1982,1982,1982,1982,1982,1982,1982,1982,1982,1982,1982,1982,1982,1982,1982,1982,1982,
goal:1982,1982,1982,1982,1982,1982,1982,1982,1982,1982,1982,1982,1982,1982,1982,1982,1982,1982,1982,1982,1982,1982,1982,1982,1982,1982,1982,1982,1982,1982,1982,1982,1982,1982,1982,1982,1982,1982,1982,1982,1982,1982,1982,1982,1982,1982,1982,1982,1982,1982,1982,1982,1982,1982,1982,1982,1982,1982,1982,1982,1982,1982,1982,1982,1982,1982,
size:26
[agent] id:2
path:2810,2917,2918,2919,2920,2921,2922,2923,2924,2925,2926,2927,2928,2929,2930,2931,2932,2933,2934,2935,2936,2937,2938,2939,2940,2941,2942,2943,2944,2945,2946,2947,2948,2949,2950,2951,2951,2951,2951,2951,2951,2951,2951,2951,2951,2951,2951,2951,2951,2951,2951,2951,2951,2951,2951,2951,2951,2951,2951,2951,2951,2951,2951,2951,2951,2951,
goal:2951,2951,2951,2951,2951,2951,2951,2951,2951,2951,2951,2951,2951,2951,2951,2951,2951,2951,2951,2951,2951,2951,2951,2951,2951,2951,2951,2951,2951,2951,2951,2951,2951,2951,2951,2951,2951,2951,2951,2951,2951,2951,2951,2951,2951,2951,2951,2951,2951,2951,2951,2951,2951,2951,2951,2951,2951,2951,2951,2951,2951,2951,2951,2951,2951,2951,
size:35
[agent] id:3
path:562,669,776,883,990,1097,1204,1311,1418,1417,1416,1415,1414,1521,1628,1735,1842,1949,2056,2163,2270,2377,2484,2591,2698,2697,2696,2695,2694,2693,2693,2693,2693,2693,2693,2693,2693,2693,2693,2693,2693,2693,2693,2693,2693,2693,2693,2693,2693,2693,2693,2693,2693,2693,2693,2693,2693,2693,2693,2693,2693,2693,2693,2693,2693,2693,
goal:2693,2693,2693,2693,2693,2693,2693,2693,2693,2693,2693,2693,2693,2693,2693,2693,2693,2693,2693,2693,2693,2693,2693,2693,2693,2693,2693,2693,2693,2693,2693,2693,2693,2693,2693,2693,2693,2693,2693,2693,2693,2693,2693,2693,2693,2693,2693,2693,2693,2693,2693,2693,2693,2693,2693,2693,2693,2693,2693,2693,2693,2693,2693,2693,2693,2693,
size:29
[agent] id:4
path:3766,3767,3660,3553,3446,3339,3232,3125,3018,2911,2804,2697,2590,2483,2376,2269,2162,2055,1948,1841,1734,1627,1520,1413,1306,1199,1200,1201,1202,1203,1204,1205,1206,1207,1207,1207,1207,1207,1207,1207,1207,1207,1207,1207,1207,1207,1207,1207,1207,1207,1207,1207,1207,1207,1207,1207,1207,1207,1207,1207,1207,1207,1207,1207,1207,1207,
goal:1207,1207,1207,1207,1207,1207,1207,1207,1207,1207,1207,1207,1207,1207,1207,1207,1207,1207,1207,1207,1207,1207,1207,1207,1207,1207,1207,1207,1207,1207,1207,1207,1207,1207,1207,1207,1207,1207,1207,1207,1207,1207,1207,1207,1207,1207,1207,1207,1207,1207,1207,1207,1207,1207,1207,1207,1207,1207,1207,1207,1207,1207,1207,1207,1207,1207,
size:33
[agent] id:5
path:2227,2120,2119,2118,2117,2116,2115,2114,2113,2112,2111,2110,2109,2108,2107,2106,2105,2104,2103,2102,2101,2100,2099,2098,2097,2096,2095,2094,2093,2092,2091,2090,2089,2088,1981,1980,1979,1978,1977,1976,1975,1974,1973,1972,1971,1970,1969,1968,1967,1966,1965,1964,1963,1962,1855,1748,1747,1747,1747,1747,1747,1747,1747,1747,1747,1747,
goal:1747,1747,1747,1747,1747,1747,1747,1747,1747,1747,1747,1747,1747,1747,1747,1747,1747,1747,1747,1747,1747,1747,1747,1747,1747,1747,1747,1747,1747,1747,1747,1747,1747,1747,1747,1747,1747,1747,1747,1747,1747,1747,1747,1747,1747,1747,1747,1747,1747,1747,1747,1747,1747,1747,1747,1747,1747,1747,1747,1747,1747,1747,1747,1747,1747,1747,
size:56
[agent] id:6
path:1652,1759,1866,1973,2080,2187,2294,2401,2508,2509,2510,2511,2512,2513,2514,2515,2516,2517,2518,2519,2520,2521,2522,2523,2524,2525,2526,2527,2527,2527,2527,2527,2527,2527,2527,2527,2527,2527,2527,2527,2527,2527,2527,2527,2527,2527,2527,2527,2527,2527,2527,2527,2527,2527,2527,2527,2527,2527,2527,2527,2527,2527,2527,2527,2527,2527,
goal:2527,2527,2527,2527,2527,2527,2527,2527,2527,2527,2527,2527,2527,2527,2527,2527,2527,2527,2527,2527,2527,2527,2527,2527,2527,2527,2527,2527,2527,2527,2527,2527,2527,2527,2527,2527,2527,2527,2527,2527,2527,2527,2527,2527,2527,2527,2527,2527,2527,2527,2527,2527,2527,2527,2527,2527,2527,2527,2527,2527,2527,2527,2527,2527,2527,2527,
size:27
[agent] id:7
path:2957,2850,2743,2636,2529,2422,2315,2208,2101,1994,1995,1996,1997,1998,1999,2000,2001,2002,2003,2004,2005,2006,2007,2008,2009,2010,2011,2012,2012,2012,2012,2012,2012,2012,2012,2012,2012,2012,2012,2012,2012,2012,2012,2012,2012,2012,2012,2012,2012,2012,2012,2012,2012,2012,2012,2012,2012,2012,2012,2012,2012,2012,2012,2012,2012,2012,
goal:2012,2012,2012,2012,2012,2012,2012,2012,2012,2012,2012,2012,2012,2012,2012,2012,2012,2012,2012,2012,2012,2012,2012,2012,2012,2012,2012,2012,2012,2012,2012,2012,2012,2012,2012,2012,2012,2012,2012,2012,2012,2012,2012,2012,2012,2012,2012,2012,2012,2012,2012,2012,2012,2012,2012,2012,2012,2012,2012,2012,2012,2012,2012,2012,2012,2012,
size:27
[agent] id:8
path:1891,1998,2105,2212,2319,2426,2533,2640,2747,2854,2853,2852,2851,2850,2849,2848,2847,2846,2845,2844,2843,2842,2841,2840,2839,2838,2837,2836,2943,2942,2941,2940,2939,2938,2937,2936,2935,2934,2933,2932,2931,2930,2929,2928,2927,2926,2925,2924,2923,2922,2921,2920,2919,2918,2917,2916,2915,2914,2913,2912,2911,2910,2909,2908,2907,2906,
goal:2906,2906,2906,2906,2906,2906,2906,2906,2906,2906,2906,2906,2906,2906,2906,2906,2906,2906,2906,2906,2906,2906,2906,2906,2906,2906,2906,2906,2906,2906,2906,2906,2906,2906,2906,2906,2906,2906,2906,2906,2906,2906,2906,2906,2906,2906,2906,2906,2906,2906,2906,2906,2906,2906,2906,2906,2906,2906,2906,2906,2906,2906,2906,2906,2906,2906,
size:65
[agent] id:9
path:371,478,585,692,799,906,1013,1120,1227,1334,1441,1440,1439,1438,1545,1652,1759,1866,1973,2080,2187,2294,2401,2508,2615,2722,2829,2936,3043,3044,3045,3046,3047,3048,3049,3050,3051,3052,3053,3054,3055,3056,3057,3058,3059,3060,3061,3062,3169,3170,3171,3172,3173,3280,3387,3494,3601,3708,3815,3922,4029,4136,4243,4242,4241,4241,
goal:4241,4241,4241,4241,4241,4241,4241,4241,4241,4241,4241,4241,4241,4241,4241,4241,4241,4241,4241,4241,4241,4241,4241,4241,4241,4241,4241,4241,4241,4241,4241,4241,4241,4241,4241,4241,4241,4241,4241,4241,4241,4241,4241,4241,4241,4241,4241,4241,4241,4241,4241,4241,4241,4241,4241,4241,4241,4241,4241,4241,4241,4241,4241,4241,4241,4241,
size:64
SolutionCost:386
