[setting] seed:11
[solver] type:ECBS
[solver] w:2.000000
[solver] ID:0
[solver] Lowlevelnode:7256
[solver] ConflictCount:10
[solver] solved:1
[solver] elapsed:67
[solver] makespan:41
[problem] timesteplimit:10000
[problem] type:MAPF
[problem] agentnum:30
[graph] width:35
[graph] height:21
[graph] filename:./map/warehouse_middle.map
[task] id:3,start:0,end:0,service time:0,nodes:73,
[task] id:29,start:0,end:0,service time:0,nodes:496,
[task] id:11,start:0,end:0,service time:0,nodes:662,
[task] id:13,start:0,end:0,service time:0,nodes:196,
[task] id:22,start:0,end:0,service time:0,nodes:145,
[task] id:21,start:0,end:0,service time:0,nodes:620,
[task] id:14,start:0,end:0,service time:0,nodes:16,
[task] id:17,start:0,end:0,service time:0,nodes:599,
[task] id:2,start:0,end:0,service time:0,nodes:622,
[task] id:26,start:0,end:0,service time:0,nodes:266,
[task] id:27,start:0,end:0,service time:0,nodes:193,
[task] id:4,start:0,end:0,service time:0,nodes:179,
[task] id:9,start:0,end:0,service time:0,nodes:414,
[task] id:20,start:0,end:0,service time:0,nodes:444,
[task] id:12,start:0,end:0,service time:0,nodes:541,
[task] id:19,start:0,end:0,service time:0,nodes:168,
[task] id:5,start:0,end:0,service time:0,nodes:672,
[task] id:23,start:0,end:0,service time:0,nodes:715,
[task] id:10,start:0,end:0,service time:0,nodes:576,
[task] id:25,start:0,end:0,service time:0,nodes:71,
[task] id:28,start:0,end:0,service time:0,nodes:557,
[task] id:7,start:0,end:0,service time:0,nodes:443,
[task] id:8,start:0,end:0,service time:0,nodes:252,
[task] id:16,start:0,end:0,service time:0,nodes:323,
[task] id:1,start:0,end:0,service time:0,nodes:719,
[task] id:15,start:0,end:0,service time:0,nodes:623,
[task] id:0,start:0,end:0,service time:0,nodes:21,
[task] id:6,start:0,end:0,service time:0,nodes:107,
[task] id:24,start:0,end:0,service time:0,nodes:31,
[task] id:18,start:0,end:0,service time:0,nodes:75,
[agent] id:0
path:683,682,647,612,577,542,507,472,437,402,403,402,367,402,401,402,367,367,402,401,402,367,332,297,262,227,192,157,157,122,87,52,17,18,19,20,21,21,21,21,21,21,
goal:21,21,21,21,21,21,21,21,21,21,21,21,21,21,21,21,21,21,21,21,21,21,21,21,21,21,21,21,21,21,21,21,21,21,21,21,21,21,21,21,21,21,
size:36
[agent] id:1
path:199,198,197,196,195,160,159,194,193,193,192,227,262,263,298,333,333,332,367,402,437,472,507,542,577,612,647,682,717,718,719,719,719,719,719,719,719,719,719,719,719,719,
goal:719,719,719,719,719,719,719,719,719,719,719,719,719,719,719,719,719,719,719,719,719,719,719,719,719,719,719,719,719,719,719,719,719,719,719,719,719,719,719,719,719,719,
size:30
[agent] id:2
path:99,134,169,204,239,274,309,344,379,414,449,484,519,554,589,624,623,622,622,622,622,622,622,622,622,622,622,622,622,622,622,622,622,622,622,622,622,622,622,622,622,622,
goal:622,622,622,622,622,622,622,622,622,622,622,622,622,622,622,622,622,622,622,622,622,622,622,622,622,622,622,622,622,622,622,622,622,622,622,622,622,622,622,622,622,622,
size:17
[agent] id:3
path:35,70,71,72,73,73,73,73,73,73,73,73,73,73,73,73,73,73,73,73,73,73,73,73,73,73,73,73,73,73,73,73,73,73,73,73,73,73,73,73,73,73,
goal:73,73,73,73,73,73,73,73,73,73,73,73,73,73,73,73,73,73,73,73,73,73,73,73,73,73,73,73,73,73,73,73,73,73,73,73,73,73,73,73,73,73,
size:4
[agent] id:4
path:265,264,263,262,227,192,191,190,189,188,187,186,185,184,183,182,181,180,179,179,179,179,179,179,179,179,179,179,179,179,179,179,179,179,179,179,179,179,179,179,179,179,
goal:179,179,179,179,179,179,179,179,179,179,179,179,179,179,179,179,179,179,179,179,179,179,179,179,179,179,179,179,179,179,179,179,179,179,179,179,179,179,179,179,179,179,
size:18
[agent] id:5
path:210,245,280,315,350,385,420,455,490,525,560,595,630,665,666,667,668,669,670,671,672,672,672,672,672,672,672,672,672,672,672,672,672,672,672,672,672,672,672,672,672,672,
goal:672,672,672,672,672,672,672,672,672,672,672,672,672,672,672,672,672,672,672,672,672,672,672,672,672,672,672,672,672,672,672,672,672,672,672,672,672,672,672,672,672,672,
size:20
[agent] id:6
path:722,687,686,685,684,683,682,647,612,577,576,541,540,539,538,537,536,535,534,533,532,531,530,495,460,425,390,355,320,285,250,215,214,213,178,143,108,107,107,107,107,107,
goal:107,107,107,107,107,107,107,107,107,107,107,107,107,107,107,107,107,107,107,107,107,107,107,107,107,107,107,107,107,107,107,107,107,107,107,107,107,107,107,107,107,107,
size:37
[agent] id:7
path:598,563,528,493,458,423,424,425,426,427,428,429,430,431,432,433,434,435,436,437,438,439,440,441,442,443,443,443,443,443,443,443,443,443,443,443,443,443,443,443,443,443,
goal:443,443,443,443,443,443,443,443,443,443,443,443,443,443,443,443,443,443,443,443,443,443,443,443,443,443,443,443,443,443,443,443,443,443,443,443,443,443,443,443,443,443,
size:25
[agent] id:8
path:415,380,345,310,309,308,273,272,271,270,269,268,267,266,265,264,263,262,261,260,259,258,257,256,255,254,253,252,252,252,252,252,252,252,252,252,252,252,252,252,252,252,
goal:252,252,252,252,252,252,252,252,252,252,252,252,252,252,252,252,252,252,252,252,252,252,252,252,252,252,252,252,252,252,252,252,252,252,252,252,252,252,252,252,252,252,
size:27
[agent] id:9
path:432,397,398,399,400,401,402,403,404,405,406,407,408,409,410,411,412,413,414,414,414,414,414,414,414,414,414,414,414,414,414,414,414,414,414,414,414,414,414,414,414,414,
goal:414,414,414,414,414,414,414,414,414,414,414,414,414,414,414,414,414,414,414,414,414,414,414,414,414,414,414,414,414,414,414,414,414,414,414,414,414,414,414,414,414,414,
size:18
[agent] id:10
path:311,346,381,416,451,486,521,556,591,590,589,588,587,586,585,584,583,582,581,580,579,578,577,576,576,576,576,576,576,576,576,576,576,576,576,576,576,576,576,576,576,576,
goal:576,576,576,576,576,576,576,576,576,576,576,576,576,576,576,576,576,576,576,576,576,576,576,576,576,576,576,576,576,576,576,576,576,576,576,576,576,576,576,576,576,576,
size:23
[agent] id:11
path:622,623,658,659,660,661,662,662,662,662,662,662,662,662,662,662,662,662,662,662,662,662,662,662,662,662,662,662,662,662,662,662,662,662,662,662,662,662,662,662,662,662,
goal:662,662,662,662,662,662,662,662,662,662,662,662,662,662,662,662,662,662,662,662,662,662,662,662,662,662,662,662,662,662,662,662,662,662,662,662,662,662,662,662,662,662,
size:6
[agent] id:12
path:272,307,342,341,340,339,338,337,336,335,334,333,332,367,402,437,472,507,542,541,541,541,541,541,541,541,541,541,541,541,541,541,541,541,541,541,541,541,541,541,541,541,
goal:541,541,541,541,541,541,541,541,541,541,541,541,541,541,541,541,541,541,541,541,541,541,541,541,541,541,541,541,541,541,541,541,541,541,541,541,541,541,541,541,541,541,
size:19
[agent] id:13
path:261,262,227,192,193,194,195,196,196,196,196,196,196,196,196,196,196,196,196,196,196,196,196,196,196,196,196,196,196,196,196,196,196,196,196,196,196,196,196,196,196,196,
goal:196,196,196,196,196,196,196,196,196,196,196,196,196,196,196,196,196,196,196,196,196,196,196,196,196,196,196,196,196,196,196,196,196,196,196,196,196,196,196,196,196,196,
size:7
[agent] id:14
path:439,404,403,402,367,332,297,262,227,192,157,122,87,52,17,16,16,16,16,16,16,16,16,16,16,16,16,16,16,16,16,16,16,16,16,16,16,16,16,16,16,16,
goal:16,16,16,16,16,16,16,16,16,16,16,16,16,16,16,16,16,16,16,16,16,16,16,16,16,16,16,16,16,16,16,16,16,16,16,16,16,16,16,16,16,16,
size:15
[agent] id:15
path:386,421,422,423,424,459,460,461,462,463,464,465,466,467,468,469,470,471,472,507,542,543,544,579,580,581,582,583,584,585,586,587,588,623,623,623,623,623,623,623,623,623,
goal:623,623,623,623,623,623,623,623,623,623,623,623,623,623,623,623,623,623,623,623,623,623,623,623,623,623,623,623,623,623,623,623,623,623,623,623,623,623,623,623,623,623,
size:33
[agent] id:16
path:452,417,382,347,346,345,344,343,342,341,340,339,338,337,336,335,334,333,332,331,330,329,328,327,326,325,324,323,323,323,323,323,323,323,323,323,323,323,323,323,323,323,
goal:323,323,323,323,323,323,323,323,323,323,323,323,323,323,323,323,323,323,323,323,323,323,323,323,323,323,323,323,323,323,323,323,323,323,323,323,323,323,323,323,323,323,
size:27
[agent] id:17
path:111,146,181,216,251,286,321,356,391,426,461,460,495,530,565,600,599,599,599,599,599,599,599,599,599,599,599,599,599,599,599,599,599,599,599,599,599,599,599,599,599,599,
goal:599,599,599,599,599,599,599,599,599,599,599,599,599,599,599,599,599,599,599,599,599,599,599,599,599,599,599,599,599,599,599,599,599,599,599,599,599,599,599,599,599,599,
size:16
[agent] id:18
path:592,557,522,487,452,417,382,347,312,277,242,207,172,137,136,135,134,133,132,131,130,129,128,127,126,125,124,123,122,121,120,119,118,117,116,115,114,113,112,111,76,75,
goal:75,75,75,75,75,75,75,75,75,75,75,75,75,75,75,75,75,75,75,75,75,75,75,75,75,75,75,75,75,75,75,75,75,75,75,75,75,75,75,75,75,75,
size:41
[agent] id:19
path:115,150,151,152,153,154,155,156,157,158,159,160,161,162,163,164,165,166,167,168,168,168,168,168,168,168,168,168,168,168,168,168,168,168,168,168,168,168,168,168,168,168,
goal:168,168,168,168,168,168,168,168,168,168,168,168,168,168,168,168,168,168,168,168,168,168,168,168,168,168,168,168,168,168,168,168,168,168,168,168,168,168,168,168,168,168,
size:19
[agent] id:20
path:290,325,326,327,328,329,330,331,332,367,402,437,438,439,440,441,442,443,444,444,444,444,444,444,444,444,444,444,444,444,444,444,444,444,444,444,444,444,444,444,444,444,
goal:444,444,444,444,444,444,444,444,444,444,444,444,444,444,444,444,444,444,444,444,444,444,444,444,444,444,444,444,444,444,444,444,444,444,444,444,444,444,444,444,444,444,
size:18
[agent] id:21
path:719,684,683,682,647,612,613,614,615,616,617,618,619,620,620,620,620,620,620,620,620,620,620,620,620,620,620,620,620,620,620,620,620,620,620,620,620,620,620,620,620,620,
goal:620,620,620,620,620,620,620,620,620,620,620,620,620,620,620,620,620,620,620,620,620,620,620,620,620,620,620,620,620,620,620,620,620,620,620,620,620,620,620,620,620,620,
size:13
[agent] id:22
path:11,46,45,44,43,42,41,76,111,146,145,145,145,145,145,145,145,145,145,145,145,145,145,145,145,145,145,145,145,145,145,145,145,145,145,145,145,145,145,145,145,145,
goal:145,145,145,145,145,145,145,145,145,145,145,145,145,145,145,145,145,145,145,145,145,145,145,145,145,145,145,145,145,145,145,145,145,145,145,145,145,145,145,145,145,145,
size:10
[agent] id:23
path:354,389,424,459,494,529,564,599,634,669,704,705,706,707,708,709,710,711,712,713,714,715,715,715,715,715,715,715,715,715,715,715,715,715,715,715,715,715,715,715,715,715,
goal:715,715,715,715,715,715,715,715,715,715,715,715,715,715,715,715,715,715,715,715,715,715,715,715,715,715,715,715,715,715,715,715,715,715,715,715,715,715,715,715,715,715,
size:21
[agent] id:24
path:604,569,534,535,536,537,538,539,540,541,542,507,472,437,438,403,404,405,406,407,408,409,410,411,412,413,378,343,308,273,238,203,204,169,134,99,64,29,30,31,31,31,
goal:31,31,31,31,31,31,31,31,31,31,31,31,31,31,31,31,31,31,31,31,31,31,31,31,31,31,31,31,31,31,31,31,31,31,31,31,31,31,31,31,31,31,
size:39
[agent] id:25
path:298,263,262,227,192,157,122,121,120,119,118,117,116,115,114,113,112,111,110,109,108,107,72,71,71,71,71,71,71,71,71,71,71,71,71,71,71,71,71,71,71,71,
goal:71,71,71,71,71,71,71,71,71,71,71,71,71,71,71,71,71,71,71,71,71,71,71,71,71,71,71,71,71,71,71,71,71,71,71,71,71,71,71,71,71,71,
size:23
[agent] id:26
path:31,66,101,136,171,206,241,276,275,274,273,272,271,270,269,268,267,266,266,266,266,266,266,266,266,266,266,266,266,266,266,266,266,266,266,266,266,266,266,266,266,266,
goal:266,266,266,266,266,266,266,266,266,266,266,266,266,266,266,266,266,266,266,266,266,266,266,266,266,266,266,266,266,266,266,266,266,266,266,266,266,266,266,266,266,266,
size:17
[agent] id:27
path:343,308,307,306,305,304,303,302,301,300,299,298,297,297,262,227,192,193,193,193,193,193,193,193,193,193,193,193,193,193,193,193,193,193,193,193,193,193,193,193,193,193,
goal:193,193,193,193,193,193,193,193,193,193,193,193,193,193,193,193,193,193,193,193,193,193,193,193,193,193,193,193,193,193,193,193,193,193,193,193,193,193,193,193,193,193,
size:17
[agent] id:28
path:713,678,679,680,681,682,647,612,577,542,543,544,545,546,547,548,549,550,551,552,553,554,555,556,557,557,557,557,557,557,557,557,557,557,557,557,557,557,557,557,557,557,
goal:557,557,557,557,557,557,557,557,557,557,557,557,557,557,557,557,557,557,557,557,557,557,557,557,557,557,557,557,557,557,557,557,557,557,557,557,557,557,557,557,557,557,
size:24
[agent] id:29
path:458,493,494,495,496,496,496,496,496,496,496,496,496,496,496,496,496,496,496,496,496,496,496,496,496,496,496,496,496,496,496,496,496,496,496,496,496,496,496,496,496,496,
goal:496,496,496,496,496,496,496,496,496,496,496,496,496,496,496,496,496,496,496,496,496,496,496,496,496,496,496,496,496,496,496,496,496,496,496,496,496,496,496,496,496,496,
size:4
SolutionCost:624
