[setting] seed:76
[solver] type:ECBS
[solver] w:2.000000
[solver] ID:0
[solver] Lowlevelnode:5192
[solver] ConflictCount:10
[solver] solved:1
[solver] elapsed:32
[solver] makespan:38
[problem] timesteplimit:10000
[problem] type:MAPF
[problem] agentnum:30
[graph] width:35
[graph] height:21
[graph] filename:./map/warehouse_middle.map
[task] id:16,start:0,end:0,service time:0,nodes:73,
[task] id:1,start:0,end:0,service time:0,nodes:662,
[task] id:14,start:0,end:0,service time:0,nodes:238,
[task] id:4,start:0,end:0,service time:0,nodes:169,
[task] id:6,start:0,end:0,service time:0,nodes:587,
[task] id:21,start:0,end:0,service time:0,nodes:533,
[task] id:7,start:0,end:0,service time:0,nodes:396,
[task] id:10,start:0,end:0,service time:0,nodes:8,
[task] id:2,start:0,end:0,service time:0,nodes:710,
[task] id:5,start:0,end:0,service time:0,nodes:435,
[task] id:15,start:0,end:0,service time:0,nodes:705,
[task] id:3,start:0,end:0,service time:0,nodes:532,
[task] id:22,start:0,end:0,service time:0,nodes:129,
[task] id:0,start:0,end:0,service time:0,nodes:676,
[task] id:24,start:0,end:0,service time:0,nodes:531,
[task] id:27,start:0,end:0,service time:0,nodes:316,
[task] id:8,start:0,end:0,service time:0,nodes:617,
[task] id:11,start:0,end:0,service time:0,nodes:554,
[task] id:17,start:0,end:0,service time:0,nodes:581,
[task] id:28,start:0,end:0,service time:0,nodes:299,
[task] id:13,start:0,end:0,service time:0,nodes:240,
[task] id:19,start:0,end:0,service time:0,nodes:476,
[task] id:29,start:0,end:0,service time:0,nodes:136,
[task] id:9,start:0,end:0,service time:0,nodes:344,
[task] id:26,start:0,end:0,service time:0,nodes:727,
[task] id:18,start:0,end:0,service time:0,nodes:633,
[task] id:12,start:0,end:0,service time:0,nodes:523,
[task] id:23,start:0,end:0,service time:0,nodes:455,
[task] id:20,start:0,end:0,service time:0,nodes:283,
[task] id:25,start:0,end:0,service time:0,nodes:493,
[agent] id:0
path:622,621,620,619,618,617,616,615,614,613,612,647,682,681,680,679,678,677,676,676,676,676,676,676,676,676,676,676,676,676,676,676,676,676,676,676,676,676,676,
goal:676,676,676,676,676,676,676,676,676,676,676,676,676,676,676,676,676,676,676,676,676,676,676,676,676,676,676,676,676,676,676,676,676,676,676,676,676,676,676,
size:18
[agent] id:1
path:522,557,592,627,662,662,662,662,662,662,662,662,662,662,662,662,662,662,662,662,662,662,662,662,662,662,662,662,662,662,662,662,662,662,662,662,662,662,662,
goal:662,662,662,662,662,662,662,662,662,662,662,662,662,662,662,662,662,662,662,662,662,662,662,662,662,662,662,662,662,662,662,662,662,662,662,662,662,662,662,
size:4
[agent] id:2
path:493,528,563,598,633,668,703,704,705,706,707,708,709,710,710,710,710,710,710,710,710,710,710,710,710,710,710,710,710,710,710,710,710,710,710,710,710,710,710,
goal:710,710,710,710,710,710,710,710,710,710,710,710,710,710,710,710,710,710,710,710,710,710,710,710,710,710,710,710,710,710,710,710,710,710,710,710,710,710,710,
size:13
[agent] id:3
path:178,213,248,283,318,353,388,423,458,493,528,529,530,531,532,532,532,532,532,532,532,532,532,532,532,532,532,532,532,532,532,532,532,532,532,532,532,532,532,
goal:532,532,532,532,532,532,532,532,532,532,532,532,532,532,532,532,532,532,532,532,532,532,532,532,532,532,532,532,532,532,532,532,532,532,532,532,532,532,532,
size:14
[agent] id:4
path:126,161,162,163,164,165,166,167,168,169,169,169,169,169,169,169,169,169,169,169,169,169,169,169,169,169,169,169,169,169,169,169,169,169,169,169,169,169,169,
goal:169,169,169,169,169,169,169,169,169,169,169,169,169,169,169,169,169,169,169,169,169,169,169,169,169,169,169,169,169,169,169,169,169,169,169,169,169,169,169,
size:9
[agent] id:5
path:188,189,190,191,192,227,262,297,332,367,402,437,436,435,435,435,435,435,435,435,435,435,435,435,435,435,435,435,435,435,435,435,435,435,435,435,435,435,435,
goal:435,435,435,435,435,435,435,435,435,435,435,435,435,435,435,435,435,435,435,435,435,435,435,435,435,435,435,435,435,435,435,435,435,435,435,435,435,435,435,
size:13
[agent] id:6
path:489,524,559,594,593,592,591,590,589,588,587,587,587,587,587,587,587,587,587,587,587,587,587,587,587,587,587,587,587,587,587,587,587,587,587,587,587,587,587,
goal:587,587,587,587,587,587,587,587,587,587,587,587,587,587,587,587,587,587,587,587,587,587,587,587,587,587,587,587,587,587,587,587,587,587,587,587,587,587,587,
size:10
[agent] id:7
path:336,335,334,333,332,367,402,401,400,399,398,397,396,396,396,396,396,396,396,396,396,396,396,396,396,396,396,396,396,396,396,396,396,396,396,396,396,396,396,
goal:396,396,396,396,396,396,396,396,396,396,396,396,396,396,396,396,396,396,396,396,396,396,396,396,396,396,396,396,396,396,396,396,396,396,396,396,396,396,396,
size:12
[agent] id:8
path:314,349,384,419,454,489,524,559,594,629,628,627,626,625,624,623,622,621,620,619,618,617,617,617,617,617,617,617,617,617,617,617,617,617,617,617,617,617,617,
goal:617,617,617,617,617,617,617,617,617,617,617,617,617,617,617,617,617,617,617,617,617,617,617,617,617,617,617,617,617,617,617,617,617,617,617,617,617,617,617,
size:21
[agent] id:9
path:176,211,246,281,316,317,318,319,320,321,322,323,324,325,326,327,328,329,330,331,332,333,334,335,336,337,338,339,340,341,342,343,344,344,344,344,344,344,344,
goal:344,344,344,344,344,344,344,344,344,344,344,344,344,344,344,344,344,344,344,344,344,344,344,344,344,344,344,344,344,344,344,344,344,344,344,344,344,344,344,
size:32
[agent] id:10
path:248,249,214,179,144,109,74,39,4,5,6,7,8,8,8,8,8,8,8,8,8,8,8,8,8,8,8,8,8,8,8,8,8,8,8,8,8,8,8,
goal:8,8,8,8,8,8,8,8,8,8,8,8,8,8,8,8,8,8,8,8,8,8,8,8,8,8,8,8,8,8,8,8,8,8,8,8,8,8,8,
size:12
[agent] id:11
path:293,328,329,330,331,332,367,402,437,472,507,542,543,544,545,546,547,548,549,550,551,552,553,554,554,554,554,554,554,554,554,554,554,554,554,554,554,554,554,
goal:554,554,554,554,554,554,554,554,554,554,554,554,554,554,554,554,554,554,554,554,554,554,554,554,554,554,554,554,554,554,554,554,554,554,554,554,554,554,554,
size:23
[agent] id:12
path:321,356,391,426,461,462,463,464,465,466,467,468,469,470,471,436,437,438,439,440,441,476,477,478,479,480,481,482,483,518,519,520,521,522,523,523,523,523,523,
goal:523,523,523,523,523,523,523,523,523,523,523,523,523,523,523,523,523,523,523,523,523,523,523,523,523,523,523,523,523,523,523,523,523,523,523,523,523,523,523,
size:34
[agent] id:13
path:181,182,183,184,185,186,187,188,189,190,191,192,193,194,195,196,197,198,199,200,201,202,203,204,205,240,240,240,240,240,240,240,240,240,240,240,240,240,240,
goal:240,240,240,240,240,240,240,240,240,240,240,240,240,240,240,240,240,240,240,240,240,240,240,240,240,240,240,240,240,240,240,240,240,240,240,240,240,240,240,
size:25
[agent] id:14
path:382,347,312,277,242,241,240,239,238,238,238,238,238,238,238,238,238,238,238,238,238,238,238,238,238,238,238,238,238,238,238,238,238,238,238,238,238,238,238,
goal:238,238,238,238,238,238,238,238,238,238,238,238,238,238,238,238,238,238,238,238,238,238,238,238,238,238,238,238,238,238,238,238,238,238,238,238,238,238,238,
size:8
[agent] id:15
path:352,387,422,457,492,527,562,597,632,667,702,703,704,705,705,705,705,705,705,705,705,705,705,705,705,705,705,705,705,705,705,705,705,705,705,705,705,705,705,
goal:705,705,705,705,705,705,705,705,705,705,705,705,705,705,705,705,705,705,705,705,705,705,705,705,705,705,705,705,705,705,705,705,705,705,705,705,705,705,705,
size:13
[agent] id:16
path:110,75,74,73,73,73,73,73,73,73,73,73,73,73,73,73,73,73,73,73,73,73,73,73,73,73,73,73,73,73,73,73,73,73,73,73,73,73,73,
goal:73,73,73,73,73,73,73,73,73,73,73,73,73,73,73,73,73,73,73,73,73,73,73,73,73,73,73,73,73,73,73,73,73,73,73,73,73,73,73,
size:3
[agent] id:17
path:151,186,187,188,189,190,191,192,227,262,297,297,332,367,402,437,472,507,542,577,578,579,580,581,581,581,581,581,581,581,581,581,581,581,581,581,581,581,581,
goal:581,581,581,581,581,581,581,581,581,581,581,581,581,581,581,581,581,581,581,581,581,581,581,581,581,581,581,581,581,581,581,581,581,581,581,581,581,581,581,
size:23
[agent] id:18
path:18,53,52,87,122,157,192,227,262,297,332,367,402,437,472,507,542,577,612,611,610,609,608,607,606,605,604,603,602,601,636,635,634,633,633,633,633,633,633,
goal:633,633,633,633,633,633,633,633,633,633,633,633,633,633,633,633,633,633,633,633,633,633,633,633,633,633,633,633,633,633,633,633,633,633,633,633,633,633,633,
size:33
[agent] id:19
path:111,146,181,216,251,286,321,356,391,392,393,394,395,430,431,432,433,434,399,400,401,436,437,438,473,474,475,476,476,476,476,476,476,476,476,476,476,476,476,
goal:476,476,476,476,476,476,476,476,476,476,476,476,476,476,476,476,476,476,476,476,476,476,476,476,476,476,476,476,476,476,476,476,476,476,476,476,476,476,476,
size:27
[agent] id:20
path:557,556,521,486,451,416,415,414,413,412,411,410,409,408,407,406,405,404,403,402,367,367,332,297,296,295,294,293,292,291,290,289,288,287,286,285,284,283,283,
goal:283,283,283,283,283,283,283,283,283,283,283,283,283,283,283,283,283,283,283,283,283,283,283,283,283,283,283,283,283,283,283,283,283,283,283,283,283,283,283,
size:37
[agent] id:21
path:710,675,674,673,672,671,636,601,566,531,532,533,533,533,533,533,533,533,533,533,533,533,533,533,533,533,533,533,533,533,533,533,533,533,533,533,533,533,533,
goal:533,533,533,533,533,533,533,533,533,533,533,533,533,533,533,533,533,533,533,533,533,533,533,533,533,533,533,533,533,533,533,533,533,533,533,533,533,533,533,
size:11
[agent] id:22
path:339,304,269,270,271,272,273,238,203,168,133,132,131,130,129,129,129,129,129,129,129,129,129,129,129,129,129,129,129,129,129,129,129,129,129,129,129,129,129,
goal:129,129,129,129,129,129,129,129,129,129,129,129,129,129,129,129,129,129,129,129,129,129,129,129,129,129,129,129,129,129,129,129,129,129,129,129,129,129,129,
size:14
[agent] id:23
path:625,590,555,520,485,484,483,482,481,480,479,478,477,476,475,474,473,472,471,470,469,468,467,466,465,464,463,462,461,460,459,458,457,456,455,455,455,455,455,
goal:455,455,455,455,455,455,455,455,455,455,455,455,455,455,455,455,455,455,455,455,455,455,455,455,455,455,455,455,455,455,455,455,455,455,455,455,455,455,455,
size:34
[agent] id:24
path:405,404,403,402,401,400,435,434,433,432,431,430,429,428,463,462,461,496,531,531,531,531,531,531,531,531,531,531,531,531,531,531,531,531,531,531,531,531,531,
goal:531,531,531,531,531,531,531,531,531,531,531,531,531,531,531,531,531,531,531,531,531,531,531,531,531,531,531,531,531,531,531,531,531,531,531,531,531,531,531,
size:18
[agent] id:25
path:171,206,241,276,311,346,381,416,451,486,485,484,483,482,481,480,479,478,477,476,475,474,473,472,471,470,469,468,467,466,465,464,463,462,461,496,495,494,493,
goal:493,493,493,493,493,493,493,493,493,493,493,493,493,493,493,493,493,493,493,493,493,493,493,493,493,493,493,493,493,493,493,493,493,493,493,493,493,493,493,
size:38
[agent] id:26
path:253,288,323,324,325,326,327,328,329,330,331,332,367,402,437,472,507,542,577,612,647,682,717,718,719,720,721,722,723,724,725,726,727,727,727,727,727,727,727,
goal:727,727,727,727,727,727,727,727,727,727,727,727,727,727,727,727,727,727,727,727,727,727,727,727,727,727,727,727,727,727,727,727,727,727,727,727,727,727,727,
size:32
[agent] id:27
path:263,262,261,260,259,258,257,256,255,254,253,252,251,286,321,320,319,318,317,316,316,316,316,316,316,316,316,316,316,316,316,316,316,316,316,316,316,316,316,
goal:316,316,316,316,316,316,316,316,316,316,316,316,316,316,316,316,316,316,316,316,316,316,316,316,316,316,316,316,316,316,316,316,316,316,316,316,316,316,316,
size:19
[agent] id:28
path:72,107,142,177,212,247,282,283,284,285,286,287,288,289,290,291,292,293,294,295,296,297,298,299,299,299,299,299,299,299,299,299,299,299,299,299,299,299,299,
goal:299,299,299,299,299,299,299,299,299,299,299,299,299,299,299,299,299,299,299,299,299,299,299,299,299,299,299,299,299,299,299,299,299,299,299,299,299,299,299,
size:23
[agent] id:29
path:432,433,434,435,436,437,438,439,440,441,442,443,444,445,410,411,412,413,378,343,308,273,274,239,204,205,170,135,136,136,136,136,136,136,136,136,136,136,136,
goal:136,136,136,136,136,136,136,136,136,136,136,136,136,136,136,136,136,136,136,136,136,136,136,136,136,136,136,136,136,136,136,136,136,136,136,136,136,136,136,
size:28
SolutionCost:601
