[setting] seed:29
[solver] type:ECBS
[solver] w:2.000000
[solver] ID:0
[solver] Lowlevelnode:3499
[solver] ConflictCount:9
[solver] solved:1
[solver] elapsed:23
[solver] makespan:41
[problem] timesteplimit:10000
[problem] type:MAPF
[problem] agentnum:30
[graph] width:35
[graph] height:21
[graph] filename:./map/warehouse_middle.map
[task] id:27,start:0,end:0,service time:0,nodes:171,
[task] id:23,start:0,end:0,service time:0,nodes:423,
[task] id:8,start:0,end:0,service time:0,nodes:159,
[task] id:20,start:0,end:0,service time:0,nodes:556,
[task] id:15,start:0,end:0,service time:0,nodes:4,
[task] id:10,start:0,end:0,service time:0,nodes:295,
[task] id:7,start:0,end:0,service time:0,nodes:493,
[task] id:19,start:0,end:0,service time:0,nodes:536,
[task] id:6,start:0,end:0,service time:0,nodes:303,
[task] id:3,start:0,end:0,service time:0,nodes:148,
[task] id:17,start:0,end:0,service time:0,nodes:296,
[task] id:5,start:0,end:0,service time:0,nodes:612,
[task] id:14,start:0,end:0,service time:0,nodes:520,
[task] id:0,start:0,end:0,service time:0,nodes:63,
[task] id:13,start:0,end:0,service time:0,nodes:407,
[task] id:18,start:0,end:0,service time:0,nodes:337,
[task] id:26,start:0,end:0,service time:0,nodes:192,
[task] id:28,start:0,end:0,service time:0,nodes:670,
[task] id:11,start:0,end:0,service time:0,nodes:167,
[task] id:22,start:0,end:0,service time:0,nodes:573,
[task] id:9,start:0,end:0,service time:0,nodes:454,
[task] id:12,start:0,end:0,service time:0,nodes:594,
[task] id:29,start:0,end:0,service time:0,nodes:289,
[task] id:21,start:0,end:0,service time:0,nodes:325,
[task] id:1,start:0,end:0,service time:0,nodes:599,
[task] id:16,start:0,end:0,service time:0,nodes:552,
[task] id:24,start:0,end:0,service time:0,nodes:613,
[task] id:25,start:0,end:0,service time:0,nodes:691,
[task] id:2,start:0,end:0,service time:0,nodes:674,
[task] id:4,start:0,end:0,service time:0,nodes:422,
[agent] id:0
path:403,404,405,406,407,408,409,410,411,412,413,378,343,308,273,238,203,168,133,98,63,63,63,63,63,63,63,63,63,63,63,63,63,63,63,63,63,63,63,63,63,63,
goal:63,63,63,63,63,63,63,63,63,63,63,63,63,63,63,63,63,63,63,63,63,63,63,63,63,63,63,63,63,63,63,63,63,63,63,63,63,63,63,63,63,63,
size:20
[agent] id:1
path:483,518,553,588,623,622,621,620,619,618,617,616,615,614,613,612,611,610,609,608,607,606,605,604,603,602,601,600,599,599,599,599,599,599,599,599,599,599,599,599,599,599,
goal:599,599,599,599,599,599,599,599,599,599,599,599,599,599,599,599,599,599,599,599,599,599,599,599,599,599,599,599,599,599,599,599,599,599,599,599,599,599,599,599,599,599,
size:28
[agent] id:2
path:139,174,209,244,279,314,349,384,419,454,489,524,559,594,629,664,699,698,697,696,695,694,693,692,691,690,689,688,687,686,685,684,683,682,681,680,679,678,677,676,675,674,
goal:674,674,674,674,674,674,674,674,674,674,674,674,674,674,674,674,674,674,674,674,674,674,674,674,674,674,674,674,674,674,674,674,674,674,674,674,674,674,674,674,674,674,
size:41
[agent] id:3
path:56,55,54,53,52,87,122,157,156,155,154,153,152,151,150,149,148,148,148,148,148,148,148,148,148,148,148,148,148,148,148,148,148,148,148,148,148,148,148,148,148,148,
goal:148,148,148,148,148,148,148,148,148,148,148,148,148,148,148,148,148,148,148,148,148,148,148,148,148,148,148,148,148,148,148,148,148,148,148,148,148,148,148,148,148,148,
size:16
[agent] id:4
path:67,102,137,172,207,242,277,312,311,310,309,308,307,342,341,340,339,338,337,336,335,334,333,332,367,402,401,400,399,398,397,396,395,394,393,392,391,390,389,388,387,422,
goal:422,422,422,422,422,422,422,422,422,422,422,422,422,422,422,422,422,422,422,422,422,422,422,422,422,422,422,422,422,422,422,422,422,422,422,422,422,422,422,422,422,422,
size:41
[agent] id:5
path:378,413,448,483,518,553,588,623,622,621,620,619,618,617,616,615,614,613,612,612,612,612,612,612,612,612,612,612,612,612,612,612,612,612,612,612,612,612,612,612,612,612,
goal:612,612,612,612,612,612,612,612,612,612,612,612,612,612,612,612,612,612,612,612,612,612,612,612,612,612,612,612,612,612,612,612,612,612,612,612,612,612,612,612,612,612,
size:18
[agent] id:6
path:54,53,52,87,122,157,192,227,262,297,298,299,300,301,302,303,303,303,303,303,303,303,303,303,303,303,303,303,303,303,303,303,303,303,303,303,303,303,303,303,303,303,
goal:303,303,303,303,303,303,303,303,303,303,303,303,303,303,303,303,303,303,303,303,303,303,303,303,303,303,303,303,303,303,303,303,303,303,303,303,303,303,303,303,303,303,
size:15
[agent] id:7
path:431,466,465,464,463,462,461,496,495,494,493,493,493,493,493,493,493,493,493,493,493,493,493,493,493,493,493,493,493,493,493,493,493,493,493,493,493,493,493,493,493,493,
goal:493,493,493,493,493,493,493,493,493,493,493,493,493,493,493,493,493,493,493,493,493,493,493,493,493,493,493,493,493,493,493,493,493,493,493,493,493,493,493,493,493,493,
size:10
[agent] id:8
path:261,262,227,192,157,158,159,159,159,159,159,159,159,159,159,159,159,159,159,159,159,159,159,159,159,159,159,159,159,159,159,159,159,159,159,159,159,159,159,159,159,159,
goal:159,159,159,159,159,159,159,159,159,159,159,159,159,159,159,159,159,159,159,159,159,159,159,159,159,159,159,159,159,159,159,159,159,159,159,159,159,159,159,159,159,159,
size:6
[agent] id:9
path:538,539,540,541,542,507,472,437,438,439,440,441,442,443,444,445,446,447,448,449,450,451,452,453,454,454,454,454,454,454,454,454,454,454,454,454,454,454,454,454,454,454,
goal:454,454,454,454,454,454,454,454,454,454,454,454,454,454,454,454,454,454,454,454,454,454,454,454,454,454,454,454,454,454,454,454,454,454,454,454,454,454,454,454,454,454,
size:24
[agent] id:10
path:542,507,472,437,402,367,332,297,296,295,295,295,295,295,295,295,295,295,295,295,295,295,295,295,295,295,295,295,295,295,295,295,295,295,295,295,295,295,295,295,295,295,
goal:295,295,295,295,295,295,295,295,295,295,295,295,295,295,295,295,295,295,295,295,295,295,295,295,295,295,295,295,295,295,295,295,295,295,295,295,295,295,295,295,295,295,
size:9
[agent] id:11
path:327,292,257,258,259,260,261,262,263,264,265,266,267,268,269,270,271,272,273,238,203,168,167,167,167,167,167,167,167,167,167,167,167,167,167,167,167,167,167,167,167,167,
goal:167,167,167,167,167,167,167,167,167,167,167,167,167,167,167,167,167,167,167,167,167,167,167,167,167,167,167,167,167,167,167,167,167,167,167,167,167,167,167,167,167,167,
size:22
[agent] id:12
path:433,468,469,470,471,472,473,474,475,476,477,478,479,480,481,482,483,484,485,486,521,522,557,592,593,594,594,594,594,594,594,594,594,594,594,594,594,594,594,594,594,594,
goal:594,594,594,594,594,594,594,594,594,594,594,594,594,594,594,594,594,594,594,594,594,594,594,594,594,594,594,594,594,594,594,594,594,594,594,594,594,594,594,594,594,594,
size:25
[agent] id:13
path:458,423,388,389,390,391,392,393,394,395,396,397,398,399,400,401,402,403,404,405,406,407,407,407,407,407,407,407,407,407,407,407,407,407,407,407,407,407,407,407,407,407,
goal:407,407,407,407,407,407,407,407,407,407,407,407,407,407,407,407,407,407,407,407,407,407,407,407,407,407,407,407,407,407,407,407,407,407,407,407,407,407,407,407,407,407,
size:21
[agent] id:14
path:537,538,539,540,541,542,543,544,545,546,547,548,549,550,551,552,553,518,519,520,520,520,520,520,520,520,520,520,520,520,520,520,520,520,520,520,520,520,520,520,520,520,
goal:520,520,520,520,520,520,520,520,520,520,520,520,520,520,520,520,520,520,520,520,520,520,520,520,520,520,520,520,520,520,520,520,520,520,520,520,520,520,520,520,520,520,
size:19
[agent] id:15
path:216,181,146,111,76,41,6,5,4,4,4,4,4,4,4,4,4,4,4,4,4,4,4,4,4,4,4,4,4,4,4,4,4,4,4,4,4,4,4,4,4,4,
goal:4,4,4,4,4,4,4,4,4,4,4,4,4,4,4,4,4,4,4,4,4,4,4,4,4,4,4,4,4,4,4,4,4,4,4,4,4,4,4,4,4,4,
size:8
[agent] id:16
path:13,48,49,50,51,52,87,122,157,192,227,262,297,332,367,402,437,472,507,542,543,544,545,546,547,548,549,550,551,552,552,552,552,552,552,552,552,552,552,552,552,552,
goal:552,552,552,552,552,552,552,552,552,552,552,552,552,552,552,552,552,552,552,552,552,552,552,552,552,552,552,552,552,552,552,552,552,552,552,552,552,552,552,552,552,552,
size:29
[agent] id:17
path:178,213,248,249,250,251,252,253,254,255,256,257,258,259,260,261,296,296,296,296,296,296,296,296,296,296,296,296,296,296,296,296,296,296,296,296,296,296,296,296,296,296,
goal:296,296,296,296,296,296,296,296,296,296,296,296,296,296,296,296,296,296,296,296,296,296,296,296,296,296,296,296,296,296,296,296,296,296,296,296,296,296,296,296,296,296,
size:16
[agent] id:18
path:698,663,628,593,558,523,488,453,418,383,348,347,346,345,344,343,342,341,340,339,338,337,337,337,337,337,337,337,337,337,337,337,337,337,337,337,337,337,337,337,337,337,
goal:337,337,337,337,337,337,337,337,337,337,337,337,337,337,337,337,337,337,337,337,337,337,337,337,337,337,337,337,337,337,337,337,337,337,337,337,337,337,337,337,337,337,
size:21
[agent] id:19
path:634,599,564,529,530,531,532,533,534,535,536,536,536,536,536,536,536,536,536,536,536,536,536,536,536,536,536,536,536,536,536,536,536,536,536,536,536,536,536,536,536,536,
goal:536,536,536,536,536,536,536,536,536,536,536,536,536,536,536,536,536,536,536,536,536,536,536,536,536,536,536,536,536,536,536,536,536,536,536,536,536,536,536,536,536,536,
size:10
[agent] id:20
path:729,694,659,624,589,554,555,556,556,556,556,556,556,556,556,556,556,556,556,556,556,556,556,556,556,556,556,556,556,556,556,556,556,556,556,556,556,556,556,556,556,556,
goal:556,556,556,556,556,556,556,556,556,556,556,556,556,556,556,556,556,556,556,556,556,556,556,556,556,556,556,556,556,556,556,556,556,556,556,556,556,556,556,556,556,556,
size:7
[agent] id:21
path:621,586,585,584,583,582,581,580,579,544,543,542,507,472,437,436,401,402,367,332,331,330,329,328,327,326,325,325,325,325,325,325,325,325,325,325,325,325,325,325,325,325,
goal:325,325,325,325,325,325,325,325,325,325,325,325,325,325,325,325,325,325,325,325,325,325,325,325,325,325,325,325,325,325,325,325,325,325,325,325,325,325,325,325,325,325,
size:26
[agent] id:22
path:452,487,522,557,592,591,590,589,588,587,586,585,584,583,582,581,580,579,578,577,576,575,574,573,573,573,573,573,573,573,573,573,573,573,573,573,573,573,573,573,573,573,
goal:573,573,573,573,573,573,573,573,573,573,573,573,573,573,573,573,573,573,573,573,573,573,573,573,573,573,573,573,573,573,573,573,573,573,573,573,573,573,573,573,573,573,
size:23
[agent] id:23
path:526,491,456,421,422,423,423,423,423,423,423,423,423,423,423,423,423,423,423,423,423,423,423,423,423,423,423,423,423,423,423,423,423,423,423,423,423,423,423,423,423,423,
goal:423,423,423,423,423,423,423,423,423,423,423,423,423,423,423,423,423,423,423,423,423,423,423,423,423,423,423,423,423,423,423,423,423,423,423,423,423,423,423,423,423,423,
size:5
[agent] id:24
path:58,57,56,55,54,53,52,87,122,157,192,227,262,297,332,367,367,367,332,297,297,332,367,402,437,472,507,542,577,578,613,613,613,613,613,613,613,613,613,613,613,613,
goal:613,613,613,613,613,613,613,613,613,613,613,613,613,613,613,613,613,613,613,613,613,613,613,613,613,613,613,613,613,613,613,613,613,613,613,613,613,613,613,613,613,613,
size:30
[agent] id:25
path:356,391,426,461,496,496,531,566,601,636,671,672,673,674,675,710,711,712,713,714,715,716,717,718,719,720,721,722,723,688,689,690,691,691,691,691,691,691,691,691,691,691,
goal:691,691,691,691,691,691,691,691,691,691,691,691,691,691,691,691,691,691,691,691,691,691,691,691,691,691,691,691,691,691,691,691,691,691,691,691,691,691,691,691,691,691,
size:32
[agent] id:26
path:33,68,103,138,173,208,207,206,205,204,203,202,201,200,199,198,197,196,195,194,193,192,192,192,192,192,192,192,192,192,192,192,192,192,192,192,192,192,192,192,192,192,
goal:192,192,192,192,192,192,192,192,192,192,192,192,192,192,192,192,192,192,192,192,192,192,192,192,192,192,192,192,192,192,192,192,192,192,192,192,192,192,192,192,192,192,
size:21
[agent] id:27
path:135,170,171,171,171,171,171,171,171,171,171,171,171,171,171,171,171,171,171,171,171,171,171,171,171,171,171,171,171,171,171,171,171,171,171,171,171,171,171,171,171,171,
goal:171,171,171,171,171,171,171,171,171,171,171,171,171,171,171,171,171,171,171,171,171,171,171,171,171,171,171,171,171,171,171,171,171,171,171,171,171,171,171,171,171,171,
size:2
[agent] id:28
path:547,582,617,616,615,614,613,612,647,682,681,680,679,678,677,676,675,674,673,672,671,670,670,670,670,670,670,670,670,670,670,670,670,670,670,670,670,670,670,670,670,670,
goal:670,670,670,670,670,670,670,670,670,670,670,670,670,670,670,670,670,670,670,670,670,670,670,670,670,670,670,670,670,670,670,670,670,670,670,670,670,670,670,670,670,670,
size:21
[agent] id:29
path:580,579,578,577,576,575,574,573,572,571,570,535,534,533,532,531,496,461,426,391,356,321,286,287,288,289,289,289,289,289,289,289,289,289,289,289,289,289,289,289,289,289,
goal:289,289,289,289,289,289,289,289,289,289,289,289,289,289,289,289,289,289,289,289,289,289,289,289,289,289,289,289,289,289,289,289,289,289,289,289,289,289,289,289,289,289,
size:25
SolutionCost:591
