[setting] seed:26
[solver] type:ECBS
[solver] w:2.000000
[solver] ID:0
[solver] Lowlevelnode:6192
[solver] ConflictCount:13
[solver] solved:1
[solver] elapsed:46
[solver] makespan:43
[problem] timesteplimit:10000
[problem] type:MAPF
[problem] agentnum:30
[graph] width:35
[graph] height:21
[graph] filename:./map/warehouse_middle.map
[task] id:9,start:0,end:0,service time:0,nodes:465,
[task] id:23,start:0,end:0,service time:0,nodes:179,
[task] id:2,start:0,end:0,service time:0,nodes:287,
[task] id:24,start:0,end:0,service time:0,nodes:355,
[task] id:29,start:0,end:0,service time:0,nodes:186,
[task] id:19,start:0,end:0,service time:0,nodes:526,
[task] id:1,start:0,end:0,service time:0,nodes:259,
[task] id:12,start:0,end:0,service time:0,nodes:527,
[task] id:6,start:0,end:0,service time:0,nodes:407,
[task] id:18,start:0,end:0,service time:0,nodes:582,
[task] id:21,start:0,end:0,service time:0,nodes:154,
[task] id:26,start:0,end:0,service time:0,nodes:12,
[task] id:11,start:0,end:0,service time:0,nodes:489,
[task] id:13,start:0,end:0,service time:0,nodes:440,
[task] id:0,start:0,end:0,service time:0,nodes:193,
[task] id:10,start:0,end:0,service time:0,nodes:577,
[task] id:7,start:0,end:0,service time:0,nodes:15,
[task] id:15,start:0,end:0,service time:0,nodes:558,
[task] id:22,start:0,end:0,service time:0,nodes:485,
[task] id:16,start:0,end:0,service time:0,nodes:624,
[task] id:17,start:0,end:0,service time:0,nodes:349,
[task] id:8,start:0,end:0,service time:0,nodes:622,
[task] id:3,start:0,end:0,service time:0,nodes:172,
[task] id:5,start:0,end:0,service time:0,nodes:669,
[task] id:25,start:0,end:0,service time:0,nodes:21,
[task] id:28,start:0,end:0,service time:0,nodes:607,
[task] id:27,start:0,end:0,service time:0,nodes:662,
[task] id:4,start:0,end:0,service time:0,nodes:22,
[task] id:20,start:0,end:0,service time:0,nodes:455,
[task] id:14,start:0,end:0,service time:0,nodes:211,
[agent] id:0
path:432,397,398,399,400,401,402,402,403,402,402,403,403,402,367,332,331,296,261,262,227,192,193,193,193,193,193,193,193,193,193,193,193,193,193,193,193,193,193,193,193,193,193,193,
goal:193,193,193,193,193,193,193,193,193,193,193,193,193,193,193,193,193,193,193,193,193,193,193,193,193,193,193,193,193,193,193,193,193,193,193,193,193,193,193,193,193,193,193,193,
size:22
[agent] id:1
path:184,185,186,187,188,189,190,191,192,227,262,261,260,259,259,259,259,259,259,259,259,259,259,259,259,259,259,259,259,259,259,259,259,259,259,259,259,259,259,259,259,259,259,259,
goal:259,259,259,259,259,259,259,259,259,259,259,259,259,259,259,259,259,259,259,259,259,259,259,259,259,259,259,259,259,259,259,259,259,259,259,259,259,259,259,259,259,259,259,259,
size:13
[agent] id:2
path:465,464,463,462,427,392,391,356,321,286,287,287,287,287,287,287,287,287,287,287,287,287,287,287,287,287,287,287,287,287,287,287,287,287,287,287,287,287,287,287,287,287,287,287,
goal:287,287,287,287,287,287,287,287,287,287,287,287,287,287,287,287,287,287,287,287,287,287,287,287,287,287,287,287,287,287,287,287,287,287,287,287,287,287,287,287,287,287,287,287,
size:10
[agent] id:3
path:74,109,144,145,146,147,148,149,150,151,152,153,154,155,156,157,158,159,160,161,162,163,164,165,166,167,168,169,170,171,172,172,172,172,172,172,172,172,172,172,172,172,172,172,
goal:172,172,172,172,172,172,172,172,172,172,172,172,172,172,172,172,172,172,172,172,172,172,172,172,172,172,172,172,172,172,172,172,172,172,172,172,172,172,172,172,172,172,172,172,
size:30
[agent] id:4
path:634,599,564,529,494,459,424,389,354,319,284,249,214,215,180,145,110,75,40,41,42,43,44,45,46,47,48,49,50,51,52,53,54,55,56,57,22,22,22,22,22,22,22,22,
goal:22,22,22,22,22,22,22,22,22,22,22,22,22,22,22,22,22,22,22,22,22,22,22,22,22,22,22,22,22,22,22,22,22,22,22,22,22,22,22,22,22,22,22,22,
size:36
[agent] id:5
path:699,698,697,696,695,694,693,692,691,690,689,688,687,686,685,684,683,682,681,680,679,678,677,676,675,674,673,672,671,670,669,669,669,669,669,669,669,669,669,669,669,669,669,669,
goal:669,669,669,669,669,669,669,669,669,669,669,669,669,669,669,669,669,669,669,669,669,669,669,669,669,669,669,669,669,669,669,669,669,669,669,669,669,669,669,669,669,669,669,669,
size:30
[agent] id:6
path:354,389,390,391,392,393,394,395,396,397,398,399,400,401,402,403,404,405,406,407,407,407,407,407,407,407,407,407,407,407,407,407,407,407,407,407,407,407,407,407,407,407,407,407,
goal:407,407,407,407,407,407,407,407,407,407,407,407,407,407,407,407,407,407,407,407,407,407,407,407,407,407,407,407,407,407,407,407,407,407,407,407,407,407,407,407,407,407,407,407,
size:19
[agent] id:7
path:346,311,276,241,206,171,136,101,66,31,30,29,28,27,26,25,24,23,22,21,20,19,18,17,16,15,15,15,15,15,15,15,15,15,15,15,15,15,15,15,15,15,15,15,
goal:15,15,15,15,15,15,15,15,15,15,15,15,15,15,15,15,15,15,15,15,15,15,15,15,15,15,15,15,15,15,15,15,15,15,15,15,15,15,15,15,15,15,15,15,
size:25
[agent] id:8
path:630,595,596,597,598,599,600,601,602,603,604,605,606,607,608,609,610,611,612,613,614,615,616,617,618,619,620,621,622,622,622,622,622,622,622,622,622,622,622,622,622,622,622,622,
goal:622,622,622,622,622,622,622,622,622,622,622,622,622,622,622,622,622,622,622,622,622,622,622,622,622,622,622,622,622,622,622,622,622,622,622,622,622,622,622,622,622,622,622,622,
size:28
[agent] id:9
path:392,427,428,429,464,465,465,465,465,465,465,465,465,465,465,465,465,465,465,465,465,465,465,465,465,465,465,465,465,465,465,465,465,465,465,465,465,465,465,465,465,465,465,465,
goal:465,465,465,465,465,465,465,465,465,465,465,465,465,465,465,465,465,465,465,465,465,465,465,465,465,465,465,465,465,465,465,465,465,465,465,465,465,465,465,465,465,465,465,465,
size:5
[agent] id:10
path:112,147,182,183,184,185,186,187,188,189,190,191,192,227,262,297,332,367,402,437,472,507,542,577,577,577,577,577,577,577,577,577,577,577,577,577,577,577,577,577,577,577,577,577,
goal:577,577,577,577,577,577,577,577,577,577,577,577,577,577,577,577,577,577,577,577,577,577,577,577,577,577,577,577,577,577,577,577,577,577,577,577,577,577,577,577,577,577,577,577,
size:23
[agent] id:11
path:333,334,335,336,337,338,339,340,341,342,343,378,413,448,483,484,485,486,487,488,489,489,489,489,489,489,489,489,489,489,489,489,489,489,489,489,489,489,489,489,489,489,489,489,
goal:489,489,489,489,489,489,489,489,489,489,489,489,489,489,489,489,489,489,489,489,489,489,489,489,489,489,489,489,489,489,489,489,489,489,489,489,489,489,489,489,489,489,489,489,
size:20
[agent] id:12
path:290,290,289,324,323,322,321,320,355,390,425,460,495,530,529,528,527,527,527,527,527,527,527,527,527,527,527,527,527,527,527,527,527,527,527,527,527,527,527,527,527,527,527,527,
goal:527,527,527,527,527,527,527,527,527,527,527,527,527,527,527,527,527,527,527,527,527,527,527,527,527,527,527,527,527,527,527,527,527,527,527,527,527,527,527,527,527,527,527,527,
size:16
[agent] id:13
path:318,353,388,423,424,425,426,427,428,429,430,431,432,433,434,435,436,437,438,439,440,440,440,440,440,440,440,440,440,440,440,440,440,440,440,440,440,440,440,440,440,440,440,440,
goal:440,440,440,440,440,440,440,440,440,440,440,440,440,440,440,440,440,440,440,440,440,440,440,440,440,440,440,440,440,440,440,440,440,440,440,440,440,440,440,440,440,440,440,440,
size:20
[agent] id:14
path:594,559,524,489,454,453,452,451,450,449,448,447,446,445,444,443,442,441,440,405,404,403,402,367,332,297,296,295,294,293,258,257,256,255,254,253,252,251,216,215,214,213,212,211,
goal:211,211,211,211,211,211,211,211,211,211,211,211,211,211,211,211,211,211,211,211,211,211,211,211,211,211,211,211,211,211,211,211,211,211,211,211,211,211,211,211,211,211,211,211,
size:43
[agent] id:15
path:57,58,59,60,61,62,63,98,133,168,203,238,273,308,343,378,413,448,483,518,553,554,555,556,557,558,558,558,558,558,558,558,558,558,558,558,558,558,558,558,558,558,558,558,
goal:558,558,558,558,558,558,558,558,558,558,558,558,558,558,558,558,558,558,558,558,558,558,558,558,558,558,558,558,558,558,558,558,558,558,558,558,558,558,558,558,558,558,558,558,
size:25
[agent] id:16
path:326,327,328,329,330,331,332,367,402,437,472,507,542,577,612,613,614,615,616,617,618,619,620,621,622,623,624,624,624,624,624,624,624,624,624,624,624,624,624,624,624,624,624,624,
goal:624,624,624,624,624,624,624,624,624,624,624,624,624,624,624,624,624,624,624,624,624,624,624,624,624,624,624,624,624,624,624,624,624,624,624,624,624,624,624,624,624,624,624,624,
size:26
[agent] id:17
path:254,289,324,325,326,327,328,329,330,331,332,333,334,335,336,337,338,339,340,341,342,343,344,345,346,347,348,349,349,349,349,349,349,349,349,349,349,349,349,349,349,349,349,349,
goal:349,349,349,349,349,349,349,349,349,349,349,349,349,349,349,349,349,349,349,349,349,349,349,349,349,349,349,349,349,349,349,349,349,349,349,349,349,349,349,349,349,349,349,349,
size:27
[agent] id:18
path:169,204,239,274,309,344,379,414,449,484,519,554,589,588,587,586,585,584,583,582,582,582,582,582,582,582,582,582,582,582,582,582,582,582,582,582,582,582,582,582,582,582,582,582,
goal:582,582,582,582,582,582,582,582,582,582,582,582,582,582,582,582,582,582,582,582,582,582,582,582,582,582,582,582,582,582,582,582,582,582,582,582,582,582,582,582,582,582,582,582,
size:19
[agent] id:19
path:466,465,464,463,462,461,496,531,530,529,528,527,526,526,526,526,526,526,526,526,526,526,526,526,526,526,526,526,526,526,526,526,526,526,526,526,526,526,526,526,526,526,526,526,
goal:526,526,526,526,526,526,526,526,526,526,526,526,526,526,526,526,526,526,526,526,526,526,526,526,526,526,526,526,526,526,526,526,526,526,526,526,526,526,526,526,526,526,526,526,
size:12
[agent] id:20
path:171,206,241,240,275,310,309,308,307,306,305,304,303,302,301,300,335,334,333,332,367,402,437,436,435,434,433,432,431,430,429,464,463,462,461,460,459,458,457,456,455,455,455,455,
goal:455,455,455,455,455,455,455,455,455,455,455,455,455,455,455,455,455,455,455,455,455,455,455,455,455,455,455,455,455,455,455,455,455,455,455,455,455,455,455,455,455,455,455,455,
size:40
[agent] id:21
path:424,425,425,390,355,320,285,250,215,180,145,146,147,148,149,150,151,152,153,154,154,154,154,154,154,154,154,154,154,154,154,154,154,154,154,154,154,154,154,154,154,154,154,154,
goal:154,154,154,154,154,154,154,154,154,154,154,154,154,154,154,154,154,154,154,154,154,154,154,154,154,154,154,154,154,154,154,154,154,154,154,154,154,154,154,154,154,154,154,154,
size:19
[agent] id:22
path:676,677,678,679,680,681,682,647,612,577,542,543,544,545,546,547,548,549,550,551,552,553,518,483,484,485,485,485,485,485,485,485,485,485,485,485,485,485,485,485,485,485,485,485,
goal:485,485,485,485,485,485,485,485,485,485,485,485,485,485,485,485,485,485,485,485,485,485,485,485,485,485,485,485,485,485,485,485,485,485,485,485,485,485,485,485,485,485,485,485,
size:25
[agent] id:23
path:356,321,286,251,216,181,180,179,179,179,179,179,179,179,179,179,179,179,179,179,179,179,179,179,179,179,179,179,179,179,179,179,179,179,179,179,179,179,179,179,179,179,179,179,
goal:179,179,179,179,179,179,179,179,179,179,179,179,179,179,179,179,179,179,179,179,179,179,179,179,179,179,179,179,179,179,179,179,179,179,179,179,179,179,179,179,179,179,179,179,
size:7
[agent] id:24
path:668,633,598,563,528,493,458,423,388,353,354,355,355,355,355,355,355,355,355,355,355,355,355,355,355,355,355,355,355,355,355,355,355,355,355,355,355,355,355,355,355,355,355,355,
goal:355,355,355,355,355,355,355,355,355,355,355,355,355,355,355,355,355,355,355,355,355,355,355,355,355,355,355,355,355,355,355,355,355,355,355,355,355,355,355,355,355,355,355,355,
size:11
[agent] id:25
path:728,693,658,623,588,553,518,483,448,413,378,379,344,309,308,308,273,238,203,168,133,98,63,28,27,26,25,24,23,22,21,21,21,21,21,21,21,21,21,21,21,21,21,21,
goal:21,21,21,21,21,21,21,21,21,21,21,21,21,21,21,21,21,21,21,21,21,21,21,21,21,21,21,21,21,21,21,21,21,21,21,21,21,21,21,21,21,21,21,21,
size:30
[agent] id:26
path:31,30,29,28,27,26,25,24,23,22,21,20,19,18,17,16,15,14,13,12,12,12,12,12,12,12,12,12,12,12,12,12,12,12,12,12,12,12,12,12,12,12,12,12,
goal:12,12,12,12,12,12,12,12,12,12,12,12,12,12,12,12,12,12,12,12,12,12,12,12,12,12,12,12,12,12,12,12,12,12,12,12,12,12,12,12,12,12,12,12,
size:19
[agent] id:27
path:289,324,325,326,327,328,329,330,331,332,367,402,437,472,507,542,577,612,613,614,615,616,617,618,619,620,621,622,623,658,659,660,661,662,662,662,662,662,662,662,662,662,662,662,
goal:662,662,662,662,662,662,662,662,662,662,662,662,662,662,662,662,662,662,662,662,662,662,662,662,662,662,662,662,662,662,662,662,662,662,662,662,662,662,662,662,662,662,662,662,
size:33
[agent] id:28
path:26,25,24,59,58,57,56,55,54,53,52,87,122,157,192,227,262,297,332,367,402,437,472,507,542,541,576,611,610,609,608,607,607,607,607,607,607,607,607,607,607,607,607,607,
goal:607,607,607,607,607,607,607,607,607,607,607,607,607,607,607,607,607,607,607,607,607,607,607,607,607,607,607,607,607,607,607,607,607,607,607,607,607,607,607,607,607,607,607,607,
size:31
[agent] id:29
path:6,41,76,111,112,113,114,115,116,116,151,186,186,186,186,186,186,186,186,186,186,186,186,186,186,186,186,186,186,186,186,186,186,186,186,186,186,186,186,186,186,186,186,186,
goal:186,186,186,186,186,186,186,186,186,186,186,186,186,186,186,186,186,186,186,186,186,186,186,186,186,186,186,186,186,186,186,186,186,186,186,186,186,186,186,186,186,186,186,186,
size:11
SolutionCost:675
