[setting] seed:8
[solver] type:ECBS
[solver] w:1.250000
[solver] ID:0
[solver] Lowlevelnode:31264
[solver] solved:1
[solver] elapsed:196
[solver] makespan:39
[problem] timesteplimit:10000
[problem] type:MAPF
[problem] agentnum:30
[graph] width:35
[graph] height:21
[graph] filename:./map/warehouse_middle.map
[task] id:13,start:0,end:0,service time:0,nodes:43,
[task] id:8,start:0,end:0,service time:0,nodes:588,
[task] id:19,start:0,end:0,service time:0,nodes:168,
[task] id:18,start:0,end:0,service time:0,nodes:415,
[task] id:0,start:0,end:0,service time:0,nodes:486,
[task] id:1,start:0,end:0,service time:0,nodes:340,
[task] id:10,start:0,end:0,service time:0,nodes:63,
[task] id:14,start:0,end:0,service time:0,nodes:459,
[task] id:7,start:0,end:0,service time:0,nodes:400,
[task] id:15,start:0,end:0,service time:0,nodes:165,
[task] id:2,start:0,end:0,service time:0,nodes:199,
[task] id:3,start:0,end:0,service time:0,nodes:26,
[task] id:17,start:0,end:0,service time:0,nodes:687,
[task] id:25,start:0,end:0,service time:0,nodes:536,
[task] id:9,start:0,end:0,service time:0,nodes:544,
[task] id:26,start:0,end:0,service time:0,nodes:163,
[task] id:24,start:0,end:0,service time:0,nodes:620,
[task] id:12,start:0,end:0,service time:0,nodes:604,
[task] id:4,start:0,end:0,service time:0,nodes:38,
[task] id:28,start:0,end:0,service time:0,nodes:149,
[task] id:16,start:0,end:0,service time:0,nodes:465,
[task] id:22,start:0,end:0,service time:0,nodes:697,
[task] id:6,start:0,end:0,service time:0,nodes:634,
[task] id:23,start:0,end:0,service time:0,nodes:624,
[task] id:11,start:0,end:0,service time:0,nodes:44,
[task] id:5,start:0,end:0,service time:0,nodes:381,
[task] id:21,start:0,end:0,service time:0,nodes:562,
[task] id:20,start:0,end:0,service time:0,nodes:454,
[task] id:27,start:0,end:0,service time:0,nodes:675,
[task] id:29,start:0,end:0,service time:0,nodes:46,
[agent] id:0
path:728,693,658,623,588,553,518,483,484,485,486,486,486,486,486,486,486,486,486,486,486,486,486,486,486,486,486,486,486,486,486,486,486,486,486,486,486,486,486,486,
goal:486,486,486,486,486,486,486,486,486,486,486,486,486,486,486,486,486,486,486,486,486,486,486,486,486,486,486,486,486,486,486,486,486,486,486,486,486,486,486,486,
size:10
[agent] id:1
path:200,201,202,203,238,239,274,309,344,343,342,341,340,340,340,340,340,340,340,340,340,340,340,340,340,340,340,340,340,340,340,340,340,340,340,340,340,340,340,340,
goal:340,340,340,340,340,340,340,340,340,340,340,340,340,340,340,340,340,340,340,340,340,340,340,340,340,340,340,340,340,340,340,340,340,340,340,340,340,340,340,340,
size:12
[agent] id:2
path:592,557,522,487,452,417,382,347,312,277,242,207,206,205,204,203,202,201,200,199,199,199,199,199,199,199,199,199,199,199,199,199,199,199,199,199,199,199,199,199,
goal:199,199,199,199,199,199,199,199,199,199,199,199,199,199,199,199,199,199,199,199,199,199,199,199,199,199,199,199,199,199,199,199,199,199,199,199,199,199,199,199,
size:19
[agent] id:3
path:453,418,417,382,347,346,311,276,241,206,171,136,101,66,31,30,29,28,27,26,26,26,26,26,26,26,26,26,26,26,26,26,26,26,26,26,26,26,26,26,
goal:26,26,26,26,26,26,26,26,26,26,26,26,26,26,26,26,26,26,26,26,26,26,26,26,26,26,26,26,26,26,26,26,26,26,26,26,26,26,26,26,
size:19
[agent] id:4
path:709,674,673,672,671,636,601,566,531,496,461,426,391,356,321,286,251,216,181,146,111,76,41,40,39,38,38,38,38,38,38,38,38,38,38,38,38,38,38,38,
goal:38,38,38,38,38,38,38,38,38,38,38,38,38,38,38,38,38,38,38,38,38,38,38,38,38,38,38,38,38,38,38,38,38,38,38,38,38,38,38,38,
size:25
[agent] id:5
path:280,281,282,283,284,285,286,287,288,289,290,291,292,293,294,295,296,297,298,299,300,301,302,303,304,305,306,341,342,343,378,379,380,381,381,381,381,381,381,381,
goal:381,381,381,381,381,381,381,381,381,381,381,381,381,381,381,381,381,381,381,381,381,381,381,381,381,381,381,381,381,381,381,381,381,381,381,381,381,381,381,381,
size:33
[agent] id:6
path:303,338,337,336,335,334,333,332,367,402,437,472,507,542,577,612,611,610,609,608,607,606,605,604,603,602,601,636,635,634,634,634,634,634,634,634,634,634,634,634,
goal:634,634,634,634,634,634,634,634,634,634,634,634,634,634,634,634,634,634,634,634,634,634,634,634,634,634,634,634,634,634,634,634,634,634,634,634,634,634,634,634,
size:29
[agent] id:7
path:482,447,412,411,410,409,408,407,406,405,404,403,402,401,400,400,400,400,400,400,400,400,400,400,400,400,400,400,400,400,400,400,400,400,400,400,400,400,400,400,
goal:400,400,400,400,400,400,400,400,400,400,400,400,400,400,400,400,400,400,400,400,400,400,400,400,400,400,400,400,400,400,400,400,400,400,400,400,400,400,400,400,
size:14
[agent] id:8
path:696,661,626,591,590,589,588,588,588,588,588,588,588,588,588,588,588,588,588,588,588,588,588,588,588,588,588,588,588,588,588,588,588,588,588,588,588,588,588,588,
goal:588,588,588,588,588,588,588,588,588,588,588,588,588,588,588,588,588,588,588,588,588,588,588,588,588,588,588,588,588,588,588,588,588,588,588,588,588,588,588,588,
size:6
[agent] id:9
path:348,383,418,453,488,523,558,557,556,555,554,553,552,551,550,549,548,547,546,545,544,544,544,544,544,544,544,544,544,544,544,544,544,544,544,544,544,544,544,544,
goal:544,544,544,544,544,544,544,544,544,544,544,544,544,544,544,544,544,544,544,544,544,544,544,544,544,544,544,544,544,544,544,544,544,544,544,544,544,544,544,544,
size:20
[agent] id:10
path:347,312,277,276,241,206,171,136,101,66,65,64,63,63,63,63,63,63,63,63,63,63,63,63,63,63,63,63,63,63,63,63,63,63,63,63,63,63,63,63,
goal:63,63,63,63,63,63,63,63,63,63,63,63,63,63,63,63,63,63,63,63,63,63,63,63,63,63,63,63,63,63,63,63,63,63,63,63,63,63,63,63,
size:12
[agent] id:11
path:712,677,676,675,674,673,672,671,636,601,566,531,496,461,426,391,356,321,286,251,216,181,146,111,76,41,42,7,8,9,44,44,44,44,44,44,44,44,44,44,
goal:44,44,44,44,44,44,44,44,44,44,44,44,44,44,44,44,44,44,44,44,44,44,44,44,44,44,44,44,44,44,44,44,44,44,44,44,44,44,44,44,
size:30
[agent] id:12
path:268,303,338,337,336,335,334,333,332,367,402,437,472,507,542,577,612,611,610,609,608,607,606,605,604,604,604,604,604,604,604,604,604,604,604,604,604,604,604,604,
goal:604,604,604,604,604,604,604,604,604,604,604,604,604,604,604,604,604,604,604,604,604,604,604,604,604,604,604,604,604,604,604,604,604,604,604,604,604,604,604,604,
size:24
[agent] id:13
path:42,43,43,43,43,43,43,43,43,43,43,43,43,43,43,43,43,43,43,43,43,43,43,43,43,43,43,43,43,43,43,43,43,43,43,43,43,43,43,43,
goal:43,43,43,43,43,43,43,43,43,43,43,43,43,43,43,43,43,43,43,43,43,43,43,43,43,43,43,43,43,43,43,43,43,43,43,43,43,43,43,43,
size:1
[agent] id:14
path:574,539,538,537,536,535,534,533,532,531,496,461,460,459,459,459,459,459,459,459,459,459,459,459,459,459,459,459,459,459,459,459,459,459,459,459,459,459,459,459,
goal:459,459,459,459,459,459,459,459,459,459,459,459,459,459,459,459,459,459,459,459,459,459,459,459,459,459,459,459,459,459,459,459,459,459,459,459,459,459,459,459,
size:13
[agent] id:15
path:588,553,518,483,448,413,378,343,308,273,238,203,202,167,166,165,165,165,165,165,165,165,165,165,165,165,165,165,165,165,165,165,165,165,165,165,165,165,165,165,
goal:165,165,165,165,165,165,165,165,165,165,165,165,165,165,165,165,165,165,165,165,165,165,165,165,165,165,165,165,165,165,165,165,165,165,165,165,165,165,165,165,
size:15
[agent] id:16
path:167,202,203,238,273,272,307,342,341,340,339,338,337,336,335,334,333,332,367,402,437,472,471,470,469,468,467,466,465,465,465,465,465,465,465,465,465,465,465,465,
goal:465,465,465,465,465,465,465,465,465,465,465,465,465,465,465,465,465,465,465,465,465,465,465,465,465,465,465,465,465,465,465,465,465,465,465,465,465,465,465,465,
size:28
[agent] id:17
path:601,602,603,604,605,606,607,608,609,610,611,611,612,647,682,683,684,685,686,687,687,687,687,687,687,687,687,687,687,687,687,687,687,687,687,687,687,687,687,687,
goal:687,687,687,687,687,687,687,687,687,687,687,687,687,687,687,687,687,687,687,687,687,687,687,687,687,687,687,687,687,687,687,687,687,687,687,687,687,687,687,687,
size:19
[agent] id:18
path:172,207,242,277,312,347,346,381,416,415,415,415,415,415,415,415,415,415,415,415,415,415,415,415,415,415,415,415,415,415,415,415,415,415,415,415,415,415,415,415,
goal:415,415,415,415,415,415,415,415,415,415,415,415,415,415,415,415,415,415,415,415,415,415,415,415,415,415,415,415,415,415,415,415,415,415,415,415,415,415,415,415,
size:9
[agent] id:19
path:448,413,378,343,308,273,238,203,168,168,168,168,168,168,168,168,168,168,168,168,168,168,168,168,168,168,168,168,168,168,168,168,168,168,168,168,168,168,168,168,
goal:168,168,168,168,168,168,168,168,168,168,168,168,168,168,168,168,168,168,168,168,168,168,168,168,168,168,168,168,168,168,168,168,168,168,168,168,168,168,168,168,
size:8
[agent] id:20
path:248,283,318,353,388,423,424,425,426,427,428,429,430,431,432,433,434,435,436,437,438,439,440,441,442,443,444,445,446,447,448,449,450,451,452,453,454,454,454,454,
goal:454,454,454,454,454,454,454,454,454,454,454,454,454,454,454,454,454,454,454,454,454,454,454,454,454,454,454,454,454,454,454,454,454,454,454,454,454,454,454,454,
size:36
[agent] id:21
path:163,198,197,196,195,194,193,192,227,262,297,332,367,402,437,472,507,542,577,576,575,574,573,572,571,570,569,568,567,566,565,564,563,562,562,562,562,562,562,562,
goal:562,562,562,562,562,562,562,562,562,562,562,562,562,562,562,562,562,562,562,562,562,562,562,562,562,562,562,562,562,562,562,562,562,562,562,562,562,562,562,562,
size:33
[agent] id:22
path:261,296,331,332,367,402,437,472,507,542,577,612,647,682,683,684,685,686,687,688,689,690,691,692,693,694,695,696,697,697,697,697,697,697,697,697,697,697,697,697,
goal:697,697,697,697,697,697,697,697,697,697,697,697,697,697,697,697,697,697,697,697,697,697,697,697,697,697,697,697,697,697,697,697,697,697,697,697,697,697,697,697,
size:28
[agent] id:23
path:187,188,189,190,191,192,227,262,297,332,367,402,437,472,473,474,475,476,477,478,479,480,481,482,483,518,553,554,589,624,624,624,624,624,624,624,624,624,624,624,
goal:624,624,624,624,624,624,624,624,624,624,624,624,624,624,624,624,624,624,624,624,624,624,624,624,624,624,624,624,624,624,624,624,624,624,624,624,624,624,624,624,
size:29
[agent] id:24
path:103,138,173,208,243,278,313,348,383,418,453,488,523,558,593,628,627,626,625,624,623,622,621,620,620,620,620,620,620,620,620,620,620,620,620,620,620,620,620,620,
goal:620,620,620,620,620,620,620,620,620,620,620,620,620,620,620,620,620,620,620,620,620,620,620,620,620,620,620,620,620,620,620,620,620,620,620,620,620,620,620,620,
size:23
[agent] id:25
path:623,588,587,586,585,584,583,582,581,580,579,578,577,576,541,540,539,538,537,536,536,536,536,536,536,536,536,536,536,536,536,536,536,536,536,536,536,536,536,536,
goal:536,536,536,536,536,536,536,536,536,536,536,536,536,536,536,536,536,536,536,536,536,536,536,536,536,536,536,536,536,536,536,536,536,536,536,536,536,536,536,536,
size:19
[agent] id:26
path:625,590,555,520,485,450,415,380,345,310,275,240,205,204,203,202,201,200,199,164,163,163,163,163,163,163,163,163,163,163,163,163,163,163,163,163,163,163,163,163,
goal:163,163,163,163,163,163,163,163,163,163,163,163,163,163,163,163,163,163,163,163,163,163,163,163,163,163,163,163,163,163,163,163,163,163,163,163,163,163,163,163,
size:20
[agent] id:27
path:208,243,278,313,348,383,418,453,488,523,558,557,556,555,554,553,552,587,586,585,584,583,582,581,616,615,614,613,612,647,682,681,680,679,678,677,676,675,675,675,
goal:675,675,675,675,675,675,675,675,675,675,675,675,675,675,675,675,675,675,675,675,675,675,675,675,675,675,675,675,675,675,675,675,675,675,675,675,675,675,675,675,
size:37
[agent] id:28
path:442,407,406,405,404,403,402,401,400,399,398,397,396,395,394,393,392,391,356,321,286,251,216,181,146,147,148,149,149,149,149,149,149,149,149,149,149,149,149,149,
goal:149,149,149,149,149,149,149,149,149,149,149,149,149,149,149,149,149,149,149,149,149,149,149,149,149,149,149,149,149,149,149,149,149,149,149,149,149,149,149,149,
size:27
[agent] id:29
path:663,628,593,558,523,522,487,452,417,382,347,312,277,242,207,172,137,136,135,134,133,132,131,130,129,128,127,126,125,124,123,122,87,52,51,50,49,48,47,46,
goal:46,46,46,46,46,46,46,46,46,46,46,46,46,46,46,46,46,46,46,46,46,46,46,46,46,46,46,46,46,46,46,46,46,46,46,46,46,46,46,46,
size:39
SolutionCost:637
