[setting] seed:72
[solver] type:ECBS
[solver] w:2.000000
[solver] ID:0
[solver] Lowlevelnode:3204
[solver] ConflictCount:9
[solver] solved:1
[solver] elapsed:24
[solver] makespan:44
[problem] timesteplimit:10000
[problem] type:MAPF
[problem] agentnum:30
[graph] width:35
[graph] height:21
[graph] filename:./map/warehouse_middle.map
[task] id:24,start:0,end:0,service time:0,nodes:588,
[task] id:19,start:0,end:0,service time:0,nodes:245,
[task] id:21,start:0,end:0,service time:0,nodes:725,
[task] id:5,start:0,end:0,service time:0,nodes:445,
[task] id:16,start:0,end:0,service time:0,nodes:253,
[task] id:13,start:0,end:0,service time:0,nodes:282,
[task] id:2,start:0,end:0,service time:0,nodes:298,
[task] id:3,start:0,end:0,service time:0,nodes:345,
[task] id:8,start:0,end:0,service time:0,nodes:434,
[task] id:22,start:0,end:0,service time:0,nodes:492,
[task] id:0,start:0,end:0,service time:0,nodes:45,
[task] id:15,start:0,end:0,service time:0,nodes:162,
[task] id:18,start:0,end:0,service time:0,nodes:51,
[task] id:10,start:0,end:0,service time:0,nodes:561,
[task] id:23,start:0,end:0,service time:0,nodes:288,
[task] id:6,start:0,end:0,service time:0,nodes:686,
[task] id:7,start:0,end:0,service time:0,nodes:605,
[task] id:27,start:0,end:0,service time:0,nodes:367,
[task] id:29,start:0,end:0,service time:0,nodes:424,
[task] id:26,start:0,end:0,service time:0,nodes:19,
[task] id:1,start:0,end:0,service time:0,nodes:395,
[task] id:9,start:0,end:0,service time:0,nodes:726,
[task] id:12,start:0,end:0,service time:0,nodes:721,
[task] id:20,start:0,end:0,service time:0,nodes:65,
[task] id:17,start:0,end:0,service time:0,nodes:128,
[task] id:25,start:0,end:0,service time:0,nodes:709,
[task] id:4,start:0,end:0,service time:0,nodes:521,
[task] id:11,start:0,end:0,service time:0,nodes:526,
[task] id:28,start:0,end:0,service time:0,nodes:277,
[task] id:14,start:0,end:0,service time:0,nodes:29,
[agent] id:0
path:199,164,129,128,127,126,125,124,123,122,87,52,51,50,49,48,47,46,45,45,45,45,45,45,45,45,45,45,45,45,45,45,45,45,45,45,45,45,45,45,45,45,45,45,45,
goal:45,45,45,45,45,45,45,45,45,45,45,45,45,45,45,45,45,45,45,45,45,45,45,45,45,45,45,45,45,45,45,45,45,45,45,45,45,45,45,45,45,45,45,45,45,
size:18
[agent] id:1
path:170,205,240,275,310,345,380,415,414,413,412,411,410,409,408,407,406,405,404,403,402,401,400,399,398,397,396,395,395,395,395,395,395,395,395,395,395,395,395,395,395,395,395,395,395,
goal:395,395,395,395,395,395,395,395,395,395,395,395,395,395,395,395,395,395,395,395,395,395,395,395,395,395,395,395,395,395,395,395,395,395,395,395,395,395,395,395,395,395,395,395,395,
size:27
[agent] id:2
path:182,183,184,149,150,185,186,187,188,189,190,191,191,192,227,262,297,298,298,298,298,298,298,298,298,298,298,298,298,298,298,298,298,298,298,298,298,298,298,298,298,298,298,298,298,
goal:298,298,298,298,298,298,298,298,298,298,298,298,298,298,298,298,298,298,298,298,298,298,298,298,298,298,298,298,298,298,298,298,298,298,298,298,298,298,298,298,298,298,298,298,298,
size:17
[agent] id:3
path:192,227,262,297,332,333,334,335,336,337,338,339,340,341,342,343,344,345,345,345,345,345,345,345,345,345,345,345,345,345,345,345,345,345,345,345,345,345,345,345,345,345,345,345,345,
goal:345,345,345,345,345,345,345,345,345,345,345,345,345,345,345,345,345,345,345,345,345,345,345,345,345,345,345,345,345,345,345,345,345,345,345,345,345,345,345,345,345,345,345,345,345,
size:17
[agent] id:4
path:75,110,145,180,215,216,251,286,321,356,391,426,461,462,463,464,465,466,467,468,469,470,471,472,473,474,475,476,477,478,479,480,481,482,483,518,519,520,521,521,521,521,521,521,521,
goal:521,521,521,521,521,521,521,521,521,521,521,521,521,521,521,521,521,521,521,521,521,521,521,521,521,521,521,521,521,521,521,521,521,521,521,521,521,521,521,521,521,521,521,521,521,
size:38
[agent] id:5
path:619,584,549,550,551,552,553,518,483,448,447,446,445,445,445,445,445,445,445,445,445,445,445,445,445,445,445,445,445,445,445,445,445,445,445,445,445,445,445,445,445,445,445,445,445,
goal:445,445,445,445,445,445,445,445,445,445,445,445,445,445,445,445,445,445,445,445,445,445,445,445,445,445,445,445,445,445,445,445,445,445,445,445,445,445,445,445,445,445,445,445,445,
size:12
[agent] id:6
path:493,528,563,598,633,668,669,670,671,672,673,674,675,676,677,678,679,680,681,682,683,684,685,686,686,686,686,686,686,686,686,686,686,686,686,686,686,686,686,686,686,686,686,686,686,
goal:686,686,686,686,686,686,686,686,686,686,686,686,686,686,686,686,686,686,686,686,686,686,686,686,686,686,686,686,686,686,686,686,686,686,686,686,686,686,686,686,686,686,686,686,686,
size:23
[agent] id:7
path:188,187,186,185,184,183,182,181,216,251,286,321,356,391,426,461,496,531,566,601,602,603,604,605,605,605,605,605,605,605,605,605,605,605,605,605,605,605,605,605,605,605,605,605,605,
goal:605,605,605,605,605,605,605,605,605,605,605,605,605,605,605,605,605,605,605,605,605,605,605,605,605,605,605,605,605,605,605,605,605,605,605,605,605,605,605,605,605,605,605,605,605,
size:23
[agent] id:8
path:415,450,449,448,447,446,445,444,443,442,441,440,439,438,437,436,435,434,434,434,434,434,434,434,434,434,434,434,434,434,434,434,434,434,434,434,434,434,434,434,434,434,434,434,434,
goal:434,434,434,434,434,434,434,434,434,434,434,434,434,434,434,434,434,434,434,434,434,434,434,434,434,434,434,434,434,434,434,434,434,434,434,434,434,434,434,434,434,434,434,434,434,
size:17
[agent] id:9
path:34,69,104,139,174,173,208,243,278,313,348,383,418,453,488,523,558,593,628,663,698,733,732,731,730,729,728,727,726,726,726,726,726,726,726,726,726,726,726,726,726,726,726,726,726,
goal:726,726,726,726,726,726,726,726,726,726,726,726,726,726,726,726,726,726,726,726,726,726,726,726,726,726,726,726,726,726,726,726,726,726,726,726,726,726,726,726,726,726,726,726,726,
size:28
[agent] id:10
path:683,682,647,612,577,576,575,574,573,572,571,570,569,568,567,566,565,564,563,562,561,561,561,561,561,561,561,561,561,561,561,561,561,561,561,561,561,561,561,561,561,561,561,561,561,
goal:561,561,561,561,561,561,561,561,561,561,561,561,561,561,561,561,561,561,561,561,561,561,561,561,561,561,561,561,561,561,561,561,561,561,561,561,561,561,561,561,561,561,561,561,561,
size:20
[agent] id:11
path:132,167,202,201,200,199,198,197,196,195,194,193,192,227,262,297,332,367,402,437,472,507,542,541,540,539,538,537,536,535,534,533,532,531,530,529,528,527,526,526,526,526,526,526,526,
goal:526,526,526,526,526,526,526,526,526,526,526,526,526,526,526,526,526,526,526,526,526,526,526,526,526,526,526,526,526,526,526,526,526,526,526,526,526,526,526,526,526,526,526,526,526,
size:38
[agent] id:12
path:21,56,55,54,53,52,87,122,157,192,227,262,297,332,367,402,437,472,507,542,577,612,647,682,717,718,719,720,721,721,721,721,721,721,721,721,721,721,721,721,721,721,721,721,721,
goal:721,721,721,721,721,721,721,721,721,721,721,721,721,721,721,721,721,721,721,721,721,721,721,721,721,721,721,721,721,721,721,721,721,721,721,721,721,721,721,721,721,721,721,721,721,
size:28
[agent] id:13
path:189,188,187,186,185,184,183,182,181,216,251,286,285,284,283,282,282,282,282,282,282,282,282,282,282,282,282,282,282,282,282,282,282,282,282,282,282,282,282,282,282,282,282,282,282,
goal:282,282,282,282,282,282,282,282,282,282,282,282,282,282,282,282,282,282,282,282,282,282,282,282,282,282,282,282,282,282,282,282,282,282,282,282,282,282,282,282,282,282,282,282,282,
size:15
[agent] id:14
path:633,598,599,564,529,494,459,424,389,354,319,284,249,214,179,144,109,110,111,112,113,114,115,116,117,118,119,120,121,122,87,52,53,54,55,20,21,22,23,24,25,26,27,28,29,
goal:29,29,29,29,29,29,29,29,29,29,29,29,29,29,29,29,29,29,29,29,29,29,29,29,29,29,29,29,29,29,29,29,29,29,29,29,29,29,29,29,29,29,29,29,29,
size:44
[agent] id:15
path:384,349,314,279,244,209,174,173,172,171,170,169,168,167,166,165,164,163,162,162,162,162,162,162,162,162,162,162,162,162,162,162,162,162,162,162,162,162,162,162,162,162,162,162,162,
goal:162,162,162,162,162,162,162,162,162,162,162,162,162,162,162,162,162,162,162,162,162,162,162,162,162,162,162,162,162,162,162,162,162,162,162,162,162,162,162,162,162,162,162,162,162,
size:18
[agent] id:16
path:193,192,227,262,261,260,259,258,257,256,255,254,253,253,253,253,253,253,253,253,253,253,253,253,253,253,253,253,253,253,253,253,253,253,253,253,253,253,253,253,253,253,253,253,253,
goal:253,253,253,253,253,253,253,253,253,253,253,253,253,253,253,253,253,253,253,253,253,253,253,253,253,253,253,253,253,253,253,253,253,253,253,253,253,253,253,253,253,253,253,253,253,
size:12
[agent] id:17
path:492,457,422,387,352,317,282,247,212,177,142,107,108,109,110,111,112,113,114,115,116,117,118,119,120,121,122,123,124,125,126,127,128,128,128,128,128,128,128,128,128,128,128,128,128,
goal:128,128,128,128,128,128,128,128,128,128,128,128,128,128,128,128,128,128,128,128,128,128,128,128,128,128,128,128,128,128,128,128,128,128,128,128,128,128,128,128,128,128,128,128,128,
size:32
[agent] id:18
path:273,238,203,168,133,98,63,62,61,60,59,58,57,56,55,54,53,52,51,51,51,51,51,51,51,51,51,51,51,51,51,51,51,51,51,51,51,51,51,51,51,51,51,51,51,
goal:51,51,51,51,51,51,51,51,51,51,51,51,51,51,51,51,51,51,51,51,51,51,51,51,51,51,51,51,51,51,51,51,51,51,51,51,51,51,51,51,51,51,51,51,51,
size:18
[agent] id:19
path:323,288,253,252,251,250,249,248,247,246,245,245,245,245,245,245,245,245,245,245,245,245,245,245,245,245,245,245,245,245,245,245,245,245,245,245,245,245,245,245,245,245,245,245,245,
goal:245,245,245,245,245,245,245,245,245,245,245,245,245,245,245,245,245,245,245,245,245,245,245,245,245,245,245,245,245,245,245,245,245,245,245,245,245,245,245,245,245,245,245,245,245,
size:10
[agent] id:20
path:215,180,181,146,111,112,113,114,115,116,117,118,119,120,121,122,123,124,125,126,127,128,129,130,131,132,133,98,63,64,65,65,65,65,65,65,65,65,65,65,65,65,65,65,65,
goal:65,65,65,65,65,65,65,65,65,65,65,65,65,65,65,65,65,65,65,65,65,65,65,65,65,65,65,65,65,65,65,65,65,65,65,65,65,65,65,65,65,65,65,65,65,
size:30
[agent] id:21
path:585,620,621,622,623,658,693,728,727,726,725,725,725,725,725,725,725,725,725,725,725,725,725,725,725,725,725,725,725,725,725,725,725,725,725,725,725,725,725,725,725,725,725,725,725,
goal:725,725,725,725,725,725,725,725,725,725,725,725,725,725,725,725,725,725,725,725,725,725,725,725,725,725,725,725,725,725,725,725,725,725,725,725,725,725,725,725,725,725,725,725,725,
size:10
[agent] id:22
path:543,542,541,540,539,538,537,536,535,534,533,532,531,496,495,494,493,492,492,492,492,492,492,492,492,492,492,492,492,492,492,492,492,492,492,492,492,492,492,492,492,492,492,492,492,
goal:492,492,492,492,492,492,492,492,492,492,492,492,492,492,492,492,492,492,492,492,492,492,492,492,492,492,492,492,492,492,492,492,492,492,492,492,492,492,492,492,492,492,492,492,492,
size:17
[agent] id:23
path:128,163,198,197,196,195,194,193,192,227,262,297,296,295,294,293,292,291,290,289,288,288,288,288,288,288,288,288,288,288,288,288,288,288,288,288,288,288,288,288,288,288,288,288,288,
goal:288,288,288,288,288,288,288,288,288,288,288,288,288,288,288,288,288,288,288,288,288,288,288,288,288,288,288,288,288,288,288,288,288,288,288,288,288,288,288,288,288,288,288,288,288,
size:20
[agent] id:24
path:345,380,415,450,485,520,555,590,589,588,588,588,588,588,588,588,588,588,588,588,588,588,588,588,588,588,588,588,588,588,588,588,588,588,588,588,588,588,588,588,588,588,588,588,588,
goal:588,588,588,588,588,588,588,588,588,588,588,588,588,588,588,588,588,588,588,588,588,588,588,588,588,588,588,588,588,588,588,588,588,588,588,588,588,588,588,588,588,588,588,588,588,
size:9
[agent] id:25
path:58,57,56,55,54,53,52,87,122,157,192,227,262,297,332,367,402,437,472,507,542,577,612,647,682,717,716,715,714,713,712,711,710,709,709,709,709,709,709,709,709,709,709,709,709,
goal:709,709,709,709,709,709,709,709,709,709,709,709,709,709,709,709,709,709,709,709,709,709,709,709,709,709,709,709,709,709,709,709,709,709,709,709,709,709,709,709,709,709,709,709,709,
size:33
[agent] id:26
path:396,397,398,399,400,401,402,367,332,297,298,263,263,262,263,263,262,227,192,157,122,87,52,17,18,19,19,19,19,19,19,19,19,19,19,19,19,19,19,19,19,19,19,19,19,
goal:19,19,19,19,19,19,19,19,19,19,19,19,19,19,19,19,19,19,19,19,19,19,19,19,19,19,19,19,19,19,19,19,19,19,19,19,19,19,19,19,19,19,19,19,19,
size:25
[agent] id:27
path:672,673,674,675,676,677,678,679,680,681,682,647,612,577,542,507,472,473,438,438,437,437,402,367,367,367,367,367,367,367,367,367,367,367,367,367,367,367,367,367,367,367,367,367,367,
goal:367,367,367,367,367,367,367,367,367,367,367,367,367,367,367,367,367,367,367,367,367,367,367,367,367,367,367,367,367,367,367,367,367,367,367,367,367,367,367,367,367,367,367,367,367,
size:23
[agent] id:28
path:562,563,564,565,566,567,568,569,570,571,536,537,538,539,540,541,542,543,544,545,546,547,548,549,550,551,552,553,518,483,448,413,378,343,308,273,274,275,276,277,277,277,277,277,277,
goal:277,277,277,277,277,277,277,277,277,277,277,277,277,277,277,277,277,277,277,277,277,277,277,277,277,277,277,277,277,277,277,277,277,277,277,277,277,277,277,277,277,277,277,277,277,
size:39
[agent] id:29
path:448,447,446,445,444,443,442,441,440,439,438,437,436,435,434,433,432,431,430,429,428,427,426,425,424,424,424,424,424,424,424,424,424,424,424,424,424,424,424,424,424,424,424,424,424,
goal:424,424,424,424,424,424,424,424,424,424,424,424,424,424,424,424,424,424,424,424,424,424,424,424,424,424,424,424,424,424,424,424,424,424,424,424,424,424,424,424,424,424,424,424,424,
size:24
SolutionCost:685
