[setting] seed:4
[solver] type:ECBS
[solver] w:4.250000
[solver] ID:0
[solver] Lowlevelnode:26881
[solver] solved:1
[solver] elapsed:37
[solver] makespan:50
[problem] timesteplimit:10000
[problem] type:MAPF
[problem] agentnum:20
[graph] width:35
[graph] height:21
[graph] filename:./map/warehouse_middle.map
[task] id:10,start:0,end:0,service time:0,nodes:286,
[task] id:19,start:0,end:0,service time:0,nodes:349,
[task] id:9,start:0,end:0,service time:0,nodes:660,
[task] id:14,start:0,end:0,service time:0,nodes:455,
[task] id:7,start:0,end:0,service time:0,nodes:189,
[task] id:4,start:0,end:0,service time:0,nodes:428,
[task] id:3,start:0,end:0,service time:0,nodes:192,
[task] id:1,start:0,end:0,service time:0,nodes:533,
[task] id:0,start:0,end:0,service time:0,nodes:697,
[task] id:18,start:0,end:0,service time:0,nodes:170,
[task] id:6,start:0,end:0,service time:0,nodes:494,
[task] id:8,start:0,end:0,service time:0,nodes:662,
[task] id:16,start:0,end:0,service time:0,nodes:723,
[task] id:5,start:0,end:0,service time:0,nodes:310,
[task] id:17,start:0,end:0,service time:0,nodes:154,
[task] id:2,start:0,end:0,service time:0,nodes:206,
[task] id:12,start:0,end:0,service time:0,nodes:60,
[task] id:13,start:0,end:0,service time:0,nodes:732,
[task] id:15,start:0,end:0,service time:0,nodes:71,
[task] id:11,start:0,end:0,service time:0,nodes:666,
[agent] id:0
path:432,467,468,469,470,471,472,507,542,577,612,647,682,683,684,685,686,687,688,689,690,691,692,693,694,695,696,697,697,697,697,697,697,697,697,697,697,697,697,697,697,697,697,697,697,697,697,697,697,697,697,
goal:697,697,697,697,697,697,697,697,697,697,697,697,697,697,697,697,697,697,697,697,697,697,697,697,697,697,697,697,697,697,697,697,697,697,697,697,697,697,697,697,697,697,697,697,697,697,697,697,697,697,697,
size:27
[agent] id:1
path:523,558,557,556,555,554,553,552,551,550,549,548,547,546,545,544,543,542,541,540,539,538,537,536,535,534,533,533,533,533,533,533,533,533,533,533,533,533,533,533,533,533,533,533,533,533,533,533,533,533,533,
goal:533,533,533,533,533,533,533,533,533,533,533,533,533,533,533,533,533,533,533,533,533,533,533,533,533,533,533,533,533,533,533,533,533,533,533,533,533,533,533,533,533,533,533,533,533,533,533,533,533,533,533,
size:26
[agent] id:2
path:140,141,142,143,144,145,145,146,147,148,149,150,151,152,153,154,155,156,157,158,159,160,161,196,197,198,199,200,201,202,203,204,205,206,206,206,206,206,206,206,206,206,206,206,206,206,206,206,206,206,206,
goal:206,206,206,206,206,206,206,206,206,206,206,206,206,206,206,206,206,206,206,206,206,206,206,206,206,206,206,206,206,206,206,206,206,206,206,206,206,206,206,206,206,206,206,206,206,206,206,206,206,206,206,
size:33
[agent] id:3
path:625,590,555,520,485,450,415,380,379,344,309,274,239,204,203,202,201,200,199,198,197,196,195,194,193,192,192,192,192,192,192,192,192,192,192,192,192,192,192,192,192,192,192,192,192,192,192,192,192,192,192,
goal:192,192,192,192,192,192,192,192,192,192,192,192,192,192,192,192,192,192,192,192,192,192,192,192,192,192,192,192,192,192,192,192,192,192,192,192,192,192,192,192,192,192,192,192,192,192,192,192,192,192,192,
size:25
[agent] id:4
path:155,190,189,188,187,186,185,184,183,182,181,216,251,252,287,322,321,356,391,426,427,428,428,428,428,428,428,428,428,428,428,428,428,428,428,428,428,428,428,428,428,428,428,428,428,428,428,428,428,428,428,
goal:428,428,428,428,428,428,428,428,428,428,428,428,428,428,428,428,428,428,428,428,428,428,428,428,428,428,428,428,428,428,428,428,428,428,428,428,428,428,428,428,428,428,428,428,428,428,428,428,428,428,428,
size:21
[agent] id:5
path:567,532,533,534,535,536,537,538,539,540,541,542,507,472,437,402,367,332,297,298,299,300,301,302,303,304,305,306,307,308,309,310,310,310,310,310,310,310,310,310,310,310,310,310,310,310,310,310,310,310,310,
goal:310,310,310,310,310,310,310,310,310,310,310,310,310,310,310,310,310,310,310,310,310,310,310,310,310,310,310,310,310,310,310,310,310,310,310,310,310,310,310,310,310,310,310,310,310,310,310,310,310,310,310,
size:31
[agent] id:6
path:379,414,449,484,483,482,481,480,479,478,477,476,475,474,473,472,471,470,469,468,467,466,465,464,463,462,461,496,495,494,494,494,494,494,494,494,494,494,494,494,494,494,494,494,494,494,494,494,494,494,494,
goal:494,494,494,494,494,494,494,494,494,494,494,494,494,494,494,494,494,494,494,494,494,494,494,494,494,494,494,494,494,494,494,494,494,494,494,494,494,494,494,494,494,494,494,494,494,494,494,494,494,494,494,
size:29
[agent] id:7
path:172,207,206,205,204,203,202,201,200,199,198,197,196,195,194,193,192,191,190,189,189,189,189,189,189,189,189,189,189,189,189,189,189,189,189,189,189,189,189,189,189,189,189,189,189,189,189,189,189,189,189,
goal:189,189,189,189,189,189,189,189,189,189,189,189,189,189,189,189,189,189,189,189,189,189,189,189,189,189,189,189,189,189,189,189,189,189,189,189,189,189,189,189,189,189,189,189,189,189,189,189,189,189,189,
size:19
[agent] id:8
path:599,600,601,602,603,604,605,606,607,608,609,610,611,612,613,614,615,616,617,618,619,620,621,622,623,624,625,626,661,662,662,662,662,662,662,662,662,662,662,662,662,662,662,662,662,662,662,662,662,662,662,
goal:662,662,662,662,662,662,662,662,662,662,662,662,662,662,662,662,662,662,662,662,662,662,662,662,662,662,662,662,662,662,662,662,662,662,662,662,662,662,662,662,662,662,662,662,662,662,662,662,662,662,662,
size:29
[agent] id:9
path:239,274,309,344,379,414,449,484,519,554,589,624,659,660,660,660,660,660,660,660,660,660,660,660,660,660,660,660,660,660,660,660,660,660,660,660,660,660,660,660,660,660,660,660,660,660,660,660,660,660,660,
goal:660,660,660,660,660,660,660,660,660,660,660,660,660,660,660,660,660,660,660,660,660,660,660,660,660,660,660,660,660,660,660,660,660,660,660,660,660,660,660,660,660,660,660,660,660,660,660,660,660,660,660,
size:13
[agent] id:10
path:44,43,42,41,76,111,146,181,216,251,286,286,286,286,286,286,286,286,286,286,286,286,286,286,286,286,286,286,286,286,286,286,286,286,286,286,286,286,286,286,286,286,286,286,286,286,286,286,286,286,286,
goal:286,286,286,286,286,286,286,286,286,286,286,286,286,286,286,286,286,286,286,286,286,286,286,286,286,286,286,286,286,286,286,286,286,286,286,286,286,286,286,286,286,286,286,286,286,286,286,286,286,286,286,
size:10
[agent] id:11
path:32,67,102,137,172,207,242,277,312,347,382,417,452,487,522,557,592,591,590,589,588,587,586,585,620,619,618,617,616,615,614,613,612,647,682,681,680,679,678,677,676,675,674,673,672,671,670,669,668,667,666,
goal:666,666,666,666,666,666,666,666,666,666,666,666,666,666,666,666,666,666,666,666,666,666,666,666,666,666,666,666,666,666,666,666,666,666,666,666,666,666,666,666,666,666,666,666,666,666,666,666,666,666,666,
size:50
[agent] id:12
path:315,280,245,210,175,140,105,70,35,36,37,38,39,40,41,42,43,44,45,46,47,48,49,50,51,52,53,54,55,56,57,58,59,60,60,60,60,60,60,60,60,60,60,60,60,60,60,60,60,60,60,
goal:60,60,60,60,60,60,60,60,60,60,60,60,60,60,60,60,60,60,60,60,60,60,60,60,60,60,60,60,60,60,60,60,60,60,60,60,60,60,60,60,60,60,60,60,60,60,60,60,60,60,60,
size:33
[agent] id:13
path:120,155,190,191,192,227,262,297,332,333,334,335,336,337,338,339,340,341,342,343,378,413,448,483,518,553,588,623,658,693,728,729,730,731,732,732,732,732,732,732,732,732,732,732,732,732,732,732,732,732,732,
goal:732,732,732,732,732,732,732,732,732,732,732,732,732,732,732,732,732,732,732,732,732,732,732,732,732,732,732,732,732,732,732,732,732,732,732,732,732,732,732,732,732,732,732,732,732,732,732,732,732,732,732,
size:34
[agent] id:14
path:672,671,636,601,566,531,496,461,460,459,458,457,456,455,455,455,455,455,455,455,455,455,455,455,455,455,455,455,455,455,455,455,455,455,455,455,455,455,455,455,455,455,455,455,455,455,455,455,455,455,455,
goal:455,455,455,455,455,455,455,455,455,455,455,455,455,455,455,455,455,455,455,455,455,455,455,455,455,455,455,455,455,455,455,455,455,455,455,455,455,455,455,455,455,455,455,455,455,455,455,455,455,455,455,
size:13
[agent] id:15
path:381,346,311,276,241,206,171,136,135,134,133,132,131,130,129,128,127,126,125,124,123,122,121,120,119,118,117,116,115,114,113,112,111,76,75,74,73,72,71,71,71,71,71,71,71,71,71,71,71,71,71,
goal:71,71,71,71,71,71,71,71,71,71,71,71,71,71,71,71,71,71,71,71,71,71,71,71,71,71,71,71,71,71,71,71,71,71,71,71,71,71,71,71,71,71,71,71,71,71,71,71,71,71,71,
size:38
[agent] id:16
path:259,294,329,330,331,332,367,332,331,331,332,367,402,437,438,473,473,472,507,542,577,612,647,682,717,718,719,720,721,722,723,723,723,723,723,723,723,723,723,723,723,723,723,723,723,723,723,723,723,723,723,
goal:723,723,723,723,723,723,723,723,723,723,723,723,723,723,723,723,723,723,723,723,723,723,723,723,723,723,723,723,723,723,723,723,723,723,723,723,723,723,723,723,723,723,723,723,723,723,723,723,723,723,723,
size:30
[agent] id:17
path:593,592,591,590,589,588,588,553,518,483,448,413,378,343,308,273,238,203,202,201,200,199,198,163,162,161,160,159,158,157,156,155,154,154,154,154,154,154,154,154,154,154,154,154,154,154,154,154,154,154,154,
goal:154,154,154,154,154,154,154,154,154,154,154,154,154,154,154,154,154,154,154,154,154,154,154,154,154,154,154,154,154,154,154,154,154,154,154,154,154,154,154,154,154,154,154,154,154,154,154,154,154,154,154,
size:32
[agent] id:18
path:575,540,541,542,507,472,437,402,367,332,297,262,227,192,157,158,159,160,161,162,163,164,165,166,167,168,169,170,170,170,170,170,170,170,170,170,170,170,170,170,170,170,170,170,170,170,170,170,170,170,170,
goal:170,170,170,170,170,170,170,170,170,170,170,170,170,170,170,170,170,170,170,170,170,170,170,170,170,170,170,170,170,170,170,170,170,170,170,170,170,170,170,170,170,170,170,170,170,170,170,170,170,170,170,
size:27
[agent] id:19
path:337,338,339,340,341,342,343,344,345,346,347,348,349,349,349,349,349,349,349,349,349,349,349,349,349,349,349,349,349,349,349,349,349,349,349,349,349,349,349,349,349,349,349,349,349,349,349,349,349,349,349,
goal:349,349,349,349,349,349,349,349,349,349,349,349,349,349,349,349,349,349,349,349,349,349,349,349,349,349,349,349,349,349,349,349,349,349,349,349,349,349,349,349,349,349,349,349,349,349,349,349,349,349,349,
size:12
SolutionCost:532
