[setting] seed:2
[solver] type:ECBS
[solver] w:1.250000
[solver] ID:0
[solver] Lowlevelnode:25215
[solver] solved:1
[solver] elapsed:34
[solver] makespan:37
[problem] timesteplimit:10000
[problem] type:MAPF
[problem] agentnum:20
[graph] width:35
[graph] height:21
[graph] filename:./map/warehouse_middle.map
[task] id:18,start:0,end:0,service time:0,nodes:709,
[task] id:4,start:0,end:0,service time:0,nodes:367,
[task] id:7,start:0,end:0,service time:0,nodes:35,
[task] id:12,start:0,end:0,service time:0,nodes:33,
[task] id:0,start:0,end:0,service time:0,nodes:472,
[task] id:6,start:0,end:0,service time:0,nodes:356,
[task] id:3,start:0,end:0,service time:0,nodes:156,
[task] id:16,start:0,end:0,service time:0,nodes:667,
[task] id:20,start:0,end:0,service time:0,nodes:367,
[task] id:14,start:0,end:0,service time:0,nodes:296,
[task] id:2,start:0,end:0,service time:0,nodes:55,
[task] id:15,start:0,end:0,service time:0,nodes:346,
[task] id:19,start:0,end:0,service time:0,nodes:43,
[task] id:5,start:0,end:0,service time:0,nodes:19,
[task] id:10,start:0,end:0,service time:0,nodes:266,
[task] id:17,start:0,end:0,service time:0,nodes:53,
[task] id:9,start:0,end:0,service time:0,nodes:589,
[task] id:11,start:0,end:0,service time:0,nodes:597,
[task] id:1,start:0,end:0,service time:0,nodes:140,
[task] id:8,start:0,end:0,service time:0,nodes:659,
[task] id:13,start:0,end:0,service time:0,nodes:385,
[agent] id:0
path:587,552,551,550,549,548,547,546,545,544,543,542,507,472,472,472,472,472,472,472,472,472,472,472,472,472,472,472,472,472,472,472,472,472,472,472,472,472,
goal:472,472,472,472,472,472,472,472,472,472,472,472,472,472,472,472,472,472,472,472,472,472,472,472,472,472,472,472,472,472,472,472,472,472,472,472,472,472,
size:13
[agent] id:1
path:343,308,273,238,203,202,201,200,199,198,197,196,195,194,193,192,191,190,155,154,153,152,151,150,149,148,147,146,145,144,143,142,141,140,140,140,140,140,
goal:140,140,140,140,140,140,140,140,140,140,140,140,140,140,140,140,140,140,140,140,140,140,140,140,140,140,140,140,140,140,140,140,140,140,140,140,140,140,
size:33
[agent] id:2
path:2,3,4,5,6,7,8,9,10,11,12,13,14,15,16,51,52,53,54,55,55,55,55,55,55,55,55,55,55,55,55,55,55,55,55,55,55,55,
goal:55,55,55,55,55,55,55,55,55,55,55,55,55,55,55,55,55,55,55,55,55,55,55,55,55,55,55,55,55,55,55,55,55,55,55,55,55,55,
size:19
[agent] id:3
path:42,43,44,45,46,47,48,49,50,51,52,87,122,157,156,156,156,156,156,156,156,156,156,156,156,156,156,156,156,156,156,156,156,156,156,156,156,156,
goal:156,156,156,156,156,156,156,156,156,156,156,156,156,156,156,156,156,156,156,156,156,156,156,156,156,156,156,156,156,156,156,156,156,156,156,156,156,156,
size:14
[agent] id:4
path:398,399,400,401,402,367,367,367,367,402,403,403,402,401,401,402,367,367,367,367,367,367,367,367,367,367,367,367,367,367,367,367,367,367,367,367,367,367,
goal:367,367,367,367,367,367,367,367,367,367,367,367,367,367,367,367,367,367,367,367,367,367,367,367,367,367,367,367,367,367,367,367,367,367,367,367,367,367,
size:16
[agent] id:5
path:684,683,682,647,612,577,542,507,472,437,402,367,332,297,262,227,192,157,122,87,52,17,18,19,19,19,19,19,19,19,19,19,19,19,19,19,19,19,
goal:19,19,19,19,19,19,19,19,19,19,19,19,19,19,19,19,19,19,19,19,19,19,19,19,19,19,19,19,19,19,19,19,19,19,19,19,19,19,
size:23
[agent] id:6
path:261,296,331,330,329,328,327,326,325,324,323,322,321,356,356,356,356,356,356,356,356,356,356,356,356,356,356,356,356,356,356,356,356,356,356,356,356,356,
goal:356,356,356,356,356,356,356,356,356,356,356,356,356,356,356,356,356,356,356,356,356,356,356,356,356,356,356,356,356,356,356,356,356,356,356,356,356,356,
size:13
[agent] id:7
path:114,113,112,111,76,41,40,39,38,37,36,35,35,35,35,35,35,35,35,35,35,35,35,35,35,35,35,35,35,35,35,35,35,35,35,35,35,35,
goal:35,35,35,35,35,35,35,35,35,35,35,35,35,35,35,35,35,35,35,35,35,35,35,35,35,35,35,35,35,35,35,35,35,35,35,35,35,35,
size:11
[agent] id:8
path:385,420,455,490,525,560,595,596,597,598,599,600,601,602,603,604,605,606,607,608,609,610,611,612,613,614,615,616,617,618,619,620,621,622,623,658,659,659,
goal:659,659,659,659,659,659,659,659,659,659,659,659,659,659,659,659,659,659,659,659,659,659,659,659,659,659,659,659,659,659,659,659,659,659,659,659,659,659,
size:36
[agent] id:9
path:703,668,633,598,563,564,565,566,567,568,569,570,571,572,573,574,575,576,577,578,579,580,581,582,583,584,585,586,587,588,589,589,589,589,589,589,589,589,
goal:589,589,589,589,589,589,589,589,589,589,589,589,589,589,589,589,589,589,589,589,589,589,589,589,589,589,589,589,589,589,589,589,589,589,589,589,589,589,
size:30
[agent] id:10
path:699,664,629,594,559,524,489,454,419,384,349,314,279,278,277,276,275,274,273,272,271,270,269,268,267,266,266,266,266,266,266,266,266,266,266,266,266,266,
goal:266,266,266,266,266,266,266,266,266,266,266,266,266,266,266,266,266,266,266,266,266,266,266,266,266,266,266,266,266,266,266,266,266,266,266,266,266,266,
size:25
[agent] id:11
path:731,696,695,694,693,692,691,690,689,688,687,686,685,684,683,682,681,680,679,678,677,676,675,674,673,672,671,636,601,600,599,598,597,597,597,597,597,597,
goal:597,597,597,597,597,597,597,597,597,597,597,597,597,597,597,597,597,597,597,597,597,597,597,597,597,597,597,597,597,597,597,597,597,597,597,597,597,597,
size:32
[agent] id:12
path:346,311,276,241,206,171,136,101,66,31,32,33,33,33,33,33,33,33,33,33,33,33,33,33,33,33,33,33,33,33,33,33,33,33,33,33,33,33,
goal:33,33,33,33,33,33,33,33,33,33,33,33,33,33,33,33,33,33,33,33,33,33,33,33,33,33,33,33,33,33,33,33,33,33,33,33,33,33,
size:11
[agent] id:13
path:134,169,204,239,274,309,344,379,414,413,412,411,410,409,408,407,406,405,404,403,402,401,400,399,398,397,396,395,394,393,392,391,390,389,388,387,386,385,
goal:385,385,385,385,385,385,385,385,385,385,385,385,385,385,385,385,385,385,385,385,385,385,385,385,385,385,385,385,385,385,385,385,385,385,385,385,385,385,
size:37
[agent] id:14
path:619,584,549,548,547,546,545,544,543,542,507,472,437,402,367,332,297,296,296,296,296,296,296,296,296,296,296,296,296,296,296,296,296,296,296,296,296,296,
goal:296,296,296,296,296,296,296,296,296,296,296,296,296,296,296,296,296,296,296,296,296,296,296,296,296,296,296,296,296,296,296,296,296,296,296,296,296,296,
size:17
[agent] id:15
path:544,545,546,547,582,583,548,549,550,551,552,553,518,483,448,413,378,343,344,345,346,346,346,346,346,346,346,346,346,346,346,346,346,346,346,346,346,346,
goal:346,346,346,346,346,346,346,346,346,346,346,346,346,346,346,346,346,346,346,346,346,346,346,346,346,346,346,346,346,346,346,346,346,346,346,346,346,346,
size:20
[agent] id:16
path:245,280,315,350,385,420,455,490,525,560,595,630,665,666,667,667,667,667,667,667,667,667,667,667,667,667,667,667,667,667,667,667,667,667,667,667,667,667,
goal:667,667,667,667,667,667,667,667,667,667,667,667,667,667,667,667,667,667,667,667,667,667,667,667,667,667,667,667,667,667,667,667,667,667,667,667,667,667,
size:14
[agent] id:17
path:496,461,426,391,356,321,286,251,216,181,146,111,112,113,114,115,116,117,118,119,120,121,122,87,52,53,53,53,53,53,53,53,53,53,53,53,53,53,
goal:53,53,53,53,53,53,53,53,53,53,53,53,53,53,53,53,53,53,53,53,53,53,53,53,53,53,53,53,53,53,53,53,53,53,53,53,53,53,
size:25
[agent] id:18
path:705,706,707,708,709,709,709,709,709,709,709,709,709,709,709,709,709,709,709,709,709,709,709,709,709,709,709,709,709,709,709,709,709,709,709,709,709,709,
goal:709,709,709,709,709,709,709,709,709,709,709,709,709,709,709,709,709,709,709,709,709,709,709,709,709,709,709,709,709,709,709,709,709,709,709,709,709,709,
size:4
[agent] id:19
path:27,62,61,60,59,58,57,56,55,54,53,52,51,50,49,48,47,46,45,44,43,43,43,43,43,43,43,43,43,43,43,43,43,43,43,43,43,43,
goal:43,43,43,43,43,43,43,43,43,43,43,43,43,43,43,43,43,43,43,43,43,43,43,43,43,43,43,43,43,43,43,43,43,43,43,43,43,43,
size:20
SolutionCost:413
