[setting] seed:65
[solver] type:ECBS
[solver] w:2.000000
[solver] ID:0
[solver] Lowlevelnode:3441
[solver] ConflictCount:11
[solver] solved:1
[solver] elapsed:22
[solver] makespan:43
[problem] timesteplimit:10000
[problem] type:MAPF
[problem] agentnum:30
[graph] width:35
[graph] height:21
[graph] filename:./map/warehouse_middle.map
[task] id:18,start:0,end:0,service time:0,nodes:573,
[task] id:16,start:0,end:0,service time:0,nodes:404,
[task] id:0,start:0,end:0,service time:0,nodes:169,
[task] id:4,start:0,end:0,service time:0,nodes:194,
[task] id:25,start:0,end:0,service time:0,nodes:270,
[task] id:6,start:0,end:0,service time:0,nodes:162,
[task] id:21,start:0,end:0,service time:0,nodes:351,
[task] id:22,start:0,end:0,service time:0,nodes:332,
[task] id:1,start:0,end:0,service time:0,nodes:331,
[task] id:29,start:0,end:0,service time:0,nodes:254,
[task] id:11,start:0,end:0,service time:0,nodes:688,
[task] id:20,start:0,end:0,service time:0,nodes:723,
[task] id:5,start:0,end:0,service time:0,nodes:330,
[task] id:14,start:0,end:0,service time:0,nodes:197,
[task] id:15,start:0,end:0,service time:0,nodes:289,
[task] id:17,start:0,end:0,service time:0,nodes:386,
[task] id:23,start:0,end:0,service time:0,nodes:294,
[task] id:9,start:0,end:0,service time:0,nodes:704,
[task] id:3,start:0,end:0,service time:0,nodes:683,
[task] id:12,start:0,end:0,service time:0,nodes:345,
[task] id:2,start:0,end:0,service time:0,nodes:686,
[task] id:13,start:0,end:0,service time:0,nodes:409,
[task] id:10,start:0,end:0,service time:0,nodes:279,
[task] id:26,start:0,end:0,service time:0,nodes:467,
[task] id:28,start:0,end:0,service time:0,nodes:379,
[task] id:27,start:0,end:0,service time:0,nodes:702,
[task] id:7,start:0,end:0,service time:0,nodes:53,
[task] id:24,start:0,end:0,service time:0,nodes:630,
[task] id:19,start:0,end:0,service time:0,nodes:354,
[task] id:8,start:0,end:0,service time:0,nodes:7,
[agent] id:0
path:306,271,272,273,238,203,168,169,169,169,169,169,169,169,169,169,169,169,169,169,169,169,169,169,169,169,169,169,169,169,169,169,169,169,169,169,169,169,169,169,169,169,169,169,
goal:169,169,169,169,169,169,169,169,169,169,169,169,169,169,169,169,169,169,169,169,169,169,169,169,169,169,169,169,169,169,169,169,169,169,169,169,169,169,169,169,169,169,169,169,
size:7
[agent] id:1
path:154,189,190,191,192,227,192,157,157,192,227,262,297,296,331,331,331,331,331,331,331,331,331,331,331,331,331,331,331,331,331,331,331,331,331,331,331,331,331,331,331,331,331,331,
goal:331,331,331,331,331,331,331,331,331,331,331,331,331,331,331,331,331,331,331,331,331,331,331,331,331,331,331,331,331,331,331,331,331,331,331,331,331,331,331,331,331,331,331,331,
size:14
[agent] id:2
path:492,527,562,597,632,667,668,669,670,671,672,673,674,675,676,677,678,679,680,681,682,683,684,685,686,686,686,686,686,686,686,686,686,686,686,686,686,686,686,686,686,686,686,686,
goal:686,686,686,686,686,686,686,686,686,686,686,686,686,686,686,686,686,686,686,686,686,686,686,686,686,686,686,686,686,686,686,686,686,686,686,686,686,686,686,686,686,686,686,686,
size:24
[agent] id:3
path:416,451,486,521,556,591,626,625,624,623,622,621,620,619,618,617,616,615,614,613,612,647,682,683,683,683,683,683,683,683,683,683,683,683,683,683,683,683,683,683,683,683,683,683,
goal:683,683,683,683,683,683,683,683,683,683,683,683,683,683,683,683,683,683,683,683,683,683,683,683,683,683,683,683,683,683,683,683,683,683,683,683,683,683,683,683,683,683,683,683,
size:23
[agent] id:4
path:335,300,265,264,263,262,227,192,193,194,194,194,194,194,194,194,194,194,194,194,194,194,194,194,194,194,194,194,194,194,194,194,194,194,194,194,194,194,194,194,194,194,194,194,
goal:194,194,194,194,194,194,194,194,194,194,194,194,194,194,194,194,194,194,194,194,194,194,194,194,194,194,194,194,194,194,194,194,194,194,194,194,194,194,194,194,194,194,194,194,
size:9
[agent] id:5
path:385,350,315,316,317,318,319,320,321,322,323,324,325,326,327,328,329,330,330,330,330,330,330,330,330,330,330,330,330,330,330,330,330,330,330,330,330,330,330,330,330,330,330,330,
goal:330,330,330,330,330,330,330,330,330,330,330,330,330,330,330,330,330,330,330,330,330,330,330,330,330,330,330,330,330,330,330,330,330,330,330,330,330,330,330,330,330,330,330,330,
size:17
[agent] id:6
path:49,50,51,52,87,122,157,158,159,160,161,162,162,162,162,162,162,162,162,162,162,162,162,162,162,162,162,162,162,162,162,162,162,162,162,162,162,162,162,162,162,162,162,162,
goal:162,162,162,162,162,162,162,162,162,162,162,162,162,162,162,162,162,162,162,162,162,162,162,162,162,162,162,162,162,162,162,162,162,162,162,162,162,162,162,162,162,162,162,162,
size:11
[agent] id:7
path:491,456,421,386,351,316,281,246,211,176,141,106,71,36,37,38,39,40,41,42,43,44,45,46,47,48,49,50,51,52,53,53,53,53,53,53,53,53,53,53,53,53,53,53,
goal:53,53,53,53,53,53,53,53,53,53,53,53,53,53,53,53,53,53,53,53,53,53,53,53,53,53,53,53,53,53,53,53,53,53,53,53,53,53,53,53,53,53,53,53,
size:30
[agent] id:8
path:662,627,592,557,522,487,452,417,382,347,312,277,242,207,172,137,102,67,32,31,30,29,28,27,26,25,24,23,22,21,20,19,18,17,16,15,14,13,12,11,10,9,8,7,
goal:7,7,7,7,7,7,7,7,7,7,7,7,7,7,7,7,7,7,7,7,7,7,7,7,7,7,7,7,7,7,7,7,7,7,7,7,7,7,7,7,7,7,7,7,
size:43
[agent] id:9
path:114,149,184,183,182,181,216,251,286,321,320,355,390,425,460,495,530,565,600,635,670,705,704,704,704,704,704,704,704,704,704,704,704,704,704,704,704,704,704,704,704,704,704,704,
goal:704,704,704,704,704,704,704,704,704,704,704,704,704,704,704,704,704,704,704,704,704,704,704,704,704,704,704,704,704,704,704,704,704,704,704,704,704,704,704,704,704,704,704,704,
size:22
[agent] id:10
path:470,435,436,401,402,367,332,333,334,299,300,301,302,303,304,305,306,271,272,273,274,275,276,277,278,279,279,279,279,279,279,279,279,279,279,279,279,279,279,279,279,279,279,279,
goal:279,279,279,279,279,279,279,279,279,279,279,279,279,279,279,279,279,279,279,279,279,279,279,279,279,279,279,279,279,279,279,279,279,279,279,279,279,279,279,279,279,279,279,279,
size:25
[agent] id:11
path:488,523,558,593,628,663,698,697,696,695,694,693,692,691,690,689,688,688,688,688,688,688,688,688,688,688,688,688,688,688,688,688,688,688,688,688,688,688,688,688,688,688,688,688,
goal:688,688,688,688,688,688,688,688,688,688,688,688,688,688,688,688,688,688,688,688,688,688,688,688,688,688,688,688,688,688,688,688,688,688,688,688,688,688,688,688,688,688,688,688,
size:16
[agent] id:12
path:430,431,432,433,434,399,400,401,402,367,332,333,334,335,336,337,338,339,340,341,342,343,344,345,345,345,345,345,345,345,345,345,345,345,345,345,345,345,345,345,345,345,345,345,
goal:345,345,345,345,345,345,345,345,345,345,345,345,345,345,345,345,345,345,345,345,345,345,345,345,345,345,345,345,345,345,345,345,345,345,345,345,345,345,345,345,345,345,345,345,
size:23
[agent] id:13
path:22,23,24,59,60,61,62,63,98,133,168,168,203,238,273,308,343,378,413,412,411,446,445,410,409,409,409,409,409,409,409,409,409,409,409,409,409,409,409,409,409,409,409,409,
goal:409,409,409,409,409,409,409,409,409,409,409,409,409,409,409,409,409,409,409,409,409,409,409,409,409,409,409,409,409,409,409,409,409,409,409,409,409,409,409,409,409,409,409,409,
size:24
[agent] id:14
path:554,519,484,449,414,379,344,309,274,239,204,203,202,201,200,199,198,197,197,197,197,197,197,197,197,197,197,197,197,197,197,197,197,197,197,197,197,197,197,197,197,197,197,197,
goal:197,197,197,197,197,197,197,197,197,197,197,197,197,197,197,197,197,197,197,197,197,197,197,197,197,197,197,197,197,197,197,197,197,197,197,197,197,197,197,197,197,197,197,197,
size:17
[agent] id:15
path:270,305,304,303,302,301,300,299,298,297,296,295,294,293,292,291,290,289,289,289,289,289,289,289,289,289,289,289,289,289,289,289,289,289,289,289,289,289,289,289,289,289,289,289,
goal:289,289,289,289,289,289,289,289,289,289,289,289,289,289,289,289,289,289,289,289,289,289,289,289,289,289,289,289,289,289,289,289,289,289,289,289,289,289,289,289,289,289,289,289,
size:17
[agent] id:16
path:444,409,408,407,406,405,404,404,404,404,404,404,404,404,404,404,404,404,404,404,404,404,404,404,404,404,404,404,404,404,404,404,404,404,404,404,404,404,404,404,404,404,404,404,
goal:404,404,404,404,404,404,404,404,404,404,404,404,404,404,404,404,404,404,404,404,404,404,404,404,404,404,404,404,404,404,404,404,404,404,404,404,404,404,404,404,404,404,404,404,
size:6
[agent] id:17
path:403,402,401,400,399,398,397,396,395,394,393,392,391,390,389,388,387,386,386,386,386,386,386,386,386,386,386,386,386,386,386,386,386,386,386,386,386,386,386,386,386,386,386,386,
goal:386,386,386,386,386,386,386,386,386,386,386,386,386,386,386,386,386,386,386,386,386,386,386,386,386,386,386,386,386,386,386,386,386,386,386,386,386,386,386,386,386,386,386,386,
size:17
[agent] id:18
path:536,571,572,573,573,573,573,573,573,573,573,573,573,573,573,573,573,573,573,573,573,573,573,573,573,573,573,573,573,573,573,573,573,573,573,573,573,573,573,573,573,573,573,573,
goal:573,573,573,573,573,573,573,573,573,573,573,573,573,573,573,573,573,573,573,573,573,573,573,573,573,573,573,573,573,573,573,573,573,573,573,573,573,573,573,573,573,573,573,573,
size:3
[agent] id:19
path:452,452,451,450,449,448,447,446,445,444,443,442,441,440,439,438,437,436,401,400,399,398,397,396,395,394,393,392,391,356,355,354,354,354,354,354,354,354,354,354,354,354,354,354,
goal:354,354,354,354,354,354,354,354,354,354,354,354,354,354,354,354,354,354,354,354,354,354,354,354,354,354,354,354,354,354,354,354,354,354,354,354,354,354,354,354,354,354,354,354,
size:31
[agent] id:20
path:559,594,629,664,699,734,733,732,731,730,729,728,727,726,725,724,723,723,723,723,723,723,723,723,723,723,723,723,723,723,723,723,723,723,723,723,723,723,723,723,723,723,723,723,
goal:723,723,723,723,723,723,723,723,723,723,723,723,723,723,723,723,723,723,723,723,723,723,723,723,723,723,723,723,723,723,723,723,723,723,723,723,723,723,723,723,723,723,723,723,
size:16
[agent] id:21
path:3,38,73,108,143,178,213,248,283,318,353,352,351,351,351,351,351,351,351,351,351,351,351,351,351,351,351,351,351,351,351,351,351,351,351,351,351,351,351,351,351,351,351,351,
goal:351,351,351,351,351,351,351,351,351,351,351,351,351,351,351,351,351,351,351,351,351,351,351,351,351,351,351,351,351,351,351,351,351,351,351,351,351,351,351,351,351,351,351,351,
size:12
[agent] id:22
path:184,185,186,187,188,189,190,191,192,227,262,297,332,332,332,332,332,332,332,332,332,332,332,332,332,332,332,332,332,332,332,332,332,332,332,332,332,332,332,332,332,332,332,332,
goal:332,332,332,332,332,332,332,332,332,332,332,332,332,332,332,332,332,332,332,332,332,332,332,332,332,332,332,332,332,332,332,332,332,332,332,332,332,332,332,332,332,332,332,332,
size:12
[agent] id:23
path:60,59,58,57,56,55,54,53,52,87,122,157,192,227,262,297,296,295,294,294,294,294,294,294,294,294,294,294,294,294,294,294,294,294,294,294,294,294,294,294,294,294,294,294,
goal:294,294,294,294,294,294,294,294,294,294,294,294,294,294,294,294,294,294,294,294,294,294,294,294,294,294,294,294,294,294,294,294,294,294,294,294,294,294,294,294,294,294,294,294,
size:18
[agent] id:24
path:658,623,622,621,620,619,618,617,616,615,614,613,612,611,610,609,608,607,606,605,604,603,602,601,636,635,634,633,632,631,630,630,630,630,630,630,630,630,630,630,630,630,630,630,
goal:630,630,630,630,630,630,630,630,630,630,630,630,630,630,630,630,630,630,630,630,630,630,630,630,630,630,630,630,630,630,630,630,630,630,630,630,630,630,630,630,630,630,630,630,
size:30
[agent] id:25
path:279,278,277,276,275,274,273,272,271,270,270,270,270,270,270,270,270,270,270,270,270,270,270,270,270,270,270,270,270,270,270,270,270,270,270,270,270,270,270,270,270,270,270,270,
goal:270,270,270,270,270,270,270,270,270,270,270,270,270,270,270,270,270,270,270,270,270,270,270,270,270,270,270,270,270,270,270,270,270,270,270,270,270,270,270,270,270,270,270,270,
size:9
[agent] id:26
path:11,46,45,44,43,42,41,76,111,146,181,216,216,251,286,321,356,391,426,461,462,463,464,465,466,467,467,467,467,467,467,467,467,467,467,467,467,467,467,467,467,467,467,467,
goal:467,467,467,467,467,467,467,467,467,467,467,467,467,467,467,467,467,467,467,467,467,467,467,467,467,467,467,467,467,467,467,467,467,467,467,467,467,467,467,467,467,467,467,467,
size:25
[agent] id:27
path:477,476,475,474,473,472,507,542,577,612,611,610,609,608,607,606,605,604,603,602,601,636,671,670,669,668,703,702,702,702,702,702,702,702,702,702,702,702,702,702,702,702,702,702,
goal:702,702,702,702,702,702,702,702,702,702,702,702,702,702,702,702,702,702,702,702,702,702,702,702,702,702,702,702,702,702,702,702,702,702,702,702,702,702,702,702,702,702,702,702,
size:27
[agent] id:28
path:713,678,679,680,681,682,647,612,613,578,543,544,545,546,547,548,549,550,551,552,553,518,483,448,413,378,379,379,379,379,379,379,379,379,379,379,379,379,379,379,379,379,379,379,
goal:379,379,379,379,379,379,379,379,379,379,379,379,379,379,379,379,379,379,379,379,379,379,379,379,379,379,379,379,379,379,379,379,379,379,379,379,379,379,379,379,379,379,379,379,
size:26
[agent] id:29
path:569,534,533,532,531,496,461,426,391,356,321,286,251,252,253,254,254,254,254,254,254,254,254,254,254,254,254,254,254,254,254,254,254,254,254,254,254,254,254,254,254,254,254,254,
goal:254,254,254,254,254,254,254,254,254,254,254,254,254,254,254,254,254,254,254,254,254,254,254,254,254,254,254,254,254,254,254,254,254,254,254,254,254,254,254,254,254,254,254,254,
size:15
SolutionCost:569
