[setting] seed:51
[solver] type:ECBS
[solver] w:2.000000
[solver] ID:0
[solver] Lowlevelnode:15599
[solver] ConflictCount:13
[solver] solved:1
[solver] elapsed:99
[solver] makespan:51
[problem] timesteplimit:10000
[problem] type:MAPF
[problem] agentnum:30
[graph] width:35
[graph] height:21
[graph] filename:./map/warehouse_middle.map
[task] id:12,start:0,end:0,service time:0,nodes:609,
[task] id:1,start:0,end:0,service time:0,nodes:660,
[task] id:13,start:0,end:0,service time:0,nodes:49,
[task] id:14,start:0,end:0,service time:0,nodes:534,
[task] id:4,start:0,end:0,service time:0,nodes:381,
[task] id:8,start:0,end:0,service time:0,nodes:330,
[task] id:16,start:0,end:0,service time:0,nodes:554,
[task] id:2,start:0,end:0,service time:0,nodes:571,
[task] id:3,start:0,end:0,service time:0,nodes:259,
[task] id:15,start:0,end:0,service time:0,nodes:474,
[task] id:23,start:0,end:0,service time:0,nodes:487,
[task] id:9,start:0,end:0,service time:0,nodes:684,
[task] id:27,start:0,end:0,service time:0,nodes:632,
[task] id:10,start:0,end:0,service time:0,nodes:126,
[task] id:29,start:0,end:0,service time:0,nodes:34,
[task] id:7,start:0,end:0,service time:0,nodes:733,
[task] id:17,start:0,end:0,service time:0,nodes:608,
[task] id:0,start:0,end:0,service time:0,nodes:152,
[task] id:19,start:0,end:0,service time:0,nodes:572,
[task] id:5,start:0,end:0,service time:0,nodes:701,
[task] id:18,start:0,end:0,service time:0,nodes:274,
[task] id:21,start:0,end:0,service time:0,nodes:324,
[task] id:28,start:0,end:0,service time:0,nodes:562,
[task] id:26,start:0,end:0,service time:0,nodes:485,
[task] id:11,start:0,end:0,service time:0,nodes:288,
[task] id:22,start:0,end:0,service time:0,nodes:23,
[task] id:25,start:0,end:0,service time:0,nodes:689,
[task] id:20,start:0,end:0,service time:0,nodes:667,
[task] id:6,start:0,end:0,service time:0,nodes:673,
[task] id:24,start:0,end:0,service time:0,nodes:734,
[agent] id:0
path:562,527,492,457,422,387,352,317,282,247,212,177,142,143,144,145,146,147,148,149,150,151,152,152,152,152,152,152,152,152,152,152,152,152,152,152,152,152,152,152,152,152,152,152,152,152,152,152,152,152,152,152,
goal:152,152,152,152,152,152,152,152,152,152,152,152,152,152,152,152,152,152,152,152,152,152,152,152,152,152,152,152,152,152,152,152,152,152,152,152,152,152,152,152,152,152,152,152,152,152,152,152,152,152,152,152,
size:22
[agent] id:1
path:619,620,621,622,623,658,659,660,660,660,660,660,660,660,660,660,660,660,660,660,660,660,660,660,660,660,660,660,660,660,660,660,660,660,660,660,660,660,660,660,660,660,660,660,660,660,660,660,660,660,660,660,
goal:660,660,660,660,660,660,660,660,660,660,660,660,660,660,660,660,660,660,660,660,660,660,660,660,660,660,660,660,660,660,660,660,660,660,660,660,660,660,660,660,660,660,660,660,660,660,660,660,660,660,660,660,
size:7
[agent] id:2
path:546,581,580,579,578,577,576,575,574,573,572,571,571,571,571,571,571,571,571,571,571,571,571,571,571,571,571,571,571,571,571,571,571,571,571,571,571,571,571,571,571,571,571,571,571,571,571,571,571,571,571,571,
goal:571,571,571,571,571,571,571,571,571,571,571,571,571,571,571,571,571,571,571,571,571,571,571,571,571,571,571,571,571,571,571,571,571,571,571,571,571,571,571,571,571,571,571,571,571,571,571,571,571,571,571,571,
size:11
[agent] id:3
path:147,182,181,216,251,252,253,254,255,256,257,258,259,259,259,259,259,259,259,259,259,259,259,259,259,259,259,259,259,259,259,259,259,259,259,259,259,259,259,259,259,259,259,259,259,259,259,259,259,259,259,259,
goal:259,259,259,259,259,259,259,259,259,259,259,259,259,259,259,259,259,259,259,259,259,259,259,259,259,259,259,259,259,259,259,259,259,259,259,259,259,259,259,259,259,259,259,259,259,259,259,259,259,259,259,259,
size:12
[agent] id:4
path:480,445,410,411,412,413,378,379,380,381,381,381,381,381,381,381,381,381,381,381,381,381,381,381,381,381,381,381,381,381,381,381,381,381,381,381,381,381,381,381,381,381,381,381,381,381,381,381,381,381,381,381,
goal:381,381,381,381,381,381,381,381,381,381,381,381,381,381,381,381,381,381,381,381,381,381,381,381,381,381,381,381,381,381,381,381,381,381,381,381,381,381,381,381,381,381,381,381,381,381,381,381,381,381,381,381,
size:9
[agent] id:5
path:111,146,145,180,215,250,285,320,355,390,425,460,495,530,565,600,635,670,669,669,668,667,702,701,701,701,701,701,701,701,701,701,701,701,701,701,701,701,701,701,701,701,701,701,701,701,701,701,701,701,701,701,
goal:701,701,701,701,701,701,701,701,701,701,701,701,701,701,701,701,701,701,701,701,701,701,701,701,701,701,701,701,701,701,701,701,701,701,701,701,701,701,701,701,701,701,701,701,701,701,701,701,701,701,701,701,
size:23
[agent] id:6
path:174,209,244,279,314,349,384,419,454,489,524,559,594,629,628,627,626,625,624,623,622,621,620,619,618,617,616,615,614,613,612,647,682,681,680,679,678,677,676,675,674,673,673,673,673,673,673,673,673,673,673,673,
goal:673,673,673,673,673,673,673,673,673,673,673,673,673,673,673,673,673,673,673,673,673,673,673,673,673,673,673,673,673,673,673,673,673,673,673,673,673,673,673,673,673,673,673,673,673,673,673,673,673,673,673,673,
size:41
[agent] id:7
path:612,647,682,717,718,719,720,721,722,723,724,725,726,727,728,729,730,731,732,733,733,733,733,733,733,733,733,733,733,733,733,733,733,733,733,733,733,733,733,733,733,733,733,733,733,733,733,733,733,733,733,733,
goal:733,733,733,733,733,733,733,733,733,733,733,733,733,733,733,733,733,733,733,733,733,733,733,733,733,733,733,733,733,733,733,733,733,733,733,733,733,733,733,733,733,733,733,733,733,733,733,733,733,733,733,733,
size:19
[agent] id:8
path:196,195,194,193,192,227,262,297,332,331,330,330,330,330,330,330,330,330,330,330,330,330,330,330,330,330,330,330,330,330,330,330,330,330,330,330,330,330,330,330,330,330,330,330,330,330,330,330,330,330,330,330,
goal:330,330,330,330,330,330,330,330,330,330,330,330,330,330,330,330,330,330,330,330,330,330,330,330,330,330,330,330,330,330,330,330,330,330,330,330,330,330,330,330,330,330,330,330,330,330,330,330,330,330,330,330,
size:10
[agent] id:9
path:398,433,468,469,470,471,472,507,542,577,612,647,682,683,684,684,684,684,684,684,684,684,684,684,684,684,684,684,684,684,684,684,684,684,684,684,684,684,684,684,684,684,684,684,684,684,684,684,684,684,684,684,
goal:684,684,684,684,684,684,684,684,684,684,684,684,684,684,684,684,684,684,684,684,684,684,684,684,684,684,684,684,684,684,684,684,684,684,684,684,684,684,684,684,684,684,684,684,684,684,684,684,684,684,684,684,
size:14
[agent] id:10
path:289,254,255,256,257,258,259,260,261,262,227,192,157,122,123,124,125,126,126,126,126,126,126,126,126,126,126,126,126,126,126,126,126,126,126,126,126,126,126,126,126,126,126,126,126,126,126,126,126,126,126,126,
goal:126,126,126,126,126,126,126,126,126,126,126,126,126,126,126,126,126,126,126,126,126,126,126,126,126,126,126,126,126,126,126,126,126,126,126,126,126,126,126,126,126,126,126,126,126,126,126,126,126,126,126,126,
size:17
[agent] id:11
path:32,67,102,137,172,207,242,277,312,311,310,309,308,307,306,305,304,303,302,301,300,299,298,297,296,295,294,293,292,291,290,289,288,288,288,288,288,288,288,288,288,288,288,288,288,288,288,288,288,288,288,288,
goal:288,288,288,288,288,288,288,288,288,288,288,288,288,288,288,288,288,288,288,288,288,288,288,288,288,288,288,288,288,288,288,288,288,288,288,288,288,288,288,288,288,288,288,288,288,288,288,288,288,288,288,288,
size:32
[agent] id:12
path:540,575,610,609,609,609,609,609,609,609,609,609,609,609,609,609,609,609,609,609,609,609,609,609,609,609,609,609,609,609,609,609,609,609,609,609,609,609,609,609,609,609,609,609,609,609,609,609,609,609,609,609,
goal:609,609,609,609,609,609,609,609,609,609,609,609,609,609,609,609,609,609,609,609,609,609,609,609,609,609,609,609,609,609,609,609,609,609,609,609,609,609,609,609,609,609,609,609,609,609,609,609,609,609,609,609,
size:3
[agent] id:13
path:124,123,122,87,52,51,50,49,49,49,49,49,49,49,49,49,49,49,49,49,49,49,49,49,49,49,49,49,49,49,49,49,49,49,49,49,49,49,49,49,49,49,49,49,49,49,49,49,49,49,49,49,
goal:49,49,49,49,49,49,49,49,49,49,49,49,49,49,49,49,49,49,49,49,49,49,49,49,49,49,49,49,49,49,49,49,49,49,49,49,49,49,49,49,49,49,49,49,49,49,49,49,49,49,49,49,
size:7
[agent] id:14
path:541,540,539,538,537,536,535,534,534,534,534,534,534,534,534,534,534,534,534,534,534,534,534,534,534,534,534,534,534,534,534,534,534,534,534,534,534,534,534,534,534,534,534,534,534,534,534,534,534,534,534,534,
goal:534,534,534,534,534,534,534,534,534,534,534,534,534,534,534,534,534,534,534,534,534,534,534,534,534,534,534,534,534,534,534,534,534,534,534,534,534,534,534,534,534,534,534,534,534,534,534,534,534,534,534,534,
size:7
[agent] id:15
path:190,191,192,227,262,297,332,367,402,437,472,473,474,474,474,474,474,474,474,474,474,474,474,474,474,474,474,474,474,474,474,474,474,474,474,474,474,474,474,474,474,474,474,474,474,474,474,474,474,474,474,474,
goal:474,474,474,474,474,474,474,474,474,474,474,474,474,474,474,474,474,474,474,474,474,474,474,474,474,474,474,474,474,474,474,474,474,474,474,474,474,474,474,474,474,474,474,474,474,474,474,474,474,474,474,474,
size:12
[agent] id:16
path:276,311,346,381,416,451,486,521,556,555,554,554,554,554,554,554,554,554,554,554,554,554,554,554,554,554,554,554,554,554,554,554,554,554,554,554,554,554,554,554,554,554,554,554,554,554,554,554,554,554,554,554,
goal:554,554,554,554,554,554,554,554,554,554,554,554,554,554,554,554,554,554,554,554,554,554,554,554,554,554,554,554,554,554,554,554,554,554,554,554,554,554,554,554,554,554,554,554,554,554,554,554,554,554,554,554,
size:10
[agent] id:17
path:187,188,189,190,191,192,227,262,297,332,367,402,437,472,507,542,577,576,575,574,573,608,608,608,608,608,608,608,608,608,608,608,608,608,608,608,608,608,608,608,608,608,608,608,608,608,608,608,608,608,608,608,
goal:608,608,608,608,608,608,608,608,608,608,608,608,608,608,608,608,608,608,608,608,608,608,608,608,608,608,608,608,608,608,608,608,608,608,608,608,608,608,608,608,608,608,608,608,608,608,608,608,608,608,608,608,
size:21
[agent] id:18
path:395,396,397,398,399,400,401,402,403,404,405,406,407,408,409,410,411,412,413,378,343,308,273,274,274,274,274,274,274,274,274,274,274,274,274,274,274,274,274,274,274,274,274,274,274,274,274,274,274,274,274,274,
goal:274,274,274,274,274,274,274,274,274,274,274,274,274,274,274,274,274,274,274,274,274,274,274,274,274,274,274,274,274,274,274,274,274,274,274,274,274,274,274,274,274,274,274,274,274,274,274,274,274,274,274,274,
size:23
[agent] id:19
path:152,187,188,189,190,191,192,227,262,297,332,367,402,437,472,507,542,577,576,575,574,573,572,572,572,572,572,572,572,572,572,572,572,572,572,572,572,572,572,572,572,572,572,572,572,572,572,572,572,572,572,572,
goal:572,572,572,572,572,572,572,572,572,572,572,572,572,572,572,572,572,572,572,572,572,572,572,572,572,572,572,572,572,572,572,572,572,572,572,572,572,572,572,572,572,572,572,572,572,572,572,572,572,572,572,572,
size:22
[agent] id:20
path:485,520,555,590,625,624,623,622,621,620,619,618,617,616,615,614,613,613,612,647,682,681,680,679,678,677,676,675,674,673,672,671,670,669,668,667,667,667,667,667,667,667,667,667,667,667,667,667,667,667,667,667,
goal:667,667,667,667,667,667,667,667,667,667,667,667,667,667,667,667,667,667,667,667,667,667,667,667,667,667,667,667,667,667,667,667,667,667,667,667,667,667,667,667,667,667,667,667,667,667,667,667,667,667,667,667,
size:35
[agent] id:21
path:585,550,549,548,547,546,545,544,543,542,507,472,473,438,403,402,367,332,331,296,295,294,329,328,327,326,325,324,324,324,324,324,324,324,324,324,324,324,324,324,324,324,324,324,324,324,324,324,324,324,324,324,
goal:324,324,324,324,324,324,324,324,324,324,324,324,324,324,324,324,324,324,324,324,324,324,324,324,324,324,324,324,324,324,324,324,324,324,324,324,324,324,324,324,324,324,324,324,324,324,324,324,324,324,324,324,
size:27
[agent] id:22
path:458,423,388,353,354,319,284,249,214,179,144,109,74,39,4,5,6,7,8,9,10,11,12,13,14,15,16,17,18,19,20,21,22,23,23,23,23,23,23,23,23,23,23,23,23,23,23,23,23,23,23,23,
goal:23,23,23,23,23,23,23,23,23,23,23,23,23,23,23,23,23,23,23,23,23,23,23,23,23,23,23,23,23,23,23,23,23,23,23,23,23,23,23,23,23,23,23,23,23,23,23,23,23,23,23,23,
size:33
[agent] id:23
path:66,101,136,171,206,241,276,311,346,347,382,417,452,487,487,487,487,487,487,487,487,487,487,487,487,487,487,487,487,487,487,487,487,487,487,487,487,487,487,487,487,487,487,487,487,487,487,487,487,487,487,487,
goal:487,487,487,487,487,487,487,487,487,487,487,487,487,487,487,487,487,487,487,487,487,487,487,487,487,487,487,487,487,487,487,487,487,487,487,487,487,487,487,487,487,487,487,487,487,487,487,487,487,487,487,487,
size:13
[agent] id:24
path:3,38,73,108,143,178,213,248,283,318,353,388,423,458,459,460,461,462,463,464,465,466,467,468,469,470,471,472,507,542,577,612,613,614,615,616,617,618,619,620,621,622,623,658,693,694,695,696,697,698,699,734,
goal:734,734,734,734,734,734,734,734,734,734,734,734,734,734,734,734,734,734,734,734,734,734,734,734,734,734,734,734,734,734,734,734,734,734,734,734,734,734,734,734,734,734,734,734,734,734,734,734,734,734,734,734,
size:51
[agent] id:25
path:288,323,322,321,356,391,426,461,496,531,566,601,636,671,672,673,674,675,676,677,678,679,714,715,716,717,718,719,720,721,686,687,688,689,689,689,689,689,689,689,689,689,689,689,689,689,689,689,689,689,689,689,
goal:689,689,689,689,689,689,689,689,689,689,689,689,689,689,689,689,689,689,689,689,689,689,689,689,689,689,689,689,689,689,689,689,689,689,689,689,689,689,689,689,689,689,689,689,689,689,689,689,689,689,689,689,
size:33
[agent] id:26
path:182,183,184,185,186,187,188,189,190,191,192,193,194,195,196,197,198,199,200,201,202,203,238,273,308,343,378,413,448,483,484,485,485,485,485,485,485,485,485,485,485,485,485,485,485,485,485,485,485,485,485,485,
goal:485,485,485,485,485,485,485,485,485,485,485,485,485,485,485,485,485,485,485,485,485,485,485,485,485,485,485,485,485,485,485,485,485,485,485,485,485,485,485,485,485,485,485,485,485,485,485,485,485,485,485,485,
size:31
[agent] id:27
path:178,213,248,283,318,353,388,423,458,493,528,563,598,633,632,632,632,632,632,632,632,632,632,632,632,632,632,632,632,632,632,632,632,632,632,632,632,632,632,632,632,632,632,632,632,632,632,632,632,632,632,632,
goal:632,632,632,632,632,632,632,632,632,632,632,632,632,632,632,632,632,632,632,632,632,632,632,632,632,632,632,632,632,632,632,632,632,632,632,632,632,632,632,632,632,632,632,632,632,632,632,632,632,632,632,632,
size:14
[agent] id:28
path:520,555,554,553,552,551,550,549,548,547,546,545,544,543,542,541,540,539,538,537,536,535,570,569,568,567,566,565,564,563,562,562,562,562,562,562,562,562,562,562,562,562,562,562,562,562,562,562,562,562,562,562,
goal:562,562,562,562,562,562,562,562,562,562,562,562,562,562,562,562,562,562,562,562,562,562,562,562,562,562,562,562,562,562,562,562,562,562,562,562,562,562,562,562,562,562,562,562,562,562,562,562,562,562,562,562,
size:30
[agent] id:29
path:160,125,126,127,128,129,130,131,132,133,98,63,28,29,30,31,32,33,34,34,34,34,34,34,34,34,34,34,34,34,34,34,34,34,34,34,34,34,34,34,34,34,34,34,34,34,34,34,34,34,34,34,
goal:34,34,34,34,34,34,34,34,34,34,34,34,34,34,34,34,34,34,34,34,34,34,34,34,34,34,34,34,34,34,34,34,34,34,34,34,34,34,34,34,34,34,34,34,34,34,34,34,34,34,34,34,
size:18
SolutionCost:607
