[setting] seed:62
[solver] type:ECBS
[solver] w:2.000000
[solver] ID:0
[solver] Lowlevelnode:6474
[solver] ConflictCount:18
[solver] solved:1
[solver] elapsed:33
[solver] makespan:40
[problem] timesteplimit:10000
[problem] type:MAPF
[problem] agentnum:30
[graph] width:35
[graph] height:21
[graph] filename:./map/warehouse_middle.map
[task] id:7,start:0,end:0,service time:0,nodes:542,
[task] id:22,start:0,end:0,service time:0,nodes:441,
[task] id:26,start:0,end:0,service time:0,nodes:111,
[task] id:0,start:0,end:0,service time:0,nodes:407,
[task] id:30,start:0,end:0,service time:0,nodes:542,
[task] id:15,start:0,end:0,service time:0,nodes:25,
[task] id:24,start:0,end:0,service time:0,nodes:67,
[task] id:29,start:0,end:0,service time:0,nodes:23,
[task] id:3,start:0,end:0,service time:0,nodes:15,
[task] id:6,start:0,end:0,service time:0,nodes:408,
[task] id:19,start:0,end:0,service time:0,nodes:140,
[task] id:21,start:0,end:0,service time:0,nodes:492,
[task] id:28,start:0,end:0,service time:0,nodes:465,
[task] id:12,start:0,end:0,service time:0,nodes:604,
[task] id:25,start:0,end:0,service time:0,nodes:263,
[task] id:5,start:0,end:0,service time:0,nodes:162,
[task] id:20,start:0,end:0,service time:0,nodes:425,
[task] id:27,start:0,end:0,service time:0,nodes:402,
[task] id:11,start:0,end:0,service time:0,nodes:464,
[task] id:23,start:0,end:0,service time:0,nodes:195,
[task] id:8,start:0,end:0,service time:0,nodes:168,
[task] id:1,start:0,end:0,service time:0,nodes:98,
[task] id:16,start:0,end:0,service time:0,nodes:144,
[task] id:9,start:0,end:0,service time:0,nodes:102,
[task] id:4,start:0,end:0,service time:0,nodes:389,
[task] id:14,start:0,end:0,service time:0,nodes:46,
[task] id:18,start:0,end:0,service time:0,nodes:720,
[task] id:10,start:0,end:0,service time:0,nodes:534,
[task] id:13,start:0,end:0,service time:0,nodes:33,
[task] id:17,start:0,end:0,service time:0,nodes:314,
[task] id:2,start:0,end:0,service time:0,nodes:589,
[agent] id:0
path:470,471,471,436,437,438,403,404,405,406,407,407,407,407,407,407,407,407,407,407,407,407,407,407,407,407,407,407,407,407,407,407,407,407,407,407,407,407,407,407,407,
goal:407,407,407,407,407,407,407,407,407,407,407,407,407,407,407,407,407,407,407,407,407,407,407,407,407,407,407,407,407,407,407,407,407,407,407,407,407,407,407,407,407,
size:10
[agent] id:1
path:39,40,41,42,43,44,45,46,47,48,49,50,51,52,53,54,55,56,57,58,59,60,61,62,63,98,98,98,98,98,98,98,98,98,98,98,98,98,98,98,98,
goal:98,98,98,98,98,98,98,98,98,98,98,98,98,98,98,98,98,98,98,98,98,98,98,98,98,98,98,98,98,98,98,98,98,98,98,98,98,98,98,98,98,
size:25
[agent] id:2
path:141,176,211,246,281,316,351,386,421,456,491,526,561,562,563,564,565,566,567,568,569,570,571,572,573,574,575,576,577,578,579,580,581,582,583,584,585,586,587,588,589,
goal:589,589,589,589,589,589,589,589,589,589,589,589,589,589,589,589,589,589,589,589,589,589,589,589,589,589,589,589,589,589,589,589,589,589,589,589,589,589,589,589,589,
size:40
[agent] id:3
path:302,267,266,265,264,263,262,227,192,157,122,87,52,17,16,15,15,15,15,15,15,15,15,15,15,15,15,15,15,15,15,15,15,15,15,15,15,15,15,15,15,
goal:15,15,15,15,15,15,15,15,15,15,15,15,15,15,15,15,15,15,15,15,15,15,15,15,15,15,15,15,15,15,15,15,15,15,15,15,15,15,15,15,15,
size:15
[agent] id:4
path:621,586,585,584,583,582,581,580,579,578,577,576,541,540,539,538,537,536,535,534,533,532,531,496,461,426,391,390,389,389,389,389,389,389,389,389,389,389,389,389,389,
goal:389,389,389,389,389,389,389,389,389,389,389,389,389,389,389,389,389,389,389,389,389,389,389,389,389,389,389,389,389,389,389,389,389,389,389,389,389,389,389,389,389,
size:28
[agent] id:5
path:42,41,76,111,112,113,114,115,116,117,118,119,120,121,122,157,158,159,160,161,162,162,162,162,162,162,162,162,162,162,162,162,162,162,162,162,162,162,162,162,162,
goal:162,162,162,162,162,162,162,162,162,162,162,162,162,162,162,162,162,162,162,162,162,162,162,162,162,162,162,162,162,162,162,162,162,162,162,162,162,162,162,162,162,
size:20
[agent] id:6
path:542,507,472,471,436,401,402,403,404,405,440,475,476,477,442,443,408,408,408,408,408,408,408,408,408,408,408,408,408,408,408,408,408,408,408,408,408,408,408,408,408,
goal:408,408,408,408,408,408,408,408,408,408,408,408,408,408,408,408,408,408,408,408,408,408,408,408,408,408,408,408,408,408,408,408,408,408,408,408,408,408,408,408,408,
size:16
[agent] id:7
path:404,439,474,473,472,507,542,542,543,543,542,542,542,542,542,542,542,542,542,542,542,542,542,542,542,542,542,542,542,542,542,542,542,542,542,542,542,542,542,542,542,
goal:542,542,542,542,542,542,542,542,542,542,542,542,542,542,542,542,542,542,542,542,542,542,542,542,542,542,542,542,542,542,542,542,542,542,542,542,542,542,542,542,542,
size:10
[agent] id:8
path:182,183,184,185,186,187,188,189,190,191,191,192,193,158,159,160,161,162,163,164,165,166,167,168,168,168,168,168,168,168,168,168,168,168,168,168,168,168,168,168,168,
goal:168,168,168,168,168,168,168,168,168,168,168,168,168,168,168,168,168,168,168,168,168,168,168,168,168,168,168,168,168,168,168,168,168,168,168,168,168,168,168,168,168,
size:23
[agent] id:9
path:291,256,257,258,259,260,261,262,227,192,157,122,123,124,125,126,127,128,129,130,131,132,133,98,99,100,101,102,102,102,102,102,102,102,102,102,102,102,102,102,102,
goal:102,102,102,102,102,102,102,102,102,102,102,102,102,102,102,102,102,102,102,102,102,102,102,102,102,102,102,102,102,102,102,102,102,102,102,102,102,102,102,102,102,
size:27
[agent] id:10
path:164,199,198,197,196,195,194,193,193,193,192,227,262,297,332,331,330,329,328,327,326,325,324,323,322,321,356,391,426,461,496,531,532,533,534,534,534,534,534,534,534,
goal:534,534,534,534,534,534,534,534,534,534,534,534,534,534,534,534,534,534,534,534,534,534,534,534,534,534,534,534,534,534,534,534,534,534,534,534,534,534,534,534,534,
size:34
[agent] id:11
path:412,447,482,481,480,479,478,477,476,475,474,473,472,471,470,469,468,467,466,431,430,429,464,464,464,464,464,464,464,464,464,464,464,464,464,464,464,464,464,464,464,
goal:464,464,464,464,464,464,464,464,464,464,464,464,464,464,464,464,464,464,464,464,464,464,464,464,464,464,464,464,464,464,464,464,464,464,464,464,464,464,464,464,464,
size:22
[agent] id:12
path:262,297,332,367,402,437,472,507,542,577,612,611,610,609,608,607,606,605,604,604,604,604,604,604,604,604,604,604,604,604,604,604,604,604,604,604,604,604,604,604,604,
goal:604,604,604,604,604,604,604,604,604,604,604,604,604,604,604,604,604,604,604,604,604,604,604,604,604,604,604,604,604,604,604,604,604,604,604,604,604,604,604,604,604,
size:18
[agent] id:13
path:433,398,399,400,401,402,437,438,439,440,475,476,477,442,443,444,409,410,411,412,413,378,343,308,273,238,203,204,169,134,99,64,29,30,31,32,33,33,33,33,33,
goal:33,33,33,33,33,33,33,33,33,33,33,33,33,33,33,33,33,33,33,33,33,33,33,33,33,33,33,33,33,33,33,33,33,33,33,33,33,33,33,33,33,
size:36
[agent] id:14
path:483,448,413,378,343,308,273,272,271,270,269,268,267,266,265,264,263,263,262,227,192,157,122,87,52,51,50,49,48,47,46,46,46,46,46,46,46,46,46,46,46,
goal:46,46,46,46,46,46,46,46,46,46,46,46,46,46,46,46,46,46,46,46,46,46,46,46,46,46,46,46,46,46,46,46,46,46,46,46,46,46,46,46,46,
size:30
[agent] id:15
path:123,122,87,52,17,18,19,20,21,22,23,24,25,25,25,25,25,25,25,25,25,25,25,25,25,25,25,25,25,25,25,25,25,25,25,25,25,25,25,25,25,
goal:25,25,25,25,25,25,25,25,25,25,25,25,25,25,25,25,25,25,25,25,25,25,25,25,25,25,25,25,25,25,25,25,25,25,25,25,25,25,25,25,25,
size:12
[agent] id:16
path:203,168,167,166,165,164,163,162,161,160,159,158,157,156,155,154,153,152,151,150,149,148,147,146,145,144,144,144,144,144,144,144,144,144,144,144,144,144,144,144,144,
goal:144,144,144,144,144,144,144,144,144,144,144,144,144,144,144,144,144,144,144,144,144,144,144,144,144,144,144,144,144,144,144,144,144,144,144,144,144,144,144,144,144,
size:25
[agent] id:17
path:142,177,212,247,282,283,284,285,286,287,288,289,290,291,292,293,294,295,296,297,298,299,300,301,302,303,304,305,306,307,308,309,310,311,312,313,314,314,314,314,314,
goal:314,314,314,314,314,314,314,314,314,314,314,314,314,314,314,314,314,314,314,314,314,314,314,314,314,314,314,314,314,314,314,314,314,314,314,314,314,314,314,314,314,
size:36
[agent] id:18
path:161,162,163,164,199,200,201,202,202,203,238,273,308,343,378,413,448,483,518,553,588,623,658,693,728,727,726,725,724,723,722,721,720,720,720,720,720,720,720,720,720,
goal:720,720,720,720,720,720,720,720,720,720,720,720,720,720,720,720,720,720,720,720,720,720,720,720,720,720,720,720,720,720,720,720,720,720,720,720,720,720,720,720,720,
size:32
[agent] id:19
path:632,597,562,527,492,457,422,387,352,317,282,247,212,177,142,141,140,140,140,140,140,140,140,140,140,140,140,140,140,140,140,140,140,140,140,140,140,140,140,140,140,
goal:140,140,140,140,140,140,140,140,140,140,140,140,140,140,140,140,140,140,140,140,140,140,140,140,140,140,140,140,140,140,140,140,140,140,140,140,140,140,140,140,140,
size:16
[agent] id:20
path:158,193,192,227,262,297,332,367,402,437,436,435,434,433,432,431,430,429,428,427,426,425,425,425,425,425,425,425,425,425,425,425,425,425,425,425,425,425,425,425,425,
goal:425,425,425,425,425,425,425,425,425,425,425,425,425,425,425,425,425,425,425,425,425,425,425,425,425,425,425,425,425,425,425,425,425,425,425,425,425,425,425,425,425,
size:21
[agent] id:21
path:76,111,146,181,180,215,250,249,284,319,354,389,424,459,494,493,492,492,492,492,492,492,492,492,492,492,492,492,492,492,492,492,492,492,492,492,492,492,492,492,492,
goal:492,492,492,492,492,492,492,492,492,492,492,492,492,492,492,492,492,492,492,492,492,492,492,492,492,492,492,492,492,492,492,492,492,492,492,492,492,492,492,492,492,
size:16
[agent] id:22
path:400,435,436,437,438,439,440,441,441,441,441,441,441,441,441,441,441,441,441,441,441,441,441,441,441,441,441,441,441,441,441,441,441,441,441,441,441,441,441,441,441,
goal:441,441,441,441,441,441,441,441,441,441,441,441,441,441,441,441,441,441,441,441,441,441,441,441,441,441,441,441,441,441,441,441,441,441,441,441,441,441,441,441,441,
size:7
[agent] id:23
path:473,438,437,472,471,436,401,402,403,403,402,401,401,402,367,332,297,262,227,192,193,194,195,195,195,195,195,195,195,195,195,195,195,195,195,195,195,195,195,195,195,
goal:195,195,195,195,195,195,195,195,195,195,195,195,195,195,195,195,195,195,195,195,195,195,195,195,195,195,195,195,195,195,195,195,195,195,195,195,195,195,195,195,195,
size:22
[agent] id:24
path:198,163,128,129,130,131,132,133,98,63,64,65,66,67,67,67,67,67,67,67,67,67,67,67,67,67,67,67,67,67,67,67,67,67,67,67,67,67,67,67,67,
goal:67,67,67,67,67,67,67,67,67,67,67,67,67,67,67,67,67,67,67,67,67,67,67,67,67,67,67,67,67,67,67,67,67,67,67,67,67,67,67,67,67,
size:13
[agent] id:25
path:485,450,415,380,345,310,275,274,273,272,271,270,269,268,267,266,265,264,263,263,263,263,263,263,263,263,263,263,263,263,263,263,263,263,263,263,263,263,263,263,263,
goal:263,263,263,263,263,263,263,263,263,263,263,263,263,263,263,263,263,263,263,263,263,263,263,263,263,263,263,263,263,263,263,263,263,263,263,263,263,263,263,263,263,
size:18
[agent] id:26
path:288,253,252,251,216,181,146,111,111,111,111,111,111,111,111,111,111,111,111,111,111,111,111,111,111,111,111,111,111,111,111,111,111,111,111,111,111,111,111,111,111,
goal:111,111,111,111,111,111,111,111,111,111,111,111,111,111,111,111,111,111,111,111,111,111,111,111,111,111,111,111,111,111,111,111,111,111,111,111,111,111,111,111,111,
size:7
[agent] id:27
path:171,206,241,276,311,346,345,344,343,342,341,340,339,338,337,336,335,334,333,332,367,402,402,402,402,402,402,402,402,402,402,402,402,402,402,402,402,402,402,402,402,
goal:402,402,402,402,402,402,402,402,402,402,402,402,402,402,402,402,402,402,402,402,402,402,402,402,402,402,402,402,402,402,402,402,402,402,402,402,402,402,402,402,402,
size:21
[agent] id:28
path:610,575,540,539,538,537,536,535,534,533,532,531,496,461,462,463,464,465,465,465,465,465,465,465,465,465,465,465,465,465,465,465,465,465,465,465,465,465,465,465,465,
goal:465,465,465,465,465,465,465,465,465,465,465,465,465,465,465,465,465,465,465,465,465,465,465,465,465,465,465,465,465,465,465,465,465,465,465,465,465,465,465,465,465,
size:17
[agent] id:29
path:127,126,125,124,123,122,87,52,17,18,19,20,21,22,23,23,23,23,23,23,23,23,23,23,23,23,23,23,23,23,23,23,23,23,23,23,23,23,23,23,23,
goal:23,23,23,23,23,23,23,23,23,23,23,23,23,23,23,23,23,23,23,23,23,23,23,23,23,23,23,23,23,23,23,23,23,23,23,23,23,23,23,23,23,
size:14
SolutionCost:631
