[setting] seed:21
[solver] type:ECBS
[solver] w:2.000000
[solver] ID:0
[solver] Lowlevelnode:7086
[solver] ConflictCount:13
[solver] solved:1
[solver] elapsed:53
[solver] makespan:45
[problem] timesteplimit:10000
[problem] type:MAPF
[problem] agentnum:30
[graph] width:35
[graph] height:21
[graph] filename:./map/warehouse_middle.map
[task] id:17,start:0,end:0,service time:0,nodes:485,
[task] id:29,start:0,end:0,service time:0,nodes:284,
[task] id:5,start:0,end:0,service time:0,nodes:161,
[task] id:8,start:0,end:0,service time:0,nodes:390,
[task] id:24,start:0,end:0,service time:0,nodes:303,
[task] id:27,start:0,end:0,service time:0,nodes:600,
[task] id:0,start:0,end:0,service time:0,nodes:408,
[task] id:1,start:0,end:0,service time:0,nodes:315,
[task] id:21,start:0,end:0,service time:0,nodes:403,
[task] id:14,start:0,end:0,service time:0,nodes:396,
[task] id:16,start:0,end:0,service time:0,nodes:124,
[task] id:3,start:0,end:0,service time:0,nodes:292,
[task] id:18,start:0,end:0,service time:0,nodes:49,
[task] id:2,start:0,end:0,service time:0,nodes:667,
[task] id:7,start:0,end:0,service time:0,nodes:215,
[task] id:22,start:0,end:0,service time:0,nodes:492,
[task] id:15,start:0,end:0,service time:0,nodes:460,
[task] id:4,start:0,end:0,service time:0,nodes:116,
[task] id:11,start:0,end:0,service time:0,nodes:463,
[task] id:12,start:0,end:0,service time:0,nodes:532,
[task] id:26,start:0,end:0,service time:0,nodes:597,
[task] id:10,start:0,end:0,service time:0,nodes:42,
[task] id:6,start:0,end:0,service time:0,nodes:110,
[task] id:25,start:0,end:0,service time:0,nodes:249,
[task] id:19,start:0,end:0,service time:0,nodes:599,
[task] id:20,start:0,end:0,service time:0,nodes:46,
[task] id:9,start:0,end:0,service time:0,nodes:530,
[task] id:13,start:0,end:0,service time:0,nodes:251,
[task] id:28,start:0,end:0,service time:0,nodes:733,
[task] id:23,start:0,end:0,service time:0,nodes:595,
[agent] id:0
path:545,544,543,542,507,472,437,438,439,440,441,442,407,408,408,408,408,408,408,408,408,408,408,408,408,408,408,408,408,408,408,408,408,408,408,408,408,408,408,408,408,408,408,408,408,408,
goal:408,408,408,408,408,408,408,408,408,408,408,408,408,408,408,408,408,408,408,408,408,408,408,408,408,408,408,408,408,408,408,408,408,408,408,408,408,408,408,408,408,408,408,408,408,408,
size:13
[agent] id:1
path:294,329,328,327,326,325,324,323,322,321,320,319,318,317,316,315,315,315,315,315,315,315,315,315,315,315,315,315,315,315,315,315,315,315,315,315,315,315,315,315,315,315,315,315,315,315,
goal:315,315,315,315,315,315,315,315,315,315,315,315,315,315,315,315,315,315,315,315,315,315,315,315,315,315,315,315,315,315,315,315,315,315,315,315,315,315,315,315,315,315,315,315,315,315,
size:15
[agent] id:2
path:41,76,111,146,181,216,251,286,321,356,391,426,461,496,531,566,601,636,671,670,669,668,667,667,667,667,667,667,667,667,667,667,667,667,667,667,667,667,667,667,667,667,667,667,667,667,
goal:667,667,667,667,667,667,667,667,667,667,667,667,667,667,667,667,667,667,667,667,667,667,667,667,667,667,667,667,667,667,667,667,667,667,667,667,667,667,667,667,667,667,667,667,667,667,
size:22
[agent] id:3
path:23,58,57,56,55,54,53,52,87,122,157,192,227,262,297,296,295,294,293,292,292,292,292,292,292,292,292,292,292,292,292,292,292,292,292,292,292,292,292,292,292,292,292,292,292,292,
goal:292,292,292,292,292,292,292,292,292,292,292,292,292,292,292,292,292,292,292,292,292,292,292,292,292,292,292,292,292,292,292,292,292,292,292,292,292,292,292,292,292,292,292,292,292,292,
size:19
[agent] id:4
path:635,600,565,530,495,460,425,426,391,390,355,320,285,250,215,180,145,146,147,148,149,150,151,151,116,116,116,116,116,116,116,116,116,116,116,116,116,116,116,116,116,116,116,116,116,116,
goal:116,116,116,116,116,116,116,116,116,116,116,116,116,116,116,116,116,116,116,116,116,116,116,116,116,116,116,116,116,116,116,116,116,116,116,116,116,116,116,116,116,116,116,116,116,116,
size:24
[agent] id:5
path:239,204,169,168,167,166,165,164,163,162,161,161,161,161,161,161,161,161,161,161,161,161,161,161,161,161,161,161,161,161,161,161,161,161,161,161,161,161,161,161,161,161,161,161,161,161,
goal:161,161,161,161,161,161,161,161,161,161,161,161,161,161,161,161,161,161,161,161,161,161,161,161,161,161,161,161,161,161,161,161,161,161,161,161,161,161,161,161,161,161,161,161,161,161,
size:10
[agent] id:6
path:66,101,136,135,134,133,132,131,130,129,128,127,126,125,124,123,122,121,120,119,118,117,116,115,114,113,112,111,110,110,110,110,110,110,110,110,110,110,110,110,110,110,110,110,110,110,
goal:110,110,110,110,110,110,110,110,110,110,110,110,110,110,110,110,110,110,110,110,110,110,110,110,110,110,110,110,110,110,110,110,110,110,110,110,110,110,110,110,110,110,110,110,110,110,
size:28
[agent] id:7
path:475,440,405,404,403,402,367,332,297,262,261,260,259,258,257,256,255,254,253,252,251,216,215,215,215,215,215,215,215,215,215,215,215,215,215,215,215,215,215,215,215,215,215,215,215,215,
goal:215,215,215,215,215,215,215,215,215,215,215,215,215,215,215,215,215,215,215,215,215,215,215,215,215,215,215,215,215,215,215,215,215,215,215,215,215,215,215,215,215,215,215,215,215,215,
size:22
[agent] id:8
path:256,291,326,325,324,323,322,321,356,391,390,390,390,390,390,390,390,390,390,390,390,390,390,390,390,390,390,390,390,390,390,390,390,390,390,390,390,390,390,390,390,390,390,390,390,390,
goal:390,390,390,390,390,390,390,390,390,390,390,390,390,390,390,390,390,390,390,390,390,390,390,390,390,390,390,390,390,390,390,390,390,390,390,390,390,390,390,390,390,390,390,390,390,390,
size:10
[agent] id:9
path:384,419,454,453,452,451,450,449,448,447,446,445,444,443,442,441,440,439,438,437,436,435,434,433,432,431,430,429,428,427,462,461,496,531,530,530,530,530,530,530,530,530,530,530,530,530,
goal:530,530,530,530,530,530,530,530,530,530,530,530,530,530,530,530,530,530,530,530,530,530,530,530,530,530,530,530,530,530,530,530,530,530,530,530,530,530,530,530,530,530,530,530,530,530,
size:34
[agent] id:10
path:33,68,67,66,65,64,63,62,61,60,59,58,57,56,55,54,53,52,51,50,49,48,47,46,45,44,43,42,42,42,42,42,42,42,42,42,42,42,42,42,42,42,42,42,42,42,
goal:42,42,42,42,42,42,42,42,42,42,42,42,42,42,42,42,42,42,42,42,42,42,42,42,42,42,42,42,42,42,42,42,42,42,42,42,42,42,42,42,42,42,42,42,42,42,
size:27
[agent] id:11
path:164,199,198,197,196,195,194,193,192,227,262,297,332,367,402,437,472,471,470,469,468,467,466,465,464,463,463,463,463,463,463,463,463,463,463,463,463,463,463,463,463,463,463,463,463,463,
goal:463,463,463,463,463,463,463,463,463,463,463,463,463,463,463,463,463,463,463,463,463,463,463,463,463,463,463,463,463,463,463,463,463,463,463,463,463,463,463,463,463,463,463,463,463,463,
size:25
[agent] id:12
path:341,340,339,338,337,336,335,334,333,332,367,402,437,472,507,542,541,540,539,538,537,536,535,534,533,532,532,532,532,532,532,532,532,532,532,532,532,532,532,532,532,532,532,532,532,532,
goal:532,532,532,532,532,532,532,532,532,532,532,532,532,532,532,532,532,532,532,532,532,532,532,532,532,532,532,532,532,532,532,532,532,532,532,532,532,532,532,532,532,532,532,532,532,532,
size:25
[agent] id:13
path:734,699,664,629,594,559,524,489,454,419,384,349,314,279,278,277,276,275,274,273,272,271,270,269,268,267,266,265,264,263,262,261,260,259,258,257,256,255,254,253,252,251,251,251,251,251,
goal:251,251,251,251,251,251,251,251,251,251,251,251,251,251,251,251,251,251,251,251,251,251,251,251,251,251,251,251,251,251,251,251,251,251,251,251,251,251,251,251,251,251,251,251,251,251,
size:41
[agent] id:14
path:74,109,144,179,214,249,284,319,354,355,356,391,392,393,394,395,396,396,396,396,396,396,396,396,396,396,396,396,396,396,396,396,396,396,396,396,396,396,396,396,396,396,396,396,396,396,
goal:396,396,396,396,396,396,396,396,396,396,396,396,396,396,396,396,396,396,396,396,396,396,396,396,396,396,396,396,396,396,396,396,396,396,396,396,396,396,396,396,396,396,396,396,396,396,
size:16
[agent] id:15
path:15,50,49,48,47,46,45,44,43,42,41,76,111,146,181,216,251,286,321,356,391,426,461,460,460,460,460,460,460,460,460,460,460,460,460,460,460,460,460,460,460,460,460,460,460,460,
goal:460,460,460,460,460,460,460,460,460,460,460,460,460,460,460,460,460,460,460,460,460,460,460,460,460,460,460,460,460,460,460,460,460,460,460,460,460,460,460,460,460,460,460,460,460,460,
size:23
[agent] id:16
path:44,45,46,47,12,13,48,49,50,51,16,51,52,87,122,157,158,123,124,124,124,124,124,124,124,124,124,124,124,124,124,124,124,124,124,124,124,124,124,124,124,124,124,124,124,124,
goal:124,124,124,124,124,124,124,124,124,124,124,124,124,124,124,124,124,124,124,124,124,124,124,124,124,124,124,124,124,124,124,124,124,124,124,124,124,124,124,124,124,124,124,124,124,124,
size:18
[agent] id:17
path:551,552,553,518,483,484,485,485,485,485,485,485,485,485,485,485,485,485,485,485,485,485,485,485,485,485,485,485,485,485,485,485,485,485,485,485,485,485,485,485,485,485,485,485,485,485,
goal:485,485,485,485,485,485,485,485,485,485,485,485,485,485,485,485,485,485,485,485,485,485,485,485,485,485,485,485,485,485,485,485,485,485,485,485,485,485,485,485,485,485,485,485,485,485,
size:6
[agent] id:18
path:129,130,131,132,133,98,98,63,62,61,60,59,58,57,56,55,54,53,52,51,50,49,49,49,49,49,49,49,49,49,49,49,49,49,49,49,49,49,49,49,49,49,49,49,49,49,
goal:49,49,49,49,49,49,49,49,49,49,49,49,49,49,49,49,49,49,49,49,49,49,49,49,49,49,49,49,49,49,49,49,49,49,49,49,49,49,49,49,49,49,49,49,49,49,
size:21
[agent] id:19
path:627,626,625,624,623,622,621,620,619,618,617,616,615,614,613,612,611,610,609,608,607,606,605,604,603,602,601,636,635,634,599,599,599,599,599,599,599,599,599,599,599,599,599,599,599,599,
goal:599,599,599,599,599,599,599,599,599,599,599,599,599,599,599,599,599,599,599,599,599,599,599,599,599,599,599,599,599,599,599,599,599,599,599,599,599,599,599,599,599,599,599,599,599,599,
size:30
[agent] id:20
path:686,685,684,683,682,647,612,577,542,507,472,437,438,403,403,402,367,332,297,262,227,192,157,122,87,52,51,50,15,14,13,48,47,46,46,46,46,46,46,46,46,46,46,46,46,46,
goal:46,46,46,46,46,46,46,46,46,46,46,46,46,46,46,46,46,46,46,46,46,46,46,46,46,46,46,46,46,46,46,46,46,46,46,46,46,46,46,46,46,46,46,46,46,46,
size:33
[agent] id:21
path:382,417,416,415,414,413,412,411,410,409,408,407,406,405,404,403,403,403,403,403,403,403,403,403,403,403,403,403,403,403,403,403,403,403,403,403,403,403,403,403,403,403,403,403,403,403,
goal:403,403,403,403,403,403,403,403,403,403,403,403,403,403,403,403,403,403,403,403,403,403,403,403,403,403,403,403,403,403,403,403,403,403,403,403,403,403,403,403,403,403,403,403,403,403,
size:15
[agent] id:22
path:406,441,476,475,474,473,472,471,470,469,468,467,466,465,464,463,462,461,496,495,494,493,492,492,492,492,492,492,492,492,492,492,492,492,492,492,492,492,492,492,492,492,492,492,492,492,
goal:492,492,492,492,492,492,492,492,492,492,492,492,492,492,492,492,492,492,492,492,492,492,492,492,492,492,492,492,492,492,492,492,492,492,492,492,492,492,492,492,492,492,492,492,492,492,
size:22
[agent] id:23
path:100,135,170,205,240,275,310,345,380,415,450,449,484,519,554,589,588,587,586,585,584,583,582,581,580,579,578,577,576,575,574,573,572,571,570,569,568,567,566,565,564,563,562,561,596,595,
goal:595,595,595,595,595,595,595,595,595,595,595,595,595,595,595,595,595,595,595,595,595,595,595,595,595,595,595,595,595,595,595,595,595,595,595,595,595,595,595,595,595,595,595,595,595,595,
size:45
[agent] id:24
path:123,158,193,192,227,262,297,298,299,300,301,302,303,303,303,303,303,303,303,303,303,303,303,303,303,303,303,303,303,303,303,303,303,303,303,303,303,303,303,303,303,303,303,303,303,303,
goal:303,303,303,303,303,303,303,303,303,303,303,303,303,303,303,303,303,303,303,303,303,303,303,303,303,303,303,303,303,303,303,303,303,303,303,303,303,303,303,303,303,303,303,303,303,303,
size:12
[agent] id:25
path:59,24,23,22,21,20,19,18,17,16,15,14,13,48,47,46,45,44,43,42,41,76,111,146,181,216,251,250,249,249,249,249,249,249,249,249,249,249,249,249,249,249,249,249,249,249,
goal:249,249,249,249,249,249,249,249,249,249,249,249,249,249,249,249,249,249,249,249,249,249,249,249,249,249,249,249,249,249,249,249,249,249,249,249,249,249,249,249,249,249,249,249,249,249,
size:28
[agent] id:26
path:441,476,475,474,473,438,473,472,471,470,469,468,467,466,465,464,463,462,461,496,531,566,565,564,599,598,597,597,597,597,597,597,597,597,597,597,597,597,597,597,597,597,597,597,597,597,
goal:597,597,597,597,597,597,597,597,597,597,597,597,597,597,597,597,597,597,597,597,597,597,597,597,597,597,597,597,597,597,597,597,597,597,597,597,597,597,597,597,597,597,597,597,597,597,
size:26
[agent] id:27
path:180,215,250,285,320,355,390,425,460,495,530,565,600,600,600,600,600,600,600,600,600,600,600,600,600,600,600,600,600,600,600,600,600,600,600,600,600,600,600,600,600,600,600,600,600,600,
goal:600,600,600,600,600,600,600,600,600,600,600,600,600,600,600,600,600,600,600,600,600,600,600,600,600,600,600,600,600,600,600,600,600,600,600,600,600,600,600,600,600,600,600,600,600,600,
size:12
[agent] id:28
path:315,350,385,420,455,490,525,560,595,630,665,700,701,702,703,704,705,706,707,708,709,710,711,712,713,714,715,716,717,718,719,720,721,722,723,724,725,726,727,728,729,730,731,732,733,733,
goal:733,733,733,733,733,733,733,733,733,733,733,733,733,733,733,733,733,733,733,733,733,733,733,733,733,733,733,733,733,733,733,733,733,733,733,733,733,733,733,733,733,733,733,733,733,733,
size:44
[agent] id:29
path:420,385,386,351,316,281,282,283,284,284,284,284,284,284,284,284,284,284,284,284,284,284,284,284,284,284,284,284,284,284,284,284,284,284,284,284,284,284,284,284,284,284,284,284,284,284,
goal:284,284,284,284,284,284,284,284,284,284,284,284,284,284,284,284,284,284,284,284,284,284,284,284,284,284,284,284,284,284,284,284,284,284,284,284,284,284,284,284,284,284,284,284,284,284,
size:8
SolutionCost:674
