[setting] seed:61
[solver] type:ECBS
[solver] w:2.000000
[solver] ID:0
[solver] Lowlevelnode:7819
[solver] ConflictCount:16
[solver] solved:1
[solver] elapsed:49
[solver] makespan:48
[problem] timesteplimit:10000
[problem] type:MAPF
[problem] agentnum:30
[graph] width:35
[graph] height:21
[graph] filename:./map/warehouse_middle.map
[task] id:23,start:0,end:0,service time:0,nodes:72,
[task] id:29,start:0,end:0,service time:0,nodes:190,
[task] id:11,start:0,end:0,service time:0,nodes:413,
[task] id:18,start:0,end:0,service time:0,nodes:389,
[task] id:26,start:0,end:0,service time:0,nodes:518,
[task] id:21,start:0,end:0,service time:0,nodes:575,
[task] id:12,start:0,end:0,service time:0,nodes:62,
[task] id:7,start:0,end:0,service time:0,nodes:166,
[task] id:6,start:0,end:0,service time:0,nodes:541,
[task] id:15,start:0,end:0,service time:0,nodes:132,
[task] id:9,start:0,end:0,service time:0,nodes:325,
[task] id:10,start:0,end:0,service time:0,nodes:306,
[task] id:24,start:0,end:0,service time:0,nodes:608,
[task] id:1,start:0,end:0,service time:0,nodes:599,
[task] id:16,start:0,end:0,service time:0,nodes:199,
[task] id:2,start:0,end:0,service time:0,nodes:326,
[task] id:20,start:0,end:0,service time:0,nodes:126,
[task] id:4,start:0,end:0,service time:0,nodes:68,
[task] id:14,start:0,end:0,service time:0,nodes:709,
[task] id:19,start:0,end:0,service time:0,nodes:635,
[task] id:13,start:0,end:0,service time:0,nodes:677,
[task] id:17,start:0,end:0,service time:0,nodes:28,
[task] id:22,start:0,end:0,service time:0,nodes:522,
[task] id:28,start:0,end:0,service time:0,nodes:12,
[task] id:0,start:0,end:0,service time:0,nodes:721,
[task] id:25,start:0,end:0,service time:0,nodes:529,
[task] id:27,start:0,end:0,service time:0,nodes:171,
[task] id:8,start:0,end:0,service time:0,nodes:75,
[task] id:5,start:0,end:0,service time:0,nodes:386,
[task] id:3,start:0,end:0,service time:0,nodes:663,
[agent] id:0
path:158,193,192,227,262,263,298,333,333,332,333,333,332,367,367,332,331,332,367,402,437,472,507,542,577,612,647,682,717,718,719,720,721,721,721,721,721,721,721,721,721,721,721,721,721,721,721,721,721,
goal:721,721,721,721,721,721,721,721,721,721,721,721,721,721,721,721,721,721,721,721,721,721,721,721,721,721,721,721,721,721,721,721,721,721,721,721,721,721,721,721,721,721,721,721,721,721,721,721,721,
size:32
[agent] id:1
path:44,43,42,41,76,111,146,181,216,251,286,321,356,391,426,461,496,531,566,601,600,599,599,599,599,599,599,599,599,599,599,599,599,599,599,599,599,599,599,599,599,599,599,599,599,599,599,599,599,
goal:599,599,599,599,599,599,599,599,599,599,599,599,599,599,599,599,599,599,599,599,599,599,599,599,599,599,599,599,599,599,599,599,599,599,599,599,599,599,599,599,599,599,599,599,599,599,599,599,599,
size:21
[agent] id:2
path:675,710,709,674,673,672,671,636,601,566,531,496,461,462,427,392,391,356,321,322,323,324,289,290,291,326,326,326,326,326,326,326,326,326,326,326,326,326,326,326,326,326,326,326,326,326,326,326,326,
goal:326,326,326,326,326,326,326,326,326,326,326,326,326,326,326,326,326,326,326,326,326,326,326,326,326,326,326,326,326,326,326,326,326,326,326,326,326,326,326,326,326,326,326,326,326,326,326,326,326,
size:25
[agent] id:3
path:105,140,175,210,245,280,315,350,385,420,455,490,525,560,561,562,563,564,565,566,567,568,569,570,571,572,573,574,609,610,611,612,613,614,615,616,617,618,619,620,621,622,623,658,659,660,661,662,663,
goal:663,663,663,663,663,663,663,663,663,663,663,663,663,663,663,663,663,663,663,663,663,663,663,663,663,663,663,663,663,663,663,663,663,663,663,663,663,663,663,663,663,663,663,663,663,663,663,663,663,
size:48
[agent] id:4
path:401,402,367,332,297,262,227,192,193,194,195,196,197,198,199,200,201,202,167,168,133,98,63,64,65,66,67,68,68,68,68,68,68,68,68,68,68,68,68,68,68,68,68,68,68,68,68,68,68,
goal:68,68,68,68,68,68,68,68,68,68,68,68,68,68,68,68,68,68,68,68,68,68,68,68,68,68,68,68,68,68,68,68,68,68,68,68,68,68,68,68,68,68,68,68,68,68,68,68,68,
size:27
[agent] id:5
path:732,697,662,627,592,557,522,487,452,451,450,449,448,447,446,445,444,443,442,441,440,439,438,437,436,435,434,433,432,431,430,429,428,427,426,425,424,423,388,387,386,386,386,386,386,386,386,386,386,
goal:386,386,386,386,386,386,386,386,386,386,386,386,386,386,386,386,386,386,386,386,386,386,386,386,386,386,386,386,386,386,386,386,386,386,386,386,386,386,386,386,386,386,386,386,386,386,386,386,386,
size:40
[agent] id:6
path:395,430,465,466,467,468,469,470,471,472,507,472,471,472,507,542,541,541,541,541,541,541,541,541,541,541,541,541,541,541,541,541,541,541,541,541,541,541,541,541,541,541,541,541,541,541,541,541,541,
goal:541,541,541,541,541,541,541,541,541,541,541,541,541,541,541,541,541,541,541,541,541,541,541,541,541,541,541,541,541,541,541,541,541,541,541,541,541,541,541,541,541,541,541,541,541,541,541,541,541,
size:16
[agent] id:7
path:519,518,483,448,413,378,343,308,307,272,273,238,203,168,167,166,166,166,166,166,166,166,166,166,166,166,166,166,166,166,166,166,166,166,166,166,166,166,166,166,166,166,166,166,166,166,166,166,166,
goal:166,166,166,166,166,166,166,166,166,166,166,166,166,166,166,166,166,166,166,166,166,166,166,166,166,166,166,166,166,166,166,166,166,166,166,166,166,166,166,166,166,166,166,166,166,166,166,166,166,
size:15
[agent] id:8
path:556,521,486,451,416,381,346,311,276,241,206,171,136,135,134,133,132,131,130,129,128,127,126,125,124,123,122,121,120,119,118,117,116,115,114,113,112,111,76,75,75,75,75,75,75,75,75,75,75,
goal:75,75,75,75,75,75,75,75,75,75,75,75,75,75,75,75,75,75,75,75,75,75,75,75,75,75,75,75,75,75,75,75,75,75,75,75,75,75,75,75,75,75,75,75,75,75,75,75,75,
size:39
[agent] id:9
path:273,308,343,342,341,340,339,338,337,336,335,334,333,332,331,330,329,328,327,326,325,325,325,325,325,325,325,325,325,325,325,325,325,325,325,325,325,325,325,325,325,325,325,325,325,325,325,325,325,
goal:325,325,325,325,325,325,325,325,325,325,325,325,325,325,325,325,325,325,325,325,325,325,325,325,325,325,325,325,325,325,325,325,325,325,325,325,325,325,325,325,325,325,325,325,325,325,325,325,325,
size:20
[agent] id:10
path:574,539,540,541,542,507,472,437,402,367,332,297,298,299,300,301,302,303,304,305,306,306,306,306,306,306,306,306,306,306,306,306,306,306,306,306,306,306,306,306,306,306,306,306,306,306,306,306,306,
goal:306,306,306,306,306,306,306,306,306,306,306,306,306,306,306,306,306,306,306,306,306,306,306,306,306,306,306,306,306,306,306,306,306,306,306,306,306,306,306,306,306,306,306,306,306,306,306,306,306,
size:20
[agent] id:11
path:130,165,200,201,202,203,238,273,308,343,378,413,413,413,413,413,413,413,413,413,413,413,413,413,413,413,413,413,413,413,413,413,413,413,413,413,413,413,413,413,413,413,413,413,413,413,413,413,413,
goal:413,413,413,413,413,413,413,413,413,413,413,413,413,413,413,413,413,413,413,413,413,413,413,413,413,413,413,413,413,413,413,413,413,413,413,413,413,413,413,413,413,413,413,413,413,413,413,413,413,
size:11
[agent] id:12
path:314,279,244,209,174,139,104,69,68,67,66,65,64,63,62,62,62,62,62,62,62,62,62,62,62,62,62,62,62,62,62,62,62,62,62,62,62,62,62,62,62,62,62,62,62,62,62,62,62,
goal:62,62,62,62,62,62,62,62,62,62,62,62,62,62,62,62,62,62,62,62,62,62,62,62,62,62,62,62,62,62,62,62,62,62,62,62,62,62,62,62,62,62,62,62,62,62,62,62,62,
size:14
[agent] id:13
path:339,338,337,336,335,334,333,332,297,296,331,332,367,402,401,436,471,472,507,542,577,612,647,682,681,680,679,678,677,677,677,677,677,677,677,677,677,677,677,677,677,677,677,677,677,677,677,677,677,
goal:677,677,677,677,677,677,677,677,677,677,677,677,677,677,677,677,677,677,677,677,677,677,677,677,677,677,677,677,677,677,677,677,677,677,677,677,677,677,677,677,677,677,677,677,677,677,677,677,677,
size:28
[agent] id:14
path:186,185,184,149,148,183,182,182,182,181,216,251,286,321,356,391,426,461,496,531,566,601,636,671,706,707,708,709,709,709,709,709,709,709,709,709,709,709,709,709,709,709,709,709,709,709,709,709,709,
goal:709,709,709,709,709,709,709,709,709,709,709,709,709,709,709,709,709,709,709,709,709,709,709,709,709,709,709,709,709,709,709,709,709,709,709,709,709,709,709,709,709,709,709,709,709,709,709,709,709,
size:27
[agent] id:15
path:406,407,408,409,410,411,412,413,378,379,344,309,274,239,204,169,134,133,132,132,132,132,132,132,132,132,132,132,132,132,132,132,132,132,132,132,132,132,132,132,132,132,132,132,132,132,132,132,132,
goal:132,132,132,132,132,132,132,132,132,132,132,132,132,132,132,132,132,132,132,132,132,132,132,132,132,132,132,132,132,132,132,132,132,132,132,132,132,132,132,132,132,132,132,132,132,132,132,132,132,
size:18
[agent] id:16
path:697,662,627,592,557,522,487,452,417,382,347,312,277,242,207,206,205,204,203,202,201,200,199,199,199,199,199,199,199,199,199,199,199,199,199,199,199,199,199,199,199,199,199,199,199,199,199,199,199,
goal:199,199,199,199,199,199,199,199,199,199,199,199,199,199,199,199,199,199,199,199,199,199,199,199,199,199,199,199,199,199,199,199,199,199,199,199,199,199,199,199,199,199,199,199,199,199,199,199,199,
size:22
[agent] id:17
path:396,397,398,399,400,401,402,367,332,297,262,227,192,157,122,87,52,17,18,19,20,21,22,23,24,25,26,27,28,28,28,28,28,28,28,28,28,28,28,28,28,28,28,28,28,28,28,28,28,
goal:28,28,28,28,28,28,28,28,28,28,28,28,28,28,28,28,28,28,28,28,28,28,28,28,28,28,28,28,28,28,28,28,28,28,28,28,28,28,28,28,28,28,28,28,28,28,28,28,28,
size:28
[agent] id:18
path:571,536,535,534,533,532,531,496,461,426,391,390,389,389,389,389,389,389,389,389,389,389,389,389,389,389,389,389,389,389,389,389,389,389,389,389,389,389,389,389,389,389,389,389,389,389,389,389,389,
goal:389,389,389,389,389,389,389,389,389,389,389,389,389,389,389,389,389,389,389,389,389,389,389,389,389,389,389,389,389,389,389,389,389,389,389,389,389,389,389,389,389,389,389,389,389,389,389,389,389,
size:12
[agent] id:19
path:302,301,300,299,298,297,296,295,330,329,328,327,326,325,324,323,322,321,320,355,390,425,460,495,530,565,600,635,635,635,635,635,635,635,635,635,635,635,635,635,635,635,635,635,635,635,635,635,635,
goal:635,635,635,635,635,635,635,635,635,635,635,635,635,635,635,635,635,635,635,635,635,635,635,635,635,635,635,635,635,635,635,635,635,635,635,635,635,635,635,635,635,635,635,635,635,635,635,635,635,
size:27
[agent] id:20
path:594,559,524,489,454,419,384,349,314,279,244,209,208,207,206,205,204,203,202,201,200,165,130,129,128,127,126,126,126,126,126,126,126,126,126,126,126,126,126,126,126,126,126,126,126,126,126,126,126,
goal:126,126,126,126,126,126,126,126,126,126,126,126,126,126,126,126,126,126,126,126,126,126,126,126,126,126,126,126,126,126,126,126,126,126,126,126,126,126,126,126,126,126,126,126,126,126,126,126,126,
size:26
[agent] id:21
path:674,675,676,677,678,679,680,681,682,647,612,577,576,575,575,575,575,575,575,575,575,575,575,575,575,575,575,575,575,575,575,575,575,575,575,575,575,575,575,575,575,575,575,575,575,575,575,575,575,
goal:575,575,575,575,575,575,575,575,575,575,575,575,575,575,575,575,575,575,575,575,575,575,575,575,575,575,575,575,575,575,575,575,575,575,575,575,575,575,575,575,575,575,575,575,575,575,575,575,575,
size:13
[agent] id:22
path:290,291,292,293,294,295,260,261,262,263,298,299,334,335,336,337,338,339,340,341,342,343,378,379,414,449,484,519,520,521,522,522,522,522,522,522,522,522,522,522,522,522,522,522,522,522,522,522,522,
goal:522,522,522,522,522,522,522,522,522,522,522,522,522,522,522,522,522,522,522,522,522,522,522,522,522,522,522,522,522,522,522,522,522,522,522,522,522,522,522,522,522,522,522,522,522,522,522,522,522,
size:30
[agent] id:23
path:2,37,72,72,72,72,72,72,72,72,72,72,72,72,72,72,72,72,72,72,72,72,72,72,72,72,72,72,72,72,72,72,72,72,72,72,72,72,72,72,72,72,72,72,72,72,72,72,72,
goal:72,72,72,72,72,72,72,72,72,72,72,72,72,72,72,72,72,72,72,72,72,72,72,72,72,72,72,72,72,72,72,72,72,72,72,72,72,72,72,72,72,72,72,72,72,72,72,72,72,
size:2
[agent] id:24
path:484,519,554,589,624,623,622,621,620,619,618,617,616,615,614,613,612,611,610,609,608,608,608,608,608,608,608,608,608,608,608,608,608,608,608,608,608,608,608,608,608,608,608,608,608,608,608,608,608,
goal:608,608,608,608,608,608,608,608,608,608,608,608,608,608,608,608,608,608,608,608,608,608,608,608,608,608,608,608,608,608,608,608,608,608,608,608,608,608,608,608,608,608,608,608,608,608,608,608,608,
size:20
[agent] id:25
path:274,309,344,379,414,449,484,483,482,481,480,479,478,477,476,475,474,473,472,471,470,469,468,467,466,465,464,463,462,461,496,531,530,529,529,529,529,529,529,529,529,529,529,529,529,529,529,529,529,
goal:529,529,529,529,529,529,529,529,529,529,529,529,529,529,529,529,529,529,529,529,529,529,529,529,529,529,529,529,529,529,529,529,529,529,529,529,529,529,529,529,529,529,529,529,529,529,529,529,529,
size:33
[agent] id:26
path:170,205,240,275,310,345,380,415,450,485,520,519,518,518,518,518,518,518,518,518,518,518,518,518,518,518,518,518,518,518,518,518,518,518,518,518,518,518,518,518,518,518,518,518,518,518,518,518,518,
goal:518,518,518,518,518,518,518,518,518,518,518,518,518,518,518,518,518,518,518,518,518,518,518,518,518,518,518,518,518,518,518,518,518,518,518,518,518,518,518,518,518,518,518,518,518,518,518,518,518,
size:12
[agent] id:27
path:461,426,391,356,321,286,251,252,253,254,255,256,257,258,259,260,261,262,263,264,265,266,267,268,269,270,271,272,273,238,203,168,169,170,171,171,171,171,171,171,171,171,171,171,171,171,171,171,171,
goal:171,171,171,171,171,171,171,171,171,171,171,171,171,171,171,171,171,171,171,171,171,171,171,171,171,171,171,171,171,171,171,171,171,171,171,171,171,171,171,171,171,171,171,171,171,171,171,171,171,
size:34
[agent] id:28
path:552,551,550,549,548,547,546,545,544,543,542,507,472,437,402,367,332,297,262,227,192,157,122,87,52,17,16,15,14,13,12,12,12,12,12,12,12,12,12,12,12,12,12,12,12,12,12,12,12,
goal:12,12,12,12,12,12,12,12,12,12,12,12,12,12,12,12,12,12,12,12,12,12,12,12,12,12,12,12,12,12,12,12,12,12,12,12,12,12,12,12,12,12,12,12,12,12,12,12,12,
size:30
[agent] id:29
path:146,181,182,183,184,185,186,187,188,189,190,190,190,190,190,190,190,190,190,190,190,190,190,190,190,190,190,190,190,190,190,190,190,190,190,190,190,190,190,190,190,190,190,190,190,190,190,190,190,
goal:190,190,190,190,190,190,190,190,190,190,190,190,190,190,190,190,190,190,190,190,190,190,190,190,190,190,190,190,190,190,190,190,190,190,190,190,190,190,190,190,190,190,190,190,190,190,190,190,190,
size:10
SolutionCost:700
