[setting] seed:99
[solver] type:ECBS
[solver] w:2.000000
[solver] ID:0
[solver] Lowlevelnode:14769
[solver] ConflictCount:11
[solver] solved:1
[solver] elapsed:102
[solver] makespan:45
[problem] timesteplimit:10000
[problem] type:MAPF
[problem] agentnum:30
[graph] width:35
[graph] height:21
[graph] filename:./map/warehouse_middle.map
[task] id:6,start:0,end:0,service time:0,nodes:319,
[task] id:22,start:0,end:0,service time:0,nodes:116,
[task] id:29,start:0,end:0,service time:0,nodes:272,
[task] id:18,start:0,end:0,service time:0,nodes:269,
[task] id:5,start:0,end:0,service time:0,nodes:485,
[task] id:24,start:0,end:0,service time:0,nodes:570,
[task] id:9,start:0,end:0,service time:0,nodes:719,
[task] id:17,start:0,end:0,service time:0,nodes:680,
[task] id:21,start:0,end:0,service time:0,nodes:487,
[task] id:28,start:0,end:0,service time:0,nodes:402,
[task] id:14,start:0,end:0,service time:0,nodes:414,
[task] id:26,start:0,end:0,service time:0,nodes:609,
[task] id:30,start:0,end:0,service time:0,nodes:402,
[task] id:3,start:0,end:0,service time:0,nodes:436,
[task] id:20,start:0,end:0,service time:0,nodes:400,
[task] id:27,start:0,end:0,service time:0,nodes:717,
[task] id:11,start:0,end:0,service time:0,nodes:578,
[task] id:2,start:0,end:0,service time:0,nodes:690,
[task] id:19,start:0,end:0,service time:0,nodes:602,
[task] id:10,start:0,end:0,service time:0,nodes:287,
[task] id:1,start:0,end:0,service time:0,nodes:149,
[task] id:0,start:0,end:0,service time:0,nodes:109,
[task] id:15,start:0,end:0,service time:0,nodes:249,
[task] id:4,start:0,end:0,service time:0,nodes:127,
[task] id:25,start:0,end:0,service time:0,nodes:551,
[task] id:7,start:0,end:0,service time:0,nodes:70,
[task] id:16,start:0,end:0,service time:0,nodes:688,
[task] id:23,start:0,end:0,service time:0,nodes:303,
[task] id:12,start:0,end:0,service time:0,nodes:113,
[task] id:13,start:0,end:0,service time:0,nodes:684,
[task] id:8,start:0,end:0,service time:0,nodes:686,
[agent] id:0
path:576,541,540,539,538,537,536,535,534,533,532,531,496,461,426,391,356,321,286,251,216,181,146,111,110,109,109,109,109,109,109,109,109,109,109,109,109,109,109,109,109,109,109,109,109,109,
goal:109,109,109,109,109,109,109,109,109,109,109,109,109,109,109,109,109,109,109,109,109,109,109,109,109,109,109,109,109,109,109,109,109,109,109,109,109,109,109,109,109,109,109,109,109,109,
size:25
[agent] id:1
path:29,64,99,134,169,168,167,166,165,164,163,162,161,160,159,158,157,156,155,154,153,152,151,150,149,149,149,149,149,149,149,149,149,149,149,149,149,149,149,149,149,149,149,149,149,149,
goal:149,149,149,149,149,149,149,149,149,149,149,149,149,149,149,149,149,149,149,149,149,149,149,149,149,149,149,149,149,149,149,149,149,149,149,149,149,149,149,149,149,149,149,149,149,149,
size:24
[agent] id:2
path:268,303,338,339,340,341,342,343,378,413,448,483,518,553,588,623,658,693,692,691,690,690,690,690,690,690,690,690,690,690,690,690,690,690,690,690,690,690,690,690,690,690,690,690,690,690,
goal:690,690,690,690,690,690,690,690,690,690,690,690,690,690,690,690,690,690,690,690,690,690,690,690,690,690,690,690,690,690,690,690,690,690,690,690,690,690,690,690,690,690,690,690,690,690,
size:20
[agent] id:3
path:600,565,530,495,460,425,426,427,428,429,430,431,432,433,434,435,436,436,436,436,436,436,436,436,436,436,436,436,436,436,436,436,436,436,436,436,436,436,436,436,436,436,436,436,436,436,
goal:436,436,436,436,436,436,436,436,436,436,436,436,436,436,436,436,436,436,436,436,436,436,436,436,436,436,436,436,436,436,436,436,436,436,436,436,436,436,436,436,436,436,436,436,436,436,
size:16
[agent] id:4
path:496,461,426,391,356,321,286,251,216,181,182,183,184,185,186,187,188,189,190,191,156,157,158,159,160,161,126,127,127,127,127,127,127,127,127,127,127,127,127,127,127,127,127,127,127,127,
goal:127,127,127,127,127,127,127,127,127,127,127,127,127,127,127,127,127,127,127,127,127,127,127,127,127,127,127,127,127,127,127,127,127,127,127,127,127,127,127,127,127,127,127,127,127,127,
size:27
[agent] id:5
path:476,477,478,479,480,481,482,483,484,485,485,485,485,485,485,485,485,485,485,485,485,485,485,485,485,485,485,485,485,485,485,485,485,485,485,485,485,485,485,485,485,485,485,485,485,485,
goal:485,485,485,485,485,485,485,485,485,485,485,485,485,485,485,485,485,485,485,485,485,485,485,485,485,485,485,485,485,485,485,485,485,485,485,485,485,485,485,485,485,485,485,485,485,485,
size:9
[agent] id:6
path:284,319,319,319,319,319,319,319,319,319,319,319,319,319,319,319,319,319,319,319,319,319,319,319,319,319,319,319,319,319,319,319,319,319,319,319,319,319,319,319,319,319,319,319,319,319,
goal:319,319,319,319,319,319,319,319,319,319,319,319,319,319,319,319,319,319,319,319,319,319,319,319,319,319,319,319,319,319,319,319,319,319,319,319,319,319,319,319,319,319,319,319,319,319,
size:1
[agent] id:7
path:336,301,266,265,264,263,262,261,260,259,258,257,256,255,254,253,252,251,216,181,146,111,76,75,74,73,72,71,70,70,70,70,70,70,70,70,70,70,70,70,70,70,70,70,70,70,
goal:70,70,70,70,70,70,70,70,70,70,70,70,70,70,70,70,70,70,70,70,70,70,70,70,70,70,70,70,70,70,70,70,70,70,70,70,70,70,70,70,70,70,70,70,70,70,
size:28
[agent] id:8
path:11,46,47,48,49,50,51,52,87,122,157,192,193,194,195,196,197,198,199,200,201,202,203,238,273,308,343,378,413,448,483,518,553,588,623,658,693,692,691,726,725,724,723,722,687,686,
goal:686,686,686,686,686,686,686,686,686,686,686,686,686,686,686,686,686,686,686,686,686,686,686,686,686,686,686,686,686,686,686,686,686,686,686,686,686,686,686,686,686,686,686,686,686,686,
size:45
[agent] id:9
path:675,710,711,712,713,714,715,716,717,718,719,719,719,719,719,719,719,719,719,719,719,719,719,719,719,719,719,719,719,719,719,719,719,719,719,719,719,719,719,719,719,719,719,719,719,719,
goal:719,719,719,719,719,719,719,719,719,719,719,719,719,719,719,719,719,719,719,719,719,719,719,719,719,719,719,719,719,719,719,719,719,719,719,719,719,719,719,719,719,719,719,719,719,719,
size:10
[agent] id:10
path:544,543,542,507,472,471,470,469,468,467,466,465,430,429,394,393,392,391,356,321,286,287,287,287,287,287,287,287,287,287,287,287,287,287,287,287,287,287,287,287,287,287,287,287,287,287,
goal:287,287,287,287,287,287,287,287,287,287,287,287,287,287,287,287,287,287,287,287,287,287,287,287,287,287,287,287,287,287,287,287,287,287,287,287,287,287,287,287,287,287,287,287,287,287,
size:21
[agent] id:11
path:151,186,187,188,189,190,191,192,227,262,297,332,367,402,437,472,507,542,577,578,578,578,578,578,578,578,578,578,578,578,578,578,578,578,578,578,578,578,578,578,578,578,578,578,578,578,
goal:578,578,578,578,578,578,578,578,578,578,578,578,578,578,578,578,578,578,578,578,578,578,578,578,578,578,578,578,578,578,578,578,578,578,578,578,578,578,578,578,578,578,578,578,578,578,
size:19
[agent] id:12
path:591,556,521,486,451,416,381,346,311,310,309,308,307,306,305,304,303,268,267,266,265,264,263,262,227,192,157,156,155,154,153,152,151,150,115,114,113,113,113,113,113,113,113,113,113,113,
goal:113,113,113,113,113,113,113,113,113,113,113,113,113,113,113,113,113,113,113,113,113,113,113,113,113,113,113,113,113,113,113,113,113,113,113,113,113,113,113,113,113,113,113,113,113,113,
size:36
[agent] id:13
path:0,35,70,105,140,175,210,245,280,315,350,385,420,455,490,525,526,527,528,529,530,531,532,533,534,535,536,571,572,573,574,575,610,611,612,647,682,683,684,684,684,684,684,684,684,684,
goal:684,684,684,684,684,684,684,684,684,684,684,684,684,684,684,684,684,684,684,684,684,684,684,684,684,684,684,684,684,684,684,684,684,684,684,684,684,684,684,684,684,684,684,684,684,684,
size:38
[agent] id:14
path:333,334,335,336,337,338,339,340,341,342,343,378,413,414,414,414,414,414,414,414,414,414,414,414,414,414,414,414,414,414,414,414,414,414,414,414,414,414,414,414,414,414,414,414,414,414,
goal:414,414,414,414,414,414,414,414,414,414,414,414,414,414,414,414,414,414,414,414,414,414,414,414,414,414,414,414,414,414,414,414,414,414,414,414,414,414,414,414,414,414,414,414,414,414,
size:13
[agent] id:15
path:343,308,273,272,271,270,269,268,267,266,265,264,263,262,261,260,259,258,257,256,255,254,253,252,251,250,249,249,249,249,249,249,249,249,249,249,249,249,249,249,249,249,249,249,249,249,
goal:249,249,249,249,249,249,249,249,249,249,249,249,249,249,249,249,249,249,249,249,249,249,249,249,249,249,249,249,249,249,249,249,249,249,249,249,249,249,249,249,249,249,249,249,249,249,
size:26
[agent] id:16
path:128,163,198,199,200,201,202,203,238,273,308,343,378,413,448,483,518,553,588,623,658,693,692,691,726,725,724,689,688,688,688,688,688,688,688,688,688,688,688,688,688,688,688,688,688,688,
goal:688,688,688,688,688,688,688,688,688,688,688,688,688,688,688,688,688,688,688,688,688,688,688,688,688,688,688,688,688,688,688,688,688,688,688,688,688,688,688,688,688,688,688,688,688,688,
size:28
[agent] id:17
path:606,607,608,609,610,611,612,647,682,681,680,680,680,680,680,680,680,680,680,680,680,680,680,680,680,680,680,680,680,680,680,680,680,680,680,680,680,680,680,680,680,680,680,680,680,680,
goal:680,680,680,680,680,680,680,680,680,680,680,680,680,680,680,680,680,680,680,680,680,680,680,680,680,680,680,680,680,680,680,680,680,680,680,680,680,680,680,680,680,680,680,680,680,680,
size:10
[agent] id:18
path:277,276,275,274,273,272,271,270,269,269,269,269,269,269,269,269,269,269,269,269,269,269,269,269,269,269,269,269,269,269,269,269,269,269,269,269,269,269,269,269,269,269,269,269,269,269,
goal:269,269,269,269,269,269,269,269,269,269,269,269,269,269,269,269,269,269,269,269,269,269,269,269,269,269,269,269,269,269,269,269,269,269,269,269,269,269,269,269,269,269,269,269,269,269,
size:8
[agent] id:19
path:550,585,620,619,618,617,616,615,614,613,612,611,610,609,608,607,606,605,604,603,602,602,602,602,602,602,602,602,602,602,602,602,602,602,602,602,602,602,602,602,602,602,602,602,602,602,
goal:602,602,602,602,602,602,602,602,602,602,602,602,602,602,602,602,602,602,602,602,602,602,602,602,602,602,602,602,602,602,602,602,602,602,602,602,602,602,602,602,602,602,602,602,602,602,
size:20
[agent] id:20
path:315,350,385,386,387,388,389,390,391,392,393,394,395,396,397,398,399,400,400,400,400,400,400,400,400,400,400,400,400,400,400,400,400,400,400,400,400,400,400,400,400,400,400,400,400,400,
goal:400,400,400,400,400,400,400,400,400,400,400,400,400,400,400,400,400,400,400,400,400,400,400,400,400,400,400,400,400,400,400,400,400,400,400,400,400,400,400,400,400,400,400,400,400,400,
size:17
[agent] id:21
path:693,658,623,588,553,518,483,484,485,486,487,487,487,487,487,487,487,487,487,487,487,487,487,487,487,487,487,487,487,487,487,487,487,487,487,487,487,487,487,487,487,487,487,487,487,487,
goal:487,487,487,487,487,487,487,487,487,487,487,487,487,487,487,487,487,487,487,487,487,487,487,487,487,487,487,487,487,487,487,487,487,487,487,487,487,487,487,487,487,487,487,487,487,487,
size:10
[agent] id:22
path:121,120,119,118,117,116,116,116,116,116,116,116,116,116,116,116,116,116,116,116,116,116,116,116,116,116,116,116,116,116,116,116,116,116,116,116,116,116,116,116,116,116,116,116,116,116,
goal:116,116,116,116,116,116,116,116,116,116,116,116,116,116,116,116,116,116,116,116,116,116,116,116,116,116,116,116,116,116,116,116,116,116,116,116,116,116,116,116,116,116,116,116,116,116,
size:5
[agent] id:23
path:670,635,600,565,530,495,460,425,390,355,320,285,286,287,288,289,290,291,292,293,294,295,296,297,298,299,300,301,302,303,303,303,303,303,303,303,303,303,303,303,303,303,303,303,303,303,
goal:303,303,303,303,303,303,303,303,303,303,303,303,303,303,303,303,303,303,303,303,303,303,303,303,303,303,303,303,303,303,303,303,303,303,303,303,303,303,303,303,303,303,303,303,303,303,
size:29
[agent] id:24
path:527,562,563,564,565,566,567,568,569,570,570,570,570,570,570,570,570,570,570,570,570,570,570,570,570,570,570,570,570,570,570,570,570,570,570,570,570,570,570,570,570,570,570,570,570,570,
goal:570,570,570,570,570,570,570,570,570,570,570,570,570,570,570,570,570,570,570,570,570,570,570,570,570,570,570,570,570,570,570,570,570,570,570,570,570,570,570,570,570,570,570,570,570,570,
size:9
[agent] id:25
path:560,561,562,563,564,565,566,567,568,569,534,535,536,537,538,539,540,541,542,543,544,545,546,547,548,549,550,551,551,551,551,551,551,551,551,551,551,551,551,551,551,551,551,551,551,551,
goal:551,551,551,551,551,551,551,551,551,551,551,551,551,551,551,551,551,551,551,551,551,551,551,551,551,551,551,551,551,551,551,551,551,551,551,551,551,551,551,551,551,551,551,551,551,551,
size:27
[agent] id:26
path:712,677,678,679,680,681,682,682,683,682,647,612,611,610,609,609,609,609,609,609,609,609,609,609,609,609,609,609,609,609,609,609,609,609,609,609,609,609,609,609,609,609,609,609,609,609,
goal:609,609,609,609,609,609,609,609,609,609,609,609,609,609,609,609,609,609,609,609,609,609,609,609,609,609,609,609,609,609,609,609,609,609,609,609,609,609,609,609,609,609,609,609,609,609,
size:14
[agent] id:27
path:666,701,702,703,704,705,706,707,708,709,710,711,712,713,714,715,716,717,717,717,717,717,717,717,717,717,717,717,717,717,717,717,717,717,717,717,717,717,717,717,717,717,717,717,717,717,
goal:717,717,717,717,717,717,717,717,717,717,717,717,717,717,717,717,717,717,717,717,717,717,717,717,717,717,717,717,717,717,717,717,717,717,717,717,717,717,717,717,717,717,717,717,717,717,
size:17
[agent] id:28
path:290,325,326,327,328,329,330,331,332,367,402,402,402,401,401,402,402,402,402,402,402,402,402,402,402,402,402,402,402,402,402,402,402,402,402,402,402,402,402,402,402,402,402,402,402,402,
goal:402,402,402,402,402,402,402,402,402,402,402,402,402,402,402,402,402,402,402,402,402,402,402,402,402,402,402,402,402,402,402,402,402,402,402,402,402,402,402,402,402,402,402,402,402,402,
size:15
[agent] id:29
path:166,201,202,203,238,273,272,272,272,272,272,272,272,272,272,272,272,272,272,272,272,272,272,272,272,272,272,272,272,272,272,272,272,272,272,272,272,272,272,272,272,272,272,272,272,272,
goal:272,272,272,272,272,272,272,272,272,272,272,272,272,272,272,272,272,272,272,272,272,272,272,272,272,272,272,272,272,272,272,272,272,272,272,272,272,272,272,272,272,272,272,272,272,272,
size:6
SolutionCost:573
