[setting] seed:3
[solver] type:ECBS
[solver] w:2.250000
[solver] ID:0
[solver] Lowlevelnode:22372
[solver] solved:1
[solver] elapsed:6
[solver] makespan:34
[problem] timesteplimit:10000
[problem] type:MAPF
[problem] agentnum:10
[graph] width:35
[graph] height:21
[graph] filename:./map/warehouse_middle.map
[task] id:4,start:0,end:0,service time:0,nodes:250,
[task] id:7,start:0,end:0,service time:0,nodes:281,
[task] id:9,start:0,end:0,service time:0,nodes:173,
[task] id:1,start:0,end:0,service time:0,nodes:725,
[task] id:0,start:0,end:0,service time:0,nodes:351,
[task] id:2,start:0,end:0,service time:0,nodes:276,
[task] id:5,start:0,end:0,service time:0,nodes:129,
[task] id:3,start:0,end:0,service time:0,nodes:420,
[task] id:8,start:0,end:0,service time:0,nodes:387,
[task] id:6,start:0,end:0,service time:0,nodes:154,
[agent] id:0
path:46,45,44,43,42,41,76,111,146,181,216,251,286,321,356,355,354,353,352,351,351,351,351,351,351,351,351,351,351,351,351,351,351,351,351,
goal:351,351,351,351,351,351,351,351,351,351,351,351,351,351,351,351,351,351,351,351,351,351,351,351,351,351,351,351,351,351,351,351,351,351,351,
size:19
[agent] id:1
path:308,343,378,413,448,483,518,553,588,623,658,693,728,727,726,725,725,725,725,725,725,725,725,725,725,725,725,725,725,725,725,725,725,725,725,
goal:725,725,725,725,725,725,725,725,725,725,725,725,725,725,725,725,725,725,725,725,725,725,725,725,725,725,725,725,725,725,725,725,725,725,725,
size:15
[agent] id:2
path:394,395,396,397,398,399,400,401,402,367,332,297,262,263,264,265,266,267,268,269,270,271,272,273,274,275,276,276,276,276,276,276,276,276,276,
goal:276,276,276,276,276,276,276,276,276,276,276,276,276,276,276,276,276,276,276,276,276,276,276,276,276,276,276,276,276,276,276,276,276,276,276,
size:26
[agent] id:3
path:586,551,550,549,548,547,546,545,544,543,542,507,472,437,436,435,434,433,432,431,430,429,428,427,426,425,424,423,422,421,420,420,420,420,420,
goal:420,420,420,420,420,420,420,420,420,420,420,420,420,420,420,420,420,420,420,420,420,420,420,420,420,420,420,420,420,420,420,420,420,420,420,
size:30
[agent] id:4
path:324,289,254,253,252,251,250,250,250,250,250,250,250,250,250,250,250,250,250,250,250,250,250,250,250,250,250,250,250,250,250,250,250,250,250,
goal:250,250,250,250,250,250,250,250,250,250,250,250,250,250,250,250,250,250,250,250,250,250,250,250,250,250,250,250,250,250,250,250,250,250,250,
size:6
[agent] id:5
path:319,284,249,214,179,144,109,110,111,112,113,114,115,116,117,118,119,120,121,122,123,124,125,126,127,128,129,129,129,129,129,129,129,129,129,
goal:129,129,129,129,129,129,129,129,129,129,129,129,129,129,129,129,129,129,129,129,129,129,129,129,129,129,129,129,129,129,129,129,129,129,129,
size:26
[agent] id:6
path:698,663,628,593,558,523,488,453,418,383,348,313,278,243,208,207,172,171,170,169,168,167,166,165,164,163,162,161,160,159,158,157,156,155,154,
goal:154,154,154,154,154,154,154,154,154,154,154,154,154,154,154,154,154,154,154,154,154,154,154,154,154,154,154,154,154,154,154,154,154,154,154,
size:34
[agent] id:7
path:327,292,291,290,289,288,287,286,285,284,283,282,281,281,281,281,281,281,281,281,281,281,281,281,281,281,281,281,281,281,281,281,281,281,281,
goal:281,281,281,281,281,281,281,281,281,281,281,281,281,281,281,281,281,281,281,281,281,281,281,281,281,281,281,281,281,281,281,281,281,281,281,
size:12
[agent] id:8
path:240,275,310,345,380,415,414,413,412,411,410,409,408,407,406,405,404,403,402,401,400,399,398,397,396,395,394,393,392,391,390,389,388,387,387,
goal:387,387,387,387,387,387,387,387,387,387,387,387,387,387,387,387,387,387,387,387,387,387,387,387,387,387,387,387,387,387,387,387,387,387,387,
size:33
[agent] id:9
path:484,449,414,379,344,309,274,239,204,169,170,171,172,173,173,173,173,173,173,173,173,173,173,173,173,173,173,173,173,173,173,173,173,173,173,
goal:173,173,173,173,173,173,173,173,173,173,173,173,173,173,173,173,173,173,173,173,173,173,173,173,173,173,173,173,173,173,173,173,173,173,173,
size:13
SolutionCost:214
