[setting] seed:6
[solver] type:ECBS
[solver] w:2.250000
[solver] ID:0
[solver] Lowlevelnode:22351
[solver] solved:1
[solver] elapsed:4
[solver] makespan:37
[problem] timesteplimit:10000
[problem] type:MAPF
[problem] agentnum:10
[graph] width:35
[graph] height:21
[graph] filename:./map/warehouse_middle.map
[task] id:7,start:0,end:0,service time:0,nodes:314,
[task] id:0,start:0,end:0,service time:0,nodes:164,
[task] id:3,start:0,end:0,service time:0,nodes:51,
[task] id:4,start:0,end:0,service time:0,nodes:393,
[task] id:2,start:0,end:0,service time:0,nodes:45,
[task] id:5,start:0,end:0,service time:0,nodes:569,
[task] id:8,start:0,end:0,service time:0,nodes:634,
[task] id:9,start:0,end:0,service time:0,nodes:271,
[task] id:6,start:0,end:0,service time:0,nodes:484,
[task] id:1,start:0,end:0,service time:0,nodes:423,
[agent] id:0
path:339,304,269,270,271,272,273,238,203,168,167,166,165,164,164,164,164,164,164,164,164,164,164,164,164,164,164,164,164,164,164,164,164,164,164,164,164,164,
goal:164,164,164,164,164,164,164,164,164,164,164,164,164,164,164,164,164,164,164,164,164,164,164,164,164,164,164,164,164,164,164,164,164,164,164,164,164,164,
size:13
[agent] id:1
path:28,63,98,133,168,203,202,201,200,199,198,197,196,195,194,193,192,227,262,297,332,367,402,437,436,435,434,433,432,431,430,429,428,427,426,425,424,423,
goal:423,423,423,423,423,423,423,423,423,423,423,423,423,423,423,423,423,423,423,423,423,423,423,423,423,423,423,423,423,423,423,423,423,423,423,423,423,423,
size:37
[agent] id:2
path:326,291,256,255,254,253,252,251,216,181,146,111,76,41,42,43,44,45,45,45,45,45,45,45,45,45,45,45,45,45,45,45,45,45,45,45,45,45,
goal:45,45,45,45,45,45,45,45,45,45,45,45,45,45,45,45,45,45,45,45,45,45,45,45,45,45,45,45,45,45,45,45,45,45,45,45,45,45,
size:17
[agent] id:3
path:4,39,40,41,42,43,44,45,46,47,48,49,50,51,51,51,51,51,51,51,51,51,51,51,51,51,51,51,51,51,51,51,51,51,51,51,51,51,
goal:51,51,51,51,51,51,51,51,51,51,51,51,51,51,51,51,51,51,51,51,51,51,51,51,51,51,51,51,51,51,51,51,51,51,51,51,51,51,
size:13
[agent] id:4
path:572,537,536,535,534,533,532,531,496,461,462,427,392,393,393,393,393,393,393,393,393,393,393,393,393,393,393,393,393,393,393,393,393,393,393,393,393,393,
goal:393,393,393,393,393,393,393,393,393,393,393,393,393,393,393,393,393,393,393,393,393,393,393,393,393,393,393,393,393,393,393,393,393,393,393,393,393,393,
size:13
[agent] id:5
path:328,327,326,325,324,323,322,321,356,391,426,461,496,531,566,567,568,569,569,569,569,569,569,569,569,569,569,569,569,569,569,569,569,569,569,569,569,569,
goal:569,569,569,569,569,569,569,569,569,569,569,569,569,569,569,569,569,569,569,569,569,569,569,569,569,569,569,569,569,569,569,569,569,569,569,569,569,569,
size:17
[agent] id:6
path:598,563,528,493,458,459,460,461,462,463,464,465,466,467,468,469,470,471,472,473,474,475,476,477,478,479,480,481,482,483,484,484,484,484,484,484,484,484,
goal:484,484,484,484,484,484,484,484,484,484,484,484,484,484,484,484,484,484,484,484,484,484,484,484,484,484,484,484,484,484,484,484,484,484,484,484,484,484,
size:30
[agent] id:7
path:66,101,136,171,206,241,276,311,312,313,314,314,314,314,314,314,314,314,314,314,314,314,314,314,314,314,314,314,314,314,314,314,314,314,314,314,314,314,
goal:314,314,314,314,314,314,314,314,314,314,314,314,314,314,314,314,314,314,314,314,314,314,314,314,314,314,314,314,314,314,314,314,314,314,314,314,314,314,
size:10
[agent] id:8
path:260,295,330,329,328,327,326,325,324,323,322,321,356,391,426,461,496,531,566,601,636,635,634,634,634,634,634,634,634,634,634,634,634,634,634,634,634,634,
goal:634,634,634,634,634,634,634,634,634,634,634,634,634,634,634,634,634,634,634,634,634,634,634,634,634,634,634,634,634,634,634,634,634,634,634,634,634,634,
size:22
[agent] id:9
path:459,424,389,354,319,284,249,250,251,252,253,254,255,256,257,258,259,260,261,262,263,264,265,266,267,268,269,270,271,271,271,271,271,271,271,271,271,271,
goal:271,271,271,271,271,271,271,271,271,271,271,271,271,271,271,271,271,271,271,271,271,271,271,271,271,271,271,271,271,271,271,271,271,271,271,271,271,271,
size:28
SolutionCost:200
