[setting] seed:6
[solver] type:ECBS
[solver] w:4.250000
[solver] ID:0
[solver] Lowlevelnode:25233
[solver] solved:1
[solver] elapsed:51
[solver] makespan:37
[problem] timesteplimit:10000
[problem] type:MAPF
[problem] agentnum:20
[graph] width:35
[graph] height:21
[graph] filename:./map/warehouse_middle.map
[task] id:7,start:0,end:0,service time:0,nodes:314,
[task] id:0,start:0,end:0,service time:0,nodes:164,
[task] id:3,start:0,end:0,service time:0,nodes:51,
[task] id:4,start:0,end:0,service time:0,nodes:393,
[task] id:18,start:0,end:0,service time:0,nodes:342,
[task] id:10,start:0,end:0,service time:0,nodes:28,
[task] id:2,start:0,end:0,service time:0,nodes:45,
[task] id:5,start:0,end:0,service time:0,nodes:569,
[task] id:11,start:0,end:0,service time:0,nodes:142,
[task] id:13,start:0,end:0,service time:0,nodes:626,
[task] id:19,start:0,end:0,service time:0,nodes:116,
[task] id:8,start:0,end:0,service time:0,nodes:634,
[task] id:17,start:0,end:0,service time:0,nodes:243,
[task] id:14,start:0,end:0,service time:0,nodes:165,
[task] id:16,start:0,end:0,service time:0,nodes:64,
[task] id:9,start:0,end:0,service time:0,nodes:271,
[task] id:12,start:0,end:0,service time:0,nodes:522,
[task] id:6,start:0,end:0,service time:0,nodes:484,
[task] id:15,start:0,end:0,service time:0,nodes:350,
[task] id:1,start:0,end:0,service time:0,nodes:423,
[agent] id:0
path:339,304,269,270,271,272,273,238,203,168,167,166,165,164,164,164,164,164,164,164,164,164,164,164,164,164,164,164,164,164,164,164,164,164,164,164,164,164,
goal:164,164,164,164,164,164,164,164,164,164,164,164,164,164,164,164,164,164,164,164,164,164,164,164,164,164,164,164,164,164,164,164,164,164,164,164,164,164,
size:13
[agent] id:1
path:28,63,98,133,168,203,202,201,200,199,198,197,196,195,194,193,192,227,262,297,332,367,402,437,436,435,434,433,432,431,430,429,428,427,426,425,424,423,
goal:423,423,423,423,423,423,423,423,423,423,423,423,423,423,423,423,423,423,423,423,423,423,423,423,423,423,423,423,423,423,423,423,423,423,423,423,423,423,
size:37
[agent] id:2
path:326,291,256,255,254,253,252,251,216,181,146,111,76,41,42,43,44,45,45,45,45,45,45,45,45,45,45,45,45,45,45,45,45,45,45,45,45,45,
goal:45,45,45,45,45,45,45,45,45,45,45,45,45,45,45,45,45,45,45,45,45,45,45,45,45,45,45,45,45,45,45,45,45,45,45,45,45,45,
size:17
[agent] id:3
path:4,39,40,41,42,43,44,45,46,47,48,49,50,51,51,51,51,51,51,51,51,51,51,51,51,51,51,51,51,51,51,51,51,51,51,51,51,51,
goal:51,51,51,51,51,51,51,51,51,51,51,51,51,51,51,51,51,51,51,51,51,51,51,51,51,51,51,51,51,51,51,51,51,51,51,51,51,51,
size:13
[agent] id:4
path:572,537,536,535,534,533,532,531,496,461,462,427,392,393,393,393,393,393,393,393,393,393,393,393,393,393,393,393,393,393,393,393,393,393,393,393,393,393,
goal:393,393,393,393,393,393,393,393,393,393,393,393,393,393,393,393,393,393,393,393,393,393,393,393,393,393,393,393,393,393,393,393,393,393,393,393,393,393,
size:13
[agent] id:5
path:328,327,326,325,324,323,322,321,356,391,426,461,496,531,566,567,568,569,569,569,569,569,569,569,569,569,569,569,569,569,569,569,569,569,569,569,569,569,
goal:569,569,569,569,569,569,569,569,569,569,569,569,569,569,569,569,569,569,569,569,569,569,569,569,569,569,569,569,569,569,569,569,569,569,569,569,569,569,
size:17
[agent] id:6
path:598,563,528,493,458,459,460,461,462,463,464,465,466,467,468,469,470,471,472,473,474,475,476,477,478,479,480,481,482,483,484,484,484,484,484,484,484,484,
goal:484,484,484,484,484,484,484,484,484,484,484,484,484,484,484,484,484,484,484,484,484,484,484,484,484,484,484,484,484,484,484,484,484,484,484,484,484,484,
size:30
[agent] id:7
path:66,101,136,171,206,241,276,311,312,313,314,314,314,314,314,314,314,314,314,314,314,314,314,314,314,314,314,314,314,314,314,314,314,314,314,314,314,314,
goal:314,314,314,314,314,314,314,314,314,314,314,314,314,314,314,314,314,314,314,314,314,314,314,314,314,314,314,314,314,314,314,314,314,314,314,314,314,314,
size:10
[agent] id:8
path:260,295,330,329,328,327,326,325,324,323,322,321,356,391,426,461,496,531,566,601,636,635,634,634,634,634,634,634,634,634,634,634,634,634,634,634,634,634,
goal:634,634,634,634,634,634,634,634,634,634,634,634,634,634,634,634,634,634,634,634,634,634,634,634,634,634,634,634,634,634,634,634,634,634,634,634,634,634,
size:22
[agent] id:9
path:459,424,389,354,319,284,249,250,251,252,253,254,255,256,257,258,259,260,261,262,263,264,265,266,267,268,269,270,271,271,271,271,271,271,271,271,271,271,
goal:271,271,271,271,271,271,271,271,271,271,271,271,271,271,271,271,271,271,271,271,271,271,271,271,271,271,271,271,271,271,271,271,271,271,271,271,271,271,
size:28
[agent] id:10
path:12,13,14,15,16,17,18,19,20,21,22,23,24,25,26,27,28,28,28,28,28,28,28,28,28,28,28,28,28,28,28,28,28,28,28,28,28,28,
goal:28,28,28,28,28,28,28,28,28,28,28,28,28,28,28,28,28,28,28,28,28,28,28,28,28,28,28,28,28,28,28,28,28,28,28,28,28,28,
size:16
[agent] id:11
path:701,666,631,596,561,526,491,456,421,386,351,316,281,246,211,176,141,142,142,142,142,142,142,142,142,142,142,142,142,142,142,142,142,142,142,142,142,142,
goal:142,142,142,142,142,142,142,142,142,142,142,142,142,142,142,142,142,142,142,142,142,142,142,142,142,142,142,142,142,142,142,142,142,142,142,142,142,142,
size:17
[agent] id:12
path:51,52,87,122,157,192,227,262,297,298,299,300,301,302,303,304,305,306,307,308,343,378,413,448,483,518,519,520,521,522,522,522,522,522,522,522,522,522,
goal:522,522,522,522,522,522,522,522,522,522,522,522,522,522,522,522,522,522,522,522,522,522,522,522,522,522,522,522,522,522,522,522,522,522,522,522,522,522,
size:29
[agent] id:13
path:437,438,473,474,475,476,477,478,479,480,481,482,483,518,553,588,623,624,625,626,626,626,626,626,626,626,626,626,626,626,626,626,626,626,626,626,626,626,
goal:626,626,626,626,626,626,626,626,626,626,626,626,626,626,626,626,626,626,626,626,626,626,626,626,626,626,626,626,626,626,626,626,626,626,626,626,626,626,
size:19
[agent] id:14
path:576,541,542,507,472,437,402,367,332,297,262,227,192,157,158,159,160,161,162,163,128,129,130,165,165,165,165,165,165,165,165,165,165,165,165,165,165,165,
goal:165,165,165,165,165,165,165,165,165,165,165,165,165,165,165,165,165,165,165,165,165,165,165,165,165,165,165,165,165,165,165,165,165,165,165,165,165,165,
size:23
[agent] id:15
path:686,685,684,683,682,647,612,577,542,507,472,437,436,435,434,433,432,431,430,429,428,427,392,391,356,355,354,353,352,351,350,350,350,350,350,350,350,350,
goal:350,350,350,350,350,350,350,350,350,350,350,350,350,350,350,350,350,350,350,350,350,350,350,350,350,350,350,350,350,350,350,350,350,350,350,350,350,350,
size:30
[agent] id:16
path:733,698,663,628,593,558,523,488,453,418,383,348,313,278,243,208,173,138,103,68,67,66,65,64,64,64,64,64,64,64,64,64,64,64,64,64,64,64,
goal:64,64,64,64,64,64,64,64,64,64,64,64,64,64,64,64,64,64,64,64,64,64,64,64,64,64,64,64,64,64,64,64,64,64,64,64,64,64,
size:23
[agent] id:17
path:329,294,259,260,261,262,263,264,265,266,267,268,269,270,271,272,273,238,239,240,241,242,243,243,243,243,243,243,243,243,243,243,243,243,243,243,243,243,
goal:243,243,243,243,243,243,243,243,243,243,243,243,243,243,243,243,243,243,243,243,243,243,243,243,243,243,243,243,243,243,243,243,243,243,243,243,243,243,
size:22
[agent] id:18
path:507,472,437,402,367,332,333,334,335,336,337,338,339,340,341,342,342,342,342,342,342,342,342,342,342,342,342,342,342,342,342,342,342,342,342,342,342,342,
goal:342,342,342,342,342,342,342,342,342,342,342,342,342,342,342,342,342,342,342,342,342,342,342,342,342,342,342,342,342,342,342,342,342,342,342,342,342,342,
size:15
[agent] id:19
path:545,544,543,542,507,472,437,402,367,332,297,262,227,192,157,122,121,120,119,118,117,116,116,116,116,116,116,116,116,116,116,116,116,116,116,116,116,116,
goal:116,116,116,116,116,116,116,116,116,116,116,116,116,116,116,116,116,116,116,116,116,116,116,116,116,116,116,116,116,116,116,116,116,116,116,116,116,116,
size:21
SolutionCost:415
