[setting] seed:89
[solver] type:ECBS
[solver] w:2.000000
[solver] ID:0
[solver] Lowlevelnode:5929
[solver] ConflictCount:10
[solver] solved:1
[solver] elapsed:31
[solver] makespan:37
[problem] timesteplimit:10000
[problem] type:MAPF
[problem] agentnum:30
[graph] width:35
[graph] height:21
[graph] filename:./map/warehouse_middle.map
[task] id:16,start:0,end:0,service time:0,nodes:608,
[task] id:12,start:0,end:0,service time:0,nodes:265,
[task] id:24,start:0,end:0,service time:0,nodes:18,
[task] id:14,start:0,end:0,service time:0,nodes:5,
[task] id:17,start:0,end:0,service time:0,nodes:599,
[task] id:21,start:0,end:0,service time:0,nodes:181,
[task] id:15,start:0,end:0,service time:0,nodes:725,
[task] id:10,start:0,end:0,service time:0,nodes:335,
[task] id:18,start:0,end:0,service time:0,nodes:208,
[task] id:28,start:0,end:0,service time:0,nodes:630,
[task] id:3,start:0,end:0,service time:0,nodes:473,
[task] id:4,start:0,end:0,service time:0,nodes:46,
[task] id:29,start:0,end:0,service time:0,nodes:627,
[task] id:8,start:0,end:0,service time:0,nodes:195,
[task] id:27,start:0,end:0,service time:0,nodes:423,
[task] id:9,start:0,end:0,service time:0,nodes:10,
[task] id:20,start:0,end:0,service time:0,nodes:570,
[task] id:5,start:0,end:0,service time:0,nodes:438,
[task] id:26,start:0,end:0,service time:0,nodes:572,
[task] id:1,start:0,end:0,service time:0,nodes:686,
[task] id:6,start:0,end:0,service time:0,nodes:121,
[task] id:2,start:0,end:0,service time:0,nodes:609,
[task] id:23,start:0,end:0,service time:0,nodes:243,
[task] id:25,start:0,end:0,service time:0,nodes:51,
[task] id:0,start:0,end:0,service time:0,nodes:727,
[task] id:11,start:0,end:0,service time:0,nodes:722,
[task] id:13,start:0,end:0,service time:0,nodes:25,
[task] id:22,start:0,end:0,service time:0,nodes:567,
[task] id:7,start:0,end:0,service time:0,nodes:604,
[task] id:19,start:0,end:0,service time:0,nodes:207,
[agent] id:0
path:21,56,57,58,59,60,61,62,63,98,133,168,203,238,273,308,343,378,413,448,483,518,553,588,623,658,693,728,727,727,727,727,727,727,727,727,727,727,
goal:727,727,727,727,727,727,727,727,727,727,727,727,727,727,727,727,727,727,727,727,727,727,727,727,727,727,727,727,727,727,727,727,727,727,727,727,727,727,
size:28
[agent] id:1
path:391,426,461,496,531,566,567,568,569,570,571,572,573,574,609,610,611,612,647,682,683,684,685,686,686,686,686,686,686,686,686,686,686,686,686,686,686,686,
goal:686,686,686,686,686,686,686,686,686,686,686,686,686,686,686,686,686,686,686,686,686,686,686,686,686,686,686,686,686,686,686,686,686,686,686,686,686,686,
size:23
[agent] id:2
path:345,380,415,450,485,520,555,590,625,624,623,622,621,620,619,618,617,616,615,614,613,612,611,610,609,609,609,609,609,609,609,609,609,609,609,609,609,609,
goal:609,609,609,609,609,609,609,609,609,609,609,609,609,609,609,609,609,609,609,609,609,609,609,609,609,609,609,609,609,609,609,609,609,609,609,609,609,609,
size:24
[agent] id:3
path:559,524,489,488,487,486,485,484,483,482,481,480,479,478,477,476,475,474,473,473,473,473,473,473,473,473,473,473,473,473,473,473,473,473,473,473,473,473,
goal:473,473,473,473,473,473,473,473,473,473,473,473,473,473,473,473,473,473,473,473,473,473,473,473,473,473,473,473,473,473,473,473,473,473,473,473,473,473,
size:18
[agent] id:4
path:166,131,130,129,128,127,126,125,124,123,122,87,52,51,50,49,48,47,46,46,46,46,46,46,46,46,46,46,46,46,46,46,46,46,46,46,46,46,
goal:46,46,46,46,46,46,46,46,46,46,46,46,46,46,46,46,46,46,46,46,46,46,46,46,46,46,46,46,46,46,46,46,46,46,46,46,46,46,
size:18
[agent] id:5
path:164,199,200,201,202,203,238,273,308,343,378,413,448,447,446,445,444,443,442,441,440,439,438,438,438,438,438,438,438,438,438,438,438,438,438,438,438,438,
goal:438,438,438,438,438,438,438,438,438,438,438,438,438,438,438,438,438,438,438,438,438,438,438,438,438,438,438,438,438,438,438,438,438,438,438,438,438,438,
size:22
[agent] id:6
path:416,381,346,311,276,241,206,171,136,135,134,133,132,131,130,129,128,127,126,125,124,123,122,121,121,121,121,121,121,121,121,121,121,121,121,121,121,121,
goal:121,121,121,121,121,121,121,121,121,121,121,121,121,121,121,121,121,121,121,121,121,121,121,121,121,121,121,121,121,121,121,121,121,121,121,121,121,121,
size:23
[agent] id:7
path:55,54,53,53,53,52,87,122,157,157,192,192,191,192,227,262,297,296,331,332,367,402,437,472,507,542,541,540,539,538,537,536,571,606,605,604,604,604,
goal:604,604,604,604,604,604,604,604,604,604,604,604,604,604,604,604,604,604,604,604,604,604,604,604,604,604,604,604,604,604,604,604,604,604,604,604,604,604,
size:35
[agent] id:8
path:212,177,178,179,180,181,182,183,184,185,186,187,188,189,190,191,192,193,194,195,195,195,195,195,195,195,195,195,195,195,195,195,195,195,195,195,195,195,
goal:195,195,195,195,195,195,195,195,195,195,195,195,195,195,195,195,195,195,195,195,195,195,195,195,195,195,195,195,195,195,195,195,195,195,195,195,195,195,
size:19
[agent] id:9
path:531,496,495,460,425,390,355,320,285,250,215,180,145,110,75,40,41,6,7,8,9,10,10,10,10,10,10,10,10,10,10,10,10,10,10,10,10,10,
goal:10,10,10,10,10,10,10,10,10,10,10,10,10,10,10,10,10,10,10,10,10,10,10,10,10,10,10,10,10,10,10,10,10,10,10,10,10,10,
size:21
[agent] id:10
path:127,162,197,196,195,194,193,192,227,262,297,332,333,334,335,335,335,335,335,335,335,335,335,335,335,335,335,335,335,335,335,335,335,335,335,335,335,335,
goal:335,335,335,335,335,335,335,335,335,335,335,335,335,335,335,335,335,335,335,335,335,335,335,335,335,335,335,335,335,335,335,335,335,335,335,335,335,335,
size:14
[agent] id:11
path:48,49,50,51,52,87,122,157,192,227,262,297,332,367,402,403,438,473,472,507,542,577,612,647,682,717,718,719,720,721,722,722,722,722,722,722,722,722,
goal:722,722,722,722,722,722,722,722,722,722,722,722,722,722,722,722,722,722,722,722,722,722,722,722,722,722,722,722,722,722,722,722,722,722,722,722,722,722,
size:30
[agent] id:12
path:303,268,267,266,265,265,265,265,265,265,265,265,265,265,265,265,265,265,265,265,265,265,265,265,265,265,265,265,265,265,265,265,265,265,265,265,265,265,
goal:265,265,265,265,265,265,265,265,265,265,265,265,265,265,265,265,265,265,265,265,265,265,265,265,265,265,265,265,265,265,265,265,265,265,265,265,265,265,
size:4
[agent] id:13
path:540,541,542,507,472,437,402,403,402,367,332,333,298,263,262,263,263,262,227,192,157,122,87,52,53,54,19,20,21,22,23,24,25,25,25,25,25,25,
goal:25,25,25,25,25,25,25,25,25,25,25,25,25,25,25,25,25,25,25,25,25,25,25,25,25,25,25,25,25,25,25,25,25,25,25,25,25,25,
size:32
[agent] id:14
path:285,250,215,180,145,110,75,40,5,5,5,5,5,5,5,5,5,5,5,5,5,5,5,5,5,5,5,5,5,5,5,5,5,5,5,5,5,5,
goal:5,5,5,5,5,5,5,5,5,5,5,5,5,5,5,5,5,5,5,5,5,5,5,5,5,5,5,5,5,5,5,5,5,5,5,5,5,5,
size:8
[agent] id:15
path:679,714,715,716,717,718,719,720,721,722,723,724,725,725,725,725,725,725,725,725,725,725,725,725,725,725,725,725,725,725,725,725,725,725,725,725,725,725,
goal:725,725,725,725,725,725,725,725,725,725,725,725,725,725,725,725,725,725,725,725,725,725,725,725,725,725,725,725,725,725,725,725,725,725,725,725,725,725,
size:12
[agent] id:16
path:609,608,608,608,608,608,608,608,608,608,608,608,608,608,608,608,608,608,608,608,608,608,608,608,608,608,608,608,608,608,608,608,608,608,608,608,608,608,
goal:608,608,608,608,608,608,608,608,608,608,608,608,608,608,608,608,608,608,608,608,608,608,608,608,608,608,608,608,608,608,608,608,608,608,608,608,608,608,
size:1
[agent] id:17
path:318,353,388,423,458,493,528,563,598,599,599,599,599,599,599,599,599,599,599,599,599,599,599,599,599,599,599,599,599,599,599,599,599,599,599,599,599,599,
goal:599,599,599,599,599,599,599,599,599,599,599,599,599,599,599,599,599,599,599,599,599,599,599,599,599,599,599,599,599,599,599,599,599,599,599,599,599,599,
size:9
[agent] id:18
path:662,627,592,557,522,487,452,417,382,347,312,277,242,207,208,208,208,208,208,208,208,208,208,208,208,208,208,208,208,208,208,208,208,208,208,208,208,208,
goal:208,208,208,208,208,208,208,208,208,208,208,208,208,208,208,208,208,208,208,208,208,208,208,208,208,208,208,208,208,208,208,208,208,208,208,208,208,208,
size:14
[agent] id:19
path:387,352,317,282,283,284,285,286,287,288,289,290,291,292,293,294,295,295,296,297,298,299,300,301,266,267,268,269,270,271,272,273,238,203,204,205,206,207,
goal:207,207,207,207,207,207,207,207,207,207,207,207,207,207,207,207,207,207,207,207,207,207,207,207,207,207,207,207,207,207,207,207,207,207,207,207,207,207,
size:37
[agent] id:20
path:693,658,623,588,587,586,585,584,583,582,581,580,579,578,577,576,575,574,573,572,571,570,570,570,570,570,570,570,570,570,570,570,570,570,570,570,570,570,
goal:570,570,570,570,570,570,570,570,570,570,570,570,570,570,570,570,570,570,570,570,570,570,570,570,570,570,570,570,570,570,570,570,570,570,570,570,570,570,
size:21
[agent] id:21
path:326,291,256,255,254,253,252,251,216,181,181,181,181,181,181,181,181,181,181,181,181,181,181,181,181,181,181,181,181,181,181,181,181,181,181,181,181,181,
goal:181,181,181,181,181,181,181,181,181,181,181,181,181,181,181,181,181,181,181,181,181,181,181,181,181,181,181,181,181,181,181,181,181,181,181,181,181,181,
size:9
[agent] id:22
path:277,312,347,382,417,452,451,486,521,556,555,554,553,552,551,550,549,548,547,546,545,544,543,542,541,540,539,538,537,536,535,534,569,568,567,567,567,567,
goal:567,567,567,567,567,567,567,567,567,567,567,567,567,567,567,567,567,567,567,567,567,567,567,567,567,567,567,567,567,567,567,567,567,567,567,567,567,567,
size:34
[agent] id:23
path:149,184,185,186,187,188,189,190,191,192,193,194,195,196,197,198,199,200,201,202,203,238,239,240,241,242,243,243,243,243,243,243,243,243,243,243,243,243,
goal:243,243,243,243,243,243,243,243,243,243,243,243,243,243,243,243,243,243,243,243,243,243,243,243,243,243,243,243,243,243,243,243,243,243,243,243,243,243,
size:26
[agent] id:24
path:123,122,87,52,17,18,18,18,18,18,18,18,18,18,18,18,18,18,18,18,18,18,18,18,18,18,18,18,18,18,18,18,18,18,18,18,18,18,
goal:18,18,18,18,18,18,18,18,18,18,18,18,18,18,18,18,18,18,18,18,18,18,18,18,18,18,18,18,18,18,18,18,18,18,18,18,18,18,
size:5
[agent] id:25
path:621,586,551,550,549,548,547,546,545,544,543,542,507,472,437,402,367,332,297,262,227,192,157,122,87,52,51,51,51,51,51,51,51,51,51,51,51,51,
goal:51,51,51,51,51,51,51,51,51,51,51,51,51,51,51,51,51,51,51,51,51,51,51,51,51,51,51,51,51,51,51,51,51,51,51,51,51,51,
size:26
[agent] id:26
path:259,294,329,330,331,332,367,402,437,472,507,507,472,471,472,507,542,577,576,575,574,573,572,572,572,572,572,572,572,572,572,572,572,572,572,572,572,572,
goal:572,572,572,572,572,572,572,572,572,572,572,572,572,572,572,572,572,572,572,572,572,572,572,572,572,572,572,572,572,572,572,572,572,572,572,572,572,572,
size:22
[agent] id:27
path:11,46,45,44,43,42,41,76,111,146,145,144,179,214,249,284,319,354,389,424,423,423,423,423,423,423,423,423,423,423,423,423,423,423,423,423,423,423,
goal:423,423,423,423,423,423,423,423,423,423,423,423,423,423,423,423,423,423,423,423,423,423,423,423,423,423,423,423,423,423,423,423,423,423,423,423,423,423,
size:20
[agent] id:28
path:680,679,678,677,676,675,674,673,672,671,636,635,634,633,632,631,630,630,630,630,630,630,630,630,630,630,630,630,630,630,630,630,630,630,630,630,630,630,
goal:630,630,630,630,630,630,630,630,630,630,630,630,630,630,630,630,630,630,630,630,630,630,630,630,630,630,630,630,630,630,630,630,630,630,630,630,630,630,
size:16
[agent] id:29
path:99,134,169,204,239,274,309,344,379,414,449,484,519,554,589,624,625,626,627,627,627,627,627,627,627,627,627,627,627,627,627,627,627,627,627,627,627,627,
goal:627,627,627,627,627,627,627,627,627,627,627,627,627,627,627,627,627,627,627,627,627,627,627,627,627,627,627,627,627,627,627,627,627,627,627,627,627,627,
size:18
SolutionCost:589
