[setting] seed:0
[solver] type:ECBS
[solver] w:1.250000
[solver] ID:0
[solver] Lowlevelnode:27749
[solver] solved:1
[solver] elapsed:54
[solver] makespan:41
[problem] timesteplimit:10000
[problem] type:MAPF
[problem] agentnum:20
[graph] width:35
[graph] height:21
[graph] filename:./map/warehouse_middle.map
[task] id:0,start:0,end:0,service time:0,nodes:289,
[task] id:1,start:0,end:0,service time:0,nodes:634,
[task] id:9,start:0,end:0,service time:0,nodes:346,
[task] id:16,start:0,end:0,service time:0,nodes:124,
[task] id:19,start:0,end:0,service time:0,nodes:18,
[task] id:11,start:0,end:0,service time:0,nodes:433,
[task] id:12,start:0,end:0,service time:0,nodes:464,
[task] id:13,start:0,end:0,service time:0,nodes:444,
[task] id:4,start:0,end:0,service time:0,nodes:263,
[task] id:14,start:0,end:0,service time:0,nodes:590,
[task] id:15,start:0,end:0,service time:0,nodes:70,
[task] id:7,start:0,end:0,service time:0,nodes:392,
[task] id:3,start:0,end:0,service time:0,nodes:481,
[task] id:17,start:0,end:0,service time:0,nodes:19,
[task] id:10,start:0,end:0,service time:0,nodes:412,
[task] id:5,start:0,end:0,service time:0,nodes:632,
[task] id:8,start:0,end:0,service time:0,nodes:701,
[task] id:18,start:0,end:0,service time:0,nodes:457,
[task] id:2,start:0,end:0,service time:0,nodes:601,
[task] id:6,start:0,end:0,service time:0,nodes:703,
[agent] id:0
path:256,291,290,289,289,289,289,289,289,289,289,289,289,289,289,289,289,289,289,289,289,289,289,289,289,289,289,289,289,289,289,289,289,289,289,289,289,289,289,289,289,289,
goal:289,289,289,289,289,289,289,289,289,289,289,289,289,289,289,289,289,289,289,289,289,289,289,289,289,289,289,289,289,289,289,289,289,289,289,289,289,289,289,289,289,289,
size:3
[agent] id:1
path:457,492,527,562,597,632,633,634,634,634,634,634,634,634,634,634,634,634,634,634,634,634,634,634,634,634,634,634,634,634,634,634,634,634,634,634,634,634,634,634,634,634,
goal:634,634,634,634,634,634,634,634,634,634,634,634,634,634,634,634,634,634,634,634,634,634,634,634,634,634,634,634,634,634,634,634,634,634,634,634,634,634,634,634,634,634,
size:7
[agent] id:2
path:240,275,310,345,380,415,450,485,520,555,590,625,624,623,622,621,620,619,618,617,616,615,614,613,612,611,610,609,608,607,606,605,604,603,602,601,601,601,601,601,601,601,
goal:601,601,601,601,601,601,601,601,601,601,601,601,601,601,601,601,601,601,601,601,601,601,601,601,601,601,601,601,601,601,601,601,601,601,601,601,601,601,601,601,601,601,
size:35
[agent] id:3
path:423,424,425,426,427,428,429,430,431,432,433,398,399,400,400,435,436,437,438,439,474,475,476,477,478,479,480,481,481,481,481,481,481,481,481,481,481,481,481,481,481,481,
goal:481,481,481,481,481,481,481,481,481,481,481,481,481,481,481,481,481,481,481,481,481,481,481,481,481,481,481,481,481,481,481,481,481,481,481,481,481,481,481,481,481,481,
size:27
[agent] id:4
path:678,679,680,681,681,682,647,612,577,542,541,542,507,472,437,402,367,332,297,262,263,263,263,263,263,263,263,263,263,263,263,263,263,263,263,263,263,263,263,263,263,263,
goal:263,263,263,263,263,263,263,263,263,263,263,263,263,263,263,263,263,263,263,263,263,263,263,263,263,263,263,263,263,263,263,263,263,263,263,263,263,263,263,263,263,263,
size:20
[agent] id:5
path:339,338,337,336,335,334,333,332,367,402,437,436,435,434,433,432,431,430,429,428,463,462,461,496,531,566,601,600,599,598,633,632,632,632,632,632,632,632,632,632,632,632,
goal:632,632,632,632,632,632,632,632,632,632,632,632,632,632,632,632,632,632,632,632,632,632,632,632,632,632,632,632,632,632,632,632,632,632,632,632,632,632,632,632,632,632,
size:31
[agent] id:6
path:276,311,346,381,416,451,486,521,556,591,626,661,696,731,730,729,728,727,726,725,724,723,722,721,720,719,718,717,716,715,714,713,712,711,710,709,708,707,706,705,704,703,
goal:703,703,703,703,703,703,703,703,703,703,703,703,703,703,703,703,703,703,703,703,703,703,703,703,703,703,703,703,703,703,703,703,703,703,703,703,703,703,703,703,703,703,
size:41
[agent] id:7
path:449,414,413,412,411,410,409,408,407,406,405,404,403,402,401,400,399,398,397,396,395,394,393,392,392,392,392,392,392,392,392,392,392,392,392,392,392,392,392,392,392,392,
goal:392,392,392,392,392,392,392,392,392,392,392,392,392,392,392,392,392,392,392,392,392,392,392,392,392,392,392,392,392,392,392,392,392,392,392,392,392,392,392,392,392,392,
size:23
[agent] id:8
path:408,443,442,441,440,439,438,437,436,435,434,433,432,467,466,465,464,463,462,461,496,531,566,601,636,671,706,705,704,703,702,701,701,701,701,701,701,701,701,701,701,701,
goal:701,701,701,701,701,701,701,701,701,701,701,701,701,701,701,701,701,701,701,701,701,701,701,701,701,701,701,701,701,701,701,701,701,701,701,701,701,701,701,701,701,701,
size:31
[agent] id:9
path:585,550,551,552,553,518,483,448,413,378,343,344,345,346,346,346,346,346,346,346,346,346,346,346,346,346,346,346,346,346,346,346,346,346,346,346,346,346,346,346,346,346,
goal:346,346,346,346,346,346,346,346,346,346,346,346,346,346,346,346,346,346,346,346,346,346,346,346,346,346,346,346,346,346,346,346,346,346,346,346,346,346,346,346,346,346,
size:13
[agent] id:10
path:492,493,458,423,388,389,390,391,392,393,394,395,396,397,398,399,434,399,400,401,402,403,404,405,406,407,408,409,410,411,412,412,412,412,412,412,412,412,412,412,412,412,
goal:412,412,412,412,412,412,412,412,412,412,412,412,412,412,412,412,412,412,412,412,412,412,412,412,412,412,412,412,412,412,412,412,412,412,412,412,412,412,412,412,412,412,
size:30
[agent] id:11
path:341,340,339,338,337,336,335,334,333,332,367,402,437,436,435,434,433,433,433,433,433,433,433,433,433,433,433,433,433,433,433,433,433,433,433,433,433,433,433,433,433,433,
goal:433,433,433,433,433,433,433,433,433,433,433,433,433,433,433,433,433,433,433,433,433,433,433,433,433,433,433,433,433,433,433,433,433,433,433,433,433,433,433,433,433,433,
size:16
[agent] id:12
path:720,685,684,683,682,647,612,577,542,507,472,471,470,469,468,467,466,465,464,464,464,464,464,464,464,464,464,464,464,464,464,464,464,464,464,464,464,464,464,464,464,464,
goal:464,464,464,464,464,464,464,464,464,464,464,464,464,464,464,464,464,464,464,464,464,464,464,464,464,464,464,464,464,464,464,464,464,464,464,464,464,464,464,464,464,464,
size:18
[agent] id:13
path:192,227,262,297,332,332,331,331,332,367,402,437,438,439,440,441,442,443,444,444,444,444,444,444,444,444,444,444,444,444,444,444,444,444,444,444,444,444,444,444,444,444,
goal:444,444,444,444,444,444,444,444,444,444,444,444,444,444,444,444,444,444,444,444,444,444,444,444,444,444,444,444,444,444,444,444,444,444,444,444,444,444,444,444,444,444,
size:18
[agent] id:14
path:60,61,62,63,98,133,168,203,238,273,308,343,378,413,448,483,518,553,588,589,590,590,590,590,590,590,590,590,590,590,590,590,590,590,590,590,590,590,590,590,590,590,
goal:590,590,590,590,590,590,590,590,590,590,590,590,590,590,590,590,590,590,590,590,590,590,590,590,590,590,590,590,590,590,590,590,590,590,590,590,590,590,590,590,590,590,
size:20
[agent] id:15
path:125,124,123,122,121,120,119,118,117,116,115,114,113,112,111,76,75,74,73,72,71,70,70,70,70,70,70,70,70,70,70,70,70,70,70,70,70,70,70,70,70,70,
goal:70,70,70,70,70,70,70,70,70,70,70,70,70,70,70,70,70,70,70,70,70,70,70,70,70,70,70,70,70,70,70,70,70,70,70,70,70,70,70,70,70,70,
size:21
[agent] id:16
path:406,405,404,403,402,367,332,297,262,227,192,157,122,123,124,124,124,124,124,124,124,124,124,124,124,124,124,124,124,124,124,124,124,124,124,124,124,124,124,124,124,124,
goal:124,124,124,124,124,124,124,124,124,124,124,124,124,124,124,124,124,124,124,124,124,124,124,124,124,124,124,124,124,124,124,124,124,124,124,124,124,124,124,124,124,124,
size:14
[agent] id:17
path:386,351,316,281,246,211,176,141,106,71,36,37,38,39,40,41,42,43,44,45,46,47,48,49,50,51,52,53,54,19,19,19,19,19,19,19,19,19,19,19,19,19,
goal:19,19,19,19,19,19,19,19,19,19,19,19,19,19,19,19,19,19,19,19,19,19,19,19,19,19,19,19,19,19,19,19,19,19,19,19,19,19,19,19,19,19,
size:29
[agent] id:18
path:627,592,557,556,555,554,553,552,551,550,549,548,547,546,545,544,543,542,541,540,539,538,537,536,535,534,533,532,531,496,461,460,459,458,457,457,457,457,457,457,457,457,
goal:457,457,457,457,457,457,457,457,457,457,457,457,457,457,457,457,457,457,457,457,457,457,457,457,457,457,457,457,457,457,457,457,457,457,457,457,457,457,457,457,457,457,
size:34
[agent] id:19
path:39,4,5,6,7,8,9,10,11,12,13,14,15,16,17,18,18,18,18,18,18,18,18,18,18,18,18,18,18,18,18,18,18,18,18,18,18,18,18,18,18,18,
goal:18,18,18,18,18,18,18,18,18,18,18,18,18,18,18,18,18,18,18,18,18,18,18,18,18,18,18,18,18,18,18,18,18,18,18,18,18,18,18,18,18,18,
size:15
SolutionCost:446
