[setting] seed:68
[solver] type:ECBS
[solver] w:2.000000
[solver] ID:0
[solver] Lowlevelnode:3787
[solver] ConflictCount:13
[solver] solved:1
[solver] elapsed:27
[solver] makespan:48
[problem] timesteplimit:10000
[problem] type:MAPF
[problem] agentnum:30
[graph] width:35
[graph] height:21
[graph] filename:./map/warehouse_middle.map
[task] id:22,start:0,end:0,service time:0,nodes:668,
[task] id:26,start:0,end:0,service time:0,nodes:586,
[task] id:9,start:0,end:0,service time:0,nodes:185,
[task] id:11,start:0,end:0,service time:0,nodes:621,
[task] id:12,start:0,end:0,service time:0,nodes:352,
[task] id:20,start:0,end:0,service time:0,nodes:335,
[task] id:13,start:0,end:0,service time:0,nodes:426,
[task] id:6,start:0,end:0,service time:0,nodes:419,
[task] id:17,start:0,end:0,service time:0,nodes:379,
[task] id:15,start:0,end:0,service time:0,nodes:408,
[task] id:21,start:0,end:0,service time:0,nodes:297,
[task] id:3,start:0,end:0,service time:0,nodes:161,
[task] id:5,start:0,end:0,service time:0,nodes:27,
[task] id:25,start:0,end:0,service time:0,nodes:711,
[task] id:1,start:0,end:0,service time:0,nodes:59,
[task] id:19,start:0,end:0,service time:0,nodes:679,
[task] id:29,start:0,end:0,service time:0,nodes:690,
[task] id:16,start:0,end:0,service time:0,nodes:422,
[task] id:18,start:0,end:0,service time:0,nodes:402,
[task] id:7,start:0,end:0,service time:0,nodes:719,
[task] id:24,start:0,end:0,service time:0,nodes:40,
[task] id:0,start:0,end:0,service time:0,nodes:464,
[task] id:4,start:0,end:0,service time:0,nodes:69,
[task] id:2,start:0,end:0,service time:0,nodes:669,
[task] id:27,start:0,end:0,service time:0,nodes:623,
[task] id:14,start:0,end:0,service time:0,nodes:486,
[task] id:28,start:0,end:0,service time:0,nodes:246,
[task] id:10,start:0,end:0,service time:0,nodes:31,
[task] id:23,start:0,end:0,service time:0,nodes:457,
[task] id:8,start:0,end:0,service time:0,nodes:108,
[agent] id:0
path:311,346,381,416,451,486,485,484,483,482,481,480,479,478,477,476,475,474,473,472,471,470,469,468,467,466,465,464,464,464,464,464,464,464,464,464,464,464,464,464,464,464,464,464,464,464,464,464,464,
goal:464,464,464,464,464,464,464,464,464,464,464,464,464,464,464,464,464,464,464,464,464,464,464,464,464,464,464,464,464,464,464,464,464,464,464,464,464,464,464,464,464,464,464,464,464,464,464,464,464,
size:27
[agent] id:1
path:257,258,259,260,261,262,227,192,157,122,123,122,87,52,53,54,55,56,57,58,59,59,59,59,59,59,59,59,59,59,59,59,59,59,59,59,59,59,59,59,59,59,59,59,59,59,59,59,59,
goal:59,59,59,59,59,59,59,59,59,59,59,59,59,59,59,59,59,59,59,59,59,59,59,59,59,59,59,59,59,59,59,59,59,59,59,59,59,59,59,59,59,59,59,59,59,59,59,59,59,
size:20
[agent] id:2
path:157,192,191,190,189,188,187,186,185,184,183,182,181,216,251,286,321,356,391,390,425,460,495,530,565,600,635,670,669,669,669,669,669,669,669,669,669,669,669,669,669,669,669,669,669,669,669,669,669,
goal:669,669,669,669,669,669,669,669,669,669,669,669,669,669,669,669,669,669,669,669,669,669,669,669,669,669,669,669,669,669,669,669,669,669,669,669,669,669,669,669,669,669,669,669,669,669,669,669,669,
size:28
[agent] id:3
path:279,244,209,174,173,172,171,170,169,168,167,166,165,164,163,162,161,161,161,161,161,161,161,161,161,161,161,161,161,161,161,161,161,161,161,161,161,161,161,161,161,161,161,161,161,161,161,161,161,
goal:161,161,161,161,161,161,161,161,161,161,161,161,161,161,161,161,161,161,161,161,161,161,161,161,161,161,161,161,161,161,161,161,161,161,161,161,161,161,161,161,161,161,161,161,161,161,161,161,161,
size:16
[agent] id:4
path:258,259,260,261,262,227,192,157,122,123,124,125,126,127,128,129,130,131,132,133,98,63,64,65,66,67,68,69,69,69,69,69,69,69,69,69,69,69,69,69,69,69,69,69,69,69,69,69,69,
goal:69,69,69,69,69,69,69,69,69,69,69,69,69,69,69,69,69,69,69,69,69,69,69,69,69,69,69,69,69,69,69,69,69,69,69,69,69,69,69,69,69,69,69,69,69,69,69,69,69,
size:27
[agent] id:5
path:553,518,483,448,413,378,343,308,273,238,203,168,133,98,63,28,27,27,27,27,27,27,27,27,27,27,27,27,27,27,27,27,27,27,27,27,27,27,27,27,27,27,27,27,27,27,27,27,27,
goal:27,27,27,27,27,27,27,27,27,27,27,27,27,27,27,27,27,27,27,27,27,27,27,27,27,27,27,27,27,27,27,27,27,27,27,27,27,27,27,27,27,27,27,27,27,27,27,27,27,
size:16
[agent] id:6
path:694,659,624,589,554,519,484,449,414,415,416,417,418,419,419,419,419,419,419,419,419,419,419,419,419,419,419,419,419,419,419,419,419,419,419,419,419,419,419,419,419,419,419,419,419,419,419,419,419,
goal:419,419,419,419,419,419,419,419,419,419,419,419,419,419,419,419,419,419,419,419,419,419,419,419,419,419,419,419,419,419,419,419,419,419,419,419,419,419,419,419,419,419,419,419,419,419,419,419,419,
size:13
[agent] id:7
path:417,452,487,522,557,592,627,662,697,732,731,730,729,728,727,726,725,724,723,722,721,720,719,719,719,719,719,719,719,719,719,719,719,719,719,719,719,719,719,719,719,719,719,719,719,719,719,719,719,
goal:719,719,719,719,719,719,719,719,719,719,719,719,719,719,719,719,719,719,719,719,719,719,719,719,719,719,719,719,719,719,719,719,719,719,719,719,719,719,719,719,719,719,719,719,719,719,719,719,719,
size:22
[agent] id:8
path:734,699,664,629,594,559,524,489,454,419,384,349,314,279,244,209,174,139,138,137,136,135,134,133,132,131,130,129,128,127,126,125,124,123,122,121,120,119,118,117,116,115,114,113,112,111,110,109,108,
goal:108,108,108,108,108,108,108,108,108,108,108,108,108,108,108,108,108,108,108,108,108,108,108,108,108,108,108,108,108,108,108,108,108,108,108,108,108,108,108,108,108,108,108,108,108,108,108,108,108,
size:48
[agent] id:9
path:262,227,192,191,190,189,188,187,186,185,185,185,185,185,185,185,185,185,185,185,185,185,185,185,185,185,185,185,185,185,185,185,185,185,185,185,185,185,185,185,185,185,185,185,185,185,185,185,185,
goal:185,185,185,185,185,185,185,185,185,185,185,185,185,185,185,185,185,185,185,185,185,185,185,185,185,185,185,185,185,185,185,185,185,185,185,185,185,185,185,185,185,185,185,185,185,185,185,185,185,
size:9
[agent] id:10
path:607,572,573,574,575,576,577,578,543,544,545,546,547,548,549,550,551,552,553,518,483,448,449,414,415,380,345,310,275,240,205,170,135,100,65,30,31,31,31,31,31,31,31,31,31,31,31,31,31,
goal:31,31,31,31,31,31,31,31,31,31,31,31,31,31,31,31,31,31,31,31,31,31,31,31,31,31,31,31,31,31,31,31,31,31,31,31,31,31,31,31,31,31,31,31,31,31,31,31,31,
size:36
[agent] id:11
path:612,613,614,615,616,617,618,619,620,621,621,621,621,621,621,621,621,621,621,621,621,621,621,621,621,621,621,621,621,621,621,621,621,621,621,621,621,621,621,621,621,621,621,621,621,621,621,621,621,
goal:621,621,621,621,621,621,621,621,621,621,621,621,621,621,621,621,621,621,621,621,621,621,621,621,621,621,621,621,621,621,621,621,621,621,621,621,621,621,621,621,621,621,621,621,621,621,621,621,621,
size:9
[agent] id:12
path:73,108,143,178,213,248,283,318,353,352,352,352,352,352,352,352,352,352,352,352,352,352,352,352,352,352,352,352,352,352,352,352,352,352,352,352,352,352,352,352,352,352,352,352,352,352,352,352,352,
goal:352,352,352,352,352,352,352,352,352,352,352,352,352,352,352,352,352,352,352,352,352,352,352,352,352,352,352,352,352,352,352,352,352,352,352,352,352,352,352,352,352,352,352,352,352,352,352,352,352,
size:9
[agent] id:13
path:472,437,436,435,434,433,432,431,430,429,428,427,426,426,426,426,426,426,426,426,426,426,426,426,426,426,426,426,426,426,426,426,426,426,426,426,426,426,426,426,426,426,426,426,426,426,426,426,426,
goal:426,426,426,426,426,426,426,426,426,426,426,426,426,426,426,426,426,426,426,426,426,426,426,426,426,426,426,426,426,426,426,426,426,426,426,426,426,426,426,426,426,426,426,426,426,426,426,426,426,
size:12
[agent] id:14
path:457,458,459,460,461,462,463,464,465,466,467,468,469,470,471,472,473,438,439,440,475,476,477,478,479,480,481,482,483,484,485,486,486,486,486,486,486,486,486,486,486,486,486,486,486,486,486,486,486,
goal:486,486,486,486,486,486,486,486,486,486,486,486,486,486,486,486,486,486,486,486,486,486,486,486,486,486,486,486,486,486,486,486,486,486,486,486,486,486,486,486,486,486,486,486,486,486,486,486,486,
size:31
[agent] id:15
path:207,242,277,312,347,382,381,380,379,414,413,412,411,410,409,408,408,408,408,408,408,408,408,408,408,408,408,408,408,408,408,408,408,408,408,408,408,408,408,408,408,408,408,408,408,408,408,408,408,
goal:408,408,408,408,408,408,408,408,408,408,408,408,408,408,408,408,408,408,408,408,408,408,408,408,408,408,408,408,408,408,408,408,408,408,408,408,408,408,408,408,408,408,408,408,408,408,408,408,408,
size:15
[agent] id:16
path:261,296,295,294,259,258,293,328,327,326,325,324,323,322,321,356,391,390,425,424,423,422,422,422,422,422,422,422,422,422,422,422,422,422,422,422,422,422,422,422,422,422,422,422,422,422,422,422,422,
goal:422,422,422,422,422,422,422,422,422,422,422,422,422,422,422,422,422,422,422,422,422,422,422,422,422,422,422,422,422,422,422,422,422,422,422,422,422,422,422,422,422,422,422,422,422,422,422,422,422,
size:21
[agent] id:17
path:127,162,197,198,199,200,201,202,203,204,239,274,309,344,379,379,379,379,379,379,379,379,379,379,379,379,379,379,379,379,379,379,379,379,379,379,379,379,379,379,379,379,379,379,379,379,379,379,379,
goal:379,379,379,379,379,379,379,379,379,379,379,379,379,379,379,379,379,379,379,379,379,379,379,379,379,379,379,379,379,379,379,379,379,379,379,379,379,379,379,379,379,379,379,379,379,379,379,379,379,
size:14
[agent] id:18
path:559,524,489,488,487,452,451,450,449,448,447,446,445,444,443,442,407,406,405,404,403,402,402,402,402,402,402,402,402,402,402,402,402,402,402,402,402,402,402,402,402,402,402,402,402,402,402,402,402,
goal:402,402,402,402,402,402,402,402,402,402,402,402,402,402,402,402,402,402,402,402,402,402,402,402,402,402,402,402,402,402,402,402,402,402,402,402,402,402,402,402,402,402,402,402,402,402,402,402,402,
size:21
[agent] id:19
path:627,662,697,696,695,694,693,692,691,690,689,688,687,686,685,684,683,682,681,680,679,679,679,679,679,679,679,679,679,679,679,679,679,679,679,679,679,679,679,679,679,679,679,679,679,679,679,679,679,
goal:679,679,679,679,679,679,679,679,679,679,679,679,679,679,679,679,679,679,679,679,679,679,679,679,679,679,679,679,679,679,679,679,679,679,679,679,679,679,679,679,679,679,679,679,679,679,679,679,679,
size:20
[agent] id:20
path:290,325,326,327,328,329,330,331,332,333,334,335,335,335,335,335,335,335,335,335,335,335,335,335,335,335,335,335,335,335,335,335,335,335,335,335,335,335,335,335,335,335,335,335,335,335,335,335,335,
goal:335,335,335,335,335,335,335,335,335,335,335,335,335,335,335,335,335,335,335,335,335,335,335,335,335,335,335,335,335,335,335,335,335,335,335,335,335,335,335,335,335,335,335,335,335,335,335,335,335,
size:11
[agent] id:21
path:24,59,58,57,56,55,54,53,52,87,122,157,192,227,262,297,297,297,297,297,297,297,297,297,297,297,297,297,297,297,297,297,297,297,297,297,297,297,297,297,297,297,297,297,297,297,297,297,297,
goal:297,297,297,297,297,297,297,297,297,297,297,297,297,297,297,297,297,297,297,297,297,297,297,297,297,297,297,297,297,297,297,297,297,297,297,297,297,297,297,297,297,297,297,297,297,297,297,297,297,
size:15
[agent] id:22
path:458,493,528,563,598,633,668,668,668,668,668,668,668,668,668,668,668,668,668,668,668,668,668,668,668,668,668,668,668,668,668,668,668,668,668,668,668,668,668,668,668,668,668,668,668,668,668,668,668,
goal:668,668,668,668,668,668,668,668,668,668,668,668,668,668,668,668,668,668,668,668,668,668,668,668,668,668,668,668,668,668,668,668,668,668,668,668,668,668,668,668,668,668,668,668,668,668,668,668,668,
size:6
[agent] id:23
path:313,348,383,418,417,416,415,414,413,412,411,410,409,408,407,406,405,404,403,438,437,436,435,434,433,432,431,430,429,428,463,462,461,460,459,458,457,457,457,457,457,457,457,457,457,457,457,457,457,
goal:457,457,457,457,457,457,457,457,457,457,457,457,457,457,457,457,457,457,457,457,457,457,457,457,457,457,457,457,457,457,457,457,457,457,457,457,457,457,457,457,457,457,457,457,457,457,457,457,457,
size:36
[agent] id:24
path:98,63,62,61,60,59,58,57,56,55,54,53,52,51,50,49,48,47,46,45,44,43,42,41,40,40,40,40,40,40,40,40,40,40,40,40,40,40,40,40,40,40,40,40,40,40,40,40,40,
goal:40,40,40,40,40,40,40,40,40,40,40,40,40,40,40,40,40,40,40,40,40,40,40,40,40,40,40,40,40,40,40,40,40,40,40,40,40,40,40,40,40,40,40,40,40,40,40,40,40,
size:24
[agent] id:25
path:297,332,367,402,437,472,507,542,577,612,647,682,717,716,715,714,713,712,711,711,711,711,711,711,711,711,711,711,711,711,711,711,711,711,711,711,711,711,711,711,711,711,711,711,711,711,711,711,711,
goal:711,711,711,711,711,711,711,711,711,711,711,711,711,711,711,711,711,711,711,711,711,711,711,711,711,711,711,711,711,711,711,711,711,711,711,711,711,711,711,711,711,711,711,711,711,711,711,711,711,
size:18
[agent] id:26
path:450,485,520,555,590,589,588,587,586,586,586,586,586,586,586,586,586,586,586,586,586,586,586,586,586,586,586,586,586,586,586,586,586,586,586,586,586,586,586,586,586,586,586,586,586,586,586,586,586,
goal:586,586,586,586,586,586,586,586,586,586,586,586,586,586,586,586,586,586,586,586,586,586,586,586,586,586,586,586,586,586,586,586,586,586,586,586,586,586,586,586,586,586,586,586,586,586,586,586,586,
size:8
[agent] id:27
path:255,290,291,292,293,294,295,296,297,298,299,300,301,336,337,338,339,340,341,342,343,378,413,448,483,518,553,588,623,623,623,623,623,623,623,623,623,623,623,623,623,623,623,623,623,623,623,623,623,
goal:623,623,623,623,623,623,623,623,623,623,623,623,623,623,623,623,623,623,623,623,623,623,623,623,623,623,623,623,623,623,623,623,623,623,623,623,623,623,623,623,623,623,623,623,623,623,623,623,623,
size:28
[agent] id:28
path:484,449,414,379,344,309,274,273,272,271,270,269,268,267,266,265,264,263,262,261,260,259,258,257,256,255,254,253,252,251,250,249,248,247,246,246,246,246,246,246,246,246,246,246,246,246,246,246,246,
goal:246,246,246,246,246,246,246,246,246,246,246,246,246,246,246,246,246,246,246,246,246,246,246,246,246,246,246,246,246,246,246,246,246,246,246,246,246,246,246,246,246,246,246,246,246,246,246,246,246,
size:34
[agent] id:29
path:400,435,470,471,472,507,542,577,612,647,682,683,684,685,720,685,686,687,688,689,690,690,690,690,690,690,690,690,690,690,690,690,690,690,690,690,690,690,690,690,690,690,690,690,690,690,690,690,690,
goal:690,690,690,690,690,690,690,690,690,690,690,690,690,690,690,690,690,690,690,690,690,690,690,690,690,690,690,690,690,690,690,690,690,690,690,690,690,690,690,690,690,690,690,690,690,690,690,690,690,
size:20
SolutionCost:614
