[setting] seed:15
[solver] type:ECBS
[solver] w:2.000000
[solver] ID:0
[solver] Lowlevelnode:8196
[solver] ConflictCount:13
[solver] solved:1
[solver] elapsed:50
[solver] makespan:43
[problem] timesteplimit:10000
[problem] type:MAPF
[problem] agentnum:30
[graph] width:35
[graph] height:21
[graph] filename:./map/warehouse_middle.map
[task] id:4,start:0,end:0,service time:0,nodes:335,
[task] id:8,start:0,end:0,service time:0,nodes:41,
[task] id:9,start:0,end:0,service time:0,nodes:157,
[task] id:10,start:0,end:0,service time:0,nodes:47,
[task] id:13,start:0,end:0,service time:0,nodes:55,
[task] id:16,start:0,end:0,service time:0,nodes:284,
[task] id:21,start:0,end:0,service time:0,nodes:587,
[task] id:6,start:0,end:0,service time:0,nodes:295,
[task] id:19,start:0,end:0,service time:0,nodes:717,
[task] id:11,start:0,end:0,service time:0,nodes:674,
[task] id:5,start:0,end:0,service time:0,nodes:307,
[task] id:7,start:0,end:0,service time:0,nodes:333,
[task] id:0,start:0,end:0,service time:0,nodes:679,
[task] id:24,start:0,end:0,service time:0,nodes:713,
[task] id:12,start:0,end:0,service time:0,nodes:628,
[task] id:3,start:0,end:0,service time:0,nodes:569,
[task] id:23,start:0,end:0,service time:0,nodes:623,
[task] id:26,start:0,end:0,service time:0,nodes:547,
[task] id:1,start:0,end:0,service time:0,nodes:203,
[task] id:25,start:0,end:0,service time:0,nodes:44,
[task] id:14,start:0,end:0,service time:0,nodes:10,
[task] id:18,start:0,end:0,service time:0,nodes:626,
[task] id:27,start:0,end:0,service time:0,nodes:320,
[task] id:28,start:0,end:0,service time:0,nodes:29,
[task] id:29,start:0,end:0,service time:0,nodes:492,
[task] id:15,start:0,end:0,service time:0,nodes:420,
[task] id:2,start:0,end:0,service time:0,nodes:417,
[task] id:22,start:0,end:0,service time:0,nodes:152,
[task] id:20,start:0,end:0,service time:0,nodes:634,
[task] id:17,start:0,end:0,service time:0,nodes:42,
[agent] id:0
path:663,698,697,696,695,694,693,692,691,690,689,688,687,686,685,684,683,682,681,680,679,679,679,679,679,679,679,679,679,679,679,679,679,679,679,679,679,679,679,679,679,679,679,679,
goal:679,679,679,679,679,679,679,679,679,679,679,679,679,679,679,679,679,679,679,679,679,679,679,679,679,679,679,679,679,679,679,679,679,679,679,679,679,679,679,679,679,679,679,679,
size:20
[agent] id:1
path:43,44,45,46,47,48,49,50,51,52,53,54,55,56,57,58,59,60,25,26,61,62,63,98,133,168,203,203,203,203,203,203,203,203,203,203,203,203,203,203,203,203,203,203,
goal:203,203,203,203,203,203,203,203,203,203,203,203,203,203,203,203,203,203,203,203,203,203,203,203,203,203,203,203,203,203,203,203,203,203,203,203,203,203,203,203,203,203,203,203,
size:26
[agent] id:2
path:73,108,143,178,213,248,283,318,353,388,389,390,391,392,393,394,395,396,397,398,399,400,401,402,403,404,405,406,407,408,409,410,411,412,413,414,415,416,417,417,417,417,417,417,
goal:417,417,417,417,417,417,417,417,417,417,417,417,417,417,417,417,417,417,417,417,417,417,417,417,417,417,417,417,417,417,417,417,417,417,417,417,417,417,417,417,417,417,417,417,
size:38
[agent] id:3
path:521,556,591,590,589,588,587,586,585,584,583,582,581,580,579,578,577,576,575,574,573,572,571,570,569,569,569,569,569,569,569,569,569,569,569,569,569,569,569,569,569,569,569,569,
goal:569,569,569,569,569,569,569,569,569,569,569,569,569,569,569,569,569,569,569,569,569,569,569,569,569,569,569,569,569,569,569,569,569,569,569,569,569,569,569,569,569,569,569,569,
size:24
[agent] id:4
path:268,303,338,337,336,335,335,335,335,335,335,335,335,335,335,335,335,335,335,335,335,335,335,335,335,335,335,335,335,335,335,335,335,335,335,335,335,335,335,335,335,335,335,335,
goal:335,335,335,335,335,335,335,335,335,335,335,335,335,335,335,335,335,335,335,335,335,335,335,335,335,335,335,335,335,335,335,335,335,335,335,335,335,335,335,335,335,335,335,335,
size:5
[agent] id:5
path:468,433,398,399,400,401,402,367,332,297,298,299,300,301,302,303,304,305,306,307,307,307,307,307,307,307,307,307,307,307,307,307,307,307,307,307,307,307,307,307,307,307,307,307,
goal:307,307,307,307,307,307,307,307,307,307,307,307,307,307,307,307,307,307,307,307,307,307,307,307,307,307,307,307,307,307,307,307,307,307,307,307,307,307,307,307,307,307,307,307,
size:19
[agent] id:6
path:461,426,391,356,321,286,287,288,289,290,291,292,293,294,295,295,295,295,295,295,295,295,295,295,295,295,295,295,295,295,295,295,295,295,295,295,295,295,295,295,295,295,295,295,
goal:295,295,295,295,295,295,295,295,295,295,295,295,295,295,295,295,295,295,295,295,295,295,295,295,295,295,295,295,295,295,295,295,295,295,295,295,295,295,295,295,295,295,295,295,
size:14
[agent] id:7
path:100,135,170,205,240,275,274,273,272,271,270,269,268,267,266,301,300,299,334,333,333,333,333,333,333,333,333,333,333,333,333,333,333,333,333,333,333,333,333,333,333,333,333,333,
goal:333,333,333,333,333,333,333,333,333,333,333,333,333,333,333,333,333,333,333,333,333,333,333,333,333,333,333,333,333,333,333,333,333,333,333,333,333,333,333,333,333,333,333,333,
size:19
[agent] id:8
path:250,215,180,145,110,75,40,40,41,41,41,41,41,41,41,41,41,41,41,41,41,41,41,41,41,41,41,41,41,41,41,41,41,41,41,41,41,41,41,41,41,41,41,41,
goal:41,41,41,41,41,41,41,41,41,41,41,41,41,41,41,41,41,41,41,41,41,41,41,41,41,41,41,41,41,41,41,41,41,41,41,41,41,41,41,41,41,41,41,41,
size:8
[agent] id:9
path:326,291,256,257,258,259,260,261,262,227,192,157,157,157,157,157,157,157,157,157,157,157,157,157,157,157,157,157,157,157,157,157,157,157,157,157,157,157,157,157,157,157,157,157,
goal:157,157,157,157,157,157,157,157,157,157,157,157,157,157,157,157,157,157,157,157,157,157,157,157,157,157,157,157,157,157,157,157,157,157,157,157,157,157,157,157,157,157,157,157,
size:11
[agent] id:10
path:286,251,216,181,146,111,76,41,42,43,44,45,46,47,47,47,47,47,47,47,47,47,47,47,47,47,47,47,47,47,47,47,47,47,47,47,47,47,47,47,47,47,47,47,
goal:47,47,47,47,47,47,47,47,47,47,47,47,47,47,47,47,47,47,47,47,47,47,47,47,47,47,47,47,47,47,47,47,47,47,47,47,47,47,47,47,47,47,47,47,
size:13
[agent] id:11
path:214,249,284,319,354,389,424,459,494,529,564,599,634,669,670,671,672,673,674,674,674,674,674,674,674,674,674,674,674,674,674,674,674,674,674,674,674,674,674,674,674,674,674,674,
goal:674,674,674,674,674,674,674,674,674,674,674,674,674,674,674,674,674,674,674,674,674,674,674,674,674,674,674,674,674,674,674,674,674,674,674,674,674,674,674,674,674,674,674,674,
size:18
[agent] id:12
path:571,606,607,608,609,610,611,612,613,614,615,616,617,618,619,620,621,622,623,624,625,626,627,628,628,628,628,628,628,628,628,628,628,628,628,628,628,628,628,628,628,628,628,628,
goal:628,628,628,628,628,628,628,628,628,628,628,628,628,628,628,628,628,628,628,628,628,628,628,628,628,628,628,628,628,628,628,628,628,628,628,628,628,628,628,628,628,628,628,628,
size:23
[agent] id:13
path:300,265,264,263,262,227,192,157,122,87,52,53,54,55,55,55,55,55,55,55,55,55,55,55,55,55,55,55,55,55,55,55,55,55,55,55,55,55,55,55,55,55,55,55,
goal:55,55,55,55,55,55,55,55,55,55,55,55,55,55,55,55,55,55,55,55,55,55,55,55,55,55,55,55,55,55,55,55,55,55,55,55,55,55,55,55,55,55,55,55,
size:13
[agent] id:14
path:675,674,673,672,671,636,601,566,531,496,461,426,425,390,355,320,285,250,215,180,145,110,75,40,5,6,7,8,9,10,10,10,10,10,10,10,10,10,10,10,10,10,10,10,
goal:10,10,10,10,10,10,10,10,10,10,10,10,10,10,10,10,10,10,10,10,10,10,10,10,10,10,10,10,10,10,10,10,10,10,10,10,10,10,10,10,10,10,10,10,
size:29
[agent] id:15
path:727,692,691,690,689,688,687,686,685,684,683,682,647,612,577,542,507,472,437,436,435,434,433,432,431,430,429,428,427,426,425,424,423,422,421,420,420,420,420,420,420,420,420,420,
goal:420,420,420,420,420,420,420,420,420,420,420,420,420,420,420,420,420,420,420,420,420,420,420,420,420,420,420,420,420,420,420,420,420,420,420,420,420,420,420,420,420,420,420,420,
size:35
[agent] id:16
path:603,568,533,532,531,496,461,426,391,356,321,286,285,284,284,284,284,284,284,284,284,284,284,284,284,284,284,284,284,284,284,284,284,284,284,284,284,284,284,284,284,284,284,284,
goal:284,284,284,284,284,284,284,284,284,284,284,284,284,284,284,284,284,284,284,284,284,284,284,284,284,284,284,284,284,284,284,284,284,284,284,284,284,284,284,284,284,284,284,284,
size:13
[agent] id:17
path:419,384,349,314,279,244,209,174,173,172,171,170,169,168,167,166,165,164,163,162,161,160,125,124,123,122,121,120,119,118,117,116,115,114,113,112,111,76,75,40,5,6,7,42,
goal:42,42,42,42,42,42,42,42,42,42,42,42,42,42,42,42,42,42,42,42,42,42,42,42,42,42,42,42,42,42,42,42,42,42,42,42,42,42,42,42,42,42,42,42,
size:43
[agent] id:18
path:327,328,329,330,331,332,333,334,299,300,301,302,303,304,305,340,341,342,343,378,413,448,483,518,553,588,589,624,625,626,626,626,626,626,626,626,626,626,626,626,626,626,626,626,
goal:626,626,626,626,626,626,626,626,626,626,626,626,626,626,626,626,626,626,626,626,626,626,626,626,626,626,626,626,626,626,626,626,626,626,626,626,626,626,626,626,626,626,626,626,
size:29
[agent] id:19
path:588,623,658,693,728,727,726,725,724,723,722,721,720,719,718,717,717,717,717,717,717,717,717,717,717,717,717,717,717,717,717,717,717,717,717,717,717,717,717,717,717,717,717,717,
goal:717,717,717,717,717,717,717,717,717,717,717,717,717,717,717,717,717,717,717,717,717,717,717,717,717,717,717,717,717,717,717,717,717,717,717,717,717,717,717,717,717,717,717,717,
size:15
[agent] id:20
path:208,243,278,313,348,383,418,453,488,523,558,557,556,555,554,553,552,551,586,621,620,619,618,617,616,615,614,613,612,611,610,609,608,607,606,605,604,603,602,601,636,635,634,634,
goal:634,634,634,634,634,634,634,634,634,634,634,634,634,634,634,634,634,634,634,634,634,634,634,634,634,634,634,634,634,634,634,634,634,634,634,634,634,634,634,634,634,634,634,634,
size:42
[agent] id:21
path:270,305,340,341,342,343,378,413,448,483,518,553,588,587,587,587,587,587,587,587,587,587,587,587,587,587,587,587,587,587,587,587,587,587,587,587,587,587,587,587,587,587,587,587,
goal:587,587,587,587,587,587,587,587,587,587,587,587,587,587,587,587,587,587,587,587,587,587,587,587,587,587,587,587,587,587,587,587,587,587,587,587,587,587,587,587,587,587,587,587,
size:13
[agent] id:22
path:733,732,731,730,729,728,727,726,725,724,723,722,721,720,719,718,718,683,682,647,612,577,542,507,472,437,402,367,332,297,262,227,192,191,156,155,154,153,152,152,152,152,152,152,
goal:152,152,152,152,152,152,152,152,152,152,152,152,152,152,152,152,152,152,152,152,152,152,152,152,152,152,152,152,152,152,152,152,152,152,152,152,152,152,152,152,152,152,152,152,
size:38
[agent] id:23
path:123,158,193,194,195,196,197,198,199,200,201,202,203,238,273,308,343,378,413,448,483,518,553,588,623,623,623,623,623,623,623,623,623,623,623,623,623,623,623,623,623,623,623,623,
goal:623,623,623,623,623,623,623,623,623,623,623,623,623,623,623,623,623,623,623,623,623,623,623,623,623,623,623,623,623,623,623,623,623,623,623,623,623,623,623,623,623,623,623,623,
size:24
[agent] id:24
path:285,320,355,390,425,460,495,530,565,600,635,670,705,706,707,708,709,710,711,712,713,713,713,713,713,713,713,713,713,713,713,713,713,713,713,713,713,713,713,713,713,713,713,713,
goal:713,713,713,713,713,713,713,713,713,713,713,713,713,713,713,713,713,713,713,713,713,713,713,713,713,713,713,713,713,713,713,713,713,713,713,713,713,713,713,713,713,713,713,713,
size:20
[agent] id:25
path:606,605,570,569,568,567,566,531,496,461,426,391,356,321,286,251,216,181,146,111,76,75,40,5,6,7,42,43,44,44,44,44,44,44,44,44,44,44,44,44,44,44,44,44,
goal:44,44,44,44,44,44,44,44,44,44,44,44,44,44,44,44,44,44,44,44,44,44,44,44,44,44,44,44,44,44,44,44,44,44,44,44,44,44,44,44,44,44,44,44,
size:28
[agent] id:26
path:425,460,495,530,530,531,532,533,534,535,536,537,538,539,540,541,541,541,576,541,542,543,544,545,546,547,547,547,547,547,547,547,547,547,547,547,547,547,547,547,547,547,547,547,
goal:547,547,547,547,547,547,547,547,547,547,547,547,547,547,547,547,547,547,547,547,547,547,547,547,547,547,547,547,547,547,547,547,547,547,547,547,547,547,547,547,547,547,547,547,
size:25
[agent] id:27
path:382,381,380,379,378,413,412,411,410,409,408,407,406,405,404,403,402,367,332,331,330,329,328,327,326,325,324,323,322,321,320,320,320,320,320,320,320,320,320,320,320,320,320,320,
goal:320,320,320,320,320,320,320,320,320,320,320,320,320,320,320,320,320,320,320,320,320,320,320,320,320,320,320,320,320,320,320,320,320,320,320,320,320,320,320,320,320,320,320,320,
size:30
[agent] id:28
path:394,395,396,397,398,399,400,401,402,367,332,297,262,227,192,193,158,123,124,125,126,127,128,129,130,131,132,133,98,63,28,29,29,29,29,29,29,29,29,29,29,29,29,29,
goal:29,29,29,29,29,29,29,29,29,29,29,29,29,29,29,29,29,29,29,29,29,29,29,29,29,29,29,29,29,29,29,29,29,29,29,29,29,29,29,29,29,29,29,29,
size:31
[agent] id:29
path:627,592,557,556,555,554,553,552,551,550,549,548,547,546,545,544,543,542,541,540,539,538,537,536,535,534,533,532,531,496,495,494,493,492,492,492,492,492,492,492,492,492,492,492,
goal:492,492,492,492,492,492,492,492,492,492,492,492,492,492,492,492,492,492,492,492,492,492,492,492,492,492,492,492,492,492,492,492,492,492,492,492,492,492,492,492,492,492,492,492,
size:33
SolutionCost:699
