[setting] seed:5
[solver] type:ECBS
[solver] w:4.250000
[solver] ID:0
[solver] Lowlevelnode:28467
[solver] solved:1
[solver] elapsed:51
[solver] makespan:35
[problem] timesteplimit:10000
[problem] type:MAPF
[problem] agentnum:20
[graph] width:35
[graph] height:21
[graph] filename:./map/warehouse_middle.map
[task] id:14,start:0,end:0,service time:0,nodes:603,
[task] id:5,start:0,end:0,service time:0,nodes:437,
[task] id:10,start:0,end:0,service time:0,nodes:199,
[task] id:12,start:0,end:0,service time:0,nodes:727,
[task] id:0,start:0,end:0,service time:0,nodes:346,
[task] id:3,start:0,end:0,service time:0,nodes:675,
[task] id:17,start:0,end:0,service time:0,nodes:270,
[task] id:15,start:0,end:0,service time:0,nodes:703,
[task] id:18,start:0,end:0,service time:0,nodes:341,
[task] id:7,start:0,end:0,service time:0,nodes:326,
[task] id:8,start:0,end:0,service time:0,nodes:105,
[task] id:9,start:0,end:0,service time:0,nodes:116,
[task] id:2,start:0,end:0,service time:0,nodes:477,
[task] id:6,start:0,end:0,service time:0,nodes:409,
[task] id:13,start:0,end:0,service time:0,nodes:115,
[task] id:4,start:0,end:0,service time:0,nodes:733,
[task] id:11,start:0,end:0,service time:0,nodes:417,
[task] id:16,start:0,end:0,service time:0,nodes:633,
[task] id:1,start:0,end:0,service time:0,nodes:342,
[task] id:19,start:0,end:0,service time:0,nodes:316,
[agent] id:0
path:197,198,199,200,201,202,203,238,273,308,343,344,345,346,346,346,346,346,346,346,346,346,346,346,346,346,346,346,346,346,346,346,346,346,346,346,
goal:346,346,346,346,346,346,346,346,346,346,346,346,346,346,346,346,346,346,346,346,346,346,346,346,346,346,346,346,346,346,346,346,346,346,346,346,
size:13
[agent] id:1
path:107,142,177,212,247,248,249,250,251,252,253,254,255,256,257,258,259,260,261,296,297,298,299,300,301,302,303,304,305,306,307,342,342,342,342,342,
goal:342,342,342,342,342,342,342,342,342,342,342,342,342,342,342,342,342,342,342,342,342,342,342,342,342,342,342,342,342,342,342,342,342,342,342,342,
size:31
[agent] id:2
path:708,709,710,675,676,677,678,679,680,681,681,682,647,612,647,612,577,542,507,472,473,474,475,476,477,477,477,477,477,477,477,477,477,477,477,477,
goal:477,477,477,477,477,477,477,477,477,477,477,477,477,477,477,477,477,477,477,477,477,477,477,477,477,477,477,477,477,477,477,477,477,477,477,477,
size:24
[agent] id:3
path:492,527,562,597,632,667,668,669,670,671,672,673,674,675,675,675,675,675,675,675,675,675,675,675,675,675,675,675,675,675,675,675,675,675,675,675,
goal:675,675,675,675,675,675,675,675,675,675,675,675,675,675,675,675,675,675,675,675,675,675,675,675,675,675,675,675,675,675,675,675,675,675,675,675,
size:13
[agent] id:4
path:570,605,606,607,608,609,610,611,612,647,682,683,684,685,686,687,688,689,690,691,692,693,728,729,730,731,732,733,733,733,733,733,733,733,733,733,
goal:733,733,733,733,733,733,733,733,733,733,733,733,733,733,733,733,733,733,733,733,733,733,733,733,733,733,733,733,733,733,733,733,733,733,733,733,
size:27
[agent] id:5
path:340,339,338,337,336,335,334,333,332,367,402,437,437,437,437,437,437,437,437,437,437,437,437,437,437,437,437,437,437,437,437,437,437,437,437,437,
goal:437,437,437,437,437,437,437,437,437,437,437,437,437,437,437,437,437,437,437,437,437,437,437,437,437,437,437,437,437,437,437,437,437,437,437,437,
size:11
[agent] id:6
path:249,284,319,354,389,390,391,392,393,394,395,396,397,398,399,400,401,402,403,404,405,406,407,408,409,409,409,409,409,409,409,409,409,409,409,409,
goal:409,409,409,409,409,409,409,409,409,409,409,409,409,409,409,409,409,409,409,409,409,409,409,409,409,409,409,409,409,409,409,409,409,409,409,409,
size:24
[agent] id:7
path:449,414,379,344,343,342,341,340,339,338,337,336,335,300,299,298,297,296,295,294,329,328,327,326,326,326,326,326,326,326,326,326,326,326,326,326,
goal:326,326,326,326,326,326,326,326,326,326,326,326,326,326,326,326,326,326,326,326,326,326,326,326,326,326,326,326,326,326,326,326,326,326,326,326,
size:23
[agent] id:8
path:468,433,432,431,430,429,428,427,426,391,356,321,286,251,216,181,146,111,110,109,108,107,106,105,105,105,105,105,105,105,105,105,105,105,105,105,
goal:105,105,105,105,105,105,105,105,105,105,105,105,105,105,105,105,105,105,105,105,105,105,105,105,105,105,105,105,105,105,105,105,105,105,105,105,
size:23
[agent] id:9
path:309,274,239,204,169,134,133,132,131,130,129,128,127,126,125,124,123,122,121,120,119,118,117,116,116,116,116,116,116,116,116,116,116,116,116,116,
goal:116,116,116,116,116,116,116,116,116,116,116,116,116,116,116,116,116,116,116,116,116,116,116,116,116,116,116,116,116,116,116,116,116,116,116,116,
size:23
[agent] id:10
path:306,271,272,273,238,203,204,203,202,201,200,199,199,199,199,199,199,199,199,199,199,199,199,199,199,199,199,199,199,199,199,199,199,199,199,199,
goal:199,199,199,199,199,199,199,199,199,199,199,199,199,199,199,199,199,199,199,199,199,199,199,199,199,199,199,199,199,199,199,199,199,199,199,199,
size:11
[agent] id:11
path:462,427,392,393,394,395,396,397,398,399,400,401,402,403,404,405,406,407,408,409,410,411,412,413,414,415,416,417,417,417,417,417,417,417,417,417,
goal:417,417,417,417,417,417,417,417,417,417,417,417,417,417,417,417,417,417,417,417,417,417,417,417,417,417,417,417,417,417,417,417,417,417,417,417,
size:27
[agent] id:12
path:411,446,481,482,483,518,553,588,623,658,693,728,727,727,727,727,727,727,727,727,727,727,727,727,727,727,727,727,727,727,727,727,727,727,727,727,
goal:727,727,727,727,727,727,727,727,727,727,727,727,727,727,727,727,727,727,727,727,727,727,727,727,727,727,727,727,727,727,727,727,727,727,727,727,
size:12
[agent] id:13
path:676,675,674,673,672,671,636,601,566,531,496,461,426,391,356,321,286,251,216,181,146,111,112,113,114,115,115,115,115,115,115,115,115,115,115,115,
goal:115,115,115,115,115,115,115,115,115,115,115,115,115,115,115,115,115,115,115,115,115,115,115,115,115,115,115,115,115,115,115,115,115,115,115,115,
size:25
[agent] id:14
path:321,356,391,426,461,496,531,566,567,602,603,603,603,603,603,603,603,603,603,603,603,603,603,603,603,603,603,603,603,603,603,603,603,603,603,603,
goal:603,603,603,603,603,603,603,603,603,603,603,603,603,603,603,603,603,603,603,603,603,603,603,603,603,603,603,603,603,603,603,603,603,603,603,603,
size:10
[agent] id:15
path:72,107,142,177,212,247,282,317,352,387,422,457,492,527,562,597,632,667,702,703,703,703,703,703,703,703,703,703,703,703,703,703,703,703,703,703,
goal:703,703,703,703,703,703,703,703,703,703,703,703,703,703,703,703,703,703,703,703,703,703,703,703,703,703,703,703,703,703,703,703,703,703,703,703,
size:19
[agent] id:16
path:266,301,336,335,334,333,332,367,402,437,472,507,542,577,576,575,574,573,572,571,570,569,568,567,602,601,636,635,634,633,633,633,633,633,633,633,
goal:633,633,633,633,633,633,633,633,633,633,633,633,633,633,633,633,633,633,633,633,633,633,633,633,633,633,633,633,633,633,633,633,633,633,633,633,
size:29
[agent] id:17
path:695,660,625,590,555,520,485,450,415,380,345,310,275,274,273,272,271,270,270,270,270,270,270,270,270,270,270,270,270,270,270,270,270,270,270,270,
goal:270,270,270,270,270,270,270,270,270,270,270,270,270,270,270,270,270,270,270,270,270,270,270,270,270,270,270,270,270,270,270,270,270,270,270,270,
size:17
[agent] id:18
path:253,288,323,324,325,326,327,328,329,330,331,332,333,334,335,336,337,338,339,340,341,341,341,341,341,341,341,341,341,341,341,341,341,341,341,341,
goal:341,341,341,341,341,341,341,341,341,341,341,341,341,341,341,341,341,341,341,341,341,341,341,341,341,341,341,341,341,341,341,341,341,341,341,341,
size:20
[agent] id:19
path:725,724,723,722,721,720,719,718,717,716,715,714,713,712,711,710,709,674,673,672,671,636,601,566,531,496,461,426,391,356,321,320,319,318,317,316,
goal:316,316,316,316,316,316,316,316,316,316,316,316,316,316,316,316,316,316,316,316,316,316,316,316,316,316,316,316,316,316,316,316,316,316,316,316,
size:35
SolutionCost:417
