[setting] seed:36
[solver] type:ECBS
[solver] w:2.000000
[solver] ID:0
[solver] Lowlevelnode:2924
[solver] ConflictCount:11
[solver] solved:1
[solver] elapsed:20
[solver] makespan:36
[problem] timesteplimit:10000
[problem] type:MAPF
[problem] agentnum:30
[graph] width:35
[graph] height:21
[graph] filename:./map/warehouse_middle.map
[task] id:25,start:0,end:0,service time:0,nodes:663,
[task] id:1,start:0,end:0,service time:0,nodes:702,
[task] id:27,start:0,end:0,service time:0,nodes:341,
[task] id:11,start:0,end:0,service time:0,nodes:355,
[task] id:18,start:0,end:0,service time:0,nodes:414,
[task] id:29,start:0,end:0,service time:0,nodes:413,
[task] id:0,start:0,end:0,service time:0,nodes:605,
[task] id:19,start:0,end:0,service time:0,nodes:705,
[task] id:14,start:0,end:0,service time:0,nodes:710,
[task] id:2,start:0,end:0,service time:0,nodes:387,
[task] id:5,start:0,end:0,service time:0,nodes:613,
[task] id:23,start:0,end:0,service time:0,nodes:133,
[task] id:28,start:0,end:0,service time:0,nodes:486,
[task] id:17,start:0,end:0,service time:0,nodes:395,
[task] id:16,start:0,end:0,service time:0,nodes:485,
[task] id:7,start:0,end:0,service time:0,nodes:399,
[task] id:10,start:0,end:0,service time:0,nodes:7,
[task] id:8,start:0,end:0,service time:0,nodes:207,
[task] id:26,start:0,end:0,service time:0,nodes:436,
[task] id:4,start:0,end:0,service time:0,nodes:474,
[task] id:3,start:0,end:0,service time:0,nodes:477,
[task] id:9,start:0,end:0,service time:0,nodes:191,
[task] id:12,start:0,end:0,service time:0,nodes:268,
[task] id:15,start:0,end:0,service time:0,nodes:278,
[task] id:22,start:0,end:0,service time:0,nodes:723,
[task] id:21,start:0,end:0,service time:0,nodes:197,
[task] id:13,start:0,end:0,service time:0,nodes:322,
[task] id:24,start:0,end:0,service time:0,nodes:101,
[task] id:6,start:0,end:0,service time:0,nodes:160,
[task] id:20,start:0,end:0,service time:0,nodes:5,
[agent] id:0
path:647,612,611,610,609,608,607,606,605,605,605,605,605,605,605,605,605,605,605,605,605,605,605,605,605,605,605,605,605,605,605,605,605,605,605,605,605,
goal:605,605,605,605,605,605,605,605,605,605,605,605,605,605,605,605,605,605,605,605,605,605,605,605,605,605,605,605,605,605,605,605,605,605,605,605,605,
size:8
[agent] id:1
path:595,630,665,700,701,702,702,702,702,702,702,702,702,702,702,702,702,702,702,702,702,702,702,702,702,702,702,702,702,702,702,702,702,702,702,702,702,
goal:702,702,702,702,702,702,702,702,702,702,702,702,702,702,702,702,702,702,702,702,702,702,702,702,702,702,702,702,702,702,702,702,702,702,702,702,702,
size:5
[agent] id:2
path:535,534,533,532,531,496,461,426,391,390,389,388,387,387,387,387,387,387,387,387,387,387,387,387,387,387,387,387,387,387,387,387,387,387,387,387,387,
goal:387,387,387,387,387,387,387,387,387,387,387,387,387,387,387,387,387,387,387,387,387,387,387,387,387,387,387,387,387,387,387,387,387,387,387,387,387,
size:12
[agent] id:3
path:48,49,50,51,52,87,122,157,192,227,262,297,332,367,402,437,472,473,474,475,476,477,477,477,477,477,477,477,477,477,477,477,477,477,477,477,477,
goal:477,477,477,477,477,477,477,477,477,477,477,477,477,477,477,477,477,477,477,477,477,477,477,477,477,477,477,477,477,477,477,477,477,477,477,477,477,
size:21
[agent] id:4
path:627,592,557,522,487,486,485,484,483,448,447,446,445,444,443,442,441,440,439,439,474,474,474,474,474,474,474,474,474,474,474,474,474,474,474,474,474,
goal:474,474,474,474,474,474,474,474,474,474,474,474,474,474,474,474,474,474,474,474,474,474,474,474,474,474,474,474,474,474,474,474,474,474,474,474,474,
size:20
[agent] id:5
path:603,604,605,606,607,572,573,608,609,610,611,612,613,613,613,613,613,613,613,613,613,613,613,613,613,613,613,613,613,613,613,613,613,613,613,613,613,
goal:613,613,613,613,613,613,613,613,613,613,613,613,613,613,613,613,613,613,613,613,613,613,613,613,613,613,613,613,613,613,613,613,613,613,613,613,613,
size:12
[agent] id:6
path:702,667,632,597,562,527,492,457,422,387,352,317,282,247,212,177,142,143,144,145,146,147,148,149,150,151,152,153,154,155,156,157,158,159,160,160,160,
goal:160,160,160,160,160,160,160,160,160,160,160,160,160,160,160,160,160,160,160,160,160,160,160,160,160,160,160,160,160,160,160,160,160,160,160,160,160,
size:34
[agent] id:7
path:127,162,197,196,195,194,193,192,227,262,297,332,367,402,401,400,399,399,399,399,399,399,399,399,399,399,399,399,399,399,399,399,399,399,399,399,399,
goal:399,399,399,399,399,399,399,399,399,399,399,399,399,399,399,399,399,399,399,399,399,399,399,399,399,399,399,399,399,399,399,399,399,399,399,399,399,
size:16
[agent] id:8
path:18,53,54,55,56,57,58,59,60,61,62,63,98,99,134,169,204,205,206,207,207,207,207,207,207,207,207,207,207,207,207,207,207,207,207,207,207,
goal:207,207,207,207,207,207,207,207,207,207,207,207,207,207,207,207,207,207,207,207,207,207,207,207,207,207,207,207,207,207,207,207,207,207,207,207,207,
size:19
[agent] id:9
path:670,635,600,565,530,495,460,425,426,426,391,356,321,286,251,216,181,182,183,184,185,186,187,188,189,190,191,191,191,191,191,191,191,191,191,191,191,
goal:191,191,191,191,191,191,191,191,191,191,191,191,191,191,191,191,191,191,191,191,191,191,191,191,191,191,191,191,191,191,191,191,191,191,191,191,191,
size:26
[agent] id:10
path:385,350,315,280,245,210,175,140,105,70,35,0,1,2,3,4,5,6,7,7,7,7,7,7,7,7,7,7,7,7,7,7,7,7,7,7,7,
goal:7,7,7,7,7,7,7,7,7,7,7,7,7,7,7,7,7,7,7,7,7,7,7,7,7,7,7,7,7,7,7,7,7,7,7,7,7,
size:18
[agent] id:11
path:315,316,317,352,353,354,355,355,355,355,355,355,355,355,355,355,355,355,355,355,355,355,355,355,355,355,355,355,355,355,355,355,355,355,355,355,355,
goal:355,355,355,355,355,355,355,355,355,355,355,355,355,355,355,355,355,355,355,355,355,355,355,355,355,355,355,355,355,355,355,355,355,355,355,355,355,
size:6
[agent] id:12
path:386,351,316,281,246,247,248,249,250,251,252,253,254,255,256,257,258,259,260,261,262,263,264,265,266,267,268,268,268,268,268,268,268,268,268,268,268,
goal:268,268,268,268,268,268,268,268,268,268,268,268,268,268,268,268,268,268,268,268,268,268,268,268,268,268,268,268,268,268,268,268,268,268,268,268,268,
size:26
[agent] id:13
path:30,65,100,135,170,205,240,275,310,309,308,307,306,305,340,339,338,337,336,335,334,333,332,331,330,329,328,327,326,325,324,323,322,322,322,322,322,
goal:322,322,322,322,322,322,322,322,322,322,322,322,322,322,322,322,322,322,322,322,322,322,322,322,322,322,322,322,322,322,322,322,322,322,322,322,322,
size:32
[agent] id:14
path:700,701,702,703,704,705,706,707,708,709,710,710,710,710,710,710,710,710,710,710,710,710,710,710,710,710,710,710,710,710,710,710,710,710,710,710,710,
goal:710,710,710,710,710,710,710,710,710,710,710,710,710,710,710,710,710,710,710,710,710,710,710,710,710,710,710,710,710,710,710,710,710,710,710,710,710,
size:10
[agent] id:15
path:149,184,185,186,187,188,189,190,191,192,227,262,263,264,265,266,267,268,269,270,271,272,273,274,275,276,277,278,278,278,278,278,278,278,278,278,278,
goal:278,278,278,278,278,278,278,278,278,278,278,278,278,278,278,278,278,278,278,278,278,278,278,278,278,278,278,278,278,278,278,278,278,278,278,278,278,
size:27
[agent] id:16
path:578,543,544,545,546,547,548,549,550,551,552,553,518,483,484,485,485,485,485,485,485,485,485,485,485,485,485,485,485,485,485,485,485,485,485,485,485,
goal:485,485,485,485,485,485,485,485,485,485,485,485,485,485,485,485,485,485,485,485,485,485,485,485,485,485,485,485,485,485,485,485,485,485,485,485,485,
size:15
[agent] id:17
path:191,192,227,262,297,332,367,402,401,400,399,398,397,396,395,395,395,395,395,395,395,395,395,395,395,395,395,395,395,395,395,395,395,395,395,395,395,
goal:395,395,395,395,395,395,395,395,395,395,395,395,395,395,395,395,395,395,395,395,395,395,395,395,395,395,395,395,395,395,395,395,395,395,395,395,395,
size:14
[agent] id:18
path:588,553,518,483,448,413,414,414,414,414,414,414,414,414,414,414,414,414,414,414,414,414,414,414,414,414,414,414,414,414,414,414,414,414,414,414,414,
goal:414,414,414,414,414,414,414,414,414,414,414,414,414,414,414,414,414,414,414,414,414,414,414,414,414,414,414,414,414,414,414,414,414,414,414,414,414,
size:6
[agent] id:19
path:424,459,494,529,564,599,634,669,704,705,705,705,705,705,705,705,705,705,705,705,705,705,705,705,705,705,705,705,705,705,705,705,705,705,705,705,705,
goal:705,705,705,705,705,705,705,705,705,705,705,705,705,705,705,705,705,705,705,705,705,705,705,705,705,705,705,705,705,705,705,705,705,705,705,705,705,
size:9
[agent] id:20
path:687,686,685,684,683,682,647,612,577,542,507,472,437,436,435,434,433,432,431,430,429,394,393,392,391,356,321,286,251,216,181,146,111,76,41,6,5,
goal:5,5,5,5,5,5,5,5,5,5,5,5,5,5,5,5,5,5,5,5,5,5,5,5,5,5,5,5,5,5,5,5,5,5,5,5,5,
size:36
[agent] id:21
path:598,563,528,493,458,423,388,353,318,283,248,213,178,179,180,181,182,183,184,185,186,187,188,189,190,191,192,193,194,195,196,197,197,197,197,197,197,
goal:197,197,197,197,197,197,197,197,197,197,197,197,197,197,197,197,197,197,197,197,197,197,197,197,197,197,197,197,197,197,197,197,197,197,197,197,197,
size:31
[agent] id:22
path:423,458,493,494,529,564,599,634,669,670,671,672,673,674,675,676,711,712,713,714,715,716,717,718,719,720,721,722,723,723,723,723,723,723,723,723,723,
goal:723,723,723,723,723,723,723,723,723,723,723,723,723,723,723,723,723,723,723,723,723,723,723,723,723,723,723,723,723,723,723,723,723,723,723,723,723,
size:28
[agent] id:23
path:264,265,266,267,268,269,270,271,272,273,238,203,168,133,133,133,133,133,133,133,133,133,133,133,133,133,133,133,133,133,133,133,133,133,133,133,133,
goal:133,133,133,133,133,133,133,133,133,133,133,133,133,133,133,133,133,133,133,133,133,133,133,133,133,133,133,133,133,133,133,133,133,133,133,133,133,
size:13
[agent] id:24
path:716,681,682,647,612,577,542,507,472,473,474,475,476,477,478,443,444,445,446,447,448,449,450,415,380,345,310,275,240,205,170,135,100,101,101,101,101,
goal:101,101,101,101,101,101,101,101,101,101,101,101,101,101,101,101,101,101,101,101,101,101,101,101,101,101,101,101,101,101,101,101,101,101,101,101,101,
size:33
[agent] id:25
path:698,663,663,663,663,663,663,663,663,663,663,663,663,663,663,663,663,663,663,663,663,663,663,663,663,663,663,663,663,663,663,663,663,663,663,663,663,
goal:663,663,663,663,663,663,663,663,663,663,663,663,663,663,663,663,663,663,663,663,663,663,663,663,663,663,663,663,663,663,663,663,663,663,663,663,663,
size:1
[agent] id:26
path:203,238,273,308,343,378,413,448,447,446,445,444,443,442,441,440,439,438,437,436,436,436,436,436,436,436,436,436,436,436,436,436,436,436,436,436,436,
goal:436,436,436,436,436,436,436,436,436,436,436,436,436,436,436,436,436,436,436,436,436,436,436,436,436,436,436,436,436,436,436,436,436,436,436,436,436,
size:19
[agent] id:27
path:238,273,308,343,342,341,341,341,341,341,341,341,341,341,341,341,341,341,341,341,341,341,341,341,341,341,341,341,341,341,341,341,341,341,341,341,341,
goal:341,341,341,341,341,341,341,341,341,341,341,341,341,341,341,341,341,341,341,341,341,341,341,341,341,341,341,341,341,341,341,341,341,341,341,341,341,
size:5
[agent] id:28
path:473,474,475,476,477,478,479,480,481,482,483,484,485,486,486,486,486,486,486,486,486,486,486,486,486,486,486,486,486,486,486,486,486,486,486,486,486,
goal:486,486,486,486,486,486,486,486,486,486,486,486,486,486,486,486,486,486,486,486,486,486,486,486,486,486,486,486,486,486,486,486,486,486,486,486,486,
size:13
[agent] id:29
path:311,346,381,380,379,379,378,413,413,413,413,413,413,413,413,413,413,413,413,413,413,413,413,413,413,413,413,413,413,413,413,413,413,413,413,413,413,
goal:413,413,413,413,413,413,413,413,413,413,413,413,413,413,413,413,413,413,413,413,413,413,413,413,413,413,413,413,413,413,413,413,413,413,413,413,413,
size:7
SolutionCost:522
