[setting] seed:95
[solver] type:ECBS
[solver] w:2.000000
[solver] ID:0
[solver] Lowlevelnode:6827
[solver] ConflictCount:13
[solver] solved:1
[solver] elapsed:45
[solver] makespan:39
[problem] timesteplimit:10000
[problem] type:MAPF
[problem] agentnum:30
[graph] width:35
[graph] height:21
[graph] filename:./map/warehouse_middle.map
[task] id:7,start:0,end:0,service time:0,nodes:686,
[task] id:10,start:0,end:0,service time:0,nodes:696,
[task] id:26,start:0,end:0,service time:0,nodes:239,
[task] id:5,start:0,end:0,service time:0,nodes:538,
[task] id:8,start:0,end:0,service time:0,nodes:37,
[task] id:24,start:0,end:0,service time:0,nodes:475,
[task] id:4,start:0,end:0,service time:0,nodes:470,
[task] id:9,start:0,end:0,service time:0,nodes:201,
[task] id:17,start:0,end:0,service time:0,nodes:303,
[task] id:1,start:0,end:0,service time:0,nodes:331,
[task] id:27,start:0,end:0,service time:0,nodes:39,
[task] id:3,start:0,end:0,service time:0,nodes:317,
[task] id:0,start:0,end:0,service time:0,nodes:464,
[task] id:11,start:0,end:0,service time:0,nodes:664,
[task] id:16,start:0,end:0,service time:0,nodes:260,
[task] id:6,start:0,end:0,service time:0,nodes:343,
[task] id:14,start:0,end:0,service time:0,nodes:296,
[task] id:21,start:0,end:0,service time:0,nodes:405,
[task] id:22,start:0,end:0,service time:0,nodes:263,
[task] id:23,start:0,end:0,service time:0,nodes:532,
[task] id:18,start:0,end:0,service time:0,nodes:121,
[task] id:12,start:0,end:0,service time:0,nodes:429,
[task] id:13,start:0,end:0,service time:0,nodes:56,
[task] id:2,start:0,end:0,service time:0,nodes:586,
[task] id:15,start:0,end:0,service time:0,nodes:590,
[task] id:29,start:0,end:0,service time:0,nodes:677,
[task] id:25,start:0,end:0,service time:0,nodes:251,
[task] id:28,start:0,end:0,service time:0,nodes:701,
[task] id:19,start:0,end:0,service time:0,nodes:495,
[task] id:20,start:0,end:0,service time:0,nodes:459,
[agent] id:0
path:161,196,195,194,193,192,227,262,297,332,367,402,437,436,435,434,469,468,467,466,465,464,464,464,464,464,464,464,464,464,464,464,464,464,464,464,464,464,464,464,
goal:464,464,464,464,464,464,464,464,464,464,464,464,464,464,464,464,464,464,464,464,464,464,464,464,464,464,464,464,464,464,464,464,464,464,464,464,464,464,464,464,
size:21
[agent] id:1
path:182,183,184,185,186,187,188,189,190,191,192,227,262,297,332,331,331,331,331,331,331,331,331,331,331,331,331,331,331,331,331,331,331,331,331,331,331,331,331,331,
goal:331,331,331,331,331,331,331,331,331,331,331,331,331,331,331,331,331,331,331,331,331,331,331,331,331,331,331,331,331,331,331,331,331,331,331,331,331,331,331,331,
size:15
[agent] id:2
path:665,630,595,560,561,562,563,564,565,566,567,568,569,570,571,572,573,574,575,576,577,578,579,580,581,582,583,584,585,586,586,586,586,586,586,586,586,586,586,586,
goal:586,586,586,586,586,586,586,586,586,586,586,586,586,586,586,586,586,586,586,586,586,586,586,586,586,586,586,586,586,586,586,586,586,586,586,586,586,586,586,586,
size:29
[agent] id:3
path:471,436,401,400,399,398,397,396,395,394,393,392,391,356,321,320,319,318,317,317,317,317,317,317,317,317,317,317,317,317,317,317,317,317,317,317,317,317,317,317,
goal:317,317,317,317,317,317,317,317,317,317,317,317,317,317,317,317,317,317,317,317,317,317,317,317,317,317,317,317,317,317,317,317,317,317,317,317,317,317,317,317,
size:18
[agent] id:4
path:493,458,459,460,461,462,463,464,465,466,467,468,469,470,470,470,470,470,470,470,470,470,470,470,470,470,470,470,470,470,470,470,470,470,470,470,470,470,470,470,
goal:470,470,470,470,470,470,470,470,470,470,470,470,470,470,470,470,470,470,470,470,470,470,470,470,470,470,470,470,470,470,470,470,470,470,470,470,470,470,470,470,
size:13
[agent] id:5
path:460,495,530,531,532,533,534,535,536,537,538,538,538,538,538,538,538,538,538,538,538,538,538,538,538,538,538,538,538,538,538,538,538,538,538,538,538,538,538,538,
goal:538,538,538,538,538,538,538,538,538,538,538,538,538,538,538,538,538,538,538,538,538,538,538,538,538,538,538,538,538,538,538,538,538,538,538,538,538,538,538,538,
size:10
[agent] id:6
path:287,322,323,324,325,326,327,328,329,330,331,332,333,334,335,336,337,338,339,340,341,342,343,343,343,343,343,343,343,343,343,343,343,343,343,343,343,343,343,343,
goal:343,343,343,343,343,343,343,343,343,343,343,343,343,343,343,343,343,343,343,343,343,343,343,343,343,343,343,343,343,343,343,343,343,343,343,343,343,343,343,343,
size:22
[agent] id:7
path:689,688,687,686,686,686,686,686,686,686,686,686,686,686,686,686,686,686,686,686,686,686,686,686,686,686,686,686,686,686,686,686,686,686,686,686,686,686,686,686,
goal:686,686,686,686,686,686,686,686,686,686,686,686,686,686,686,686,686,686,686,686,686,686,686,686,686,686,686,686,686,686,686,686,686,686,686,686,686,686,686,686,
size:3
[agent] id:8
path:116,115,114,113,112,111,76,41,40,39,38,37,37,37,37,37,37,37,37,37,37,37,37,37,37,37,37,37,37,37,37,37,37,37,37,37,37,37,37,37,
goal:37,37,37,37,37,37,37,37,37,37,37,37,37,37,37,37,37,37,37,37,37,37,37,37,37,37,37,37,37,37,37,37,37,37,37,37,37,37,37,37,
size:11
[agent] id:9
path:588,553,518,483,448,413,378,343,308,273,238,203,202,201,201,201,201,201,201,201,201,201,201,201,201,201,201,201,201,201,201,201,201,201,201,201,201,201,201,201,
goal:201,201,201,201,201,201,201,201,201,201,201,201,201,201,201,201,201,201,201,201,201,201,201,201,201,201,201,201,201,201,201,201,201,201,201,201,201,201,201,201,
size:13
[agent] id:10
path:629,664,699,698,697,696,696,696,696,696,696,696,696,696,696,696,696,696,696,696,696,696,696,696,696,696,696,696,696,696,696,696,696,696,696,696,696,696,696,696,
goal:696,696,696,696,696,696,696,696,696,696,696,696,696,696,696,696,696,696,696,696,696,696,696,696,696,696,696,696,696,696,696,696,696,696,696,696,696,696,696,696,
size:5
[agent] id:11
path:269,304,339,340,341,342,343,344,379,414,449,484,519,554,589,624,659,660,661,662,663,664,664,664,664,664,664,664,664,664,664,664,664,664,664,664,664,664,664,664,
goal:664,664,664,664,664,664,664,664,664,664,664,664,664,664,664,664,664,664,664,664,664,664,664,664,664,664,664,664,664,664,664,664,664,664,664,664,664,664,664,664,
size:21
[agent] id:12
path:627,592,557,522,487,452,451,450,449,448,447,446,445,444,443,442,441,440,439,438,437,436,435,434,433,432,431,430,429,429,429,429,429,429,429,429,429,429,429,429,
goal:429,429,429,429,429,429,429,429,429,429,429,429,429,429,429,429,429,429,429,429,429,429,429,429,429,429,429,429,429,429,429,429,429,429,429,429,429,429,429,429,
size:28
[agent] id:13
path:537,538,539,540,541,542,507,472,437,438,403,403,403,403,402,367,332,297,262,227,192,157,122,87,52,53,54,55,56,56,56,56,56,56,56,56,56,56,56,56,
goal:56,56,56,56,56,56,56,56,56,56,56,56,56,56,56,56,56,56,56,56,56,56,56,56,56,56,56,56,56,56,56,56,56,56,56,56,56,56,56,56,
size:28
[agent] id:14
path:605,570,569,568,567,566,531,496,461,426,391,356,321,286,287,288,289,290,291,292,293,294,295,296,296,296,296,296,296,296,296,296,296,296,296,296,296,296,296,296,
goal:296,296,296,296,296,296,296,296,296,296,296,296,296,296,296,296,296,296,296,296,296,296,296,296,296,296,296,296,296,296,296,296,296,296,296,296,296,296,296,296,
size:23
[agent] id:15
path:152,187,188,189,190,191,192,227,262,297,332,367,402,437,472,507,542,577,578,579,580,581,582,583,584,585,586,587,588,589,590,590,590,590,590,590,590,590,590,590,
goal:590,590,590,590,590,590,590,590,590,590,590,590,590,590,590,590,590,590,590,590,590,590,590,590,590,590,590,590,590,590,590,590,590,590,590,590,590,590,590,590,
size:30
[agent] id:16
path:614,579,544,543,542,507,472,437,402,401,401,401,401,401,401,402,367,332,297,262,261,260,260,260,260,260,260,260,260,260,260,260,260,260,260,260,260,260,260,260,
goal:260,260,260,260,260,260,260,260,260,260,260,260,260,260,260,260,260,260,260,260,260,260,260,260,260,260,260,260,260,260,260,260,260,260,260,260,260,260,260,260,
size:21
[agent] id:17
path:120,155,190,191,192,227,262,297,298,299,300,301,302,303,303,303,303,303,303,303,303,303,303,303,303,303,303,303,303,303,303,303,303,303,303,303,303,303,303,303,
goal:303,303,303,303,303,303,303,303,303,303,303,303,303,303,303,303,303,303,303,303,303,303,303,303,303,303,303,303,303,303,303,303,303,303,303,303,303,303,303,303,
size:13
[agent] id:18
path:569,568,567,566,566,531,496,461,426,391,356,321,286,251,216,181,146,111,112,113,114,115,116,117,118,119,120,121,121,121,121,121,121,121,121,121,121,121,121,121,
goal:121,121,121,121,121,121,121,121,121,121,121,121,121,121,121,121,121,121,121,121,121,121,121,121,121,121,121,121,121,121,121,121,121,121,121,121,121,121,121,121,
size:27
[agent] id:19
path:101,136,171,206,241,276,275,274,273,272,271,270,269,268,267,302,301,336,335,334,333,332,367,402,401,400,399,398,397,396,395,394,393,428,463,462,461,496,495,495,
goal:495,495,495,495,495,495,495,495,495,495,495,495,495,495,495,495,495,495,495,495,495,495,495,495,495,495,495,495,495,495,495,495,495,495,495,495,495,495,495,495,
size:38
[agent] id:20
path:174,209,208,207,206,205,204,203,202,201,200,199,198,197,196,195,194,193,192,191,190,189,188,187,186,185,184,183,182,181,216,251,250,285,320,355,390,425,460,459,
goal:459,459,459,459,459,459,459,459,459,459,459,459,459,459,459,459,459,459,459,459,459,459,459,459,459,459,459,459,459,459,459,459,459,459,459,459,459,459,459,459,
size:39
[agent] id:21
path:708,673,674,675,676,677,678,679,680,681,682,647,612,577,576,541,541,542,507,472,473,438,403,404,405,405,405,405,405,405,405,405,405,405,405,405,405,405,405,405,
goal:405,405,405,405,405,405,405,405,405,405,405,405,405,405,405,405,405,405,405,405,405,405,405,405,405,405,405,405,405,405,405,405,405,405,405,405,405,405,405,405,
size:24
[agent] id:22
path:697,662,627,592,557,522,487,452,417,382,347,312,277,276,275,274,273,272,271,270,269,268,267,266,265,264,263,263,263,263,263,263,263,263,263,263,263,263,263,263,
goal:263,263,263,263,263,263,263,263,263,263,263,263,263,263,263,263,263,263,263,263,263,263,263,263,263,263,263,263,263,263,263,263,263,263,263,263,263,263,263,263,
size:26
[agent] id:23
path:692,691,690,689,688,687,722,721,720,685,684,683,682,647,612,611,610,609,608,573,572,537,536,535,534,533,532,532,532,532,532,532,532,532,532,532,532,532,532,532,
goal:532,532,532,532,532,532,532,532,532,532,532,532,532,532,532,532,532,532,532,532,532,532,532,532,532,532,532,532,532,532,532,532,532,532,532,532,532,532,532,532,
size:26
[agent] id:24
path:536,537,538,539,540,541,542,507,472,473,474,475,475,475,475,475,475,475,475,475,475,475,475,475,475,475,475,475,475,475,475,475,475,475,475,475,475,475,475,475,
goal:475,475,475,475,475,475,475,475,475,475,475,475,475,475,475,475,475,475,475,475,475,475,475,475,475,475,475,475,475,475,475,475,475,475,475,475,475,475,475,475,
size:11
[agent] id:25
path:726,725,724,723,722,721,720,719,718,717,716,681,680,679,678,677,676,675,674,673,672,671,636,601,566,531,496,461,426,391,356,321,286,251,251,251,251,251,251,251,
goal:251,251,251,251,251,251,251,251,251,251,251,251,251,251,251,251,251,251,251,251,251,251,251,251,251,251,251,251,251,251,251,251,251,251,251,251,251,251,251,251,
size:33
[agent] id:26
path:340,305,270,271,272,273,238,239,239,239,239,239,239,239,239,239,239,239,239,239,239,239,239,239,239,239,239,239,239,239,239,239,239,239,239,239,239,239,239,239,
goal:239,239,239,239,239,239,239,239,239,239,239,239,239,239,239,239,239,239,239,239,239,239,239,239,239,239,239,239,239,239,239,239,239,239,239,239,239,239,239,239,
size:7
[agent] id:27
path:566,531,496,461,426,391,356,321,286,251,216,181,146,111,76,41,40,39,39,39,39,39,39,39,39,39,39,39,39,39,39,39,39,39,39,39,39,39,39,39,
goal:39,39,39,39,39,39,39,39,39,39,39,39,39,39,39,39,39,39,39,39,39,39,39,39,39,39,39,39,39,39,39,39,39,39,39,39,39,39,39,39,
size:17
[agent] id:28
path:159,194,193,192,227,262,297,332,367,402,437,472,507,542,577,612,647,682,717,716,715,714,713,712,711,710,709,708,707,706,705,704,703,702,701,701,701,701,701,701,
goal:701,701,701,701,701,701,701,701,701,701,701,701,701,701,701,701,701,701,701,701,701,701,701,701,701,701,701,701,701,701,701,701,701,701,701,701,701,701,701,701,
size:34
[agent] id:29
path:117,152,151,150,149,184,183,182,181,216,215,250,285,320,355,390,425,460,495,530,565,600,635,670,671,672,673,674,675,676,677,677,677,677,677,677,677,677,677,677,
goal:677,677,677,677,677,677,677,677,677,677,677,677,677,677,677,677,677,677,677,677,677,677,677,677,677,677,677,677,677,677,677,677,677,677,677,677,677,677,677,677,
size:30
SolutionCost:636
