[setting] seed:1
[solver] type:ECBS
[solver] w:1.250000
[solver] ID:0
[solver] Lowlevelnode:23257
[solver] solved:1
[solver] elapsed:22
[solver] makespan:39
[problem] timesteplimit:10000
[problem] type:MAPF
[problem] agentnum:20
[graph] width:35
[graph] height:21
[graph] filename:./map/warehouse_middle.map
[task] id:1,start:0,end:0,service time:0,nodes:485,
[task] id:19,start:0,end:0,service time:0,nodes:158,
[task] id:18,start:0,end:0,service time:0,nodes:411,
[task] id:11,start:0,end:0,service time:0,nodes:434,
[task] id:16,start:0,end:0,service time:0,nodes:440,
[task] id:0,start:0,end:0,service time:0,nodes:427,
[task] id:2,start:0,end:0,service time:0,nodes:302,
[task] id:14,start:0,end:0,service time:0,nodes:160,
[task] id:6,start:0,end:0,service time:0,nodes:684,
[task] id:3,start:0,end:0,service time:0,nodes:304,
[task] id:17,start:0,end:0,service time:0,nodes:417,
[task] id:13,start:0,end:0,service time:0,nodes:482,
[task] id:9,start:0,end:0,service time:0,nodes:15,
[task] id:8,start:0,end:0,service time:0,nodes:581,
[task] id:10,start:0,end:0,service time:0,nodes:613,
[task] id:5,start:0,end:0,service time:0,nodes:733,
[task] id:12,start:0,end:0,service time:0,nodes:344,
[task] id:4,start:0,end:0,service time:0,nodes:557,
[task] id:7,start:0,end:0,service time:0,nodes:253,
[task] id:15,start:0,end:0,service time:0,nodes:565,
[agent] id:0
path:72,107,142,177,212,247,282,317,352,387,422,423,424,425,426,427,427,427,427,427,427,427,427,427,427,427,427,427,427,427,427,427,427,427,427,427,427,427,427,427,
goal:427,427,427,427,427,427,427,427,427,427,427,427,427,427,427,427,427,427,427,427,427,427,427,427,427,427,427,427,427,427,427,427,427,427,427,427,427,427,427,427,
size:15
[agent] id:1
path:453,488,487,486,485,485,485,485,485,485,485,485,485,485,485,485,485,485,485,485,485,485,485,485,485,485,485,485,485,485,485,485,485,485,485,485,485,485,485,485,
goal:485,485,485,485,485,485,485,485,485,485,485,485,485,485,485,485,485,485,485,485,485,485,485,485,485,485,485,485,485,485,485,485,485,485,485,485,485,485,485,485,
size:4
[agent] id:2
path:173,208,243,278,313,312,311,310,309,308,307,306,305,304,303,302,302,302,302,302,302,302,302,302,302,302,302,302,302,302,302,302,302,302,302,302,302,302,302,302,
goal:302,302,302,302,302,302,302,302,302,302,302,302,302,302,302,302,302,302,302,302,302,302,302,302,302,302,302,302,302,302,302,302,302,302,302,302,302,302,302,302,
size:15
[agent] id:3
path:696,661,626,591,556,521,486,451,416,381,346,311,310,309,308,307,306,305,304,304,304,304,304,304,304,304,304,304,304,304,304,304,304,304,304,304,304,304,304,304,
goal:304,304,304,304,304,304,304,304,304,304,304,304,304,304,304,304,304,304,304,304,304,304,304,304,304,304,304,304,304,304,304,304,304,304,304,304,304,304,304,304,
size:18
[agent] id:4
path:456,491,526,527,528,529,530,531,532,533,534,535,536,537,538,539,540,541,542,543,544,545,546,547,548,549,550,551,552,553,554,555,556,557,557,557,557,557,557,557,
goal:557,557,557,557,557,557,557,557,557,557,557,557,557,557,557,557,557,557,557,557,557,557,557,557,557,557,557,557,557,557,557,557,557,557,557,557,557,557,557,557,
size:33
[agent] id:5
path:328,329,330,331,332,367,402,437,472,473,474,475,476,477,478,479,480,481,482,483,518,553,588,623,658,693,728,729,730,731,732,733,733,733,733,733,733,733,733,733,
goal:733,733,733,733,733,733,733,733,733,733,733,733,733,733,733,733,733,733,733,733,733,733,733,733,733,733,733,733,733,733,733,733,733,733,733,733,733,733,733,733,
size:31
[agent] id:6
path:485,520,555,590,625,660,695,694,693,692,691,690,689,688,687,686,685,684,684,684,684,684,684,684,684,684,684,684,684,684,684,684,684,684,684,684,684,684,684,684,
goal:684,684,684,684,684,684,684,684,684,684,684,684,684,684,684,684,684,684,684,684,684,684,684,684,684,684,684,684,684,684,684,684,684,684,684,684,684,684,684,684,
size:17
[agent] id:7
path:734,699,664,629,594,559,524,489,454,419,384,349,314,279,278,277,276,275,274,273,272,271,270,269,268,267,266,265,264,263,262,261,260,259,258,257,256,255,254,253,
goal:253,253,253,253,253,253,253,253,253,253,253,253,253,253,253,253,253,253,253,253,253,253,253,253,253,253,253,253,253,253,253,253,253,253,253,253,253,253,253,253,
size:39
[agent] id:8
path:315,350,385,420,455,490,525,526,527,528,529,530,531,532,533,534,535,536,537,538,539,540,541,542,543,544,579,580,581,581,581,581,581,581,581,581,581,581,581,581,
goal:581,581,581,581,581,581,581,581,581,581,581,581,581,581,581,581,581,581,581,581,581,581,581,581,581,581,581,581,581,581,581,581,581,581,581,581,581,581,581,581,
size:28
[agent] id:9
path:613,578,543,542,507,472,437,436,401,401,401,402,367,332,297,262,227,192,157,122,87,52,17,16,15,15,15,15,15,15,15,15,15,15,15,15,15,15,15,15,
goal:15,15,15,15,15,15,15,15,15,15,15,15,15,15,15,15,15,15,15,15,15,15,15,15,15,15,15,15,15,15,15,15,15,15,15,15,15,15,15,15,
size:24
[agent] id:10
path:73,108,143,178,213,248,283,318,353,388,423,458,493,528,563,598,599,600,601,602,603,604,605,606,607,608,609,610,611,612,613,613,613,613,613,613,613,613,613,613,
goal:613,613,613,613,613,613,613,613,613,613,613,613,613,613,613,613,613,613,613,613,613,613,613,613,613,613,613,613,613,613,613,613,613,613,613,613,613,613,613,613,
size:30
[agent] id:11
path:303,338,337,336,335,334,333,332,367,402,437,436,435,434,434,434,434,434,434,434,434,434,434,434,434,434,434,434,434,434,434,434,434,434,434,434,434,434,434,434,
goal:434,434,434,434,434,434,434,434,434,434,434,434,434,434,434,434,434,434,434,434,434,434,434,434,434,434,434,434,434,434,434,434,434,434,434,434,434,434,434,434,
size:13
[agent] id:12
path:565,530,495,460,425,390,355,320,321,322,323,324,325,326,327,328,329,330,331,332,333,334,335,336,337,338,339,340,341,342,343,344,344,344,344,344,344,344,344,344,
goal:344,344,344,344,344,344,344,344,344,344,344,344,344,344,344,344,344,344,344,344,344,344,344,344,344,344,344,344,344,344,344,344,344,344,344,344,344,344,344,344,
size:31
[agent] id:13
path:569,534,535,536,537,538,539,540,541,542,507,472,473,474,475,476,477,478,479,480,481,482,482,482,482,482,482,482,482,482,482,482,482,482,482,482,482,482,482,482,
goal:482,482,482,482,482,482,482,482,482,482,482,482,482,482,482,482,482,482,482,482,482,482,482,482,482,482,482,482,482,482,482,482,482,482,482,482,482,482,482,482,
size:21
[agent] id:14
path:32,67,102,137,172,171,170,169,168,167,166,165,164,163,162,161,160,160,160,160,160,160,160,160,160,160,160,160,160,160,160,160,160,160,160,160,160,160,160,160,
goal:160,160,160,160,160,160,160,160,160,160,160,160,160,160,160,160,160,160,160,160,160,160,160,160,160,160,160,160,160,160,160,160,160,160,160,160,160,160,160,160,
size:16
[agent] id:15
path:208,243,278,313,348,383,418,453,488,523,558,593,592,591,590,589,588,587,586,585,584,583,582,581,580,579,578,577,576,575,574,573,572,571,570,569,568,567,566,565,
goal:565,565,565,565,565,565,565,565,565,565,565,565,565,565,565,565,565,565,565,565,565,565,565,565,565,565,565,565,565,565,565,565,565,565,565,565,565,565,565,565,
size:39
[agent] id:16
path:196,195,194,193,192,227,262,297,332,367,402,437,438,439,440,440,440,440,440,440,440,440,440,440,440,440,440,440,440,440,440,440,440,440,440,440,440,440,440,440,
goal:440,440,440,440,440,440,440,440,440,440,440,440,440,440,440,440,440,440,440,440,440,440,440,440,440,440,440,440,440,440,440,440,440,440,440,440,440,440,440,440,
size:14
[agent] id:17
path:542,507,472,437,438,439,440,441,442,443,444,445,446,447,412,413,414,415,416,417,417,417,417,417,417,417,417,417,417,417,417,417,417,417,417,417,417,417,417,417,
goal:417,417,417,417,417,417,417,417,417,417,417,417,417,417,417,417,417,417,417,417,417,417,417,417,417,417,417,417,417,417,417,417,417,417,417,417,417,417,417,417,
size:19
[agent] id:18
path:207,242,277,312,347,382,417,416,415,414,413,412,411,411,411,411,411,411,411,411,411,411,411,411,411,411,411,411,411,411,411,411,411,411,411,411,411,411,411,411,
goal:411,411,411,411,411,411,411,411,411,411,411,411,411,411,411,411,411,411,411,411,411,411,411,411,411,411,411,411,411,411,411,411,411,411,411,411,411,411,411,411,
size:12
[agent] id:19
path:133,168,167,166,165,164,163,162,161,160,159,158,158,158,158,158,158,158,158,158,158,158,158,158,158,158,158,158,158,158,158,158,158,158,158,158,158,158,158,158,
goal:158,158,158,158,158,158,158,158,158,158,158,158,158,158,158,158,158,158,158,158,158,158,158,158,158,158,158,158,158,158,158,158,158,158,158,158,158,158,158,158,
size:11
SolutionCost:430
