[setting] seed:44
[solver] type:ECBS
[solver] w:2.000000
[solver] ID:0
[solver] Lowlevelnode:6393
[solver] ConflictCount:16
[solver] solved:1
[solver] elapsed:32
[solver] makespan:38
[problem] timesteplimit:10000
[problem] type:MAPF
[problem] agentnum:30
[graph] width:35
[graph] height:21
[graph] filename:./map/warehouse_middle.map
[task] id:22,start:0,end:0,service time:0,nodes:442,
[task] id:25,start:0,end:0,service time:0,nodes:473,
[task] id:20,start:0,end:0,service time:0,nodes:664,
[task] id:15,start:0,end:0,service time:0,nodes:727,
[task] id:19,start:0,end:0,service time:0,nodes:633,
[task] id:23,start:0,end:0,service time:0,nodes:43,
[task] id:21,start:0,end:0,service time:0,nodes:663,
[task] id:12,start:0,end:0,service time:0,nodes:590,
[task] id:14,start:0,end:0,service time:0,nodes:418,
[task] id:17,start:0,end:0,service time:0,nodes:31,
[task] id:5,start:0,end:0,service time:0,nodes:200,
[task] id:10,start:0,end:0,service time:0,nodes:159,
[task] id:28,start:0,end:0,service time:0,nodes:51,
[task] id:1,start:0,end:0,service time:0,nodes:537,
[task] id:27,start:0,end:0,service time:0,nodes:481,
[task] id:2,start:0,end:0,service time:0,nodes:119,
[task] id:3,start:0,end:0,service time:0,nodes:438,
[task] id:6,start:0,end:0,service time:0,nodes:201,
[task] id:16,start:0,end:0,service time:0,nodes:518,
[task] id:4,start:0,end:0,service time:0,nodes:576,
[task] id:8,start:0,end:0,service time:0,nodes:406,
[task] id:29,start:0,end:0,service time:0,nodes:434,
[task] id:0,start:0,end:0,service time:0,nodes:128,
[task] id:26,start:0,end:0,service time:0,nodes:266,
[task] id:9,start:0,end:0,service time:0,nodes:204,
[task] id:13,start:0,end:0,service time:0,nodes:408,
[task] id:24,start:0,end:0,service time:0,nodes:693,
[task] id:7,start:0,end:0,service time:0,nodes:382,
[task] id:11,start:0,end:0,service time:0,nodes:698,
[task] id:18,start:0,end:0,service time:0,nodes:28,
[agent] id:0
path:545,546,547,548,549,550,551,552,553,518,483,448,413,378,343,308,273,238,203,168,133,132,131,130,129,128,128,128,128,128,128,128,128,128,128,128,128,128,128,
goal:128,128,128,128,128,128,128,128,128,128,128,128,128,128,128,128,128,128,128,128,128,128,128,128,128,128,128,128,128,128,128,128,128,128,128,128,128,128,128,
size:25
[agent] id:1
path:477,476,475,474,439,438,438,438,437,472,471,472,507,542,541,540,539,538,537,537,537,537,537,537,537,537,537,537,537,537,537,537,537,537,537,537,537,537,537,
goal:537,537,537,537,537,537,537,537,537,537,537,537,537,537,537,537,537,537,537,537,537,537,537,537,537,537,537,537,537,537,537,537,537,537,537,537,537,537,537,
size:18
[agent] id:2
path:352,317,282,247,212,177,142,107,108,109,110,111,112,113,114,115,116,117,118,119,119,119,119,119,119,119,119,119,119,119,119,119,119,119,119,119,119,119,119,
goal:119,119,119,119,119,119,119,119,119,119,119,119,119,119,119,119,119,119,119,119,119,119,119,119,119,119,119,119,119,119,119,119,119,119,119,119,119,119,119,
size:19
[agent] id:3
path:303,338,337,336,335,334,333,333,333,333,332,367,367,332,331,332,367,402,437,438,438,438,438,438,438,438,438,438,438,438,438,438,438,438,438,438,438,438,438,
goal:438,438,438,438,438,438,438,438,438,438,438,438,438,438,438,438,438,438,438,438,438,438,438,438,438,438,438,438,438,438,438,438,438,438,438,438,438,438,438,
size:19
[agent] id:4
path:317,318,353,388,389,424,459,494,529,564,565,566,567,568,569,570,571,572,573,574,575,576,576,576,576,576,576,576,576,576,576,576,576,576,576,576,576,576,576,
goal:576,576,576,576,576,576,576,576,576,576,576,576,576,576,576,576,576,576,576,576,576,576,576,576,576,576,576,576,576,576,576,576,576,576,576,576,576,576,576,
size:21
[agent] id:5
path:19,54,53,52,87,122,157,192,193,194,195,196,197,198,199,200,200,200,200,200,200,200,200,200,200,200,200,200,200,200,200,200,200,200,200,200,200,200,200,
goal:200,200,200,200,200,200,200,200,200,200,200,200,200,200,200,200,200,200,200,200,200,200,200,200,200,200,200,200,200,200,200,200,200,200,200,200,200,200,200,
size:15
[agent] id:6
path:692,693,658,623,624,589,554,519,518,483,448,413,378,343,308,273,238,203,202,201,201,201,201,201,201,201,201,201,201,201,201,201,201,201,201,201,201,201,201,
goal:201,201,201,201,201,201,201,201,201,201,201,201,201,201,201,201,201,201,201,201,201,201,201,201,201,201,201,201,201,201,201,201,201,201,201,201,201,201,201,
size:19
[agent] id:7
path:567,532,533,534,535,536,537,538,539,540,541,542,543,544,545,546,547,548,549,550,551,552,553,554,519,484,449,414,379,380,381,382,382,382,382,382,382,382,382,
goal:382,382,382,382,382,382,382,382,382,382,382,382,382,382,382,382,382,382,382,382,382,382,382,382,382,382,382,382,382,382,382,382,382,382,382,382,382,382,382,
size:31
[agent] id:8
path:214,249,284,319,354,389,390,391,392,393,394,395,396,397,398,399,400,401,402,403,404,405,406,406,406,406,406,406,406,406,406,406,406,406,406,406,406,406,406,
goal:406,406,406,406,406,406,406,406,406,406,406,406,406,406,406,406,406,406,406,406,406,406,406,406,406,406,406,406,406,406,406,406,406,406,406,406,406,406,406,
size:22
[agent] id:9
path:714,679,680,681,682,647,612,577,542,507,472,437,438,403,404,405,406,407,408,409,410,411,412,413,378,343,308,273,238,203,204,204,204,204,204,204,204,204,204,
goal:204,204,204,204,204,204,204,204,204,204,204,204,204,204,204,204,204,204,204,204,204,204,204,204,204,204,204,204,204,204,204,204,204,204,204,204,204,204,204,
size:30
[agent] id:10
path:432,397,398,399,400,401,402,367,332,297,262,227,192,157,158,159,159,159,159,159,159,159,159,159,159,159,159,159,159,159,159,159,159,159,159,159,159,159,159,
goal:159,159,159,159,159,159,159,159,159,159,159,159,159,159,159,159,159,159,159,159,159,159,159,159,159,159,159,159,159,159,159,159,159,159,159,159,159,159,159,
size:15
[agent] id:11
path:255,290,325,326,327,328,329,330,331,332,367,402,437,472,507,542,577,612,613,614,615,616,617,618,619,620,621,622,623,658,659,694,695,696,697,698,698,698,698,
goal:698,698,698,698,698,698,698,698,698,698,698,698,698,698,698,698,698,698,698,698,698,698,698,698,698,698,698,698,698,698,698,698,698,698,698,698,698,698,698,
size:35
[agent] id:12
path:204,239,274,309,344,379,414,449,484,519,554,589,590,590,590,590,590,590,590,590,590,590,590,590,590,590,590,590,590,590,590,590,590,590,590,590,590,590,590,
goal:590,590,590,590,590,590,590,590,590,590,590,590,590,590,590,590,590,590,590,590,590,590,590,590,590,590,590,590,590,590,590,590,590,590,590,590,590,590,590,
size:12
[agent] id:13
path:708,709,710,675,676,677,678,679,680,681,682,647,612,577,542,543,542,507,472,437,402,403,404,405,440,441,476,477,478,443,408,408,408,408,408,408,408,408,408,
goal:408,408,408,408,408,408,408,408,408,408,408,408,408,408,408,408,408,408,408,408,408,408,408,408,408,408,408,408,408,408,408,408,408,408,408,408,408,408,408,
size:30
[agent] id:14
path:168,203,238,273,308,343,378,413,414,415,416,417,418,418,418,418,418,418,418,418,418,418,418,418,418,418,418,418,418,418,418,418,418,418,418,418,418,418,418,
goal:418,418,418,418,418,418,418,418,418,418,418,418,418,418,418,418,418,418,418,418,418,418,418,418,418,418,418,418,418,418,418,418,418,418,418,418,418,418,418,
size:12
[agent] id:15
path:483,518,553,588,623,658,693,728,727,727,727,727,727,727,727,727,727,727,727,727,727,727,727,727,727,727,727,727,727,727,727,727,727,727,727,727,727,727,727,
goal:727,727,727,727,727,727,727,727,727,727,727,727,727,727,727,727,727,727,727,727,727,727,727,727,727,727,727,727,727,727,727,727,727,727,727,727,727,727,727,
size:8
[agent] id:16
path:192,227,262,297,298,299,300,335,336,337,338,339,340,341,342,343,378,413,448,483,518,518,518,518,518,518,518,518,518,518,518,518,518,518,518,518,518,518,518,
goal:518,518,518,518,518,518,518,518,518,518,518,518,518,518,518,518,518,518,518,518,518,518,518,518,518,518,518,518,518,518,518,518,518,518,518,518,518,518,518,
size:20
[agent] id:17
path:413,378,343,308,309,274,239,204,169,134,99,64,29,30,31,31,31,31,31,31,31,31,31,31,31,31,31,31,31,31,31,31,31,31,31,31,31,31,31,
goal:31,31,31,31,31,31,31,31,31,31,31,31,31,31,31,31,31,31,31,31,31,31,31,31,31,31,31,31,31,31,31,31,31,31,31,31,31,31,31,
size:14
[agent] id:18
path:350,315,280,245,210,175,140,105,70,35,0,1,2,3,4,5,6,7,8,9,10,11,12,13,14,15,16,17,18,19,20,21,22,23,24,25,26,27,28,
goal:28,28,28,28,28,28,28,28,28,28,28,28,28,28,28,28,28,28,28,28,28,28,28,28,28,28,28,28,28,28,28,28,28,28,28,28,28,28,28,
size:38
[agent] id:19
path:710,675,674,673,672,671,636,635,634,633,633,633,633,633,633,633,633,633,633,633,633,633,633,633,633,633,633,633,633,633,633,633,633,633,633,633,633,633,633,
goal:633,633,633,633,633,633,633,633,633,633,633,633,633,633,633,633,633,633,633,633,633,633,633,633,633,633,633,633,633,633,633,633,633,633,633,633,633,633,633,
size:9
[agent] id:20
path:487,522,557,592,627,662,663,664,664,664,664,664,664,664,664,664,664,664,664,664,664,664,664,664,664,664,664,664,664,664,664,664,664,664,664,664,664,664,664,
goal:664,664,664,664,664,664,664,664,664,664,664,664,664,664,664,664,664,664,664,664,664,664,664,664,664,664,664,664,664,664,664,664,664,664,664,664,664,664,664,
size:7
[agent] id:21
path:314,349,384,419,454,489,524,559,594,629,628,663,663,663,663,663,663,663,663,663,663,663,663,663,663,663,663,663,663,663,663,663,663,663,663,663,663,663,663,
goal:663,663,663,663,663,663,663,663,663,663,663,663,663,663,663,663,663,663,663,663,663,663,663,663,663,663,663,663,663,663,663,663,663,663,663,663,663,663,663,
size:11
[agent] id:22
path:445,444,443,442,442,442,442,442,442,442,442,442,442,442,442,442,442,442,442,442,442,442,442,442,442,442,442,442,442,442,442,442,442,442,442,442,442,442,442,
goal:442,442,442,442,442,442,442,442,442,442,442,442,442,442,442,442,442,442,442,442,442,442,442,442,442,442,442,442,442,442,442,442,442,442,442,442,442,442,442,
size:3
[agent] id:23
path:251,216,181,146,111,76,76,41,42,43,43,43,43,43,43,43,43,43,43,43,43,43,43,43,43,43,43,43,43,43,43,43,43,43,43,43,43,43,43,
goal:43,43,43,43,43,43,43,43,43,43,43,43,43,43,43,43,43,43,43,43,43,43,43,43,43,43,43,43,43,43,43,43,43,43,43,43,43,43,43,
size:9
[agent] id:24
path:459,494,529,564,599,634,669,670,671,672,673,674,675,676,677,678,679,680,681,682,683,684,685,686,687,688,689,690,691,692,693,693,693,693,693,693,693,693,693,
goal:693,693,693,693,693,693,693,693,693,693,693,693,693,693,693,693,693,693,693,693,693,693,693,693,693,693,693,693,693,693,693,693,693,693,693,693,693,693,693,
size:30
[agent] id:25
path:543,542,507,472,473,473,473,473,473,473,473,473,473,473,473,473,473,473,473,473,473,473,473,473,473,473,473,473,473,473,473,473,473,473,473,473,473,473,473,
goal:473,473,473,473,473,473,473,473,473,473,473,473,473,473,473,473,473,473,473,473,473,473,473,473,473,473,473,473,473,473,473,473,473,473,473,473,473,473,473,
size:4
[agent] id:26
path:528,493,458,423,388,353,318,283,248,249,250,251,252,253,254,255,256,257,258,259,260,261,262,263,264,265,266,266,266,266,266,266,266,266,266,266,266,266,266,
goal:266,266,266,266,266,266,266,266,266,266,266,266,266,266,266,266,266,266,266,266,266,266,266,266,266,266,266,266,266,266,266,266,266,266,266,266,266,266,266,
size:26
[agent] id:27
path:67,102,137,172,207,242,277,312,347,382,417,452,487,486,485,484,483,482,481,481,481,481,481,481,481,481,481,481,481,481,481,481,481,481,481,481,481,481,481,
goal:481,481,481,481,481,481,481,481,481,481,481,481,481,481,481,481,481,481,481,481,481,481,481,481,481,481,481,481,481,481,481,481,481,481,481,481,481,481,481,
size:18
[agent] id:28
path:143,108,73,38,39,40,41,42,43,44,45,46,47,48,49,50,51,51,51,51,51,51,51,51,51,51,51,51,51,51,51,51,51,51,51,51,51,51,51,
goal:51,51,51,51,51,51,51,51,51,51,51,51,51,51,51,51,51,51,51,51,51,51,51,51,51,51,51,51,51,51,51,51,51,51,51,51,51,51,51,
size:16
[agent] id:29
path:155,190,191,192,227,262,297,297,296,331,331,332,332,333,333,333,332,367,367,402,401,436,435,434,434,434,434,434,434,434,434,434,434,434,434,434,434,434,434,
goal:434,434,434,434,434,434,434,434,434,434,434,434,434,434,434,434,434,434,434,434,434,434,434,434,434,434,434,434,434,434,434,434,434,434,434,434,434,434,434,
size:23
SolutionCost:559
