[setting] seed:63
[solver] type:ECBS
[solver] w:2.000000
[solver] ID:0
[solver] Lowlevelnode:3082
[solver] ConflictCount:11
[solver] solved:1
[solver] elapsed:26
[solver] makespan:32
[problem] timesteplimit:10000
[problem] type:MAPF
[problem] agentnum:30
[graph] width:35
[graph] height:21
[graph] filename:./map/warehouse_middle.map
[task] id:0,start:0,end:0,service time:0,nodes:431,
[task] id:2,start:0,end:0,service time:0,nodes:300,
[task] id:8,start:0,end:0,service time:0,nodes:564,
[task] id:4,start:0,end:0,service time:0,nodes:478,
[task] id:15,start:0,end:0,service time:0,nodes:724,
[task] id:6,start:0,end:0,service time:0,nodes:550,
[task] id:18,start:0,end:0,service time:0,nodes:142,
[task] id:25,start:0,end:0,service time:0,nodes:150,
[task] id:28,start:0,end:0,service time:0,nodes:568,
[task] id:10,start:0,end:0,service time:0,nodes:17,
[task] id:26,start:0,end:0,service time:0,nodes:441,
[task] id:24,start:0,end:0,service time:0,nodes:245,
[task] id:5,start:0,end:0,service time:0,nodes:475,
[task] id:1,start:0,end:0,service time:0,nodes:526,
[task] id:7,start:0,end:0,service time:0,nodes:188,
[task] id:11,start:0,end:0,service time:0,nodes:601,
[task] id:16,start:0,end:0,service time:0,nodes:211,
[task] id:14,start:0,end:0,service time:0,nodes:317,
[task] id:3,start:0,end:0,service time:0,nodes:440,
[task] id:21,start:0,end:0,service time:0,nodes:572,
[task] id:27,start:0,end:0,service time:0,nodes:681,
[task] id:22,start:0,end:0,service time:0,nodes:540,
[task] id:17,start:0,end:0,service time:0,nodes:284,
[task] id:9,start:0,end:0,service time:0,nodes:24,
[task] id:12,start:0,end:0,service time:0,nodes:496,
[task] id:19,start:0,end:0,service time:0,nodes:688,
[task] id:29,start:0,end:0,service time:0,nodes:68,
[task] id:13,start:0,end:0,service time:0,nodes:123,
[task] id:20,start:0,end:0,service time:0,nodes:35,
[task] id:23,start:0,end:0,service time:0,nodes:179,
[agent] id:0
path:285,320,355,390,425,426,427,428,429,430,431,431,431,431,431,431,431,431,431,431,431,431,431,431,431,431,431,431,431,431,431,431,431,
goal:431,431,431,431,431,431,431,431,431,431,431,431,431,431,431,431,431,431,431,431,431,431,431,431,431,431,431,431,431,431,431,431,431,
size:10
[agent] id:1
path:716,681,680,679,678,677,676,675,674,673,672,671,636,601,600,599,598,563,528,527,526,526,526,526,526,526,526,526,526,526,526,526,526,
goal:526,526,526,526,526,526,526,526,526,526,526,526,526,526,526,526,526,526,526,526,526,526,526,526,526,526,526,526,526,526,526,526,526,
size:20
[agent] id:2
path:275,310,309,308,307,306,305,304,303,302,301,300,300,300,300,300,300,300,300,300,300,300,300,300,300,300,300,300,300,300,300,300,300,
goal:300,300,300,300,300,300,300,300,300,300,300,300,300,300,300,300,300,300,300,300,300,300,300,300,300,300,300,300,300,300,300,300,300,
size:11
[agent] id:3
path:246,281,282,283,284,285,286,287,288,289,290,291,292,293,328,329,330,331,332,367,402,437,438,439,440,440,440,440,440,440,440,440,440,
goal:440,440,440,440,440,440,440,440,440,440,440,440,440,440,440,440,440,440,440,440,440,440,440,440,440,440,440,440,440,440,440,440,440,
size:24
[agent] id:4
path:346,381,416,451,486,485,484,483,482,481,480,479,478,478,478,478,478,478,478,478,478,478,478,478,478,478,478,478,478,478,478,478,478,
goal:478,478,478,478,478,478,478,478,478,478,478,478,478,478,478,478,478,478,478,478,478,478,478,478,478,478,478,478,478,478,478,478,478,
size:12
[agent] id:5
path:98,133,168,203,238,273,308,343,378,413,448,447,446,445,444,443,442,477,476,475,475,475,475,475,475,475,475,475,475,475,475,475,475,
goal:475,475,475,475,475,475,475,475,475,475,475,475,475,475,475,475,475,475,475,475,475,475,475,475,475,475,475,475,475,475,475,475,475,
size:19
[agent] id:6
path:401,436,471,472,507,542,543,544,545,546,547,548,549,550,550,550,550,550,550,550,550,550,550,550,550,550,550,550,550,550,550,550,550,
goal:550,550,550,550,550,550,550,550,550,550,550,550,550,550,550,550,550,550,550,550,550,550,550,550,550,550,550,550,550,550,550,550,550,
size:13
[agent] id:7
path:670,635,600,565,530,495,460,425,390,355,320,285,250,215,180,181,182,183,184,185,186,187,188,188,188,188,188,188,188,188,188,188,188,
goal:188,188,188,188,188,188,188,188,188,188,188,188,188,188,188,188,188,188,188,188,188,188,188,188,188,188,188,188,188,188,188,188,188,
size:22
[agent] id:8
path:711,676,675,674,673,672,671,636,601,566,565,564,564,564,564,564,564,564,564,564,564,564,564,564,564,564,564,564,564,564,564,564,564,
goal:564,564,564,564,564,564,564,564,564,564,564,564,564,564,564,564,564,564,564,564,564,564,564,564,564,564,564,564,564,564,564,564,564,
size:11
[agent] id:9
path:688,689,690,691,692,693,658,623,588,553,518,483,448,413,378,343,308,273,238,203,168,133,98,63,28,27,26,25,24,24,24,24,24,
goal:24,24,24,24,24,24,24,24,24,24,24,24,24,24,24,24,24,24,24,24,24,24,24,24,24,24,24,24,24,24,24,24,24,
size:28
[agent] id:10
path:0,1,2,3,4,5,6,7,8,9,10,11,12,13,14,15,16,17,17,17,17,17,17,17,17,17,17,17,17,17,17,17,17,
goal:17,17,17,17,17,17,17,17,17,17,17,17,17,17,17,17,17,17,17,17,17,17,17,17,17,17,17,17,17,17,17,17,17,
size:17
[agent] id:11
path:335,334,333,332,367,402,437,472,507,542,577,612,611,610,609,608,607,606,605,604,603,602,601,601,601,601,601,601,601,601,601,601,601,
goal:601,601,601,601,601,601,601,601,601,601,601,601,601,601,601,601,601,601,601,601,601,601,601,601,601,601,601,601,601,601,601,601,601,
size:22
[agent] id:12
path:660,625,590,589,588,587,586,585,584,583,582,581,580,579,578,577,576,575,574,573,572,571,570,535,534,533,532,531,496,496,496,496,496,
goal:496,496,496,496,496,496,496,496,496,496,496,496,496,496,496,496,496,496,496,496,496,496,496,496,496,496,496,496,496,496,496,496,496,
size:28
[agent] id:13
path:663,628,593,558,523,488,453,418,383,348,313,278,243,208,173,138,137,136,135,134,133,132,131,130,129,128,127,126,125,124,123,123,123,
goal:123,123,123,123,123,123,123,123,123,123,123,123,123,123,123,123,123,123,123,123,123,123,123,123,123,123,123,123,123,123,123,123,123,
size:30
[agent] id:14
path:124,159,194,193,192,227,262,297,332,331,330,329,328,327,326,325,324,323,322,321,320,319,318,317,317,317,317,317,317,317,317,317,317,
goal:317,317,317,317,317,317,317,317,317,317,317,317,317,317,317,317,317,317,317,317,317,317,317,317,317,317,317,317,317,317,317,317,317,
size:23
[agent] id:15
path:614,613,612,647,682,717,718,719,720,721,722,723,724,724,724,724,724,724,724,724,724,724,724,724,724,724,724,724,724,724,724,724,724,
goal:724,724,724,724,724,724,724,724,724,724,724,724,724,724,724,724,724,724,724,724,724,724,724,724,724,724,724,724,724,724,724,724,724,
size:12
[agent] id:16
path:607,572,571,570,535,534,533,532,531,496,495,460,425,390,355,320,285,250,215,214,213,212,211,211,211,211,211,211,211,211,211,211,211,
goal:211,211,211,211,211,211,211,211,211,211,211,211,211,211,211,211,211,211,211,211,211,211,211,211,211,211,211,211,211,211,211,211,211,
size:22
[agent] id:17
path:447,412,411,410,409,408,407,406,405,404,403,402,401,400,399,398,397,396,395,394,393,392,391,356,321,286,285,284,284,284,284,284,284,
goal:284,284,284,284,284,284,284,284,284,284,284,284,284,284,284,284,284,284,284,284,284,284,284,284,284,284,284,284,284,284,284,284,284,
size:27
[agent] id:18
path:189,154,153,152,151,150,149,148,147,146,145,144,143,142,142,142,142,142,142,142,142,142,142,142,142,142,142,142,142,142,142,142,142,
goal:142,142,142,142,142,142,142,142,142,142,142,142,142,142,142,142,142,142,142,142,142,142,142,142,142,142,142,142,142,142,142,142,142,
size:13
[agent] id:19
path:20,55,54,53,52,87,122,157,192,227,262,297,332,367,402,437,472,507,542,577,612,647,682,683,684,685,686,687,688,688,688,688,688,
goal:688,688,688,688,688,688,688,688,688,688,688,688,688,688,688,688,688,688,688,688,688,688,688,688,688,688,688,688,688,688,688,688,688,
size:28
[agent] id:20
path:406,405,404,403,402,401,400,399,398,397,396,395,394,393,392,391,356,321,286,251,216,181,146,111,76,41,40,39,38,37,36,35,35,
goal:35,35,35,35,35,35,35,35,35,35,35,35,35,35,35,35,35,35,35,35,35,35,35,35,35,35,35,35,35,35,35,35,35,
size:31
[agent] id:21
path:699,664,629,594,593,592,591,590,589,588,587,586,585,584,583,582,581,580,579,578,577,576,575,574,573,572,572,572,572,572,572,572,572,
goal:572,572,572,572,572,572,572,572,572,572,572,572,572,572,572,572,572,572,572,572,572,572,572,572,572,572,572,572,572,572,572,572,572,
size:25
[agent] id:22
path:38,73,108,143,178,213,248,283,318,353,388,423,458,493,528,529,530,531,532,533,534,535,536,537,538,539,540,540,540,540,540,540,540,
goal:540,540,540,540,540,540,540,540,540,540,540,540,540,540,540,540,540,540,540,540,540,540,540,540,540,540,540,540,540,540,540,540,540,
size:26
[agent] id:23
path:139,174,173,172,171,170,169,168,167,166,165,164,163,162,161,160,159,158,157,156,155,154,153,152,187,186,185,184,183,182,181,180,179,
goal:179,179,179,179,179,179,179,179,179,179,179,179,179,179,179,179,179,179,179,179,179,179,179,179,179,179,179,179,179,179,179,179,179,
size:32
[agent] id:24
path:467,466,465,464,463,462,461,426,425,390,355,320,285,250,249,248,247,246,245,245,245,245,245,245,245,245,245,245,245,245,245,245,245,
goal:245,245,245,245,245,245,245,245,245,245,245,245,245,245,245,245,245,245,245,245,245,245,245,245,245,245,245,245,245,245,245,245,245,
size:18
[agent] id:25
path:163,162,161,160,159,158,157,156,155,154,153,152,151,150,150,150,150,150,150,150,150,150,150,150,150,150,150,150,150,150,150,150,150,
goal:150,150,150,150,150,150,150,150,150,150,150,150,150,150,150,150,150,150,150,150,150,150,150,150,150,150,150,150,150,150,150,150,150,
size:13
[agent] id:26
path:568,533,534,535,536,537,538,539,540,541,542,507,472,437,438,439,440,441,441,441,441,441,441,441,441,441,441,441,441,441,441,441,441,
goal:441,441,441,441,441,441,441,441,441,441,441,441,441,441,441,441,441,441,441,441,441,441,441,441,441,441,441,441,441,441,441,441,441,
size:17
[agent] id:27
path:130,165,200,199,198,197,196,195,194,193,192,227,262,297,332,367,402,437,472,507,542,577,612,647,682,681,681,681,681,681,681,681,681,
goal:681,681,681,681,681,681,681,681,681,681,681,681,681,681,681,681,681,681,681,681,681,681,681,681,681,681,681,681,681,681,681,681,681,
size:25
[agent] id:28
path:327,326,325,324,323,322,321,356,391,426,461,496,531,566,567,568,568,568,568,568,568,568,568,568,568,568,568,568,568,568,568,568,568,
goal:568,568,568,568,568,568,568,568,568,568,568,568,568,568,568,568,568,568,568,568,568,568,568,568,568,568,568,568,568,568,568,568,568,
size:15
[agent] id:29
path:724,725,726,727,728,729,694,659,624,589,554,519,484,449,414,379,344,309,274,239,204,169,134,99,64,65,66,67,68,68,68,68,68,
goal:68,68,68,68,68,68,68,68,68,68,68,68,68,68,68,68,68,68,68,68,68,68,68,68,68,68,68,68,68,68,68,68,68,
size:28
SolutionCost:622
