[setting] seed:88
[solver] type:ECBS
[solver] w:2.000000
[solver] ID:0
[solver] Lowlevelnode:2691
[solver] ConflictCount:12
[solver] solved:1
[solver] elapsed:19
[solver] makespan:36
[problem] timesteplimit:10000
[problem] type:MAPF
[problem] agentnum:30
[graph] width:35
[graph] height:21
[graph] filename:./map/warehouse_middle.map
[task] id:9,start:0,end:0,service time:0,nodes:604,
[task] id:22,start:0,end:0,service time:0,nodes:314,
[task] id:4,start:0,end:0,service time:0,nodes:39,
[task] id:2,start:0,end:0,service time:0,nodes:485,
[task] id:15,start:0,end:0,service time:0,nodes:245,
[task] id:24,start:0,end:0,service time:0,nodes:300,
[task] id:19,start:0,end:0,service time:0,nodes:712,
[task] id:6,start:0,end:0,service time:0,nodes:458,
[task] id:23,start:0,end:0,service time:0,nodes:19,
[task] id:25,start:0,end:0,service time:0,nodes:714,
[task] id:12,start:0,end:0,service time:0,nodes:627,
[task] id:21,start:0,end:0,service time:0,nodes:291,
[task] id:29,start:0,end:0,service time:0,nodes:45,
[task] id:0,start:0,end:0,service time:0,nodes:302,
[task] id:13,start:0,end:0,service time:0,nodes:700,
[task] id:20,start:0,end:0,service time:0,nodes:671,
[task] id:18,start:0,end:0,service time:0,nodes:571,
[task] id:28,start:0,end:0,service time:0,nodes:716,
[task] id:8,start:0,end:0,service time:0,nodes:423,
[task] id:10,start:0,end:0,service time:0,nodes:299,
[task] id:1,start:0,end:0,service time:0,nodes:398,
[task] id:14,start:0,end:0,service time:0,nodes:38,
[task] id:7,start:0,end:0,service time:0,nodes:113,
[task] id:17,start:0,end:0,service time:0,nodes:662,
[task] id:26,start:0,end:0,service time:0,nodes:105,
[task] id:11,start:0,end:0,service time:0,nodes:726,
[task] id:27,start:0,end:0,service time:0,nodes:557,
[task] id:16,start:0,end:0,service time:0,nodes:129,
[task] id:5,start:0,end:0,service time:0,nodes:248,
[task] id:3,start:0,end:0,service time:0,nodes:69,
[agent] id:0
path:67,102,137,172,207,242,241,240,239,238,238,273,308,307,306,305,304,303,302,302,302,302,302,302,302,302,302,302,302,302,302,302,302,302,302,302,302,
goal:302,302,302,302,302,302,302,302,302,302,302,302,302,302,302,302,302,302,302,302,302,302,302,302,302,302,302,302,302,302,302,302,302,302,302,302,302,
size:18
[agent] id:1
path:697,662,627,592,557,522,487,452,417,416,415,414,413,412,411,410,409,408,407,406,405,404,403,402,401,400,399,398,398,398,398,398,398,398,398,398,398,
goal:398,398,398,398,398,398,398,398,398,398,398,398,398,398,398,398,398,398,398,398,398,398,398,398,398,398,398,398,398,398,398,398,398,398,398,398,398,
size:27
[agent] id:2
path:580,545,546,547,548,549,550,551,552,553,554,519,484,485,485,485,485,485,485,485,485,485,485,485,485,485,485,485,485,485,485,485,485,485,485,485,485,
goal:485,485,485,485,485,485,485,485,485,485,485,485,485,485,485,485,485,485,485,485,485,485,485,485,485,485,485,485,485,485,485,485,485,485,485,485,485,
size:13
[agent] id:3
path:141,106,71,36,37,38,39,40,41,42,43,44,45,46,47,48,49,50,51,52,53,54,55,56,57,58,59,60,61,62,63,64,65,66,67,68,69,
goal:69,69,69,69,69,69,69,69,69,69,69,69,69,69,69,69,69,69,69,69,69,69,69,69,69,69,69,69,69,69,69,69,69,69,69,69,69,
size:36
[agent] id:4
path:280,281,246,211,176,141,106,71,36,36,37,38,39,39,39,39,39,39,39,39,39,39,39,39,39,39,39,39,39,39,39,39,39,39,39,39,39,
goal:39,39,39,39,39,39,39,39,39,39,39,39,39,39,39,39,39,39,39,39,39,39,39,39,39,39,39,39,39,39,39,39,39,39,39,39,39,
size:12
[agent] id:5
path:453,418,383,348,313,278,277,276,275,274,273,272,271,270,269,268,267,266,265,264,263,262,261,260,259,258,257,256,255,254,253,252,251,250,249,248,248,
goal:248,248,248,248,248,248,248,248,248,248,248,248,248,248,248,248,248,248,248,248,248,248,248,248,248,248,248,248,248,248,248,248,248,248,248,248,248,
size:35
[agent] id:6
path:330,329,328,327,326,325,324,323,322,321,356,391,426,461,460,459,458,458,458,458,458,458,458,458,458,458,458,458,458,458,458,458,458,458,458,458,458,
goal:458,458,458,458,458,458,458,458,458,458,458,458,458,458,458,458,458,458,458,458,458,458,458,458,458,458,458,458,458,458,458,458,458,458,458,458,458,
size:16
[agent] id:7
path:582,581,580,545,544,543,542,507,472,437,438,403,402,367,332,297,262,227,192,157,156,155,154,153,152,117,116,115,114,113,113,113,113,113,113,113,113,
goal:113,113,113,113,113,113,113,113,113,113,113,113,113,113,113,113,113,113,113,113,113,113,113,113,113,113,113,113,113,113,113,113,113,113,113,113,113,
size:29
[agent] id:8
path:87,122,157,192,227,262,297,332,367,402,437,436,435,434,433,432,431,430,429,428,427,426,425,424,423,423,423,423,423,423,423,423,423,423,423,423,423,
goal:423,423,423,423,423,423,423,423,423,423,423,423,423,423,423,423,423,423,423,423,423,423,423,423,423,423,423,423,423,423,423,423,423,423,423,423,423,
size:24
[agent] id:9
path:609,608,607,606,605,604,604,604,604,604,604,604,604,604,604,604,604,604,604,604,604,604,604,604,604,604,604,604,604,604,604,604,604,604,604,604,604,
goal:604,604,604,604,604,604,604,604,604,604,604,604,604,604,604,604,604,604,604,604,604,604,604,604,604,604,604,604,604,604,604,604,604,604,604,604,604,
size:5
[agent] id:10
path:71,72,107,142,177,178,213,214,215,216,251,286,287,288,289,290,291,292,293,294,295,296,297,298,299,299,299,299,299,299,299,299,299,299,299,299,299,
goal:299,299,299,299,299,299,299,299,299,299,299,299,299,299,299,299,299,299,299,299,299,299,299,299,299,299,299,299,299,299,299,299,299,299,299,299,299,
size:24
[agent] id:11
path:356,391,426,461,462,463,464,465,466,467,468,469,470,471,472,507,507,542,577,612,647,682,717,718,719,720,721,722,723,724,725,726,726,726,726,726,726,
goal:726,726,726,726,726,726,726,726,726,726,726,726,726,726,726,726,726,726,726,726,726,726,726,726,726,726,726,726,726,726,726,726,726,726,726,726,726,
size:31
[agent] id:12
path:406,441,476,477,478,479,480,481,482,483,518,553,588,623,624,625,626,627,627,627,627,627,627,627,627,627,627,627,627,627,627,627,627,627,627,627,627,
goal:627,627,627,627,627,627,627,627,627,627,627,627,627,627,627,627,627,627,627,627,627,627,627,627,627,627,627,627,627,627,627,627,627,627,627,627,627,
size:17
[agent] id:13
path:719,718,717,716,715,714,713,712,711,710,709,708,707,706,705,704,703,702,701,700,700,700,700,700,700,700,700,700,700,700,700,700,700,700,700,700,700,
goal:700,700,700,700,700,700,700,700,700,700,700,700,700,700,700,700,700,700,700,700,700,700,700,700,700,700,700,700,700,700,700,700,700,700,700,700,700,
size:19
[agent] id:14
path:573,538,537,536,535,534,533,568,567,532,531,496,461,460,425,390,355,320,285,250,215,180,145,110,75,74,73,38,38,38,38,38,38,38,38,38,38,
goal:38,38,38,38,38,38,38,38,38,38,38,38,38,38,38,38,38,38,38,38,38,38,38,38,38,38,38,38,38,38,38,38,38,38,38,38,38,
size:27
[agent] id:15
path:565,530,495,460,425,390,355,320,285,250,249,248,247,246,245,245,245,245,245,245,245,245,245,245,245,245,245,245,245,245,245,245,245,245,245,245,245,
goal:245,245,245,245,245,245,245,245,245,245,245,245,245,245,245,245,245,245,245,245,245,245,245,245,245,245,245,245,245,245,245,245,245,245,245,245,245,
size:14
[agent] id:16
path:599,564,529,530,495,460,425,390,355,320,285,250,215,180,145,146,147,148,149,150,151,116,117,118,119,120,121,122,123,124,125,126,127,128,129,129,129,
goal:129,129,129,129,129,129,129,129,129,129,129,129,129,129,129,129,129,129,129,129,129,129,129,129,129,129,129,129,129,129,129,129,129,129,129,129,129,
size:34
[agent] id:17
path:601,602,603,604,569,570,605,606,607,608,609,610,611,612,613,614,615,616,617,618,619,620,621,622,623,658,659,660,661,662,662,662,662,662,662,662,662,
goal:662,662,662,662,662,662,662,662,662,662,662,662,662,662,662,662,662,662,662,662,662,662,662,662,662,662,662,662,662,662,662,662,662,662,662,662,662,
size:29
[agent] id:18
path:245,280,315,350,385,420,455,490,525,560,561,562,563,564,565,566,567,568,569,570,571,571,571,571,571,571,571,571,571,571,571,571,571,571,571,571,571,
goal:571,571,571,571,571,571,571,571,571,571,571,571,571,571,571,571,571,571,571,571,571,571,571,571,571,571,571,571,571,571,571,571,571,571,571,571,571,
size:20
[agent] id:19
path:475,474,473,472,507,542,577,612,647,682,717,716,715,714,713,712,712,712,712,712,712,712,712,712,712,712,712,712,712,712,712,712,712,712,712,712,712,
goal:712,712,712,712,712,712,712,712,712,712,712,712,712,712,712,712,712,712,712,712,712,712,712,712,712,712,712,712,712,712,712,712,712,712,712,712,712,
size:15
[agent] id:20
path:438,473,472,507,542,577,612,647,682,681,680,679,678,677,676,675,674,673,672,671,671,671,671,671,671,671,671,671,671,671,671,671,671,671,671,671,671,
goal:671,671,671,671,671,671,671,671,671,671,671,671,671,671,671,671,671,671,671,671,671,671,671,671,671,671,671,671,671,671,671,671,671,671,671,671,671,
size:19
[agent] id:21
path:46,45,44,43,42,41,76,111,146,181,216,251,286,287,288,289,290,291,291,291,291,291,291,291,291,291,291,291,291,291,291,291,291,291,291,291,291,
goal:291,291,291,291,291,291,291,291,291,291,291,291,291,291,291,291,291,291,291,291,291,291,291,291,291,291,291,291,291,291,291,291,291,291,291,291,291,
size:17
[agent] id:22
path:303,304,305,306,307,308,309,310,311,312,313,314,314,314,314,314,314,314,314,314,314,314,314,314,314,314,314,314,314,314,314,314,314,314,314,314,314,
goal:314,314,314,314,314,314,314,314,314,314,314,314,314,314,314,314,314,314,314,314,314,314,314,314,314,314,314,314,314,314,314,314,314,314,314,314,314,
size:11
[agent] id:23
path:239,204,169,134,99,64,29,28,27,26,25,24,23,22,21,20,19,19,19,19,19,19,19,19,19,19,19,19,19,19,19,19,19,19,19,19,19,
goal:19,19,19,19,19,19,19,19,19,19,19,19,19,19,19,19,19,19,19,19,19,19,19,19,19,19,19,19,19,19,19,19,19,19,19,19,19,
size:16
[agent] id:24
path:484,449,414,379,344,343,308,307,306,305,304,303,302,301,300,300,300,300,300,300,300,300,300,300,300,300,300,300,300,300,300,300,300,300,300,300,300,
goal:300,300,300,300,300,300,300,300,300,300,300,300,300,300,300,300,300,300,300,300,300,300,300,300,300,300,300,300,300,300,300,300,300,300,300,300,300,
size:14
[agent] id:25
path:658,693,728,727,726,725,724,723,722,721,720,719,718,717,716,715,714,714,714,714,714,714,714,714,714,714,714,714,714,714,714,714,714,714,714,714,714,
goal:714,714,714,714,714,714,714,714,714,714,714,714,714,714,714,714,714,714,714,714,714,714,714,714,714,714,714,714,714,714,714,714,714,714,714,714,714,
size:16
[agent] id:26
path:474,439,404,403,402,367,332,331,296,261,260,259,258,257,256,255,254,253,252,251,216,181,146,111,110,109,108,107,106,105,105,105,105,105,105,105,105,
goal:105,105,105,105,105,105,105,105,105,105,105,105,105,105,105,105,105,105,105,105,105,105,105,105,105,105,105,105,105,105,105,105,105,105,105,105,105,
size:29
[agent] id:27
path:424,459,494,529,530,531,532,533,534,535,536,537,538,539,540,541,542,543,544,545,546,547,548,549,550,551,552,553,554,555,556,557,557,557,557,557,557,
goal:557,557,557,557,557,557,557,557,557,557,557,557,557,557,557,557,557,557,557,557,557,557,557,557,557,557,557,557,557,557,557,557,557,557,557,557,557,
size:31
[agent] id:28
path:119,154,189,190,191,192,227,262,297,332,367,402,437,472,507,542,577,612,647,682,717,716,716,716,716,716,716,716,716,716,716,716,716,716,716,716,716,
goal:716,716,716,716,716,716,716,716,716,716,716,716,716,716,716,716,716,716,716,716,716,716,716,716,716,716,716,716,716,716,716,716,716,716,716,716,716,
size:21
[agent] id:29
path:352,317,282,247,212,177,142,107,72,37,38,39,40,41,42,43,44,45,45,45,45,45,45,45,45,45,45,45,45,45,45,45,45,45,45,45,45,
goal:45,45,45,45,45,45,45,45,45,45,45,45,45,45,45,45,45,45,45,45,45,45,45,45,45,45,45,45,45,45,45,45,45,45,45,45,45,
size:17
SolutionCost:636
