[setting] seed:0
[solver] type:ECBS
[solver] w:5.250000
[solver] ID:0
[solver] Lowlevelnode:31548
[solver] solved:1
[solver] elapsed:59
[solver] makespan:41
[problem] timesteplimit:10000
[problem] type:MAPF
[problem] agentnum:30
[graph] width:35
[graph] height:21
[graph] filename:./map/warehouse_middle.map
[task] id:0,start:0,end:0,service time:0,nodes:289,
[task] id:1,start:0,end:0,service time:0,nodes:634,
[task] id:25,start:0,end:0,service time:0,nodes:155,
[task] id:27,start:0,end:0,service time:0,nodes:151,
[task] id:9,start:0,end:0,service time:0,nodes:346,
[task] id:13,start:0,end:0,service time:0,nodes:444,
[task] id:19,start:0,end:0,service time:0,nodes:18,
[task] id:11,start:0,end:0,service time:0,nodes:433,
[task] id:24,start:0,end:0,service time:0,nodes:71,
[task] id:29,start:0,end:0,service time:0,nodes:160,
[task] id:20,start:0,end:0,service time:0,nodes:6,
[task] id:14,start:0,end:0,service time:0,nodes:590,
[task] id:26,start:0,end:0,service time:0,nodes:473,
[task] id:15,start:0,end:0,service time:0,nodes:70,
[task] id:7,start:0,end:0,service time:0,nodes:392,
[task] id:12,start:0,end:0,service time:0,nodes:464,
[task] id:16,start:0,end:0,service time:0,nodes:124,
[task] id:4,start:0,end:0,service time:0,nodes:263,
[task] id:3,start:0,end:0,service time:0,nodes:481,
[task] id:21,start:0,end:0,service time:0,nodes:484,
[task] id:23,start:0,end:0,service time:0,nodes:680,
[task] id:17,start:0,end:0,service time:0,nodes:19,
[task] id:28,start:0,end:0,service time:0,nodes:519,
[task] id:10,start:0,end:0,service time:0,nodes:412,
[task] id:5,start:0,end:0,service time:0,nodes:632,
[task] id:8,start:0,end:0,service time:0,nodes:701,
[task] id:22,start:0,end:0,service time:0,nodes:488,
[task] id:18,start:0,end:0,service time:0,nodes:457,
[task] id:2,start:0,end:0,service time:0,nodes:601,
[task] id:6,start:0,end:0,service time:0,nodes:703,
[agent] id:0
path:256,291,290,289,289,289,289,289,289,289,289,289,289,289,289,289,289,289,289,289,289,289,289,289,289,289,289,289,289,289,289,289,289,289,289,289,289,289,289,289,289,289,
goal:289,289,289,289,289,289,289,289,289,289,289,289,289,289,289,289,289,289,289,289,289,289,289,289,289,289,289,289,289,289,289,289,289,289,289,289,289,289,289,289,289,289,
size:3
[agent] id:1
path:457,492,527,562,597,632,633,634,634,634,634,634,634,634,634,634,634,634,634,634,634,634,634,634,634,634,634,634,634,634,634,634,634,634,634,634,634,634,634,634,634,634,
goal:634,634,634,634,634,634,634,634,634,634,634,634,634,634,634,634,634,634,634,634,634,634,634,634,634,634,634,634,634,634,634,634,634,634,634,634,634,634,634,634,634,634,
size:7
[agent] id:2
path:240,275,310,345,380,415,450,485,520,555,590,625,624,623,622,621,620,619,618,617,616,615,614,613,612,611,610,609,608,607,606,605,604,603,602,601,601,601,601,601,601,601,
goal:601,601,601,601,601,601,601,601,601,601,601,601,601,601,601,601,601,601,601,601,601,601,601,601,601,601,601,601,601,601,601,601,601,601,601,601,601,601,601,601,601,601,
size:35
[agent] id:3
path:423,423,424,425,426,427,428,429,430,431,432,433,434,435,470,471,472,473,438,473,474,475,476,477,478,479,480,481,481,481,481,481,481,481,481,481,481,481,481,481,481,481,
goal:481,481,481,481,481,481,481,481,481,481,481,481,481,481,481,481,481,481,481,481,481,481,481,481,481,481,481,481,481,481,481,481,481,481,481,481,481,481,481,481,481,481,
size:27
[agent] id:4
path:678,679,680,681,681,682,647,612,577,542,541,542,542,543,543,543,542,507,472,437,437,402,367,332,297,262,263,263,263,263,263,263,263,263,263,263,263,263,263,263,263,263,
goal:263,263,263,263,263,263,263,263,263,263,263,263,263,263,263,263,263,263,263,263,263,263,263,263,263,263,263,263,263,263,263,263,263,263,263,263,263,263,263,263,263,263,
size:26
[agent] id:5
path:339,338,337,336,335,334,333,332,367,402,437,472,507,542,577,612,611,610,609,608,607,606,605,604,603,602,601,600,599,598,633,632,632,632,632,632,632,632,632,632,632,632,
goal:632,632,632,632,632,632,632,632,632,632,632,632,632,632,632,632,632,632,632,632,632,632,632,632,632,632,632,632,632,632,632,632,632,632,632,632,632,632,632,632,632,632,
size:31
[agent] id:6
path:276,311,346,381,416,451,486,521,556,591,626,661,696,731,730,729,728,727,726,725,724,723,722,721,720,719,718,717,716,715,714,713,712,711,710,709,708,707,706,705,704,703,
goal:703,703,703,703,703,703,703,703,703,703,703,703,703,703,703,703,703,703,703,703,703,703,703,703,703,703,703,703,703,703,703,703,703,703,703,703,703,703,703,703,703,703,
size:41
[agent] id:7
path:449,414,413,412,411,410,409,408,407,406,405,404,403,402,401,400,399,398,397,396,395,394,393,392,392,392,392,392,392,392,392,392,392,392,392,392,392,392,392,392,392,392,
goal:392,392,392,392,392,392,392,392,392,392,392,392,392,392,392,392,392,392,392,392,392,392,392,392,392,392,392,392,392,392,392,392,392,392,392,392,392,392,392,392,392,392,
size:23
[agent] id:8
path:408,443,478,477,476,475,474,473,472,507,542,577,612,647,682,717,716,715,714,713,712,711,710,709,708,707,706,705,704,703,702,701,701,701,701,701,701,701,701,701,701,701,
goal:701,701,701,701,701,701,701,701,701,701,701,701,701,701,701,701,701,701,701,701,701,701,701,701,701,701,701,701,701,701,701,701,701,701,701,701,701,701,701,701,701,701,
size:31
[agent] id:9
path:585,550,551,552,553,518,483,448,413,378,343,344,345,346,346,346,346,346,346,346,346,346,346,346,346,346,346,346,346,346,346,346,346,346,346,346,346,346,346,346,346,346,
goal:346,346,346,346,346,346,346,346,346,346,346,346,346,346,346,346,346,346,346,346,346,346,346,346,346,346,346,346,346,346,346,346,346,346,346,346,346,346,346,346,346,346,
size:13
[agent] id:10
path:492,493,458,423,388,389,390,391,392,393,394,395,396,397,398,399,434,399,400,401,402,403,404,405,406,407,408,409,410,411,412,412,412,412,412,412,412,412,412,412,412,412,
goal:412,412,412,412,412,412,412,412,412,412,412,412,412,412,412,412,412,412,412,412,412,412,412,412,412,412,412,412,412,412,412,412,412,412,412,412,412,412,412,412,412,412,
size:30
[agent] id:11
path:341,340,339,338,337,336,335,334,333,332,367,402,437,436,435,434,433,433,433,433,433,433,433,433,433,433,433,433,433,433,433,433,433,433,433,433,433,433,433,433,433,433,
goal:433,433,433,433,433,433,433,433,433,433,433,433,433,433,433,433,433,433,433,433,433,433,433,433,433,433,433,433,433,433,433,433,433,433,433,433,433,433,433,433,433,433,
size:16
[agent] id:12
path:720,685,684,683,682,647,612,577,542,541,540,539,538,537,536,535,534,533,532,531,496,461,462,463,464,464,464,464,464,464,464,464,464,464,464,464,464,464,464,464,464,464,
goal:464,464,464,464,464,464,464,464,464,464,464,464,464,464,464,464,464,464,464,464,464,464,464,464,464,464,464,464,464,464,464,464,464,464,464,464,464,464,464,464,464,464,
size:24
[agent] id:13
path:192,227,262,297,332,367,402,437,438,439,440,441,442,443,444,444,444,444,444,444,444,444,444,444,444,444,444,444,444,444,444,444,444,444,444,444,444,444,444,444,444,444,
goal:444,444,444,444,444,444,444,444,444,444,444,444,444,444,444,444,444,444,444,444,444,444,444,444,444,444,444,444,444,444,444,444,444,444,444,444,444,444,444,444,444,444,
size:14
[agent] id:14
path:60,61,62,63,98,133,168,203,238,273,308,343,378,413,448,483,518,553,588,589,590,590,590,590,590,590,590,590,590,590,590,590,590,590,590,590,590,590,590,590,590,590,
goal:590,590,590,590,590,590,590,590,590,590,590,590,590,590,590,590,590,590,590,590,590,590,590,590,590,590,590,590,590,590,590,590,590,590,590,590,590,590,590,590,590,590,
size:20
[agent] id:15
path:125,124,123,122,121,120,119,118,117,116,115,114,113,112,111,110,109,108,107,106,105,70,70,70,70,70,70,70,70,70,70,70,70,70,70,70,70,70,70,70,70,70,
goal:70,70,70,70,70,70,70,70,70,70,70,70,70,70,70,70,70,70,70,70,70,70,70,70,70,70,70,70,70,70,70,70,70,70,70,70,70,70,70,70,70,70,
size:21
[agent] id:16
path:406,405,404,403,402,402,403,403,402,403,403,403,438,438,403,402,367,332,297,262,227,192,157,122,123,124,124,124,124,124,124,124,124,124,124,124,124,124,124,124,124,124,
goal:124,124,124,124,124,124,124,124,124,124,124,124,124,124,124,124,124,124,124,124,124,124,124,124,124,124,124,124,124,124,124,124,124,124,124,124,124,124,124,124,124,124,
size:25
[agent] id:17
path:386,351,316,281,246,211,176,141,142,143,144,145,146,147,148,113,114,115,116,117,118,119,120,121,122,87,52,53,54,19,19,19,19,19,19,19,19,19,19,19,19,19,
goal:19,19,19,19,19,19,19,19,19,19,19,19,19,19,19,19,19,19,19,19,19,19,19,19,19,19,19,19,19,19,19,19,19,19,19,19,19,19,19,19,19,19,
size:29
[agent] id:18
path:627,592,557,556,555,554,553,552,551,550,549,548,547,546,545,544,543,542,541,540,539,538,537,536,535,534,533,532,531,496,461,460,459,458,457,457,457,457,457,457,457,457,
goal:457,457,457,457,457,457,457,457,457,457,457,457,457,457,457,457,457,457,457,457,457,457,457,457,457,457,457,457,457,457,457,457,457,457,457,457,457,457,457,457,457,457,
size:34
[agent] id:19
path:39,4,5,6,7,8,9,10,11,12,13,14,15,16,17,18,18,18,18,18,18,18,18,18,18,18,18,18,18,18,18,18,18,18,18,18,18,18,18,18,18,18,
goal:18,18,18,18,18,18,18,18,18,18,18,18,18,18,18,18,18,18,18,18,18,18,18,18,18,18,18,18,18,18,18,18,18,18,18,18,18,18,18,18,18,18,
size:15
[agent] id:20
path:126,125,124,123,122,87,52,51,50,49,48,47,46,45,44,43,42,41,6,6,6,6,6,6,6,6,6,6,6,6,6,6,6,6,6,6,6,6,6,6,6,6,
goal:6,6,6,6,6,6,6,6,6,6,6,6,6,6,6,6,6,6,6,6,6,6,6,6,6,6,6,6,6,6,6,6,6,6,6,6,6,6,6,6,6,6,
size:18
[agent] id:21
path:389,424,459,460,461,462,463,464,465,466,467,468,469,470,471,472,473,474,475,476,477,478,479,480,481,482,483,484,484,484,484,484,484,484,484,484,484,484,484,484,484,484,
goal:484,484,484,484,484,484,484,484,484,484,484,484,484,484,484,484,484,484,484,484,484,484,484,484,484,484,484,484,484,484,484,484,484,484,484,484,484,484,484,484,484,484,
size:27
[agent] id:22
path:707,672,673,674,675,676,677,678,679,680,681,682,683,684,685,686,687,688,689,690,691,692,693,658,623,588,553,518,519,520,485,486,487,488,488,488,488,488,488,488,488,488,
goal:488,488,488,488,488,488,488,488,488,488,488,488,488,488,488,488,488,488,488,488,488,488,488,488,488,488,488,488,488,488,488,488,488,488,488,488,488,488,488,488,488,488,
size:33
[agent] id:23
path:143,178,213,248,283,318,353,388,423,458,493,528,563,598,633,668,669,670,671,672,673,674,675,676,677,678,679,680,680,680,680,680,680,680,680,680,680,680,680,680,680,680,
goal:680,680,680,680,680,680,680,680,680,680,680,680,680,680,680,680,680,680,680,680,680,680,680,680,680,680,680,680,680,680,680,680,680,680,680,680,680,680,680,680,680,680,
size:27
[agent] id:24
path:666,631,596,561,526,491,456,421,386,351,316,281,246,211,176,141,106,71,71,71,71,71,71,71,71,71,71,71,71,71,71,71,71,71,71,71,71,71,71,71,71,71,
goal:71,71,71,71,71,71,71,71,71,71,71,71,71,71,71,71,71,71,71,71,71,71,71,71,71,71,71,71,71,71,71,71,71,71,71,71,71,71,71,71,71,71,
size:17
[agent] id:25
path:294,259,260,261,262,227,192,157,156,155,155,155,155,155,155,155,155,155,155,155,155,155,155,155,155,155,155,155,155,155,155,155,155,155,155,155,155,155,155,155,155,155,
goal:155,155,155,155,155,155,155,155,155,155,155,155,155,155,155,155,155,155,155,155,155,155,155,155,155,155,155,155,155,155,155,155,155,155,155,155,155,155,155,155,155,155,
size:9
[agent] id:26
path:317,352,387,422,457,458,459,460,461,462,463,464,465,466,467,468,469,470,471,472,473,473,473,473,473,473,473,473,473,473,473,473,473,473,473,473,473,473,473,473,473,473,
goal:473,473,473,473,473,473,473,473,473,473,473,473,473,473,473,473,473,473,473,473,473,473,473,473,473,473,473,473,473,473,473,473,473,473,473,473,473,473,473,473,473,473,
size:20
[agent] id:27
path:285,250,215,180,145,146,147,148,149,150,151,151,151,151,151,151,151,151,151,151,151,151,151,151,151,151,151,151,151,151,151,151,151,151,151,151,151,151,151,151,151,151,
goal:151,151,151,151,151,151,151,151,151,151,151,151,151,151,151,151,151,151,151,151,151,151,151,151,151,151,151,151,151,151,151,151,151,151,151,151,151,151,151,151,151,151,
size:10
[agent] id:28
path:151,186,187,188,189,190,191,192,227,262,297,332,333,334,335,336,337,338,339,340,341,342,343,378,413,448,448,483,518,519,519,519,519,519,519,519,519,519,519,519,519,519,
goal:519,519,519,519,519,519,519,519,519,519,519,519,519,519,519,519,519,519,519,519,519,519,519,519,519,519,519,519,519,519,519,519,519,519,519,519,519,519,519,519,519,519,
size:29
[agent] id:29
path:415,380,345,344,309,274,239,204,169,168,167,166,165,164,163,162,161,160,160,160,160,160,160,160,160,160,160,160,160,160,160,160,160,160,160,160,160,160,160,160,160,160,
goal:160,160,160,160,160,160,160,160,160,160,160,160,160,160,160,160,160,160,160,160,160,160,160,160,160,160,160,160,160,160,160,160,160,160,160,160,160,160,160,160,160,160,
size:17
SolutionCost:672
