[setting] seed:70
[solver] type:ECBS
[solver] w:2.000000
[solver] ID:0
[solver] Lowlevelnode:2690
[solver] ConflictCount:10
[solver] solved:1
[solver] elapsed:23
[solver] makespan:38
[problem] timesteplimit:10000
[problem] type:MAPF
[problem] agentnum:30
[graph] width:35
[graph] height:21
[graph] filename:./map/warehouse_middle.map
[task] id:13,start:0,end:0,service time:0,nodes:149,
[task] id:24,start:0,end:0,service time:0,nodes:478,
[task] id:8,start:0,end:0,service time:0,nodes:167,
[task] id:18,start:0,end:0,service time:0,nodes:349,
[task] id:23,start:0,end:0,service time:0,nodes:604,
[task] id:28,start:0,end:0,service time:0,nodes:263,
[task] id:0,start:0,end:0,service time:0,nodes:393,
[task] id:22,start:0,end:0,service time:0,nodes:416,
[task] id:3,start:0,end:0,service time:0,nodes:731,
[task] id:12,start:0,end:0,service time:0,nodes:410,
[task] id:21,start:0,end:0,service time:0,nodes:615,
[task] id:25,start:0,end:0,service time:0,nodes:303,
[task] id:17,start:0,end:0,service time:0,nodes:315,
[task] id:4,start:0,end:0,service time:0,nodes:732,
[task] id:6,start:0,end:0,service time:0,nodes:728,
[task] id:1,start:0,end:0,service time:0,nodes:624,
[task] id:29,start:0,end:0,service time:0,nodes:451,
[task] id:9,start:0,end:0,service time:0,nodes:192,
[task] id:20,start:0,end:0,service time:0,nodes:125,
[task] id:14,start:0,end:0,service time:0,nodes:690,
[task] id:19,start:0,end:0,service time:0,nodes:9,
[task] id:2,start:0,end:0,service time:0,nodes:535,
[task] id:11,start:0,end:0,service time:0,nodes:69,
[task] id:16,start:0,end:0,service time:0,nodes:446,
[task] id:26,start:0,end:0,service time:0,nodes:348,
[task] id:5,start:0,end:0,service time:0,nodes:533,
[task] id:27,start:0,end:0,service time:0,nodes:14,
[task] id:15,start:0,end:0,service time:0,nodes:452,
[task] id:10,start:0,end:0,service time:0,nodes:48,
[task] id:7,start:0,end:0,service time:0,nodes:629,
[agent] id:0
path:526,491,456,421,386,387,388,389,390,391,392,393,393,393,393,393,393,393,393,393,393,393,393,393,393,393,393,393,393,393,393,393,393,393,393,393,393,393,393,
goal:393,393,393,393,393,393,393,393,393,393,393,393,393,393,393,393,393,393,393,393,393,393,393,393,393,393,393,393,393,393,393,393,393,393,393,393,393,393,393,
size:11
[agent] id:1
path:710,675,676,677,678,679,680,681,682,683,684,685,686,687,688,689,690,691,692,693,658,623,624,624,624,624,624,624,624,624,624,624,624,624,624,624,624,624,624,
goal:624,624,624,624,624,624,624,624,624,624,624,624,624,624,624,624,624,624,624,624,624,624,624,624,624,624,624,624,624,624,624,624,624,624,624,624,624,624,624,
size:22
[agent] id:2
path:664,629,594,559,558,557,556,555,554,553,552,551,550,549,548,547,546,545,544,543,542,541,540,539,538,537,536,535,535,535,535,535,535,535,535,535,535,535,535,
goal:535,535,535,535,535,535,535,535,535,535,535,535,535,535,535,535,535,535,535,535,535,535,535,535,535,535,535,535,535,535,535,535,535,535,535,535,535,535,535,
size:27
[agent] id:3
path:445,480,481,482,483,518,519,554,589,624,659,694,729,730,731,731,731,731,731,731,731,731,731,731,731,731,731,731,731,731,731,731,731,731,731,731,731,731,731,
goal:731,731,731,731,731,731,731,731,731,731,731,731,731,731,731,731,731,731,731,731,731,731,731,731,731,731,731,731,731,731,731,731,731,731,731,731,731,731,731,
size:14
[agent] id:4
path:169,170,205,240,275,310,311,346,381,416,451,486,521,556,591,626,661,662,662,697,732,732,732,732,732,732,732,732,732,732,732,732,732,732,732,732,732,732,732,
goal:732,732,732,732,732,732,732,732,732,732,732,732,732,732,732,732,732,732,732,732,732,732,732,732,732,732,732,732,732,732,732,732,732,732,732,732,732,732,732,
size:20
[agent] id:5
path:22,57,56,55,54,53,52,87,122,157,192,227,262,297,332,331,330,329,328,327,326,325,324,323,322,321,356,391,426,461,496,531,532,533,533,533,533,533,533,
goal:533,533,533,533,533,533,533,533,533,533,533,533,533,533,533,533,533,533,533,533,533,533,533,533,533,533,533,533,533,533,533,533,533,533,533,533,533,533,533,
size:33
[agent] id:6
path:403,438,439,440,441,442,443,444,479,480,481,482,483,484,519,554,589,624,659,694,729,728,728,728,728,728,728,728,728,728,728,728,728,728,728,728,728,728,728,
goal:728,728,728,728,728,728,728,728,728,728,728,728,728,728,728,728,728,728,728,728,728,728,728,728,728,728,728,728,728,728,728,728,728,728,728,728,728,728,728,
size:21
[agent] id:7
path:353,388,423,458,493,528,563,564,565,566,567,568,569,570,571,572,573,574,575,576,577,578,579,580,581,582,583,584,585,586,587,588,589,590,625,626,627,628,629,
goal:629,629,629,629,629,629,629,629,629,629,629,629,629,629,629,629,629,629,629,629,629,629,629,629,629,629,629,629,629,629,629,629,629,629,629,629,629,629,629,
size:38
[agent] id:8
path:68,103,138,173,172,171,170,169,168,167,167,167,167,167,167,167,167,167,167,167,167,167,167,167,167,167,167,167,167,167,167,167,167,167,167,167,167,167,167,
goal:167,167,167,167,167,167,167,167,167,167,167,167,167,167,167,167,167,167,167,167,167,167,167,167,167,167,167,167,167,167,167,167,167,167,167,167,167,167,167,
size:9
[agent] id:9
path:555,520,485,450,415,380,345,310,275,240,205,204,203,202,201,200,199,198,197,196,195,194,193,192,192,192,192,192,192,192,192,192,192,192,192,192,192,192,192,
goal:192,192,192,192,192,192,192,192,192,192,192,192,192,192,192,192,192,192,192,192,192,192,192,192,192,192,192,192,192,192,192,192,192,192,192,192,192,192,192,
size:23
[agent] id:10
path:594,559,524,489,454,419,384,349,314,279,244,209,174,139,104,69,68,67,66,65,64,63,62,61,60,59,58,57,56,55,54,53,52,51,50,49,48,48,48,
goal:48,48,48,48,48,48,48,48,48,48,48,48,48,48,48,48,48,48,48,48,48,48,48,48,48,48,48,48,48,48,48,48,48,48,48,48,48,48,48,
size:36
[agent] id:11
path:721,686,687,688,689,690,691,692,693,658,623,588,553,518,483,448,413,378,343,308,273,238,203,168,133,98,63,64,65,66,67,68,69,69,69,69,69,69,69,
goal:69,69,69,69,69,69,69,69,69,69,69,69,69,69,69,69,69,69,69,69,69,69,69,69,69,69,69,69,69,69,69,69,69,69,69,69,69,69,69,
size:32
[agent] id:12
path:328,329,330,331,332,367,402,403,404,405,406,407,408,409,410,410,410,410,410,410,410,410,410,410,410,410,410,410,410,410,410,410,410,410,410,410,410,410,410,
goal:410,410,410,410,410,410,410,410,410,410,410,410,410,410,410,410,410,410,410,410,410,410,410,410,410,410,410,410,410,410,410,410,410,410,410,410,410,410,410,
size:14
[agent] id:13
path:216,181,146,147,148,149,149,149,149,149,149,149,149,149,149,149,149,149,149,149,149,149,149,149,149,149,149,149,149,149,149,149,149,149,149,149,149,149,149,
goal:149,149,149,149,149,149,149,149,149,149,149,149,149,149,149,149,149,149,149,149,149,149,149,149,149,149,149,149,149,149,149,149,149,149,149,149,149,149,149,
size:5
[agent] id:14
path:174,209,244,279,314,349,348,383,418,453,488,523,558,593,628,663,698,697,696,695,694,693,692,691,690,690,690,690,690,690,690,690,690,690,690,690,690,690,690,
goal:690,690,690,690,690,690,690,690,690,690,690,690,690,690,690,690,690,690,690,690,690,690,690,690,690,690,690,690,690,690,690,690,690,690,690,690,690,690,690,
size:24
[agent] id:15
path:111,146,147,148,149,150,151,152,153,154,155,156,157,158,159,160,161,162,163,198,199,200,201,202,203,238,273,308,343,378,379,380,381,382,417,452,452,452,452,
goal:452,452,452,452,452,452,452,452,452,452,452,452,452,452,452,452,452,452,452,452,452,452,452,452,452,452,452,452,452,452,452,452,452,452,452,452,452,452,452,
size:35
[agent] id:16
path:108,143,178,213,248,283,318,353,388,423,424,425,426,427,428,429,430,431,432,433,434,435,436,437,438,439,440,441,442,443,444,445,446,446,446,446,446,446,446,
goal:446,446,446,446,446,446,446,446,446,446,446,446,446,446,446,446,446,446,446,446,446,446,446,446,446,446,446,446,446,446,446,446,446,446,446,446,446,446,446,
size:32
[agent] id:17
path:467,432,397,396,395,394,393,392,391,356,321,320,319,318,317,316,315,315,315,315,315,315,315,315,315,315,315,315,315,315,315,315,315,315,315,315,315,315,315,
goal:315,315,315,315,315,315,315,315,315,315,315,315,315,315,315,315,315,315,315,315,315,315,315,315,315,315,315,315,315,315,315,315,315,315,315,315,315,315,315,
size:16
[agent] id:18
path:699,664,629,594,559,524,489,454,419,384,349,349,349,349,349,349,349,349,349,349,349,349,349,349,349,349,349,349,349,349,349,349,349,349,349,349,349,349,349,
goal:349,349,349,349,349,349,349,349,349,349,349,349,349,349,349,349,349,349,349,349,349,349,349,349,349,349,349,349,349,349,349,349,349,349,349,349,349,349,349,
size:10
[agent] id:19
path:204,169,134,99,64,29,28,27,26,25,24,23,22,21,20,19,18,17,16,15,14,13,12,11,10,9,9,9,9,9,9,9,9,9,9,9,9,9,9,
goal:9,9,9,9,9,9,9,9,9,9,9,9,9,9,9,9,9,9,9,9,9,9,9,9,9,9,9,9,9,9,9,9,9,9,9,9,9,9,9,
size:25
[agent] id:20
path:581,546,545,544,543,542,507,472,472,437,402,367,332,331,296,261,262,227,192,157,122,123,124,125,125,125,125,125,125,125,125,125,125,125,125,125,125,125,125,
goal:125,125,125,125,125,125,125,125,125,125,125,125,125,125,125,125,125,125,125,125,125,125,125,125,125,125,125,125,125,125,125,125,125,125,125,125,125,125,125,
size:23
[agent] id:21
path:663,628,627,626,625,624,623,622,621,620,619,618,617,616,615,615,615,615,615,615,615,615,615,615,615,615,615,615,615,615,615,615,615,615,615,615,615,615,615,
goal:615,615,615,615,615,615,615,615,615,615,615,615,615,615,615,615,615,615,615,615,615,615,615,615,615,615,615,615,615,615,615,615,615,615,615,615,615,615,615,
size:14
[agent] id:22
path:728,693,658,623,588,553,518,483,448,413,414,415,416,416,416,416,416,416,416,416,416,416,416,416,416,416,416,416,416,416,416,416,416,416,416,416,416,416,416,
goal:416,416,416,416,416,416,416,416,416,416,416,416,416,416,416,416,416,416,416,416,416,416,416,416,416,416,416,416,416,416,416,416,416,416,416,416,416,416,416,
size:12
[agent] id:23
path:630,595,596,597,598,599,600,601,602,603,604,604,604,604,604,604,604,604,604,604,604,604,604,604,604,604,604,604,604,604,604,604,604,604,604,604,604,604,604,
goal:604,604,604,604,604,604,604,604,604,604,604,604,604,604,604,604,604,604,604,604,604,604,604,604,604,604,604,604,604,604,604,604,604,604,604,604,604,604,604,
size:10
[agent] id:24
path:405,440,475,476,477,478,478,478,478,478,478,478,478,478,478,478,478,478,478,478,478,478,478,478,478,478,478,478,478,478,478,478,478,478,478,478,478,478,478,
goal:478,478,478,478,478,478,478,478,478,478,478,478,478,478,478,478,478,478,478,478,478,478,478,478,478,478,478,478,478,478,478,478,478,478,478,478,478,478,478,
size:5
[agent] id:25
path:590,555,520,485,450,415,380,345,310,309,308,307,306,305,304,303,303,303,303,303,303,303,303,303,303,303,303,303,303,303,303,303,303,303,303,303,303,303,303,
goal:303,303,303,303,303,303,303,303,303,303,303,303,303,303,303,303,303,303,303,303,303,303,303,303,303,303,303,303,303,303,303,303,303,303,303,303,303,303,303,
size:15
[agent] id:26
path:712,677,678,679,680,681,682,647,612,577,542,507,472,437,402,367,332,333,334,335,336,337,338,339,340,341,342,343,344,345,346,347,348,348,348,348,348,348,348,
goal:348,348,348,348,348,348,348,348,348,348,348,348,348,348,348,348,348,348,348,348,348,348,348,348,348,348,348,348,348,348,348,348,348,348,348,348,348,348,348,
size:32
[agent] id:27
path:660,625,590,555,520,485,450,415,380,345,310,275,240,205,170,135,100,65,30,29,28,27,26,25,24,23,22,21,20,19,18,17,16,15,14,14,14,14,14,
goal:14,14,14,14,14,14,14,14,14,14,14,14,14,14,14,14,14,14,14,14,14,14,14,14,14,14,14,14,14,14,14,14,14,14,14,14,14,14,14,
size:34
[agent] id:28
path:151,186,187,188,189,190,191,192,227,262,263,263,263,263,263,263,263,263,263,263,263,263,263,263,263,263,263,263,263,263,263,263,263,263,263,263,263,263,263,
goal:263,263,263,263,263,263,263,263,263,263,263,263,263,263,263,263,263,263,263,263,263,263,263,263,263,263,263,263,263,263,263,263,263,263,263,263,263,263,263,
size:10
[agent] id:29
path:429,430,431,432,433,434,435,436,437,438,439,440,441,442,443,444,445,446,447,448,449,450,451,451,451,451,451,451,451,451,451,451,451,451,451,451,451,451,451,
goal:451,451,451,451,451,451,451,451,451,451,451,451,451,451,451,451,451,451,451,451,451,451,451,451,451,451,451,451,451,451,451,451,451,451,451,451,451,451,451,
size:22
SolutionCost:624
