[setting] seed:79
[solver] type:ECBS
[solver] w:2.000000
[solver] ID:0
[solver] Lowlevelnode:6809
[solver] ConflictCount:15
[solver] solved:1
[solver] elapsed:38
[solver] makespan:38
[problem] timesteplimit:10000
[problem] type:MAPF
[problem] agentnum:30
[graph] width:35
[graph] height:21
[graph] filename:./map/warehouse_middle.map
[task] id:11,start:0,end:0,service time:0,nodes:731,
[task] id:26,start:0,end:0,service time:0,nodes:318,
[task] id:4,start:0,end:0,service time:0,nodes:531,
[task] id:23,start:0,end:0,service time:0,nodes:267,
[task] id:10,start:0,end:0,service time:0,nodes:347,
[task] id:25,start:0,end:0,service time:0,nodes:446,
[task] id:6,start:0,end:0,service time:0,nodes:628,
[task] id:0,start:0,end:0,service time:0,nodes:401,
[task] id:14,start:0,end:0,service time:0,nodes:687,
[task] id:1,start:0,end:0,service time:0,nodes:481,
[task] id:2,start:0,end:0,service time:0,nodes:154,
[task] id:7,start:0,end:0,service time:0,nodes:274,
[task] id:8,start:0,end:0,service time:0,nodes:542,
[task] id:16,start:0,end:0,service time:0,nodes:695,
[task] id:22,start:0,end:0,service time:0,nodes:319,
[task] id:5,start:0,end:0,service time:0,nodes:64,
[task] id:17,start:0,end:0,service time:0,nodes:574,
[task] id:18,start:0,end:0,service time:0,nodes:702,
[task] id:28,start:0,end:0,service time:0,nodes:271,
[task] id:29,start:0,end:0,service time:0,nodes:400,
[task] id:3,start:0,end:0,service time:0,nodes:534,
[task] id:24,start:0,end:0,service time:0,nodes:27,
[task] id:12,start:0,end:0,service time:0,nodes:397,
[task] id:20,start:0,end:0,service time:0,nodes:385,
[task] id:27,start:0,end:0,service time:0,nodes:421,
[task] id:19,start:0,end:0,service time:0,nodes:7,
[task] id:13,start:0,end:0,service time:0,nodes:67,
[task] id:9,start:0,end:0,service time:0,nodes:425,
[task] id:21,start:0,end:0,service time:0,nodes:715,
[task] id:15,start:0,end:0,service time:0,nodes:590,
[agent] id:0
path:342,341,340,339,338,337,336,335,334,333,332,367,402,401,401,401,401,401,401,401,401,401,401,401,401,401,401,401,401,401,401,401,401,401,401,401,401,401,401,
goal:401,401,401,401,401,401,401,401,401,401,401,401,401,401,401,401,401,401,401,401,401,401,401,401,401,401,401,401,401,401,401,401,401,401,401,401,401,401,401,
size:13
[agent] id:1
path:433,468,469,470,471,472,473,474,475,476,477,478,479,480,481,481,481,481,481,481,481,481,481,481,481,481,481,481,481,481,481,481,481,481,481,481,481,481,481,
goal:481,481,481,481,481,481,481,481,481,481,481,481,481,481,481,481,481,481,481,481,481,481,481,481,481,481,481,481,481,481,481,481,481,481,481,481,481,481,481,
size:14
[agent] id:2
path:333,298,297,297,262,261,261,261,262,227,192,157,156,155,154,154,154,154,154,154,154,154,154,154,154,154,154,154,154,154,154,154,154,154,154,154,154,154,154,
goal:154,154,154,154,154,154,154,154,154,154,154,154,154,154,154,154,154,154,154,154,154,154,154,154,154,154,154,154,154,154,154,154,154,154,154,154,154,154,154,
size:14
[agent] id:3
path:52,87,122,157,192,227,262,297,332,367,402,437,472,507,542,541,540,539,538,537,536,535,534,534,534,534,534,534,534,534,534,534,534,534,534,534,534,534,534,
goal:534,534,534,534,534,534,534,534,534,534,534,534,534,534,534,534,534,534,534,534,534,534,534,534,534,534,534,534,534,534,534,534,534,534,534,534,534,534,534,
size:22
[agent] id:4
path:491,526,527,528,529,530,531,531,531,531,531,531,531,531,531,531,531,531,531,531,531,531,531,531,531,531,531,531,531,531,531,531,531,531,531,531,531,531,531,
goal:531,531,531,531,531,531,531,531,531,531,531,531,531,531,531,531,531,531,531,531,531,531,531,531,531,531,531,531,531,531,531,531,531,531,531,531,531,531,531,
size:6
[agent] id:5
path:263,264,265,266,267,268,269,270,271,272,273,238,203,168,133,98,63,64,64,64,64,64,64,64,64,64,64,64,64,64,64,64,64,64,64,64,64,64,64,
goal:64,64,64,64,64,64,64,64,64,64,64,64,64,64,64,64,64,64,64,64,64,64,64,64,64,64,64,64,64,64,64,64,64,64,64,64,64,64,64,
size:17
[agent] id:6
path:447,482,483,518,553,588,623,624,625,626,627,628,628,628,628,628,628,628,628,628,628,628,628,628,628,628,628,628,628,628,628,628,628,628,628,628,628,628,628,
goal:628,628,628,628,628,628,628,628,628,628,628,628,628,628,628,628,628,628,628,628,628,628,628,628,628,628,628,628,628,628,628,628,628,628,628,628,628,628,628,
size:11
[agent] id:7
path:697,662,627,592,557,522,487,452,417,382,381,346,311,276,275,274,274,274,274,274,274,274,274,274,274,274,274,274,274,274,274,274,274,274,274,274,274,274,274,
goal:274,274,274,274,274,274,274,274,274,274,274,274,274,274,274,274,274,274,274,274,274,274,274,274,274,274,274,274,274,274,274,274,274,274,274,274,274,274,274,
size:15
[agent] id:8
path:482,481,480,479,478,477,476,475,440,439,474,473,473,472,507,542,542,542,542,542,542,542,542,542,542,542,542,542,542,542,542,542,542,542,542,542,542,542,542,
goal:542,542,542,542,542,542,542,542,542,542,542,542,542,542,542,542,542,542,542,542,542,542,542,542,542,542,542,542,542,542,542,542,542,542,542,542,542,542,542,
size:15
[agent] id:9
path:206,241,276,311,346,381,416,415,414,413,412,411,410,445,444,443,442,441,440,439,438,438,437,436,435,434,433,432,431,430,429,428,427,426,425,425,425,425,425,
goal:425,425,425,425,425,425,425,425,425,425,425,425,425,425,425,425,425,425,425,425,425,425,425,425,425,425,425,425,425,425,425,425,425,425,425,425,425,425,425,
size:34
[agent] id:10
path:445,410,411,412,413,378,343,344,345,346,347,347,347,347,347,347,347,347,347,347,347,347,347,347,347,347,347,347,347,347,347,347,347,347,347,347,347,347,347,
goal:347,347,347,347,347,347,347,347,347,347,347,347,347,347,347,347,347,347,347,347,347,347,347,347,347,347,347,347,347,347,347,347,347,347,347,347,347,347,347,
size:10
[agent] id:11
path:727,728,729,730,731,731,731,731,731,731,731,731,731,731,731,731,731,731,731,731,731,731,731,731,731,731,731,731,731,731,731,731,731,731,731,731,731,731,731,
goal:731,731,731,731,731,731,731,731,731,731,731,731,731,731,731,731,731,731,731,731,731,731,731,731,731,731,731,731,731,731,731,731,731,731,731,731,731,731,731,
size:4
[agent] id:12
path:47,48,49,50,51,52,87,122,157,192,193,192,227,262,297,332,367,402,437,436,435,434,399,398,397,397,397,397,397,397,397,397,397,397,397,397,397,397,397,
goal:397,397,397,397,397,397,397,397,397,397,397,397,397,397,397,397,397,397,397,397,397,397,397,397,397,397,397,397,397,397,397,397,397,397,397,397,397,397,397,
size:24
[agent] id:13
path:576,541,542,543,544,545,546,547,548,549,550,551,552,553,518,483,448,413,378,343,308,273,238,203,168,133,98,99,100,65,66,67,67,67,67,67,67,67,67,
goal:67,67,67,67,67,67,67,67,67,67,67,67,67,67,67,67,67,67,67,67,67,67,67,67,67,67,67,67,67,67,67,67,67,67,67,67,67,67,67,
size:31
[agent] id:14
path:470,471,472,507,542,577,612,647,682,683,684,685,686,687,687,687,687,687,687,687,687,687,687,687,687,687,687,687,687,687,687,687,687,687,687,687,687,687,687,
goal:687,687,687,687,687,687,687,687,687,687,687,687,687,687,687,687,687,687,687,687,687,687,687,687,687,687,687,687,687,687,687,687,687,687,687,687,687,687,687,
size:13
[agent] id:15
path:8,43,44,45,46,47,48,49,50,51,52,87,122,157,192,227,262,297,332,367,402,403,404,405,406,407,408,409,410,411,412,447,482,483,518,553,588,589,590,
goal:590,590,590,590,590,590,590,590,590,590,590,590,590,590,590,590,590,590,590,590,590,590,590,590,590,590,590,590,590,590,590,590,590,590,590,590,590,590,590,
size:38
[agent] id:16
path:716,681,682,683,684,685,686,687,688,689,690,691,692,693,694,695,695,695,695,695,695,695,695,695,695,695,695,695,695,695,695,695,695,695,695,695,695,695,695,
goal:695,695,695,695,695,695,695,695,695,695,695,695,695,695,695,695,695,695,695,695,695,695,695,695,695,695,695,695,695,695,695,695,695,695,695,695,695,695,695,
size:15
[agent] id:17
path:339,338,337,336,335,334,333,332,367,402,437,472,507,542,577,576,575,574,574,574,574,574,574,574,574,574,574,574,574,574,574,574,574,574,574,574,574,574,574,
goal:574,574,574,574,574,574,574,574,574,574,574,574,574,574,574,574,574,574,574,574,574,574,574,574,574,574,574,574,574,574,574,574,574,574,574,574,574,574,574,
size:17
[agent] id:18
path:254,289,324,323,322,321,356,391,426,461,496,495,530,565,600,635,670,705,704,703,702,702,702,702,702,702,702,702,702,702,702,702,702,702,702,702,702,702,702,
goal:702,702,702,702,702,702,702,702,702,702,702,702,702,702,702,702,702,702,702,702,702,702,702,702,702,702,702,702,702,702,702,702,702,702,702,702,702,702,702,
size:20
[agent] id:19
path:272,273,238,203,168,133,98,63,28,27,26,25,24,23,22,21,20,19,18,17,16,15,14,13,12,11,10,9,8,7,7,7,7,7,7,7,7,7,7,
goal:7,7,7,7,7,7,7,7,7,7,7,7,7,7,7,7,7,7,7,7,7,7,7,7,7,7,7,7,7,7,7,7,7,7,7,7,7,7,7,
size:29
[agent] id:20
path:87,122,157,192,227,262,297,296,331,330,329,328,327,326,325,324,323,322,321,356,391,390,389,388,387,386,385,385,385,385,385,385,385,385,385,385,385,385,385,
goal:385,385,385,385,385,385,385,385,385,385,385,385,385,385,385,385,385,385,385,385,385,385,385,385,385,385,385,385,385,385,385,385,385,385,385,385,385,385,385,
size:26
[agent] id:21
path:139,174,209,244,279,314,349,384,419,454,489,524,559,594,629,664,663,662,661,660,659,694,729,728,727,726,725,724,723,722,721,720,719,718,717,716,715,715,715,
goal:715,715,715,715,715,715,715,715,715,715,715,715,715,715,715,715,715,715,715,715,715,715,715,715,715,715,715,715,715,715,715,715,715,715,715,715,715,715,715,
size:36
[agent] id:22
path:335,334,333,332,331,330,329,328,327,326,325,324,323,322,321,320,319,319,319,319,319,319,319,319,319,319,319,319,319,319,319,319,319,319,319,319,319,319,319,
goal:319,319,319,319,319,319,319,319,319,319,319,319,319,319,319,319,319,319,319,319,319,319,319,319,319,319,319,319,319,319,319,319,319,319,319,319,319,319,319,
size:16
[agent] id:23
path:295,260,261,262,263,264,265,266,267,267,267,267,267,267,267,267,267,267,267,267,267,267,267,267,267,267,267,267,267,267,267,267,267,267,267,267,267,267,267,
goal:267,267,267,267,267,267,267,267,267,267,267,267,267,267,267,267,267,267,267,267,267,267,267,267,267,267,267,267,267,267,267,267,267,267,267,267,267,267,267,
size:8
[agent] id:24
path:694,659,624,589,554,519,484,484,449,414,379,344,309,274,239,204,169,134,99,98,63,28,27,27,27,27,27,27,27,27,27,27,27,27,27,27,27,27,27,
goal:27,27,27,27,27,27,27,27,27,27,27,27,27,27,27,27,27,27,27,27,27,27,27,27,27,27,27,27,27,27,27,27,27,27,27,27,27,27,27,
size:22
[agent] id:25
path:660,625,590,555,520,485,450,449,448,447,446,446,446,446,446,446,446,446,446,446,446,446,446,446,446,446,446,446,446,446,446,446,446,446,446,446,446,446,446,
goal:446,446,446,446,446,446,446,446,446,446,446,446,446,446,446,446,446,446,446,446,446,446,446,446,446,446,446,446,446,446,446,446,446,446,446,446,446,446,446,
size:10
[agent] id:26
path:143,178,213,248,283,318,318,318,318,318,318,318,318,318,318,318,318,318,318,318,318,318,318,318,318,318,318,318,318,318,318,318,318,318,318,318,318,318,318,
goal:318,318,318,318,318,318,318,318,318,318,318,318,318,318,318,318,318,318,318,318,318,318,318,318,318,318,318,318,318,318,318,318,318,318,318,318,318,318,318,
size:5
[agent] id:27
path:161,196,195,194,193,192,227,262,297,332,367,402,437,436,435,434,433,432,431,430,429,428,427,426,425,424,423,422,421,421,421,421,421,421,421,421,421,421,421,
goal:421,421,421,421,421,421,421,421,421,421,421,421,421,421,421,421,421,421,421,421,421,421,421,421,421,421,421,421,421,421,421,421,421,421,421,421,421,421,421,
size:28
[agent] id:28
path:155,190,191,156,157,158,193,194,195,196,197,198,199,200,201,202,203,238,273,272,271,271,271,271,271,271,271,271,271,271,271,271,271,271,271,271,271,271,271,
goal:271,271,271,271,271,271,271,271,271,271,271,271,271,271,271,271,271,271,271,271,271,271,271,271,271,271,271,271,271,271,271,271,271,271,271,271,271,271,271,
size:20
[agent] id:29
path:633,598,563,564,565,565,530,495,460,460,461,462,463,464,465,466,467,468,433,434,399,400,400,400,400,400,400,400,400,400,400,400,400,400,400,400,400,400,400,
goal:400,400,400,400,400,400,400,400,400,400,400,400,400,400,400,400,400,400,400,400,400,400,400,400,400,400,400,400,400,400,400,400,400,400,400,400,400,400,400,
size:21
SolutionCost:554
