[setting] seed:69
[solver] type:ECBS
[solver] w:2.000000
[solver] ID:0
[solver] Lowlevelnode:6040
[solver] ConflictCount:13
[solver] solved:1
[solver] elapsed:56
[solver] makespan:36
[problem] timesteplimit:10000
[problem] type:MAPF
[problem] agentnum:30
[graph] width:35
[graph] height:21
[graph] filename:./map/warehouse_middle.map
[task] id:19,start:0,end:0,service time:0,nodes:302,
[task] id:16,start:0,end:0,service time:0,nodes:718,
[task] id:27,start:0,end:0,service time:0,nodes:680,
[task] id:22,start:0,end:0,service time:0,nodes:249,
[task] id:8,start:0,end:0,service time:0,nodes:573,
[task] id:18,start:0,end:0,service time:0,nodes:544,
[task] id:21,start:0,end:0,service time:0,nodes:570,
[task] id:0,start:0,end:0,service time:0,nodes:29,
[task] id:12,start:0,end:0,service time:0,nodes:161,
[task] id:13,start:0,end:0,service time:0,nodes:705,
[task] id:17,start:0,end:0,service time:0,nodes:663,
[task] id:20,start:0,end:0,service time:0,nodes:124,
[task] id:28,start:0,end:0,service time:0,nodes:292,
[task] id:7,start:0,end:0,service time:0,nodes:496,
[task] id:24,start:0,end:0,service time:0,nodes:539,
[task] id:26,start:0,end:0,service time:0,nodes:636,
[task] id:29,start:0,end:0,service time:0,nodes:285,
[task] id:25,start:0,end:0,service time:0,nodes:267,
[task] id:2,start:0,end:0,service time:0,nodes:241,
[task] id:4,start:0,end:0,service time:0,nodes:131,
[task] id:1,start:0,end:0,service time:0,nodes:340,
[task] id:3,start:0,end:0,service time:0,nodes:462,
[task] id:14,start:0,end:0,service time:0,nodes:135,
[task] id:10,start:0,end:0,service time:0,nodes:387,
[task] id:11,start:0,end:0,service time:0,nodes:308,
[task] id:15,start:0,end:0,service time:0,nodes:173,
[task] id:9,start:0,end:0,service time:0,nodes:254,
[task] id:23,start:0,end:0,service time:0,nodes:62,
[task] id:5,start:0,end:0,service time:0,nodes:530,
[task] id:6,start:0,end:0,service time:0,nodes:137,
[agent] id:0
path:409,410,411,412,413,378,343,308,273,238,203,168,133,98,63,28,29,29,29,29,29,29,29,29,29,29,29,29,29,29,29,29,29,29,29,29,29,
goal:29,29,29,29,29,29,29,29,29,29,29,29,29,29,29,29,29,29,29,29,29,29,29,29,29,29,29,29,29,29,29,29,29,29,29,29,29,
size:16
[agent] id:1
path:707,672,673,674,675,676,677,678,679,680,681,682,647,612,577,542,507,472,437,402,367,332,333,334,335,336,337,338,339,340,340,340,340,340,340,340,340,
goal:340,340,340,340,340,340,340,340,340,340,340,340,340,340,340,340,340,340,340,340,340,340,340,340,340,340,340,340,340,340,340,340,340,340,340,340,340,
size:29
[agent] id:2
path:431,396,397,398,399,400,401,402,367,332,297,262,263,264,265,266,267,268,269,270,271,272,273,238,239,240,241,241,241,241,241,241,241,241,241,241,241,
goal:241,241,241,241,241,241,241,241,241,241,241,241,241,241,241,241,241,241,241,241,241,241,241,241,241,241,241,241,241,241,241,241,241,241,241,241,241,
size:26
[agent] id:3
path:131,166,201,200,199,198,197,196,195,194,193,192,227,262,297,332,367,402,401,436,471,470,469,468,467,466,465,464,463,462,462,462,462,462,462,462,462,
goal:462,462,462,462,462,462,462,462,462,462,462,462,462,462,462,462,462,462,462,462,462,462,462,462,462,462,462,462,462,462,462,462,462,462,462,462,462,
size:29
[agent] id:4
path:322,287,252,253,254,255,256,257,258,259,260,261,262,261,262,227,192,157,158,159,160,125,126,127,128,129,130,131,131,131,131,131,131,131,131,131,131,
goal:131,131,131,131,131,131,131,131,131,131,131,131,131,131,131,131,131,131,131,131,131,131,131,131,131,131,131,131,131,131,131,131,131,131,131,131,131,
size:27
[agent] id:5
path:314,349,384,419,454,453,452,451,450,449,448,447,446,445,444,443,442,441,440,439,438,437,436,435,434,433,432,431,430,429,428,427,426,461,460,495,530,
goal:530,530,530,530,530,530,530,530,530,530,530,530,530,530,530,530,530,530,530,530,530,530,530,530,530,530,530,530,530,530,530,530,530,530,530,530,530,
size:36
[agent] id:6
path:353,318,283,248,249,250,251,252,253,254,255,256,257,258,259,260,261,262,227,192,193,194,195,196,197,162,163,164,165,166,167,168,169,170,171,136,137,
goal:137,137,137,137,137,137,137,137,137,137,137,137,137,137,137,137,137,137,137,137,137,137,137,137,137,137,137,137,137,137,137,137,137,137,137,137,137,
size:36
[agent] id:7
path:683,682,681,680,679,678,713,712,677,676,675,674,673,672,671,636,601,566,531,496,496,496,496,496,496,496,496,496,496,496,496,496,496,496,496,496,496,
goal:496,496,496,496,496,496,496,496,496,496,496,496,496,496,496,496,496,496,496,496,496,496,496,496,496,496,496,496,496,496,496,496,496,496,496,496,496,
size:19
[agent] id:8
path:464,463,462,461,496,531,532,533,534,535,536,537,538,573,573,573,573,573,573,573,573,573,573,573,573,573,573,573,573,573,573,573,573,573,573,573,573,
goal:573,573,573,573,573,573,573,573,573,573,573,573,573,573,573,573,573,573,573,573,573,573,573,573,573,573,573,573,573,573,573,573,573,573,573,573,573,
size:13
[agent] id:9
path:663,628,593,558,523,488,453,418,383,348,347,346,345,344,343,342,341,340,339,338,337,336,301,300,299,264,263,262,261,260,259,258,257,256,255,254,254,
goal:254,254,254,254,254,254,254,254,254,254,254,254,254,254,254,254,254,254,254,254,254,254,254,254,254,254,254,254,254,254,254,254,254,254,254,254,254,
size:35
[agent] id:10
path:590,555,520,485,450,415,414,413,412,411,410,409,408,407,406,405,404,403,402,401,400,399,398,397,396,395,394,393,392,391,390,389,388,387,387,387,387,
goal:387,387,387,387,387,387,387,387,387,387,387,387,387,387,387,387,387,387,387,387,387,387,387,387,387,387,387,387,387,387,387,387,387,387,387,387,387,
size:33
[agent] id:11
path:491,456,421,386,351,316,317,318,319,320,321,322,323,324,325,326,327,328,329,330,331,331,332,333,334,335,336,337,338,303,304,305,306,307,308,308,308,
goal:308,308,308,308,308,308,308,308,308,308,308,308,308,308,308,308,308,308,308,308,308,308,308,308,308,308,308,308,308,308,308,308,308,308,308,308,308,
size:34
[agent] id:12
path:69,104,139,174,173,172,171,170,169,168,167,166,165,164,163,162,161,161,161,161,161,161,161,161,161,161,161,161,161,161,161,161,161,161,161,161,161,
goal:161,161,161,161,161,161,161,161,161,161,161,161,161,161,161,161,161,161,161,161,161,161,161,161,161,161,161,161,161,161,161,161,161,161,161,161,161,
size:16
[agent] id:13
path:247,282,317,352,387,422,457,492,527,562,597,632,667,702,703,704,705,705,705,705,705,705,705,705,705,705,705,705,705,705,705,705,705,705,705,705,705,
goal:705,705,705,705,705,705,705,705,705,705,705,705,705,705,705,705,705,705,705,705,705,705,705,705,705,705,705,705,705,705,705,705,705,705,705,705,705,
size:16
[agent] id:14
path:177,178,179,180,181,182,183,184,185,186,187,188,189,190,191,192,193,194,195,196,197,162,163,164,165,166,167,132,133,134,135,135,135,135,135,135,135,
goal:135,135,135,135,135,135,135,135,135,135,135,135,135,135,135,135,135,135,135,135,135,135,135,135,135,135,135,135,135,135,135,135,135,135,135,135,135,
size:30
[agent] id:15
path:3,38,39,40,41,42,43,44,45,46,47,48,49,50,51,52,53,54,55,56,57,58,59,60,61,62,63,98,99,100,101,136,171,172,173,173,173,
goal:173,173,173,173,173,173,173,173,173,173,173,173,173,173,173,173,173,173,173,173,173,173,173,173,173,173,173,173,173,173,173,173,173,173,173,173,173,
size:34
[agent] id:16
path:575,610,611,612,647,682,717,718,718,718,718,718,718,718,718,718,718,718,718,718,718,718,718,718,718,718,718,718,718,718,718,718,718,718,718,718,718,
goal:718,718,718,718,718,718,718,718,718,718,718,718,718,718,718,718,718,718,718,718,718,718,718,718,718,718,718,718,718,718,718,718,718,718,718,718,718,
size:7
[agent] id:17
path:341,342,343,378,379,414,449,484,519,554,589,624,659,660,661,662,663,663,663,663,663,663,663,663,663,663,663,663,663,663,663,663,663,663,663,663,663,
goal:663,663,663,663,663,663,663,663,663,663,663,663,663,663,663,663,663,663,663,663,663,663,663,663,663,663,663,663,663,663,663,663,663,663,663,663,663,
size:16
[agent] id:18
path:446,481,480,479,478,477,476,475,474,473,472,507,542,543,544,544,544,544,544,544,544,544,544,544,544,544,544,544,544,544,544,544,544,544,544,544,544,
goal:544,544,544,544,544,544,544,544,544,544,544,544,544,544,544,544,544,544,544,544,544,544,544,544,544,544,544,544,544,544,544,544,544,544,544,544,544,
size:14
[agent] id:19
path:262,297,298,299,300,301,302,302,302,302,302,302,302,302,302,302,302,302,302,302,302,302,302,302,302,302,302,302,302,302,302,302,302,302,302,302,302,
goal:302,302,302,302,302,302,302,302,302,302,302,302,302,302,302,302,302,302,302,302,302,302,302,302,302,302,302,302,302,302,302,302,302,302,302,302,302,
size:6
[agent] id:20
path:414,379,344,309,274,239,204,169,134,133,132,131,130,129,128,127,126,125,124,124,124,124,124,124,124,124,124,124,124,124,124,124,124,124,124,124,124,
goal:124,124,124,124,124,124,124,124,124,124,124,124,124,124,124,124,124,124,124,124,124,124,124,124,124,124,124,124,124,124,124,124,124,124,124,124,124,
size:18
[agent] id:21
path:585,584,583,582,581,580,579,578,577,576,575,574,573,572,571,570,570,570,570,570,570,570,570,570,570,570,570,570,570,570,570,570,570,570,570,570,570,
goal:570,570,570,570,570,570,570,570,570,570,570,570,570,570,570,570,570,570,570,570,570,570,570,570,570,570,570,570,570,570,570,570,570,570,570,570,570,
size:15
[agent] id:22
path:526,491,456,421,386,351,316,281,246,247,248,249,249,249,249,249,249,249,249,249,249,249,249,249,249,249,249,249,249,249,249,249,249,249,249,249,249,
goal:249,249,249,249,249,249,249,249,249,249,249,249,249,249,249,249,249,249,249,249,249,249,249,249,249,249,249,249,249,249,249,249,249,249,249,249,249,
size:11
[agent] id:23
path:459,424,389,354,319,284,249,214,179,144,109,74,39,40,41,42,43,44,45,46,47,48,49,50,51,52,53,54,55,56,57,58,59,60,61,62,62,
goal:62,62,62,62,62,62,62,62,62,62,62,62,62,62,62,62,62,62,62,62,62,62,62,62,62,62,62,62,62,62,62,62,62,62,62,62,62,
size:35
[agent] id:24
path:182,181,216,251,286,321,356,391,426,461,496,531,532,533,534,535,536,537,538,539,539,539,539,539,539,539,539,539,539,539,539,539,539,539,539,539,539,
goal:539,539,539,539,539,539,539,539,539,539,539,539,539,539,539,539,539,539,539,539,539,539,539,539,539,539,539,539,539,539,539,539,539,539,539,539,539,
size:19
[agent] id:25
path:386,351,316,281,246,247,248,249,250,251,252,253,254,255,256,257,258,259,260,261,262,263,264,265,266,267,267,267,267,267,267,267,267,267,267,267,267,
goal:267,267,267,267,267,267,267,267,267,267,267,267,267,267,267,267,267,267,267,267,267,267,267,267,267,267,267,267,267,267,267,267,267,267,267,267,267,
size:25
[agent] id:26
path:37,72,107,142,177,212,247,282,317,352,387,422,457,492,527,562,597,632,633,634,635,636,636,636,636,636,636,636,636,636,636,636,636,636,636,636,636,
goal:636,636,636,636,636,636,636,636,636,636,636,636,636,636,636,636,636,636,636,636,636,636,636,636,636,636,636,636,636,636,636,636,636,636,636,636,636,
size:21
[agent] id:27
path:670,671,672,673,674,675,676,677,678,679,680,680,680,680,680,680,680,680,680,680,680,680,680,680,680,680,680,680,680,680,680,680,680,680,680,680,680,
goal:680,680,680,680,680,680,680,680,680,680,680,680,680,680,680,680,680,680,680,680,680,680,680,680,680,680,680,680,680,680,680,680,680,680,680,680,680,
size:10
[agent] id:28
path:634,599,564,529,494,459,424,389,354,319,284,285,286,287,288,289,290,291,292,292,292,292,292,292,292,292,292,292,292,292,292,292,292,292,292,292,292,
goal:292,292,292,292,292,292,292,292,292,292,292,292,292,292,292,292,292,292,292,292,292,292,292,292,292,292,292,292,292,292,292,292,292,292,292,292,292,
size:18
[agent] id:29
path:18,53,52,87,122,157,156,155,154,153,152,151,186,185,184,183,182,181,216,251,286,285,285,285,285,285,285,285,285,285,285,285,285,285,285,285,285,
goal:285,285,285,285,285,285,285,285,285,285,285,285,285,285,285,285,285,285,285,285,285,285,285,285,285,285,285,285,285,285,285,285,285,285,285,285,285,
size:21
SolutionCost:665
