[setting] seed:57
[solver] type:ECBS
[solver] w:2.000000
[solver] ID:0
[solver] Lowlevelnode:12141
[solver] ConflictCount:15
[solver] solved:1
[solver] elapsed:55
[solver] makespan:37
[problem] timesteplimit:10000
[problem] type:MAPF
[problem] agentnum:30
[graph] width:35
[graph] height:21
[graph] filename:./map/warehouse_middle.map
[task] id:12,start:0,end:0,service time:0,nodes:694,
[task] id:23,start:0,end:0,service time:0,nodes:123,
[task] id:13,start:0,end:0,service time:0,nodes:227,
[task] id:1,start:0,end:0,service time:0,nodes:453,
[task] id:16,start:0,end:0,service time:0,nodes:470,
[task] id:4,start:0,end:0,service time:0,nodes:447,
[task] id:20,start:0,end:0,service time:0,nodes:135,
[task] id:18,start:0,end:0,service time:0,nodes:240,
[task] id:2,start:0,end:0,service time:0,nodes:424,
[task] id:30,start:0,end:0,service time:0,nodes:227,
[task] id:9,start:0,end:0,service time:0,nodes:156,
[task] id:29,start:0,end:0,service time:0,nodes:195,
[task] id:11,start:0,end:0,service time:0,nodes:549,
[task] id:15,start:0,end:0,service time:0,nodes:461,
[task] id:17,start:0,end:0,service time:0,nodes:553,
[task] id:24,start:0,end:0,service time:0,nodes:436,
[task] id:14,start:0,end:0,service time:0,nodes:161,
[task] id:6,start:0,end:0,service time:0,nodes:431,
[task] id:7,start:0,end:0,service time:0,nodes:278,
[task] id:22,start:0,end:0,service time:0,nodes:479,
[task] id:25,start:0,end:0,service time:0,nodes:421,
[task] id:0,start:0,end:0,service time:0,nodes:559,
[task] id:27,start:0,end:0,service time:0,nodes:533,
[task] id:19,start:0,end:0,service time:0,nodes:565,
[task] id:28,start:0,end:0,service time:0,nodes:164,
[task] id:8,start:0,end:0,service time:0,nodes:430,
[task] id:21,start:0,end:0,service time:0,nodes:446,
[task] id:10,start:0,end:0,service time:0,nodes:274,
[task] id:3,start:0,end:0,service time:0,nodes:196,
[task] id:5,start:0,end:0,service time:0,nodes:378,
[task] id:26,start:0,end:0,service time:0,nodes:40,
[agent] id:0
path:262,297,332,367,402,403,438,473,474,475,476,477,478,479,480,481,482,483,518,519,554,555,556,557,558,559,559,559,559,559,559,559,559,559,559,559,559,559,
goal:559,559,559,559,559,559,559,559,559,559,559,559,559,559,559,559,559,559,559,559,559,559,559,559,559,559,559,559,559,559,559,559,559,559,559,559,559,559,
size:25
[agent] id:1
path:734,699,664,629,594,559,524,489,454,453,453,453,453,453,453,453,453,453,453,453,453,453,453,453,453,453,453,453,453,453,453,453,453,453,453,453,453,453,
goal:453,453,453,453,453,453,453,453,453,453,453,453,453,453,453,453,453,453,453,453,453,453,453,453,453,453,453,453,453,453,453,453,453,453,453,453,453,453,
size:9
[agent] id:2
path:472,437,436,435,434,433,432,431,430,429,428,427,426,425,424,424,424,424,424,424,424,424,424,424,424,424,424,424,424,424,424,424,424,424,424,424,424,424,
goal:424,424,424,424,424,424,424,424,424,424,424,424,424,424,424,424,424,424,424,424,424,424,424,424,424,424,424,424,424,424,424,424,424,424,424,424,424,424,
size:14
[agent] id:3
path:573,538,539,540,541,542,507,507,472,437,402,367,332,297,262,263,264,265,266,267,268,269,270,271,272,273,238,203,202,201,200,199,198,197,196,196,196,196,
goal:196,196,196,196,196,196,196,196,196,196,196,196,196,196,196,196,196,196,196,196,196,196,196,196,196,196,196,196,196,196,196,196,196,196,196,196,196,196,
size:34
[agent] id:4
path:133,168,203,238,273,308,343,378,413,448,447,447,447,447,447,447,447,447,447,447,447,447,447,447,447,447,447,447,447,447,447,447,447,447,447,447,447,447,
goal:447,447,447,447,447,447,447,447,447,447,447,447,447,447,447,447,447,447,447,447,447,447,447,447,447,447,447,447,447,447,447,447,447,447,447,447,447,447,
size:10
[agent] id:5
path:38,73,108,143,178,213,248,283,318,319,320,321,322,323,324,325,326,327,328,329,330,331,332,333,334,335,336,337,338,339,340,341,342,343,378,378,378,378,
goal:378,378,378,378,378,378,378,378,378,378,378,378,378,378,378,378,378,378,378,378,378,378,378,378,378,378,378,378,378,378,378,378,378,378,378,378,378,378,
size:34
[agent] id:6
path:4,39,74,109,144,179,214,249,284,285,286,286,321,356,391,426,427,428,429,430,431,431,431,431,431,431,431,431,431,431,431,431,431,431,431,431,431,431,
goal:431,431,431,431,431,431,431,431,431,431,431,431,431,431,431,431,431,431,431,431,431,431,431,431,431,431,431,431,431,431,431,431,431,431,431,431,431,431,
size:20
[agent] id:7
path:121,156,191,192,227,262,263,264,265,266,267,268,269,270,271,272,273,274,275,276,277,278,278,278,278,278,278,278,278,278,278,278,278,278,278,278,278,278,
goal:278,278,278,278,278,278,278,278,278,278,278,278,278,278,278,278,278,278,278,278,278,278,278,278,278,278,278,278,278,278,278,278,278,278,278,278,278,278,
size:21
[agent] id:8
path:202,203,238,273,308,343,378,413,448,447,446,445,444,443,442,441,440,439,438,437,438,403,402,401,400,399,398,397,396,395,430,430,430,430,430,430,430,430,
goal:430,430,430,430,430,430,430,430,430,430,430,430,430,430,430,430,430,430,430,430,430,430,430,430,430,430,430,430,430,430,430,430,430,430,430,430,430,430,
size:30
[agent] id:9
path:612,577,542,507,472,437,402,367,332,297,262,262,227,192,191,191,156,156,156,156,156,156,156,156,156,156,156,156,156,156,156,156,156,156,156,156,156,156,
goal:156,156,156,156,156,156,156,156,156,156,156,156,156,156,156,156,156,156,156,156,156,156,156,156,156,156,156,156,156,156,156,156,156,156,156,156,156,156,
size:16
[agent] id:10
path:674,675,676,677,678,679,680,681,682,647,612,577,542,507,472,437,402,367,332,297,262,263,264,265,266,267,268,269,270,271,272,273,274,274,274,274,274,274,
goal:274,274,274,274,274,274,274,274,274,274,274,274,274,274,274,274,274,274,274,274,274,274,274,274,274,274,274,274,274,274,274,274,274,274,274,274,274,274,
size:32
[agent] id:11
path:532,533,534,535,536,537,538,539,540,541,542,543,544,545,546,547,548,549,549,549,549,549,549,549,549,549,549,549,549,549,549,549,549,549,549,549,549,549,
goal:549,549,549,549,549,549,549,549,549,549,549,549,549,549,549,549,549,549,549,549,549,549,549,549,549,549,549,549,549,549,549,549,549,549,549,549,549,549,
size:17
[agent] id:12
path:696,695,694,694,694,694,694,694,694,694,694,694,694,694,694,694,694,694,694,694,694,694,694,694,694,694,694,694,694,694,694,694,694,694,694,694,694,694,
goal:694,694,694,694,694,694,694,694,694,694,694,694,694,694,694,694,694,694,694,694,694,694,694,694,694,694,694,694,694,694,694,694,694,694,694,694,694,694,
size:2
[agent] id:13
path:55,54,53,52,87,122,157,192,227,262,263,263,263,262,227,227,227,227,227,227,227,227,227,227,227,227,227,227,227,227,227,227,227,227,227,227,227,227,
goal:227,227,227,227,227,227,227,227,227,227,227,227,227,227,227,227,227,227,227,227,227,227,227,227,227,227,227,227,227,227,227,227,227,227,227,227,227,227,
size:14
[agent] id:14
path:142,143,144,145,146,147,148,149,150,151,152,153,154,155,156,157,158,159,160,161,161,161,161,161,161,161,161,161,161,161,161,161,161,161,161,161,161,161,
goal:161,161,161,161,161,161,161,161,161,161,161,161,161,161,161,161,161,161,161,161,161,161,161,161,161,161,161,161,161,161,161,161,161,161,161,161,161,161,
size:19
[agent] id:15
path:46,45,44,43,42,41,76,111,146,181,216,251,286,321,356,391,426,461,461,461,461,461,461,461,461,461,461,461,461,461,461,461,461,461,461,461,461,461,
goal:461,461,461,461,461,461,461,461,461,461,461,461,461,461,461,461,461,461,461,461,461,461,461,461,461,461,461,461,461,461,461,461,461,461,461,461,461,461,
size:17
[agent] id:16
path:443,478,477,476,475,474,473,472,471,470,470,470,470,470,470,470,470,470,470,470,470,470,470,470,470,470,470,470,470,470,470,470,470,470,470,470,470,470,
goal:470,470,470,470,470,470,470,470,470,470,470,470,470,470,470,470,470,470,470,470,470,470,470,470,470,470,470,470,470,470,470,470,470,470,470,470,470,470,
size:9
[agent] id:17
path:680,681,682,647,612,577,542,543,544,545,546,547,548,549,550,551,552,553,553,553,553,553,553,553,553,553,553,553,553,553,553,553,553,553,553,553,553,553,
goal:553,553,553,553,553,553,553,553,553,553,553,553,553,553,553,553,553,553,553,553,553,553,553,553,553,553,553,553,553,553,553,553,553,553,553,553,553,553,
size:17
[agent] id:18
path:695,660,625,590,555,520,485,450,415,380,345,310,275,240,240,240,240,240,240,240,240,240,240,240,240,240,240,240,240,240,240,240,240,240,240,240,240,240,
goal:240,240,240,240,240,240,240,240,240,240,240,240,240,240,240,240,240,240,240,240,240,240,240,240,240,240,240,240,240,240,240,240,240,240,240,240,240,240,
size:13
[agent] id:19
path:13,48,47,46,45,44,43,42,41,76,111,146,181,216,251,286,321,356,391,426,425,460,495,494,529,564,565,565,565,565,565,565,565,565,565,565,565,565,
goal:565,565,565,565,565,565,565,565,565,565,565,565,565,565,565,565,565,565,565,565,565,565,565,565,565,565,565,565,565,565,565,565,565,565,565,565,565,565,
size:26
[agent] id:20
path:411,412,413,378,343,344,309,274,239,204,169,134,135,135,135,135,135,135,135,135,135,135,135,135,135,135,135,135,135,135,135,135,135,135,135,135,135,135,
goal:135,135,135,135,135,135,135,135,135,135,135,135,135,135,135,135,135,135,135,135,135,135,135,135,135,135,135,135,135,135,135,135,135,135,135,135,135,135,
size:12
[agent] id:21
path:280,315,350,385,386,387,388,389,390,391,392,393,394,395,396,397,398,399,400,401,402,437,438,439,440,441,442,443,444,445,446,446,446,446,446,446,446,446,
goal:446,446,446,446,446,446,446,446,446,446,446,446,446,446,446,446,446,446,446,446,446,446,446,446,446,446,446,446,446,446,446,446,446,446,446,446,446,446,
size:30
[agent] id:22
path:23,58,59,60,61,62,63,98,133,168,203,238,273,308,343,378,413,448,483,482,481,480,479,479,479,479,479,479,479,479,479,479,479,479,479,479,479,479,
goal:479,479,479,479,479,479,479,479,479,479,479,479,479,479,479,479,479,479,479,479,479,479,479,479,479,479,479,479,479,479,479,479,479,479,479,479,479,479,
size:22
[agent] id:23
path:195,160,125,124,123,123,123,123,123,123,123,123,123,123,123,123,123,123,123,123,123,123,123,123,123,123,123,123,123,123,123,123,123,123,123,123,123,123,
goal:123,123,123,123,123,123,123,123,123,123,123,123,123,123,123,123,123,123,123,123,123,123,123,123,123,123,123,123,123,123,123,123,123,123,123,123,123,123,
size:4
[agent] id:24
path:346,381,416,451,450,449,448,447,446,445,444,443,442,441,440,439,438,437,436,436,436,436,436,436,436,436,436,436,436,436,436,436,436,436,436,436,436,436,
goal:436,436,436,436,436,436,436,436,436,436,436,436,436,436,436,436,436,436,436,436,436,436,436,436,436,436,436,436,436,436,436,436,436,436,436,436,436,436,
size:18
[agent] id:25
path:581,580,579,578,577,576,575,574,573,538,537,536,535,534,533,532,531,496,495,460,459,458,423,422,421,421,421,421,421,421,421,421,421,421,421,421,421,421,
goal:421,421,421,421,421,421,421,421,421,421,421,421,421,421,421,421,421,421,421,421,421,421,421,421,421,421,421,421,421,421,421,421,421,421,421,421,421,421,
size:24
[agent] id:26
path:551,550,549,548,547,546,545,544,579,578,577,576,575,574,573,572,571,570,569,568,567,566,565,530,495,460,425,390,355,320,285,250,215,180,145,110,75,40,
goal:40,40,40,40,40,40,40,40,40,40,40,40,40,40,40,40,40,40,40,40,40,40,40,40,40,40,40,40,40,40,40,40,40,40,40,40,40,40,
size:37
[agent] id:27
path:626,591,590,589,588,587,586,585,584,583,582,581,580,579,544,543,542,541,540,539,538,537,536,535,534,533,533,533,533,533,533,533,533,533,533,533,533,533,
goal:533,533,533,533,533,533,533,533,533,533,533,533,533,533,533,533,533,533,533,533,533,533,533,533,533,533,533,533,533,533,533,533,533,533,533,533,533,533,
size:25
[agent] id:28
path:318,283,248,213,214,215,180,181,182,183,184,185,186,187,188,189,190,191,192,157,158,159,160,125,126,127,162,163,164,164,164,164,164,164,164,164,164,164,
goal:164,164,164,164,164,164,164,164,164,164,164,164,164,164,164,164,164,164,164,164,164,164,164,164,164,164,164,164,164,164,164,164,164,164,164,164,164,164,
size:28
[agent] id:29
path:9,10,11,12,47,48,49,50,51,52,87,122,157,158,193,194,195,195,195,195,195,195,195,195,195,195,195,195,195,195,195,195,195,195,195,195,195,195,
goal:195,195,195,195,195,195,195,195,195,195,195,195,195,195,195,195,195,195,195,195,195,195,195,195,195,195,195,195,195,195,195,195,195,195,195,195,195,195,
size:16
SolutionCost:595
