[setting] seed:32
[solver] type:ECBS
[solver] w:2.000000
[solver] ID:0
[solver] Lowlevelnode:4141
[solver] ConflictCount:11
[solver] solved:1
[solver] elapsed:41
[solver] makespan:39
[problem] timesteplimit:10000
[problem] type:MAPF
[problem] agentnum:30
[graph] width:35
[graph] height:21
[graph] filename:./map/warehouse_middle.map
[task] id:1,start:0,end:0,service time:0,nodes:244,
[task] id:25,start:0,end:0,service time:0,nodes:171,
[task] id:18,start:0,end:0,service time:0,nodes:345,
[task] id:21,start:0,end:0,service time:0,nodes:397,
[task] id:6,start:0,end:0,service time:0,nodes:483,
[task] id:27,start:0,end:0,service time:0,nodes:480,
[task] id:13,start:0,end:0,service time:0,nodes:671,
[task] id:20,start:0,end:0,service time:0,nodes:146,
[task] id:23,start:0,end:0,service time:0,nodes:559,
[task] id:2,start:0,end:0,service time:0,nodes:667,
[task] id:0,start:0,end:0,service time:0,nodes:684,
[task] id:30,start:0,end:0,service time:0,nodes:671,
[task] id:28,start:0,end:0,service time:0,nodes:518,
[task] id:19,start:0,end:0,service time:0,nodes:185,
[task] id:22,start:0,end:0,service time:0,nodes:701,
[task] id:7,start:0,end:0,service time:0,nodes:142,
[task] id:29,start:0,end:0,service time:0,nodes:462,
[task] id:26,start:0,end:0,service time:0,nodes:105,
[task] id:10,start:0,end:0,service time:0,nodes:440,
[task] id:3,start:0,end:0,service time:0,nodes:455,
[task] id:8,start:0,end:0,service time:0,nodes:486,
[task] id:15,start:0,end:0,service time:0,nodes:487,
[task] id:16,start:0,end:0,service time:0,nodes:433,
[task] id:4,start:0,end:0,service time:0,nodes:141,
[task] id:11,start:0,end:0,service time:0,nodes:201,
[task] id:9,start:0,end:0,service time:0,nodes:722,
[task] id:12,start:0,end:0,service time:0,nodes:155,
[task] id:24,start:0,end:0,service time:0,nodes:552,
[task] id:14,start:0,end:0,service time:0,nodes:634,
[task] id:17,start:0,end:0,service time:0,nodes:627,
[task] id:5,start:0,end:0,service time:0,nodes:104,
[agent] id:0
path:728,693,692,691,690,689,688,687,686,685,684,684,684,684,684,684,684,684,684,684,684,684,684,684,684,684,684,684,684,684,684,684,684,684,684,684,684,684,684,684,
goal:684,684,684,684,684,684,684,684,684,684,684,684,684,684,684,684,684,684,684,684,684,684,684,684,684,684,684,684,684,684,684,684,684,684,684,684,684,684,684,684,
size:10
[agent] id:1
path:314,279,244,244,244,244,244,244,244,244,244,244,244,244,244,244,244,244,244,244,244,244,244,244,244,244,244,244,244,244,244,244,244,244,244,244,244,244,244,244,
goal:244,244,244,244,244,244,244,244,244,244,244,244,244,244,244,244,244,244,244,244,244,244,244,244,244,244,244,244,244,244,244,244,244,244,244,244,244,244,244,244,
size:2
[agent] id:2
path:568,603,602,601,636,671,670,669,668,667,667,667,667,667,667,667,667,667,667,667,667,667,667,667,667,667,667,667,667,667,667,667,667,667,667,667,667,667,667,667,
goal:667,667,667,667,667,667,667,667,667,667,667,667,667,667,667,667,667,667,667,667,667,667,667,667,667,667,667,667,667,667,667,667,667,667,667,667,667,667,667,667,
size:9
[agent] id:3
path:680,679,678,677,676,675,674,673,672,671,636,601,566,531,496,461,460,459,458,457,456,455,455,455,455,455,455,455,455,455,455,455,455,455,455,455,455,455,455,455,
goal:455,455,455,455,455,455,455,455,455,455,455,455,455,455,455,455,455,455,455,455,455,455,455,455,455,455,455,455,455,455,455,455,455,455,455,455,455,455,455,455,
size:21
[agent] id:4
path:403,402,367,332,297,262,261,260,259,258,257,256,255,254,253,252,251,216,215,180,179,178,177,176,141,141,141,141,141,141,141,141,141,141,141,141,141,141,141,141,
goal:141,141,141,141,141,141,141,141,141,141,141,141,141,141,141,141,141,141,141,141,141,141,141,141,141,141,141,141,141,141,141,141,141,141,141,141,141,141,141,141,
size:24
[agent] id:5
path:713,714,679,680,681,682,647,612,577,542,507,472,437,402,367,332,297,262,227,192,157,122,123,124,125,126,127,128,129,130,131,132,133,98,99,100,101,102,103,104,
goal:104,104,104,104,104,104,104,104,104,104,104,104,104,104,104,104,104,104,104,104,104,104,104,104,104,104,104,104,104,104,104,104,104,104,104,104,104,104,104,104,
size:39
[agent] id:6
path:693,658,623,588,553,518,483,483,483,483,483,483,483,483,483,483,483,483,483,483,483,483,483,483,483,483,483,483,483,483,483,483,483,483,483,483,483,483,483,483,
goal:483,483,483,483,483,483,483,483,483,483,483,483,483,483,483,483,483,483,483,483,483,483,483,483,483,483,483,483,483,483,483,483,483,483,483,483,483,483,483,483,
size:6
[agent] id:7
path:496,461,426,391,356,321,286,251,216,181,180,145,144,143,142,142,142,142,142,142,142,142,142,142,142,142,142,142,142,142,142,142,142,142,142,142,142,142,142,142,
goal:142,142,142,142,142,142,142,142,142,142,142,142,142,142,142,142,142,142,142,142,142,142,142,142,142,142,142,142,142,142,142,142,142,142,142,142,142,142,142,142,
size:14
[agent] id:8
path:23,58,59,60,61,62,63,98,133,168,203,238,273,308,343,378,413,448,449,484,485,486,486,486,486,486,486,486,486,486,486,486,486,486,486,486,486,486,486,486,
goal:486,486,486,486,486,486,486,486,486,486,486,486,486,486,486,486,486,486,486,486,486,486,486,486,486,486,486,486,486,486,486,486,486,486,486,486,486,486,486,486,
size:21
[agent] id:9
path:174,209,208,243,278,313,348,383,418,453,488,523,558,593,628,663,698,733,732,731,730,729,728,727,726,725,724,723,722,722,722,722,722,722,722,722,722,722,722,722,
goal:722,722,722,722,722,722,722,722,722,722,722,722,722,722,722,722,722,722,722,722,722,722,722,722,722,722,722,722,722,722,722,722,722,722,722,722,722,722,722,722,
size:28
[agent] id:10
path:208,243,278,313,348,383,418,453,452,451,450,449,448,447,446,445,444,443,442,441,440,440,440,440,440,440,440,440,440,440,440,440,440,440,440,440,440,440,440,440,
goal:440,440,440,440,440,440,440,440,440,440,440,440,440,440,440,440,440,440,440,440,440,440,440,440,440,440,440,440,440,440,440,440,440,440,440,440,440,440,440,440,
size:20
[agent] id:11
path:536,537,538,539,540,541,542,507,472,437,402,367,332,297,262,227,192,193,194,195,196,197,198,199,200,201,201,201,201,201,201,201,201,201,201,201,201,201,201,201,
goal:201,201,201,201,201,201,201,201,201,201,201,201,201,201,201,201,201,201,201,201,201,201,201,201,201,201,201,201,201,201,201,201,201,201,201,201,201,201,201,201,
size:25
[agent] id:12
path:595,560,525,490,455,420,385,350,315,280,245,210,175,176,177,178,179,180,181,182,147,148,149,150,151,152,153,154,155,155,155,155,155,155,155,155,155,155,155,155,
goal:155,155,155,155,155,155,155,155,155,155,155,155,155,155,155,155,155,155,155,155,155,155,155,155,155,155,155,155,155,155,155,155,155,155,155,155,155,155,155,155,
size:28
[agent] id:13
path:606,605,604,603,602,601,636,671,706,706,671,671,671,671,671,671,671,671,671,671,671,671,671,671,671,671,671,671,671,671,671,671,671,671,671,671,671,671,671,671,
goal:671,671,671,671,671,671,671,671,671,671,671,671,671,671,671,671,671,671,671,671,671,671,671,671,671,671,671,671,671,671,671,671,671,671,671,671,671,671,671,671,
size:10
[agent] id:14
path:594,629,628,627,626,625,624,623,622,621,620,619,618,617,616,615,614,613,612,611,610,609,608,607,606,605,604,603,602,601,636,635,634,634,634,634,634,634,634,634,
goal:634,634,634,634,634,634,634,634,634,634,634,634,634,634,634,634,634,634,634,634,634,634,634,634,634,634,634,634,634,634,634,634,634,634,634,634,634,634,634,634,
size:32
[agent] id:15
path:434,435,436,437,438,439,440,441,442,443,408,409,410,411,412,447,448,449,484,485,486,487,487,487,487,487,487,487,487,487,487,487,487,487,487,487,487,487,487,487,
goal:487,487,487,487,487,487,487,487,487,487,487,487,487,487,487,487,487,487,487,487,487,487,487,487,487,487,487,487,487,487,487,487,487,487,487,487,487,487,487,487,
size:21
[agent] id:16
path:418,453,452,451,450,449,448,447,446,445,444,443,442,441,440,439,438,437,436,435,434,433,433,433,433,433,433,433,433,433,433,433,433,433,433,433,433,433,433,433,
goal:433,433,433,433,433,433,433,433,433,433,433,433,433,433,433,433,433,433,433,433,433,433,433,433,433,433,433,433,433,433,433,433,433,433,433,433,433,433,433,433,
size:21
[agent] id:17
path:352,387,422,457,492,527,562,563,564,565,566,567,568,569,570,571,572,573,574,575,576,611,612,613,614,615,616,617,618,619,620,621,622,623,624,625,626,627,627,627,
goal:627,627,627,627,627,627,627,627,627,627,627,627,627,627,627,627,627,627,627,627,627,627,627,627,627,627,627,627,627,627,627,627,627,627,627,627,627,627,627,627,
size:37
[agent] id:18
path:204,239,274,309,344,345,345,345,345,345,345,345,345,345,345,345,345,345,345,345,345,345,345,345,345,345,345,345,345,345,345,345,345,345,345,345,345,345,345,345,
goal:345,345,345,345,345,345,345,345,345,345,345,345,345,345,345,345,345,345,345,345,345,345,345,345,345,345,345,345,345,345,345,345,345,345,345,345,345,345,345,345,
size:5
[agent] id:19
path:9,44,43,42,41,76,111,146,181,182,183,184,185,185,185,185,185,185,185,185,185,185,185,185,185,185,185,185,185,185,185,185,185,185,185,185,185,185,185,185,
goal:185,185,185,185,185,185,185,185,185,185,185,185,185,185,185,185,185,185,185,185,185,185,185,185,185,185,185,185,185,185,185,185,185,185,185,185,185,185,185,185,
size:12
[agent] id:20
path:188,153,152,151,150,149,148,147,146,146,146,146,146,146,146,146,146,146,146,146,146,146,146,146,146,146,146,146,146,146,146,146,146,146,146,146,146,146,146,146,
goal:146,146,146,146,146,146,146,146,146,146,146,146,146,146,146,146,146,146,146,146,146,146,146,146,146,146,146,146,146,146,146,146,146,146,146,146,146,146,146,146,
size:8
[agent] id:21
path:392,393,394,395,396,397,397,397,397,397,397,397,397,397,397,397,397,397,397,397,397,397,397,397,397,397,397,397,397,397,397,397,397,397,397,397,397,397,397,397,
goal:397,397,397,397,397,397,397,397,397,397,397,397,397,397,397,397,397,397,397,397,397,397,397,397,397,397,397,397,397,397,397,397,397,397,397,397,397,397,397,397,
size:5
[agent] id:22
path:569,604,603,602,601,636,671,706,705,704,703,702,701,701,701,701,701,701,701,701,701,701,701,701,701,701,701,701,701,701,701,701,701,701,701,701,701,701,701,701,
goal:701,701,701,701,701,701,701,701,701,701,701,701,701,701,701,701,701,701,701,701,701,701,701,701,701,701,701,701,701,701,701,701,701,701,701,701,701,701,701,701,
size:12
[agent] id:23
path:623,588,553,554,555,556,557,558,559,559,559,559,559,559,559,559,559,559,559,559,559,559,559,559,559,559,559,559,559,559,559,559,559,559,559,559,559,559,559,559,
goal:559,559,559,559,559,559,559,559,559,559,559,559,559,559,559,559,559,559,559,559,559,559,559,559,559,559,559,559,559,559,559,559,559,559,559,559,559,559,559,559,
size:8
[agent] id:24
path:665,630,595,560,525,526,527,528,529,530,531,532,533,534,535,536,537,538,539,540,541,542,543,544,545,546,547,548,549,550,551,552,552,552,552,552,552,552,552,552,
goal:552,552,552,552,552,552,552,552,552,552,552,552,552,552,552,552,552,552,552,552,552,552,552,552,552,552,552,552,552,552,552,552,552,552,552,552,552,552,552,552,
size:31
[agent] id:25
path:243,242,207,172,171,171,171,171,171,171,171,171,171,171,171,171,171,171,171,171,171,171,171,171,171,171,171,171,171,171,171,171,171,171,171,171,171,171,171,171,
goal:171,171,171,171,171,171,171,171,171,171,171,171,171,171,171,171,171,171,171,171,171,171,171,171,171,171,171,171,171,171,171,171,171,171,171,171,171,171,171,171,
size:4
[agent] id:26
path:700,665,630,595,560,525,490,455,420,385,350,315,280,245,210,175,140,105,105,105,105,105,105,105,105,105,105,105,105,105,105,105,105,105,105,105,105,105,105,105,
goal:105,105,105,105,105,105,105,105,105,105,105,105,105,105,105,105,105,105,105,105,105,105,105,105,105,105,105,105,105,105,105,105,105,105,105,105,105,105,105,105,
size:17
[agent] id:27
path:520,485,484,483,482,481,480,480,480,480,480,480,480,480,480,480,480,480,480,480,480,480,480,480,480,480,480,480,480,480,480,480,480,480,480,480,480,480,480,480,
goal:480,480,480,480,480,480,480,480,480,480,480,480,480,480,480,480,480,480,480,480,480,480,480,480,480,480,480,480,480,480,480,480,480,480,480,480,480,480,480,480,
size:6
[agent] id:28
path:544,545,546,547,548,549,550,551,552,553,518,518,518,518,518,518,518,518,518,518,518,518,518,518,518,518,518,518,518,518,518,518,518,518,518,518,518,518,518,518,
goal:518,518,518,518,518,518,518,518,518,518,518,518,518,518,518,518,518,518,518,518,518,518,518,518,518,518,518,518,518,518,518,518,518,518,518,518,518,518,518,518,
size:10
[agent] id:29
path:679,678,677,676,675,674,673,672,671,636,601,566,531,496,461,462,462,462,462,462,462,462,462,462,462,462,462,462,462,462,462,462,462,462,462,462,462,462,462,462,
goal:462,462,462,462,462,462,462,462,462,462,462,462,462,462,462,462,462,462,462,462,462,462,462,462,462,462,462,462,462,462,462,462,462,462,462,462,462,462,462,462,
size:15
SolutionCost:501
