[setting] seed:13
[solver] type:ECBS
[solver] w:2.000000
[solver] ID:0
[solver] Lowlevelnode:3251
[solver] ConflictCount:9
[solver] solved:1
[solver] elapsed:26
[solver] makespan:50
[problem] timesteplimit:10000
[problem] type:MAPF
[problem] agentnum:30
[graph] width:35
[graph] height:21
[graph] filename:./map/warehouse_middle.map
[task] id:29,start:0,end:0,service time:0,nodes:615,
[task] id:9,start:0,end:0,service time:0,nodes:130,
[task] id:20,start:0,end:0,service time:0,nodes:252,
[task] id:12,start:0,end:0,service time:0,nodes:600,
[task] id:10,start:0,end:0,service time:0,nodes:403,
[task] id:23,start:0,end:0,service time:0,nodes:526,
[task] id:2,start:0,end:0,service time:0,nodes:404,
[task] id:11,start:0,end:0,service time:0,nodes:440,
[task] id:3,start:0,end:0,service time:0,nodes:704,
[task] id:27,start:0,end:0,service time:0,nodes:720,
[task] id:25,start:0,end:0,service time:0,nodes:463,
[task] id:14,start:0,end:0,service time:0,nodes:550,
[task] id:24,start:0,end:0,service time:0,nodes:150,
[task] id:0,start:0,end:0,service time:0,nodes:591,
[task] id:6,start:0,end:0,service time:0,nodes:421,
[task] id:13,start:0,end:0,service time:0,nodes:163,
[task] id:8,start:0,end:0,service time:0,nodes:63,
[task] id:22,start:0,end:0,service time:0,nodes:477,
[task] id:19,start:0,end:0,service time:0,nodes:536,
[task] id:26,start:0,end:0,service time:0,nodes:409,
[task] id:1,start:0,end:0,service time:0,nodes:520,
[task] id:21,start:0,end:0,service time:0,nodes:577,
[task] id:5,start:0,end:0,service time:0,nodes:670,
[task] id:15,start:0,end:0,service time:0,nodes:66,
[task] id:7,start:0,end:0,service time:0,nodes:571,
[task] id:16,start:0,end:0,service time:0,nodes:534,
[task] id:4,start:0,end:0,service time:0,nodes:588,
[task] id:28,start:0,end:0,service time:0,nodes:37,
[task] id:17,start:0,end:0,service time:0,nodes:0,
[task] id:18,start:0,end:0,service time:0,nodes:699,
[agent] id:0
path:299,334,335,336,337,338,339,340,341,342,343,378,413,448,483,518,553,588,589,590,591,591,591,591,591,591,591,591,591,591,591,591,591,591,591,591,591,591,591,591,591,591,591,591,591,591,591,591,591,591,591,
goal:591,591,591,591,591,591,591,591,591,591,591,591,591,591,591,591,591,591,591,591,591,591,591,591,591,591,591,591,591,591,591,591,591,591,591,591,591,591,591,591,591,591,591,591,591,591,591,591,591,591,591,
size:20
[agent] id:1
path:426,461,462,463,464,465,466,467,468,469,470,471,472,473,474,475,476,477,478,479,480,481,482,483,518,519,520,520,520,520,520,520,520,520,520,520,520,520,520,520,520,520,520,520,520,520,520,520,520,520,520,
goal:520,520,520,520,520,520,520,520,520,520,520,520,520,520,520,520,520,520,520,520,520,520,520,520,520,520,520,520,520,520,520,520,520,520,520,520,520,520,520,520,520,520,520,520,520,520,520,520,520,520,520,
size:26
[agent] id:2
path:607,572,537,538,539,540,541,542,507,472,437,438,439,404,404,404,404,404,404,404,404,404,404,404,404,404,404,404,404,404,404,404,404,404,404,404,404,404,404,404,404,404,404,404,404,404,404,404,404,404,404,
goal:404,404,404,404,404,404,404,404,404,404,404,404,404,404,404,404,404,404,404,404,404,404,404,404,404,404,404,404,404,404,404,404,404,404,404,404,404,404,404,404,404,404,404,404,404,404,404,404,404,404,404,
size:13
[agent] id:3
path:315,350,385,420,455,490,525,560,595,630,665,700,701,702,703,704,704,704,704,704,704,704,704,704,704,704,704,704,704,704,704,704,704,704,704,704,704,704,704,704,704,704,704,704,704,704,704,704,704,704,704,
goal:704,704,704,704,704,704,704,704,704,704,704,704,704,704,704,704,704,704,704,704,704,704,704,704,704,704,704,704,704,704,704,704,704,704,704,704,704,704,704,704,704,704,704,704,704,704,704,704,704,704,704,
size:15
[agent] id:4
path:3,38,73,108,143,178,213,248,283,318,353,388,389,390,391,392,427,428,429,464,465,466,467,468,469,470,471,472,507,542,543,578,579,580,581,582,583,584,585,586,587,588,588,588,588,588,588,588,588,588,588,
goal:588,588,588,588,588,588,588,588,588,588,588,588,588,588,588,588,588,588,588,588,588,588,588,588,588,588,588,588,588,588,588,588,588,588,588,588,588,588,588,588,588,588,588,588,588,588,588,588,588,588,588,
size:41
[agent] id:5
path:304,303,302,301,336,335,334,333,332,331,330,329,328,327,326,325,324,323,322,321,356,391,426,461,496,531,566,601,636,671,670,670,670,670,670,670,670,670,670,670,670,670,670,670,670,670,670,670,670,670,670,
goal:670,670,670,670,670,670,670,670,670,670,670,670,670,670,670,670,670,670,670,670,670,670,670,670,670,670,670,670,670,670,670,670,670,670,670,670,670,670,670,670,670,670,670,670,670,670,670,670,670,670,670,
size:30
[agent] id:6
path:577,576,575,574,573,538,537,536,535,534,533,532,531,496,461,426,425,424,423,422,421,421,421,421,421,421,421,421,421,421,421,421,421,421,421,421,421,421,421,421,421,421,421,421,421,421,421,421,421,421,421,
goal:421,421,421,421,421,421,421,421,421,421,421,421,421,421,421,421,421,421,421,421,421,421,421,421,421,421,421,421,421,421,421,421,421,421,421,421,421,421,421,421,421,421,421,421,421,421,421,421,421,421,421,
size:20
[agent] id:7
path:170,205,240,275,310,345,380,415,450,485,520,555,590,589,588,587,586,585,584,583,582,581,580,579,578,577,576,575,574,573,572,571,571,571,571,571,571,571,571,571,571,571,571,571,571,571,571,571,571,571,571,
goal:571,571,571,571,571,571,571,571,571,571,571,571,571,571,571,571,571,571,571,571,571,571,571,571,571,571,571,571,571,571,571,571,571,571,571,571,571,571,571,571,571,571,571,571,571,571,571,571,571,571,571,
size:31
[agent] id:8
path:732,697,662,627,592,557,522,487,452,417,382,347,312,277,242,207,172,137,102,67,66,65,64,63,63,63,63,63,63,63,63,63,63,63,63,63,63,63,63,63,63,63,63,63,63,63,63,63,63,63,63,
goal:63,63,63,63,63,63,63,63,63,63,63,63,63,63,63,63,63,63,63,63,63,63,63,63,63,63,63,63,63,63,63,63,63,63,63,63,63,63,63,63,63,63,63,63,63,63,63,63,63,63,63,
size:23
[agent] id:9
path:272,273,238,203,168,133,132,131,130,130,130,130,130,130,130,130,130,130,130,130,130,130,130,130,130,130,130,130,130,130,130,130,130,130,130,130,130,130,130,130,130,130,130,130,130,130,130,130,130,130,130,
goal:130,130,130,130,130,130,130,130,130,130,130,130,130,130,130,130,130,130,130,130,130,130,130,130,130,130,130,130,130,130,130,130,130,130,130,130,130,130,130,130,130,130,130,130,130,130,130,130,130,130,130,
size:8
[agent] id:10
path:392,393,394,395,396,397,398,399,400,401,402,403,403,403,403,403,403,403,403,403,403,403,403,403,403,403,403,403,403,403,403,403,403,403,403,403,403,403,403,403,403,403,403,403,403,403,403,403,403,403,403,
goal:403,403,403,403,403,403,403,403,403,403,403,403,403,403,403,403,403,403,403,403,403,403,403,403,403,403,403,403,403,403,403,403,403,403,403,403,403,403,403,403,403,403,403,403,403,403,403,403,403,403,403,
size:11
[agent] id:11
path:587,552,553,518,483,448,447,446,445,444,443,442,441,440,440,440,440,440,440,440,440,440,440,440,440,440,440,440,440,440,440,440,440,440,440,440,440,440,440,440,440,440,440,440,440,440,440,440,440,440,440,
goal:440,440,440,440,440,440,440,440,440,440,440,440,440,440,440,440,440,440,440,440,440,440,440,440,440,440,440,440,440,440,440,440,440,440,440,440,440,440,440,440,440,440,440,440,440,440,440,440,440,440,440,
size:13
[agent] id:12
path:455,490,525,560,595,596,597,598,599,600,600,600,600,600,600,600,600,600,600,600,600,600,600,600,600,600,600,600,600,600,600,600,600,600,600,600,600,600,600,600,600,600,600,600,600,600,600,600,600,600,600,
goal:600,600,600,600,600,600,600,600,600,600,600,600,600,600,600,600,600,600,600,600,600,600,600,600,600,600,600,600,600,600,600,600,600,600,600,600,600,600,600,600,600,600,600,600,600,600,600,600,600,600,600,
size:9
[agent] id:13
path:466,431,396,397,398,399,400,401,402,367,332,297,262,227,192,157,158,159,160,161,162,163,163,163,163,163,163,163,163,163,163,163,163,163,163,163,163,163,163,163,163,163,163,163,163,163,163,163,163,163,163,
goal:163,163,163,163,163,163,163,163,163,163,163,163,163,163,163,163,163,163,163,163,163,163,163,163,163,163,163,163,163,163,163,163,163,163,163,163,163,163,163,163,163,163,163,163,163,163,163,163,163,163,163,
size:21
[agent] id:14
path:99,134,169,204,239,274,309,344,379,414,449,484,519,554,553,552,551,550,550,550,550,550,550,550,550,550,550,550,550,550,550,550,550,550,550,550,550,550,550,550,550,550,550,550,550,550,550,550,550,550,550,
goal:550,550,550,550,550,550,550,550,550,550,550,550,550,550,550,550,550,550,550,550,550,550,550,550,550,550,550,550,550,550,550,550,550,550,550,550,550,550,550,550,550,550,550,550,550,550,550,550,550,550,550,
size:17
[agent] id:15
path:541,541,542,507,472,437,402,403,404,405,406,407,408,409,410,411,412,413,378,343,308,273,238,203,168,133,98,99,64,65,66,66,66,66,66,66,66,66,66,66,66,66,66,66,66,66,66,66,66,66,66,
goal:66,66,66,66,66,66,66,66,66,66,66,66,66,66,66,66,66,66,66,66,66,66,66,66,66,66,66,66,66,66,66,66,66,66,66,66,66,66,66,66,66,66,66,66,66,66,66,66,66,66,66,
size:30
[agent] id:16
path:203,238,239,274,309,344,379,378,413,448,483,518,553,552,551,550,549,548,547,546,545,544,543,542,541,540,539,538,537,572,571,570,535,534,534,534,534,534,534,534,534,534,534,534,534,534,534,534,534,534,534,
goal:534,534,534,534,534,534,534,534,534,534,534,534,534,534,534,534,534,534,534,534,534,534,534,534,534,534,534,534,534,534,534,534,534,534,534,534,534,534,534,534,534,534,534,534,534,534,534,534,534,534,534,
size:33
[agent] id:17
path:558,523,488,453,418,383,348,313,278,243,208,173,138,103,68,33,32,31,30,29,28,27,26,25,24,23,22,21,20,19,18,17,16,15,14,13,12,11,10,9,8,7,6,5,4,3,2,1,0,0,0,
goal:0,0,0,0,0,0,0,0,0,0,0,0,0,0,0,0,0,0,0,0,0,0,0,0,0,0,0,0,0,0,0,0,0,0,0,0,0,0,0,0,0,0,0,0,0,0,0,0,0,0,0,
size:48
[agent] id:18
path:105,140,175,210,245,280,315,350,385,420,455,490,525,560,595,630,665,666,667,668,669,670,671,672,673,674,675,676,677,678,679,680,681,682,683,684,685,686,687,688,689,690,691,692,693,694,695,696,697,698,699,
goal:699,699,699,699,699,699,699,699,699,699,699,699,699,699,699,699,699,699,699,699,699,699,699,699,699,699,699,699,699,699,699,699,699,699,699,699,699,699,699,699,699,699,699,699,699,699,699,699,699,699,699,
size:50
[agent] id:19
path:10,45,44,43,42,41,76,111,146,181,216,251,286,321,356,391,426,461,496,531,532,533,534,535,536,536,536,536,536,536,536,536,536,536,536,536,536,536,536,536,536,536,536,536,536,536,536,536,536,536,536,
goal:536,536,536,536,536,536,536,536,536,536,536,536,536,536,536,536,536,536,536,536,536,536,536,536,536,536,536,536,536,536,536,536,536,536,536,536,536,536,536,536,536,536,536,536,536,536,536,536,536,536,536,
size:24
[agent] id:20
path:142,177,212,247,248,249,250,251,252,252,252,252,252,252,252,252,252,252,252,252,252,252,252,252,252,252,252,252,252,252,252,252,252,252,252,252,252,252,252,252,252,252,252,252,252,252,252,252,252,252,252,
goal:252,252,252,252,252,252,252,252,252,252,252,252,252,252,252,252,252,252,252,252,252,252,252,252,252,252,252,252,252,252,252,252,252,252,252,252,252,252,252,252,252,252,252,252,252,252,252,252,252,252,252,
size:8
[agent] id:21
path:279,314,349,384,419,454,489,524,559,594,593,592,591,590,589,588,587,586,585,584,583,582,581,580,579,578,577,577,577,577,577,577,577,577,577,577,577,577,577,577,577,577,577,577,577,577,577,577,577,577,577,
goal:577,577,577,577,577,577,577,577,577,577,577,577,577,577,577,577,577,577,577,577,577,577,577,577,577,577,577,577,577,577,577,577,577,577,577,577,577,577,577,577,577,577,577,577,577,577,577,577,577,577,577,
size:26
[agent] id:22
path:706,671,636,601,566,531,496,461,462,463,464,465,466,467,468,469,470,471,472,473,474,475,476,477,477,477,477,477,477,477,477,477,477,477,477,477,477,477,477,477,477,477,477,477,477,477,477,477,477,477,477,
goal:477,477,477,477,477,477,477,477,477,477,477,477,477,477,477,477,477,477,477,477,477,477,477,477,477,477,477,477,477,477,477,477,477,477,477,477,477,477,477,477,477,477,477,477,477,477,477,477,477,477,477,
size:23
[agent] id:23
path:673,672,671,636,601,566,531,530,529,528,527,526,526,526,526,526,526,526,526,526,526,526,526,526,526,526,526,526,526,526,526,526,526,526,526,526,526,526,526,526,526,526,526,526,526,526,526,526,526,526,526,
goal:526,526,526,526,526,526,526,526,526,526,526,526,526,526,526,526,526,526,526,526,526,526,526,526,526,526,526,526,526,526,526,526,526,526,526,526,526,526,526,526,526,526,526,526,526,526,526,526,526,526,526,
size:11
[agent] id:24
path:635,600,565,530,495,460,425,390,355,320,285,250,215,180,145,146,147,148,149,150,150,150,150,150,150,150,150,150,150,150,150,150,150,150,150,150,150,150,150,150,150,150,150,150,150,150,150,150,150,150,150,
goal:150,150,150,150,150,150,150,150,150,150,150,150,150,150,150,150,150,150,150,150,150,150,150,150,150,150,150,150,150,150,150,150,150,150,150,150,150,150,150,150,150,150,150,150,150,150,150,150,150,150,150,
size:19
[agent] id:25
path:114,149,184,183,182,181,216,216,251,286,321,356,391,426,427,462,463,463,463,463,463,463,463,463,463,463,463,463,463,463,463,463,463,463,463,463,463,463,463,463,463,463,463,463,463,463,463,463,463,463,463,
goal:463,463,463,463,463,463,463,463,463,463,463,463,463,463,463,463,463,463,463,463,463,463,463,463,463,463,463,463,463,463,463,463,463,463,463,463,463,463,463,463,463,463,463,463,463,463,463,463,463,463,463,
size:16
[agent] id:26
path:528,493,458,459,460,461,462,463,464,465,466,467,468,469,470,471,472,473,474,475,476,441,406,407,408,409,409,409,409,409,409,409,409,409,409,409,409,409,409,409,409,409,409,409,409,409,409,409,409,409,409,
goal:409,409,409,409,409,409,409,409,409,409,409,409,409,409,409,409,409,409,409,409,409,409,409,409,409,409,409,409,409,409,409,409,409,409,409,409,409,409,409,409,409,409,409,409,409,409,409,409,409,409,409,
size:25
[agent] id:27
path:551,586,621,622,623,658,693,728,727,726,725,724,723,722,721,720,720,720,720,720,720,720,720,720,720,720,720,720,720,720,720,720,720,720,720,720,720,720,720,720,720,720,720,720,720,720,720,720,720,720,720,
goal:720,720,720,720,720,720,720,720,720,720,720,720,720,720,720,720,720,720,720,720,720,720,720,720,720,720,720,720,720,720,720,720,720,720,720,720,720,720,720,720,720,720,720,720,720,720,720,720,720,720,720,
size:15
[agent] id:28
path:624,589,554,519,484,449,414,379,378,343,308,273,238,203,168,133,98,63,62,61,60,59,58,57,56,55,54,53,52,51,50,49,48,47,46,45,44,43,42,41,40,39,38,37,37,37,37,37,37,37,37,
goal:37,37,37,37,37,37,37,37,37,37,37,37,37,37,37,37,37,37,37,37,37,37,37,37,37,37,37,37,37,37,37,37,37,37,37,37,37,37,37,37,37,37,37,37,37,37,37,37,37,37,37,
size:43
[agent] id:29
path:507,542,577,612,613,614,615,615,615,615,615,615,615,615,615,615,615,615,615,615,615,615,615,615,615,615,615,615,615,615,615,615,615,615,615,615,615,615,615,615,615,615,615,615,615,615,615,615,615,615,615,
goal:615,615,615,615,615,615,615,615,615,615,615,615,615,615,615,615,615,615,615,615,615,615,615,615,615,615,615,615,615,615,615,615,615,615,615,615,615,615,615,615,615,615,615,615,615,615,615,615,615,615,615,
size:6
SolutionCost:675
