[setting] seed:28
[solver] type:ECBS
[solver] w:2.000000
[solver] ID:0
[solver] Lowlevelnode:4117
[solver] ConflictCount:14
[solver] solved:1
[solver] elapsed:34
[solver] makespan:38
[problem] timesteplimit:10000
[problem] type:MAPF
[problem] agentnum:30
[graph] width:35
[graph] height:21
[graph] filename:./map/warehouse_middle.map
[task] id:2,start:0,end:0,service time:0,nodes:536,
[task] id:5,start:0,end:0,service time:0,nodes:489,
[task] id:19,start:0,end:0,service time:0,nodes:354,
[task] id:11,start:0,end:0,service time:0,nodes:23,
[task] id:26,start:0,end:0,service time:0,nodes:542,
[task] id:7,start:0,end:0,service time:0,nodes:434,
[task] id:24,start:0,end:0,service time:0,nodes:676,
[task] id:0,start:0,end:0,service time:0,nodes:198,
[task] id:10,start:0,end:0,service time:0,nodes:424,
[task] id:20,start:0,end:0,service time:0,nodes:268,
[task] id:21,start:0,end:0,service time:0,nodes:135,
[task] id:25,start:0,end:0,service time:0,nodes:632,
[task] id:28,start:0,end:0,service time:0,nodes:105,
[task] id:1,start:0,end:0,service time:0,nodes:541,
[task] id:3,start:0,end:0,service time:0,nodes:331,
[task] id:27,start:0,end:0,service time:0,nodes:493,
[task] id:8,start:0,end:0,service time:0,nodes:467,
[task] id:18,start:0,end:0,service time:0,nodes:675,
[task] id:13,start:0,end:0,service time:0,nodes:459,
[task] id:22,start:0,end:0,service time:0,nodes:462,
[task] id:23,start:0,end:0,service time:0,nodes:13,
[task] id:6,start:0,end:0,service time:0,nodes:448,
[task] id:9,start:0,end:0,service time:0,nodes:356,
[task] id:16,start:0,end:0,service time:0,nodes:273,
[task] id:17,start:0,end:0,service time:0,nodes:396,
[task] id:14,start:0,end:0,service time:0,nodes:593,
[task] id:15,start:0,end:0,service time:0,nodes:216,
[task] id:29,start:0,end:0,service time:0,nodes:31,
[task] id:12,start:0,end:0,service time:0,nodes:490,
[task] id:4,start:0,end:0,service time:0,nodes:214,
[agent] id:0
path:23,58,59,60,61,62,63,98,133,168,203,202,201,200,199,198,198,198,198,198,198,198,198,198,198,198,198,198,198,198,198,198,198,198,198,198,198,198,198,
goal:198,198,198,198,198,198,198,198,198,198,198,198,198,198,198,198,198,198,198,198,198,198,198,198,198,198,198,198,198,198,198,198,198,198,198,198,198,198,198,
size:15
[agent] id:1
path:702,667,632,597,562,563,564,565,566,567,568,569,570,571,572,573,574,575,576,541,541,541,541,541,541,541,541,541,541,541,541,541,541,541,541,541,541,541,541,
goal:541,541,541,541,541,541,541,541,541,541,541,541,541,541,541,541,541,541,541,541,541,541,541,541,541,541,541,541,541,541,541,541,541,541,541,541,541,541,541,
size:19
[agent] id:2
path:601,566,531,532,533,534,535,536,536,536,536,536,536,536,536,536,536,536,536,536,536,536,536,536,536,536,536,536,536,536,536,536,536,536,536,536,536,536,536,
goal:536,536,536,536,536,536,536,536,536,536,536,536,536,536,536,536,536,536,536,536,536,536,536,536,536,536,536,536,536,536,536,536,536,536,536,536,536,536,536,
size:7
[agent] id:3
path:5,40,75,110,145,180,215,250,251,252,253,254,255,256,257,292,293,294,295,330,331,331,331,331,331,331,331,331,331,331,331,331,331,331,331,331,331,331,331,
goal:331,331,331,331,331,331,331,331,331,331,331,331,331,331,331,331,331,331,331,331,331,331,331,331,331,331,331,331,331,331,331,331,331,331,331,331,331,331,331,
size:20
[agent] id:4
path:558,523,488,453,418,383,348,313,312,311,310,309,308,307,306,305,304,303,302,267,266,265,264,263,262,261,260,259,258,257,256,255,254,253,252,251,250,215,214,
goal:214,214,214,214,214,214,214,214,214,214,214,214,214,214,214,214,214,214,214,214,214,214,214,214,214,214,214,214,214,214,214,214,214,214,214,214,214,214,214,
size:38
[agent] id:5
path:697,662,627,592,557,522,487,488,489,489,489,489,489,489,489,489,489,489,489,489,489,489,489,489,489,489,489,489,489,489,489,489,489,489,489,489,489,489,489,
goal:489,489,489,489,489,489,489,489,489,489,489,489,489,489,489,489,489,489,489,489,489,489,489,489,489,489,489,489,489,489,489,489,489,489,489,489,489,489,489,
size:8
[agent] id:6
path:287,322,323,324,325,326,327,328,329,330,331,331,332,367,402,437,438,439,440,441,442,443,444,445,446,447,448,448,448,448,448,448,448,448,448,448,448,448,448,
goal:448,448,448,448,448,448,448,448,448,448,448,448,448,448,448,448,448,448,448,448,448,448,448,448,448,448,448,448,448,448,448,448,448,448,448,448,448,448,448,
size:26
[agent] id:7
path:584,549,548,547,546,545,544,543,542,507,472,437,436,435,434,434,434,434,434,434,434,434,434,434,434,434,434,434,434,434,434,434,434,434,434,434,434,434,434,
goal:434,434,434,434,434,434,434,434,434,434,434,434,434,434,434,434,434,434,434,434,434,434,434,434,434,434,434,434,434,434,434,434,434,434,434,434,434,434,434,
size:14
[agent] id:8
path:44,43,42,41,76,111,146,181,216,251,286,321,356,391,426,461,462,463,464,465,466,467,467,467,467,467,467,467,467,467,467,467,467,467,467,467,467,467,467,
goal:467,467,467,467,467,467,467,467,467,467,467,467,467,467,467,467,467,467,467,467,467,467,467,467,467,467,467,467,467,467,467,467,467,467,467,467,467,467,467,
size:21
[agent] id:9
path:275,310,345,344,343,342,341,340,339,338,337,336,335,334,333,332,331,330,329,328,327,326,325,324,323,322,321,356,356,356,356,356,356,356,356,356,356,356,356,
goal:356,356,356,356,356,356,356,356,356,356,356,356,356,356,356,356,356,356,356,356,356,356,356,356,356,356,356,356,356,356,356,356,356,356,356,356,356,356,356,
size:27
[agent] id:10
path:473,438,437,436,435,434,433,432,431,430,429,428,427,426,425,424,424,424,424,424,424,424,424,424,424,424,424,424,424,424,424,424,424,424,424,424,424,424,424,
goal:424,424,424,424,424,424,424,424,424,424,424,424,424,424,424,424,424,424,424,424,424,424,424,424,424,424,424,424,424,424,424,424,424,424,424,424,424,424,424,
size:15
[agent] id:11
path:69,34,33,32,31,30,29,28,27,26,25,24,23,23,23,23,23,23,23,23,23,23,23,23,23,23,23,23,23,23,23,23,23,23,23,23,23,23,23,
goal:23,23,23,23,23,23,23,23,23,23,23,23,23,23,23,23,23,23,23,23,23,23,23,23,23,23,23,23,23,23,23,23,23,23,23,23,23,23,23,
size:12
[agent] id:12
path:626,625,624,623,622,621,620,619,618,617,616,615,614,613,612,611,610,609,574,573,572,571,570,535,534,533,532,531,530,529,528,527,492,491,490,490,490,490,490,
goal:490,490,490,490,490,490,490,490,490,490,490,490,490,490,490,490,490,490,490,490,490,490,490,490,490,490,490,490,490,490,490,490,490,490,490,490,490,490,490,
size:34
[agent] id:13
path:337,336,335,334,333,332,367,402,437,436,435,434,433,432,431,430,429,428,463,462,461,460,459,459,459,459,459,459,459,459,459,459,459,459,459,459,459,459,459,
goal:459,459,459,459,459,459,459,459,459,459,459,459,459,459,459,459,459,459,459,459,459,459,459,459,459,459,459,459,459,459,459,459,459,459,459,459,459,459,459,
size:22
[agent] id:14
path:529,564,565,566,567,568,569,570,571,572,573,574,575,576,577,578,579,580,581,582,583,584,585,586,587,588,589,590,591,592,593,593,593,593,593,593,593,593,593,
goal:593,593,593,593,593,593,593,593,593,593,593,593,593,593,593,593,593,593,593,593,593,593,593,593,593,593,593,593,593,593,593,593,593,593,593,593,593,593,593,
size:30
[agent] id:15
path:382,347,312,277,276,275,274,273,272,271,270,269,268,267,266,265,264,263,262,261,260,259,258,257,256,255,254,253,252,251,216,216,216,216,216,216,216,216,216,
goal:216,216,216,216,216,216,216,216,216,216,216,216,216,216,216,216,216,216,216,216,216,216,216,216,216,216,216,216,216,216,216,216,216,216,216,216,216,216,216,
size:30
[agent] id:16
path:569,570,571,572,573,574,575,576,541,542,507,472,473,438,439,440,441,442,443,408,409,410,411,412,413,378,343,308,273,273,273,273,273,273,273,273,273,273,273,
goal:273,273,273,273,273,273,273,273,273,273,273,273,273,273,273,273,273,273,273,273,273,273,273,273,273,273,273,273,273,273,273,273,273,273,273,273,273,273,273,
size:28
[agent] id:17
path:137,172,207,242,277,312,347,382,417,416,415,414,413,412,411,410,409,408,407,406,405,404,403,402,401,400,399,398,397,396,396,396,396,396,396,396,396,396,396,
goal:396,396,396,396,396,396,396,396,396,396,396,396,396,396,396,396,396,396,396,396,396,396,396,396,396,396,396,396,396,396,396,396,396,396,396,396,396,396,396,
size:29
[agent] id:18
path:148,183,182,181,216,251,286,321,356,391,426,461,496,531,566,601,636,671,672,673,674,675,675,675,675,675,675,675,675,675,675,675,675,675,675,675,675,675,675,
goal:675,675,675,675,675,675,675,675,675,675,675,675,675,675,675,675,675,675,675,675,675,675,675,675,675,675,675,675,675,675,675,675,675,675,675,675,675,675,675,
size:21
[agent] id:19
path:112,147,146,145,180,215,250,285,320,355,354,354,354,354,354,354,354,354,354,354,354,354,354,354,354,354,354,354,354,354,354,354,354,354,354,354,354,354,354,
goal:354,354,354,354,354,354,354,354,354,354,354,354,354,354,354,354,354,354,354,354,354,354,354,354,354,354,354,354,354,354,354,354,354,354,354,354,354,354,354,
size:10
[agent] id:20
path:623,588,553,518,483,448,413,378,343,308,273,272,271,270,269,268,268,268,268,268,268,268,268,268,268,268,268,268,268,268,268,268,268,268,268,268,268,268,268,
goal:268,268,268,268,268,268,268,268,268,268,268,268,268,268,268,268,268,268,268,268,268,268,268,268,268,268,268,268,268,268,268,268,268,268,268,268,268,268,268,
size:15
[agent] id:21
path:119,120,121,122,123,124,125,126,127,128,129,130,131,132,133,134,135,135,135,135,135,135,135,135,135,135,135,135,135,135,135,135,135,135,135,135,135,135,135,
goal:135,135,135,135,135,135,135,135,135,135,135,135,135,135,135,135,135,135,135,135,135,135,135,135,135,135,135,135,135,135,135,135,135,135,135,135,135,135,135,
size:16
[agent] id:22
path:160,195,194,193,192,227,262,297,296,295,294,293,292,291,290,289,324,323,322,321,356,391,426,461,462,462,462,462,462,462,462,462,462,462,462,462,462,462,462,
goal:462,462,462,462,462,462,462,462,462,462,462,462,462,462,462,462,462,462,462,462,462,462,462,462,462,462,462,462,462,462,462,462,462,462,462,462,462,462,462,
size:24
[agent] id:23
path:445,410,409,408,407,406,405,404,403,402,367,332,297,262,227,192,157,122,87,52,17,16,15,14,13,13,13,13,13,13,13,13,13,13,13,13,13,13,13,
goal:13,13,13,13,13,13,13,13,13,13,13,13,13,13,13,13,13,13,13,13,13,13,13,13,13,13,13,13,13,13,13,13,13,13,13,13,13,13,13,
size:24
[agent] id:24
path:438,437,472,507,542,577,612,647,682,681,680,679,678,677,676,676,676,676,676,676,676,676,676,676,676,676,676,676,676,676,676,676,676,676,676,676,676,676,676,
goal:676,676,676,676,676,676,676,676,676,676,676,676,676,676,676,676,676,676,676,676,676,676,676,676,676,676,676,676,676,676,676,676,676,676,676,676,676,676,676,
size:14
[agent] id:25
path:252,287,322,321,356,391,426,461,496,531,566,601,636,635,634,633,632,632,632,632,632,632,632,632,632,632,632,632,632,632,632,632,632,632,632,632,632,632,632,
goal:632,632,632,632,632,632,632,632,632,632,632,632,632,632,632,632,632,632,632,632,632,632,632,632,632,632,632,632,632,632,632,632,632,632,632,632,632,632,632,
size:16
[agent] id:26
path:725,690,689,688,687,686,685,684,683,682,647,612,577,542,542,542,542,542,542,542,542,542,542,542,542,542,542,542,542,542,542,542,542,542,542,542,542,542,542,
goal:542,542,542,542,542,542,542,542,542,542,542,542,542,542,542,542,542,542,542,542,542,542,542,542,542,542,542,542,542,542,542,542,542,542,542,542,542,542,542,
size:13
[agent] id:27
path:615,614,613,612,611,610,609,608,607,606,571,570,535,534,533,532,531,496,495,494,493,493,493,493,493,493,493,493,493,493,493,493,493,493,493,493,493,493,493,
goal:493,493,493,493,493,493,493,493,493,493,493,493,493,493,493,493,493,493,493,493,493,493,493,493,493,493,493,493,493,493,493,493,493,493,493,493,493,493,493,
size:20
[agent] id:28
path:256,255,254,253,252,252,251,216,215,180,145,110,109,108,107,106,105,105,105,105,105,105,105,105,105,105,105,105,105,105,105,105,105,105,105,105,105,105,105,
goal:105,105,105,105,105,105,105,105,105,105,105,105,105,105,105,105,105,105,105,105,105,105,105,105,105,105,105,105,105,105,105,105,105,105,105,105,105,105,105,
size:16
[agent] id:29
path:468,469,470,471,472,437,438,439,440,441,442,443,444,445,446,447,412,413,378,343,308,273,238,203,168,133,98,63,28,29,30,31,31,31,31,31,31,31,31,
goal:31,31,31,31,31,31,31,31,31,31,31,31,31,31,31,31,31,31,31,31,31,31,31,31,31,31,31,31,31,31,31,31,31,31,31,31,31,31,31,
size:31
SolutionCost:615
