[setting] seed:75
[solver] type:ECBS
[solver] w:2.000000
[solver] ID:0
[solver] Lowlevelnode:9261
[solver] ConflictCount:13
[solver] solved:1
[solver] elapsed:69
[solver] makespan:47
[problem] timesteplimit:10000
[problem] type:MAPF
[problem] agentnum:30
[graph] width:35
[graph] height:21
[graph] filename:./map/warehouse_middle.map
[task] id:21,start:0,end:0,service time:0,nodes:301,
[task] id:13,start:0,end:0,service time:0,nodes:578,
[task] id:10,start:0,end:0,service time:0,nodes:72,
[task] id:25,start:0,end:0,service time:0,nodes:399,
[task] id:19,start:0,end:0,service time:0,nodes:134,
[task] id:4,start:0,end:0,service time:0,nodes:724,
[task] id:2,start:0,end:0,service time:0,nodes:473,
[task] id:23,start:0,end:0,service time:0,nodes:354,
[task] id:24,start:0,end:0,service time:0,nodes:393,
[task] id:12,start:0,end:0,service time:0,nodes:618,
[task] id:15,start:0,end:0,service time:0,nodes:75,
[task] id:3,start:0,end:0,service time:0,nodes:492,
[task] id:27,start:0,end:0,service time:0,nodes:604,
[task] id:8,start:0,end:0,service time:0,nodes:76,
[task] id:11,start:0,end:0,service time:0,nodes:323,
[task] id:29,start:0,end:0,service time:0,nodes:24,
[task] id:6,start:0,end:0,service time:0,nodes:252,
[task] id:7,start:0,end:0,service time:0,nodes:447,
[task] id:9,start:0,end:0,service time:0,nodes:709,
[task] id:22,start:0,end:0,service time:0,nodes:496,
[task] id:17,start:0,end:0,service time:0,nodes:707,
[task] id:0,start:0,end:0,service time:0,nodes:159,
[task] id:16,start:0,end:0,service time:0,nodes:631,
[task] id:26,start:0,end:0,service time:0,nodes:400,
[task] id:5,start:0,end:0,service time:0,nodes:442,
[task] id:18,start:0,end:0,service time:0,nodes:287,
[task] id:1,start:0,end:0,service time:0,nodes:599,
[task] id:28,start:0,end:0,service time:0,nodes:314,
[task] id:14,start:0,end:0,service time:0,nodes:701,
[task] id:20,start:0,end:0,service time:0,nodes:702,
[agent] id:0
path:528,493,458,423,388,353,318,283,248,213,178,143,144,145,146,147,148,149,150,151,152,153,154,155,156,157,158,159,159,159,159,159,159,159,159,159,159,159,159,159,159,159,159,159,159,159,159,159,
goal:159,159,159,159,159,159,159,159,159,159,159,159,159,159,159,159,159,159,159,159,159,159,159,159,159,159,159,159,159,159,159,159,159,159,159,159,159,159,159,159,159,159,159,159,159,159,159,159,
size:27
[agent] id:1
path:21,56,55,54,53,52,87,122,157,192,227,262,297,332,367,402,437,472,507,542,577,576,575,574,573,572,571,570,569,568,603,602,601,600,599,599,599,599,599,599,599,599,599,599,599,599,599,599,
goal:599,599,599,599,599,599,599,599,599,599,599,599,599,599,599,599,599,599,599,599,599,599,599,599,599,599,599,599,599,599,599,599,599,599,599,599,599,599,599,599,599,599,599,599,599,599,599,599,
size:34
[agent] id:2
path:158,193,192,227,262,297,332,367,402,437,472,473,473,473,473,473,473,473,473,473,473,473,473,473,473,473,473,473,473,473,473,473,473,473,473,473,473,473,473,473,473,473,473,473,473,473,473,473,
goal:473,473,473,473,473,473,473,473,473,473,473,473,473,473,473,473,473,473,473,473,473,473,473,473,473,473,473,473,473,473,473,473,473,473,473,473,473,473,473,473,473,473,473,473,473,473,473,473,
size:11
[agent] id:3
path:2,37,72,107,142,177,212,247,282,317,352,387,422,457,492,492,492,492,492,492,492,492,492,492,492,492,492,492,492,492,492,492,492,492,492,492,492,492,492,492,492,492,492,492,492,492,492,492,
goal:492,492,492,492,492,492,492,492,492,492,492,492,492,492,492,492,492,492,492,492,492,492,492,492,492,492,492,492,492,492,492,492,492,492,492,492,492,492,492,492,492,492,492,492,492,492,492,492,
size:14
[agent] id:4
path:682,717,718,719,720,721,722,723,688,689,724,724,724,724,724,724,724,724,724,724,724,724,724,724,724,724,724,724,724,724,724,724,724,724,724,724,724,724,724,724,724,724,724,724,724,724,724,724,
goal:724,724,724,724,724,724,724,724,724,724,724,724,724,724,724,724,724,724,724,724,724,724,724,724,724,724,724,724,724,724,724,724,724,724,724,724,724,724,724,724,724,724,724,724,724,724,724,724,
size:10
[agent] id:5
path:666,631,596,561,526,491,456,421,422,423,424,425,426,427,428,429,430,431,432,433,434,435,436,437,438,439,440,441,442,442,442,442,442,442,442,442,442,442,442,442,442,442,442,442,442,442,442,442,
goal:442,442,442,442,442,442,442,442,442,442,442,442,442,442,442,442,442,442,442,442,442,442,442,442,442,442,442,442,442,442,442,442,442,442,442,442,442,442,442,442,442,442,442,442,442,442,442,442,
size:28
[agent] id:6
path:700,665,630,595,560,525,490,455,420,385,350,315,280,245,246,247,248,249,250,251,252,252,252,252,252,252,252,252,252,252,252,252,252,252,252,252,252,252,252,252,252,252,252,252,252,252,252,252,
goal:252,252,252,252,252,252,252,252,252,252,252,252,252,252,252,252,252,252,252,252,252,252,252,252,252,252,252,252,252,252,252,252,252,252,252,252,252,252,252,252,252,252,252,252,252,252,252,252,
size:20
[agent] id:7
path:390,425,426,427,428,429,430,431,432,433,434,435,436,437,438,439,440,441,442,443,444,445,446,447,447,447,447,447,447,447,447,447,447,447,447,447,447,447,447,447,447,447,447,447,447,447,447,447,
goal:447,447,447,447,447,447,447,447,447,447,447,447,447,447,447,447,447,447,447,447,447,447,447,447,447,447,447,447,447,447,447,447,447,447,447,447,447,447,447,447,447,447,447,447,447,447,447,447,
size:23
[agent] id:8
path:529,494,459,424,389,354,319,284,249,214,179,144,109,110,111,76,76,76,76,76,76,76,76,76,76,76,76,76,76,76,76,76,76,76,76,76,76,76,76,76,76,76,76,76,76,76,76,76,
goal:76,76,76,76,76,76,76,76,76,76,76,76,76,76,76,76,76,76,76,76,76,76,76,76,76,76,76,76,76,76,76,76,76,76,76,76,76,76,76,76,76,76,76,76,76,76,76,76,
size:15
[agent] id:9
path:660,695,730,729,728,727,726,725,724,723,722,721,720,719,718,717,716,715,714,713,712,711,710,709,709,709,709,709,709,709,709,709,709,709,709,709,709,709,709,709,709,709,709,709,709,709,709,709,
goal:709,709,709,709,709,709,709,709,709,709,709,709,709,709,709,709,709,709,709,709,709,709,709,709,709,709,709,709,709,709,709,709,709,709,709,709,709,709,709,709,709,709,709,709,709,709,709,709,
size:23
[agent] id:10
path:0,35,70,71,72,72,72,72,72,72,72,72,72,72,72,72,72,72,72,72,72,72,72,72,72,72,72,72,72,72,72,72,72,72,72,72,72,72,72,72,72,72,72,72,72,72,72,72,
goal:72,72,72,72,72,72,72,72,72,72,72,72,72,72,72,72,72,72,72,72,72,72,72,72,72,72,72,72,72,72,72,72,72,72,72,72,72,72,72,72,72,72,72,72,72,72,72,72,
size:4
[agent] id:11
path:675,674,673,672,671,636,601,566,531,496,461,426,391,356,321,322,323,323,323,323,323,323,323,323,323,323,323,323,323,323,323,323,323,323,323,323,323,323,323,323,323,323,323,323,323,323,323,323,
goal:323,323,323,323,323,323,323,323,323,323,323,323,323,323,323,323,323,323,323,323,323,323,323,323,323,323,323,323,323,323,323,323,323,323,323,323,323,323,323,323,323,323,323,323,323,323,323,323,
size:16
[agent] id:12
path:720,685,684,683,682,647,612,613,614,615,616,617,618,618,618,618,618,618,618,618,618,618,618,618,618,618,618,618,618,618,618,618,618,618,618,618,618,618,618,618,618,618,618,618,618,618,618,618,
goal:618,618,618,618,618,618,618,618,618,618,618,618,618,618,618,618,618,618,618,618,618,618,618,618,618,618,618,618,618,618,618,618,618,618,618,618,618,618,618,618,618,618,618,618,618,618,618,618,
size:12
[agent] id:13
path:615,580,579,578,578,578,578,578,578,578,578,578,578,578,578,578,578,578,578,578,578,578,578,578,578,578,578,578,578,578,578,578,578,578,578,578,578,578,578,578,578,578,578,578,578,578,578,578,
goal:578,578,578,578,578,578,578,578,578,578,578,578,578,578,578,578,578,578,578,578,578,578,578,578,578,578,578,578,578,578,578,578,578,578,578,578,578,578,578,578,578,578,578,578,578,578,578,578,
size:3
[agent] id:14
path:559,594,629,664,699,698,697,696,695,694,693,692,691,690,689,688,687,686,685,684,683,682,681,680,679,678,677,676,675,674,673,672,671,706,705,704,703,702,701,701,701,701,701,701,701,701,701,701,
goal:701,701,701,701,701,701,701,701,701,701,701,701,701,701,701,701,701,701,701,701,701,701,701,701,701,701,701,701,701,701,701,701,701,701,701,701,701,701,701,701,701,701,701,701,701,701,701,701,
size:38
[agent] id:15
path:350,315,280,245,210,175,140,105,106,107,108,73,74,75,75,75,75,75,75,75,75,75,75,75,75,75,75,75,75,75,75,75,75,75,75,75,75,75,75,75,75,75,75,75,75,75,75,75,
goal:75,75,75,75,75,75,75,75,75,75,75,75,75,75,75,75,75,75,75,75,75,75,75,75,75,75,75,75,75,75,75,75,75,75,75,75,75,75,75,75,75,75,75,75,75,75,75,75,
size:13
[agent] id:16
path:298,333,332,367,402,437,472,507,542,577,576,575,574,573,572,571,570,569,568,603,602,601,636,635,634,633,632,631,631,631,631,631,631,631,631,631,631,631,631,631,631,631,631,631,631,631,631,631,
goal:631,631,631,631,631,631,631,631,631,631,631,631,631,631,631,631,631,631,631,631,631,631,631,631,631,631,631,631,631,631,631,631,631,631,631,631,631,631,631,631,631,631,631,631,631,631,631,631,
size:27
[agent] id:17
path:589,588,587,586,585,584,583,582,581,580,579,614,613,612,647,682,681,680,679,678,677,676,675,674,673,708,707,707,707,707,707,707,707,707,707,707,707,707,707,707,707,707,707,707,707,707,707,707,
goal:707,707,707,707,707,707,707,707,707,707,707,707,707,707,707,707,707,707,707,707,707,707,707,707,707,707,707,707,707,707,707,707,707,707,707,707,707,707,707,707,707,707,707,707,707,707,707,707,
size:26
[agent] id:18
path:30,65,100,135,170,205,240,275,274,273,272,271,270,269,268,267,266,265,264,263,262,297,296,295,294,293,292,291,290,289,288,287,287,287,287,287,287,287,287,287,287,287,287,287,287,287,287,287,
goal:287,287,287,287,287,287,287,287,287,287,287,287,287,287,287,287,287,287,287,287,287,287,287,287,287,287,287,287,287,287,287,287,287,287,287,287,287,287,287,287,287,287,287,287,287,287,287,287,
size:31
[agent] id:19
path:57,58,59,60,61,62,63,98,133,134,134,134,134,134,134,134,134,134,134,134,134,134,134,134,134,134,134,134,134,134,134,134,134,134,134,134,134,134,134,134,134,134,134,134,134,134,134,134,
goal:134,134,134,134,134,134,134,134,134,134,134,134,134,134,134,134,134,134,134,134,134,134,134,134,134,134,134,134,134,134,134,134,134,134,134,134,134,134,134,134,134,134,134,134,134,134,134,134,
size:9
[agent] id:20
path:101,136,171,206,241,276,311,346,381,416,451,486,521,556,591,626,661,696,695,694,693,692,691,690,689,688,687,686,685,684,683,682,681,680,679,678,677,676,675,674,673,672,671,706,705,704,703,702,
goal:702,702,702,702,702,702,702,702,702,702,702,702,702,702,702,702,702,702,702,702,702,702,702,702,702,702,702,702,702,702,702,702,702,702,702,702,702,702,702,702,702,702,702,702,702,702,702,702,
size:47
[agent] id:21
path:265,300,301,301,301,301,301,301,301,301,301,301,301,301,301,301,301,301,301,301,301,301,301,301,301,301,301,301,301,301,301,301,301,301,301,301,301,301,301,301,301,301,301,301,301,301,301,301,
goal:301,301,301,301,301,301,301,301,301,301,301,301,301,301,301,301,301,301,301,301,301,301,301,301,301,301,301,301,301,301,301,301,301,301,301,301,301,301,301,301,301,301,301,301,301,301,301,301,
size:2
[agent] id:22
path:197,196,195,194,193,192,227,262,297,332,367,402,437,472,471,470,469,468,467,466,465,464,463,462,461,496,496,496,496,496,496,496,496,496,496,496,496,496,496,496,496,496,496,496,496,496,496,496,
goal:496,496,496,496,496,496,496,496,496,496,496,496,496,496,496,496,496,496,496,496,496,496,496,496,496,496,496,496,496,496,496,496,496,496,496,496,496,496,496,496,496,496,496,496,496,496,496,496,
size:25
[agent] id:23
path:535,534,533,532,531,496,461,426,391,356,355,354,354,354,354,354,354,354,354,354,354,354,354,354,354,354,354,354,354,354,354,354,354,354,354,354,354,354,354,354,354,354,354,354,354,354,354,354,
goal:354,354,354,354,354,354,354,354,354,354,354,354,354,354,354,354,354,354,354,354,354,354,354,354,354,354,354,354,354,354,354,354,354,354,354,354,354,354,354,354,354,354,354,354,354,354,354,354,
size:11
[agent] id:24
path:562,527,492,457,422,387,388,389,390,391,392,393,393,393,393,393,393,393,393,393,393,393,393,393,393,393,393,393,393,393,393,393,393,393,393,393,393,393,393,393,393,393,393,393,393,393,393,393,
goal:393,393,393,393,393,393,393,393,393,393,393,393,393,393,393,393,393,393,393,393,393,393,393,393,393,393,393,393,393,393,393,393,393,393,393,393,393,393,393,393,393,393,393,393,393,393,393,393,
size:11
[agent] id:25
path:395,396,397,398,399,399,399,399,399,399,399,399,399,399,399,399,399,399,399,399,399,399,399,399,399,399,399,399,399,399,399,399,399,399,399,399,399,399,399,399,399,399,399,399,399,399,399,399,
goal:399,399,399,399,399,399,399,399,399,399,399,399,399,399,399,399,399,399,399,399,399,399,399,399,399,399,399,399,399,399,399,399,399,399,399,399,399,399,399,399,399,399,399,399,399,399,399,399,
size:4
[agent] id:26
path:35,70,105,140,175,176,211,246,281,316,351,386,387,388,389,390,391,392,427,428,429,430,431,432,433,434,435,400,400,400,400,400,400,400,400,400,400,400,400,400,400,400,400,400,400,400,400,400,
goal:400,400,400,400,400,400,400,400,400,400,400,400,400,400,400,400,400,400,400,400,400,400,400,400,400,400,400,400,400,400,400,400,400,400,400,400,400,400,400,400,400,400,400,400,400,400,400,400,
size:27
[agent] id:27
path:322,321,356,391,426,461,460,495,530,565,600,601,602,603,604,604,604,604,604,604,604,604,604,604,604,604,604,604,604,604,604,604,604,604,604,604,604,604,604,604,604,604,604,604,604,604,604,604,
goal:604,604,604,604,604,604,604,604,604,604,604,604,604,604,604,604,604,604,604,604,604,604,604,604,604,604,604,604,604,604,604,604,604,604,604,604,604,604,604,604,604,604,604,604,604,604,604,604,
size:14
[agent] id:28
path:422,387,352,317,318,319,320,321,322,323,324,325,326,327,328,329,330,331,332,333,334,335,336,337,302,303,304,305,306,307,308,309,310,311,312,313,314,314,314,314,314,314,314,314,314,314,314,314,
goal:314,314,314,314,314,314,314,314,314,314,314,314,314,314,314,314,314,314,314,314,314,314,314,314,314,314,314,314,314,314,314,314,314,314,314,314,314,314,314,314,314,314,314,314,314,314,314,314,
size:36
[agent] id:29
path:383,348,313,278,243,208,173,138,103,68,33,32,31,30,29,28,27,26,25,24,24,24,24,24,24,24,24,24,24,24,24,24,24,24,24,24,24,24,24,24,24,24,24,24,24,24,24,24,
goal:24,24,24,24,24,24,24,24,24,24,24,24,24,24,24,24,24,24,24,24,24,24,24,24,24,24,24,24,24,24,24,24,24,24,24,24,24,24,24,24,24,24,24,24,24,24,24,24,
size:19
SolutionCost:580
