[setting] seed:12
[solver] type:ECBS
[solver] w:2.000000
[solver] ID:0
[solver] Lowlevelnode:11220
[solver] ConflictCount:14
[solver] solved:1
[solver] elapsed:66
[solver] makespan:40
[problem] timesteplimit:10000
[problem] type:MAPF
[problem] agentnum:30
[graph] width:35
[graph] height:21
[graph] filename:./map/warehouse_middle.map
[task] id:22,start:0,end:0,service time:0,nodes:378,
[task] id:24,start:0,end:0,service time:0,nodes:195,
[task] id:20,start:0,end:0,service time:0,nodes:2,
[task] id:10,start:0,end:0,service time:0,nodes:668,
[task] id:12,start:0,end:0,service time:0,nodes:242,
[task] id:21,start:0,end:0,service time:0,nodes:570,
[task] id:29,start:0,end:0,service time:0,nodes:339,
[task] id:28,start:0,end:0,service time:0,nodes:440,
[task] id:3,start:0,end:0,service time:0,nodes:126,
[task] id:6,start:0,end:0,service time:0,nodes:380,
[task] id:15,start:0,end:0,service time:0,nodes:596,
[task] id:17,start:0,end:0,service time:0,nodes:682,
[task] id:1,start:0,end:0,service time:0,nodes:533,
[task] id:23,start:0,end:0,service time:0,nodes:256,
[task] id:26,start:0,end:0,service time:0,nodes:390,
[task] id:4,start:0,end:0,service time:0,nodes:199,
[task] id:8,start:0,end:0,service time:0,nodes:312,
[task] id:19,start:0,end:0,service time:0,nodes:211,
[task] id:18,start:0,end:0,service time:0,nodes:559,
[task] id:25,start:0,end:0,service time:0,nodes:161,
[task] id:14,start:0,end:0,service time:0,nodes:98,
[task] id:27,start:0,end:0,service time:0,nodes:379,
[task] id:2,start:0,end:0,service time:0,nodes:10,
[task] id:11,start:0,end:0,service time:0,nodes:315,
[task] id:7,start:0,end:0,service time:0,nodes:603,
[task] id:13,start:0,end:0,service time:0,nodes:721,
[task] id:16,start:0,end:0,service time:0,nodes:718,
[task] id:0,start:0,end:0,service time:0,nodes:101,
[task] id:5,start:0,end:0,service time:0,nodes:246,
[task] id:9,start:0,end:0,service time:0,nodes:733,
[agent] id:0
path:711,676,677,678,679,680,681,682,647,612,577,542,507,472,437,402,367,332,297,298,299,300,265,266,267,268,269,270,271,272,273,238,203,168,133,134,99,100,101,101,101,
goal:101,101,101,101,101,101,101,101,101,101,101,101,101,101,101,101,101,101,101,101,101,101,101,101,101,101,101,101,101,101,101,101,101,101,101,101,101,101,101,101,101,
size:38
[agent] id:1
path:441,476,475,474,473,472,507,507,542,577,576,541,540,539,538,537,536,535,534,533,533,533,533,533,533,533,533,533,533,533,533,533,533,533,533,533,533,533,533,533,533,
goal:533,533,533,533,533,533,533,533,533,533,533,533,533,533,533,533,533,533,533,533,533,533,533,533,533,533,533,533,533,533,533,533,533,533,533,533,533,533,533,533,533,
size:19
[agent] id:2
path:453,418,383,348,313,278,243,208,173,138,103,68,33,32,31,30,29,28,27,26,25,24,23,22,21,20,19,18,17,16,15,14,13,12,11,10,10,10,10,10,10,
goal:10,10,10,10,10,10,10,10,10,10,10,10,10,10,10,10,10,10,10,10,10,10,10,10,10,10,10,10,10,10,10,10,10,10,10,10,10,10,10,10,10,
size:35
[agent] id:3
path:255,256,257,258,259,260,261,262,227,192,157,158,123,124,125,126,126,126,126,126,126,126,126,126,126,126,126,126,126,126,126,126,126,126,126,126,126,126,126,126,126,
goal:126,126,126,126,126,126,126,126,126,126,126,126,126,126,126,126,126,126,126,126,126,126,126,126,126,126,126,126,126,126,126,126,126,126,126,126,126,126,126,126,126,
size:15
[agent] id:4
path:621,586,551,552,553,518,483,448,413,414,415,380,345,310,275,240,205,204,203,202,201,200,199,199,199,199,199,199,199,199,199,199,199,199,199,199,199,199,199,199,199,
goal:199,199,199,199,199,199,199,199,199,199,199,199,199,199,199,199,199,199,199,199,199,199,199,199,199,199,199,199,199,199,199,199,199,199,199,199,199,199,199,199,199,
size:22
[agent] id:5
path:625,590,589,588,587,586,585,584,583,582,581,580,545,544,543,542,507,472,437,402,367,332,297,296,295,294,293,292,291,290,255,254,253,252,251,250,249,248,247,246,246,
goal:246,246,246,246,246,246,246,246,246,246,246,246,246,246,246,246,246,246,246,246,246,246,246,246,246,246,246,246,246,246,246,246,246,246,246,246,246,246,246,246,246,
size:39
[agent] id:6
path:262,263,264,265,266,267,268,269,270,271,272,307,342,343,344,379,380,380,380,380,380,380,380,380,380,380,380,380,380,380,380,380,380,380,380,380,380,380,380,380,380,
goal:380,380,380,380,380,380,380,380,380,380,380,380,380,380,380,380,380,380,380,380,380,380,380,380,380,380,380,380,380,380,380,380,380,380,380,380,380,380,380,380,380,
size:16
[agent] id:7
path:166,201,202,203,238,239,274,309,344,379,414,449,484,519,554,589,624,623,622,621,620,619,618,617,616,615,614,613,612,611,610,609,608,607,606,605,604,603,603,603,603,
goal:603,603,603,603,603,603,603,603,603,603,603,603,603,603,603,603,603,603,603,603,603,603,603,603,603,603,603,603,603,603,603,603,603,603,603,603,603,603,603,603,603,
size:37
[agent] id:8
path:154,189,190,191,192,227,262,297,298,299,300,301,302,303,304,305,306,307,308,309,310,311,312,312,312,312,312,312,312,312,312,312,312,312,312,312,312,312,312,312,312,
goal:312,312,312,312,312,312,312,312,312,312,312,312,312,312,312,312,312,312,312,312,312,312,312,312,312,312,312,312,312,312,312,312,312,312,312,312,312,312,312,312,312,
size:22
[agent] id:9
path:353,388,423,458,493,528,563,598,633,634,669,704,705,706,707,708,709,710,711,712,713,714,715,716,717,718,719,720,721,722,723,724,725,726,727,728,729,730,731,732,733,
goal:733,733,733,733,733,733,733,733,733,733,733,733,733,733,733,733,733,733,733,733,733,733,733,733,733,733,733,733,733,733,733,733,733,733,733,733,733,733,733,733,733,
size:40
[agent] id:10
path:531,566,601,636,671,670,669,668,668,668,668,668,668,668,668,668,668,668,668,668,668,668,668,668,668,668,668,668,668,668,668,668,668,668,668,668,668,668,668,668,668,
goal:668,668,668,668,668,668,668,668,668,668,668,668,668,668,668,668,668,668,668,668,668,668,668,668,668,668,668,668,668,668,668,668,668,668,668,668,668,668,668,668,668,
size:7
[agent] id:11
path:279,314,313,312,311,310,309,308,307,306,305,304,303,338,337,336,335,334,333,332,331,330,329,328,327,326,325,324,323,322,321,320,319,318,317,316,315,315,315,315,315,
goal:315,315,315,315,315,315,315,315,315,315,315,315,315,315,315,315,315,315,315,315,315,315,315,315,315,315,315,315,315,315,315,315,315,315,315,315,315,315,315,315,315,
size:36
[agent] id:12
path:304,269,270,271,272,273,238,239,240,241,242,242,242,242,242,242,242,242,242,242,242,242,242,242,242,242,242,242,242,242,242,242,242,242,242,242,242,242,242,242,242,
goal:242,242,242,242,242,242,242,242,242,242,242,242,242,242,242,242,242,242,242,242,242,242,242,242,242,242,242,242,242,242,242,242,242,242,242,242,242,242,242,242,242,
size:10
[agent] id:13
path:4,39,74,109,144,179,214,249,284,319,354,389,424,459,494,529,564,599,634,669,704,705,706,707,708,709,710,711,712,713,714,715,716,717,718,719,720,721,721,721,721,
goal:721,721,721,721,721,721,721,721,721,721,721,721,721,721,721,721,721,721,721,721,721,721,721,721,721,721,721,721,721,721,721,721,721,721,721,721,721,721,721,721,721,
size:37
[agent] id:14
path:39,40,41,42,43,44,45,46,47,48,49,50,51,52,53,54,55,56,57,58,59,60,61,62,63,98,98,98,98,98,98,98,98,98,98,98,98,98,98,98,98,
goal:98,98,98,98,98,98,98,98,98,98,98,98,98,98,98,98,98,98,98,98,98,98,98,98,98,98,98,98,98,98,98,98,98,98,98,98,98,98,98,98,98,
size:25
[agent] id:15
path:110,145,180,215,250,285,320,355,390,425,460,495,530,565,600,599,598,597,596,596,596,596,596,596,596,596,596,596,596,596,596,596,596,596,596,596,596,596,596,596,596,
goal:596,596,596,596,596,596,596,596,596,596,596,596,596,596,596,596,596,596,596,596,596,596,596,596,596,596,596,596,596,596,596,596,596,596,596,596,596,596,596,596,596,
size:18
[agent] id:16
path:160,161,162,163,164,199,200,201,202,203,238,238,239,274,309,344,379,414,449,484,519,554,589,624,659,694,693,692,691,690,689,688,687,686,685,684,683,718,718,718,718,
goal:718,718,718,718,718,718,718,718,718,718,718,718,718,718,718,718,718,718,718,718,718,718,718,718,718,718,718,718,718,718,718,718,718,718,718,718,718,718,718,718,718,
size:37
[agent] id:17
path:700,701,702,703,704,705,670,671,672,673,674,675,676,677,678,679,680,681,682,682,682,682,682,682,682,682,682,682,682,682,682,682,682,682,682,682,682,682,682,682,682,
goal:682,682,682,682,682,682,682,682,682,682,682,682,682,682,682,682,682,682,682,682,682,682,682,682,682,682,682,682,682,682,682,682,682,682,682,682,682,682,682,682,682,
size:18
[agent] id:18
path:715,680,681,682,647,612,577,542,543,544,545,546,547,548,549,550,551,552,553,554,555,556,557,558,559,559,559,559,559,559,559,559,559,559,559,559,559,559,559,559,559,
goal:559,559,559,559,559,559,559,559,559,559,559,559,559,559,559,559,559,559,559,559,559,559,559,559,559,559,559,559,559,559,559,559,559,559,559,559,559,559,559,559,559,
size:24
[agent] id:19
path:710,675,674,673,672,671,636,601,566,531,496,461,426,391,356,321,286,251,216,215,214,213,212,211,211,211,211,211,211,211,211,211,211,211,211,211,211,211,211,211,211,
goal:211,211,211,211,211,211,211,211,211,211,211,211,211,211,211,211,211,211,211,211,211,211,211,211,211,211,211,211,211,211,211,211,211,211,211,211,211,211,211,211,211,
size:23
[agent] id:20
path:143,108,73,38,3,2,2,2,2,2,2,2,2,2,2,2,2,2,2,2,2,2,2,2,2,2,2,2,2,2,2,2,2,2,2,2,2,2,2,2,2,
goal:2,2,2,2,2,2,2,2,2,2,2,2,2,2,2,2,2,2,2,2,2,2,2,2,2,2,2,2,2,2,2,2,2,2,2,2,2,2,2,2,2,
size:5
[agent] id:21
path:704,669,634,599,564,565,566,567,568,569,570,570,570,570,570,570,570,570,570,570,570,570,570,570,570,570,570,570,570,570,570,570,570,570,570,570,570,570,570,570,570,
goal:570,570,570,570,570,570,570,570,570,570,570,570,570,570,570,570,570,570,570,570,570,570,570,570,570,570,570,570,570,570,570,570,570,570,570,570,570,570,570,570,570,
size:10
[agent] id:22
path:345,380,379,378,378,378,378,378,378,378,378,378,378,378,378,378,378,378,378,378,378,378,378,378,378,378,378,378,378,378,378,378,378,378,378,378,378,378,378,378,378,
goal:378,378,378,378,378,378,378,378,378,378,378,378,378,378,378,378,378,378,378,378,378,378,378,378,378,378,378,378,378,378,378,378,378,378,378,378,378,378,378,378,378,
size:3
[agent] id:23
path:60,59,58,57,56,55,54,53,52,87,122,157,192,227,262,261,260,259,258,257,256,256,256,256,256,256,256,256,256,256,256,256,256,256,256,256,256,256,256,256,256,
goal:256,256,256,256,256,256,256,256,256,256,256,256,256,256,256,256,256,256,256,256,256,256,256,256,256,256,256,256,256,256,256,256,256,256,256,256,256,256,256,256,256,
size:20
[agent] id:24
path:163,198,197,196,195,195,195,195,195,195,195,195,195,195,195,195,195,195,195,195,195,195,195,195,195,195,195,195,195,195,195,195,195,195,195,195,195,195,195,195,195,
goal:195,195,195,195,195,195,195,195,195,195,195,195,195,195,195,195,195,195,195,195,195,195,195,195,195,195,195,195,195,195,195,195,195,195,195,195,195,195,195,195,195,
size:4
[agent] id:25
path:559,524,489,454,419,384,349,314,279,244,209,174,173,172,171,170,169,168,167,166,165,164,163,162,161,161,161,161,161,161,161,161,161,161,161,161,161,161,161,161,161,
goal:161,161,161,161,161,161,161,161,161,161,161,161,161,161,161,161,161,161,161,161,161,161,161,161,161,161,161,161,161,161,161,161,161,161,161,161,161,161,161,161,161,
size:24
[agent] id:26
path:302,337,336,335,334,333,332,367,402,401,400,399,398,397,396,395,394,393,392,391,390,390,390,390,390,390,390,390,390,390,390,390,390,390,390,390,390,390,390,390,390,
goal:390,390,390,390,390,390,390,390,390,390,390,390,390,390,390,390,390,390,390,390,390,390,390,390,390,390,390,390,390,390,390,390,390,390,390,390,390,390,390,390,390,
size:20
[agent] id:27
path:568,533,534,535,536,537,538,539,540,541,542,507,472,437,402,403,404,405,406,407,408,409,410,411,412,413,414,379,379,379,379,379,379,379,379,379,379,379,379,379,379,
goal:379,379,379,379,379,379,379,379,379,379,379,379,379,379,379,379,379,379,379,379,379,379,379,379,379,379,379,379,379,379,379,379,379,379,379,379,379,379,379,379,379,
size:27
[agent] id:28
path:556,521,486,451,450,449,448,447,446,445,444,443,442,441,440,440,440,440,440,440,440,440,440,440,440,440,440,440,440,440,440,440,440,440,440,440,440,440,440,440,440,
goal:440,440,440,440,440,440,440,440,440,440,440,440,440,440,440,440,440,440,440,440,440,440,440,440,440,440,440,440,440,440,440,440,440,440,440,440,440,440,440,440,440,
size:14
[agent] id:29
path:481,446,411,412,413,414,379,344,343,342,341,340,339,339,339,339,339,339,339,339,339,339,339,339,339,339,339,339,339,339,339,339,339,339,339,339,339,339,339,339,339,
goal:339,339,339,339,339,339,339,339,339,339,339,339,339,339,339,339,339,339,339,339,339,339,339,339,339,339,339,339,339,339,339,339,339,339,339,339,339,339,339,339,339,
size:12
SolutionCost:657
