[setting] seed:0
[solver] type:ECBS
[solver] w:4.250000
[solver] ID:0
[solver] Lowlevelnode:25493
[solver] solved:1
[solver] elapsed:13
[solver] makespan:41
[problem] timesteplimit:10000
[problem] type:MAPF
[problem] agentnum:10
[graph] width:35
[graph] height:21
[graph] filename:./map/warehouse_middle.map
[task] id:0,start:0,end:0,service time:0,nodes:289,
[task] id:1,start:0,end:0,service time:0,nodes:634,
[task] id:9,start:0,end:0,service time:0,nodes:346,
[task] id:7,start:0,end:0,service time:0,nodes:392,
[task] id:3,start:0,end:0,service time:0,nodes:481,
[task] id:4,start:0,end:0,service time:0,nodes:263,
[task] id:5,start:0,end:0,service time:0,nodes:632,
[task] id:8,start:0,end:0,service time:0,nodes:701,
[task] id:2,start:0,end:0,service time:0,nodes:601,
[task] id:6,start:0,end:0,service time:0,nodes:703,
[agent] id:0
path:256,291,290,289,289,289,289,289,289,289,289,289,289,289,289,289,289,289,289,289,289,289,289,289,289,289,289,289,289,289,289,289,289,289,289,289,289,289,289,289,289,289,
goal:289,289,289,289,289,289,289,289,289,289,289,289,289,289,289,289,289,289,289,289,289,289,289,289,289,289,289,289,289,289,289,289,289,289,289,289,289,289,289,289,289,289,
size:3
[agent] id:1
path:457,492,527,562,597,632,633,634,634,634,634,634,634,634,634,634,634,634,634,634,634,634,634,634,634,634,634,634,634,634,634,634,634,634,634,634,634,634,634,634,634,634,
goal:634,634,634,634,634,634,634,634,634,634,634,634,634,634,634,634,634,634,634,634,634,634,634,634,634,634,634,634,634,634,634,634,634,634,634,634,634,634,634,634,634,634,
size:7
[agent] id:2
path:240,275,310,345,380,415,450,485,520,555,590,625,624,623,622,621,620,619,618,617,616,615,614,613,612,611,610,609,608,607,606,605,604,603,602,601,601,601,601,601,601,601,
goal:601,601,601,601,601,601,601,601,601,601,601,601,601,601,601,601,601,601,601,601,601,601,601,601,601,601,601,601,601,601,601,601,601,601,601,601,601,601,601,601,601,601,
size:35
[agent] id:3
path:423,458,459,460,461,462,463,464,465,466,467,468,469,470,471,472,473,474,475,476,477,478,479,480,481,481,481,481,481,481,481,481,481,481,481,481,481,481,481,481,481,481,
goal:481,481,481,481,481,481,481,481,481,481,481,481,481,481,481,481,481,481,481,481,481,481,481,481,481,481,481,481,481,481,481,481,481,481,481,481,481,481,481,481,481,481,
size:24
[agent] id:4
path:678,679,680,681,682,647,612,577,542,542,541,541,542,543,543,542,507,472,437,402,367,332,297,262,263,263,263,263,263,263,263,263,263,263,263,263,263,263,263,263,263,263,
goal:263,263,263,263,263,263,263,263,263,263,263,263,263,263,263,263,263,263,263,263,263,263,263,263,263,263,263,263,263,263,263,263,263,263,263,263,263,263,263,263,263,263,
size:24
[agent] id:5
path:339,338,337,336,335,334,333,332,367,402,437,472,507,542,577,612,611,610,609,608,607,606,605,604,603,602,601,600,599,598,633,632,632,632,632,632,632,632,632,632,632,632,
goal:632,632,632,632,632,632,632,632,632,632,632,632,632,632,632,632,632,632,632,632,632,632,632,632,632,632,632,632,632,632,632,632,632,632,632,632,632,632,632,632,632,632,
size:31
[agent] id:6
path:276,311,346,381,416,451,486,521,556,591,626,661,696,731,730,729,728,727,726,725,724,723,722,721,720,719,718,717,716,715,714,713,712,711,710,709,708,707,706,705,704,703,
goal:703,703,703,703,703,703,703,703,703,703,703,703,703,703,703,703,703,703,703,703,703,703,703,703,703,703,703,703,703,703,703,703,703,703,703,703,703,703,703,703,703,703,
size:41
[agent] id:7
path:449,414,413,412,411,410,409,408,407,406,405,404,403,402,401,400,399,398,397,396,395,394,393,392,392,392,392,392,392,392,392,392,392,392,392,392,392,392,392,392,392,392,
goal:392,392,392,392,392,392,392,392,392,392,392,392,392,392,392,392,392,392,392,392,392,392,392,392,392,392,392,392,392,392,392,392,392,392,392,392,392,392,392,392,392,392,
size:23
[agent] id:8
path:408,443,478,477,476,475,474,473,472,507,542,577,612,647,682,717,716,715,714,713,712,711,710,709,708,707,706,705,704,703,702,701,701,701,701,701,701,701,701,701,701,701,
goal:701,701,701,701,701,701,701,701,701,701,701,701,701,701,701,701,701,701,701,701,701,701,701,701,701,701,701,701,701,701,701,701,701,701,701,701,701,701,701,701,701,701,
size:31
[agent] id:9
path:585,550,551,552,553,518,483,448,413,378,343,344,345,346,346,346,346,346,346,346,346,346,346,346,346,346,346,346,346,346,346,346,346,346,346,346,346,346,346,346,346,346,
goal:346,346,346,346,346,346,346,346,346,346,346,346,346,346,346,346,346,346,346,346,346,346,346,346,346,346,346,346,346,346,346,346,346,346,346,346,346,346,346,346,346,346,
size:13
SolutionCost:232
