[setting] seed:50
[solver] type:ECBS
[solver] w:2.000000
[solver] ID:0
[solver] Lowlevelnode:3475
[solver] ConflictCount:9
[solver] solved:1
[solver] elapsed:27
[solver] makespan:41
[problem] timesteplimit:10000
[problem] type:MAPF
[problem] agentnum:30
[graph] width:35
[graph] height:21
[graph] filename:./map/warehouse_middle.map
[task] id:28,start:0,end:0,service time:0,nodes:197,
[task] id:19,start:0,end:0,service time:0,nodes:429,
[task] id:12,start:0,end:0,service time:0,nodes:599,
[task] id:13,start:0,end:0,service time:0,nodes:530,
[task] id:26,start:0,end:0,service time:0,nodes:438,
[task] id:10,start:0,end:0,service time:0,nodes:48,
[task] id:4,start:0,end:0,service time:0,nodes:337,
[task] id:0,start:0,end:0,service time:0,nodes:117,
[task] id:8,start:0,end:0,service time:0,nodes:324,
[task] id:16,start:0,end:0,service time:0,nodes:379,
[task] id:3,start:0,end:0,service time:0,nodes:585,
[task] id:22,start:0,end:0,service time:0,nodes:412,
[task] id:5,start:0,end:0,service time:0,nodes:72,
[task] id:24,start:0,end:0,service time:0,nodes:74,
[task] id:6,start:0,end:0,service time:0,nodes:607,
[task] id:11,start:0,end:0,service time:0,nodes:159,
[task] id:20,start:0,end:0,service time:0,nodes:158,
[task] id:1,start:0,end:0,service time:0,nodes:263,
[task] id:25,start:0,end:0,service time:0,nodes:254,
[task] id:27,start:0,end:0,service time:0,nodes:424,
[task] id:29,start:0,end:0,service time:0,nodes:45,
[task] id:2,start:0,end:0,service time:0,nodes:720,
[task] id:14,start:0,end:0,service time:0,nodes:703,
[task] id:23,start:0,end:0,service time:0,nodes:474,
[task] id:15,start:0,end:0,service time:0,nodes:76,
[task] id:7,start:0,end:0,service time:0,nodes:449,
[task] id:17,start:0,end:0,service time:0,nodes:592,
[task] id:21,start:0,end:0,service time:0,nodes:211,
[task] id:18,start:0,end:0,service time:0,nodes:669,
[task] id:9,start:0,end:0,service time:0,nodes:661,
[agent] id:0
path:20,55,54,53,52,87,122,121,120,119,118,117,117,117,117,117,117,117,117,117,117,117,117,117,117,117,117,117,117,117,117,117,117,117,117,117,117,117,117,117,117,117,
goal:117,117,117,117,117,117,117,117,117,117,117,117,117,117,117,117,117,117,117,117,117,117,117,117,117,117,117,117,117,117,117,117,117,117,117,117,117,117,117,117,117,117,
size:11
[agent] id:1
path:353,318,283,284,285,286,287,288,289,290,291,292,293,294,259,260,261,262,263,263,263,263,263,263,263,263,263,263,263,263,263,263,263,263,263,263,263,263,263,263,263,263,
goal:263,263,263,263,263,263,263,263,263,263,263,263,263,263,263,263,263,263,263,263,263,263,263,263,263,263,263,263,263,263,263,263,263,263,263,263,263,263,263,263,263,263,
size:18
[agent] id:2
path:418,453,488,523,558,593,628,663,698,733,732,731,730,729,728,727,726,725,724,723,722,721,720,720,720,720,720,720,720,720,720,720,720,720,720,720,720,720,720,720,720,720,
goal:720,720,720,720,720,720,720,720,720,720,720,720,720,720,720,720,720,720,720,720,720,720,720,720,720,720,720,720,720,720,720,720,720,720,720,720,720,720,720,720,720,720,
size:22
[agent] id:3
path:402,437,472,507,542,577,578,579,580,581,582,583,584,585,585,585,585,585,585,585,585,585,585,585,585,585,585,585,585,585,585,585,585,585,585,585,585,585,585,585,585,585,
goal:585,585,585,585,585,585,585,585,585,585,585,585,585,585,585,585,585,585,585,585,585,585,585,585,585,585,585,585,585,585,585,585,585,585,585,585,585,585,585,585,585,585,
size:13
[agent] id:4
path:381,346,345,344,343,342,341,340,339,338,337,337,337,337,337,337,337,337,337,337,337,337,337,337,337,337,337,337,337,337,337,337,337,337,337,337,337,337,337,337,337,337,
goal:337,337,337,337,337,337,337,337,337,337,337,337,337,337,337,337,337,337,337,337,337,337,337,337,337,337,337,337,337,337,337,337,337,337,337,337,337,337,337,337,337,337,
size:10
[agent] id:5
path:121,120,119,118,117,116,115,114,113,112,111,76,75,74,73,72,72,72,72,72,72,72,72,72,72,72,72,72,72,72,72,72,72,72,72,72,72,72,72,72,72,72,
goal:72,72,72,72,72,72,72,72,72,72,72,72,72,72,72,72,72,72,72,72,72,72,72,72,72,72,72,72,72,72,72,72,72,72,72,72,72,72,72,72,72,72,
size:15
[agent] id:6
path:287,322,321,356,391,426,461,496,531,566,601,602,603,604,605,606,607,607,607,607,607,607,607,607,607,607,607,607,607,607,607,607,607,607,607,607,607,607,607,607,607,607,
goal:607,607,607,607,607,607,607,607,607,607,607,607,607,607,607,607,607,607,607,607,607,607,607,607,607,607,607,607,607,607,607,607,607,607,607,607,607,607,607,607,607,607,
size:16
[agent] id:7
path:49,50,51,52,87,122,157,192,227,262,297,298,299,300,301,302,303,338,339,340,341,342,343,378,413,448,449,449,449,449,449,449,449,449,449,449,449,449,449,449,449,449,
goal:449,449,449,449,449,449,449,449,449,449,449,449,449,449,449,449,449,449,449,449,449,449,449,449,449,449,449,449,449,449,449,449,449,449,449,449,449,449,449,449,449,449,
size:26
[agent] id:8
path:565,530,495,460,425,390,355,320,321,322,323,324,324,324,324,324,324,324,324,324,324,324,324,324,324,324,324,324,324,324,324,324,324,324,324,324,324,324,324,324,324,324,
goal:324,324,324,324,324,324,324,324,324,324,324,324,324,324,324,324,324,324,324,324,324,324,324,324,324,324,324,324,324,324,324,324,324,324,324,324,324,324,324,324,324,324,
size:11
[agent] id:9
path:246,281,316,351,386,421,456,491,492,493,494,495,496,531,532,567,568,569,570,571,572,573,608,609,610,611,612,613,614,615,616,617,618,619,620,621,622,623,658,659,660,661,
goal:661,661,661,661,661,661,661,661,661,661,661,661,661,661,661,661,661,661,661,661,661,661,661,661,661,661,661,661,661,661,661,661,661,661,661,661,661,661,661,661,661,661,
size:41
[agent] id:10
path:111,76,41,42,43,44,45,46,47,48,48,48,48,48,48,48,48,48,48,48,48,48,48,48,48,48,48,48,48,48,48,48,48,48,48,48,48,48,48,48,48,48,
goal:48,48,48,48,48,48,48,48,48,48,48,48,48,48,48,48,48,48,48,48,48,48,48,48,48,48,48,48,48,48,48,48,48,48,48,48,48,48,48,48,48,48,
size:9
[agent] id:11
path:399,399,400,401,402,367,332,297,297,298,263,263,262,227,192,157,158,159,159,159,159,159,159,159,159,159,159,159,159,159,159,159,159,159,159,159,159,159,159,159,159,159,
goal:159,159,159,159,159,159,159,159,159,159,159,159,159,159,159,159,159,159,159,159,159,159,159,159,159,159,159,159,159,159,159,159,159,159,159,159,159,159,159,159,159,159,
size:17
[agent] id:12
path:706,671,636,601,600,599,599,599,599,599,599,599,599,599,599,599,599,599,599,599,599,599,599,599,599,599,599,599,599,599,599,599,599,599,599,599,599,599,599,599,599,599,
goal:599,599,599,599,599,599,599,599,599,599,599,599,599,599,599,599,599,599,599,599,599,599,599,599,599,599,599,599,599,599,599,599,599,599,599,599,599,599,599,599,599,599,
size:5
[agent] id:13
path:604,569,534,533,532,531,530,530,530,530,530,530,530,530,530,530,530,530,530,530,530,530,530,530,530,530,530,530,530,530,530,530,530,530,530,530,530,530,530,530,530,530,
goal:530,530,530,530,530,530,530,530,530,530,530,530,530,530,530,530,530,530,530,530,530,530,530,530,530,530,530,530,530,530,530,530,530,530,530,530,530,530,530,530,530,530,
size:6
[agent] id:14
path:725,724,723,722,721,720,719,718,717,716,715,714,713,712,711,710,709,708,707,706,705,704,703,703,703,703,703,703,703,703,703,703,703,703,703,703,703,703,703,703,703,703,
goal:703,703,703,703,703,703,703,703,703,703,703,703,703,703,703,703,703,703,703,703,703,703,703,703,703,703,703,703,703,703,703,703,703,703,703,703,703,703,703,703,703,703,
size:22
[agent] id:15
path:63,62,61,60,59,58,57,56,55,54,53,52,51,50,49,14,13,12,11,10,9,8,43,42,41,76,76,76,76,76,76,76,76,76,76,76,76,76,76,76,76,76,
goal:76,76,76,76,76,76,76,76,76,76,76,76,76,76,76,76,76,76,76,76,76,76,76,76,76,76,76,76,76,76,76,76,76,76,76,76,76,76,76,76,76,76,
size:25
[agent] id:16
path:727,692,693,658,623,588,553,518,483,448,413,378,379,379,379,379,379,379,379,379,379,379,379,379,379,379,379,379,379,379,379,379,379,379,379,379,379,379,379,379,379,379,
goal:379,379,379,379,379,379,379,379,379,379,379,379,379,379,379,379,379,379,379,379,379,379,379,379,379,379,379,379,379,379,379,379,379,379,379,379,379,379,379,379,379,379,
size:12
[agent] id:17
path:566,567,568,569,570,571,572,573,574,575,576,577,578,579,580,581,582,583,584,619,620,621,586,587,588,589,590,591,592,592,592,592,592,592,592,592,592,592,592,592,592,592,
goal:592,592,592,592,592,592,592,592,592,592,592,592,592,592,592,592,592,592,592,592,592,592,592,592,592,592,592,592,592,592,592,592,592,592,592,592,592,592,592,592,592,592,
size:28
[agent] id:18
path:200,199,198,163,162,161,196,195,194,193,192,191,190,189,188,187,186,185,184,183,182,181,216,215,250,285,320,355,390,425,460,495,494,529,564,563,598,633,668,669,669,669,
goal:669,669,669,669,669,669,669,669,669,669,669,669,669,669,669,669,669,669,669,669,669,669,669,669,669,669,669,669,669,669,669,669,669,669,669,669,669,669,669,669,669,669,
size:39
[agent] id:19
path:461,426,427,428,429,429,429,429,429,429,429,429,429,429,429,429,429,429,429,429,429,429,429,429,429,429,429,429,429,429,429,429,429,429,429,429,429,429,429,429,429,429,
goal:429,429,429,429,429,429,429,429,429,429,429,429,429,429,429,429,429,429,429,429,429,429,429,429,429,429,429,429,429,429,429,429,429,429,429,429,429,429,429,429,429,429,
size:4
[agent] id:20
path:573,538,539,540,541,542,507,472,437,402,367,332,297,262,227,192,157,158,158,158,158,158,158,158,158,158,158,158,158,158,158,158,158,158,158,158,158,158,158,158,158,158,
goal:158,158,158,158,158,158,158,158,158,158,158,158,158,158,158,158,158,158,158,158,158,158,158,158,158,158,158,158,158,158,158,158,158,158,158,158,158,158,158,158,158,158,
size:17
[agent] id:21
path:681,680,679,678,677,676,675,674,673,672,671,636,601,566,531,496,461,426,391,356,321,286,251,216,215,214,213,212,211,211,211,211,211,211,211,211,211,211,211,211,211,211,
goal:211,211,211,211,211,211,211,211,211,211,211,211,211,211,211,211,211,211,211,211,211,211,211,211,211,211,211,211,211,211,211,211,211,211,211,211,211,211,211,211,211,211,
size:28
[agent] id:22
path:435,400,401,402,403,404,405,406,407,408,409,410,411,412,412,412,412,412,412,412,412,412,412,412,412,412,412,412,412,412,412,412,412,412,412,412,412,412,412,412,412,412,
goal:412,412,412,412,412,412,412,412,412,412,412,412,412,412,412,412,412,412,412,412,412,412,412,412,412,412,412,412,412,412,412,412,412,412,412,412,412,412,412,412,412,412,
size:13
[agent] id:23
path:667,632,597,562,527,492,457,458,459,460,461,462,463,464,465,466,467,468,469,470,471,472,473,474,474,474,474,474,474,474,474,474,474,474,474,474,474,474,474,474,474,474,
goal:474,474,474,474,474,474,474,474,474,474,474,474,474,474,474,474,474,474,474,474,474,474,474,474,474,474,474,474,474,474,474,474,474,474,474,474,474,474,474,474,474,474,
size:23
[agent] id:24
path:495,460,425,390,355,320,285,250,215,180,145,110,110,75,75,74,74,74,74,74,74,74,74,74,74,74,74,74,74,74,74,74,74,74,74,74,74,74,74,74,74,74,
goal:74,74,74,74,74,74,74,74,74,74,74,74,74,74,74,74,74,74,74,74,74,74,74,74,74,74,74,74,74,74,74,74,74,74,74,74,74,74,74,74,74,74,
size:15
[agent] id:25
path:306,271,270,269,268,267,266,265,264,263,262,261,260,259,258,257,256,255,254,254,254,254,254,254,254,254,254,254,254,254,254,254,254,254,254,254,254,254,254,254,254,254,
goal:254,254,254,254,254,254,254,254,254,254,254,254,254,254,254,254,254,254,254,254,254,254,254,254,254,254,254,254,254,254,254,254,254,254,254,254,254,254,254,254,254,254,
size:18
[agent] id:26
path:432,433,434,435,436,437,438,438,438,438,438,438,438,438,438,438,438,438,438,438,438,438,438,438,438,438,438,438,438,438,438,438,438,438,438,438,438,438,438,438,438,438,
goal:438,438,438,438,438,438,438,438,438,438,438,438,438,438,438,438,438,438,438,438,438,438,438,438,438,438,438,438,438,438,438,438,438,438,438,438,438,438,438,438,438,438,
size:6
[agent] id:27
path:716,681,680,679,678,677,676,675,674,673,672,671,636,601,566,531,496,461,426,425,424,424,424,424,424,424,424,424,424,424,424,424,424,424,424,424,424,424,424,424,424,424,
goal:424,424,424,424,424,424,424,424,424,424,424,424,424,424,424,424,424,424,424,424,424,424,424,424,424,424,424,424,424,424,424,424,424,424,424,424,424,424,424,424,424,424,
size:20
[agent] id:28
path:199,198,197,197,197,197,197,197,197,197,197,197,197,197,197,197,197,197,197,197,197,197,197,197,197,197,197,197,197,197,197,197,197,197,197,197,197,197,197,197,197,197,
goal:197,197,197,197,197,197,197,197,197,197,197,197,197,197,197,197,197,197,197,197,197,197,197,197,197,197,197,197,197,197,197,197,197,197,197,197,197,197,197,197,197,197,
size:2
[agent] id:29
path:564,529,494,459,424,389,354,319,284,249,214,179,144,109,74,39,40,41,42,43,44,45,45,45,45,45,45,45,45,45,45,45,45,45,45,45,45,45,45,45,45,45,
goal:45,45,45,45,45,45,45,45,45,45,45,45,45,45,45,45,45,45,45,45,45,45,45,45,45,45,45,45,45,45,45,45,45,45,45,45,45,45,45,45,45,45,
size:21
SolutionCost:513
