[setting] seed:49
[solver] type:ECBS
[solver] w:2.000000
[solver] ID:0
[solver] Lowlevelnode:29060
[solver] ConflictCount:16
[solver] solved:1
[solver] elapsed:170
[solver] makespan:40
[problem] timesteplimit:10000
[problem] type:MAPF
[problem] agentnum:30
[graph] width:35
[graph] height:21
[graph] filename:./map/warehouse_middle.map
[task] id:14,start:0,end:0,service time:0,nodes:611,
[task] id:20,start:0,end:0,service time:0,nodes:390,
[task] id:18,start:0,end:0,service time:0,nodes:541,
[task] id:8,start:0,end:0,service time:0,nodes:488,
[task] id:9,start:0,end:0,service time:0,nodes:479,
[task] id:22,start:0,end:0,service time:0,nodes:565,
[task] id:21,start:0,end:0,service time:0,nodes:55,
[task] id:16,start:0,end:0,service time:0,nodes:249,
[task] id:25,start:0,end:0,service time:0,nodes:179,
[task] id:6,start:0,end:0,service time:0,nodes:386,
[task] id:26,start:0,end:0,service time:0,nodes:286,
[task] id:10,start:0,end:0,service time:0,nodes:284,
[task] id:2,start:0,end:0,service time:0,nodes:613,
[task] id:7,start:0,end:0,service time:0,nodes:135,
[task] id:23,start:0,end:0,service time:0,nodes:551,
[task] id:27,start:0,end:0,service time:0,nodes:1,
[task] id:1,start:0,end:0,service time:0,nodes:172,
[task] id:3,start:0,end:0,service time:0,nodes:275,
[task] id:12,start:0,end:0,service time:0,nodes:438,
[task] id:5,start:0,end:0,service time:0,nodes:23,
[task] id:15,start:0,end:0,service time:0,nodes:491,
[task] id:0,start:0,end:0,service time:0,nodes:113,
[task] id:24,start:0,end:0,service time:0,nodes:598,
[task] id:28,start:0,end:0,service time:0,nodes:148,
[task] id:29,start:0,end:0,service time:0,nodes:379,
[task] id:11,start:0,end:0,service time:0,nodes:112,
[task] id:17,start:0,end:0,service time:0,nodes:57,
[task] id:19,start:0,end:0,service time:0,nodes:63,
[task] id:4,start:0,end:0,service time:0,nodes:35,
[task] id:13,start:0,end:0,service time:0,nodes:0,
[agent] id:0
path:203,168,167,132,131,130,129,128,127,126,125,124,123,123,122,121,120,119,118,117,116,115,114,113,113,113,113,113,113,113,113,113,113,113,113,113,113,113,113,113,113,
goal:113,113,113,113,113,113,113,113,113,113,113,113,113,113,113,113,113,113,113,113,113,113,113,113,113,113,113,113,113,113,113,113,113,113,113,113,113,113,113,113,113,
size:23
[agent] id:1
path:367,332,297,262,227,192,193,194,195,196,197,198,199,164,165,166,167,168,169,170,171,172,172,172,172,172,172,172,172,172,172,172,172,172,172,172,172,172,172,172,172,
goal:172,172,172,172,172,172,172,172,172,172,172,172,172,172,172,172,172,172,172,172,172,172,172,172,172,172,172,172,172,172,172,172,172,172,172,172,172,172,172,172,172,
size:21
[agent] id:2
path:273,308,343,378,413,448,483,518,553,588,623,622,621,620,619,618,617,616,615,614,613,613,613,613,613,613,613,613,613,613,613,613,613,613,613,613,613,613,613,613,613,
goal:613,613,613,613,613,613,613,613,613,613,613,613,613,613,613,613,613,613,613,613,613,613,613,613,613,613,613,613,613,613,613,613,613,613,613,613,613,613,613,613,613,
size:20
[agent] id:3
path:16,51,52,87,122,157,158,193,194,195,196,197,198,199,200,201,202,203,238,273,274,275,275,275,275,275,275,275,275,275,275,275,275,275,275,275,275,275,275,275,275,
goal:275,275,275,275,275,275,275,275,275,275,275,275,275,275,275,275,275,275,275,275,275,275,275,275,275,275,275,275,275,275,275,275,275,275,275,275,275,275,275,275,275,
size:21
[agent] id:4
path:449,414,379,344,309,308,307,272,271,270,269,268,267,266,265,264,263,262,227,192,191,190,189,188,187,186,185,184,183,182,147,112,111,76,41,40,39,38,37,36,35,
goal:35,35,35,35,35,35,35,35,35,35,35,35,35,35,35,35,35,35,35,35,35,35,35,35,35,35,35,35,35,35,35,35,35,35,35,35,35,35,35,35,35,
size:40
[agent] id:5
path:253,254,255,256,257,258,259,260,261,262,227,192,157,122,87,52,17,18,19,20,21,22,23,23,23,23,23,23,23,23,23,23,23,23,23,23,23,23,23,23,23,
goal:23,23,23,23,23,23,23,23,23,23,23,23,23,23,23,23,23,23,23,23,23,23,23,23,23,23,23,23,23,23,23,23,23,23,23,23,23,23,23,23,23,
size:22
[agent] id:6
path:152,187,186,185,184,183,182,181,216,215,250,285,320,355,354,389,388,387,386,386,386,386,386,386,386,386,386,386,386,386,386,386,386,386,386,386,386,386,386,386,386,
goal:386,386,386,386,386,386,386,386,386,386,386,386,386,386,386,386,386,386,386,386,386,386,386,386,386,386,386,386,386,386,386,386,386,386,386,386,386,386,386,386,386,
size:18
[agent] id:7
path:699,664,629,594,559,524,489,454,419,384,349,314,279,244,209,174,139,138,137,136,135,135,135,135,135,135,135,135,135,135,135,135,135,135,135,135,135,135,135,135,135,
goal:135,135,135,135,135,135,135,135,135,135,135,135,135,135,135,135,135,135,135,135,135,135,135,135,135,135,135,135,135,135,135,135,135,135,135,135,135,135,135,135,135,
size:20
[agent] id:8
path:137,172,207,242,277,312,347,382,417,452,487,488,488,488,488,488,488,488,488,488,488,488,488,488,488,488,488,488,488,488,488,488,488,488,488,488,488,488,488,488,488,
goal:488,488,488,488,488,488,488,488,488,488,488,488,488,488,488,488,488,488,488,488,488,488,488,488,488,488,488,488,488,488,488,488,488,488,488,488,488,488,488,488,488,
size:11
[agent] id:9
path:659,624,589,554,519,484,484,483,482,481,480,479,479,479,479,479,479,479,479,479,479,479,479,479,479,479,479,479,479,479,479,479,479,479,479,479,479,479,479,479,479,
goal:479,479,479,479,479,479,479,479,479,479,479,479,479,479,479,479,479,479,479,479,479,479,479,479,479,479,479,479,479,479,479,479,479,479,479,479,479,479,479,479,479,
size:11
[agent] id:10
path:267,302,301,300,299,298,297,296,295,294,293,292,291,290,289,288,287,286,285,284,284,284,284,284,284,284,284,284,284,284,284,284,284,284,284,284,284,284,284,284,284,
goal:284,284,284,284,284,284,284,284,284,284,284,284,284,284,284,284,284,284,284,284,284,284,284,284,284,284,284,284,284,284,284,284,284,284,284,284,284,284,284,284,284,
size:19
[agent] id:11
path:620,585,550,549,548,547,546,545,544,543,542,507,472,437,402,367,332,297,262,227,192,191,190,189,188,187,186,185,184,183,182,147,112,112,112,112,112,112,112,112,112,
goal:112,112,112,112,112,112,112,112,112,112,112,112,112,112,112,112,112,112,112,112,112,112,112,112,112,112,112,112,112,112,112,112,112,112,112,112,112,112,112,112,112,
size:32
[agent] id:12
path:63,98,133,168,203,238,273,308,343,378,413,448,447,446,445,444,443,442,441,440,439,438,438,438,438,438,438,438,438,438,438,438,438,438,438,438,438,438,438,438,438,
goal:438,438,438,438,438,438,438,438,438,438,438,438,438,438,438,438,438,438,438,438,438,438,438,438,438,438,438,438,438,438,438,438,438,438,438,438,438,438,438,438,438,
size:21
[agent] id:13
path:278,277,276,275,274,273,272,271,270,269,268,267,266,265,264,263,262,227,192,191,190,189,188,187,186,185,184,183,182,147,112,111,76,41,40,39,38,37,36,35,0,
goal:0,0,0,0,0,0,0,0,0,0,0,0,0,0,0,0,0,0,0,0,0,0,0,0,0,0,0,0,0,0,0,0,0,0,0,0,0,0,0,0,0,
size:40
[agent] id:14
path:647,612,611,611,611,611,611,611,611,611,611,611,611,611,611,611,611,611,611,611,611,611,611,611,611,611,611,611,611,611,611,611,611,611,611,611,611,611,611,611,611,
goal:611,611,611,611,611,611,611,611,611,611,611,611,611,611,611,611,611,611,611,611,611,611,611,611,611,611,611,611,611,611,611,611,611,611,611,611,611,611,611,611,611,
size:2
[agent] id:15
path:260,259,294,329,328,327,326,325,324,323,322,322,321,356,355,354,389,424,459,494,493,492,491,491,491,491,491,491,491,491,491,491,491,491,491,491,491,491,491,491,491,
goal:491,491,491,491,491,491,491,491,491,491,491,491,491,491,491,491,491,491,491,491,491,491,491,491,491,491,491,491,491,491,491,491,491,491,491,491,491,491,491,491,491,
size:22
[agent] id:16
path:330,329,328,293,292,257,256,255,254,253,252,251,250,249,249,249,249,249,249,249,249,249,249,249,249,249,249,249,249,249,249,249,249,249,249,249,249,249,249,249,249,
goal:249,249,249,249,249,249,249,249,249,249,249,249,249,249,249,249,249,249,249,249,249,249,249,249,249,249,249,249,249,249,249,249,249,249,249,249,249,249,249,249,249,
size:13
[agent] id:17
path:574,575,540,541,542,507,542,541,541,576,577,542,507,472,437,402,367,332,297,262,227,192,157,122,87,52,53,54,19,20,21,56,57,57,57,57,57,57,57,57,57,
goal:57,57,57,57,57,57,57,57,57,57,57,57,57,57,57,57,57,57,57,57,57,57,57,57,57,57,57,57,57,57,57,57,57,57,57,57,57,57,57,57,57,
size:32
[agent] id:18
path:584,549,548,547,546,545,544,543,542,541,541,541,541,541,541,541,541,541,541,541,541,541,541,541,541,541,541,541,541,541,541,541,541,541,541,541,541,541,541,541,541,
goal:541,541,541,541,541,541,541,541,541,541,541,541,541,541,541,541,541,541,541,541,541,541,541,541,541,541,541,541,541,541,541,541,541,541,541,541,541,541,541,541,541,
size:9
[agent] id:19
path:458,423,388,353,318,283,284,285,286,287,288,253,254,255,256,257,258,259,260,261,262,227,192,157,122,123,124,125,126,127,128,129,130,131,132,133,98,63,63,63,63,
goal:63,63,63,63,63,63,63,63,63,63,63,63,63,63,63,63,63,63,63,63,63,63,63,63,63,63,63,63,63,63,63,63,63,63,63,63,63,63,63,63,63,
size:37
[agent] id:20
path:398,397,396,395,394,393,392,391,390,390,390,390,390,390,390,390,390,390,390,390,390,390,390,390,390,390,390,390,390,390,390,390,390,390,390,390,390,390,390,390,390,
goal:390,390,390,390,390,390,390,390,390,390,390,390,390,390,390,390,390,390,390,390,390,390,390,390,390,390,390,390,390,390,390,390,390,390,390,390,390,390,390,390,390,
size:8
[agent] id:21
path:151,116,117,118,119,120,121,122,87,52,53,54,55,55,55,55,55,55,55,55,55,55,55,55,55,55,55,55,55,55,55,55,55,55,55,55,55,55,55,55,55,
goal:55,55,55,55,55,55,55,55,55,55,55,55,55,55,55,55,55,55,55,55,55,55,55,55,55,55,55,55,55,55,55,55,55,55,55,55,55,55,55,55,55,
size:12
[agent] id:22
path:316,351,386,421,456,491,526,561,562,563,564,565,565,565,565,565,565,565,565,565,565,565,565,565,565,565,565,565,565,565,565,565,565,565,565,565,565,565,565,565,565,
goal:565,565,565,565,565,565,565,565,565,565,565,565,565,565,565,565,565,565,565,565,565,565,565,565,565,565,565,565,565,565,565,565,565,565,565,565,565,565,565,565,565,
size:11
[agent] id:23
path:195,196,197,198,199,200,201,202,203,238,273,308,343,378,413,448,483,518,553,552,551,551,551,551,551,551,551,551,551,551,551,551,551,551,551,551,551,551,551,551,551,
goal:551,551,551,551,551,551,551,551,551,551,551,551,551,551,551,551,551,551,551,551,551,551,551,551,551,551,551,551,551,551,551,551,551,551,551,551,551,551,551,551,551,
size:20
[agent] id:24
path:405,440,475,474,473,472,471,470,469,468,467,466,465,464,463,462,461,496,531,566,601,600,599,598,598,598,598,598,598,598,598,598,598,598,598,598,598,598,598,598,598,
goal:598,598,598,598,598,598,598,598,598,598,598,598,598,598,598,598,598,598,598,598,598,598,598,598,598,598,598,598,598,598,598,598,598,598,598,598,598,598,598,598,598,
size:23
[agent] id:25
path:634,599,564,529,494,459,424,389,354,319,284,249,214,179,179,179,179,179,179,179,179,179,179,179,179,179,179,179,179,179,179,179,179,179,179,179,179,179,179,179,179,
goal:179,179,179,179,179,179,179,179,179,179,179,179,179,179,179,179,179,179,179,179,179,179,179,179,179,179,179,179,179,179,179,179,179,179,179,179,179,179,179,179,179,
size:13
[agent] id:26
path:541,540,539,538,537,536,535,534,533,532,531,496,461,426,391,356,321,321,286,286,286,286,286,286,286,286,286,286,286,286,286,286,286,286,286,286,286,286,286,286,286,
goal:286,286,286,286,286,286,286,286,286,286,286,286,286,286,286,286,286,286,286,286,286,286,286,286,286,286,286,286,286,286,286,286,286,286,286,286,286,286,286,286,286,
size:18
[agent] id:27
path:395,394,393,392,391,356,321,286,251,216,181,146,111,76,41,6,5,4,3,2,1,1,1,1,1,1,1,1,1,1,1,1,1,1,1,1,1,1,1,1,1,
goal:1,1,1,1,1,1,1,1,1,1,1,1,1,1,1,1,1,1,1,1,1,1,1,1,1,1,1,1,1,1,1,1,1,1,1,1,1,1,1,1,1,
size:20
[agent] id:28
path:244,209,174,173,172,171,170,169,168,167,166,165,164,163,162,161,160,159,158,157,156,155,154,153,152,151,150,149,148,148,148,148,148,148,148,148,148,148,148,148,148,
goal:148,148,148,148,148,148,148,148,148,148,148,148,148,148,148,148,148,148,148,148,148,148,148,148,148,148,148,148,148,148,148,148,148,148,148,148,148,148,148,148,148,
size:28
[agent] id:29
path:636,601,566,531,496,461,426,427,392,393,394,395,396,397,398,399,400,401,402,403,404,405,406,407,408,409,410,411,412,413,378,379,379,379,379,379,379,379,379,379,379,
goal:379,379,379,379,379,379,379,379,379,379,379,379,379,379,379,379,379,379,379,379,379,379,379,379,379,379,379,379,379,379,379,379,379,379,379,379,379,379,379,379,379,
size:31
SolutionCost:618
