[setting] seed:58
[solver] type:ECBS
[solver] w:2.000000
[solver] ID:0
[solver] Lowlevelnode:7630
[solver] ConflictCount:13
[solver] solved:1
[solver] elapsed:55
[solver] makespan:45
[problem] timesteplimit:10000
[problem] type:MAPF
[problem] agentnum:30
[graph] width:35
[graph] height:21
[graph] filename:./map/warehouse_middle.map
[task] id:25,start:0,end:0,service time:0,nodes:324,
[task] id:21,start:0,end:0,service time:0,nodes:319,
[task] id:27,start:0,end:0,service time:0,nodes:518,
[task] id:13,start:0,end:0,service time:0,nodes:43,
[task] id:20,start:0,end:0,service time:0,nodes:447,
[task] id:19,start:0,end:0,service time:0,nodes:668,
[task] id:0,start:0,end:0,service time:0,nodes:689,
[task] id:10,start:0,end:0,service time:0,nodes:467,
[task] id:9,start:0,end:0,service time:0,nodes:340,
[task] id:6,start:0,end:0,service time:0,nodes:724,
[task] id:16,start:0,end:0,service time:0,nodes:193,
[task] id:2,start:0,end:0,service time:0,nodes:619,
[task] id:11,start:0,end:0,service time:0,nodes:488,
[task] id:3,start:0,end:0,service time:0,nodes:397,
[task] id:22,start:0,end:0,service time:0,nodes:453,
[task] id:7,start:0,end:0,service time:0,nodes:536,
[task] id:8,start:0,end:0,service time:0,nodes:307,
[task] id:1,start:0,end:0,service time:0,nodes:76,
[task] id:14,start:0,end:0,service time:0,nodes:292,
[task] id:28,start:0,end:0,service time:0,nodes:691,
[task] id:26,start:0,end:0,service time:0,nodes:606,
[task] id:4,start:0,end:0,service time:0,nodes:599,
[task] id:24,start:0,end:0,service time:0,nodes:27,
[task] id:29,start:0,end:0,service time:0,nodes:729,
[task] id:15,start:0,end:0,service time:0,nodes:455,
[task] id:5,start:0,end:0,service time:0,nodes:266,
[task] id:12,start:0,end:0,service time:0,nodes:719,
[task] id:17,start:0,end:0,service time:0,nodes:103,
[task] id:18,start:0,end:0,service time:0,nodes:290,
[task] id:23,start:0,end:0,service time:0,nodes:558,
[agent] id:0
path:447,482,483,518,553,588,623,658,693,692,691,690,689,689,689,689,689,689,689,689,689,689,689,689,689,689,689,689,689,689,689,689,689,689,689,689,689,689,689,689,689,689,689,689,689,689,
goal:689,689,689,689,689,689,689,689,689,689,689,689,689,689,689,689,689,689,689,689,689,689,689,689,689,689,689,689,689,689,689,689,689,689,689,689,689,689,689,689,689,689,689,689,689,689,
size:12
[agent] id:1
path:204,169,134,133,132,131,130,129,128,127,126,125,124,123,122,121,120,119,118,117,116,115,114,113,112,111,76,76,76,76,76,76,76,76,76,76,76,76,76,76,76,76,76,76,76,76,
goal:76,76,76,76,76,76,76,76,76,76,76,76,76,76,76,76,76,76,76,76,76,76,76,76,76,76,76,76,76,76,76,76,76,76,76,76,76,76,76,76,76,76,76,76,76,76,
size:26
[agent] id:2
path:300,335,334,333,332,367,402,437,472,507,542,577,612,613,614,615,616,617,618,619,619,619,619,619,619,619,619,619,619,619,619,619,619,619,619,619,619,619,619,619,619,619,619,619,619,619,
goal:619,619,619,619,619,619,619,619,619,619,619,619,619,619,619,619,619,619,619,619,619,619,619,619,619,619,619,619,619,619,619,619,619,619,619,619,619,619,619,619,619,619,619,619,619,619,
size:19
[agent] id:3
path:124,159,158,193,192,227,262,261,296,331,332,333,333,332,367,402,401,400,399,398,397,397,397,397,397,397,397,397,397,397,397,397,397,397,397,397,397,397,397,397,397,397,397,397,397,397,
goal:397,397,397,397,397,397,397,397,397,397,397,397,397,397,397,397,397,397,397,397,397,397,397,397,397,397,397,397,397,397,397,397,397,397,397,397,397,397,397,397,397,397,397,397,397,397,
size:20
[agent] id:4
path:303,302,301,300,299,298,263,262,261,260,259,258,257,292,291,290,289,288,323,322,321,356,391,426,461,496,531,566,601,600,599,599,599,599,599,599,599,599,599,599,599,599,599,599,599,599,
goal:599,599,599,599,599,599,599,599,599,599,599,599,599,599,599,599,599,599,599,599,599,599,599,599,599,599,599,599,599,599,599,599,599,599,599,599,599,599,599,599,599,599,599,599,599,599,
size:30
[agent] id:5
path:666,631,596,561,526,491,456,421,386,351,316,281,246,247,248,249,250,251,252,253,254,255,256,257,258,259,260,261,262,263,264,265,266,266,266,266,266,266,266,266,266,266,266,266,266,266,
goal:266,266,266,266,266,266,266,266,266,266,266,266,266,266,266,266,266,266,266,266,266,266,266,266,266,266,266,266,266,266,266,266,266,266,266,266,266,266,266,266,266,266,266,266,266,266,
size:32
[agent] id:6
path:674,709,710,711,712,713,714,715,716,717,718,719,720,721,722,723,724,724,724,724,724,724,724,724,724,724,724,724,724,724,724,724,724,724,724,724,724,724,724,724,724,724,724,724,724,724,
goal:724,724,724,724,724,724,724,724,724,724,724,724,724,724,724,724,724,724,724,724,724,724,724,724,724,724,724,724,724,724,724,724,724,724,724,724,724,724,724,724,724,724,724,724,724,724,
size:16
[agent] id:7
path:117,152,151,150,149,148,147,182,181,216,251,286,321,356,391,426,461,496,496,531,532,533,534,535,536,536,536,536,536,536,536,536,536,536,536,536,536,536,536,536,536,536,536,536,536,536,
goal:536,536,536,536,536,536,536,536,536,536,536,536,536,536,536,536,536,536,536,536,536,536,536,536,536,536,536,536,536,536,536,536,536,536,536,536,536,536,536,536,536,536,536,536,536,536,
size:24
[agent] id:8
path:318,283,284,285,286,287,288,289,290,291,292,293,294,295,296,297,298,299,300,301,302,303,304,305,306,307,307,307,307,307,307,307,307,307,307,307,307,307,307,307,307,307,307,307,307,307,
goal:307,307,307,307,307,307,307,307,307,307,307,307,307,307,307,307,307,307,307,307,307,307,307,307,307,307,307,307,307,307,307,307,307,307,307,307,307,307,307,307,307,307,307,307,307,307,
size:25
[agent] id:9
path:123,158,193,192,227,262,297,332,333,334,335,336,337,338,339,340,340,340,340,340,340,340,340,340,340,340,340,340,340,340,340,340,340,340,340,340,340,340,340,340,340,340,340,340,340,340,
goal:340,340,340,340,340,340,340,340,340,340,340,340,340,340,340,340,340,340,340,340,340,340,340,340,340,340,340,340,340,340,340,340,340,340,340,340,340,340,340,340,340,340,340,340,340,340,
size:15
[agent] id:10
path:673,672,671,636,601,566,531,496,461,462,463,464,465,466,467,467,467,467,467,467,467,467,467,467,467,467,467,467,467,467,467,467,467,467,467,467,467,467,467,467,467,467,467,467,467,467,
goal:467,467,467,467,467,467,467,467,467,467,467,467,467,467,467,467,467,467,467,467,467,467,467,467,467,467,467,467,467,467,467,467,467,467,467,467,467,467,467,467,467,467,467,467,467,467,
size:14
[agent] id:11
path:435,470,471,472,473,474,475,476,477,478,479,480,481,482,483,484,485,486,487,488,488,488,488,488,488,488,488,488,488,488,488,488,488,488,488,488,488,488,488,488,488,488,488,488,488,488,
goal:488,488,488,488,488,488,488,488,488,488,488,488,488,488,488,488,488,488,488,488,488,488,488,488,488,488,488,488,488,488,488,488,488,488,488,488,488,488,488,488,488,488,488,488,488,488,
size:19
[agent] id:12
path:101,136,171,206,241,276,311,346,381,416,451,486,521,556,591,590,589,588,587,586,585,584,583,618,617,616,615,614,613,612,647,682,717,718,719,719,719,719,719,719,719,719,719,719,719,719,
goal:719,719,719,719,719,719,719,719,719,719,719,719,719,719,719,719,719,719,719,719,719,719,719,719,719,719,719,719,719,719,719,719,719,719,719,719,719,719,719,719,719,719,719,719,719,719,
size:34
[agent] id:13
path:185,150,115,114,113,112,111,76,41,42,43,43,43,43,43,43,43,43,43,43,43,43,43,43,43,43,43,43,43,43,43,43,43,43,43,43,43,43,43,43,43,43,43,43,43,43,
goal:43,43,43,43,43,43,43,43,43,43,43,43,43,43,43,43,43,43,43,43,43,43,43,43,43,43,43,43,43,43,43,43,43,43,43,43,43,43,43,43,43,43,43,43,43,43,
size:10
[agent] id:14
path:588,553,518,519,484,449,414,413,412,411,410,409,408,407,406,405,404,403,402,367,332,297,296,295,294,293,292,292,292,292,292,292,292,292,292,292,292,292,292,292,292,292,292,292,292,292,
goal:292,292,292,292,292,292,292,292,292,292,292,292,292,292,292,292,292,292,292,292,292,292,292,292,292,292,292,292,292,292,292,292,292,292,292,292,292,292,292,292,292,292,292,292,292,292,
size:26
[agent] id:15
path:518,483,448,447,446,445,444,443,442,441,440,439,438,437,436,435,434,433,432,431,466,465,464,463,462,461,460,459,458,457,456,455,455,455,455,455,455,455,455,455,455,455,455,455,455,455,
goal:455,455,455,455,455,455,455,455,455,455,455,455,455,455,455,455,455,455,455,455,455,455,455,455,455,455,455,455,455,455,455,455,455,455,455,455,455,455,455,455,455,455,455,455,455,455,
size:31
[agent] id:16
path:248,213,178,179,180,181,182,183,184,185,186,187,188,189,190,191,192,193,193,193,193,193,193,193,193,193,193,193,193,193,193,193,193,193,193,193,193,193,193,193,193,193,193,193,193,193,
goal:193,193,193,193,193,193,193,193,193,193,193,193,193,193,193,193,193,193,193,193,193,193,193,193,193,193,193,193,193,193,193,193,193,193,193,193,193,193,193,193,193,193,193,193,193,193,
size:17
[agent] id:17
path:393,394,395,396,397,398,399,400,401,402,367,332,297,262,227,192,157,122,123,124,125,126,127,128,129,130,131,132,133,98,99,100,101,102,103,103,103,103,103,103,103,103,103,103,103,103,
goal:103,103,103,103,103,103,103,103,103,103,103,103,103,103,103,103,103,103,103,103,103,103,103,103,103,103,103,103,103,103,103,103,103,103,103,103,103,103,103,103,103,103,103,103,103,103,
size:34
[agent] id:18
path:734,699,664,629,594,559,558,557,556,555,554,553,552,551,550,549,548,547,546,545,544,543,542,507,472,437,402,367,332,331,330,329,328,327,326,291,290,290,290,290,290,290,290,290,290,290,
goal:290,290,290,290,290,290,290,290,290,290,290,290,290,290,290,290,290,290,290,290,290,290,290,290,290,290,290,290,290,290,290,290,290,290,290,290,290,290,290,290,290,290,290,290,290,290,
size:36
[agent] id:19
path:427,462,461,496,531,530,565,600,635,670,669,668,668,668,668,668,668,668,668,668,668,668,668,668,668,668,668,668,668,668,668,668,668,668,668,668,668,668,668,668,668,668,668,668,668,668,
goal:668,668,668,668,668,668,668,668,668,668,668,668,668,668,668,668,668,668,668,668,668,668,668,668,668,668,668,668,668,668,668,668,668,668,668,668,668,668,668,668,668,668,668,668,668,668,
size:11
[agent] id:20
path:349,384,419,454,453,452,451,450,449,448,447,447,447,447,447,447,447,447,447,447,447,447,447,447,447,447,447,447,447,447,447,447,447,447,447,447,447,447,447,447,447,447,447,447,447,447,
goal:447,447,447,447,447,447,447,447,447,447,447,447,447,447,447,447,447,447,447,447,447,447,447,447,447,447,447,447,447,447,447,447,447,447,447,447,447,447,447,447,447,447,447,447,447,447,
size:10
[agent] id:21
path:316,317,318,319,319,319,319,319,319,319,319,319,319,319,319,319,319,319,319,319,319,319,319,319,319,319,319,319,319,319,319,319,319,319,319,319,319,319,319,319,319,319,319,319,319,319,
goal:319,319,319,319,319,319,319,319,319,319,319,319,319,319,319,319,319,319,319,319,319,319,319,319,319,319,319,319,319,319,319,319,319,319,319,319,319,319,319,319,319,319,319,319,319,319,
size:3
[agent] id:22
path:158,193,194,195,196,197,198,199,200,201,202,203,238,273,308,343,378,413,448,449,450,451,452,453,453,453,453,453,453,453,453,453,453,453,453,453,453,453,453,453,453,453,453,453,453,453,
goal:453,453,453,453,453,453,453,453,453,453,453,453,453,453,453,453,453,453,453,453,453,453,453,453,453,453,453,453,453,453,453,453,453,453,453,453,453,453,453,453,453,453,453,453,453,453,
size:23
[agent] id:23
path:105,140,175,210,245,280,315,350,385,420,455,490,525,526,527,528,529,530,531,532,533,534,535,536,537,538,539,540,541,542,543,544,545,546,547,548,549,550,551,552,553,554,555,556,557,558,
goal:558,558,558,558,558,558,558,558,558,558,558,558,558,558,558,558,558,558,558,558,558,558,558,558,558,558,558,558,558,558,558,558,558,558,558,558,558,558,558,558,558,558,558,558,558,558,
size:45
[agent] id:24
path:399,400,401,402,403,404,405,406,407,408,409,444,409,410,411,412,413,414,379,344,309,274,239,204,169,134,99,64,29,28,27,27,27,27,27,27,27,27,27,27,27,27,27,27,27,27,
goal:27,27,27,27,27,27,27,27,27,27,27,27,27,27,27,27,27,27,27,27,27,27,27,27,27,27,27,27,27,27,27,27,27,27,27,27,27,27,27,27,27,27,27,27,27,27,
size:30
[agent] id:25
path:322,323,324,324,324,324,324,324,324,324,324,324,324,324,324,324,324,324,324,324,324,324,324,324,324,324,324,324,324,324,324,324,324,324,324,324,324,324,324,324,324,324,324,324,324,324,
goal:324,324,324,324,324,324,324,324,324,324,324,324,324,324,324,324,324,324,324,324,324,324,324,324,324,324,324,324,324,324,324,324,324,324,324,324,324,324,324,324,324,324,324,324,324,324,
size:2
[agent] id:26
path:14,49,50,51,52,87,122,157,192,227,262,297,296,331,332,367,402,437,472,507,542,577,612,611,610,609,608,607,606,606,606,606,606,606,606,606,606,606,606,606,606,606,606,606,606,606,
goal:606,606,606,606,606,606,606,606,606,606,606,606,606,606,606,606,606,606,606,606,606,606,606,606,606,606,606,606,606,606,606,606,606,606,606,606,606,606,606,606,606,606,606,606,606,606,
size:28
[agent] id:27
path:489,524,523,522,521,520,519,518,518,518,518,518,518,518,518,518,518,518,518,518,518,518,518,518,518,518,518,518,518,518,518,518,518,518,518,518,518,518,518,518,518,518,518,518,518,518,
goal:518,518,518,518,518,518,518,518,518,518,518,518,518,518,518,518,518,518,518,518,518,518,518,518,518,518,518,518,518,518,518,518,518,518,518,518,518,518,518,518,518,518,518,518,518,518,
size:7
[agent] id:28
path:465,466,467,468,469,470,471,472,507,542,577,612,613,614,615,616,617,618,619,620,621,622,623,658,693,692,691,691,691,691,691,691,691,691,691,691,691,691,691,691,691,691,691,691,691,691,
goal:691,691,691,691,691,691,691,691,691,691,691,691,691,691,691,691,691,691,691,691,691,691,691,691,691,691,691,691,691,691,691,691,691,691,691,691,691,691,691,691,691,691,691,691,691,691,
size:26
[agent] id:29
path:53,54,55,56,57,58,59,60,61,62,63,98,133,168,203,238,273,308,343,378,413,448,483,484,519,554,589,624,659,694,729,729,729,729,729,729,729,729,729,729,729,729,729,729,729,729,
goal:729,729,729,729,729,729,729,729,729,729,729,729,729,729,729,729,729,729,729,729,729,729,729,729,729,729,729,729,729,729,729,729,729,729,729,729,729,729,729,729,729,729,729,729,729,729,
size:30
SolutionCost:655
