[setting] seed:81
[solver] type:ECBS
[solver] w:2.000000
[solver] ID:0
[solver] Lowlevelnode:8986
[solver] ConflictCount:12
[solver] solved:1
[solver] elapsed:92
[solver] makespan:34
[problem] timesteplimit:10000
[problem] type:MAPF
[problem] agentnum:30
[graph] width:35
[graph] height:21
[graph] filename:./map/warehouse_middle.map
[task] id:28,start:0,end:0,service time:0,nodes:414,
[task] id:7,start:0,end:0,service time:0,nodes:438,
[task] id:13,start:0,end:0,service time:0,nodes:495,
[task] id:29,start:0,end:0,service time:0,nodes:180,
[task] id:0,start:0,end:0,service time:0,nodes:31,
[task] id:23,start:0,end:0,service time:0,nodes:205,
[task] id:27,start:0,end:0,service time:0,nodes:466,
[task] id:5,start:0,end:0,service time:0,nodes:542,
[task] id:15,start:0,end:0,service time:0,nodes:115,
[task] id:25,start:0,end:0,service time:0,nodes:195,
[task] id:6,start:0,end:0,service time:0,nodes:178,
[task] id:10,start:0,end:0,service time:0,nodes:134,
[task] id:22,start:0,end:0,service time:0,nodes:45,
[task] id:3,start:0,end:0,service time:0,nodes:63,
[task] id:11,start:0,end:0,service time:0,nodes:266,
[task] id:1,start:0,end:0,service time:0,nodes:272,
[task] id:4,start:0,end:0,service time:0,nodes:383,
[task] id:18,start:0,end:0,service time:0,nodes:622,
[task] id:26,start:0,end:0,service time:0,nodes:539,
[task] id:2,start:0,end:0,service time:0,nodes:424,
[task] id:14,start:0,end:0,service time:0,nodes:295,
[task] id:19,start:0,end:0,service time:0,nodes:395,
[task] id:24,start:0,end:0,service time:0,nodes:538,
[task] id:16,start:0,end:0,service time:0,nodes:168,
[task] id:21,start:0,end:0,service time:0,nodes:311,
[task] id:20,start:0,end:0,service time:0,nodes:664,
[task] id:17,start:0,end:0,service time:0,nodes:291,
[task] id:8,start:0,end:0,service time:0,nodes:175,
[task] id:9,start:0,end:0,service time:0,nodes:162,
[task] id:12,start:0,end:0,service time:0,nodes:523,
[agent] id:0
path:139,104,69,34,33,32,31,31,31,31,31,31,31,31,31,31,31,31,31,31,31,31,31,31,31,31,31,31,31,31,31,31,31,31,31,
goal:31,31,31,31,31,31,31,31,31,31,31,31,31,31,31,31,31,31,31,31,31,31,31,31,31,31,31,31,31,31,31,31,31,31,31,
size:6
[agent] id:1
path:683,684,685,686,687,688,689,690,691,692,693,658,623,588,553,518,483,448,413,378,343,308,273,272,272,272,272,272,272,272,272,272,272,272,272,
goal:272,272,272,272,272,272,272,272,272,272,272,272,272,272,272,272,272,272,272,272,272,272,272,272,272,272,272,272,272,272,272,272,272,272,272,
size:23
[agent] id:2
path:518,483,482,481,480,479,478,477,476,475,474,473,472,437,436,435,434,433,432,431,430,429,428,427,426,425,424,424,424,424,424,424,424,424,424,
goal:424,424,424,424,424,424,424,424,424,424,424,424,424,424,424,424,424,424,424,424,424,424,424,424,424,424,424,424,424,424,424,424,424,424,424,
size:26
[agent] id:3
path:297,262,227,192,157,122,87,52,53,54,55,56,57,58,59,60,61,62,63,63,63,63,63,63,63,63,63,63,63,63,63,63,63,63,63,
goal:63,63,63,63,63,63,63,63,63,63,63,63,63,63,63,63,63,63,63,63,63,63,63,63,63,63,63,63,63,63,63,63,63,63,63,
size:18
[agent] id:4
path:257,292,327,328,329,330,331,332,333,334,335,336,337,338,339,340,341,342,343,344,379,380,381,382,383,383,383,383,383,383,383,383,383,383,383,
goal:383,383,383,383,383,383,383,383,383,383,383,383,383,383,383,383,383,383,383,383,383,383,383,383,383,383,383,383,383,383,383,383,383,383,383,
size:24
[agent] id:5
path:554,553,552,551,550,549,548,547,546,545,544,543,542,542,542,542,542,542,542,542,542,542,542,542,542,542,542,542,542,542,542,542,542,542,542,
goal:542,542,542,542,542,542,542,542,542,542,542,542,542,542,542,542,542,542,542,542,542,542,542,542,542,542,542,542,542,542,542,542,542,542,542,
size:12
[agent] id:6
path:191,190,189,188,187,186,185,184,183,182,181,216,215,214,179,178,178,178,178,178,178,178,178,178,178,178,178,178,178,178,178,178,178,178,178,
goal:178,178,178,178,178,178,178,178,178,178,178,178,178,178,178,178,178,178,178,178,178,178,178,178,178,178,178,178,178,178,178,178,178,178,178,
size:15
[agent] id:7
path:474,439,438,438,438,438,438,438,438,438,438,438,438,438,438,438,438,438,438,438,438,438,438,438,438,438,438,438,438,438,438,438,438,438,438,
goal:438,438,438,438,438,438,438,438,438,438,438,438,438,438,438,438,438,438,438,438,438,438,438,438,438,438,438,438,438,438,438,438,438,438,438,
size:2
[agent] id:8
path:616,581,546,545,544,543,542,507,472,437,402,367,332,297,262,261,260,259,258,257,256,255,254,253,252,251,216,215,214,213,212,177,176,175,175,
goal:175,175,175,175,175,175,175,175,175,175,175,175,175,175,175,175,175,175,175,175,175,175,175,175,175,175,175,175,175,175,175,175,175,175,175,
size:33
[agent] id:9
path:604,569,534,533,532,531,496,461,426,391,392,393,394,395,396,397,398,399,400,401,436,401,402,367,332,297,262,227,192,157,158,159,160,161,162,
goal:162,162,162,162,162,162,162,162,162,162,162,162,162,162,162,162,162,162,162,162,162,162,162,162,162,162,162,162,162,162,162,162,162,162,162,
size:34
[agent] id:10
path:695,660,625,590,555,520,485,450,415,380,345,310,275,240,239,204,169,134,134,134,134,134,134,134,134,134,134,134,134,134,134,134,134,134,134,
goal:134,134,134,134,134,134,134,134,134,134,134,134,134,134,134,134,134,134,134,134,134,134,134,134,134,134,134,134,134,134,134,134,134,134,134,
size:17
[agent] id:11
path:690,691,692,693,658,623,588,553,518,483,448,413,378,343,308,273,272,271,270,269,268,267,266,266,266,266,266,266,266,266,266,266,266,266,266,
goal:266,266,266,266,266,266,266,266,266,266,266,266,266,266,266,266,266,266,266,266,266,266,266,266,266,266,266,266,266,266,266,266,266,266,266,
size:22
[agent] id:12
path:353,388,423,424,425,426,427,428,429,430,431,432,467,468,469,470,471,472,473,474,475,476,477,478,479,480,481,482,483,518,519,520,521,522,523,
goal:523,523,523,523,523,523,523,523,523,523,523,523,523,523,523,523,523,523,523,523,523,523,523,523,523,523,523,523,523,523,523,523,523,523,523,
size:34
[agent] id:13
path:528,493,494,495,495,495,495,495,495,495,495,495,495,495,495,495,495,495,495,495,495,495,495,495,495,495,495,495,495,495,495,495,495,495,495,
goal:495,495,495,495,495,495,495,495,495,495,495,495,495,495,495,495,495,495,495,495,495,495,495,495,495,495,495,495,495,495,495,495,495,495,495,
size:3
[agent] id:14
path:620,585,586,587,552,552,553,518,483,448,413,412,411,410,409,408,407,406,405,404,403,402,367,332,297,296,295,295,295,295,295,295,295,295,295,
goal:295,295,295,295,295,295,295,295,295,295,295,295,295,295,295,295,295,295,295,295,295,295,295,295,295,295,295,295,295,295,295,295,295,295,295,
size:26
[agent] id:15
path:282,247,212,177,142,107,108,109,110,111,112,113,114,115,115,115,115,115,115,115,115,115,115,115,115,115,115,115,115,115,115,115,115,115,115,
goal:115,115,115,115,115,115,115,115,115,115,115,115,115,115,115,115,115,115,115,115,115,115,115,115,115,115,115,115,115,115,115,115,115,115,115,
size:13
[agent] id:16
path:175,140,141,142,143,144,145,146,147,148,149,150,151,152,153,154,155,156,157,158,159,160,161,162,163,164,165,166,167,168,168,168,168,168,168,
goal:168,168,168,168,168,168,168,168,168,168,168,168,168,168,168,168,168,168,168,168,168,168,168,168,168,168,168,168,168,168,168,168,168,168,168,
size:29
[agent] id:17
path:629,594,559,524,489,454,453,452,451,450,449,448,413,412,411,410,409,408,407,406,405,404,403,402,367,332,331,330,329,294,293,292,291,291,291,
goal:291,291,291,291,291,291,291,291,291,291,291,291,291,291,291,291,291,291,291,291,291,291,291,291,291,291,291,291,291,291,291,291,291,291,291,
size:32
[agent] id:18
path:706,671,636,601,602,603,604,605,606,607,608,609,610,611,612,613,614,615,616,617,618,619,620,621,622,622,622,622,622,622,622,622,622,622,622,
goal:622,622,622,622,622,622,622,622,622,622,622,622,622,622,622,622,622,622,622,622,622,622,622,622,622,622,622,622,622,622,622,622,622,622,622,
size:24
[agent] id:19
path:128,163,198,197,196,195,194,193,192,192,191,192,227,262,263,298,333,332,367,402,401,400,399,398,397,396,395,395,395,395,395,395,395,395,395,
goal:395,395,395,395,395,395,395,395,395,395,395,395,395,395,395,395,395,395,395,395,395,395,395,395,395,395,395,395,395,395,395,395,395,395,395,
size:26
[agent] id:20
path:395,430,465,466,467,468,469,470,471,472,507,542,577,612,613,614,615,616,617,618,619,620,621,622,623,658,659,660,661,662,663,664,664,664,664,
goal:664,664,664,664,664,664,664,664,664,664,664,664,664,664,664,664,664,664,664,664,664,664,664,664,664,664,664,664,664,664,664,664,664,664,664,
size:31
[agent] id:21
path:281,282,283,284,285,286,287,288,289,290,291,292,293,294,295,296,297,298,299,300,301,302,303,304,305,306,307,308,309,310,311,311,311,311,311,
goal:311,311,311,311,311,311,311,311,311,311,311,311,311,311,311,311,311,311,311,311,311,311,311,311,311,311,311,311,311,311,311,311,311,311,311,
size:30
[agent] id:22
path:352,317,282,247,212,177,142,107,72,37,38,39,40,41,42,43,44,45,45,45,45,45,45,45,45,45,45,45,45,45,45,45,45,45,45,
goal:45,45,45,45,45,45,45,45,45,45,45,45,45,45,45,45,45,45,45,45,45,45,45,45,45,45,45,45,45,45,45,45,45,45,45,
size:17
[agent] id:23
path:279,244,209,208,207,206,205,205,205,205,205,205,205,205,205,205,205,205,205,205,205,205,205,205,205,205,205,205,205,205,205,205,205,205,205,
goal:205,205,205,205,205,205,205,205,205,205,205,205,205,205,205,205,205,205,205,205,205,205,205,205,205,205,205,205,205,205,205,205,205,205,205,
size:6
[agent] id:24
path:344,379,378,413,448,483,518,519,554,553,552,551,550,549,548,547,546,545,544,543,578,577,576,575,574,573,538,538,538,538,538,538,538,538,538,
goal:538,538,538,538,538,538,538,538,538,538,538,538,538,538,538,538,538,538,538,538,538,538,538,538,538,538,538,538,538,538,538,538,538,538,538,
size:26
[agent] id:25
path:398,399,400,401,402,367,332,297,262,227,192,193,194,195,195,195,195,195,195,195,195,195,195,195,195,195,195,195,195,195,195,195,195,195,195,
goal:195,195,195,195,195,195,195,195,195,195,195,195,195,195,195,195,195,195,195,195,195,195,195,195,195,195,195,195,195,195,195,195,195,195,195,
size:13
[agent] id:26
path:43,42,41,76,111,146,181,216,251,286,321,356,391,426,461,496,531,532,533,534,535,536,537,538,539,539,539,539,539,539,539,539,539,539,539,
goal:539,539,539,539,539,539,539,539,539,539,539,539,539,539,539,539,539,539,539,539,539,539,539,539,539,539,539,539,539,539,539,539,539,539,539,
size:24
[agent] id:27
path:529,494,459,460,461,462,463,464,465,466,466,466,466,466,466,466,466,466,466,466,466,466,466,466,466,466,466,466,466,466,466,466,466,466,466,
goal:466,466,466,466,466,466,466,466,466,466,466,466,466,466,466,466,466,466,466,466,466,466,466,466,466,466,466,466,466,466,466,466,466,466,466,
size:9
[agent] id:28
path:413,414,414,414,414,414,414,414,414,414,414,414,414,414,414,414,414,414,414,414,414,414,414,414,414,414,414,414,414,414,414,414,414,414,414,
goal:414,414,414,414,414,414,414,414,414,414,414,414,414,414,414,414,414,414,414,414,414,414,414,414,414,414,414,414,414,414,414,414,414,414,414,
size:1
[agent] id:29
path:286,251,216,181,180,180,180,180,180,180,180,180,180,180,180,180,180,180,180,180,180,180,180,180,180,180,180,180,180,180,180,180,180,180,180,
goal:180,180,180,180,180,180,180,180,180,180,180,180,180,180,180,180,180,180,180,180,180,180,180,180,180,180,180,180,180,180,180,180,180,180,180,
size:4
SolutionCost:580
