[setting] seed:39
[solver] type:ECBS
[solver] w:2.000000
[solver] ID:0
[solver] Lowlevelnode:3821
[solver] ConflictCount:10
[solver] solved:1
[solver] elapsed:27
[solver] makespan:44
[problem] timesteplimit:10000
[problem] type:MAPF
[problem] agentnum:30
[graph] width:35
[graph] height:21
[graph] filename:./map/warehouse_middle.map
[task] id:2,start:0,end:0,service time:0,nodes:68,
[task] id:7,start:0,end:0,service time:0,nodes:34,
[task] id:20,start:0,end:0,service time:0,nodes:130,
[task] id:14,start:0,end:0,service time:0,nodes:309,
[task] id:19,start:0,end:0,service time:0,nodes:534,
[task] id:0,start:0,end:0,service time:0,nodes:662,
[task] id:17,start:0,end:0,service time:0,nodes:343,
[task] id:4,start:0,end:0,service time:0,nodes:173,
[task] id:6,start:0,end:0,service time:0,nodes:323,
[task] id:9,start:0,end:0,service time:0,nodes:394,
[task] id:25,start:0,end:0,service time:0,nodes:454,
[task] id:5,start:0,end:0,service time:0,nodes:546,
[task] id:16,start:0,end:0,service time:0,nodes:421,
[task] id:1,start:0,end:0,service time:0,nodes:209,
[task] id:27,start:0,end:0,service time:0,nodes:689,
[task] id:11,start:0,end:0,service time:0,nodes:480,
[task] id:8,start:0,end:0,service time:0,nodes:507,
[task] id:12,start:0,end:0,service time:0,nodes:402,
[task] id:28,start:0,end:0,service time:0,nodes:408,
[task] id:18,start:0,end:0,service time:0,nodes:712,
[task] id:10,start:0,end:0,service time:0,nodes:22,
[task] id:26,start:0,end:0,service time:0,nodes:467,
[task] id:3,start:0,end:0,service time:0,nodes:558,
[task] id:13,start:0,end:0,service time:0,nodes:289,
[task] id:24,start:0,end:0,service time:0,nodes:18,
[task] id:15,start:0,end:0,service time:0,nodes:416,
[task] id:29,start:0,end:0,service time:0,nodes:249,
[task] id:21,start:0,end:0,service time:0,nodes:60,
[task] id:23,start:0,end:0,service time:0,nodes:734,
[task] id:22,start:0,end:0,service time:0,nodes:561,
[agent] id:0
path:551,586,621,622,623,658,659,660,661,662,662,662,662,662,662,662,662,662,662,662,662,662,662,662,662,662,662,662,662,662,662,662,662,662,662,662,662,662,662,662,662,662,662,662,662,
goal:662,662,662,662,662,662,662,662,662,662,662,662,662,662,662,662,662,662,662,662,662,662,662,662,662,662,662,662,662,662,662,662,662,662,662,662,662,662,662,662,662,662,662,662,662,
size:9
[agent] id:1
path:26,61,62,63,98,133,168,203,204,205,206,207,208,209,209,209,209,209,209,209,209,209,209,209,209,209,209,209,209,209,209,209,209,209,209,209,209,209,209,209,209,209,209,209,209,
goal:209,209,209,209,209,209,209,209,209,209,209,209,209,209,209,209,209,209,209,209,209,209,209,209,209,209,209,209,209,209,209,209,209,209,209,209,209,209,209,209,209,209,209,209,209,
size:13
[agent] id:2
path:173,138,103,68,68,68,68,68,68,68,68,68,68,68,68,68,68,68,68,68,68,68,68,68,68,68,68,68,68,68,68,68,68,68,68,68,68,68,68,68,68,68,68,68,68,
goal:68,68,68,68,68,68,68,68,68,68,68,68,68,68,68,68,68,68,68,68,68,68,68,68,68,68,68,68,68,68,68,68,68,68,68,68,68,68,68,68,68,68,68,68,68,
size:3
[agent] id:3
path:293,328,329,330,331,332,367,402,403,404,439,440,441,442,443,444,445,446,481,482,483,518,553,554,555,556,557,558,558,558,558,558,558,558,558,558,558,558,558,558,558,558,558,558,558,
goal:558,558,558,558,558,558,558,558,558,558,558,558,558,558,558,558,558,558,558,558,558,558,558,558,558,558,558,558,558,558,558,558,558,558,558,558,558,558,558,558,558,558,558,558,558,
size:27
[agent] id:4
path:486,451,416,381,346,311,276,241,206,171,172,173,173,173,173,173,173,173,173,173,173,173,173,173,173,173,173,173,173,173,173,173,173,173,173,173,173,173,173,173,173,173,173,173,173,
goal:173,173,173,173,173,173,173,173,173,173,173,173,173,173,173,173,173,173,173,173,173,173,173,173,173,173,173,173,173,173,173,173,173,173,173,173,173,173,173,173,173,173,173,173,173,
size:11
[agent] id:5
path:480,481,482,483,518,553,552,551,550,549,548,547,546,546,546,546,546,546,546,546,546,546,546,546,546,546,546,546,546,546,546,546,546,546,546,546,546,546,546,546,546,546,546,546,546,
goal:546,546,546,546,546,546,546,546,546,546,546,546,546,546,546,546,546,546,546,546,546,546,546,546,546,546,546,546,546,546,546,546,546,546,546,546,546,546,546,546,546,546,546,546,546,
size:12
[agent] id:6
path:40,75,110,145,180,215,250,285,320,321,322,323,323,323,323,323,323,323,323,323,323,323,323,323,323,323,323,323,323,323,323,323,323,323,323,323,323,323,323,323,323,323,323,323,323,
goal:323,323,323,323,323,323,323,323,323,323,323,323,323,323,323,323,323,323,323,323,323,323,323,323,323,323,323,323,323,323,323,323,323,323,323,323,323,323,323,323,323,323,323,323,323,
size:11
[agent] id:7
path:209,174,139,104,69,34,34,34,34,34,34,34,34,34,34,34,34,34,34,34,34,34,34,34,34,34,34,34,34,34,34,34,34,34,34,34,34,34,34,34,34,34,34,34,34,
goal:34,34,34,34,34,34,34,34,34,34,34,34,34,34,34,34,34,34,34,34,34,34,34,34,34,34,34,34,34,34,34,34,34,34,34,34,34,34,34,34,34,34,34,34,34,
size:5
[agent] id:8
path:271,306,341,340,339,338,337,336,335,334,333,332,367,402,437,472,507,507,507,507,507,507,507,507,507,507,507,507,507,507,507,507,507,507,507,507,507,507,507,507,507,507,507,507,507,
goal:507,507,507,507,507,507,507,507,507,507,507,507,507,507,507,507,507,507,507,507,507,507,507,507,507,507,507,507,507,507,507,507,507,507,507,507,507,507,507,507,507,507,507,507,507,
size:16
[agent] id:9
path:111,146,181,216,251,286,321,356,391,392,393,394,394,394,394,394,394,394,394,394,394,394,394,394,394,394,394,394,394,394,394,394,394,394,394,394,394,394,394,394,394,394,394,394,394,
goal:394,394,394,394,394,394,394,394,394,394,394,394,394,394,394,394,394,394,394,394,394,394,394,394,394,394,394,394,394,394,394,394,394,394,394,394,394,394,394,394,394,394,394,394,394,
size:11
[agent] id:10
path:248,213,178,143,108,73,38,3,4,5,6,7,8,9,10,11,12,13,14,15,16,17,18,19,20,21,22,22,22,22,22,22,22,22,22,22,22,22,22,22,22,22,22,22,22,
goal:22,22,22,22,22,22,22,22,22,22,22,22,22,22,22,22,22,22,22,22,22,22,22,22,22,22,22,22,22,22,22,22,22,22,22,22,22,22,22,22,22,22,22,22,22,
size:26
[agent] id:11
path:688,689,690,691,692,693,658,623,588,553,518,483,482,481,480,480,480,480,480,480,480,480,480,480,480,480,480,480,480,480,480,480,480,480,480,480,480,480,480,480,480,480,480,480,480,
goal:480,480,480,480,480,480,480,480,480,480,480,480,480,480,480,480,480,480,480,480,480,480,480,480,480,480,480,480,480,480,480,480,480,480,480,480,480,480,480,480,480,480,480,480,480,
size:14
[agent] id:12
path:25,60,59,58,57,56,55,54,53,52,87,122,157,192,227,262,297,332,367,402,402,402,402,402,402,402,402,402,402,402,402,402,402,402,402,402,402,402,402,402,402,402,402,402,402,
goal:402,402,402,402,402,402,402,402,402,402,402,402,402,402,402,402,402,402,402,402,402,402,402,402,402,402,402,402,402,402,402,402,402,402,402,402,402,402,402,402,402,402,402,402,402,
size:19
[agent] id:13
path:174,173,208,243,242,241,240,275,274,273,272,307,306,305,304,303,302,301,300,299,298,297,296,295,294,293,292,291,290,289,289,289,289,289,289,289,289,289,289,289,289,289,289,289,289,
goal:289,289,289,289,289,289,289,289,289,289,289,289,289,289,289,289,289,289,289,289,289,289,289,289,289,289,289,289,289,289,289,289,289,289,289,289,289,289,289,289,289,289,289,289,289,
size:29
[agent] id:14
path:485,450,415,380,345,310,309,309,309,309,309,309,309,309,309,309,309,309,309,309,309,309,309,309,309,309,309,309,309,309,309,309,309,309,309,309,309,309,309,309,309,309,309,309,309,
goal:309,309,309,309,309,309,309,309,309,309,309,309,309,309,309,309,309,309,309,309,309,309,309,309,309,309,309,309,309,309,309,309,309,309,309,309,309,309,309,309,309,309,309,309,309,
size:6
[agent] id:15
path:527,492,457,458,459,460,461,462,427,428,429,430,431,432,433,434,435,436,437,438,439,440,441,442,443,444,409,410,411,412,413,414,415,416,416,416,416,416,416,416,416,416,416,416,416,
goal:416,416,416,416,416,416,416,416,416,416,416,416,416,416,416,416,416,416,416,416,416,416,416,416,416,416,416,416,416,416,416,416,416,416,416,416,416,416,416,416,416,416,416,416,416,
size:33
[agent] id:16
path:467,432,431,430,429,428,427,426,425,424,423,422,421,421,421,421,421,421,421,421,421,421,421,421,421,421,421,421,421,421,421,421,421,421,421,421,421,421,421,421,421,421,421,421,421,
goal:421,421,421,421,421,421,421,421,421,421,421,421,421,421,421,421,421,421,421,421,421,421,421,421,421,421,421,421,421,421,421,421,421,421,421,421,421,421,421,421,421,421,421,421,421,
size:12
[agent] id:17
path:129,164,199,200,201,202,203,238,273,308,343,343,343,343,343,343,343,343,343,343,343,343,343,343,343,343,343,343,343,343,343,343,343,343,343,343,343,343,343,343,343,343,343,343,343,
goal:343,343,343,343,343,343,343,343,343,343,343,343,343,343,343,343,343,343,343,343,343,343,343,343,343,343,343,343,343,343,343,343,343,343,343,343,343,343,343,343,343,343,343,343,343,
size:10
[agent] id:18
path:146,181,216,251,286,321,356,391,426,461,496,531,566,601,636,671,706,707,708,709,710,711,712,712,712,712,712,712,712,712,712,712,712,712,712,712,712,712,712,712,712,712,712,712,712,
goal:712,712,712,712,712,712,712,712,712,712,712,712,712,712,712,712,712,712,712,712,712,712,712,712,712,712,712,712,712,712,712,712,712,712,712,712,712,712,712,712,712,712,712,712,712,
size:22
[agent] id:19
path:426,461,496,531,532,533,534,534,534,534,534,534,534,534,534,534,534,534,534,534,534,534,534,534,534,534,534,534,534,534,534,534,534,534,534,534,534,534,534,534,534,534,534,534,534,
goal:534,534,534,534,534,534,534,534,534,534,534,534,534,534,534,534,534,534,534,534,534,534,534,534,534,534,534,534,534,534,534,534,534,534,534,534,534,534,534,534,534,534,534,534,534,
size:6
[agent] id:20
path:197,162,127,128,129,130,130,130,130,130,130,130,130,130,130,130,130,130,130,130,130,130,130,130,130,130,130,130,130,130,130,130,130,130,130,130,130,130,130,130,130,130,130,130,130,
goal:130,130,130,130,130,130,130,130,130,130,130,130,130,130,130,130,130,130,130,130,130,130,130,130,130,130,130,130,130,130,130,130,130,130,130,130,130,130,130,130,130,130,130,130,130,
size:5
[agent] id:21
path:537,538,539,540,541,542,507,472,473,438,403,404,405,406,407,408,409,410,411,412,413,378,379,344,345,310,275,240,205,170,135,100,65,64,63,62,61,60,60,60,60,60,60,60,60,
goal:60,60,60,60,60,60,60,60,60,60,60,60,60,60,60,60,60,60,60,60,60,60,60,60,60,60,60,60,60,60,60,60,60,60,60,60,60,60,60,60,60,60,60,60,60,
size:37
[agent] id:22
path:137,172,207,242,277,312,347,382,417,416,451,486,521,556,591,590,589,588,587,586,585,584,583,582,581,580,579,578,577,576,575,574,573,572,571,570,569,568,567,566,565,564,563,562,561,
goal:561,561,561,561,561,561,561,561,561,561,561,561,561,561,561,561,561,561,561,561,561,561,561,561,561,561,561,561,561,561,561,561,561,561,561,561,561,561,561,561,561,561,561,561,561,
size:44
[agent] id:23
path:148,183,184,185,186,187,188,189,190,191,192,227,262,297,332,367,402,437,438,439,440,441,442,443,444,445,446,481,482,483,518,553,588,623,658,693,728,729,730,731,732,733,734,734,734,
goal:734,734,734,734,734,734,734,734,734,734,734,734,734,734,734,734,734,734,734,734,734,734,734,734,734,734,734,734,734,734,734,734,734,734,734,734,734,734,734,734,734,734,734,734,734,
size:42
[agent] id:24
path:532,531,530,495,460,425,390,355,356,356,321,286,251,216,181,146,111,76,41,6,7,8,9,10,11,12,13,14,15,16,17,18,18,18,18,18,18,18,18,18,18,18,18,18,18,
goal:18,18,18,18,18,18,18,18,18,18,18,18,18,18,18,18,18,18,18,18,18,18,18,18,18,18,18,18,18,18,18,18,18,18,18,18,18,18,18,18,18,18,18,18,18,
size:31
[agent] id:25
path:273,308,343,378,413,448,449,450,451,452,453,454,454,454,454,454,454,454,454,454,454,454,454,454,454,454,454,454,454,454,454,454,454,454,454,454,454,454,454,454,454,454,454,454,454,
goal:454,454,454,454,454,454,454,454,454,454,454,454,454,454,454,454,454,454,454,454,454,454,454,454,454,454,454,454,454,454,454,454,454,454,454,454,454,454,454,454,454,454,454,454,454,
size:11
[agent] id:26
path:241,276,311,310,309,344,379,414,449,484,483,482,481,480,479,478,477,476,475,474,473,472,471,470,469,468,467,467,467,467,467,467,467,467,467,467,467,467,467,467,467,467,467,467,467,
goal:467,467,467,467,467,467,467,467,467,467,467,467,467,467,467,467,467,467,467,467,467,467,467,467,467,467,467,467,467,467,467,467,467,467,467,467,467,467,467,467,467,467,467,467,467,
size:26
[agent] id:27
path:522,557,592,627,662,697,696,695,694,693,692,691,690,689,689,689,689,689,689,689,689,689,689,689,689,689,689,689,689,689,689,689,689,689,689,689,689,689,689,689,689,689,689,689,689,
goal:689,689,689,689,689,689,689,689,689,689,689,689,689,689,689,689,689,689,689,689,689,689,689,689,689,689,689,689,689,689,689,689,689,689,689,689,689,689,689,689,689,689,689,689,689,
size:13
[agent] id:28
path:353,388,389,390,391,392,393,394,395,396,397,398,399,400,401,402,403,404,405,406,407,408,408,408,408,408,408,408,408,408,408,408,408,408,408,408,408,408,408,408,408,408,408,408,408,
goal:408,408,408,408,408,408,408,408,408,408,408,408,408,408,408,408,408,408,408,408,408,408,408,408,408,408,408,408,408,408,408,408,408,408,408,408,408,408,408,408,408,408,408,408,408,
size:21
[agent] id:29
path:658,623,588,587,586,585,584,583,582,581,580,579,578,577,576,575,574,573,572,571,570,569,568,533,532,531,496,461,426,391,356,321,286,251,250,249,249,249,249,249,249,249,249,249,249,
goal:249,249,249,249,249,249,249,249,249,249,249,249,249,249,249,249,249,249,249,249,249,249,249,249,249,249,249,249,249,249,249,249,249,249,249,249,249,249,249,249,249,249,249,249,249,
size:35
SolutionCost:560
