[setting] seed:22
[solver] type:ECBS
[solver] w:2.000000
[solver] ID:0
[solver] Lowlevelnode:5858
[solver] ConflictCount:12
[solver] solved:1
[solver] elapsed:45
[solver] makespan:42
[problem] timesteplimit:10000
[problem] type:MAPF
[problem] agentnum:30
[graph] width:35
[graph] height:21
[graph] filename:./map/warehouse_middle.map
[task] id:5,start:0,end:0,service time:0,nodes:146,
[task] id:19,start:0,end:0,service time:0,nodes:239,
[task] id:25,start:0,end:0,service time:0,nodes:138,
[task] id:29,start:0,end:0,service time:0,nodes:73,
[task] id:0,start:0,end:0,service time:0,nodes:392,
[task] id:15,start:0,end:0,service time:0,nodes:272,
[task] id:17,start:0,end:0,service time:0,nodes:681,
[task] id:22,start:0,end:0,service time:0,nodes:727,
[task] id:4,start:0,end:0,service time:0,nodes:200,
[task] id:13,start:0,end:0,service time:0,nodes:534,
[task] id:26,start:0,end:0,service time:0,nodes:172,
[task] id:21,start:0,end:0,service time:0,nodes:327,
[task] id:9,start:0,end:0,service time:0,nodes:528,
[task] id:3,start:0,end:0,service time:0,nodes:668,
[task] id:1,start:0,end:0,service time:0,nodes:268,
[task] id:6,start:0,end:0,service time:0,nodes:674,
[task] id:8,start:0,end:0,service time:0,nodes:295,
[task] id:27,start:0,end:0,service time:0,nodes:133,
[task] id:14,start:0,end:0,service time:0,nodes:11,
[task] id:11,start:0,end:0,service time:0,nodes:21,
[task] id:12,start:0,end:0,service time:0,nodes:712,
[task] id:23,start:0,end:0,service time:0,nodes:147,
[task] id:7,start:0,end:0,service time:0,nodes:204,
[task] id:24,start:0,end:0,service time:0,nodes:59,
[task] id:2,start:0,end:0,service time:0,nodes:450,
[task] id:16,start:0,end:0,service time:0,nodes:63,
[task] id:18,start:0,end:0,service time:0,nodes:623,
[task] id:28,start:0,end:0,service time:0,nodes:102,
[task] id:20,start:0,end:0,service time:0,nodes:345,
[task] id:10,start:0,end:0,service time:0,nodes:1,
[agent] id:0
path:75,110,145,180,215,216,216,251,286,321,356,391,392,392,392,392,392,392,392,392,392,392,392,392,392,392,392,392,392,392,392,392,392,392,392,392,392,392,392,392,392,392,392,
goal:392,392,392,392,392,392,392,392,392,392,392,392,392,392,392,392,392,392,392,392,392,392,392,392,392,392,392,392,392,392,392,392,392,392,392,392,392,392,392,392,392,392,392,
size:12
[agent] id:1
path:317,282,247,248,249,250,251,252,253,254,255,256,257,258,259,260,261,262,263,264,265,266,267,268,268,268,268,268,268,268,268,268,268,268,268,268,268,268,268,268,268,268,268,
goal:268,268,268,268,268,268,268,268,268,268,268,268,268,268,268,268,268,268,268,268,268,268,268,268,268,268,268,268,268,268,268,268,268,268,268,268,268,268,268,268,268,268,268,
size:23
[agent] id:2
path:707,672,673,674,675,676,677,678,679,680,681,682,647,612,577,542,507,472,437,438,439,440,441,442,443,444,445,446,447,448,449,450,450,450,450,450,450,450,450,450,450,450,450,
goal:450,450,450,450,450,450,450,450,450,450,450,450,450,450,450,450,450,450,450,450,450,450,450,450,450,450,450,450,450,450,450,450,450,450,450,450,450,450,450,450,450,450,450,
size:31
[agent] id:3
path:581,580,579,578,578,577,576,575,574,573,572,571,570,569,568,567,602,601,636,671,670,669,668,668,668,668,668,668,668,668,668,668,668,668,668,668,668,668,668,668,668,668,668,
goal:668,668,668,668,668,668,668,668,668,668,668,668,668,668,668,668,668,668,668,668,668,668,668,668,668,668,668,668,668,668,668,668,668,668,668,668,668,668,668,668,668,668,668,
size:22
[agent] id:4
path:522,487,452,417,382,347,312,277,242,207,206,205,204,203,202,201,200,200,200,200,200,200,200,200,200,200,200,200,200,200,200,200,200,200,200,200,200,200,200,200,200,200,200,
goal:200,200,200,200,200,200,200,200,200,200,200,200,200,200,200,200,200,200,200,200,200,200,200,200,200,200,200,200,200,200,200,200,200,200,200,200,200,200,200,200,200,200,200,
size:16
[agent] id:5
path:111,146,146,146,146,146,146,146,146,146,146,146,146,146,146,146,146,146,146,146,146,146,146,146,146,146,146,146,146,146,146,146,146,146,146,146,146,146,146,146,146,146,146,
goal:146,146,146,146,146,146,146,146,146,146,146,146,146,146,146,146,146,146,146,146,146,146,146,146,146,146,146,146,146,146,146,146,146,146,146,146,146,146,146,146,146,146,146,
size:1
[agent] id:6
path:333,332,367,402,437,472,471,470,469,468,467,466,465,464,463,462,461,496,531,566,601,636,671,672,673,674,674,674,674,674,674,674,674,674,674,674,674,674,674,674,674,674,674,
goal:674,674,674,674,674,674,674,674,674,674,674,674,674,674,674,674,674,674,674,674,674,674,674,674,674,674,674,674,674,674,674,674,674,674,674,674,674,674,674,674,674,674,674,
size:25
[agent] id:7
path:214,215,216,251,252,253,254,255,256,257,258,259,260,261,262,263,264,265,266,267,268,269,270,271,306,307,308,273,238,203,204,204,204,204,204,204,204,204,204,204,204,204,204,
goal:204,204,204,204,204,204,204,204,204,204,204,204,204,204,204,204,204,204,204,204,204,204,204,204,204,204,204,204,204,204,204,204,204,204,204,204,204,204,204,204,204,204,204,
size:30
[agent] id:8
path:558,523,488,453,418,383,348,313,312,311,310,309,308,307,306,305,304,303,302,301,300,299,298,297,296,295,295,295,295,295,295,295,295,295,295,295,295,295,295,295,295,295,295,
goal:295,295,295,295,295,295,295,295,295,295,295,295,295,295,295,295,295,295,295,295,295,295,295,295,295,295,295,295,295,295,295,295,295,295,295,295,295,295,295,295,295,295,295,
size:25
[agent] id:9
path:115,150,185,184,183,182,181,216,251,286,321,356,391,426,461,496,531,530,529,528,528,528,528,528,528,528,528,528,528,528,528,528,528,528,528,528,528,528,528,528,528,528,528,
goal:528,528,528,528,528,528,528,528,528,528,528,528,528,528,528,528,528,528,528,528,528,528,528,528,528,528,528,528,528,528,528,528,528,528,528,528,528,528,528,528,528,528,528,
size:19
[agent] id:10
path:417,382,347,312,277,242,207,206,205,204,203,202,201,166,165,164,163,162,161,160,159,158,123,122,87,52,51,50,49,48,47,46,45,10,9,8,7,6,5,4,3,2,1,
goal:1,1,1,1,1,1,1,1,1,1,1,1,1,1,1,1,1,1,1,1,1,1,1,1,1,1,1,1,1,1,1,1,1,1,1,1,1,1,1,1,1,1,1,
size:42
[agent] id:11
path:594,559,524,489,454,419,384,349,314,279,244,209,174,139,104,69,34,33,32,31,30,29,28,27,26,25,24,23,22,21,21,21,21,21,21,21,21,21,21,21,21,21,21,
goal:21,21,21,21,21,21,21,21,21,21,21,21,21,21,21,21,21,21,21,21,21,21,21,21,21,21,21,21,21,21,21,21,21,21,21,21,21,21,21,21,21,21,21,
size:29
[agent] id:12
path:489,524,523,558,593,628,663,698,733,732,731,730,729,728,727,726,725,724,723,722,721,720,719,718,717,716,715,714,713,712,712,712,712,712,712,712,712,712,712,712,712,712,712,
goal:712,712,712,712,712,712,712,712,712,712,712,712,712,712,712,712,712,712,712,712,712,712,712,712,712,712,712,712,712,712,712,712,712,712,712,712,712,712,712,712,712,712,712,
size:29
[agent] id:13
path:112,147,182,181,216,251,286,321,356,391,426,461,496,531,532,533,534,534,534,534,534,534,534,534,534,534,534,534,534,534,534,534,534,534,534,534,534,534,534,534,534,534,534,
goal:534,534,534,534,534,534,534,534,534,534,534,534,534,534,534,534,534,534,534,534,534,534,534,534,534,534,534,534,534,534,534,534,534,534,534,534,534,534,534,534,534,534,534,
size:16
[agent] id:14
path:683,682,647,612,577,542,507,472,437,402,367,332,297,262,227,192,157,122,87,52,17,16,15,14,13,12,11,11,11,11,11,11,11,11,11,11,11,11,11,11,11,11,11,
goal:11,11,11,11,11,11,11,11,11,11,11,11,11,11,11,11,11,11,11,11,11,11,11,11,11,11,11,11,11,11,11,11,11,11,11,11,11,11,11,11,11,11,11,
size:26
[agent] id:15
path:693,658,623,588,553,518,483,448,413,378,343,308,273,272,272,272,272,272,272,272,272,272,272,272,272,272,272,272,272,272,272,272,272,272,272,272,272,272,272,272,272,272,272,
goal:272,272,272,272,272,272,272,272,272,272,272,272,272,272,272,272,272,272,272,272,272,272,272,272,272,272,272,272,272,272,272,272,272,272,272,272,272,272,272,272,272,272,272,
size:13
[agent] id:16
path:571,536,537,538,539,540,541,542,507,472,437,402,367,332,297,262,227,192,157,122,87,52,53,54,55,56,57,58,59,60,61,62,63,63,63,63,63,63,63,63,63,63,63,
goal:63,63,63,63,63,63,63,63,63,63,63,63,63,63,63,63,63,63,63,63,63,63,63,63,63,63,63,63,63,63,63,63,63,63,63,63,63,63,63,63,63,63,63,
size:32
[agent] id:17
path:703,668,669,670,671,672,673,674,675,676,677,678,679,680,681,681,681,681,681,681,681,681,681,681,681,681,681,681,681,681,681,681,681,681,681,681,681,681,681,681,681,681,681,
goal:681,681,681,681,681,681,681,681,681,681,681,681,681,681,681,681,681,681,681,681,681,681,681,681,681,681,681,681,681,681,681,681,681,681,681,681,681,681,681,681,681,681,681,
size:14
[agent] id:18
path:350,385,420,455,490,525,560,595,596,597,598,599,600,601,602,603,604,605,606,607,608,609,610,611,612,613,614,615,616,617,618,619,620,621,622,623,623,623,623,623,623,623,623,
goal:623,623,623,623,623,623,623,623,623,623,623,623,623,623,623,623,623,623,623,623,623,623,623,623,623,623,623,623,623,623,623,623,623,623,623,623,623,623,623,623,623,623,623,
size:35
[agent] id:19
path:169,204,239,239,239,239,239,239,239,239,239,239,239,239,239,239,239,239,239,239,239,239,239,239,239,239,239,239,239,239,239,239,239,239,239,239,239,239,239,239,239,239,239,
goal:239,239,239,239,239,239,239,239,239,239,239,239,239,239,239,239,239,239,239,239,239,239,239,239,239,239,239,239,239,239,239,239,239,239,239,239,239,239,239,239,239,239,239,
size:2
[agent] id:20
path:667,632,597,562,527,492,457,422,423,424,425,426,427,428,393,394,395,396,397,398,399,400,401,402,367,332,333,334,335,336,337,338,339,340,341,342,343,344,345,345,345,345,345,
goal:345,345,345,345,345,345,345,345,345,345,345,345,345,345,345,345,345,345,345,345,345,345,345,345,345,345,345,345,345,345,345,345,345,345,345,345,345,345,345,345,345,345,345,
size:38
[agent] id:21
path:705,670,635,600,565,530,495,460,425,390,355,320,321,322,323,324,325,326,327,327,327,327,327,327,327,327,327,327,327,327,327,327,327,327,327,327,327,327,327,327,327,327,327,
goal:327,327,327,327,327,327,327,327,327,327,327,327,327,327,327,327,327,327,327,327,327,327,327,327,327,327,327,327,327,327,327,327,327,327,327,327,327,327,327,327,327,327,327,
size:18
[agent] id:22
path:453,488,487,522,557,592,627,662,697,696,695,694,693,692,692,727,727,727,727,727,727,727,727,727,727,727,727,727,727,727,727,727,727,727,727,727,727,727,727,727,727,727,727,
goal:727,727,727,727,727,727,727,727,727,727,727,727,727,727,727,727,727,727,727,727,727,727,727,727,727,727,727,727,727,727,727,727,727,727,727,727,727,727,727,727,727,727,727,
size:15
[agent] id:23
path:209,208,207,206,205,204,203,202,201,200,165,164,163,162,161,160,159,158,158,157,156,155,154,153,152,151,150,149,148,147,147,147,147,147,147,147,147,147,147,147,147,147,147,
goal:147,147,147,147,147,147,147,147,147,147,147,147,147,147,147,147,147,147,147,147,147,147,147,147,147,147,147,147,147,147,147,147,147,147,147,147,147,147,147,147,147,147,147,
size:29
[agent] id:24
path:686,685,684,683,682,647,612,577,542,507,472,437,402,367,332,297,262,227,192,192,157,122,87,52,53,54,55,56,57,58,59,59,59,59,59,59,59,59,59,59,59,59,59,
goal:59,59,59,59,59,59,59,59,59,59,59,59,59,59,59,59,59,59,59,59,59,59,59,59,59,59,59,59,59,59,59,59,59,59,59,59,59,59,59,59,59,59,59,
size:30
[agent] id:25
path:279,244,209,174,139,138,138,138,138,138,138,138,138,138,138,138,138,138,138,138,138,138,138,138,138,138,138,138,138,138,138,138,138,138,138,138,138,138,138,138,138,138,138,
goal:138,138,138,138,138,138,138,138,138,138,138,138,138,138,138,138,138,138,138,138,138,138,138,138,138,138,138,138,138,138,138,138,138,138,138,138,138,138,138,138,138,138,138,
size:5
[agent] id:26
path:192,157,158,159,160,161,162,163,164,165,166,167,168,169,170,171,172,172,172,172,172,172,172,172,172,172,172,172,172,172,172,172,172,172,172,172,172,172,172,172,172,172,172,
goal:172,172,172,172,172,172,172,172,172,172,172,172,172,172,172,172,172,172,172,172,172,172,172,172,172,172,172,172,172,172,172,172,172,172,172,172,172,172,172,172,172,172,172,
size:16
[agent] id:27
path:6,41,76,111,112,113,114,115,116,117,118,119,120,121,122,123,124,125,126,127,128,129,130,131,132,133,133,133,133,133,133,133,133,133,133,133,133,133,133,133,133,133,133,
goal:133,133,133,133,133,133,133,133,133,133,133,133,133,133,133,133,133,133,133,133,133,133,133,133,133,133,133,133,133,133,133,133,133,133,133,133,133,133,133,133,133,133,133,
size:25
[agent] id:28
path:248,213,178,143,108,109,110,111,112,113,114,115,116,117,118,119,120,121,122,123,124,125,126,127,128,129,130,131,132,167,168,169,134,99,100,101,102,102,102,102,102,102,102,
goal:102,102,102,102,102,102,102,102,102,102,102,102,102,102,102,102,102,102,102,102,102,102,102,102,102,102,102,102,102,102,102,102,102,102,102,102,102,102,102,102,102,102,102,
size:36
[agent] id:29
path:175,140,105,70,71,72,73,73,73,73,73,73,73,73,73,73,73,73,73,73,73,73,73,73,73,73,73,73,73,73,73,73,73,73,73,73,73,73,73,73,73,73,73,
goal:73,73,73,73,73,73,73,73,73,73,73,73,73,73,73,73,73,73,73,73,73,73,73,73,73,73,73,73,73,73,73,73,73,73,73,73,73,73,73,73,73,73,73,
size:6
SolutionCost:660
