[setting] seed:19
[solver] type:ECBS
[solver] w:2.000000
[solver] ID:0
[solver] Lowlevelnode:4452
[solver] ConflictCount:13
[solver] solved:1
[solver] elapsed:23
[solver] makespan:37
[problem] timesteplimit:10000
[problem] type:MAPF
[problem] agentnum:30
[graph] width:35
[graph] height:21
[graph] filename:./map/warehouse_middle.map
[task] id:27,start:0,end:0,service time:0,nodes:248,
[task] id:25,start:0,end:0,service time:0,nodes:323,
[task] id:17,start:0,end:0,service time:0,nodes:384,
[task] id:7,start:0,end:0,service time:0,nodes:385,
[task] id:19,start:0,end:0,service time:0,nodes:177,
[task] id:12,start:0,end:0,service time:0,nodes:259,
[task] id:24,start:0,end:0,service time:0,nodes:198,
[task] id:28,start:0,end:0,service time:0,nodes:216,
[task] id:4,start:0,end:0,service time:0,nodes:164,
[task] id:3,start:0,end:0,service time:0,nodes:609,
[task] id:15,start:0,end:0,service time:0,nodes:462,
[task] id:1,start:0,end:0,service time:0,nodes:26,
[task] id:16,start:0,end:0,service time:0,nodes:162,
[task] id:20,start:0,end:0,service time:0,nodes:696,
[task] id:22,start:0,end:0,service time:0,nodes:37,
[task] id:0,start:0,end:0,service time:0,nodes:105,
[task] id:10,start:0,end:0,service time:0,nodes:625,
[task] id:18,start:0,end:0,service time:0,nodes:553,
[task] id:13,start:0,end:0,service time:0,nodes:675,
[task] id:14,start:0,end:0,service time:0,nodes:345,
[task] id:5,start:0,end:0,service time:0,nodes:684,
[task] id:26,start:0,end:0,service time:0,nodes:329,
[task] id:21,start:0,end:0,service time:0,nodes:393,
[task] id:11,start:0,end:0,service time:0,nodes:10,
[task] id:8,start:0,end:0,service time:0,nodes:617,
[task] id:29,start:0,end:0,service time:0,nodes:45,
[task] id:23,start:0,end:0,service time:0,nodes:0,
[task] id:6,start:0,end:0,service time:0,nodes:1,
[task] id:2,start:0,end:0,service time:0,nodes:633,
[task] id:9,start:0,end:0,service time:0,nodes:111,
[agent] id:0
path:327,292,257,256,255,254,253,252,251,216,181,146,111,110,109,108,107,106,105,105,105,105,105,105,105,105,105,105,105,105,105,105,105,105,105,105,105,105,
goal:105,105,105,105,105,105,105,105,105,105,105,105,105,105,105,105,105,105,105,105,105,105,105,105,105,105,105,105,105,105,105,105,105,105,105,105,105,105,
size:18
[agent] id:1
path:194,159,124,125,126,127,128,129,130,131,132,133,98,63,28,27,26,26,26,26,26,26,26,26,26,26,26,26,26,26,26,26,26,26,26,26,26,26,
goal:26,26,26,26,26,26,26,26,26,26,26,26,26,26,26,26,26,26,26,26,26,26,26,26,26,26,26,26,26,26,26,26,26,26,26,26,26,26,
size:16
[agent] id:2
path:344,379,414,449,448,483,518,553,588,587,586,585,584,583,582,581,580,579,578,578,577,576,575,574,573,608,607,606,605,604,603,602,601,636,635,634,633,633,
goal:633,633,633,633,633,633,633,633,633,633,633,633,633,633,633,633,633,633,633,633,633,633,633,633,633,633,633,633,633,633,633,633,633,633,633,633,633,633,
size:36
[agent] id:3
path:392,427,462,461,496,531,566,601,602,603,604,605,606,607,608,609,609,609,609,609,609,609,609,609,609,609,609,609,609,609,609,609,609,609,609,609,609,609,
goal:609,609,609,609,609,609,609,609,609,609,609,609,609,609,609,609,609,609,609,609,609,609,609,609,609,609,609,609,609,609,609,609,609,609,609,609,609,609,
size:15
[agent] id:4
path:15,50,51,52,87,122,157,158,159,160,161,162,163,164,164,164,164,164,164,164,164,164,164,164,164,164,164,164,164,164,164,164,164,164,164,164,164,164,
goal:164,164,164,164,164,164,164,164,164,164,164,164,164,164,164,164,164,164,164,164,164,164,164,164,164,164,164,164,164,164,164,164,164,164,164,164,164,164,
size:13
[agent] id:5
path:48,49,50,51,52,87,122,157,192,227,262,297,332,367,402,437,472,507,542,577,612,647,682,683,684,684,684,684,684,684,684,684,684,684,684,684,684,684,
goal:684,684,684,684,684,684,684,684,684,684,684,684,684,684,684,684,684,684,684,684,684,684,684,684,684,684,684,684,684,684,684,684,684,684,684,684,684,684,
size:24
[agent] id:6
path:545,544,544,543,542,507,472,437,402,367,332,331,296,295,294,293,258,257,256,255,254,253,252,251,250,215,180,145,110,75,40,5,4,3,2,1,1,1,
goal:1,1,1,1,1,1,1,1,1,1,1,1,1,1,1,1,1,1,1,1,1,1,1,1,1,1,1,1,1,1,1,1,1,1,1,1,1,1,
size:35
[agent] id:7
path:288,287,286,321,356,391,390,389,388,387,386,385,385,385,385,385,385,385,385,385,385,385,385,385,385,385,385,385,385,385,385,385,385,385,385,385,385,385,
goal:385,385,385,385,385,385,385,385,385,385,385,385,385,385,385,385,385,385,385,385,385,385,385,385,385,385,385,385,385,385,385,385,385,385,385,385,385,385,
size:11
[agent] id:8
path:56,55,54,53,53,52,87,122,157,192,227,262,297,332,367,402,401,436,471,472,507,542,577,612,613,614,615,616,617,617,617,617,617,617,617,617,617,617,
goal:617,617,617,617,617,617,617,617,617,617,617,617,617,617,617,617,617,617,617,617,617,617,617,617,617,617,617,617,617,617,617,617,617,617,617,617,617,617,
size:28
[agent] id:9
path:624,589,554,519,484,449,414,379,344,309,274,239,204,169,134,133,132,131,130,129,128,127,126,125,124,123,122,121,120,119,118,117,116,115,114,113,112,111,
goal:111,111,111,111,111,111,111,111,111,111,111,111,111,111,111,111,111,111,111,111,111,111,111,111,111,111,111,111,111,111,111,111,111,111,111,111,111,111,
size:37
[agent] id:10
path:714,679,680,681,682,647,612,613,614,615,616,617,618,619,620,621,622,623,624,625,625,625,625,625,625,625,625,625,625,625,625,625,625,625,625,625,625,625,
goal:625,625,625,625,625,625,625,625,625,625,625,625,625,625,625,625,625,625,625,625,625,625,625,625,625,625,625,625,625,625,625,625,625,625,625,625,625,625,
size:19
[agent] id:11
path:274,239,204,169,134,99,64,29,28,27,26,25,24,23,22,21,20,19,18,17,16,15,14,13,12,11,10,10,10,10,10,10,10,10,10,10,10,10,
goal:10,10,10,10,10,10,10,10,10,10,10,10,10,10,10,10,10,10,10,10,10,10,10,10,10,10,10,10,10,10,10,10,10,10,10,10,10,10,
size:26
[agent] id:12
path:185,186,187,188,189,190,191,192,227,262,261,260,259,259,259,259,259,259,259,259,259,259,259,259,259,259,259,259,259,259,259,259,259,259,259,259,259,259,
goal:259,259,259,259,259,259,259,259,259,259,259,259,259,259,259,259,259,259,259,259,259,259,259,259,259,259,259,259,259,259,259,259,259,259,259,259,259,259,
size:12
[agent] id:13
path:75,110,145,180,215,250,285,320,355,390,425,460,495,530,565,600,635,670,671,672,673,674,675,675,675,675,675,675,675,675,675,675,675,675,675,675,675,675,
goal:675,675,675,675,675,675,675,675,675,675,675,675,675,675,675,675,675,675,675,675,675,675,675,675,675,675,675,675,675,675,675,675,675,675,675,675,675,675,
size:22
[agent] id:14
path:119,154,189,190,191,192,193,194,195,196,197,198,199,200,201,202,203,238,273,308,343,344,345,345,345,345,345,345,345,345,345,345,345,345,345,345,345,345,
goal:345,345,345,345,345,345,345,345,345,345,345,345,345,345,345,345,345,345,345,345,345,345,345,345,345,345,345,345,345,345,345,345,345,345,345,345,345,345,
size:22
[agent] id:15
path:613,578,543,542,507,472,471,470,469,468,467,466,465,464,463,462,462,462,462,462,462,462,462,462,462,462,462,462,462,462,462,462,462,462,462,462,462,462,
goal:462,462,462,462,462,462,462,462,462,462,462,462,462,462,462,462,462,462,462,462,462,462,462,462,462,462,462,462,462,462,462,462,462,462,462,462,462,462,
size:15
[agent] id:16
path:44,45,46,47,48,49,50,51,52,87,122,157,158,159,160,161,162,162,162,162,162,162,162,162,162,162,162,162,162,162,162,162,162,162,162,162,162,162,
goal:162,162,162,162,162,162,162,162,162,162,162,162,162,162,162,162,162,162,162,162,162,162,162,162,162,162,162,162,162,162,162,162,162,162,162,162,162,162,
size:16
[agent] id:17
path:412,413,378,379,380,381,382,383,384,384,384,384,384,384,384,384,384,384,384,384,384,384,384,384,384,384,384,384,384,384,384,384,384,384,384,384,384,384,
goal:384,384,384,384,384,384,384,384,384,384,384,384,384,384,384,384,384,384,384,384,384,384,384,384,384,384,384,384,384,384,384,384,384,384,384,384,384,384,
size:8
[agent] id:18
path:397,432,433,434,435,436,437,438,473,474,475,476,477,478,479,480,481,482,483,518,553,553,553,553,553,553,553,553,553,553,553,553,553,553,553,553,553,553,
goal:553,553,553,553,553,553,553,553,553,553,553,553,553,553,553,553,553,553,553,553,553,553,553,553,553,553,553,553,553,553,553,553,553,553,553,553,553,553,
size:20
[agent] id:19
path:290,255,254,253,252,251,216,181,180,179,178,177,177,177,177,177,177,177,177,177,177,177,177,177,177,177,177,177,177,177,177,177,177,177,177,177,177,177,
goal:177,177,177,177,177,177,177,177,177,177,177,177,177,177,177,177,177,177,177,177,177,177,177,177,177,177,177,177,177,177,177,177,177,177,177,177,177,177,
size:11
[agent] id:20
path:306,341,342,343,378,413,448,483,518,553,588,623,658,693,694,695,696,696,696,696,696,696,696,696,696,696,696,696,696,696,696,696,696,696,696,696,696,696,
goal:696,696,696,696,696,696,696,696,696,696,696,696,696,696,696,696,696,696,696,696,696,696,696,696,696,696,696,696,696,696,696,696,696,696,696,696,696,696,
size:16
[agent] id:21
path:690,689,688,687,686,685,684,683,682,647,612,577,542,507,472,471,436,435,400,399,398,397,396,395,394,393,393,393,393,393,393,393,393,393,393,393,393,393,
goal:393,393,393,393,393,393,393,393,393,393,393,393,393,393,393,393,393,393,393,393,393,393,393,393,393,393,393,393,393,393,393,393,393,393,393,393,393,393,
size:25
[agent] id:22
path:18,17,16,15,14,13,48,47,46,45,44,43,42,41,40,39,38,37,37,37,37,37,37,37,37,37,37,37,37,37,37,37,37,37,37,37,37,37,
goal:37,37,37,37,37,37,37,37,37,37,37,37,37,37,37,37,37,37,37,37,37,37,37,37,37,37,37,37,37,37,37,37,37,37,37,37,37,37,
size:17
[agent] id:23
path:610,575,540,539,538,537,536,535,534,533,532,531,496,461,426,391,356,321,286,251,250,215,180,145,110,75,40,5,4,3,2,1,0,0,0,0,0,0,
goal:0,0,0,0,0,0,0,0,0,0,0,0,0,0,0,0,0,0,0,0,0,0,0,0,0,0,0,0,0,0,0,0,0,0,0,0,0,0,
size:32
[agent] id:24
path:258,259,260,261,262,227,192,193,194,195,196,197,198,198,198,198,198,198,198,198,198,198,198,198,198,198,198,198,198,198,198,198,198,198,198,198,198,198,
goal:198,198,198,198,198,198,198,198,198,198,198,198,198,198,198,198,198,198,198,198,198,198,198,198,198,198,198,198,198,198,198,198,198,198,198,198,198,198,
size:12
[agent] id:25
path:320,321,322,323,323,323,323,323,323,323,323,323,323,323,323,323,323,323,323,323,323,323,323,323,323,323,323,323,323,323,323,323,323,323,323,323,323,323,
goal:323,323,323,323,323,323,323,323,323,323,323,323,323,323,323,323,323,323,323,323,323,323,323,323,323,323,323,323,323,323,323,323,323,323,323,323,323,323,
size:3
[agent] id:26
path:454,419,384,349,348,347,346,345,345,344,343,342,341,340,339,338,337,336,335,334,333,332,331,330,329,329,329,329,329,329,329,329,329,329,329,329,329,329,
goal:329,329,329,329,329,329,329,329,329,329,329,329,329,329,329,329,329,329,329,329,329,329,329,329,329,329,329,329,329,329,329,329,329,329,329,329,329,329,
size:24
[agent] id:27
path:284,249,248,248,248,248,248,248,248,248,248,248,248,248,248,248,248,248,248,248,248,248,248,248,248,248,248,248,248,248,248,248,248,248,248,248,248,248,
goal:248,248,248,248,248,248,248,248,248,248,248,248,248,248,248,248,248,248,248,248,248,248,248,248,248,248,248,248,248,248,248,248,248,248,248,248,248,248,
size:2
[agent] id:28
path:154,153,152,187,186,185,184,183,182,181,180,215,216,216,216,216,216,216,216,216,216,216,216,216,216,216,216,216,216,216,216,216,216,216,216,216,216,216,
goal:216,216,216,216,216,216,216,216,216,216,216,216,216,216,216,216,216,216,216,216,216,216,216,216,216,216,216,216,216,216,216,216,216,216,216,216,216,216,
size:12
[agent] id:29
path:675,674,673,672,671,636,601,636,601,566,531,496,461,426,391,356,321,286,251,250,215,180,145,110,75,40,41,42,43,44,45,45,45,45,45,45,45,45,
goal:45,45,45,45,45,45,45,45,45,45,45,45,45,45,45,45,45,45,45,45,45,45,45,45,45,45,45,45,45,45,45,45,45,45,45,45,45,45,
size:30
SolutionCost:577
