[setting] seed:73
[solver] type:ECBS
[solver] w:2.000000
[solver] ID:0
[solver] Lowlevelnode:3520
[solver] ConflictCount:12
[solver] solved:1
[solver] elapsed:22
[solver] makespan:33
[problem] timesteplimit:10000
[problem] type:MAPF
[problem] agentnum:30
[graph] width:35
[graph] height:21
[graph] filename:./map/warehouse_middle.map
[task] id:7,start:0,end:0,service time:0,nodes:239,
[task] id:29,start:0,end:0,service time:0,nodes:196,
[task] id:1,start:0,end:0,service time:0,nodes:240,
[task] id:26,start:0,end:0,service time:0,nodes:74,
[task] id:4,start:0,end:0,service time:0,nodes:676,
[task] id:10,start:0,end:0,service time:0,nodes:286,
[task] id:13,start:0,end:0,service time:0,nodes:382,
[task] id:24,start:0,end:0,service time:0,nodes:186,
[task] id:14,start:0,end:0,service time:0,nodes:267,
[task] id:12,start:0,end:0,service time:0,nodes:334,
[task] id:0,start:0,end:0,service time:0,nodes:199,
[task] id:11,start:0,end:0,service time:0,nodes:20,
[task] id:6,start:0,end:0,service time:0,nodes:47,
[task] id:22,start:0,end:0,service time:0,nodes:733,
[task] id:28,start:0,end:0,service time:0,nodes:356,
[task] id:17,start:0,end:0,service time:0,nodes:119,
[task] id:23,start:0,end:0,service time:0,nodes:431,
[task] id:27,start:0,end:0,service time:0,nodes:323,
[task] id:25,start:0,end:0,service time:0,nodes:540,
[task] id:19,start:0,end:0,service time:0,nodes:731,
[task] id:16,start:0,end:0,service time:0,nodes:17,
[task] id:18,start:0,end:0,service time:0,nodes:26,
[task] id:3,start:0,end:0,service time:0,nodes:203,
[task] id:20,start:0,end:0,service time:0,nodes:663,
[task] id:21,start:0,end:0,service time:0,nodes:306,
[task] id:5,start:0,end:0,service time:0,nodes:602,
[task] id:15,start:0,end:0,service time:0,nodes:528,
[task] id:2,start:0,end:0,service time:0,nodes:711,
[task] id:8,start:0,end:0,service time:0,nodes:491,
[task] id:9,start:0,end:0,service time:0,nodes:463,
[agent] id:0
path:552,553,518,483,448,413,378,343,308,273,238,203,202,201,200,199,199,199,199,199,199,199,199,199,199,199,199,199,199,199,199,199,199,199,
goal:199,199,199,199,199,199,199,199,199,199,199,199,199,199,199,199,199,199,199,199,199,199,199,199,199,199,199,199,199,199,199,199,199,199,
size:15
[agent] id:1
path:378,343,308,309,310,310,310,275,240,240,240,240,240,240,240,240,240,240,240,240,240,240,240,240,240,240,240,240,240,240,240,240,240,240,
goal:240,240,240,240,240,240,240,240,240,240,240,240,240,240,240,240,240,240,240,240,240,240,240,240,240,240,240,240,240,240,240,240,240,240,
size:8
[agent] id:2
path:198,197,196,161,160,195,194,193,192,227,262,297,296,331,332,367,402,437,472,507,507,542,577,612,647,682,717,716,715,714,713,712,711,711,
goal:711,711,711,711,711,711,711,711,711,711,711,711,711,711,711,711,711,711,711,711,711,711,711,711,711,711,711,711,711,711,711,711,711,711,
size:32
[agent] id:3
path:142,143,144,145,146,147,148,149,150,151,152,153,154,155,156,157,158,159,160,161,162,163,164,165,200,201,202,203,203,203,203,203,203,203,
goal:203,203,203,203,203,203,203,203,203,203,203,203,203,203,203,203,203,203,203,203,203,203,203,203,203,203,203,203,203,203,203,203,203,203,
size:27
[agent] id:4
path:569,604,603,602,601,636,671,672,673,674,675,676,676,676,676,676,676,676,676,676,676,676,676,676,676,676,676,676,676,676,676,676,676,676,
goal:676,676,676,676,676,676,676,676,676,676,676,676,676,676,676,676,676,676,676,676,676,676,676,676,676,676,676,676,676,676,676,676,676,676,
size:11
[agent] id:5
path:488,523,558,593,628,627,626,625,624,623,622,621,620,619,618,617,616,615,614,613,612,611,610,609,608,607,606,605,604,603,602,602,602,602,
goal:602,602,602,602,602,602,602,602,602,602,602,602,602,602,602,602,602,602,602,602,602,602,602,602,602,602,602,602,602,602,602,602,602,602,
size:30
[agent] id:6
path:63,62,61,60,59,58,57,56,55,54,53,53,52,51,50,49,48,47,47,47,47,47,47,47,47,47,47,47,47,47,47,47,47,47,
goal:47,47,47,47,47,47,47,47,47,47,47,47,47,47,47,47,47,47,47,47,47,47,47,47,47,47,47,47,47,47,47,47,47,47,
size:17
[agent] id:7
path:201,202,203,238,239,239,239,239,239,239,239,239,239,239,239,239,239,239,239,239,239,239,239,239,239,239,239,239,239,239,239,239,239,239,
goal:239,239,239,239,239,239,239,239,239,239,239,239,239,239,239,239,239,239,239,239,239,239,239,239,239,239,239,239,239,239,239,239,239,239,
size:4
[agent] id:8
path:339,338,337,336,335,334,333,332,331,330,329,328,327,326,325,324,323,322,321,322,287,322,321,320,355,390,425,460,495,494,493,492,491,491,
goal:491,491,491,491,491,491,491,491,491,491,491,491,491,491,491,491,491,491,491,491,491,491,491,491,491,491,491,491,491,491,491,491,491,491,
size:32
[agent] id:9
path:734,699,664,629,594,559,524,489,488,487,486,485,484,483,482,481,480,479,478,477,476,475,474,473,472,471,470,469,468,467,466,465,464,463,
goal:463,463,463,463,463,463,463,463,463,463,463,463,463,463,463,463,463,463,463,463,463,463,463,463,463,463,463,463,463,463,463,463,463,463,
size:33
[agent] id:10
path:399,398,397,396,395,394,393,392,391,356,321,286,286,286,286,286,286,286,286,286,286,286,286,286,286,286,286,286,286,286,286,286,286,286,
goal:286,286,286,286,286,286,286,286,286,286,286,286,286,286,286,286,286,286,286,286,286,286,286,286,286,286,286,286,286,286,286,286,286,286,
size:11
[agent] id:11
path:257,258,259,260,261,262,227,192,157,122,87,52,17,18,19,20,20,20,20,20,20,20,20,20,20,20,20,20,20,20,20,20,20,20,
goal:20,20,20,20,20,20,20,20,20,20,20,20,20,20,20,20,20,20,20,20,20,20,20,20,20,20,20,20,20,20,20,20,20,20,
size:15
[agent] id:12
path:572,537,538,539,540,541,542,507,472,437,402,367,332,333,334,334,334,334,334,334,334,334,334,334,334,334,334,334,334,334,334,334,334,334,
goal:334,334,334,334,334,334,334,334,334,334,334,334,334,334,334,334,334,334,334,334,334,334,334,334,334,334,334,334,334,334,334,334,334,334,
size:14
[agent] id:13
path:699,664,629,594,559,524,489,454,419,384,383,382,382,382,382,382,382,382,382,382,382,382,382,382,382,382,382,382,382,382,382,382,382,382,
goal:382,382,382,382,382,382,382,382,382,382,382,382,382,382,382,382,382,382,382,382,382,382,382,382,382,382,382,382,382,382,382,382,382,382,
size:11
[agent] id:14
path:208,243,278,277,276,275,274,273,272,271,270,269,268,267,267,267,267,267,267,267,267,267,267,267,267,267,267,267,267,267,267,267,267,267,
goal:267,267,267,267,267,267,267,267,267,267,267,267,267,267,267,267,267,267,267,267,267,267,267,267,267,267,267,267,267,267,267,267,267,267,
size:13
[agent] id:15
path:415,450,485,520,555,554,553,552,551,550,549,548,547,546,545,544,543,542,541,540,539,538,537,536,535,534,533,532,531,530,529,528,528,528,
goal:528,528,528,528,528,528,528,528,528,528,528,528,528,528,528,528,528,528,528,528,528,528,528,528,528,528,528,528,528,528,528,528,528,528,
size:31
[agent] id:16
path:383,348,313,278,243,208,173,138,103,68,67,66,65,64,63,62,61,60,59,58,57,56,55,54,19,18,17,17,17,17,17,17,17,17,
goal:17,17,17,17,17,17,17,17,17,17,17,17,17,17,17,17,17,17,17,17,17,17,17,17,17,17,17,17,17,17,17,17,17,17,
size:26
[agent] id:17
path:537,538,539,540,541,542,507,472,437,402,367,332,297,262,227,192,157,122,121,120,119,119,119,119,119,119,119,119,119,119,119,119,119,119,
goal:119,119,119,119,119,119,119,119,119,119,119,119,119,119,119,119,119,119,119,119,119,119,119,119,119,119,119,119,119,119,119,119,119,119,
size:20
[agent] id:18
path:698,663,628,627,592,557,522,487,452,417,382,347,312,277,242,207,172,137,102,67,32,31,30,29,28,27,26,26,26,26,26,26,26,26,
goal:26,26,26,26,26,26,26,26,26,26,26,26,26,26,26,26,26,26,26,26,26,26,26,26,26,26,26,26,26,26,26,26,26,26,
size:26
[agent] id:19
path:706,707,708,709,710,711,712,713,714,715,716,717,718,719,720,721,722,723,724,725,726,727,728,729,730,731,731,731,731,731,731,731,731,731,
goal:731,731,731,731,731,731,731,731,731,731,731,731,731,731,731,731,731,731,731,731,731,731,731,731,731,731,731,731,731,731,731,731,731,731,
size:25
[agent] id:20
path:125,160,161,162,163,198,199,200,201,202,203,204,205,206,241,276,311,346,381,416,451,486,521,556,591,626,661,662,663,663,663,663,663,663,
goal:663,663,663,663,663,663,663,663,663,663,663,663,663,663,663,663,663,663,663,663,663,663,663,663,663,663,663,663,663,663,663,663,663,663,
size:28
[agent] id:21
path:386,351,316,281,282,283,284,285,286,287,288,289,290,291,292,293,294,295,296,297,298,299,300,301,302,303,304,305,306,306,306,306,306,306,
goal:306,306,306,306,306,306,306,306,306,306,306,306,306,306,306,306,306,306,306,306,306,306,306,306,306,306,306,306,306,306,306,306,306,306,
size:28
[agent] id:22
path:239,274,309,344,379,414,449,484,519,554,589,624,659,694,729,730,731,732,733,733,733,733,733,733,733,733,733,733,733,733,733,733,733,733,
goal:733,733,733,733,733,733,733,733,733,733,733,733,733,733,733,733,733,733,733,733,733,733,733,733,733,733,733,733,733,733,733,733,733,733,
size:18
[agent] id:23
path:711,676,675,674,673,672,707,706,671,636,601,566,531,496,461,426,427,428,429,430,431,431,431,431,431,431,431,431,431,431,431,431,431,431,
goal:431,431,431,431,431,431,431,431,431,431,431,431,431,431,431,431,431,431,431,431,431,431,431,431,431,431,431,431,431,431,431,431,431,431,
size:20
[agent] id:24
path:294,259,260,261,262,227,192,191,190,189,188,187,186,186,186,186,186,186,186,186,186,186,186,186,186,186,186,186,186,186,186,186,186,186,
goal:186,186,186,186,186,186,186,186,186,186,186,186,186,186,186,186,186,186,186,186,186,186,186,186,186,186,186,186,186,186,186,186,186,186,
size:12
[agent] id:25
path:274,309,344,379,414,449,484,519,554,553,552,551,550,549,548,547,546,545,544,543,542,541,540,540,540,540,540,540,540,540,540,540,540,540,
goal:540,540,540,540,540,540,540,540,540,540,540,540,540,540,540,540,540,540,540,540,540,540,540,540,540,540,540,540,540,540,540,540,540,540,
size:22
[agent] id:26
path:150,115,114,113,112,111,76,75,74,74,74,74,74,74,74,74,74,74,74,74,74,74,74,74,74,74,74,74,74,74,74,74,74,74,
goal:74,74,74,74,74,74,74,74,74,74,74,74,74,74,74,74,74,74,74,74,74,74,74,74,74,74,74,74,74,74,74,74,74,74,
size:8
[agent] id:27
path:575,574,573,538,537,536,535,534,533,532,532,531,496,461,426,391,390,355,320,321,322,323,323,323,323,323,323,323,323,323,323,323,323,323,
goal:323,323,323,323,323,323,323,323,323,323,323,323,323,323,323,323,323,323,323,323,323,323,323,323,323,323,323,323,323,323,323,323,323,323,
size:21
[agent] id:28
path:48,47,46,45,44,43,42,41,76,111,146,181,216,251,250,285,320,321,356,356,356,356,356,356,356,356,356,356,356,356,356,356,356,356,
goal:356,356,356,356,356,356,356,356,356,356,356,356,356,356,356,356,356,356,356,356,356,356,356,356,356,356,356,356,356,356,356,356,356,356,
size:18
[agent] id:29
path:129,164,199,198,197,196,196,196,196,196,196,196,196,196,196,196,196,196,196,196,196,196,196,196,196,196,196,196,196,196,196,196,196,196,
goal:196,196,196,196,196,196,196,196,196,196,196,196,196,196,196,196,196,196,196,196,196,196,196,196,196,196,196,196,196,196,196,196,196,196,
size:5
SolutionCost:581
