[setting] seed:18
[solver] type:ECBS
[solver] w:2.000000
[solver] ID:0
[solver] Lowlevelnode:6897
[solver] ConflictCount:11
[solver] solved:1
[solver] elapsed:41
[solver] makespan:47
[problem] timesteplimit:10000
[problem] type:MAPF
[problem] agentnum:30
[graph] width:35
[graph] height:21
[graph] filename:./map/warehouse_middle.map
[task] id:18,start:0,end:0,service time:0,nodes:55,
[task] id:23,start:0,end:0,service time:0,nodes:624,
[task] id:5,start:0,end:0,service time:0,nodes:343,
[task] id:19,start:0,end:0,service time:0,nodes:534,
[task] id:24,start:0,end:0,service time:0,nodes:174,
[task] id:11,start:0,end:0,service time:0,nodes:558,
[task] id:22,start:0,end:0,service time:0,nodes:667,
[task] id:28,start:0,end:0,service time:0,nodes:171,
[task] id:12,start:0,end:0,service time:0,nodes:585,
[task] id:26,start:0,end:0,service time:0,nodes:381,
[task] id:9,start:0,end:0,service time:0,nodes:554,
[task] id:27,start:0,end:0,service time:0,nodes:401,
[task] id:1,start:0,end:0,service time:0,nodes:161,
[task] id:15,start:0,end:0,service time:0,nodes:187,
[task] id:21,start:0,end:0,service time:0,nodes:203,
[task] id:3,start:0,end:0,service time:0,nodes:331,
[task] id:2,start:0,end:0,service time:0,nodes:347,
[task] id:13,start:0,end:0,service time:0,nodes:36,
[task] id:6,start:0,end:0,service time:0,nodes:304,
[task] id:8,start:0,end:0,service time:0,nodes:295,
[task] id:10,start:0,end:0,service time:0,nodes:18,
[task] id:14,start:0,end:0,service time:0,nodes:265,
[task] id:17,start:0,end:0,service time:0,nodes:307,
[task] id:0,start:0,end:0,service time:0,nodes:149,
[task] id:16,start:0,end:0,service time:0,nodes:151,
[task] id:7,start:0,end:0,service time:0,nodes:419,
[task] id:25,start:0,end:0,service time:0,nodes:399,
[task] id:20,start:0,end:0,service time:0,nodes:520,
[task] id:4,start:0,end:0,service time:0,nodes:213,
[task] id:29,start:0,end:0,service time:0,nodes:5,
[agent] id:0
path:414,379,344,309,274,239,204,203,202,201,200,199,198,197,196,195,160,159,158,157,156,155,154,153,152,151,150,149,149,149,149,149,149,149,149,149,149,149,149,149,149,149,149,149,149,149,149,149,
goal:149,149,149,149,149,149,149,149,149,149,149,149,149,149,149,149,149,149,149,149,149,149,149,149,149,149,149,149,149,149,149,149,149,149,149,149,149,149,149,149,149,149,149,149,149,149,149,149,
size:27
[agent] id:1
path:254,255,256,257,258,259,260,261,262,227,192,157,158,159,160,161,161,161,161,161,161,161,161,161,161,161,161,161,161,161,161,161,161,161,161,161,161,161,161,161,161,161,161,161,161,161,161,161,
goal:161,161,161,161,161,161,161,161,161,161,161,161,161,161,161,161,161,161,161,161,161,161,161,161,161,161,161,161,161,161,161,161,161,161,161,161,161,161,161,161,161,161,161,161,161,161,161,161,
size:15
[agent] id:2
path:261,296,297,298,299,300,301,302,303,304,305,306,307,308,309,344,345,346,347,347,347,347,347,347,347,347,347,347,347,347,347,347,347,347,347,347,347,347,347,347,347,347,347,347,347,347,347,347,
goal:347,347,347,347,347,347,347,347,347,347,347,347,347,347,347,347,347,347,347,347,347,347,347,347,347,347,347,347,347,347,347,347,347,347,347,347,347,347,347,347,347,347,347,347,347,347,347,347,
size:18
[agent] id:3
path:712,677,678,679,680,681,682,647,612,577,542,507,472,437,402,367,332,331,331,331,331,331,331,331,331,331,331,331,331,331,331,331,331,331,331,331,331,331,331,331,331,331,331,331,331,331,331,331,
goal:331,331,331,331,331,331,331,331,331,331,331,331,331,331,331,331,331,331,331,331,331,331,331,331,331,331,331,331,331,331,331,331,331,331,331,331,331,331,331,331,331,331,331,331,331,331,331,331,
size:17
[agent] id:4
path:729,694,659,624,589,554,519,484,449,414,379,344,309,274,273,272,271,270,269,268,267,266,265,264,263,262,261,260,259,258,257,256,255,254,253,252,251,216,215,214,213,213,213,213,213,213,213,213,
goal:213,213,213,213,213,213,213,213,213,213,213,213,213,213,213,213,213,213,213,213,213,213,213,213,213,213,213,213,213,213,213,213,213,213,213,213,213,213,213,213,213,213,213,213,213,213,213,213,
size:40
[agent] id:5
path:554,519,484,449,414,379,344,343,343,343,343,343,343,343,343,343,343,343,343,343,343,343,343,343,343,343,343,343,343,343,343,343,343,343,343,343,343,343,343,343,343,343,343,343,343,343,343,343,
goal:343,343,343,343,343,343,343,343,343,343,343,343,343,343,343,343,343,343,343,343,343,343,343,343,343,343,343,343,343,343,343,343,343,343,343,343,343,343,343,343,343,343,343,343,343,343,343,343,
size:7
[agent] id:6
path:318,283,284,285,286,287,288,289,290,291,292,293,294,295,296,297,298,299,300,301,302,303,304,304,304,304,304,304,304,304,304,304,304,304,304,304,304,304,304,304,304,304,304,304,304,304,304,304,
goal:304,304,304,304,304,304,304,304,304,304,304,304,304,304,304,304,304,304,304,304,304,304,304,304,304,304,304,304,304,304,304,304,304,304,304,304,304,304,304,304,304,304,304,304,304,304,304,304,
size:22
[agent] id:7
path:322,323,324,325,326,327,328,329,330,331,332,333,334,335,336,337,338,339,340,341,342,307,308,309,344,379,414,415,416,417,418,419,419,419,419,419,419,419,419,419,419,419,419,419,419,419,419,419,
goal:419,419,419,419,419,419,419,419,419,419,419,419,419,419,419,419,419,419,419,419,419,419,419,419,419,419,419,419,419,419,419,419,419,419,419,419,419,419,419,419,419,419,419,419,419,419,419,419,
size:31
[agent] id:8
path:561,526,491,456,421,386,351,316,281,282,283,284,285,286,287,288,289,290,291,292,293,294,295,295,295,295,295,295,295,295,295,295,295,295,295,295,295,295,295,295,295,295,295,295,295,295,295,295,
goal:295,295,295,295,295,295,295,295,295,295,295,295,295,295,295,295,295,295,295,295,295,295,295,295,295,295,295,295,295,295,295,295,295,295,295,295,295,295,295,295,295,295,295,295,295,295,295,295,
size:22
[agent] id:9
path:474,475,476,477,478,479,480,481,482,483,518,553,554,554,554,554,554,554,554,554,554,554,554,554,554,554,554,554,554,554,554,554,554,554,554,554,554,554,554,554,554,554,554,554,554,554,554,554,
goal:554,554,554,554,554,554,554,554,554,554,554,554,554,554,554,554,554,554,554,554,554,554,554,554,554,554,554,554,554,554,554,554,554,554,554,554,554,554,554,554,554,554,554,554,554,554,554,554,
size:12
[agent] id:10
path:412,413,378,343,308,273,238,238,203,168,133,98,63,28,27,26,25,24,23,22,21,20,19,18,18,18,18,18,18,18,18,18,18,18,18,18,18,18,18,18,18,18,18,18,18,18,18,18,
goal:18,18,18,18,18,18,18,18,18,18,18,18,18,18,18,18,18,18,18,18,18,18,18,18,18,18,18,18,18,18,18,18,18,18,18,18,18,18,18,18,18,18,18,18,18,18,18,18,
size:23
[agent] id:11
path:278,313,348,383,418,453,488,523,558,558,558,558,558,558,558,558,558,558,558,558,558,558,558,558,558,558,558,558,558,558,558,558,558,558,558,558,558,558,558,558,558,558,558,558,558,558,558,558,
goal:558,558,558,558,558,558,558,558,558,558,558,558,558,558,558,558,558,558,558,558,558,558,558,558,558,558,558,558,558,558,558,558,558,558,558,558,558,558,558,558,558,558,558,558,558,558,558,558,
size:8
[agent] id:12
path:452,487,522,557,592,591,590,589,588,587,586,585,585,585,585,585,585,585,585,585,585,585,585,585,585,585,585,585,585,585,585,585,585,585,585,585,585,585,585,585,585,585,585,585,585,585,585,585,
goal:585,585,585,585,585,585,585,585,585,585,585,585,585,585,585,585,585,585,585,585,585,585,585,585,585,585,585,585,585,585,585,585,585,585,585,585,585,585,585,585,585,585,585,585,585,585,585,585,
size:11
[agent] id:13
path:193,158,123,122,87,52,51,50,49,48,47,46,45,44,43,42,41,40,39,38,37,36,36,36,36,36,36,36,36,36,36,36,36,36,36,36,36,36,36,36,36,36,36,36,36,36,36,36,
goal:36,36,36,36,36,36,36,36,36,36,36,36,36,36,36,36,36,36,36,36,36,36,36,36,36,36,36,36,36,36,36,36,36,36,36,36,36,36,36,36,36,36,36,36,36,36,36,36,
size:21
[agent] id:14
path:528,493,458,423,388,389,354,319,284,285,286,287,288,289,290,291,292,293,294,295,296,297,298,299,300,265,265,265,265,265,265,265,265,265,265,265,265,265,265,265,265,265,265,265,265,265,265,265,
goal:265,265,265,265,265,265,265,265,265,265,265,265,265,265,265,265,265,265,265,265,265,265,265,265,265,265,265,265,265,265,265,265,265,265,265,265,265,265,265,265,265,265,265,265,265,265,265,265,
size:25
[agent] id:15
path:17,52,87,87,52,17,52,87,122,157,156,191,190,189,188,187,187,187,187,187,187,187,187,187,187,187,187,187,187,187,187,187,187,187,187,187,187,187,187,187,187,187,187,187,187,187,187,187,
goal:187,187,187,187,187,187,187,187,187,187,187,187,187,187,187,187,187,187,187,187,187,187,187,187,187,187,187,187,187,187,187,187,187,187,187,187,187,187,187,187,187,187,187,187,187,187,187,187,
size:15
[agent] id:16
path:588,553,518,483,448,447,446,445,444,443,442,441,440,439,438,403,402,367,332,297,262,227,192,157,156,155,154,153,152,151,151,151,151,151,151,151,151,151,151,151,151,151,151,151,151,151,151,151,
goal:151,151,151,151,151,151,151,151,151,151,151,151,151,151,151,151,151,151,151,151,151,151,151,151,151,151,151,151,151,151,151,151,151,151,151,151,151,151,151,151,151,151,151,151,151,151,151,151,
size:29
[agent] id:17
path:536,537,538,539,540,541,542,507,472,437,402,403,402,367,332,333,334,335,336,337,338,339,340,305,306,307,307,307,307,307,307,307,307,307,307,307,307,307,307,307,307,307,307,307,307,307,307,307,
goal:307,307,307,307,307,307,307,307,307,307,307,307,307,307,307,307,307,307,307,307,307,307,307,307,307,307,307,307,307,307,307,307,307,307,307,307,307,307,307,307,307,307,307,307,307,307,307,307,
size:25
[agent] id:18
path:61,60,59,58,57,56,55,55,55,55,55,55,55,55,55,55,55,55,55,55,55,55,55,55,55,55,55,55,55,55,55,55,55,55,55,55,55,55,55,55,55,55,55,55,55,55,55,55,
goal:55,55,55,55,55,55,55,55,55,55,55,55,55,55,55,55,55,55,55,55,55,55,55,55,55,55,55,55,55,55,55,55,55,55,55,55,55,55,55,55,55,55,55,55,55,55,55,55,
size:6
[agent] id:19
path:635,600,565,530,531,532,533,534,534,534,534,534,534,534,534,534,534,534,534,534,534,534,534,534,534,534,534,534,534,534,534,534,534,534,534,534,534,534,534,534,534,534,534,534,534,534,534,534,
goal:534,534,534,534,534,534,534,534,534,534,534,534,534,534,534,534,534,534,534,534,534,534,534,534,534,534,534,534,534,534,534,534,534,534,534,534,534,534,534,534,534,534,534,534,534,534,534,534,
size:7
[agent] id:20
path:213,248,283,318,353,388,423,458,459,460,461,462,463,464,465,466,467,468,469,470,471,472,473,474,475,476,477,478,479,480,481,482,483,518,519,520,520,520,520,520,520,520,520,520,520,520,520,520,
goal:520,520,520,520,520,520,520,520,520,520,520,520,520,520,520,520,520,520,520,520,520,520,520,520,520,520,520,520,520,520,520,520,520,520,520,520,520,520,520,520,520,520,520,520,520,520,520,520,
size:35
[agent] id:21
path:626,591,556,521,486,451,416,381,346,311,276,241,206,205,204,203,203,203,203,203,203,203,203,203,203,203,203,203,203,203,203,203,203,203,203,203,203,203,203,203,203,203,203,203,203,203,203,203,
goal:203,203,203,203,203,203,203,203,203,203,203,203,203,203,203,203,203,203,203,203,203,203,203,203,203,203,203,203,203,203,203,203,203,203,203,203,203,203,203,203,203,203,203,203,203,203,203,203,
size:15
[agent] id:22
path:603,602,601,636,671,670,669,668,667,667,667,667,667,667,667,667,667,667,667,667,667,667,667,667,667,667,667,667,667,667,667,667,667,667,667,667,667,667,667,667,667,667,667,667,667,667,667,667,
goal:667,667,667,667,667,667,667,667,667,667,667,667,667,667,667,667,667,667,667,667,667,667,667,667,667,667,667,667,667,667,667,667,667,667,667,667,667,667,667,667,667,667,667,667,667,667,667,667,
size:8
[agent] id:23
path:732,697,662,627,626,625,624,624,624,624,624,624,624,624,624,624,624,624,624,624,624,624,624,624,624,624,624,624,624,624,624,624,624,624,624,624,624,624,624,624,624,624,624,624,624,624,624,624,
goal:624,624,624,624,624,624,624,624,624,624,624,624,624,624,624,624,624,624,624,624,624,624,624,624,624,624,624,624,624,624,624,624,624,624,624,624,624,624,624,624,624,624,624,624,624,624,624,624,
size:6
[agent] id:24
path:133,168,169,170,171,172,173,174,174,174,174,174,174,174,174,174,174,174,174,174,174,174,174,174,174,174,174,174,174,174,174,174,174,174,174,174,174,174,174,174,174,174,174,174,174,174,174,174,
goal:174,174,174,174,174,174,174,174,174,174,174,174,174,174,174,174,174,174,174,174,174,174,174,174,174,174,174,174,174,174,174,174,174,174,174,174,174,174,174,174,174,174,174,174,174,174,174,174,
size:7
[agent] id:25
path:34,69,104,139,174,209,244,279,314,349,384,419,418,417,416,415,414,413,412,411,410,409,408,407,406,405,404,403,402,437,436,435,400,399,399,399,399,399,399,399,399,399,399,399,399,399,399,399,
goal:399,399,399,399,399,399,399,399,399,399,399,399,399,399,399,399,399,399,399,399,399,399,399,399,399,399,399,399,399,399,399,399,399,399,399,399,399,399,399,399,399,399,399,399,399,399,399,399,
size:33
[agent] id:26
path:658,623,588,553,518,483,448,413,378,379,380,381,381,381,381,381,381,381,381,381,381,381,381,381,381,381,381,381,381,381,381,381,381,381,381,381,381,381,381,381,381,381,381,381,381,381,381,381,
goal:381,381,381,381,381,381,381,381,381,381,381,381,381,381,381,381,381,381,381,381,381,381,381,381,381,381,381,381,381,381,381,381,381,381,381,381,381,381,381,381,381,381,381,381,381,381,381,381,
size:11
[agent] id:27
path:161,196,195,194,193,192,227,262,297,332,367,402,401,401,401,401,401,401,401,401,401,401,401,401,401,401,401,401,401,401,401,401,401,401,401,401,401,401,401,401,401,401,401,401,401,401,401,401,
goal:401,401,401,401,401,401,401,401,401,401,401,401,401,401,401,401,401,401,401,401,401,401,401,401,401,401,401,401,401,401,401,401,401,401,401,401,401,401,401,401,401,401,401,401,401,401,401,401,
size:12
[agent] id:28
path:413,378,343,308,273,238,203,168,169,170,171,171,171,171,171,171,171,171,171,171,171,171,171,171,171,171,171,171,171,171,171,171,171,171,171,171,171,171,171,171,171,171,171,171,171,171,171,171,
goal:171,171,171,171,171,171,171,171,171,171,171,171,171,171,171,171,171,171,171,171,171,171,171,171,171,171,171,171,171,171,171,171,171,171,171,171,171,171,171,171,171,171,171,171,171,171,171,171,
size:10
[agent] id:29
path:698,663,628,593,558,523,522,487,452,417,382,347,312,277,242,207,172,137,136,135,134,133,132,131,130,129,128,127,126,125,124,123,122,87,52,17,16,15,14,13,12,11,10,9,8,7,6,5,
goal:5,5,5,5,5,5,5,5,5,5,5,5,5,5,5,5,5,5,5,5,5,5,5,5,5,5,5,5,5,5,5,5,5,5,5,5,5,5,5,5,5,5,5,5,5,5,5,5,
size:47
SolutionCost:565
