[setting] seed:96
[solver] type:ECBS
[solver] w:2.000000
[solver] ID:0
[solver] Lowlevelnode:4468
[solver] ConflictCount:12
[solver] solved:1
[solver] elapsed:29
[solver] makespan:44
[problem] timesteplimit:10000
[problem] type:MAPF
[problem] agentnum:30
[graph] width:35
[graph] height:21
[graph] filename:./map/warehouse_middle.map
[task] id:8,start:0,end:0,service time:0,nodes:312,
[task] id:4,start:0,end:0,service time:0,nodes:346,
[task] id:17,start:0,end:0,service time:0,nodes:314,
[task] id:14,start:0,end:0,service time:0,nodes:174,
[task] id:0,start:0,end:0,service time:0,nodes:720,
[task] id:2,start:0,end:0,service time:0,nodes:608,
[task] id:23,start:0,end:0,service time:0,nodes:277,
[task] id:3,start:0,end:0,service time:0,nodes:172,
[task] id:12,start:0,end:0,service time:0,nodes:457,
[task] id:7,start:0,end:0,service time:0,nodes:681,
[task] id:15,start:0,end:0,service time:0,nodes:484,
[task] id:13,start:0,end:0,service time:0,nodes:621,
[task] id:26,start:0,end:0,service time:0,nodes:565,
[task] id:19,start:0,end:0,service time:0,nodes:315,
[task] id:24,start:0,end:0,service time:0,nodes:113,
[task] id:18,start:0,end:0,service time:0,nodes:367,
[task] id:5,start:0,end:0,service time:0,nodes:4,
[task] id:29,start:0,end:0,service time:0,nodes:337,
[task] id:16,start:0,end:0,service time:0,nodes:538,
[task] id:21,start:0,end:0,service time:0,nodes:58,
[task] id:22,start:0,end:0,service time:0,nodes:98,
[task] id:20,start:0,end:0,service time:0,nodes:109,
[task] id:28,start:0,end:0,service time:0,nodes:180,
[task] id:6,start:0,end:0,service time:0,nodes:155,
[task] id:10,start:0,end:0,service time:0,nodes:135,
[task] id:1,start:0,end:0,service time:0,nodes:212,
[task] id:9,start:0,end:0,service time:0,nodes:571,
[task] id:27,start:0,end:0,service time:0,nodes:595,
[task] id:11,start:0,end:0,service time:0,nodes:144,
[task] id:25,start:0,end:0,service time:0,nodes:733,
[agent] id:0
path:728,727,726,725,724,723,722,721,720,720,720,720,720,720,720,720,720,720,720,720,720,720,720,720,720,720,720,720,720,720,720,720,720,720,720,720,720,720,720,720,720,720,720,720,720,
goal:720,720,720,720,720,720,720,720,720,720,720,720,720,720,720,720,720,720,720,720,720,720,720,720,720,720,720,720,720,720,720,720,720,720,720,720,720,720,720,720,720,720,720,720,720,
size:8
[agent] id:1
path:520,485,450,449,414,379,344,309,274,273,272,271,270,269,268,267,266,265,264,263,262,261,260,259,258,257,256,255,254,253,252,251,216,215,214,213,212,212,212,212,212,212,212,212,212,
goal:212,212,212,212,212,212,212,212,212,212,212,212,212,212,212,212,212,212,212,212,212,212,212,212,212,212,212,212,212,212,212,212,212,212,212,212,212,212,212,212,212,212,212,212,212,
size:36
[agent] id:2
path:599,600,601,602,603,604,605,606,607,608,608,608,608,608,608,608,608,608,608,608,608,608,608,608,608,608,608,608,608,608,608,608,608,608,608,608,608,608,608,608,608,608,608,608,608,
goal:608,608,608,608,608,608,608,608,608,608,608,608,608,608,608,608,608,608,608,608,608,608,608,608,608,608,608,608,608,608,608,608,608,608,608,608,608,608,608,608,608,608,608,608,608,
size:9
[agent] id:3
path:378,343,308,309,274,239,204,169,170,171,172,172,172,172,172,172,172,172,172,172,172,172,172,172,172,172,172,172,172,172,172,172,172,172,172,172,172,172,172,172,172,172,172,172,172,
goal:172,172,172,172,172,172,172,172,172,172,172,172,172,172,172,172,172,172,172,172,172,172,172,172,172,172,172,172,172,172,172,172,172,172,172,172,172,172,172,172,172,172,172,172,172,
size:10
[agent] id:4
path:314,349,348,347,346,346,346,346,346,346,346,346,346,346,346,346,346,346,346,346,346,346,346,346,346,346,346,346,346,346,346,346,346,346,346,346,346,346,346,346,346,346,346,346,346,
goal:346,346,346,346,346,346,346,346,346,346,346,346,346,346,346,346,346,346,346,346,346,346,346,346,346,346,346,346,346,346,346,346,346,346,346,346,346,346,346,346,346,346,346,346,346,
size:4
[agent] id:5
path:598,563,528,493,458,423,388,353,318,283,248,213,178,143,108,73,38,3,4,4,4,4,4,4,4,4,4,4,4,4,4,4,4,4,4,4,4,4,4,4,4,4,4,4,4,
goal:4,4,4,4,4,4,4,4,4,4,4,4,4,4,4,4,4,4,4,4,4,4,4,4,4,4,4,4,4,4,4,4,4,4,4,4,4,4,4,4,4,4,4,4,4,
size:18
[agent] id:6
path:524,489,454,419,384,349,348,313,278,243,208,207,206,171,170,169,168,167,166,165,164,163,162,161,160,159,158,157,156,155,155,155,155,155,155,155,155,155,155,155,155,155,155,155,155,
goal:155,155,155,155,155,155,155,155,155,155,155,155,155,155,155,155,155,155,155,155,155,155,155,155,155,155,155,155,155,155,155,155,155,155,155,155,155,155,155,155,155,155,155,155,155,
size:29
[agent] id:7
path:584,619,618,617,616,615,614,613,612,647,682,681,681,681,681,681,681,681,681,681,681,681,681,681,681,681,681,681,681,681,681,681,681,681,681,681,681,681,681,681,681,681,681,681,681,
goal:681,681,681,681,681,681,681,681,681,681,681,681,681,681,681,681,681,681,681,681,681,681,681,681,681,681,681,681,681,681,681,681,681,681,681,681,681,681,681,681,681,681,681,681,681,
size:11
[agent] id:8
path:383,348,347,312,312,312,312,312,312,312,312,312,312,312,312,312,312,312,312,312,312,312,312,312,312,312,312,312,312,312,312,312,312,312,312,312,312,312,312,312,312,312,312,312,312,
goal:312,312,312,312,312,312,312,312,312,312,312,312,312,312,312,312,312,312,312,312,312,312,312,312,312,312,312,312,312,312,312,312,312,312,312,312,312,312,312,312,312,312,312,312,312,
size:3
[agent] id:9
path:24,59,58,57,56,55,54,53,52,87,122,157,192,191,190,189,188,187,186,185,184,183,182,181,216,251,286,321,356,391,426,461,496,531,566,567,568,569,570,571,571,571,571,571,571,
goal:571,571,571,571,571,571,571,571,571,571,571,571,571,571,571,571,571,571,571,571,571,571,571,571,571,571,571,571,571,571,571,571,571,571,571,571,571,571,571,571,571,571,571,571,571,
size:39
[agent] id:10
path:465,430,431,396,397,398,399,400,401,402,403,404,405,406,407,408,409,410,411,412,413,378,343,308,273,238,203,168,133,134,135,135,135,135,135,135,135,135,135,135,135,135,135,135,135,
goal:135,135,135,135,135,135,135,135,135,135,135,135,135,135,135,135,135,135,135,135,135,135,135,135,135,135,135,135,135,135,135,135,135,135,135,135,135,135,135,135,135,135,135,135,135,
size:30
[agent] id:11
path:662,627,592,557,522,487,452,417,382,381,380,345,310,275,240,205,204,203,202,201,200,199,198,197,196,195,194,193,192,191,190,189,154,153,152,151,150,149,148,147,146,145,144,144,144,
goal:144,144,144,144,144,144,144,144,144,144,144,144,144,144,144,144,144,144,144,144,144,144,144,144,144,144,144,144,144,144,144,144,144,144,144,144,144,144,144,144,144,144,144,144,144,
size:42
[agent] id:12
path:467,466,465,464,463,462,461,460,459,458,457,457,457,457,457,457,457,457,457,457,457,457,457,457,457,457,457,457,457,457,457,457,457,457,457,457,457,457,457,457,457,457,457,457,457,
goal:457,457,457,457,457,457,457,457,457,457,457,457,457,457,457,457,457,457,457,457,457,457,457,457,457,457,457,457,457,457,457,457,457,457,457,457,457,457,457,457,457,457,457,457,457,
size:10
[agent] id:13
path:345,380,415,450,485,520,555,590,625,624,623,622,621,621,621,621,621,621,621,621,621,621,621,621,621,621,621,621,621,621,621,621,621,621,621,621,621,621,621,621,621,621,621,621,621,
goal:621,621,621,621,621,621,621,621,621,621,621,621,621,621,621,621,621,621,621,621,621,621,621,621,621,621,621,621,621,621,621,621,621,621,621,621,621,621,621,621,621,621,621,621,621,
size:12
[agent] id:14
path:135,170,171,172,173,174,174,174,174,174,174,174,174,174,174,174,174,174,174,174,174,174,174,174,174,174,174,174,174,174,174,174,174,174,174,174,174,174,174,174,174,174,174,174,174,
goal:174,174,174,174,174,174,174,174,174,174,174,174,174,174,174,174,174,174,174,174,174,174,174,174,174,174,174,174,174,174,174,174,174,174,174,174,174,174,174,174,174,174,174,174,174,
size:5
[agent] id:15
path:243,278,313,348,383,418,453,488,487,486,485,484,484,484,484,484,484,484,484,484,484,484,484,484,484,484,484,484,484,484,484,484,484,484,484,484,484,484,484,484,484,484,484,484,484,
goal:484,484,484,484,484,484,484,484,484,484,484,484,484,484,484,484,484,484,484,484,484,484,484,484,484,484,484,484,484,484,484,484,484,484,484,484,484,484,484,484,484,484,484,484,484,
size:11
[agent] id:16
path:307,342,341,340,339,338,337,336,335,334,333,332,367,402,437,472,507,542,541,540,539,538,538,538,538,538,538,538,538,538,538,538,538,538,538,538,538,538,538,538,538,538,538,538,538,
goal:538,538,538,538,538,538,538,538,538,538,538,538,538,538,538,538,538,538,538,538,538,538,538,538,538,538,538,538,538,538,538,538,538,538,538,538,538,538,538,538,538,538,538,538,538,
size:21
[agent] id:17
path:418,383,384,349,314,314,314,314,314,314,314,314,314,314,314,314,314,314,314,314,314,314,314,314,314,314,314,314,314,314,314,314,314,314,314,314,314,314,314,314,314,314,314,314,314,
goal:314,314,314,314,314,314,314,314,314,314,314,314,314,314,314,314,314,314,314,314,314,314,314,314,314,314,314,314,314,314,314,314,314,314,314,314,314,314,314,314,314,314,314,314,314,
size:4
[agent] id:18
path:203,238,273,308,343,342,341,340,339,338,337,336,335,334,333,332,367,367,367,367,367,367,367,367,367,367,367,367,367,367,367,367,367,367,367,367,367,367,367,367,367,367,367,367,367,
goal:367,367,367,367,367,367,367,367,367,367,367,367,367,367,367,367,367,367,367,367,367,367,367,367,367,367,367,367,367,367,367,367,367,367,367,367,367,367,367,367,367,367,367,367,367,
size:16
[agent] id:19
path:466,431,396,395,394,393,392,391,356,321,320,319,318,317,316,315,315,315,315,315,315,315,315,315,315,315,315,315,315,315,315,315,315,315,315,315,315,315,315,315,315,315,315,315,315,
goal:315,315,315,315,315,315,315,315,315,315,315,315,315,315,315,315,315,315,315,315,315,315,315,315,315,315,315,315,315,315,315,315,315,315,315,315,315,315,315,315,315,315,315,315,315,
size:15
[agent] id:20
path:133,132,131,130,129,128,127,126,125,124,123,122,121,120,119,118,117,116,115,114,149,148,147,112,111,110,109,109,109,109,109,109,109,109,109,109,109,109,109,109,109,109,109,109,109,
goal:109,109,109,109,109,109,109,109,109,109,109,109,109,109,109,109,109,109,109,109,109,109,109,109,109,109,109,109,109,109,109,109,109,109,109,109,109,109,109,109,109,109,109,109,109,
size:26
[agent] id:21
path:0,35,36,37,38,39,40,41,42,43,44,45,46,47,48,49,50,51,52,53,54,55,56,57,58,58,58,58,58,58,58,58,58,58,58,58,58,58,58,58,58,58,58,58,58,
goal:58,58,58,58,58,58,58,58,58,58,58,58,58,58,58,58,58,58,58,58,58,58,58,58,58,58,58,58,58,58,58,58,58,58,58,58,58,58,58,58,58,58,58,58,58,
size:24
[agent] id:22
path:722,687,688,689,690,691,692,693,658,623,588,553,518,483,448,413,378,343,308,273,238,203,168,133,98,98,98,98,98,98,98,98,98,98,98,98,98,98,98,98,98,98,98,98,98,
goal:98,98,98,98,98,98,98,98,98,98,98,98,98,98,98,98,98,98,98,98,98,98,98,98,98,98,98,98,98,98,98,98,98,98,98,98,98,98,98,98,98,98,98,98,98,
size:24
[agent] id:23
path:166,201,202,203,238,273,274,275,276,277,277,277,277,277,277,277,277,277,277,277,277,277,277,277,277,277,277,277,277,277,277,277,277,277,277,277,277,277,277,277,277,277,277,277,277,
goal:277,277,277,277,277,277,277,277,277,277,277,277,277,277,277,277,277,277,277,277,277,277,277,277,277,277,277,277,277,277,277,277,277,277,277,277,277,277,277,277,277,277,277,277,277,
size:9
[agent] id:24
path:430,395,394,393,392,391,356,321,286,251,216,181,146,111,112,113,113,113,113,113,113,113,113,113,113,113,113,113,113,113,113,113,113,113,113,113,113,113,113,113,113,113,113,113,113,
goal:113,113,113,113,113,113,113,113,113,113,113,113,113,113,113,113,113,113,113,113,113,113,113,113,113,113,113,113,113,113,113,113,113,113,113,113,113,113,113,113,113,113,113,113,113,
size:15
[agent] id:25
path:248,283,318,353,388,389,424,425,426,461,462,463,464,465,466,467,468,469,470,471,471,472,507,542,543,578,579,580,581,582,583,584,585,586,587,622,623,658,693,728,729,730,731,732,733,
goal:733,733,733,733,733,733,733,733,733,733,733,733,733,733,733,733,733,733,733,733,733,733,733,733,733,733,733,733,733,733,733,733,733,733,733,733,733,733,733,733,733,733,733,733,733,
size:44
[agent] id:26
path:541,576,575,574,573,572,571,570,569,568,567,566,565,565,565,565,565,565,565,565,565,565,565,565,565,565,565,565,565,565,565,565,565,565,565,565,565,565,565,565,565,565,565,565,565,
goal:565,565,565,565,565,565,565,565,565,565,565,565,565,565,565,565,565,565,565,565,565,565,565,565,565,565,565,565,565,565,565,565,565,565,565,565,565,565,565,565,565,565,565,565,565,
size:12
[agent] id:27
path:311,346,381,416,451,486,521,556,591,590,589,588,587,586,585,584,583,582,581,580,579,578,577,576,575,574,573,572,607,606,605,604,603,602,601,600,599,598,597,596,595,595,595,595,595,
goal:595,595,595,595,595,595,595,595,595,595,595,595,595,595,595,595,595,595,595,595,595,595,595,595,595,595,595,595,595,595,595,595,595,595,595,595,595,595,595,595,595,595,595,595,595,
size:40
[agent] id:28
path:478,443,408,407,406,405,404,403,402,367,332,297,262,227,192,191,190,189,188,187,186,185,184,183,182,181,180,180,180,180,180,180,180,180,180,180,180,180,180,180,180,180,180,180,180,
goal:180,180,180,180,180,180,180,180,180,180,180,180,180,180,180,180,180,180,180,180,180,180,180,180,180,180,180,180,180,180,180,180,180,180,180,180,180,180,180,180,180,180,180,180,180,
size:26
[agent] id:29
path:729,694,659,624,589,554,519,484,449,414,379,344,343,342,341,340,339,338,337,337,337,337,337,337,337,337,337,337,337,337,337,337,337,337,337,337,337,337,337,337,337,337,337,337,337,
goal:337,337,337,337,337,337,337,337,337,337,337,337,337,337,337,337,337,337,337,337,337,337,337,337,337,337,337,337,337,337,337,337,337,337,337,337,337,337,337,337,337,337,337,337,337,
size:18
SolutionCost:571
