[setting] seed:98
[solver] type:ECBS
[solver] w:2.000000
[solver] ID:0
[solver] Lowlevelnode:3227
[solver] ConflictCount:12
[solver] solved:1
[solver] elapsed:22
[solver] makespan:43
[problem] timesteplimit:10000
[problem] type:MAPF
[problem] agentnum:30
[graph] width:35
[graph] height:21
[graph] filename:./map/warehouse_middle.map
[task] id:27,start:0,end:0,service time:0,nodes:386,
[task] id:13,start:0,end:0,service time:0,nodes:348,
[task] id:25,start:0,end:0,service time:0,nodes:248,
[task] id:15,start:0,end:0,service time:0,nodes:484,
[task] id:7,start:0,end:0,service time:0,nodes:460,
[task] id:4,start:0,end:0,service time:0,nodes:429,
[task] id:14,start:0,end:0,service time:0,nodes:594,
[task] id:29,start:0,end:0,service time:0,nodes:325,
[task] id:3,start:0,end:0,service time:0,nodes:301,
[task] id:1,start:0,end:0,service time:0,nodes:4,
[task] id:16,start:0,end:0,service time:0,nodes:215,
[task] id:23,start:0,end:0,service time:0,nodes:330,
[task] id:20,start:0,end:0,service time:0,nodes:666,
[task] id:8,start:0,end:0,service time:0,nodes:727,
[task] id:22,start:0,end:0,service time:0,nodes:328,
[task] id:5,start:0,end:0,service time:0,nodes:433,
[task] id:11,start:0,end:0,service time:0,nodes:131,
[task] id:2,start:0,end:0,service time:0,nodes:341,
[task] id:12,start:0,end:0,service time:0,nodes:139,
[task] id:26,start:0,end:0,service time:0,nodes:480,
[task] id:10,start:0,end:0,service time:0,nodes:323,
[task] id:21,start:0,end:0,service time:0,nodes:393,
[task] id:17,start:0,end:0,service time:0,nodes:557,
[task] id:18,start:0,end:0,service time:0,nodes:351,
[task] id:24,start:0,end:0,service time:0,nodes:458,
[task] id:6,start:0,end:0,service time:0,nodes:556,
[task] id:19,start:0,end:0,service time:0,nodes:662,
[task] id:9,start:0,end:0,service time:0,nodes:691,
[task] id:28,start:0,end:0,service time:0,nodes:23,
[task] id:0,start:0,end:0,service time:0,nodes:173,
[agent] id:0
path:490,455,420,385,350,315,280,245,210,175,140,141,142,143,144,145,146,147,148,149,150,151,152,153,154,155,156,157,158,159,160,161,162,163,164,165,166,167,168,169,170,171,172,173,
goal:173,173,173,173,173,173,173,173,173,173,173,173,173,173,173,173,173,173,173,173,173,173,173,173,173,173,173,173,173,173,173,173,173,173,173,173,173,173,173,173,173,173,173,173,
size:43
[agent] id:1
path:456,421,422,387,352,317,282,247,212,177,142,107,72,37,2,3,4,4,4,4,4,4,4,4,4,4,4,4,4,4,4,4,4,4,4,4,4,4,4,4,4,4,4,4,
goal:4,4,4,4,4,4,4,4,4,4,4,4,4,4,4,4,4,4,4,4,4,4,4,4,4,4,4,4,4,4,4,4,4,4,4,4,4,4,4,4,4,4,4,4,
size:16
[agent] id:2
path:606,571,536,537,538,539,540,541,542,507,472,437,402,367,332,333,334,335,336,337,338,339,340,341,341,341,341,341,341,341,341,341,341,341,341,341,341,341,341,341,341,341,341,341,
goal:341,341,341,341,341,341,341,341,341,341,341,341,341,341,341,341,341,341,341,341,341,341,341,341,341,341,341,341,341,341,341,341,341,341,341,341,341,341,341,341,341,341,341,341,
size:23
[agent] id:3
path:610,575,540,541,542,507,472,437,402,367,332,297,298,299,300,301,301,301,301,301,301,301,301,301,301,301,301,301,301,301,301,301,301,301,301,301,301,301,301,301,301,301,301,301,
goal:301,301,301,301,301,301,301,301,301,301,301,301,301,301,301,301,301,301,301,301,301,301,301,301,301,301,301,301,301,301,301,301,301,301,301,301,301,301,301,301,301,301,301,301,
size:15
[agent] id:4
path:455,420,421,422,423,424,425,426,427,428,429,429,429,429,429,429,429,429,429,429,429,429,429,429,429,429,429,429,429,429,429,429,429,429,429,429,429,429,429,429,429,429,429,429,
goal:429,429,429,429,429,429,429,429,429,429,429,429,429,429,429,429,429,429,429,429,429,429,429,429,429,429,429,429,429,429,429,429,429,429,429,429,429,429,429,429,429,429,429,429,
size:10
[agent] id:5
path:38,73,108,143,178,213,214,249,284,319,354,389,390,391,392,393,394,395,430,431,432,433,433,433,433,433,433,433,433,433,433,433,433,433,433,433,433,433,433,433,433,433,433,433,
goal:433,433,433,433,433,433,433,433,433,433,433,433,433,433,433,433,433,433,433,433,433,433,433,433,433,433,433,433,433,433,433,433,433,433,433,433,433,433,433,433,433,433,433,433,
size:21
[agent] id:6
path:252,253,254,255,256,257,258,259,260,261,262,263,264,265,266,267,302,337,338,339,340,341,342,343,378,413,448,483,518,553,554,555,556,556,556,556,556,556,556,556,556,556,556,556,
goal:556,556,556,556,556,556,556,556,556,556,556,556,556,556,556,556,556,556,556,556,556,556,556,556,556,556,556,556,556,556,556,556,556,556,556,556,556,556,556,556,556,556,556,556,
size:32
[agent] id:7
path:667,632,597,562,527,492,457,458,459,460,460,460,460,460,460,460,460,460,460,460,460,460,460,460,460,460,460,460,460,460,460,460,460,460,460,460,460,460,460,460,460,460,460,460,
goal:460,460,460,460,460,460,460,460,460,460,460,460,460,460,460,460,460,460,460,460,460,460,460,460,460,460,460,460,460,460,460,460,460,460,460,460,460,460,460,460,460,460,460,460,
size:9
[agent] id:8
path:336,337,338,339,340,341,342,343,378,413,448,483,518,553,588,623,658,693,728,727,727,727,727,727,727,727,727,727,727,727,727,727,727,727,727,727,727,727,727,727,727,727,727,727,
goal:727,727,727,727,727,727,727,727,727,727,727,727,727,727,727,727,727,727,727,727,727,727,727,727,727,727,727,727,727,727,727,727,727,727,727,727,727,727,727,727,727,727,727,727,
size:19
[agent] id:9
path:285,286,321,356,391,426,427,428,429,430,431,432,433,434,435,436,436,471,436,471,472,507,542,577,612,647,682,683,684,685,686,687,688,689,690,691,691,691,691,691,691,691,691,691,
goal:691,691,691,691,691,691,691,691,691,691,691,691,691,691,691,691,691,691,691,691,691,691,691,691,691,691,691,691,691,691,691,691,691,691,691,691,691,691,691,691,691,691,691,691,
size:35
[agent] id:10
path:25,60,59,58,57,56,55,54,53,52,87,122,157,192,227,262,297,296,295,294,293,292,291,290,289,324,323,323,323,323,323,323,323,323,323,323,323,323,323,323,323,323,323,323,
goal:323,323,323,323,323,323,323,323,323,323,323,323,323,323,323,323,323,323,323,323,323,323,323,323,323,323,323,323,323,323,323,323,323,323,323,323,323,323,323,323,323,323,323,323,
size:26
[agent] id:11
path:470,435,400,401,402,367,332,297,262,227,192,193,158,123,124,125,126,127,128,129,130,131,131,131,131,131,131,131,131,131,131,131,131,131,131,131,131,131,131,131,131,131,131,131,
goal:131,131,131,131,131,131,131,131,131,131,131,131,131,131,131,131,131,131,131,131,131,131,131,131,131,131,131,131,131,131,131,131,131,131,131,131,131,131,131,131,131,131,131,131,
size:21
[agent] id:12
path:438,439,440,441,442,443,444,445,446,411,412,413,378,343,308,273,238,203,168,133,134,135,136,137,138,139,139,139,139,139,139,139,139,139,139,139,139,139,139,139,139,139,139,139,
goal:139,139,139,139,139,139,139,139,139,139,139,139,139,139,139,139,139,139,139,139,139,139,139,139,139,139,139,139,139,139,139,139,139,139,139,139,139,139,139,139,139,139,139,139,
size:25
[agent] id:13
path:380,345,346,347,348,348,348,348,348,348,348,348,348,348,348,348,348,348,348,348,348,348,348,348,348,348,348,348,348,348,348,348,348,348,348,348,348,348,348,348,348,348,348,348,
goal:348,348,348,348,348,348,348,348,348,348,348,348,348,348,348,348,348,348,348,348,348,348,348,348,348,348,348,348,348,348,348,348,348,348,348,348,348,348,348,348,348,348,348,348,
size:4
[agent] id:14
path:692,693,658,623,588,589,590,591,592,593,594,594,594,594,594,594,594,594,594,594,594,594,594,594,594,594,594,594,594,594,594,594,594,594,594,594,594,594,594,594,594,594,594,594,
goal:594,594,594,594,594,594,594,594,594,594,594,594,594,594,594,594,594,594,594,594,594,594,594,594,594,594,594,594,594,594,594,594,594,594,594,594,594,594,594,594,594,594,594,594,
size:10
[agent] id:15
path:274,309,344,379,414,449,484,484,484,484,484,484,484,484,484,484,484,484,484,484,484,484,484,484,484,484,484,484,484,484,484,484,484,484,484,484,484,484,484,484,484,484,484,484,
goal:484,484,484,484,484,484,484,484,484,484,484,484,484,484,484,484,484,484,484,484,484,484,484,484,484,484,484,484,484,484,484,484,484,484,484,484,484,484,484,484,484,484,484,484,
size:6
[agent] id:16
path:160,195,194,193,192,191,190,189,188,187,186,185,184,183,182,181,216,215,215,215,215,215,215,215,215,215,215,215,215,215,215,215,215,215,215,215,215,215,215,215,215,215,215,215,
goal:215,215,215,215,215,215,215,215,215,215,215,215,215,215,215,215,215,215,215,215,215,215,215,215,215,215,215,215,215,215,215,215,215,215,215,215,215,215,215,215,215,215,215,215,
size:17
[agent] id:17
path:602,567,532,533,534,535,536,537,538,539,540,541,542,543,544,545,546,547,548,549,550,551,552,553,554,555,556,557,557,557,557,557,557,557,557,557,557,557,557,557,557,557,557,557,
goal:557,557,557,557,557,557,557,557,557,557,557,557,557,557,557,557,557,557,557,557,557,557,557,557,557,557,557,557,557,557,557,557,557,557,557,557,557,557,557,557,557,557,557,557,
size:27
[agent] id:18
path:719,684,683,682,647,612,577,542,507,472,437,402,401,400,399,398,397,396,395,394,393,392,391,356,355,354,353,352,351,351,351,351,351,351,351,351,351,351,351,351,351,351,351,351,
goal:351,351,351,351,351,351,351,351,351,351,351,351,351,351,351,351,351,351,351,351,351,351,351,351,351,351,351,351,351,351,351,351,351,351,351,351,351,351,351,351,351,351,351,351,
size:28
[agent] id:19
path:527,562,563,598,599,600,601,602,603,604,605,606,607,608,609,610,611,612,613,614,615,616,617,618,619,620,621,622,623,658,659,660,661,662,662,662,662,662,662,662,662,662,662,662,
goal:662,662,662,662,662,662,662,662,662,662,662,662,662,662,662,662,662,662,662,662,662,662,662,662,662,662,662,662,662,662,662,662,662,662,662,662,662,662,662,662,662,662,662,662,
size:33
[agent] id:20
path:324,323,322,321,356,391,426,461,496,531,566,601,636,671,670,669,668,667,666,666,666,666,666,666,666,666,666,666,666,666,666,666,666,666,666,666,666,666,666,666,666,666,666,666,
goal:666,666,666,666,666,666,666,666,666,666,666,666,666,666,666,666,666,666,666,666,666,666,666,666,666,666,666,666,666,666,666,666,666,666,666,666,666,666,666,666,666,666,666,666,
size:18
[agent] id:21
path:419,418,417,416,415,414,413,412,411,410,409,408,407,406,405,404,403,402,401,400,399,398,397,396,395,394,393,393,393,393,393,393,393,393,393,393,393,393,393,393,393,393,393,393,
goal:393,393,393,393,393,393,393,393,393,393,393,393,393,393,393,393,393,393,393,393,393,393,393,393,393,393,393,393,393,393,393,393,393,393,393,393,393,393,393,393,393,393,393,393,
size:26
[agent] id:22
path:273,308,307,306,305,340,339,338,337,336,335,334,333,333,298,297,296,295,294,329,328,328,328,328,328,328,328,328,328,328,328,328,328,328,328,328,328,328,328,328,328,328,328,328,
goal:328,328,328,328,328,328,328,328,328,328,328,328,328,328,328,328,328,328,328,328,328,328,328,328,328,328,328,328,328,328,328,328,328,328,328,328,328,328,328,328,328,328,328,328,
size:20
[agent] id:23
path:59,58,57,56,55,54,53,52,87,122,157,192,227,262,297,332,331,330,330,330,330,330,330,330,330,330,330,330,330,330,330,330,330,330,330,330,330,330,330,330,330,330,330,330,
goal:330,330,330,330,330,330,330,330,330,330,330,330,330,330,330,330,330,330,330,330,330,330,330,330,330,330,330,330,330,330,330,330,330,330,330,330,330,330,330,330,330,330,330,330,
size:17
[agent] id:24
path:165,200,199,198,197,196,195,194,193,192,191,190,189,188,187,186,185,184,183,182,181,216,251,286,321,356,391,426,425,424,459,458,458,458,458,458,458,458,458,458,458,458,458,458,
goal:458,458,458,458,458,458,458,458,458,458,458,458,458,458,458,458,458,458,458,458,458,458,458,458,458,458,458,458,458,458,458,458,458,458,458,458,458,458,458,458,458,458,458,458,
size:31
[agent] id:25
path:320,285,250,249,248,248,248,248,248,248,248,248,248,248,248,248,248,248,248,248,248,248,248,248,248,248,248,248,248,248,248,248,248,248,248,248,248,248,248,248,248,248,248,248,
goal:248,248,248,248,248,248,248,248,248,248,248,248,248,248,248,248,248,248,248,248,248,248,248,248,248,248,248,248,248,248,248,248,248,248,248,248,248,248,248,248,248,248,248,248,
size:4
[agent] id:26
path:491,456,457,458,459,460,461,462,463,464,465,466,467,468,469,470,471,472,473,474,475,476,477,478,479,480,480,480,480,480,480,480,480,480,480,480,480,480,480,480,480,480,480,480,
goal:480,480,480,480,480,480,480,480,480,480,480,480,480,480,480,480,480,480,480,480,480,480,480,480,480,480,480,480,480,480,480,480,480,480,480,480,480,480,480,480,480,480,480,480,
size:25
[agent] id:27
path:352,387,386,386,386,386,386,386,386,386,386,386,386,386,386,386,386,386,386,386,386,386,386,386,386,386,386,386,386,386,386,386,386,386,386,386,386,386,386,386,386,386,386,386,
goal:386,386,386,386,386,386,386,386,386,386,386,386,386,386,386,386,386,386,386,386,386,386,386,386,386,386,386,386,386,386,386,386,386,386,386,386,386,386,386,386,386,386,386,386,
size:2
[agent] id:28
path:707,672,673,674,675,676,677,678,679,680,681,682,647,612,577,542,507,507,472,437,402,367,332,297,262,227,192,192,157,122,87,52,17,18,19,20,21,22,23,23,23,23,23,23,
goal:23,23,23,23,23,23,23,23,23,23,23,23,23,23,23,23,23,23,23,23,23,23,23,23,23,23,23,23,23,23,23,23,23,23,23,23,23,23,23,23,23,23,23,23,
size:38
[agent] id:29
path:541,542,507,472,437,402,367,332,331,330,329,328,327,326,325,325,325,325,325,325,325,325,325,325,325,325,325,325,325,325,325,325,325,325,325,325,325,325,325,325,325,325,325,325,
goal:325,325,325,325,325,325,325,325,325,325,325,325,325,325,325,325,325,325,325,325,325,325,325,325,325,325,325,325,325,325,325,325,325,325,325,325,325,325,325,325,325,325,325,325,
size:14
SolutionCost:615
