[setting] seed:53
[solver] type:ECBS
[solver] w:2.000000
[solver] ID:0
[solver] Lowlevelnode:6708
[solver] ConflictCount:14
[solver] solved:1
[solver] elapsed:36
[solver] makespan:39
[problem] timesteplimit:10000
[problem] type:MAPF
[problem] agentnum:30
[graph] width:35
[graph] height:21
[graph] filename:./map/warehouse_middle.map
[task] id:4,start:0,end:0,service time:0,nodes:132,
[task] id:9,start:0,end:0,service time:0,nodes:564,
[task] id:20,start:0,end:0,service time:0,nodes:101,
[task] id:22,start:0,end:0,service time:0,nodes:201,
[task] id:5,start:0,end:0,service time:0,nodes:417,
[task] id:29,start:0,end:0,service time:0,nodes:306,
[task] id:13,start:0,end:0,service time:0,nodes:419,
[task] id:19,start:0,end:0,service time:0,nodes:441,
[task] id:28,start:0,end:0,service time:0,nodes:193,
[task] id:6,start:0,end:0,service time:0,nodes:129,
[task] id:7,start:0,end:0,service time:0,nodes:48,
[task] id:11,start:0,end:0,service time:0,nodes:112,
[task] id:12,start:0,end:0,service time:0,nodes:29,
[task] id:23,start:0,end:0,service time:0,nodes:133,
[task] id:24,start:0,end:0,service time:0,nodes:698,
[task] id:17,start:0,end:0,service time:0,nodes:732,
[task] id:14,start:0,end:0,service time:0,nodes:694,
[task] id:21,start:0,end:0,service time:0,nodes:63,
[task] id:2,start:0,end:0,service time:0,nodes:292,
[task] id:26,start:0,end:0,service time:0,nodes:329,
[task] id:15,start:0,end:0,service time:0,nodes:303,
[task] id:16,start:0,end:0,service time:0,nodes:586,
[task] id:18,start:0,end:0,service time:0,nodes:477,
[task] id:25,start:0,end:0,service time:0,nodes:271,
[task] id:10,start:0,end:0,service time:0,nodes:486,
[task] id:0,start:0,end:0,service time:0,nodes:647,
[task] id:3,start:0,end:0,service time:0,nodes:274,
[task] id:27,start:0,end:0,service time:0,nodes:661,
[task] id:1,start:0,end:0,service time:0,nodes:207,
[task] id:8,start:0,end:0,service time:0,nodes:712,
[agent] id:0
path:51,52,87,122,157,192,192,193,193,192,191,192,227,262,297,332,367,332,331,332,333,333,332,367,402,437,472,507,542,577,612,647,647,647,647,647,647,647,647,647,
goal:647,647,647,647,647,647,647,647,647,647,647,647,647,647,647,647,647,647,647,647,647,647,647,647,647,647,647,647,647,647,647,647,647,647,647,647,647,647,647,647,
size:31
[agent] id:1
path:528,493,458,423,424,425,426,427,428,429,430,431,432,433,434,435,436,437,438,403,404,405,406,407,408,409,410,411,412,413,378,343,308,273,238,203,204,205,206,207,
goal:207,207,207,207,207,207,207,207,207,207,207,207,207,207,207,207,207,207,207,207,207,207,207,207,207,207,207,207,207,207,207,207,207,207,207,207,207,207,207,207,
size:39
[agent] id:2
path:49,48,13,12,11,46,45,44,43,42,41,76,111,146,181,216,251,286,287,288,289,290,291,292,292,292,292,292,292,292,292,292,292,292,292,292,292,292,292,292,
goal:292,292,292,292,292,292,292,292,292,292,292,292,292,292,292,292,292,292,292,292,292,292,292,292,292,292,292,292,292,292,292,292,292,292,292,292,292,292,292,292,
size:23
[agent] id:3
path:5,40,75,110,145,146,147,148,149,150,151,152,153,154,155,156,157,158,159,160,161,162,163,164,165,166,167,202,203,238,273,274,274,274,274,274,274,274,274,274,
goal:274,274,274,274,274,274,274,274,274,274,274,274,274,274,274,274,274,274,274,274,274,274,274,274,274,274,274,274,274,274,274,274,274,274,274,274,274,274,274,274,
size:31
[agent] id:4
path:63,98,133,132,132,132,132,132,132,132,132,132,132,132,132,132,132,132,132,132,132,132,132,132,132,132,132,132,132,132,132,132,132,132,132,132,132,132,132,132,
goal:132,132,132,132,132,132,132,132,132,132,132,132,132,132,132,132,132,132,132,132,132,132,132,132,132,132,132,132,132,132,132,132,132,132,132,132,132,132,132,132,
size:3
[agent] id:5
path:240,275,310,345,380,415,416,417,417,417,417,417,417,417,417,417,417,417,417,417,417,417,417,417,417,417,417,417,417,417,417,417,417,417,417,417,417,417,417,417,
goal:417,417,417,417,417,417,417,417,417,417,417,417,417,417,417,417,417,417,417,417,417,417,417,417,417,417,417,417,417,417,417,417,417,417,417,417,417,417,417,417,
size:7
[agent] id:6
path:186,151,116,117,118,119,120,121,122,123,124,125,126,127,128,129,129,129,129,129,129,129,129,129,129,129,129,129,129,129,129,129,129,129,129,129,129,129,129,129,
goal:129,129,129,129,129,129,129,129,129,129,129,129,129,129,129,129,129,129,129,129,129,129,129,129,129,129,129,129,129,129,129,129,129,129,129,129,129,129,129,129,
size:15
[agent] id:7
path:542,507,472,437,402,367,332,297,262,227,192,157,122,87,52,51,50,49,48,48,48,48,48,48,48,48,48,48,48,48,48,48,48,48,48,48,48,48,48,48,
goal:48,48,48,48,48,48,48,48,48,48,48,48,48,48,48,48,48,48,48,48,48,48,48,48,48,48,48,48,48,48,48,48,48,48,48,48,48,48,48,48,
size:18
[agent] id:8
path:163,164,165,166,167,168,203,238,273,308,307,342,343,378,413,448,483,518,553,588,623,658,693,728,727,726,725,724,723,722,721,720,719,718,717,716,715,714,713,712,
goal:712,712,712,712,712,712,712,712,712,712,712,712,712,712,712,712,712,712,712,712,712,712,712,712,712,712,712,712,712,712,712,712,712,712,712,712,712,712,712,712,
size:39
[agent] id:9
path:604,569,568,567,566,565,564,564,564,564,564,564,564,564,564,564,564,564,564,564,564,564,564,564,564,564,564,564,564,564,564,564,564,564,564,564,564,564,564,564,
goal:564,564,564,564,564,564,564,564,564,564,564,564,564,564,564,564,564,564,564,564,564,564,564,564,564,564,564,564,564,564,564,564,564,564,564,564,564,564,564,564,
size:6
[agent] id:10
path:253,288,323,324,325,326,327,328,329,330,331,332,367,402,437,438,473,474,475,476,477,478,479,480,481,482,483,484,485,486,486,486,486,486,486,486,486,486,486,486,
goal:486,486,486,486,486,486,486,486,486,486,486,486,486,486,486,486,486,486,486,486,486,486,486,486,486,486,486,486,486,486,486,486,486,486,486,486,486,486,486,486,
size:29
[agent] id:11
path:301,266,265,264,263,262,227,192,157,122,121,120,119,118,117,116,115,114,113,112,112,112,112,112,112,112,112,112,112,112,112,112,112,112,112,112,112,112,112,112,
goal:112,112,112,112,112,112,112,112,112,112,112,112,112,112,112,112,112,112,112,112,112,112,112,112,112,112,112,112,112,112,112,112,112,112,112,112,112,112,112,112,
size:19
[agent] id:12
path:117,118,119,120,121,122,87,52,17,18,19,20,21,22,23,24,25,26,27,28,29,29,29,29,29,29,29,29,29,29,29,29,29,29,29,29,29,29,29,29,
goal:29,29,29,29,29,29,29,29,29,29,29,29,29,29,29,29,29,29,29,29,29,29,29,29,29,29,29,29,29,29,29,29,29,29,29,29,29,29,29,29,
size:20
[agent] id:13
path:590,555,520,485,450,451,452,453,418,419,419,419,419,419,419,419,419,419,419,419,419,419,419,419,419,419,419,419,419,419,419,419,419,419,419,419,419,419,419,419,
goal:419,419,419,419,419,419,419,419,419,419,419,419,419,419,419,419,419,419,419,419,419,419,419,419,419,419,419,419,419,419,419,419,419,419,419,419,419,419,419,419,
size:9
[agent] id:14
path:162,163,164,165,166,167,202,203,238,273,308,309,344,379,414,449,484,519,554,589,624,659,694,694,694,694,694,694,694,694,694,694,694,694,694,694,694,694,694,694,
goal:694,694,694,694,694,694,694,694,694,694,694,694,694,694,694,694,694,694,694,694,694,694,694,694,694,694,694,694,694,694,694,694,694,694,694,694,694,694,694,694,
size:22
[agent] id:15
path:674,675,676,677,678,679,680,681,682,647,612,577,542,507,472,437,402,367,332,297,298,299,300,301,302,303,303,303,303,303,303,303,303,303,303,303,303,303,303,303,
goal:303,303,303,303,303,303,303,303,303,303,303,303,303,303,303,303,303,303,303,303,303,303,303,303,303,303,303,303,303,303,303,303,303,303,303,303,303,303,303,303,
size:25
[agent] id:16
path:54,55,56,57,58,59,60,61,62,63,98,133,168,203,238,273,308,343,378,413,448,483,518,553,588,587,586,586,586,586,586,586,586,586,586,586,586,586,586,586,
goal:586,586,586,586,586,586,586,586,586,586,586,586,586,586,586,586,586,586,586,586,586,586,586,586,586,586,586,586,586,586,586,586,586,586,586,586,586,586,586,586,
size:26
[agent] id:17
path:303,338,339,340,341,342,343,378,413,448,483,518,553,588,623,658,693,728,729,730,731,732,732,732,732,732,732,732,732,732,732,732,732,732,732,732,732,732,732,732,
goal:732,732,732,732,732,732,732,732,732,732,732,732,732,732,732,732,732,732,732,732,732,732,732,732,732,732,732,732,732,732,732,732,732,732,732,732,732,732,732,732,
size:21
[agent] id:18
path:22,57,58,59,60,61,62,63,98,133,168,203,238,239,274,309,344,379,414,449,449,448,447,446,445,480,479,478,477,477,477,477,477,477,477,477,477,477,477,477,
goal:477,477,477,477,477,477,477,477,477,477,477,477,477,477,477,477,477,477,477,477,477,477,477,477,477,477,477,477,477,477,477,477,477,477,477,477,477,477,477,477,
size:28
[agent] id:19
path:551,552,553,518,483,448,447,446,445,444,443,442,441,441,441,441,441,441,441,441,441,441,441,441,441,441,441,441,441,441,441,441,441,441,441,441,441,441,441,441,
goal:441,441,441,441,441,441,441,441,441,441,441,441,441,441,441,441,441,441,441,441,441,441,441,441,441,441,441,441,441,441,441,441,441,441,441,441,441,441,441,441,
size:12
[agent] id:20
path:311,276,241,206,171,136,101,101,101,101,101,101,101,101,101,101,101,101,101,101,101,101,101,101,101,101,101,101,101,101,101,101,101,101,101,101,101,101,101,101,
goal:101,101,101,101,101,101,101,101,101,101,101,101,101,101,101,101,101,101,101,101,101,101,101,101,101,101,101,101,101,101,101,101,101,101,101,101,101,101,101,101,
size:6
[agent] id:21
path:663,628,593,558,523,488,453,418,383,348,313,278,243,208,173,138,103,68,67,66,65,64,63,63,63,63,63,63,63,63,63,63,63,63,63,63,63,63,63,63,
goal:63,63,63,63,63,63,63,63,63,63,63,63,63,63,63,63,63,63,63,63,63,63,63,63,63,63,63,63,63,63,63,63,63,63,63,63,63,63,63,63,
size:22
[agent] id:22
path:307,272,273,238,203,202,201,201,201,201,201,201,201,201,201,201,201,201,201,201,201,201,201,201,201,201,201,201,201,201,201,201,201,201,201,201,201,201,201,201,
goal:201,201,201,201,201,201,201,201,201,201,201,201,201,201,201,201,201,201,201,201,201,201,201,201,201,201,201,201,201,201,201,201,201,201,201,201,201,201,201,201,
size:6
[agent] id:23
path:549,550,551,552,553,518,483,448,449,414,379,344,345,310,275,240,205,170,135,134,133,133,133,133,133,133,133,133,133,133,133,133,133,133,133,133,133,133,133,133,
goal:133,133,133,133,133,133,133,133,133,133,133,133,133,133,133,133,133,133,133,133,133,133,133,133,133,133,133,133,133,133,133,133,133,133,133,133,133,133,133,133,
size:20
[agent] id:24
path:576,611,612,647,682,683,684,685,686,687,688,689,690,691,692,693,694,695,696,697,698,698,698,698,698,698,698,698,698,698,698,698,698,698,698,698,698,698,698,698,
goal:698,698,698,698,698,698,698,698,698,698,698,698,698,698,698,698,698,698,698,698,698,698,698,698,698,698,698,698,698,698,698,698,698,698,698,698,698,698,698,698,
size:20
[agent] id:25
path:315,280,245,246,247,248,249,250,251,252,253,254,255,256,257,258,259,260,261,262,263,264,265,266,267,268,269,270,271,271,271,271,271,271,271,271,271,271,271,271,
goal:271,271,271,271,271,271,271,271,271,271,271,271,271,271,271,271,271,271,271,271,271,271,271,271,271,271,271,271,271,271,271,271,271,271,271,271,271,271,271,271,
size:28
[agent] id:26
path:622,587,552,553,518,483,448,413,412,411,410,409,408,407,406,405,404,403,402,367,332,331,330,329,329,329,329,329,329,329,329,329,329,329,329,329,329,329,329,329,
goal:329,329,329,329,329,329,329,329,329,329,329,329,329,329,329,329,329,329,329,329,329,329,329,329,329,329,329,329,329,329,329,329,329,329,329,329,329,329,329,329,
size:23
[agent] id:27
path:426,461,496,531,532,567,602,603,604,605,606,607,608,609,610,611,612,613,614,615,616,617,618,619,620,621,622,623,658,659,660,661,661,661,661,661,661,661,661,661,
goal:661,661,661,661,661,661,661,661,661,661,661,661,661,661,661,661,661,661,661,661,661,661,661,661,661,661,661,661,661,661,661,661,661,661,661,661,661,661,661,661,
size:31
[agent] id:28
path:9,44,45,46,47,48,49,50,51,52,87,122,123,158,193,193,193,193,193,193,193,193,193,193,193,193,193,193,193,193,193,193,193,193,193,193,193,193,193,193,
goal:193,193,193,193,193,193,193,193,193,193,193,193,193,193,193,193,193,193,193,193,193,193,193,193,193,193,193,193,193,193,193,193,193,193,193,193,193,193,193,193,
size:14
[agent] id:29
path:264,299,300,301,302,303,304,305,306,306,306,306,306,306,306,306,306,306,306,306,306,306,306,306,306,306,306,306,306,306,306,306,306,306,306,306,306,306,306,306,
goal:306,306,306,306,306,306,306,306,306,306,306,306,306,306,306,306,306,306,306,306,306,306,306,306,306,306,306,306,306,306,306,306,306,306,306,306,306,306,306,306,
size:8
SolutionCost:601
