[setting] seed:48
[solver] type:ECBS
[solver] w:2.000000
[solver] ID:0
[solver] Lowlevelnode:4906
[solver] ConflictCount:11
[solver] solved:1
[solver] elapsed:32
[solver] makespan:32
[problem] timesteplimit:10000
[problem] type:MAPF
[problem] agentnum:30
[graph] width:35
[graph] height:21
[graph] filename:./map/warehouse_middle.map
[task] id:27,start:0,end:0,service time:0,nodes:565,
[task] id:15,start:0,end:0,service time:0,nodes:328,
[task] id:6,start:0,end:0,service time:0,nodes:314,
[task] id:7,start:0,end:0,service time:0,nodes:75,
[task] id:16,start:0,end:0,service time:0,nodes:253,
[task] id:14,start:0,end:0,service time:0,nodes:531,
[task] id:22,start:0,end:0,service time:0,nodes:335,
[task] id:1,start:0,end:0,service time:0,nodes:415,
[task] id:3,start:0,end:0,service time:0,nodes:299,
[task] id:23,start:0,end:0,service time:0,nodes:208,
[task] id:28,start:0,end:0,service time:0,nodes:18,
[task] id:5,start:0,end:0,service time:0,nodes:289,
[task] id:4,start:0,end:0,service time:0,nodes:675,
[task] id:21,start:0,end:0,service time:0,nodes:616,
[task] id:25,start:0,end:0,service time:0,nodes:708,
[task] id:2,start:0,end:0,service time:0,nodes:592,
[task] id:10,start:0,end:0,service time:0,nodes:593,
[task] id:18,start:0,end:0,service time:0,nodes:579,
[task] id:24,start:0,end:0,service time:0,nodes:521,
[task] id:19,start:0,end:0,service time:0,nodes:468,
[task] id:0,start:0,end:0,service time:0,nodes:685,
[task] id:17,start:0,end:0,service time:0,nodes:714,
[task] id:11,start:0,end:0,service time:0,nodes:216,
[task] id:20,start:0,end:0,service time:0,nodes:341,
[task] id:9,start:0,end:0,service time:0,nodes:49,
[task] id:13,start:0,end:0,service time:0,nodes:3,
[task] id:26,start:0,end:0,service time:0,nodes:721,
[task] id:8,start:0,end:0,service time:0,nodes:59,
[task] id:12,start:0,end:0,service time:0,nodes:706,
[task] id:29,start:0,end:0,service time:0,nodes:669,
[agent] id:0
path:346,381,416,451,486,521,556,591,626,661,696,695,694,693,692,691,690,689,688,687,686,685,685,685,685,685,685,685,685,685,685,685,685,
goal:685,685,685,685,685,685,685,685,685,685,685,685,685,685,685,685,685,685,685,685,685,685,685,685,685,685,685,685,685,685,685,685,685,
size:21
[agent] id:1
path:548,549,550,551,552,553,518,483,448,413,414,415,415,415,415,415,415,415,415,415,415,415,415,415,415,415,415,415,415,415,415,415,415,
goal:415,415,415,415,415,415,415,415,415,415,415,415,415,415,415,415,415,415,415,415,415,415,415,415,415,415,415,415,415,415,415,415,415,
size:11
[agent] id:2
path:342,307,307,342,343,378,413,448,449,484,519,554,589,590,590,591,592,592,592,592,592,592,592,592,592,592,592,592,592,592,592,592,592,
goal:592,592,592,592,592,592,592,592,592,592,592,592,592,592,592,592,592,592,592,592,592,592,592,592,592,592,592,592,592,592,592,592,592,
size:16
[agent] id:3
path:238,273,308,307,306,305,304,303,302,301,300,299,299,299,299,299,299,299,299,299,299,299,299,299,299,299,299,299,299,299,299,299,299,
goal:299,299,299,299,299,299,299,299,299,299,299,299,299,299,299,299,299,299,299,299,299,299,299,299,299,299,299,299,299,299,299,299,299,
size:11
[agent] id:4
path:560,595,630,665,666,667,668,669,670,671,672,673,674,675,675,675,675,675,675,675,675,675,675,675,675,675,675,675,675,675,675,675,675,
goal:675,675,675,675,675,675,675,675,675,675,675,675,675,675,675,675,675,675,675,675,675,675,675,675,675,675,675,675,675,675,675,675,675,
size:13
[agent] id:5
path:157,192,227,262,297,296,295,294,293,292,291,290,289,289,289,289,289,289,289,289,289,289,289,289,289,289,289,289,289,289,289,289,289,
goal:289,289,289,289,289,289,289,289,289,289,289,289,289,289,289,289,289,289,289,289,289,289,289,289,289,289,289,289,289,289,289,289,289,
size:12
[agent] id:6
path:240,275,310,311,312,313,314,314,314,314,314,314,314,314,314,314,314,314,314,314,314,314,314,314,314,314,314,314,314,314,314,314,314,
goal:314,314,314,314,314,314,314,314,314,314,314,314,314,314,314,314,314,314,314,314,314,314,314,314,314,314,314,314,314,314,314,314,314,
size:6
[agent] id:7
path:249,214,179,144,109,74,75,75,75,75,75,75,75,75,75,75,75,75,75,75,75,75,75,75,75,75,75,75,75,75,75,75,75,
goal:75,75,75,75,75,75,75,75,75,75,75,75,75,75,75,75,75,75,75,75,75,75,75,75,75,75,75,75,75,75,75,75,75,
size:6
[agent] id:8
path:425,390,355,320,285,250,215,180,145,110,111,76,41,42,43,44,45,46,47,48,49,50,51,52,53,54,55,56,57,58,59,59,59,
goal:59,59,59,59,59,59,59,59,59,59,59,59,59,59,59,59,59,59,59,59,59,59,59,59,59,59,59,59,59,59,59,59,59,
size:30
[agent] id:9
path:420,385,350,315,280,245,210,175,140,105,70,35,36,37,38,39,40,41,42,43,44,45,46,47,48,49,49,49,49,49,49,49,49,
goal:49,49,49,49,49,49,49,49,49,49,49,49,49,49,49,49,49,49,49,49,49,49,49,49,49,49,49,49,49,49,49,49,49,
size:25
[agent] id:10
path:101,136,171,206,241,276,311,346,381,416,451,486,521,556,591,592,593,593,593,593,593,593,593,593,593,593,593,593,593,593,593,593,593,
goal:593,593,593,593,593,593,593,593,593,593,593,593,593,593,593,593,593,593,593,593,593,593,593,593,593,593,593,593,593,593,593,593,593,
size:16
[agent] id:11
path:408,407,406,405,404,403,402,401,400,399,398,397,396,395,394,393,392,391,356,321,286,251,216,216,216,216,216,216,216,216,216,216,216,
goal:216,216,216,216,216,216,216,216,216,216,216,216,216,216,216,216,216,216,216,216,216,216,216,216,216,216,216,216,216,216,216,216,216,
size:22
[agent] id:12
path:485,520,555,590,589,588,587,586,585,584,583,582,581,580,615,614,613,613,612,611,610,609,608,607,606,605,604,603,602,601,636,671,706,
goal:706,706,706,706,706,706,706,706,706,706,706,706,706,706,706,706,706,706,706,706,706,706,706,706,706,706,706,706,706,706,706,706,706,
size:32
[agent] id:13
path:607,606,605,604,603,602,601,600,599,564,529,494,459,424,389,354,319,284,249,214,179,144,109,74,39,4,3,3,3,3,3,3,3,
goal:3,3,3,3,3,3,3,3,3,3,3,3,3,3,3,3,3,3,3,3,3,3,3,3,3,3,3,3,3,3,3,3,3,
size:26
[agent] id:14
path:421,456,491,526,527,528,529,530,531,531,531,531,531,531,531,531,531,531,531,531,531,531,531,531,531,531,531,531,531,531,531,531,531,
goal:531,531,531,531,531,531,531,531,531,531,531,531,531,531,531,531,531,531,531,531,531,531,531,531,531,531,531,531,531,531,531,531,531,
size:8
[agent] id:15
path:297,332,331,330,329,328,328,328,328,328,328,328,328,328,328,328,328,328,328,328,328,328,328,328,328,328,328,328,328,328,328,328,328,
goal:328,328,328,328,328,328,328,328,328,328,328,328,328,328,328,328,328,328,328,328,328,328,328,328,328,328,328,328,328,328,328,328,328,
size:5
[agent] id:16
path:319,284,249,250,251,252,253,253,253,253,253,253,253,253,253,253,253,253,253,253,253,253,253,253,253,253,253,253,253,253,253,253,253,
goal:253,253,253,253,253,253,253,253,253,253,253,253,253,253,253,253,253,253,253,253,253,253,253,253,253,253,253,253,253,253,253,253,253,
size:6
[agent] id:17
path:483,518,553,588,623,658,693,728,727,726,725,724,723,722,721,720,719,718,717,716,715,714,714,714,714,714,714,714,714,714,714,714,714,
goal:714,714,714,714,714,714,714,714,714,714,714,714,714,714,714,714,714,714,714,714,714,714,714,714,714,714,714,714,714,714,714,714,714,
size:21
[agent] id:18
path:599,600,601,566,567,568,569,570,571,572,573,574,575,576,577,578,579,579,579,579,579,579,579,579,579,579,579,579,579,579,579,579,579,
goal:579,579,579,579,579,579,579,579,579,579,579,579,579,579,579,579,579,579,579,579,579,579,579,579,579,579,579,579,579,579,579,579,579,
size:16
[agent] id:19
path:162,197,196,195,194,193,192,227,262,297,332,367,402,437,472,471,470,469,468,468,468,468,468,468,468,468,468,468,468,468,468,468,468,
goal:468,468,468,468,468,468,468,468,468,468,468,468,468,468,468,468,468,468,468,468,468,468,468,468,468,468,468,468,468,468,468,468,468,
size:18
[agent] id:20
path:113,148,183,184,185,186,187,188,189,190,191,192,227,262,263,264,265,300,301,336,337,338,339,340,341,341,341,341,341,341,341,341,341,
goal:341,341,341,341,341,341,341,341,341,341,341,341,341,341,341,341,341,341,341,341,341,341,341,341,341,341,341,341,341,341,341,341,341,
size:24
[agent] id:21
path:689,688,687,686,685,684,683,682,647,612,613,614,615,616,616,616,616,616,616,616,616,616,616,616,616,616,616,616,616,616,616,616,616,
goal:616,616,616,616,616,616,616,616,616,616,616,616,616,616,616,616,616,616,616,616,616,616,616,616,616,616,616,616,616,616,616,616,616,
size:13
[agent] id:22
path:343,342,341,340,339,338,337,336,335,335,335,335,335,335,335,335,335,335,335,335,335,335,335,335,335,335,335,335,335,335,335,335,335,
goal:335,335,335,335,335,335,335,335,335,335,335,335,335,335,335,335,335,335,335,335,335,335,335,335,335,335,335,335,335,335,335,335,335,
size:8
[agent] id:23
path:413,378,343,308,273,238,203,204,205,206,207,208,208,208,208,208,208,208,208,208,208,208,208,208,208,208,208,208,208,208,208,208,208,
goal:208,208,208,208,208,208,208,208,208,208,208,208,208,208,208,208,208,208,208,208,208,208,208,208,208,208,208,208,208,208,208,208,208,
size:11
[agent] id:24
path:301,302,303,304,305,340,341,342,343,378,413,448,483,518,519,520,521,521,521,521,521,521,521,521,521,521,521,521,521,521,521,521,521,
goal:521,521,521,521,521,521,521,521,521,521,521,521,521,521,521,521,521,521,521,521,521,521,521,521,521,521,521,521,521,521,521,521,521,
size:16
[agent] id:25
path:541,576,611,612,647,682,717,716,715,714,713,712,711,710,709,708,708,708,708,708,708,708,708,708,708,708,708,708,708,708,708,708,708,
goal:708,708,708,708,708,708,708,708,708,708,708,708,708,708,708,708,708,708,708,708,708,708,708,708,708,708,708,708,708,708,708,708,708,
size:15
[agent] id:26
path:252,253,254,255,256,257,258,259,260,295,330,331,332,367,402,437,472,507,542,577,612,647,682,717,718,719,720,721,721,721,721,721,721,
goal:721,721,721,721,721,721,721,721,721,721,721,721,721,721,721,721,721,721,721,721,721,721,721,721,721,721,721,721,721,721,721,721,721,
size:27
[agent] id:27
path:564,565,565,565,565,565,565,565,565,565,565,565,565,565,565,565,565,565,565,565,565,565,565,565,565,565,565,565,565,565,565,565,565,
goal:565,565,565,565,565,565,565,565,565,565,565,565,565,565,565,565,565,565,565,565,565,565,565,565,565,565,565,565,565,565,565,565,565,
size:1
[agent] id:28
path:115,116,117,118,119,120,121,122,87,52,17,18,18,18,18,18,18,18,18,18,18,18,18,18,18,18,18,18,18,18,18,18,18,
goal:18,18,18,18,18,18,18,18,18,18,18,18,18,18,18,18,18,18,18,18,18,18,18,18,18,18,18,18,18,18,18,18,18,
size:11
[agent] id:29
path:197,196,195,194,193,192,227,262,297,332,367,402,437,472,507,542,577,612,611,610,609,608,607,606,605,604,603,602,601,636,671,670,669,
goal:669,669,669,669,669,669,669,669,669,669,669,669,669,669,669,669,669,669,669,669,669,669,669,669,669,669,669,669,669,669,669,669,669,
size:32
SolutionCost:479
