9 9 9
1.25 7009.78 3163.16 11864.3 8534.73 9062.78 3324.09
10 10 10
1.75 12567.3 5596.3 10360.4 8678.04 6652.9 2720.55
10 10 10
2.25 16743.5 10159 11994.1 11295.3 9369.6 5034.33
10 10 10
2.75 21228.1 15036.3 10497.2 6374.08 11861.7 7437.57
10 10 10
3.25 26163.5 20762.7 11410.4 7630.74 16685.1 11423.6
10 10 10
3.75 34970.5 28394.9 15679.8 11208.9 20025.6 13752.7
10 10 10
4.25 44823.4 35981 20783 15804.7 22123.1 17121.3
9 9 9
4.75 36511.7 33442.7 25425 25181 17468 15309.7
8 8 8
5.25 29514 32695.5 23006.4 25091 13750.2 15147.3
8 8 8
5.75 29847.1 38964.7 28265.2 32219.4 15584.8 18116.9